hunter,tick,x,y,mode
10, 0, 99.9872768820298, 99.9872768820298, 'SEARCH'
10, 1, 99.9872768820298, 99.9872768820298, 'SEARCH'
10, 2, 99.9872768820298, 99.9872768820298, 'SEARCH'
10, 3, 99.9872768820298, 99.9872768820298, 'SEARCH'
10, 4, 99.9872768820298, 99.9872768820298, 'SEARCH'
10, 5, 99.9872768820298, 99.9872768820298, 'SEARCH'
10, 6, 99.9872768820298, 99.9872768820298, 'SEARCH'
10, 7, 99.9872768820298, 99.9872768820298, 'SEARCH'
10, 8, 99.9872768820298, 99.9872768820298, 'SEARCH'
10, 9, 99.9872768820298, 99.9872768820298, 'SEARCH'
10, 10, 99.9872768820298, 99.9872768820298, 'SEARCH'
10, 11, 99.9872768820298, 99.9872768820298, 'SEARCH'
10, 12, 99.9872768820298, 99.9872768820298, 'SEARCH'
10, 13, 99.9872768820298, 99.9872768820298, 'SEARCH'
10, 14, 99.9872768820298, 99.9872768820298, 'SEARCH'
10, 15, 99.9872768820298, 99.9872768820298, 'SEARCH'
10, 16, 99.9872768820298, 99.9872768820298, 'SEARCH'
10, 17, 99.9872768820298, 99.9872768820298, 'SEARCH'
10, 18, 99.9872768820298, 99.9872768820298, 'SEARCH'
10, 19, 99.9872768820298, 99.9872768820298, 'SEARCH'
10, 20, 99.9872768820298, 99.9872768820298, 'SEARCH'
10, 21, 99.9872768820298, 99.9872768820298, 'SEARCH'
10, 22, 99.9872768820298, 99.9872768820298, 'SEARCH'
10, 23, 99.9872768820298, 99.9872768820298, 'SEARCH'
10, 24, 99.9872768820298, 99.9872768820298, 'SEARCH'
10, 25, 99.9872768820298, 99.9872768820298, 'SEARCH'
10, 26, 99.9872768820298, 99.9872768820298, 'SEARCH'
10, 27, 99.9872768820298, 99.9872768820298, 'SEARCH'
10, 28, 99.9872768820298, 99.9872768820298, 'SEARCH'
10, 29, 99.9872768820298, 99.9872768820298, 'SEARCH'
10, 30, 99.9872768820298, 99.9872768820298, 'SEARCH'
10, 31, 99.9872768820298, 99.9872768820298, 'SEARCH'
10, 32, 99.9872768820298, 99.9872768820298, 'SEARCH'
10, 33, 99.9872768820298, 99.9872768820298, 'SEARCH'
10, 34, 99.9872768820298, 99.9872768820298, 'SEARCH'
10, 35, 99.9872768820298, 99.9872768820298, 'SEARCH'
10, 36, 99.9872768820298, 99.9872768820298, 'SEARCH'
10, 37, 99.9872768820298, 99.9872768820298, 'SEARCH'
10, 38, 99.9872768820298, 99.9872768820298, 'SEARCH'
10, 39, 99.9872768820298, 99.9872768820298, 'SEARCH'
10, 40, 99.9872768820298, 99.9872768820298, 'SEARCH'
10, 41, 99.9872768820298, 99.9872768820298, 'SEARCH'
10, 42, 99.9872768820298, 99.9872768820298, 'SEARCH'
10, 43, 99.9872768820298, 99.9872768820298, 'SEARCH'
10, 44, 99.9872768820298, 99.9872768820298, 'SEARCH'
10, 45, 99.9872768820298, 99.9872768820298, 'SEARCH'
10, 46, 99.9872768820298, 99.9872768820298, 'SEARCH'
10, 47, 99.9872768820298, 99.9872768820298, 'SEARCH'
10, 48, 99.9872768820298, 99.9872768820298, 'SEARCH'
10, 49, 99.9872768820298, 99.9872768820298, 'SEARCH'
10, 50, 99.9872768820298, 99.9872768820298, 'SEARCH'
10, 51, 99.9872768820298, 99.9872768820298, 'SEARCH'
10, 52, 99.9872768820298, 99.9872768820298, 'SEARCH'
10, 53, 99.9872768820298, 99.9872768820298, 'SEARCH'
10, 54, 99.9872768820298, 99.9872768820298, 'SEARCH'
10, 55, 99.9872768820298, 99.9872768820298, 'SEARCH'
10, 56, 99.9872768820298, 99.9872768820298, 'SEARCH'
10, 57, 99.9872768820298, 99.9872768820298, 'SEARCH'
10, 58, 99.9872768820298, 99.9872768820298, 'SEARCH'
10, 59, 99.9872768820298, 99.9872768820298, 'SEARCH'
10, 60, 99.9872768820298, 99.9872768820298, 'SEARCH'
10, 61, 99.9872768820298, 99.9872768820298, 'SEARCH'
10, 62, 99.9872768820298, 99.9872768820298, 'SEARCH'
10, 63, 99.9872768820298, 99.9872768820298, 'SEARCH'
10, 64, 99.9872768820298, 99.9872768820298, 'SEARCH'
10, 65, 99.9872768820298, 99.9872768820298, 'SEARCH'
10, 66, 99.9872768820298, 99.9872768820298, 'SEARCH'
10, 67, 99.9872768820298, 99.9872768820298, 'SEARCH'
10, 68, 99.9872768820298, 99.9872768820298, 'SEARCH'
10, 69, 99.9872768820298, 99.9872768820298, 'SEARCH'
10, 70, 99.9872768820298, 99.9872768820298, 'SEARCH'
10, 71, 99.9872768820298, 99.9872768820298, 'SEARCH'
10, 72, 99.9872768820298, 99.9872768820298, 'SEARCH'
10, 73, 99.9872768820298, 99.9872768820298, 'SEARCH'
10, 74, 99.9872768820298, 99.9872768820298, 'SEARCH'
10, 75, 99.9872768820298, 99.9872768820298, 'SEARCH'
10, 76, 99.9872768820298, 99.9872768820298, 'SEARCH'
10, 77, 99.9872768820298, 99.9872768820298, 'SEARCH'
10, 78, 99.9872768820298, 99.9872768820298, 'SEARCH'
10, 79, 99.9872768820298, 99.9872768820298, 'SEARCH'
10, 80, 99.9872768820298, 99.9872768820298, 'SEARCH'
10, 81, 99.9872768820298, 99.9872768820298, 'SEARCH'
10, 82, 99.9872768820298, 99.9872768820298, 'SEARCH'
10, 83, 99.9872768820298, 99.9872768820298, 'SEARCH'
10, 84, 99.9872768820298, 99.9872768820298, 'SEARCH'
10, 85, 99.9872768820298, 99.9872768820298, 'SEARCH'
10, 86, 99.9872768820298, 99.9872768820298, 'SEARCH'
10, 87, 99.9872768820298, 99.9872768820298, 'SEARCH'
10, 88, 99.9872768820298, 99.9872768820298, 'SEARCH'
10, 89, 99.9872768820298, 99.9872768820298, 'SEARCH'
10, 90, 99.9872768820298, 99.9872768820298, 'SEARCH'
10, 91, 99.9872768820298, 99.9872768820298, 'SEARCH'
10, 92, 99.9872768820298, 99.9872768820298, 'SEARCH'
10, 93, 99.9872768820298, 99.9872768820298, 'SEARCH'
10, 94, 99.9872768820298, 99.9872768820298, 'SEARCH'
10, 95, 99.9872768820298, 99.9872768820298, 'SEARCH'
10, 96, 99.9872768820298, 99.9872768820298, 'SEARCH'
10, 97, 99.9872768820298, 99.9872768820298, 'SEARCH'
10, 98, 99.9872768820298, 99.9872768820298, 'SEARCH'
10, 99, 99.9872768820298, 99.9872768820298, 'SEARCH'
10, 100, 99.9872768820298, 99.9872768820298, 'SEARCH'
10, 101, 99.9872768820298, 99.9872768820298, 'SEARCH'
10, 102, 99.9872768820298, 99.9872768820298, 'SEARCH'
10, 103, 99.9872768820298, 99.9872768820298, 'SEARCH'
10, 104, 99.9872768820298, 99.9872768820298, 'SEARCH'
10, 105, 99.9872768820298, 99.9872768820298, 'SEARCH'
10, 106, 99.9872768820298, 99.9872768820298, 'SEARCH'
10, 107, 99.9872768820298, 99.9872768820298, 'SEARCH'
10, 108, 99.9872768820298, 99.9872768820298, 'SEARCH'
10, 109, 99.9872768820298, 99.9872768820298, 'SEARCH'
10, 110, 99.9872768820298, 99.9872768820298, 'SEARCH'
10, 111, 99.9872768820298, 99.9872768820298, 'SEARCH'
10, 112, 99.9872768820298, 99.9872768820298, 'SEARCH'
10, 113, 99.9872768820298, 99.9872768820298, 'SEARCH'
10, 114, 99.9872768820298, 99.9872768820298, 'SEARCH'
10, 115, 99.9872768820298, 99.9872768820298, 'SEARCH'
10, 116, 99.9872768820298, 99.9872768820298, 'SEARCH'
10, 117, 99.9872768820298, 99.9872768820298, 'SEARCH'
10, 118, 99.9872768820298, 99.9872768820298, 'SEARCH'
10, 119, 99.9872768820298, 99.9872768820298, 'SEARCH'
10, 120, 99.9872768820298, 99.9872768820298, 'SEARCH'
10, 121, 99.9872768820298, 99.9872768820298, 'SEARCH'
10, 122, 99.9872768820298, 99.9872768820298, 'SEARCH'
10, 123, 99.9872768820298, 99.9872768820298, 'SEARCH'
10, 124, 99.9872768820298, 99.9872768820298, 'SEARCH'
10, 125, 99.9872768820298, 99.9872768820298, 'SEARCH'
10, 126, 99.9872768820298, 99.9872768820298, 'SEARCH'
10, 127, 99.9872768820298, 99.9872768820298, 'SEARCH'
10, 128, 99.9872768820298, 99.9872768820298, 'SEARCH'
10, 129, 99.9872768820298, 99.9872768820298, 'SEARCH'
10, 130, 99.9872768820298, 99.9872768820298, 'SEARCH'
10, 131, 99.9872768820298, 99.9872768820298, 'SEARCH'
10, 132, 99.9872768820298, 99.9872768820298, 'SEARCH'
10, 133, 99.9872768820298, 99.9872768820298, 'SEARCH'
10, 134, 99.9872768820298, 99.9872768820298, 'SEARCH'
10, 135, 99.9872768820298, 99.9872768820298, 'SEARCH'
10, 136, 99.9872768820298, 99.9872768820298, 'SEARCH'
10, 137, 99.9872768820298, 99.9872768820298, 'SEARCH'
10, 138, 99.9872768820298, 99.9872768820298, 'SEARCH'
10, 139, 99.9872768820298, 99.9872768820298, 'SEARCH'
10, 140, 99.9872768820298, 99.9872768820298, 'SEARCH'
10, 141, 99.9872768820298, 99.9872768820298, 'SEARCH'
10, 142, 99.9872768820298, 99.9872768820298, 'SEARCH'
10, 143, 99.9872768820298, 99.9872768820298, 'SEARCH'
10, 144, 99.9872768820298, 99.9872768820298, 'SEARCH'
10, 145, 99.9872768820298, 99.9872768820298, 'SEARCH'
10, 146, 99.9872768820298, 99.9872768820298, 'SEARCH'
10, 147, 99.9872768820298, 99.9872768820298, 'SEARCH'
10, 148, 99.9872768820298, 99.9872768820298, 'SEARCH'
10, 149, 99.9872768820298, 99.9872768820298, 'SEARCH'
10, 150, 99.9872768820298, 99.9872768820298, 'SEARCH'
10, 151, 99.9872768820298, 99.9872768820298, 'SEARCH'
10, 152, 99.9872768820298, 99.9872768820298, 'SEARCH'
10, 153, 99.9872768820298, 99.9872768820298, 'SEARCH'
10, 154, 99.9872768820298, 99.9872768820298, 'SEARCH'
10, 155, 99.9872768820298, 99.9872768820298, 'SEARCH'
10, 156, 99.9872768820298, 99.9872768820298, 'SEARCH'
10, 157, 99.9872768820298, 99.9872768820298, 'SEARCH'
10, 158, 99.9872768820298, 99.9872768820298, 'SEARCH'
10, 159, 99.9872768820298, 99.9872768820298, 'SEARCH'
10, 160, 99.9872768820298, 99.9872768820298, 'SEARCH'
10, 161, 99.9872768820298, 99.9872768820298, 'SEARCH'
10, 162, 99.9872768820298, 99.9872768820298, 'SEARCH'
10, 163, 99.9872768820298, 99.9872768820298, 'SEARCH'
10, 164, 99.9872768820298, 99.9872768820298, 'SEARCH'
10, 165, 99.9872768820298, 99.9872768820298, 'SEARCH'
10, 166, 99.9872768820298, 99.9872768820298, 'SEARCH'
10, 167, 99.9872768820298, 99.9872768820298, 'SEARCH'
10, 168, 99.9872768820298, 99.9872768820298, 'SEARCH'
10, 169, 99.9872768820298, 99.9872768820298, 'SEARCH'
10, 170, 99.9872768820298, 99.9872768820298, 'SEARCH'
10, 171, 99.9872768820298, 99.9872768820298, 'SEARCH'
10, 172, 99.9872768820298, 99.9872768820298, 'SEARCH'
10, 173, 99.9872768820298, 99.9872768820298, 'SEARCH'
10, 174, 99.9872768820298, 99.9872768820298, 'SEARCH'
10, 175, 99.9872768820298, 99.9872768820298, 'SEARCH'
10, 176, 99.9872768820298, 99.9872768820298, 'SEARCH'
10, 177, 99.9872768820298, 99.9872768820298, 'SEARCH'
10, 178, 99.9872768820298, 99.9872768820298, 'SEARCH'
10, 179, 99.9872768820298, 99.9872768820298, 'SEARCH'
10, 180, 99.9872768820298, 99.9872768820298, 'SEARCH'
10, 181, 99.9872768820298, 99.9872768820298, 'SEARCH'
10, 182, 99.9872768820298, 99.9872768820298, 'SEARCH'
10, 183, 99.9872768820298, 99.9872768820298, 'SEARCH'
10, 184, 99.9872768820298, 99.9872768820298, 'SEARCH'
10, 185, 99.9872768820298, 99.9872768820298, 'SEARCH'
10, 186, 99.9872768820298, 99.9872768820298, 'SEARCH'
10, 187, 99.9872768820298, 99.9872768820298, 'SEARCH'
10, 188, 99.9872768820298, 99.9872768820298, 'SEARCH'
10, 189, 99.9872768820298, 99.9872768820298, 'SEARCH'
10, 190, 99.9872768820298, 99.9872768820298, 'SEARCH'
10, 191, 99.9872768820298, 99.9872768820298, 'SEARCH'
10, 192, 99.9872768820298, 99.9872768820298, 'SEARCH'
10, 193, 99.9872768820298, 99.9872768820298, 'SEARCH'
10, 194, 99.9872768820298, 99.9872768820298, 'SEARCH'
10, 195, 99.9872768820298, 99.9872768820298, 'SEARCH'
10, 196, 99.9872768820298, 99.9872768820298, 'SEARCH'
10, 197, 99.9872768820298, 99.9872768820298, 'SEARCH'
10, 198, 99.9872768820298, 99.9872768820298, 'SEARCH'
10, 199, 99.9872768820298, 99.9872768820298, 'SEARCH'
10, 200, 99.9872768820298, 99.9872768820298, 'SEARCH'
10, 201, 99.9872768820298, 99.9872768820298, 'SEARCH'
10, 202, 99.9872768820298, 99.9872768820298, 'SEARCH'
10, 203, 99.9872768820298, 99.9872768820298, 'SEARCH'
10, 204, 99.9872768820298, 99.9872768820298, 'SEARCH'
10, 205, 99.9872768820298, 99.9872768820298, 'SEARCH'
10, 206, 99.9872768820298, 99.9872768820298, 'SEARCH'
10, 207, 99.9872768820298, 99.9872768820298, 'SEARCH'
10, 208, 99.9872768820298, 99.9872768820298, 'SEARCH'
10, 209, 99.9872768820298, 99.9872768820298, 'SEARCH'
10, 210, 99.9872768820298, 99.9872768820298, 'SEARCH'
10, 211, 99.9872768820298, 99.9872768820298, 'SEARCH'
10, 212, 99.9872768820298, 99.9872768820298, 'SEARCH'
10, 213, 99.9872768820298, 99.9872768820298, 'SEARCH'
10, 214, 99.9872768820298, 99.9872768820298, 'SEARCH'
10, 215, 99.9872768820298, 99.9872768820298, 'SEARCH'
10, 216, 99.9872768820298, 99.9872768820298, 'SEARCH'
10, 217, 99.9872768820298, 99.9872768820298, 'SEARCH'
10, 218, 99.9872768820298, 99.9872768820298, 'SEARCH'
10, 219, 99.9872768820298, 99.9872768820298, 'SEARCH'
10, 220, 99.9872768820298, 99.9872768820298, 'SEARCH'
10, 221, 99.9872768820298, 99.9872768820298, 'SEARCH'
10, 222, 99.9872768820298, 99.9872768820298, 'SEARCH'
10, 223, 99.9872768820298, 99.9872768820298, 'SEARCH'
10, 224, 99.9872768820298, 99.9872768820298, 'SEARCH'
10, 225, 99.9872768820298, 99.9872768820298, 'SEARCH'
10, 226, 99.9872768820298, 99.9872768820298, 'SEARCH'
10, 227, 99.9872768820298, 99.9872768820298, 'SEARCH'
10, 228, 99.9872768820298, 99.9872768820298, 'SEARCH'
10, 229, 99.9872768820298, 99.9872768820298, 'SEARCH'
10, 230, 99.9872768820298, 99.9872768820298, 'SEARCH'
10, 231, 99.9872768820298, 99.9872768820298, 'SEARCH'
10, 232, 99.9872768820298, 99.9872768820298, 'SEARCH'
10, 233, 99.9872768820298, 99.9872768820298, 'SEARCH'
10, 234, 99.9872768820298, 99.9872768820298, 'SEARCH'
10, 235, 99.9872768820298, 99.9872768820298, 'SEARCH'
10, 236, 99.9872768820298, 99.9872768820298, 'SEARCH'
10, 237, 99.9872768820298, 99.9872768820298, 'SEARCH'
10, 238, 99.9872768820298, 99.9872768820298, 'SEARCH'
10, 239, 99.9872768820298, 99.9872768820298, 'SEARCH'
10, 240, 99.9872768820298, 99.9872768820298, 'SEARCH'
10, 241, 99.9872768820298, 99.9872768820298, 'SEARCH'
10, 242, 99.9872768820298, 99.9872768820298, 'SEARCH'
10, 243, 99.9872768820298, 99.9872768820298, 'SEARCH'
10, 244, 99.9872768820298, 99.9872768820298, 'SEARCH'
10, 245, 99.9872768820298, 99.9872768820298, 'SEARCH'
10, 246, 99.9872768820298, 99.9872768820298, 'SEARCH'
10, 247, 99.9872768820298, 99.9872768820298, 'SEARCH'
10, 248, 99.9872768820298, 99.9872768820298, 'SEARCH'
10, 249, 99.9872768820298, 99.9872768820298, 'SEARCH'
10, 250, 99.9872768820298, 99.9872768820298, 'SEARCH'
10, 251, 99.9872768820298, 99.9872768820298, 'SEARCH'
10, 252, 99.9872768820298, 99.9872768820298, 'SEARCH'
10, 253, 99.9872768820298, 99.9872768820298, 'SEARCH'
10, 254, 99.9872768820298, 99.9872768820298, 'SEARCH'
10, 255, 99.9872768820298, 99.9872768820298, 'SEARCH'
10, 256, 99.9872768820298, 99.9872768820298, 'SEARCH'
10, 257, 99.9872768820298, 99.9872768820298, 'SEARCH'
10, 258, 99.9872768820298, 99.9872768820298, 'SEARCH'
10, 259, 99.9872768820298, 99.9872768820298, 'SEARCH'
10, 260, 99.9872768820298, 99.9872768820298, 'SEARCH'
10, 261, 99.9872768820298, 99.9872768820298, 'SEARCH'
10, 262, 99.9872768820298, 99.9872768820298, 'SEARCH'
10, 263, 99.9872768820298, 99.9872768820298, 'SEARCH'
10, 264, 99.9872768820298, 99.9872768820298, 'SEARCH'
10, 265, 99.9872768820298, 99.9872768820298, 'SEARCH'
10, 266, 99.9872768820298, 99.9872768820298, 'SEARCH'
10, 267, 99.9872768820298, 99.9872768820298, 'SEARCH'
10, 268, 99.9872768820298, 99.9872768820298, 'SEARCH'
10, 269, 99.9872768820298, 99.9872768820298, 'SEARCH'
10, 270, 99.9872768820298, 99.9872768820298, 'SEARCH'
10, 271, 99.9872768820298, 99.9872768820298, 'SEARCH'
10, 272, 99.9872768820298, 99.9872768820298, 'SEARCH'
10, 273, 99.9872768820298, 99.9872768820298, 'SEARCH'
10, 274, 99.9872768820298, 99.9872768820298, 'SEARCH'
10, 275, 99.9872768820298, 99.9872768820298, 'SEARCH'
10, 276, 99.9872768820298, 99.9872768820298, 'SEARCH'
10, 277, 99.9872768820298, 99.9872768820298, 'SEARCH'
10, 278, 99.9872768820298, 99.9872768820298, 'SEARCH'
10, 279, 99.9872768820298, 99.9872768820298, 'SEARCH'
10, 280, 99.9872768820298, 99.9872768820298, 'SEARCH'
10, 281, 99.9872768820298, 99.9872768820298, 'SEARCH'
10, 282, 99.9872768820298, 99.9872768820298, 'SEARCH'
10, 283, 99.9872768820298, 99.9872768820298, 'SEARCH'
10, 284, 99.9872768820298, 99.9872768820298, 'SEARCH'
10, 285, 99.9872768820298, 99.9872768820298, 'SEARCH'
10, 286, 99.9872768820298, 99.9872768820298, 'SEARCH'
10, 287, 99.9872768820298, 99.9872768820298, 'SEARCH'
10, 288, 99.9872768820298, 99.9872768820298, 'SEARCH'
10, 289, 99.9872768820298, 99.9872768820298, 'SEARCH'
10, 290, 99.9872768820298, 99.9872768820298, 'SEARCH'
10, 291, 99.9872768820298, 99.9872768820298, 'SEARCH'
10, 292, 99.9872768820298, 99.9872768820298, 'SEARCH'
10, 293, 99.9872768820298, 99.9872768820298, 'SEARCH'
10, 294, 99.9872768820298, 99.9872768820298, 'SEARCH'
10, 295, 99.9872768820298, 99.9872768820298, 'SEARCH'
10, 296, 99.9872768820298, 99.9872768820298, 'SEARCH'
10, 297, 99.9872768820298, 99.9872768820298, 'SEARCH'
10, 298, 99.9872768820298, 99.9872768820298, 'SEARCH'
10, 299, 99.9872768820298, 99.9872768820298, 'SEARCH'
10, 300, 99.9872768820298, 99.9872768820298, 'SEARCH'
10, 301, 99.9872768820298, 99.9872768820298, 'SEARCH'
10, 302, 99.9872768820298, 99.9872768820298, 'SEARCH'
10, 303, 99.9872768820298, 99.9872768820298, 'SEARCH'
10, 304, 99.9872768820298, 99.9872768820298, 'SEARCH'
10, 305, 99.9872768820298, 99.9872768820298, 'SEARCH'
10, 306, 99.9872768820298, 99.9872768820298, 'SEARCH'
10, 307, 99.9872768820298, 99.9872768820298, 'SEARCH'
10, 308, 99.9872768820298, 99.9872768820298, 'SEARCH'
10, 309, 99.9872768820298, 99.9872768820298, 'SEARCH'
10, 310, 99.9872768820298, 99.9872768820298, 'SEARCH'
10, 311, 99.9872768820298, 99.9872768820298, 'SEARCH'
10, 312, 99.9872768820298, 99.9872768820298, 'SEARCH'
10, 313, 99.9872768820298, 99.9872768820298, 'SEARCH'
10, 314, 99.9872768820298, 99.9872768820298, 'SEARCH'
10, 315, 99.9872768820298, 99.9872768820298, 'SEARCH'
10, 316, 99.9872768820298, 99.9872768820298, 'SEARCH'
10, 317, 99.9872768820298, 99.9872768820298, 'SEARCH'
10, 318, 99.9872768820298, 99.9872768820298, 'SEARCH'
10, 319, 99.9872768820298, 99.9872768820298, 'SEARCH'
10, 320, 99.9872768820298, 99.9872768820298, 'SEARCH'
10, 321, 99.9872768820298, 99.9872768820298, 'SEARCH'
10, 322, 99.9872768820298, 99.9872768820298, 'SEARCH'
10, 323, 99.9872768820298, 99.9872768820298, 'SEARCH'
10, 324, 99.9872768820298, 99.9872768820298, 'SEARCH'
10, 325, 99.9872768820298, 99.9872768820298, 'SEARCH'
10, 326, 99.9872768820298, 99.9872768820298, 'SEARCH'
10, 327, 99.9872768820298, 99.9872768820298, 'SEARCH'
10, 328, 99.9872768820298, 99.9872768820298, 'SEARCH'
10, 329, 99.9872768820298, 99.9872768820298, 'SEARCH'
10, 330, 99.9872768820298, 99.9872768820298, 'SEARCH'
10, 331, 99.9872768820298, 99.9872768820298, 'SEARCH'
10, 332, 99.9872768820298, 99.9872768820298, 'SEARCH'
10, 333, 99.9872768820298, 99.9872768820298, 'SEARCH'
10, 334, 99.9872768820298, 99.9872768820298, 'SEARCH'
10, 335, 99.9872768820298, 99.9872768820298, 'SEARCH'
10, 336, 99.9872768820298, 99.9872768820298, 'SEARCH'
10, 337, 99.9872768820298, 99.9872768820298, 'SEARCH'
10, 338, 99.9872768820298, 99.9872768820298, 'SEARCH'
10, 339, 99.9872768820298, 99.9872768820298, 'SEARCH'
10, 340, 99.9872768820298, 99.9872768820298, 'SEARCH'
10, 341, 99.9872768820298, 99.9872768820298, 'SEARCH'
10, 342, 99.9872768820298, 99.9872768820298, 'SEARCH'
10, 343, 99.9872768820298, 99.9872768820298, 'SEARCH'
10, 344, 99.9872768820298, 99.9872768820298, 'SEARCH'
10, 345, 99.9872768820298, 99.9872768820298, 'SEARCH'
10, 346, 99.9872768820298, 99.9872768820298, 'SEARCH'
10, 347, 99.9872768820298, 99.9872768820298, 'SEARCH'
10, 348, 99.9872768820298, 99.9872768820298, 'SEARCH'
10, 349, 99.9872768820298, 99.9872768820298, 'SEARCH'
10, 350, 99.9872768820298, 99.9872768820298, 'SEARCH'
10, 351, 99.9872768820298, 99.9872768820298, 'SEARCH'
10, 352, 99.9872768820298, 99.9872768820298, 'SEARCH'
10, 353, 99.9872768820298, 99.9872768820298, 'SEARCH'
10, 354, 99.9872768820298, 99.9872768820298, 'SEARCH'
10, 355, 99.9872768820298, 99.9872768820298, 'SEARCH'
10, 356, 99.9872768820298, 99.9872768820298, 'SEARCH'
10, 357, 99.9872768820298, 99.9872768820298, 'SEARCH'
10, 358, 99.97339233515724, 99.97339233515724, 'APPROACH-STEALTH'
10, 359, 99.95950778828468, 99.95950778828468, 'APPROACH-STEALTH'
10, 360, 99.94562324141212, 99.94562324141212, 'APPROACH-STEALTH'
10, 361, 99.93173869453956, 99.93173869453956, 'APPROACH-STEALTH'
10, 362, 99.917854147667, 99.917854147667, 'APPROACH-STEALTH'
10, 363, 99.90396960079444, 99.90396960079444, 'APPROACH-STEALTH'
10, 364, 99.89008505392188, 99.89008505392188, 'APPROACH-STEALTH'
10, 365, 99.87620050704932, 99.87620050704932, 'APPROACH-STEALTH'
10, 366, 99.86231596017676, 99.86231596017676, 'APPROACH-STEALTH'
10, 367, 99.8484314133042, 99.8484314133042, 'APPROACH-STEALTH'
10, 368, 99.83454686643164, 99.83454686643164, 'APPROACH-STEALTH'
10, 369, 99.82066231955908, 99.82066231955908, 'APPROACH-STEALTH'
10, 370, 99.80677777268652, 99.80677777268652, 'APPROACH-STEALTH'
10, 371, 99.79289322581396, 99.79289322581396, 'APPROACH-STEALTH'
10, 372, 99.7790086789414, 99.7790086789414, 'APPROACH-STEALTH'
10, 373, 99.76512413206883, 99.76512413206883, 'APPROACH-STEALTH'
10, 374, 99.75123958519627, 99.75123958519627, 'APPROACH-STEALTH'
10, 375, 99.73735503832371, 99.73735503832371, 'APPROACH-STEALTH'
10, 376, 99.72347049145115, 99.72347049145115, 'APPROACH-STEALTH'
10, 377, 99.70958594457859, 99.70958594457859, 'APPROACH-STEALTH'
10, 378, 99.69570139770603, 99.69570139770603, 'APPROACH-STEALTH'
10, 379, 99.68181685083347, 99.68181685083347, 'APPROACH-STEALTH'
10, 380, 99.66793230396091, 99.66793230396091, 'APPROACH-STEALTH'
10, 381, 99.65404775708835, 99.65404775708835, 'APPROACH-STEALTH'
10, 382, 99.64016321021579, 99.64016321021579, 'APPROACH-STEALTH'
10, 383, 99.62627866334323, 99.62627866334323, 'APPROACH-STEALTH'
10, 384, 99.61239411647067, 99.61239411647067, 'APPROACH-STEALTH'
10, 385, 99.59850956959811, 99.59850956959811, 'APPROACH-STEALTH'
10, 386, 99.58462502272555, 99.58462502272555, 'APPROACH-STEALTH'
10, 387, 99.57074047585299, 99.57074047585299, 'APPROACH-STEALTH'
10, 388, 99.55685592898043, 99.55685592898043, 'APPROACH-STEALTH'
10, 389, 99.54297138210786, 99.54297138210786, 'APPROACH-STEALTH'
10, 390, 99.5290868352353, 99.5290868352353, 'APPROACH-STEALTH'
10, 391, 99.51520228836274, 99.51520228836274, 'APPROACH-STEALTH'
10, 392, 99.50131774149018, 99.50131774149018, 'APPROACH-STEALTH'
10, 393, 99.48743319461762, 99.48743319461762, 'APPROACH-STEALTH'
10, 394, 99.47354477220391, 99.47354477220391, 'APPROACH-STEALTH'
10, 395, 99.4596563497902, 99.4596563497902, 'APPROACH-STEALTH'
10, 396, 99.44576792737648, 99.44576792737648, 'APPROACH-STEALTH'
10, 397, 99.43187950496277, 99.43187950496277, 'APPROACH-STEALTH'
10, 398, 99.41799108254905, 99.41799108254905, 'APPROACH-STEALTH'
10, 399, 99.40410266013534, 99.40410266013534, 'APPROACH-STEALTH'
10, 400, 99.39021423772162, 99.39021423772162, 'APPROACH-STEALTH'
10, 401, 99.37632581530791, 99.37632581530791, 'APPROACH-STEALTH'
10, 402, 99.3624373928942, 99.3624373928942, 'APPROACH-STEALTH'
10, 403, 99.34854897048048, 99.34854897048048, 'APPROACH-STEALTH'
10, 404, 99.33466054806676, 99.33466054806676, 'APPROACH-STEALTH'
10, 405, 99.32077212565305, 99.32077212565305, 'APPROACH-STEALTH'
10, 406, 99.30688370323934, 99.30688370323934, 'APPROACH-STEALTH'
10, 407, 99.29299528082562, 99.29299528082562, 'APPROACH-STEALTH'
10, 408, 99.27910685841191, 99.27910685841191, 'APPROACH-STEALTH'
10, 409, 99.2652184359982, 99.2652184359982, 'APPROACH-STEALTH'
10, 410, 99.25133001358448, 99.25133001358448, 'APPROACH-STEALTH'
10, 411, 99.23744159117076, 99.23744159117076, 'APPROACH-STEALTH'
10, 412, 99.22355316875705, 99.22355316875705, 'APPROACH-STEALTH'
10, 413, 99.20966474634334, 99.20966474634334, 'APPROACH-STEALTH'
10, 414, 99.19577632392962, 99.19577632392962, 'APPROACH-STEALTH'
10, 415, 99.1818879015159, 99.1818879015159, 'APPROACH-STEALTH'
10, 416, 99.16799947910219, 99.16799947910219, 'APPROACH-STEALTH'
10, 417, 99.15411105668848, 99.15411105668848, 'APPROACH-STEALTH'
10, 418, 99.14022263427476, 99.14022263427476, 'APPROACH-STEALTH'
10, 419, 99.12633421186105, 99.12633421186105, 'APPROACH-STEALTH'
10, 420, 99.11244578944734, 99.11244578944734, 'APPROACH-STEALTH'
10, 421, 99.09855736703362, 99.09855736703362, 'APPROACH-STEALTH'
10, 422, 99.0846689446199, 99.0846689446199, 'APPROACH-STEALTH'
10, 423, 99.07078052220619, 99.07078052220619, 'APPROACH-STEALTH'
10, 424, 99.05689209979248, 99.05689209979248, 'APPROACH-STEALTH'
10, 425, 99.04300367737876, 99.04300367737876, 'APPROACH-STEALTH'
10, 426, 99.02911525496505, 99.02911525496505, 'APPROACH-STEALTH'
10, 427, 99.01522683255133, 99.01522683255133, 'APPROACH-STEALTH'
10, 428, 99.00133841013762, 99.00133841013762, 'APPROACH-STEALTH'
10, 429, 98.9874499877239, 98.9874499877239, 'APPROACH-STEALTH'
10, 430, 98.97356156531019, 98.97356156531019, 'APPROACH-STEALTH'
10, 431, 98.95967314289648, 98.95967314289648, 'APPROACH-STEALTH'
10, 432, 98.94578472048276, 98.94578472048276, 'APPROACH-STEALTH'
10, 433, 98.93189629806905, 98.93189629806905, 'APPROACH-STEALTH'
10, 434, 98.91800787565533, 98.91800787565533, 'APPROACH-STEALTH'
10, 435, 98.90411945324162, 98.90411945324162, 'APPROACH-STEALTH'
10, 436, 98.8902310308279, 98.8902310308279, 'APPROACH-STEALTH'
10, 437, 98.87634260841419, 98.87634260841419, 'APPROACH-STEALTH'
10, 438, 98.86245418600048, 98.86245418600048, 'APPROACH-STEALTH'
10, 439, 98.84856576358676, 98.84856576358676, 'APPROACH-STEALTH'
10, 440, 98.83467734117305, 98.83467734117305, 'APPROACH-STEALTH'
10, 441, 98.82078891875933, 98.82078891875933, 'APPROACH-STEALTH'
10, 442, 98.80690049634562, 98.80690049634562, 'APPROACH-STEALTH'
10, 443, 98.7930120739319, 98.7930120739319, 'APPROACH-STEALTH'
10, 444, 98.77912365151819, 98.77912365151819, 'APPROACH-STEALTH'
10, 445, 98.76523522910448, 98.76523522910448, 'APPROACH-STEALTH'
10, 446, 98.75134680669076, 98.75134680669076, 'APPROACH-STEALTH'
10, 447, 98.73745838427705, 98.73745838427705, 'APPROACH-STEALTH'
10, 448, 98.72356996186333, 98.72356996186333, 'APPROACH-STEALTH'
10, 449, 98.70968153944962, 98.70968153944962, 'APPROACH-STEALTH'
10, 450, 98.6957931170359, 98.6957931170359, 'APPROACH-STEALTH'
10, 451, 98.68190469462219, 98.68190469462219, 'APPROACH-STEALTH'
10, 452, 98.66801627220848, 98.66801627220848, 'APPROACH-STEALTH'
10, 453, 98.65412784979476, 98.65412784979476, 'APPROACH-STEALTH'
10, 454, 98.64023942738105, 98.64023942738105, 'APPROACH-STEALTH'
10, 455, 98.62635100496733, 98.62635100496733, 'APPROACH-STEALTH'
10, 456, 98.61246258255362, 98.61246258255362, 'APPROACH-STEALTH'
10, 457, 98.5985741601399, 98.5985741601399, 'APPROACH-STEALTH'
10, 458, 98.58468573772619, 98.58468573772619, 'APPROACH-STEALTH'
10, 459, 98.57079731531248, 98.57079731531248, 'APPROACH-STEALTH'
10, 460, 98.55690889289876, 98.55690889289876, 'APPROACH-STEALTH'
10, 461, 98.54302047048505, 98.54302047048505, 'APPROACH-STEALTH'
10, 462, 98.52913204807133, 98.52913204807133, 'APPROACH-STEALTH'
10, 463, 98.51524362565762, 98.51524362565762, 'APPROACH-STEALTH'
10, 464, 98.5013552032439, 98.5013552032439, 'APPROACH-STEALTH'
10, 465, 98.48746678083019, 98.48746678083019, 'APPROACH-STEALTH'
10, 466, 98.47357794204197, 98.47357794204197, 'APPROACH-STEALTH'
10, 467, 98.45968910325375, 98.45968910325375, 'APPROACH-STEALTH'
10, 468, 98.44580026446553, 98.44580026446553, 'APPROACH-STEALTH'
10, 469, 98.43191142567731, 98.43191142567731, 'APPROACH-STEALTH'
10, 470, 98.4180225868891, 98.4180225868891, 'APPROACH-STEALTH'
10, 471, 98.40413374810088, 98.40413374810088, 'APPROACH-STEALTH'
10, 472, 98.39024490931266, 98.39024490931266, 'APPROACH-STEALTH'
10, 473, 98.37635607052444, 98.37635607052444, 'APPROACH-STEALTH'
10, 474, 98.36246723173622, 98.36246723173622, 'APPROACH-STEALTH'
10, 475, 98.348578392948, 98.348578392948, 'APPROACH-STEALTH'
10, 476, 98.33468955415978, 98.33468955415978, 'APPROACH-STEALTH'
10, 477, 98.32080071537156, 98.32080071537156, 'APPROACH-STEALTH'
10, 478, 98.30691187658334, 98.30691187658334, 'APPROACH-STEALTH'
10, 479, 98.29302303779512, 98.29302303779512, 'APPROACH-STEALTH'
10, 480, 98.2791341990069, 98.2791341990069, 'APPROACH-STEALTH'
10, 481, 98.26524536021869, 98.26524536021869, 'APPROACH-STEALTH'
10, 482, 98.25135652143047, 98.25135652143047, 'APPROACH-STEALTH'
10, 483, 98.23746768264225, 98.23746768264225, 'APPROACH-STEALTH'
10, 484, 98.22357884385403, 98.22357884385403, 'APPROACH-STEALTH'
10, 485, 98.20969000506581, 98.20969000506581, 'APPROACH-STEALTH'
10, 486, 98.19580116627759, 98.19580116627759, 'APPROACH-STEALTH'
10, 487, 98.18191232748937, 98.18191232748937, 'APPROACH-STEALTH'
10, 488, 98.16802348870115, 98.16802348870115, 'APPROACH-STEALTH'
10, 489, 98.15413464991293, 98.15413464991293, 'APPROACH-STEALTH'
10, 490, 98.14024581112471, 98.14024581112471, 'APPROACH-STEALTH'
10, 491, 98.1263569723365, 98.1263569723365, 'APPROACH-STEALTH'
10, 492, 98.11246813354828, 98.11246813354828, 'APPROACH-STEALTH'
10, 493, 98.09857929476006, 98.09857929476006, 'APPROACH-STEALTH'
10, 494, 98.08469045597184, 98.08469045597184, 'APPROACH-STEALTH'
10, 495, 98.07080161718362, 98.07080161718362, 'APPROACH-STEALTH'
10, 496, 98.0569127783954, 98.0569127783954, 'APPROACH-STEALTH'
10, 497, 98.04302393960718, 98.04302393960718, 'APPROACH-STEALTH'
10, 498, 98.02913510081896, 98.02913510081896, 'APPROACH-STEALTH'
10, 499, 98.01524626203074, 98.01524626203074, 'APPROACH-STEALTH'
10, 500, 98.00135742324252, 98.00135742324252, 'APPROACH-STEALTH'
10, 501, 97.9874685844543, 97.9874685844543, 'APPROACH-STEALTH'
10, 502, 97.97357974566609, 97.97357974566609, 'APPROACH-STEALTH'
10, 503, 97.95969090687787, 97.95969090687787, 'APPROACH-STEALTH'
10, 504, 97.94580206808965, 97.94580206808965, 'APPROACH-STEALTH'
10, 505, 97.93191322930143, 97.93191322930143, 'APPROACH-STEALTH'
10, 506, 97.91802439051321, 97.91802439051321, 'APPROACH-STEALTH'
10, 507, 97.90413555172499, 97.90413555172499, 'APPROACH-STEALTH'
10, 508, 97.89024671293677, 97.89024671293677, 'APPROACH-STEALTH'
10, 509, 97.87635787414855, 97.87635787414855, 'APPROACH-STEALTH'
10, 510, 97.86246903536033, 97.86246903536033, 'APPROACH-STEALTH'
10, 511, 97.84858019657212, 97.84858019657212, 'APPROACH-STEALTH'
10, 512, 97.8346913577839, 97.8346913577839, 'APPROACH-STEALTH'
10, 513, 97.82080251899568, 97.82080251899568, 'APPROACH-STEALTH'
10, 514, 97.80691368020746, 97.80691368020746, 'APPROACH-STEALTH'
10, 515, 97.79302484141924, 97.79302484141924, 'APPROACH-STEALTH'
10, 516, 97.77913600263102, 97.77913600263102, 'APPROACH-STEALTH'
10, 517, 97.7652471638428, 97.7652471638428, 'APPROACH-STEALTH'
10, 518, 97.75135832505458, 97.75135832505458, 'APPROACH-STEALTH'
10, 519, 97.73746948626636, 97.73746948626636, 'APPROACH-STEALTH'
10, 520, 97.72358064747814, 97.72358064747814, 'APPROACH-STEALTH'
10, 521, 97.70969180868993, 97.70969180868993, 'APPROACH-STEALTH'
10, 522, 97.6958029699017, 97.6958029699017, 'APPROACH-STEALTH'
10, 523, 97.68191413111349, 97.68191413111349, 'APPROACH-STEALTH'
10, 524, 97.66802529232527, 97.66802529232527, 'APPROACH-STEALTH'
10, 525, 97.65413645353705, 97.65413645353705, 'APPROACH-STEALTH'
10, 526, 97.64024761474883, 97.64024761474883, 'APPROACH-STEALTH'
10, 527, 97.62635877596061, 97.62635877596061, 'APPROACH-STEALTH'
10, 528, 97.61246993717239, 97.61246993717239, 'APPROACH-STEALTH'
10, 529, 97.59858109838417, 97.59858109838417, 'APPROACH-STEALTH'
10, 530, 97.58469225959595, 97.58469225959595, 'APPROACH-STEALTH'
10, 531, 97.57080342080774, 97.57080342080774, 'APPROACH-STEALTH'
10, 532, 97.55691458201952, 97.55691458201952, 'APPROACH-STEALTH'
10, 533, 97.5430257432313, 97.5430257432313, 'APPROACH-STEALTH'
10, 534, 97.52913690444308, 97.52913690444308, 'APPROACH-STEALTH'
10, 535, 97.51524806565486, 97.51524806565486, 'APPROACH-STEALTH'
10, 536, 97.50135922686664, 97.50135922686664, 'APPROACH-STEALTH'
10, 537, 97.48747038807842, 97.48747038807842, 'APPROACH-STEALTH'
10, 538, 97.41452114241461, 97.41452114241461, 'PURSUE'
10, 539, 97.3415718967508, 97.3415718967508, 'PURSUE'
10, 540, 97.268622651087, 97.268622651087, 'PURSUE'
10, 541, 97.1956734054232, 97.1956734054232, 'PURSUE'
10, 542, 97.12272415975939, 97.12272415975939, 'PURSUE'
10, 543, 97.04977491409558, 97.04977491409558, 'PURSUE'
10, 544, 96.97682566843177, 96.97682566843177, 'PURSUE'
10, 545, 96.90387642276796, 96.90387642276796, 'PURSUE'
10, 546, 96.83092717710416, 96.83092717710416, 'PURSUE'
10, 547, 96.81706460129557, 96.81706460129557, 'APPROACH-STEALTH'
10, 548, 96.80320202548698, 96.80320202548698, 'APPROACH-STEALTH'
10, 549, 96.73025082654273, 96.73025082654273, 'PURSUE'
10, 550, 96.65729962759848, 96.65729962759848, 'PURSUE'
10, 551, 96.58434832491422, 96.58434832491422, 'PURSUE'
10, 552, 96.57054969916673, 96.57054969916673, 'APPROACH-STEALTH'
10, 553, 96.55675107341925, 96.55675107341925, 'APPROACH-STEALTH'
10, 554, 96.54295244767177, 96.54295244767177, 'APPROACH-STEALTH'
10, 555, 96.52915382192428, 96.52915382192428, 'APPROACH-STEALTH'
10, 556, 96.5153551961768, 96.5153551961768, 'APPROACH-STEALTH'
10, 557, 96.50155657042932, 96.50155657042932, 'APPROACH-STEALTH'
10, 558, 96.48775794468183, 96.48775794468183, 'APPROACH-STEALTH'
10, 559, 96.41480620739443, 96.41480620739443, 'PURSUE'
10, 560, 96.34185447010704, 96.34185447010704, 'PURSUE'
10, 561, 96.26890273281964, 96.26890273281964, 'PURSUE'
10, 562, 96.19595099553224, 96.19595099553224, 'PURSUE'
10, 563, 96.12299925824485, 96.12299925824485, 'PURSUE'
10, 564, 96.05004752095745, 96.05004752095745, 'PURSUE'
10, 565, 95.97709578367005, 95.97709578367005, 'PURSUE'
10, 566, 95.90414394612526, 95.90414394612526, 'PURSUE'
10, 567, 95.89034315557947, 95.89034315557947, 'APPROACH-STEALTH'
10, 568, 95.81738862069477, 95.81738862069477, 'PURSUE'
10, 569, 95.74443398651775, 95.74443398651775, 'PURSUE'
10, 570, 95.73070048531812, 95.73070048531812, 'APPROACH-STEALTH'
10, 571, 95.65774842075308, 95.65774842075308, 'PURSUE'
10, 572, 95.58479625754698, 95.58479625754698, 'PURSUE'
10, 573, 95.57119929906591, 95.57119929906591, 'APPROACH-STEALTH'
10, 574, 95.55760234058484, 95.55760234058484, 'APPROACH-STEALTH'
10, 575, 95.54400538210376, 95.54400538210376, 'APPROACH-STEALTH'
10, 576, 95.47104883983053, 95.47104883983053, 'PURSUE'
10, 577, 95.3980922975573, 95.3980922975573, 'PURSUE'
10, 578, 95.32513575528407, 95.32513575528407, 'PURSUE'
10, 579, 95.25217921301083, 95.25217921301083, 'PURSUE'
10, 580, 95.24828648052318, 95.24828648052318, 'APPROACH-STEALTH'
10, 581, 95.24439374803552, 95.24439374803552, 'APPROACH-STEALTH'
10, 582, 95.24050101554786, 95.24050101554786, 'APPROACH-STEALTH'
10, 583, 95.2366082830602, 95.2366082830602, 'APPROACH-STEALTH'
10, 584, 95.23271555057255, 95.23271555057255, 'APPROACH-STEALTH'
10, 585, 95.1597527696778, 95.1597527696778, 'PURSUE'
10, 586, 95.08678998878304, 95.08678998878304, 'PURSUE'
10, 587, 95.01382720788828, 95.01382720788828, 'PURSUE'
10, 588, 94.94086442699353, 94.94086442699353, 'PURSUE'
10, 589, 94.86790164609877, 94.86790164609877, 'PURSUE'
10, 590, 94.79493886520402, 94.79493886520402, 'PURSUE'
10, 591, 94.79854351157468, 94.79854351157468, 'APPROACH-STEALTH'
10, 592, 94.805752804316, 94.805752804316, 'APPROACH-BLIND'
10, 593, 94.81296209705732, 94.81296209705732, 'APPROACH-BLIND'
10, 594, 94.82017138979865, 94.82017138979865, 'APPROACH-BLIND'
10, 595, 94.82738068253997, 94.82738068253997, 'APPROACH-BLIND'
10, 596, 94.83458997528129, 94.83458997528129, 'APPROACH-BLIND'
10, 597, 94.84179926802261, 94.84179926802261, 'APPROACH-BLIND'
10, 598, 94.84900856076393, 94.84900856076393, 'APPROACH-BLIND'
10, 599, 94.85621785350526, 94.85621785350526, 'APPROACH-BLIND'
10, 600, 94.86342714624658, 94.86342714624658, 'APPROACH-BLIND'
10, 601, 94.8706364389879, 94.8706364389879, 'APPROACH-BLIND'
10, 602, 94.84632681663102, 94.84632681663102, 'APPROACH-BLIND'
10, 603, 94.83417200545257, 94.83417200545257, 'APPROACH-STEALTH'
10, 604, 94.82201719427412, 94.82201719427412, 'APPROACH-STEALTH'
10, 605, 94.80986238309568, 94.80986238309568, 'APPROACH-STEALTH'
10, 606, 94.79770757191723, 94.79770757191723, 'APPROACH-STEALTH'
10, 607, 94.78555276073878, 94.78555276073878, 'APPROACH-STEALTH'
10, 608, 94.77339794956033, 94.77339794956033, 'APPROACH-STEALTH'
10, 609, 94.76124313838189, 94.76124313838189, 'APPROACH-STEALTH'
10, 610, 94.74908832720344, 94.74908832720344, 'APPROACH-STEALTH'
10, 611, 94.73693351602499, 94.73693351602499, 'APPROACH-STEALTH'
10, 612, 94.72477870484654, 94.72477870484654, 'APPROACH-STEALTH'
10, 613, 94.7126238936681, 94.7126238936681, 'APPROACH-STEALTH'
10, 614, 94.70046908248965, 94.70046908248965, 'APPROACH-STEALTH'
10, 615, 94.6883142713112, 94.6883142713112, 'APPROACH-STEALTH'
10, 616, 94.67615946013275, 94.67615946013275, 'APPROACH-STEALTH'
10, 617, 94.60314380807837, 94.60314380807837, 'PURSUE'
10, 618, 94.53012815602399, 94.53012815602399, 'PURSUE'
10, 619, 94.45711250396961, 94.45711250396961, 'PURSUE'
10, 620, 94.38409685191523, 94.38409685191523, 'PURSUE'
10, 621, 94.31108119986085, 94.31108119986085, 'PURSUE'
10, 622, 94.23806554780647, 94.23806554780647, 'PURSUE'
10, 623, 94.16504989575209, 94.16504989575209, 'PURSUE'
10, 624, 94.09203424369771, 94.09203424369771, 'PURSUE'
10, 625, 94.01901859164333, 94.01901859164333, 'PURSUE'
10, 626, 93.94600293958895, 93.94600293958895, 'PURSUE'
10, 627, 93.87298728753457, 93.87298728753457, 'PURSUE'
10, 628, 93.79997163548019, 93.79997163548019, 'PURSUE'
10, 629, 93.72695598342581, 93.72695598342581, 'PURSUE'
10, 630, 93.65394033137143, 93.65394033137143, 'PURSUE'
10, 631, 93.58092467931705, 93.58092467931705, 'PURSUE'
10, 632, 93.50790897588752, 93.50790897588752, 'PURSUE'
10, 633, 93.49589734410687, 93.49589734410687, 'APPROACH-STEALTH'
10, 634, 93.48225871025325, 93.48225871025325, 'APPROACH-STEALTH'
10, 635, 93.40923656575973, 93.40923656575973, 'PURSUE'
10, 636, 93.3362144212662, 93.3362144212662, 'PURSUE'
10, 637, 93.263192226438, 93.263192226438, 'PURSUE'
10, 638, 93.24961174358266, 93.24961174358266, 'APPROACH-STEALTH'
10, 639, 93.23603126072733, 93.23603126072733, 'APPROACH-STEALTH'
10, 640, 93.222450777872, 93.222450777872, 'APPROACH-STEALTH'
10, 641, 93.20887029501667, 93.20887029501667, 'APPROACH-STEALTH'
10, 642, 93.13584438365973, 93.13584438365973, 'PURSUE'
10, 643, 93.0628184723028, 93.0628184723028, 'PURSUE'
10, 644, 92.98979256094586, 92.98979256094586, 'PURSUE'
10, 645, 92.91676664958892, 92.91676664958892, 'PURSUE'
10, 646, 92.84374073823199, 92.84374073823199, 'PURSUE'
10, 647, 92.8303618339508, 92.8303618339508, 'APPROACH-STEALTH'
10, 648, 92.75733386583076, 92.75733386583076, 'PURSUE'
10, 649, 92.68430584928711, 92.68430584928711, 'PURSUE'
10, 650, 92.67109446295007, 92.67109446295007, 'APPROACH-STEALTH'
10, 651, 92.59806388073491, 92.59806388073491, 'PURSUE'
10, 652, 92.52503325080306, 92.52503325080306, 'PURSUE'
10, 653, 92.45207888629926, 92.45207888629926, 'PURSUE'
10, 654, 92.37904542221887, 92.37904542221887, 'PURSUE'
10, 655, 92.30595613502928, 92.30595613502928, 'PURSUE'
10, 656, 92.23286684783969, 92.23286684783969, 'PURSUE'
10, 657, 92.15977751431875, 92.15977751431875, 'PURSUE'
10, 658, 92.08674636467498, 92.08674636467498, 'PURSUE'
10, 659, 92.01365830937537, 92.01365830937537, 'PURSUE'
10, 660, 91.94057025407577, 91.94057025407577, 'PURSUE'
10, 661, 91.86754134890525, 91.86754134890525, 'PURSUE'
10, 662, 91.79451244373473, 91.79451244373473, 'PURSUE'
10, 663, 91.72142632860991, 91.72142632860991, 'PURSUE'
10, 664, 91.64834021348508, 91.64834021348508, 'PURSUE'
10, 665, 91.57525409836026, 91.57525409836026, 'PURSUE'
10, 666, 91.50222691889637, 91.50222691889637, 'PURSUE'
10, 667, 91.42919973943248, 91.42919973943248, 'PURSUE'
10, 668, 91.3561725110837, 91.3561725110837, 'PURSUE'
10, 669, 91.34235660484147, 91.34235660484147, 'APPROACH-STEALTH'
10, 670, 91.26933174406847, 91.26933174406847, 'PURSUE'
10, 671, 91.19630683447487, 91.19630683447487, 'PURSUE'
10, 672, 91.12335602026855, 91.12335602026855, 'PURSUE'
10, 673, 91.10954930539341, 91.10954930539341, 'APPROACH-STEALTH'
10, 674, 91.0364622835577, 91.0364622835577, 'PURSUE'
10, 675, 90.96337526172198, 90.96337526172198, 'PURSUE'
10, 676, 90.89028819218507, 90.89028819218507, 'PURSUE'
10, 677, 90.87650417973674, 90.87650417973674, 'APPROACH-STEALTH'
10, 678, 90.86272016728842, 90.86272016728842, 'APPROACH-STEALTH'
10, 679, 90.84893615484009, 90.84893615484009, 'APPROACH-STEALTH'
10, 680, 90.83515214239176, 90.83515214239176, 'APPROACH-STEALTH'
10, 681, 90.82136812994344, 90.82136812994344, 'APPROACH-STEALTH'
10, 682, 90.74828111464016, 90.74828111464016, 'PURSUE'
10, 683, 90.67519409933689, 90.67519409933689, 'PURSUE'
10, 684, 90.60210703574607, 90.60210703574607, 'PURSUE'
10, 685, 90.58837179354805, 90.58837179354805, 'APPROACH-STEALTH'
10, 686, 90.57463655135003, 90.57463655135003, 'APPROACH-STEALTH'
10, 687, 90.50154890386601, 90.50154890386601, 'PURSUE'
10, 688, 90.428461256382, 90.428461256382, 'PURSUE'
10, 689, 90.35537356080798, 90.35537356080798, 'PURSUE'
10, 690, 90.28235530549424, 90.28235530549424, 'PURSUE'
10, 691, 90.2093370501805, 90.2093370501805, 'PURSUE'
10, 692, 90.13631879486675, 90.13631879486675, 'PURSUE'
10, 693, 90.06330053955301, 90.06330053955301, 'PURSUE'
10, 694, 89.99028228423927, 89.99028228423927, 'PURSUE'
10, 695, 89.91726402892553, 89.91726402892553, 'PURSUE'
10, 696, 89.84424577361179, 89.84424577361179, 'PURSUE'
10, 697, 89.77122751829805, 89.77122751829805, 'PURSUE'
10, 698, 89.7573536010019, 89.7573536010019, 'APPROACH-STEALTH'
10, 699, 89.74347968370574, 89.74347968370574, 'APPROACH-STEALTH'
10, 700, 89.6705182550265, 89.6705182550265, 'PURSUE'
10, 701, 89.59755682634724, 89.59755682634724, 'PURSUE'
10, 702, 89.524595397668, 89.524595397668, 'PURSUE'
10, 703, 89.45163396898874, 89.45163396898874, 'PURSUE'
10, 704, 89.3786725403095, 89.3786725403095, 'PURSUE'
10, 705, 89.36478378902645, 89.36478378902645, 'APPROACH-STEALTH'
10, 706, 89.29182005854223, 89.29182005854223, 'PURSUE'
10, 707, 89.21885627502009, 89.21885627502009, 'PURSUE'
10, 708, 89.14583423815473, 89.14583423815473, 'PURSUE'
10, 709, 89.07281220128938, 89.07281220128938, 'PURSUE'
10, 710, 88.99979016442403, 88.99979016442403, 'PURSUE'
10, 711, 88.92676812755867, 88.92676812755867, 'PURSUE'
10, 712, 88.85374609069332, 88.85374609069332, 'PURSUE'
10, 713, 88.78072405382797, 88.78072405382797, 'PURSUE'
10, 714, 88.70770201696261, 88.70770201696261, 'PURSUE'
10, 715, 88.63467998009726, 88.63467998009726, 'PURSUE'
10, 716, 88.5616579432319, 88.5616579432319, 'PURSUE'
10, 717, 88.48863590636655, 88.48863590636655, 'PURSUE'
10, 718, 88.41561381496147, 88.41561381496147, 'PURSUE'
10, 719, 88.34264423312194, 88.34264423312194, 'PURSUE'
10, 720, 88.26962495257877, 88.26962495257877, 'PURSUE'
10, 721, 88.19660567203559, 88.19660567203559, 'PURSUE'
10, 722, 88.1236362150295, 88.1236362150295, 'PURSUE'
10, 723, 88.05061495476247, 88.05061495476247, 'PURSUE'
10, 724, 87.97759363950946, 87.97759363950946, 'PURSUE'
10, 725, 87.96376209834457, 87.96376209834457, 'APPROACH-STEALTH'
10, 726, 87.89074418285666, 87.89074418285666, 'PURSUE'
10, 727, 87.8177262123127, 87.8177262123127, 'PURSUE'
10, 728, 87.74475322939057, 87.74475322939057, 'PURSUE'
10, 729, 87.67178024646843, 87.67178024646843, 'PURSUE'
10, 730, 87.59880726354629, 87.59880726354629, 'PURSUE'
10, 731, 87.52583428062415, 87.52583428062415, 'PURSUE'
10, 732, 87.45286129770201, 87.45286129770201, 'PURSUE'
10, 733, 87.37975789443936, 87.37975789443936, 'PURSUE'
10, 734, 87.30673821535272, 87.30673821535272, 'PURSUE'
10, 735, 87.23371853626608, 87.23371853626608, 'PURSUE'
10, 736, 87.16069885717944, 87.16069885717944, 'PURSUE'
10, 737, 87.0876791780928, 87.0876791780928, 'PURSUE'
10, 738, 87.01465949900616, 87.01465949900616, 'PURSUE'
10, 739, 86.94168430159293, 86.94168430159293, 'PURSUE'
10, 740, 86.86866264641885, 86.86866264641885, 'PURSUE'
10, 741, 86.79564093492502, 86.79564093492502, 'PURSUE'
10, 742, 86.72266590995791, 86.72266590995791, 'PURSUE'
10, 743, 86.70916208205189, 86.70916208205189, 'APPROACH-STEALTH'
10, 744, 86.63619048503935, 86.63619048503935, 'PURSUE'
10, 745, 86.56317076488142, 86.56317076488142, 'PURSUE'
10, 746, 86.49015104472349, 86.49015104472349, 'PURSUE'
10, 747, 86.41713132456556, 86.41713132456556, 'PURSUE'
10, 748, 86.34403005706635, 86.34403005706635, 'PURSUE'
10, 749, 86.27092873680712, 86.27092873680712, 'PURSUE'
10, 750, 86.25720477395474, 86.25720477395474, 'APPROACH-STEALTH'
10, 751, 86.18410591654484, 86.18410591654484, 'PURSUE'
10, 752, 86.11100700674648, 86.11100700674648, 'PURSUE'
10, 753, 86.03799126300122, 86.03799126300122, 'PURSUE'
10, 754, 85.96497551925596, 85.96497551925596, 'PURSUE'
10, 755, 85.89187773649783, 85.89187773649783, 'PURSUE'
10, 756, 85.8187799537397, 85.8187799537397, 'PURSUE'
10, 757, 85.74568211775643, 85.74568211775643, 'PURSUE'
10, 758, 85.67266422803567, 85.67266422803567, 'PURSUE'
10, 759, 85.59968593936544, 85.59968593936544, 'PURSUE'
10, 760, 85.58674185006481, 85.58674185006481, 'APPROACH-STEALTH'
10, 761, 85.51364643981098, 85.51364643981098, 'PURSUE'
10, 762, 85.44055102955716, 85.44055102955716, 'PURSUE'
10, 763, 85.3674555650498, 85.3674555650498, 'PURSUE'
10, 764, 85.29444248713402, 85.29444248713402, 'PURSUE'
10, 765, 85.22142935100345, 85.22142935100345, 'PURSUE'
10, 766, 85.14833569877777, 85.14833569877777, 'PURSUE'
10, 767, 85.07524204655209, 85.07524204655209, 'PURSUE'
10, 768, 85.00214833904504, 85.00214833904504, 'PURSUE'
10, 769, 84.9887035184745, 84.9887035184745, 'APPROACH-STEALTH'
10, 770, 84.91573182371167, 84.91573182371167, 'PURSUE'
10, 771, 84.84272285114007, 84.84272285114007, 'PURSUE'
10, 772, 84.76971387856847, 84.76971387856847, 'PURSUE'
10, 773, 84.69670490599687, 84.69670490599687, 'PURSUE'
10, 774, 84.62369593342527, 84.62369593342527, 'PURSUE'
10, 775, 84.55068696085367, 84.55068696085367, 'PURSUE'
10, 776, 84.47758814623721, 84.47758814623721, 'PURSUE'
10, 777, 84.40448933162075, 84.40448933162075, 'PURSUE'
10, 778, 84.3313905170043, 84.3313905170043, 'PURSUE'
10, 779, 84.25838100501684, 84.25838100501684, 'PURSUE'
10, 780, 84.1853714930294, 84.1853714930294, 'PURSUE'
10, 781, 84.11236198104194, 84.11236198104194, 'PURSUE'
10, 782, 84.09899071513496, 84.09899071513496, 'APPROACH-STEALTH'
10, 783, 84.02598519986982, 84.02598519986982, 'PURSUE'
10, 784, 83.95297962430766, 83.95297962430766, 'PURSUE'
10, 785, 83.87987869556905, 83.87987869556905, 'PURSUE'
10, 786, 83.80677776683044, 83.80677776683044, 'PURSUE'
10, 787, 83.73367683809182, 83.73367683809182, 'PURSUE'
10, 788, 83.66066957818462, 83.66066957818462, 'PURSUE'
10, 789, 83.58766231827742, 83.58766231827742, 'PURSUE'
10, 790, 83.51470047237957, 83.51470047237957, 'PURSUE'
10, 791, 83.50316417754935, 83.50316417754935, 'APPROACH-STEALTH'
10, 792, 83.43020035308572, 83.43020035308572, 'PURSUE'
10, 793, 83.35719474905918, 83.35719474905918, 'PURSUE'
10, 794, 83.28418914503263, 83.28418914503263, 'PURSUE'
10, 795, 83.21118354100608, 83.21118354100608, 'PURSUE'
10, 796, 83.13817793697953, 83.13817793697953, 'PURSUE'
10, 797, 83.12494676881956, 83.12494676881956, 'APPROACH-STEALTH'
10, 798, 83.11171560065958, 83.11171560065958, 'APPROACH-STEALTH'
10, 799, 83.0984844324996, 83.0984844324996, 'APPROACH-STEALTH'
10, 800, 83.08525326433963, 83.08525326433963, 'APPROACH-STEALTH'
10, 801, 83.01224747066836, 83.01224747066836, 'PURSUE'
10, 802, 82.93924167699709, 82.93924167699709, 'PURSUE'
10, 803, 82.86623588332581, 82.86623588332581, 'PURSUE'
10, 804, 82.79323008965454, 82.79323008965454, 'PURSUE'
10, 805, 82.72022423322454, 82.72022423322454, 'PURSUE'
10, 806, 82.70788291409754, 82.70788291409754, 'APPROACH-STEALTH'
10, 807, 82.63492524919388, 82.63492524919388, 'PURSUE'
10, 808, 82.56196752142756, 82.56196752142756, 'PURSUE'
10, 809, 82.55043275412521, 82.55043275412521, 'APPROACH-STEALTH'
10, 810, 82.53889798682286, 82.53889798682286, 'APPROACH-STEALTH'
10, 811, 82.46589385106425, 82.46589385106425, 'PURSUE'
10, 812, 82.39276431393793, 82.39276431393793, 'PURSUE'
10, 813, 82.31963477681161, 82.31963477681161, 'PURSUE'
10, 814, 82.24650523968529, 82.24650523968529, 'PURSUE'
10, 815, 82.17337570255897, 82.17337570255897, 'PURSUE'
10, 816, 82.10024616543265, 82.10024616543265, 'PURSUE'
10, 817, 82.02729016004355, 82.02729016004355, 'PURSUE'
10, 818, 81.9541589474386, 81.9541589474386, 'PURSUE'
10, 819, 81.8810276800903, 81.8810276800903, 'PURSUE'
10, 820, 81.80807014929934, 81.80807014929934, 'PURSUE'
10, 821, 81.7349366016272, 81.7349366016272, 'PURSUE'
10, 822, 81.66180305395505, 81.66180305395505, 'PURSUE'
10, 823, 81.5888012940509, 81.5888012940509, 'PURSUE'
10, 824, 81.51566932564191, 81.51566932564191, 'PURSUE'
10, 825, 81.44253730127733, 81.44253730127733, 'PURSUE'
10, 826, 81.36943019673893, 81.36943019673893, 'PURSUE'
10, 827, 81.29629976647405, 81.29629976647405, 'PURSUE'
10, 828, 81.22316933620917, 81.22316933620917, 'PURSUE'
10, 829, 81.15016649097447, 81.15016649097447, 'PURSUE'
10, 830, 81.07703749049182, 81.07703749049182, 'PURSUE'
10, 831, 81.00390843275736, 81.00390843275736, 'PURSUE'
10, 832, 80.93079979234122, 80.93079979234122, 'PURSUE'
10, 833, 80.85769115192508, 80.85769115192508, 'PURSUE'
10, 834, 80.78458251150894, 80.78458251150894, 'PURSUE'
10, 835, 80.71158156141264, 80.71158156141264, 'PURSUE'
10, 836, 80.63845089009571, 80.63845089009571, 'PURSUE'
10, 837, 80.56532021877878, 80.56532021877878, 'PURSUE'
10, 838, 80.49218954746185, 80.49218954746185, 'PURSUE'
10, 839, 80.41905887614492, 80.41905887614492, 'PURSUE'
10, 840, 80.34592820482798, 80.34592820482798, 'PURSUE'
10, 841, 80.2728219728726, 80.2728219728726, 'PURSUE'
10, 842, 80.19969277231705, 80.19969277231705, 'PURSUE'
10, 843, 80.1265635717615, 80.1265635717615, 'PURSUE'
10, 844, 80.05345509762827, 80.05345509762827, 'PURSUE'
10, 845, 79.98045987250481, 79.98045987250481, 'PURSUE'
10, 846, 79.90733205089951, 79.90733205089951, 'PURSUE'
10, 847, 79.83420422929422, 79.83420422929422, 'PURSUE'
10, 848, 79.76107640768892, 79.76107640768892, 'PURSUE'
10, 849, 79.6879647874455, 79.6879647874455, 'PURSUE'
10, 850, 79.61483878398649, 79.61483878398649, 'PURSUE'
10, 851, 79.54171278052748, 79.54171278052748, 'PURSUE'
10, 852, 79.46860387331263, 79.46860387331263, 'PURSUE'
10, 853, 79.39549496609779, 79.39549496609779, 'PURSUE'
10, 854, 79.32254580115593, 79.32254580115593, 'PURSUE'
10, 855, 79.2494218187093, 79.2494218187093, 'PURSUE'
10, 856, 79.17629783626266, 79.17629783626266, 'PURSUE'
10, 857, 79.10317385381603, 79.10317385381603, 'PURSUE'
10, 858, 79.0300498713694, 79.0300498713694, 'PURSUE'
10, 859, 78.9571026699551, 78.9571026699551, 'PURSUE'
10, 860, 78.88398844116564, 78.88398844116564, 'PURSUE'
10, 861, 78.81087421237618, 78.81087421237618, 'PURSUE'
10, 862, 78.79884031979016, 78.79884031979016, 'APPROACH-STEALTH'
10, 863, 78.7257122936995, 78.7257122936995, 'PURSUE'
10, 864, 78.65258426760884, 78.65258426760884, 'PURSUE'
10, 865, 78.57945624151819, 78.57945624151819, 'PURSUE'
10, 866, 78.50632821542753, 78.50632821542753, 'PURSUE'
10, 867, 78.43320018933687, 78.43320018933687, 'PURSUE'
10, 868, 78.36007964431587, 78.36007964431587, 'PURSUE'
10, 869, 78.28695909929488, 78.28695909929488, 'PURSUE'
10, 870, 78.21383855427388, 78.21383855427388, 'PURSUE'
10, 871, 78.14070818495026, 78.14070818495026, 'PURSUE'
10, 872, 78.06757781562663, 78.06757781562663, 'PURSUE'
10, 873, 77.99444744630301, 77.99444744630301, 'PURSUE'
10, 874, 77.92131707697939, 77.92131707697939, 'PURSUE'
10, 875, 77.84819459030807, 77.84819459030807, 'PURSUE'
10, 876, 77.77521292936822, 77.77521292936822, 'PURSUE'
10, 877, 77.70223126842838, 77.70223126842838, 'PURSUE'
10, 878, 77.62924960748853, 77.62924960748853, 'PURSUE'
10, 879, 77.55611766954306, 77.55611766954306, 'PURSUE'
10, 880, 77.48298573159758, 77.48298573159758, 'PURSUE'
10, 881, 77.4098537936521, 77.4098537936521, 'PURSUE'
10, 882, 77.33672185570663, 77.33672185570663, 'PURSUE'
10, 883, 77.26358991776115, 77.26358991776115, 'PURSUE'
10, 884, 77.19061048369544, 77.19061048369544, 'PURSUE'
10, 885, 77.11748072471417, 77.11748072471417, 'PURSUE'
10, 886, 77.0443509657329, 77.0443509657329, 'PURSUE'
10, 887, 76.9713724224981, 76.9713724224981, 'PURSUE'
10, 888, 76.89824479747907, 76.89824479747907, 'PURSUE'
10, 889, 76.82511712875966, 76.82511712875966, 'PURSUE'
10, 890, 76.81245134990792, 76.81245134990792, 'APPROACH-STEALTH'
10, 891, 76.79978557105618, 76.79978557105618, 'APPROACH-STEALTH'
10, 892, 76.72680396997289, 76.72680396997289, 'PURSUE'
10, 893, 76.65367859240442, 76.65367859240442, 'PURSUE'
10, 894, 76.58055321483594, 76.58055321483594, 'PURSUE'
10, 895, 76.50742293465201, 76.50742293465201, 'PURSUE'
10, 896, 76.43429265446808, 76.43429265446808, 'PURSUE'
10, 897, 76.36116237428415, 76.36116237428415, 'PURSUE'
10, 898, 76.28803209410022, 76.28803209410022, 'PURSUE'
10, 899, 76.21490181391628, 76.21490181391628, 'PURSUE'
10, 900, 76.14177153373235, 76.14177153373235, 'PURSUE'
10, 901, 76.0686506720898, 76.0686506720898, 'PURSUE'
10, 902, 75.99552981044725, 75.99552981044725, 'PURSUE'
10, 903, 75.92239707863476, 75.92239707863476, 'PURSUE'
10, 904, 75.84926434682227, 75.84926434682227, 'PURSUE'
10, 905, 75.77613161500977, 75.77613161500977, 'PURSUE'
10, 906, 75.70316478481394, 75.70316478481394, 'PURSUE'
10, 907, 75.63003425058129, 75.63003425058129, 'PURSUE'
10, 908, 75.55690367126111, 75.55690367126111, 'PURSUE'
10, 909, 75.48377952124777, 75.48377952124777, 'PURSUE'
10, 910, 75.41065121572959, 75.41065121572959, 'PURSUE'
10, 911, 75.3375229102114, 75.3375229102114, 'PURSUE'
10, 912, 75.26455208806236, 75.26455208806236, 'PURSUE'
10, 913, 75.19142600777484, 75.19142600777484, 'PURSUE'
10, 914, 75.1182998820696, 75.1182998820696, 'PURSUE'
10, 915, 75.04517148226864, 75.04517148226864, 'PURSUE'
10, 916, 75.04468326638647, 75.04468326638647, 'APPROACH-STEALTH'
10, 917, 74.97174440986214, 74.97174440986214, 'PURSUE'
10, 918, 74.89877371317105, 74.89877371317105, 'PURSUE'
10, 919, 74.82580301647997, 74.82580301647997, 'PURSUE'
10, 920, 74.75266911144007, 74.75266911144007, 'PURSUE'
10, 921, 74.67953520640017, 74.67953520640017, 'PURSUE'
10, 922, 74.60640126278908, 74.60640126278908, 'PURSUE'
10, 923, 74.53326824572429, 74.53326824572429, 'PURSUE'
10, 924, 74.4601352286595, 74.4601352286595, 'PURSUE'
10, 925, 74.3870022115947, 74.3870022115947, 'PURSUE'
10, 926, 74.31386919452991, 74.31386919452991, 'PURSUE'
10, 927, 74.24073617746512, 74.24073617746512, 'PURSUE'
10, 928, 74.16760316040033, 74.16760316040033, 'PURSUE'
10, 929, 74.09447014333554, 74.09447014333554, 'PURSUE'
10, 930, 74.02133712627075, 74.02133712627075, 'PURSUE'
10, 931, 73.94820410920596, 73.94820410920596, 'PURSUE'
10, 932, 73.87527570180733, 73.87527570180733, 'PURSUE'
10, 933, 73.80229806937875, 73.80229806937875, 'PURSUE'
10, 934, 73.72932043695018, 73.72932043695018, 'PURSUE'
10, 935, 73.6563428045216, 73.6563428045216, 'PURSUE'
10, 936, 73.58336518163631, 73.58336518163631, 'PURSUE'
10, 937, 73.51023214847636, 73.51023214847636, 'PURSUE'
10, 938, 73.43709911531641, 73.43709911531641, 'PURSUE'
10, 939, 73.36396608215647, 73.36396608215647, 'PURSUE'
10, 940, 73.29083304899652, 73.29083304899652, 'PURSUE'
10, 941, 73.21770001583657, 73.21770001583657, 'PURSUE'
10, 942, 73.14456699841062, 73.14456699841062, 'PURSUE'
10, 943, 73.07143488342616, 73.07143488342616, 'PURSUE'
10, 944, 72.9983027684417, 72.9983027684417, 'PURSUE'
10, 945, 72.92532689810166, 72.92532689810166, 'PURSUE'
10, 946, 72.8521927031784, 72.8521927031784, 'PURSUE'
10, 947, 72.77905850825515, 72.77905850825515, 'PURSUE'
10, 948, 72.70592431333189, 72.70592431333189, 'PURSUE'
10, 949, 72.63279011840864, 72.63279011840864, 'PURSUE'
10, 950, 72.55981681990694, 72.55981681990694, 'PURSUE'
10, 951, 72.48684352140525, 72.48684352140525, 'PURSUE'
10, 952, 72.4139212814775, 72.4139212814775, 'PURSUE'
10, 953, 72.3407836791955, 72.3407836791955, 'PURSUE'
10, 954, 72.2676460769135, 72.2676460769135, 'PURSUE'
10, 955, 72.19450847463149, 72.19450847463149, 'PURSUE'
10, 956, 72.12137091332148, 72.12137091332148, 'PURSUE'
10, 957, 72.1198850966313, 72.1198850966313, 'APPROACH-STEALTH'
10, 958, 72.04696650472262, 72.04696650472262, 'PURSUE'
10, 959, 71.97399288570696, 71.97399288570696, 'PURSUE'
10, 960, 71.9010192666913, 71.9010192666913, 'PURSUE'
10, 961, 71.82787799606403, 71.82787799606403, 'PURSUE'
10, 962, 71.75473672543676, 71.75473672543676, 'PURSUE'
10, 963, 71.68159545480948, 71.68159545480948, 'PURSUE'
10, 964, 71.60845418418221, 71.60845418418221, 'PURSUE'
10, 965, 71.53531291355493, 71.53531291355493, 'PURSUE'
10, 966, 71.46234610760528, 71.46234610760528, 'PURSUE'
10, 967, 71.3892177920845, 71.3892177920845, 'PURSUE'
10, 968, 71.3160777062642, 71.3160777062642, 'PURSUE'
10, 969, 71.2429376204439, 71.2429376204439, 'PURSUE'
10, 970, 71.1697975346236, 71.1697975346236, 'PURSUE'
10, 971, 71.09687582405932, 71.09687582405932, 'PURSUE'
10, 972, 71.02395411349505, 71.02395411349505, 'PURSUE'
10, 973, 70.95081482324433, 70.95081482324433, 'PURSUE'
10, 974, 70.8776755329936, 70.8776755329936, 'PURSUE'
10, 975, 70.80453624274288, 70.80453624274288, 'PURSUE'
10, 976, 70.73161179620855, 70.73161179620855, 'PURSUE'
10, 977, 70.65868734967422, 70.65868734967422, 'PURSUE'
10, 978, 70.5857629031399, 70.5857629031399, 'PURSUE'
10, 979, 70.51279485671796, 70.51279485671796, 'PURSUE'
10, 980, 70.43982681029603, 70.43982681029603, 'PURSUE'
10, 981, 70.36668344870411, 70.36668344870411, 'PURSUE'
10, 982, 70.29354008711219, 70.29354008711219, 'PURSUE'
10, 983, 70.22039672552027, 70.22039672552027, 'PURSUE'
10, 984, 70.14725336392836, 70.14725336392836, 'PURSUE'
10, 985, 70.07411000233644, 70.07411000233644, 'PURSUE'
10, 986, 70.00096664074452, 70.00096664074452, 'PURSUE'
10, 987, 69.92800340385551, 69.92800340385551, 'PURSUE'
10, 988, 69.85485725601123, 69.85485725601123, 'PURSUE'
10, 989, 69.78171110816695, 69.78171110816695, 'PURSUE'
10, 990, 69.70880106176567, 69.70880106176567, 'PURSUE'
10, 991, 69.6356571647798, 69.6356571647798, 'PURSUE'
10, 992, 69.56251326779393, 69.56251326779393, 'PURSUE'
10, 993, 69.48955228808477, 69.48955228808477, 'PURSUE'
10, 994, 69.41641068905446, 69.41641068905446, 'PURSUE'
10, 995, 69.34326909002415, 69.34326909002415, 'PURSUE'
10, 996, 69.27011740320432, 69.27011740320432, 'PURSUE'
10, 997, 69.1969657163845, 69.1969657163845, 'PURSUE'
10, 998, 69.12382635076567, 69.12382635076567, 'PURSUE'
10, 999, 69.05068698514684, 69.05068698514684, 'PURSUE'
10, 1000, 68.97754761952801, 68.97754761952801, 'PURSUE'
10, 1001, 68.90439709854587, 68.90439709854587, 'PURSUE'
10, 1002, 68.83124657756373, 68.83124657756373, 'PURSUE'
10, 1003, 68.75810990940366, 68.75810990940366, 'PURSUE'
10, 1004, 68.68497324124358, 68.68497324124358, 'PURSUE'
10, 1005, 68.61183657308351, 68.61183657308351, 'PURSUE'
10, 1006, 68.53868270641011, 68.53868270641011, 'PURSUE'
10, 1007, 68.46554321514226, 68.46554321514226, 'PURSUE'
10, 1008, 68.39240372387441, 68.39240372387441, 'PURSUE'
10, 1009, 68.31949147702213, 68.31949147702213, 'PURSUE'
10, 1010, 68.24657923016984, 68.24657923016984, 'PURSUE'
10, 1011, 68.17366698331756, 68.17366698331756, 'PURSUE'
10, 1012, 68.10052394477322, 68.10052394477322, 'PURSUE'
10, 1013, 68.02738090622887, 68.02738090622887, 'PURSUE'
10, 1014, 67.95423786768453, 67.95423786768453, 'PURSUE'
10, 1015, 67.88109482914018, 67.88109482914018, 'PURSUE'
10, 1016, 67.80811559428898, 67.80811559428898, 'PURSUE'
10, 1017, 67.73513635943777, 67.73513635943777, 'PURSUE'
10, 1018, 67.6619809481719, 67.6619809481719, 'PURSUE'
10, 1019, 67.58882553690603, 67.58882553690603, 'PURSUE'
10, 1020, 67.51567585756054, 67.51567585756054, 'PURSUE'
10, 1021, 67.44252617821505, 67.44252617821505, 'PURSUE'
10, 1022, 67.36937649886956, 67.36937649886956, 'PURSUE'
10, 1023, 67.29622681952407, 67.29622681952407, 'PURSUE'
10, 1024, 67.22307714017857, 67.22307714017857, 'PURSUE'
10, 1025, 67.15018544726463, 67.15018544726463, 'PURSUE'
10, 1026, 67.07703750664729, 67.07703750664729, 'PURSUE'
10, 1027, 67.00388956602994, 67.00388956602994, 'PURSUE'
10, 1028, 66.93073185060696, 66.93073185060696, 'PURSUE'
10, 1029, 66.85758680275895, 66.85758680275895, 'PURSUE'
10, 1030, 66.78444175491093, 66.78444175491093, 'PURSUE'
10, 1031, 66.71147821013926, 66.71147821013926, 'PURSUE'
10, 1032, 66.6385146653676, 66.6385146653676, 'PURSUE'
10, 1033, 66.56555112059593, 66.56555112059593, 'PURSUE'
10, 1034, 66.49258757582426, 66.49258757582426, 'PURSUE'
10, 1035, 66.41962403105259, 66.41962403105259, 'PURSUE'
10, 1036, 66.34647686653818, 66.34647686653818, 'PURSUE'
10, 1037, 66.27332970202377, 66.27332970202377, 'PURSUE'
10, 1038, 66.20018253750936, 66.20018253750936, 'PURSUE'
10, 1039, 66.12703537299495, 66.12703537299495, 'PURSUE'
10, 1040, 66.05388820848054, 66.05388820848054, 'PURSUE'
10, 1041, 65.98074104396613, 65.98074104396613, 'PURSUE'
10, 1042, 65.96705979373442, 65.96705979373442, 'APPROACH-STEALTH'
10, 1043, 65.89410003556968, 65.89410003556968, 'PURSUE'
10, 1044, 65.82095280344979, 65.82095280344979, 'PURSUE'
10, 1045, 65.74780557132989, 65.74780557132989, 'PURSUE'
10, 1046, 65.67465833921, 65.67465833921, 'PURSUE'
10, 1047, 65.6014920304806, 65.6014920304806, 'PURSUE'
10, 1048, 65.52834799620605, 65.52834799620605, 'PURSUE'
10, 1049, 65.4552039619315, 65.4552039619315, 'PURSUE'
10, 1050, 65.38203559285776, 65.38203559285776, 'PURSUE'
10, 1051, 65.30888910029923, 65.30888910029923, 'PURSUE'
10, 1052, 65.23574260774069, 65.23574260774069, 'PURSUE'
10, 1053, 65.16257156720151, 65.16257156720151, 'PURSUE'
10, 1054, 65.08940052666233, 65.08940052666233, 'PURSUE'
10, 1055, 65.01625109388455, 65.01625109388455, 'PURSUE'
10, 1056, 64.94310166110677, 64.94310166110677, 'PURSUE'
10, 1057, 64.86995222832898, 64.86995222832898, 'PURSUE'
10, 1058, 64.79698838954575, 64.79698838954575, 'PURSUE'
10, 1059, 64.72402455076251, 64.72402455076251, 'PURSUE'
10, 1060, 64.65085135166015, 64.65085135166015, 'PURSUE'
10, 1061, 64.5776781525578, 64.5776781525578, 'PURSUE'
10, 1062, 64.50450495345544, 64.50450495345544, 'PURSUE'
10, 1063, 64.43165735774713, 64.43165735774713, 'PURSUE'
10, 1064, 64.35868648934238, 64.35868648934238, 'PURSUE'
10, 1065, 64.28553568426089, 64.28553568426089, 'PURSUE'
10, 1066, 64.21238487917941, 64.21238487917941, 'PURSUE'
10, 1067, 64.13923407409793, 64.13923407409793, 'PURSUE'
10, 1068, 64.06608326901645, 64.06608326901645, 'PURSUE'
10, 1069, 63.99293246393496, 63.99293246393496, 'PURSUE'
10, 1070, 63.91978165885348, 63.91978165885348, 'PURSUE'
10, 1071, 63.846630853772, 63.846630853772, 'PURSUE'
10, 1072, 63.773480048690516, 63.773480048690516, 'PURSUE'
10, 1073, 63.77748396008576, 63.77748396008576, 'APPROACH-STEALTH'
10, 1074, 63.781487871481005, 63.781487871481005, 'APPROACH-STEALTH'
10, 1075, 63.78549178287625, 63.78549178287625, 'APPROACH-STEALTH'
10, 1076, 63.789495694271494, 63.789495694271494, 'APPROACH-STEALTH'
10, 1077, 63.79349960566674, 63.79349960566674, 'APPROACH-STEALTH'
10, 1078, 63.79750351706198, 63.79750351706198, 'APPROACH-STEALTH'
10, 1079, 63.80150742845723, 63.80150742845723, 'APPROACH-STEALTH'
10, 1080, 63.80551133985247, 63.80551133985247, 'APPROACH-STEALTH'
10, 1081, 63.80951525124772, 63.80951525124772, 'APPROACH-STEALTH'
10, 1082, 63.81351916264296, 63.81351916264296, 'APPROACH-STEALTH'
10, 1083, 63.817523074038206, 63.817523074038206, 'APPROACH-STEALTH'
10, 1084, 63.82152698543345, 63.82152698543345, 'APPROACH-STEALTH'
10, 1085, 63.825530896828695, 63.825530896828695, 'APPROACH-STEALTH'
10, 1086, 63.82953480822393, 63.82953480822393, 'APPROACH-STEALTH'
10, 1087, 63.83353871961918, 63.83353871961918, 'APPROACH-STEALTH'
10, 1088, 63.83754263101442, 63.83754263101442, 'APPROACH-STEALTH'
10, 1089, 63.84154654240967, 63.84154654240967, 'APPROACH-STEALTH'
10, 1090, 63.84555045380491, 63.84555045380491, 'APPROACH-STEALTH'
10, 1091, 63.84955436520015, 63.84955436520015, 'APPROACH-STEALTH'
10, 1092, 63.85094068728162, 63.85094068728162, 'APPROACH-STEALTH'
10, 1093, 63.77776832452539, 63.77776832452539, 'PURSUE'
10, 1094, 63.70459596176916, 63.70459596176916, 'PURSUE'
10, 1095, 63.631423599012926, 63.631423599012926, 'PURSUE'
10, 1096, 63.55824234045179, 63.55824234045179, 'PURSUE'
10, 1097, 63.48507183064421, 63.48507183064421, 'PURSUE'
10, 1098, 63.41190132083663, 63.41190132083663, 'PURSUE'
10, 1099, 63.33900710409058, 63.33900710409058, 'PURSUE'
10, 1100, 63.266112887344526, 63.266112887344526, 'PURSUE'
10, 1101, 63.192943833037084, 63.192943833037084, 'PURSUE'
10, 1102, 63.11977477872964, 63.11977477872964, 'PURSUE'
10, 1103, 63.0466057244222, 63.0466057244222, 'PURSUE'
10, 1104, 62.973553548910566, 62.973553548910566, 'PURSUE'
10, 1105, 62.9003862087354, 62.9003862087354, 'PURSUE'
10, 1106, 62.82721886856023, 62.82721886856023, 'PURSUE'
10, 1107, 62.75416797670782, 62.75416797670782, 'PURSUE'
10, 1108, 62.681002178330615, 62.681002178330615, 'PURSUE'
10, 1109, 62.60783637995341, 62.60783637995341, 'PURSUE'
10, 1110, 62.53478676874882, 62.53478676874882, 'PURSUE'
10, 1111, 62.461737157544235, 62.461737157544235, 'PURSUE'
10, 1112, 62.388687546339646, 62.388687546339646, 'PURSUE'
10, 1113, 62.31563793513506, 62.31563793513506, 'PURSUE'
10, 1114, 62.24246867692955, 62.24246867692955, 'PURSUE'
10, 1115, 62.16929941872404, 62.16929941872404, 'PURSUE'
10, 1116, 62.09613016051853, 62.09613016051853, 'PURSUE'
10, 1117, 62.02296090231302, 62.02296090231302, 'PURSUE'
10, 1118, 61.949791644107506, 61.949791644107506, 'PURSUE'
10, 1119, 61.87661593837626, 61.87661593837626, 'PURSUE'
10, 1120, 61.803568051264975, 61.803568051264975, 'PURSUE'
10, 1121, 61.73039135362574, 61.73039135362574, 'PURSUE'
10, 1122, 61.657224461350445, 61.657224461350445, 'PURSUE'
10, 1123, 61.58405756907515, 61.58405756907515, 'PURSUE'
10, 1124, 61.51089067679985, 61.51089067679985, 'PURSUE'
10, 1125, 61.43772378452456, 61.43772378452456, 'PURSUE'
10, 1126, 61.364686839601625, 61.364686839601625, 'PURSUE'
10, 1127, 61.29183848142486, 61.29183848142486, 'PURSUE'
10, 1128, 61.218668939326385, 61.218668939326385, 'PURSUE'
10, 1129, 61.14549939722791, 61.14549939722791, 'PURSUE'
10, 1130, 61.07232985512943, 61.07232985512943, 'PURSUE'
10, 1131, 60.99929681721235, 60.99929681721235, 'PURSUE'
10, 1132, 60.92626377929526, 60.92626377929526, 'PURSUE'
10, 1133, 60.85323074137818, 60.85323074137818, 'PURSUE'
10, 1134, 60.78019770346109, 60.78019770346109, 'PURSUE'
10, 1135, 60.707164665544006, 60.707164665544006, 'PURSUE'
10, 1136, 60.63413162762692, 60.63413162762692, 'PURSUE'
10, 1137, 60.561098589709836, 60.561098589709836, 'PURSUE'
10, 1138, 60.48806555179275, 60.48806555179275, 'PURSUE'
10, 1139, 60.415032513875666, 60.415032513875666, 'PURSUE'
10, 1140, 60.34199947595858, 60.34199947595858, 'PURSUE'
10, 1141, 60.268966438041495, 60.268966438041495, 'PURSUE'
10, 1142, 60.19593340012441, 60.19593340012441, 'PURSUE'
10, 1143, 60.122900362207325, 60.122900362207325, 'PURSUE'
10, 1144, 60.04986732429024, 60.04986732429024, 'PURSUE'
10, 1145, 59.976834286373155, 59.976834286373155, 'PURSUE'
10, 1146, 59.90380124845607, 59.90380124845607, 'PURSUE'
10, 1147, 59.830768210538984, 59.830768210538984, 'PURSUE'
10, 1148, 59.7577351726219, 59.7577351726219, 'PURSUE'
10, 1149, 59.684702134704814, 59.684702134704814, 'PURSUE'
10, 1150, 59.61166909678773, 59.61166909678773, 'PURSUE'
10, 1151, 59.538636058870644, 59.538636058870644, 'PURSUE'
10, 1152, 59.46560302095356, 59.46560302095356, 'PURSUE'
10, 1153, 59.39256998303647, 59.39256998303647, 'PURSUE'
10, 1154, 59.31953694511939, 59.31953694511939, 'PURSUE'
10, 1155, 59.2465039072023, 59.2465039072023, 'PURSUE'
10, 1156, 59.17347086928522, 59.17347086928522, 'PURSUE'
10, 1157, 59.10043783136813, 59.10043783136813, 'PURSUE'
10, 1158, 59.02740479345105, 59.02740479345105, 'PURSUE'
10, 1159, 58.95437175553396, 58.95437175553396, 'PURSUE'
10, 1160, 58.88133871761688, 58.88133871761688, 'PURSUE'
10, 1161, 58.80830567969979, 58.80830567969979, 'PURSUE'
10, 1162, 58.73527264178271, 58.73527264178271, 'PURSUE'
10, 1163, 58.66223960386562, 58.66223960386562, 'PURSUE'
10, 1164, 58.58920656594854, 58.58920656594854, 'PURSUE'
10, 1165, 58.51617352803145, 58.51617352803145, 'PURSUE'
10, 1166, 58.44314049011437, 58.44314049011437, 'PURSUE'
10, 1167, 58.37010745219728, 58.37010745219728, 'PURSUE'
10, 1168, 58.297074414280196, 58.297074414280196, 'PURSUE'
10, 1169, 58.22404137636311, 58.22404137636311, 'PURSUE'
10, 1170, 58.151008338446026, 58.151008338446026, 'PURSUE'
10, 1171, 58.07797530052894, 58.07797530052894, 'PURSUE'
10, 1172, 58.004942262611856, 58.004942262611856, 'PURSUE'
10, 1173, 57.93190922469477, 57.93190922469477, 'PURSUE'
10, 1174, 57.858876186777685, 57.858876186777685, 'PURSUE'
10, 1175, 57.7858431488606, 57.7858431488606, 'PURSUE'
10, 1176, 57.712810110943515, 57.712810110943515, 'PURSUE'
10, 1177, 57.63977707302643, 57.63977707302643, 'PURSUE'
10, 1178, 57.566744035109345, 57.566744035109345, 'PURSUE'
10, 1179, 57.49371099719226, 57.49371099719226, 'PURSUE'
10, 1180, 57.420677959275174, 57.420677959275174, 'PURSUE'
10, 1181, 57.34764492135809, 57.34764492135809, 'PURSUE'
10, 1182, 57.274611883441004, 57.274611883441004, 'PURSUE'
10, 1183, 57.20157884552392, 57.20157884552392, 'PURSUE'
10, 1184, 57.128545807606834, 57.128545807606834, 'PURSUE'
10, 1185, 57.05551276968975, 57.05551276968975, 'PURSUE'
10, 1186, 56.98247973177266, 56.98247973177266, 'PURSUE'
10, 1187, 56.90944669385558, 56.90944669385558, 'PURSUE'
10, 1188, 56.83641365593849, 56.83641365593849, 'PURSUE'
10, 1189, 56.76338061802141, 56.76338061802141, 'PURSUE'
10, 1190, 56.69034758010432, 56.69034758010432, 'PURSUE'
10, 1191, 56.61731454218724, 56.61731454218724, 'PURSUE'
10, 1192, 56.54428150427015, 56.54428150427015, 'PURSUE'
10, 1193, 56.47124846635307, 56.47124846635307, 'PURSUE'
10, 1194, 56.39821542843598, 56.39821542843598, 'PURSUE'
10, 1195, 56.3251823905189, 56.3251823905189, 'PURSUE'
10, 1196, 56.25214935260181, 56.25214935260181, 'PURSUE'
10, 1197, 56.17911631468473, 56.17911631468473, 'PURSUE'
10, 1198, 56.10608327676764, 56.10608327676764, 'PURSUE'
10, 1199, 56.03305023885056, 56.03305023885056, 'PURSUE'
10, 1200, 55.96001720093347, 55.96001720093347, 'PURSUE'
10, 1201, 55.886984163016386, 55.886984163016386, 'PURSUE'
10, 1202, 55.8139511250993, 55.8139511250993, 'PURSUE'
10, 1203, 55.740918087182216, 55.740918087182216, 'PURSUE'
10, 1204, 55.66788504926513, 55.66788504926513, 'PURSUE'
10, 1205, 55.594852011348046, 55.594852011348046, 'PURSUE'
10, 1206, 55.52181897343096, 55.52181897343096, 'PURSUE'
10, 1207, 55.448785935513875, 55.448785935513875, 'PURSUE'
10, 1208, 55.37575289759679, 55.37575289759679, 'PURSUE'
10, 1209, 55.302719859679705, 55.302719859679705, 'PURSUE'
10, 1210, 55.22968682176262, 55.22968682176262, 'PURSUE'
10, 1211, 55.156653783845535, 55.156653783845535, 'PURSUE'
10, 1212, 55.08362074592845, 55.08362074592845, 'PURSUE'
10, 1213, 55.010587708011364, 55.010587708011364, 'PURSUE'
10, 1214, 54.93755467009428, 54.93755467009428, 'PURSUE'
10, 1215, 54.864521632177194, 54.864521632177194, 'PURSUE'
10, 1216, 54.79148859426011, 54.79148859426011, 'PURSUE'
10, 1217, 54.718455556343024, 54.718455556343024, 'PURSUE'
10, 1218, 54.64542251842594, 54.64542251842594, 'PURSUE'
10, 1219, 54.57238948050885, 54.57238948050885, 'PURSUE'
10, 1220, 54.49935644259177, 54.49935644259177, 'PURSUE'
10, 1221, 54.42632340467468, 54.42632340467468, 'PURSUE'
10, 1222, 54.3532903667576, 54.3532903667576, 'PURSUE'
10, 1223, 54.28025732884051, 54.28025732884051, 'PURSUE'
10, 1224, 54.20722429092343, 54.20722429092343, 'PURSUE'
10, 1225, 54.13419125300634, 54.13419125300634, 'PURSUE'
10, 1226, 54.06115821508926, 54.06115821508926, 'PURSUE'
10, 1227, 53.98813428867979, 53.98813428867979, 'PURSUE'
10, 1228, 53.91496362732275, 53.91496362732275, 'PURSUE'
10, 1229, 53.84179296596571, 53.84179296596571, 'PURSUE'
10, 1230, 53.76862230460867, 53.76862230460867, 'PURSUE'
10, 1231, 53.6955913432184, 53.6955913432184, 'PURSUE'
10, 1232, 53.62256038182814, 53.62256038182814, 'PURSUE'
10, 1233, 53.5493856510184, 53.5493856510184, 'PURSUE'
10, 1234, 53.47621092020866, 53.47621092020866, 'PURSUE'
10, 1235, 53.40303618939892, 53.40303618939892, 'PURSUE'
10, 1236, 53.329977756245746, 53.329977756245746, 'PURSUE'
10, 1237, 53.256919323092575, 53.256919323092575, 'PURSUE'
10, 1238, 53.1838608899394, 53.1838608899394, 'PURSUE'
10, 1239, 53.11080245678623, 53.11080245678623, 'PURSUE'
10, 1240, 53.03774402363306, 53.03774402363306, 'PURSUE'
10, 1241, 52.96468559047989, 52.96468559047989, 'PURSUE'
10, 1242, 52.89162715732672, 52.89162715732672, 'PURSUE'
10, 1243, 52.818568724173545, 52.818568724173545, 'PURSUE'
10, 1244, 52.74615320546582, 52.74615320546582, 'PURSUE'
10, 1245, 52.6737376867581, 52.6737376867581, 'PURSUE'
10, 1246, 52.60132216805038, 52.60132216805038, 'PURSUE'
10, 1247, 52.528263859108, 52.528263859108, 'PURSUE'
10, 1248, 52.45520555016562, 52.45520555016562, 'PURSUE'
10, 1249, 52.382221808993435, 52.382221808993435, 'PURSUE'
10, 1250, 52.309068007337736, 52.309068007337736, 'PURSUE'
10, 1251, 52.235914205682036, 52.235914205682036, 'PURSUE'
10, 1252, 52.162760404026336, 52.162760404026336, 'PURSUE'
10, 1253, 52.08960660237064, 52.08960660237064, 'PURSUE'
10, 1254, 52.01645280071494, 52.01645280071494, 'PURSUE'
10, 1255, 52.00262734409875, 52.00262734409875, 'APPROACH-STEALTH'
10, 1256, 51.98880188748256, 51.98880188748256, 'APPROACH-STEALTH'
10, 1257, 51.97497643086637, 51.97497643086637, 'APPROACH-STEALTH'
10, 1258, 51.96115097425018, 51.96115097425018, 'APPROACH-STEALTH'
10, 1259, 51.88889428198328, 51.88889428198328, 'PURSUE'
10, 1260, 51.816637589716386, 51.816637589716386, 'PURSUE'
10, 1261, 51.74438089744949, 51.74438089744949, 'PURSUE'
10, 1262, 51.7306897965184, 51.7306897965184, 'APPROACH-STEALTH'
10, 1263, 51.65847086569911, 51.65847086569911, 'PURSUE'
10, 1264, 51.58625193487982, 51.58625193487982, 'PURSUE'
10, 1265, 51.57278728953684, 51.57278728953684, 'APPROACH-STEALTH'
10, 1266, 51.55932264419386, 51.55932264419386, 'APPROACH-STEALTH'
10, 1267, 51.545857998850884, 51.545857998850884, 'APPROACH-STEALTH'
10, 1268, 51.532393353507906, 51.532393353507906, 'APPROACH-STEALTH'
10, 1269, 51.51892870816493, 51.51892870816493, 'APPROACH-STEALTH'
10, 1270, 51.50546406282195, 51.50546406282195, 'APPROACH-STEALTH'
10, 1271, 51.43330227980963, 51.43330227980963, 'PURSUE'
10, 1272, 51.36114049679731, 51.36114049679731, 'PURSUE'
10, 1273, 51.28897871378499, 51.28897871378499, 'PURSUE'
10, 1274, 51.21681693077267, 51.21681693077267, 'PURSUE'
10, 1275, 51.14465514776035, 51.14465514776035, 'PURSUE'
10, 1276, 51.07169679488765, 51.07169679488765, 'PURSUE'
10, 1277, 50.99954342060305, 50.99954342060305, 'PURSUE'
10, 1278, 50.93834997232032, 50.93834997232032, 'PURSUE'
10, 1279, 50.87715652403759, 50.87715652403759, 'PURSUE'
10, 1280, 50.81596307575486, 50.81596307575486, 'PURSUE'
10, 1281, 50.75476962747213, 50.75476962747213, 'PURSUE'
10, 1282, 50.693962639137396, 50.693962639137396, 'PURSUE'
10, 1283, 50.633155650802664, 50.633155650802664, 'PURSUE'
10, 1284, 50.57234866246793, 50.57234866246793, 'PURSUE'
10, 1285, 50.5115416741332, 50.5115416741332, 'PURSUE'
10, 1286, 50.450734685798466, 50.450734685798466, 'PURSUE'
10, 1287, 50.38992769746373, 50.38992769746373, 'PURSUE'
10, 1288, 50.328728881338805, 50.328728881338805, 'PURSUE'
10, 1289, 50.267530065213876, 50.267530065213876, 'PURSUE'
10, 1290, 50.20633124908895, 50.20633124908895, 'PURSUE'
10, 1291, 50.14513243296402, 50.14513243296402, 'PURSUE'
10, 1292, 50.08393361683909, 50.08393361683909, 'PURSUE'
10, 1293, 50.012100166016175, 50.012100166016175, 'PURSUE'
10, 1294, 49.95136381076021, 49.95136381076021, 'PURSUE'
10, 1295, 49.887992880009456, 49.887992880009456, 'PURSUE'
10, 1296, 49.8268320857439, 49.8268320857439, 'PURSUE'
10, 1297, 49.81493186798162, 49.81493186798162, 'APPROACH-STEALTH'
10, 1298, 49.75431813858176, 49.75431813858176, 'PURSUE'
10, 1299, 49.6937044091819, 49.6937044091819, 'PURSUE'
10, 1300, 49.681735670050145, 49.681735670050145, 'APPROACH-STEALTH'
10, 1301, 49.62115708269793, 49.62115708269793, 'PURSUE'
10, 1302, 49.56057849534571, 49.56057849534571, 'PURSUE'
10, 1303, 49.54850942898789, 49.54850942898789, 'APPROACH-STEALTH'
10, 1304, 49.536440362630074, 49.536440362630074, 'APPROACH-STEALTH'
10, 1305, 49.52437129627226, 49.52437129627226, 'APPROACH-STEALTH'
10, 1306, 49.51230222991444, 49.51230222991444, 'APPROACH-STEALTH'
10, 1307, 49.50023316355662, 49.50023316355662, 'APPROACH-STEALTH'
10, 1308, 49.488164097198805, 49.488164097198805, 'APPROACH-STEALTH'
10, 1309, 49.42691937574121, 49.42691937574121, 'PURSUE'
10, 1310, 49.36567465428361, 49.36567465428361, 'PURSUE'
10, 1311, 49.30442993282601, 49.30442993282601, 'PURSUE'
10, 1312, 49.24318521136841, 49.24318521136841, 'PURSUE'
10, 1313, 49.181940489910815, 49.181940489910815, 'PURSUE'
10, 1314, 49.12069576845322, 49.12069576845322, 'PURSUE'
10, 1315, 49.05945104699562, 49.05945104699562, 'PURSUE'
10, 1316, 48.99820632553802, 48.99820632553802, 'PURSUE'
10, 1317, 48.93696160408042, 48.93696160408042, 'PURSUE'
10, 1318, 48.87350600744323, 48.87350600744323, 'PURSUE'
10, 1319, 48.81005041080604, 48.81005041080604, 'PURSUE'
10, 1320, 48.74659481416885, 48.74659481416885, 'PURSUE'
10, 1321, 48.68536728537127, 48.68536728537127, 'PURSUE'
10, 1322, 48.6722116155317, 48.6722116155317, 'APPROACH-STEALTH'
10, 1323, 48.65905594569213, 48.65905594569213, 'APPROACH-STEALTH'
10, 1324, 48.598290795281635, 48.598290795281635, 'PURSUE'
10, 1325, 48.53712732483151, 48.53712732483151, 'PURSUE'
10, 1326, 48.475963854381384, 48.475963854381384, 'PURSUE'
10, 1327, 48.41480038393126, 48.41480038393126, 'PURSUE'
10, 1328, 48.351384991108105, 48.351384991108105, 'PURSUE'
10, 1329, 48.28796959828495, 48.28796959828495, 'PURSUE'
10, 1330, 48.2245542054618, 48.2245542054618, 'PURSUE'
10, 1331, 48.16344323049383, 48.16344323049383, 'PURSUE'
10, 1332, 48.100055268618355, 48.100055268618355, 'PURSUE'
10, 1333, 48.03666730674288, 48.03666730674288, 'PURSUE'
10, 1334, 47.97625652474872, 47.97625652474872, 'PURSUE'
10, 1335, 47.912896735622155, 47.912896735622155, 'PURSUE'
10, 1336, 47.84953694649559, 47.84953694649559, 'PURSUE'
10, 1337, 47.789141932971084, 47.789141932971084, 'PURSUE'
10, 1338, 47.72803529745615, 47.72803529745615, 'PURSUE'
10, 1339, 47.66692866194122, 47.66692866194122, 'PURSUE'
10, 1340, 47.60582202642629, 47.60582202642629, 'PURSUE'
10, 1341, 47.54471539091136, 47.54471539091136, 'PURSUE'
10, 1342, 47.483608755396425, 47.483608755396425, 'PURSUE'
10, 1343, 47.42250211988149, 47.42250211988149, 'PURSUE'
10, 1344, 47.36139548436656, 47.36139548436656, 'PURSUE'
10, 1345, 47.29797388555622, 47.29797388555622, 'PURSUE'
10, 1346, 47.234552286745874, 47.234552286745874, 'PURSUE'
10, 1347, 47.17415159615288, 47.17415159615288, 'PURSUE'
10, 1348, 47.11375090555989, 47.11375090555989, 'PURSUE'
10, 1349, 47.05270420674487, 47.05270420674487, 'PURSUE'
10, 1350, 46.99165750792985, 46.99165750792985, 'PURSUE'
10, 1351, 46.93061080911483, 46.93061080911483, 'PURSUE'
10, 1352, 46.86956411029981, 46.86956411029981, 'PURSUE'
10, 1353, 46.80851741148479, 46.80851741148479, 'PURSUE'
10, 1354, 46.74505979542967, 46.74505979542967, 'PURSUE'
10, 1355, 46.68467461168759, 46.68467461168759, 'PURSUE'
10, 1356, 46.62428942794551, 46.62428942794551, 'PURSUE'
10, 1357, 46.61326365394615, 46.61326365394615, 'APPROACH-STEALTH'
10, 1358, 46.602237879946784, 46.602237879946784, 'APPROACH-STEALTH'
10, 1359, 46.59121210594742, 46.59121210594742, 'APPROACH-STEALTH'
10, 1360, 46.580186331948056, 46.580186331948056, 'APPROACH-STEALTH'
10, 1361, 46.56916055794869, 46.56916055794869, 'APPROACH-STEALTH'
10, 1362, 46.55813478394933, 46.55813478394933, 'APPROACH-STEALTH'
10, 1363, 46.54710900994996, 46.54710900994996, 'APPROACH-STEALTH'
10, 1364, 46.5360832359506, 46.5360832359506, 'APPROACH-STEALTH'
10, 1365, 46.525057461951235, 46.525057461951235, 'APPROACH-STEALTH'
10, 1366, 46.51403168795187, 46.51403168795187, 'APPROACH-STEALTH'
10, 1367, 46.503005913952514, 46.503005913952514, 'APPROACH-STEALTH'
10, 1368, 46.49198013995316, 46.49198013995316, 'APPROACH-STEALTH'
10, 1369, 46.43115369790128, 46.43115369790128, 'PURSUE'
10, 1370, 46.367690835666366, 46.367690835666366, 'PURSUE'
10, 1371, 46.30422797343145, 46.30422797343145, 'PURSUE'
10, 1372, 46.24076511119654, 46.24076511119654, 'PURSUE'
10, 1373, 46.177302248961624, 46.177302248961624, 'PURSUE'
10, 1374, 46.11383938672671, 46.11383938672671, 'PURSUE'
10, 1375, 46.050376524491796, 46.050376524491796, 'PURSUE'
10, 1376, 45.98691366225688, 45.98691366225688, 'PURSUE'
10, 1377, 45.92345080002197, 45.92345080002197, 'PURSUE'
10, 1378, 45.859987937787054, 45.859987937787054, 'PURSUE'
10, 1379, 45.79652507555214, 45.79652507555214, 'PURSUE'
10, 1380, 45.733062213317226, 45.733062213317226, 'PURSUE'
10, 1381, 45.66959935108231, 45.66959935108231, 'PURSUE'
10, 1382, 45.6061364888474, 45.6061364888474, 'PURSUE'
10, 1383, 45.54267362661248, 45.54267362661248, 'PURSUE'
10, 1384, 45.47921076437757, 45.47921076437757, 'PURSUE'
10, 1385, 45.419035192799356, 45.419035192799356, 'PURSUE'
10, 1386, 45.3580242652953, 45.3580242652953, 'PURSUE'
10, 1387, 45.29701333779124, 45.29701333779124, 'PURSUE'
10, 1388, 45.23631219467405, 45.23631219467405, 'PURSUE'
10, 1389, 45.17609836785707, 45.17609836785707, 'PURSUE'
10, 1390, 45.115884541040096, 45.115884541040096, 'PURSUE'
10, 1391, 45.055180683821455, 45.055180683821455, 'PURSUE'
10, 1392, 44.994938864332816, 44.994938864332816, 'PURSUE'
10, 1393, 44.931438820058744, 44.931438820058744, 'PURSUE'
10, 1394, 44.86793877578467, 44.86793877578467, 'PURSUE'
10, 1395, 44.8044387315106, 44.8044387315106, 'PURSUE'
10, 1396, 44.74093868723653, 44.74093868723653, 'PURSUE'
10, 1397, 44.67743864296246, 44.67743864296246, 'PURSUE'
10, 1398, 44.613938598688385, 44.613938598688385, 'PURSUE'
10, 1399, 44.55043855441431, 44.55043855441431, 'PURSUE'
10, 1400, 44.48693851014024, 44.48693851014024, 'PURSUE'
10, 1401, 44.42343846586617, 44.42343846586617, 'PURSUE'
10, 1402, 44.362488016016265, 44.362488016016265, 'PURSUE'
10, 1403, 44.29902016619093, 44.29902016619093, 'PURSUE'
10, 1404, 44.23555231636559, 44.23555231636559, 'PURSUE'
10, 1405, 44.175478290687245, 44.175478290687245, 'PURSUE'
10, 1406, 44.111960405783, 44.111960405783, 'PURSUE'
10, 1407, 44.04844252087876, 44.04844252087876, 'PURSUE'
10, 1408, 43.98839029727946, 43.98839029727946, 'PURSUE'
10, 1409, 43.924821883248704, 43.924821883248704, 'PURSUE'
10, 1410, 43.86125346921795, 43.86125346921795, 'PURSUE'
10, 1411, 43.86283690481045, 43.86283690481045, 'APPROACH-STEALTH'
10, 1412, 43.849290561120874, 43.849290561120874, 'APPROACH-STEALTH'
10, 1413, 43.78571689792596, 43.78571689792596, 'PURSUE'
10, 1414, 43.72214323473104, 43.72214323473104, 'PURSUE'
10, 1415, 43.65856957153613, 43.65856957153613, 'PURSUE'
10, 1416, 43.597579871414595, 43.597579871414595, 'PURSUE'
10, 1417, 43.533963249656466, 43.533963249656466, 'PURSUE'
10, 1418, 43.47034662789834, 43.47034662789834, 'PURSUE'
10, 1419, 43.465962132969096, 43.465962132969096, 'APPROACH-STEALTH'
10, 1420, 43.461577638039856, 43.461577638039856, 'APPROACH-STEALTH'
10, 1421, 43.457193143110615, 43.457193143110615, 'APPROACH-STEALTH'
10, 1422, 43.44374073795018, 43.44374073795018, 'APPROACH-STEALTH'
10, 1423, 43.38319167334076, 43.38319167334076, 'PURSUE'
10, 1424, 43.36988034000964, 43.36988034000964, 'APPROACH-STEALTH'
10, 1425, 43.31014141419839, 43.31014141419839, 'PURSUE'
10, 1426, 43.250402488387145, 43.250402488387145, 'PURSUE'
10, 1427, 43.1906635625759, 43.1906635625759, 'PURSUE'
10, 1428, 43.130924636764654, 43.130924636764654, 'PURSUE'
10, 1429, 43.06729644628125, 43.06729644628125, 'PURSUE'
10, 1430, 43.00366825579784, 43.00366825579784, 'PURSUE'
10, 1431, 42.940040065314435, 42.940040065314435, 'PURSUE'
10, 1432, 42.87641187483103, 42.87641187483103, 'PURSUE'
10, 1433, 42.81278368434762, 42.81278368434762, 'PURSUE'
10, 1434, 42.749155493864215, 42.749155493864215, 'PURSUE'
10, 1435, 42.68552730338081, 42.68552730338081, 'PURSUE'
10, 1436, 42.6218991128974, 42.6218991128974, 'PURSUE'
10, 1437, 42.558270922413996, 42.558270922413996, 'PURSUE'
10, 1438, 42.49464273193059, 42.49464273193059, 'PURSUE'
10, 1439, 42.43101454144718, 42.43101454144718, 'PURSUE'
10, 1440, 42.37010854656522, 42.37010854656522, 'PURSUE'
10, 1441, 42.30650524285329, 42.30650524285329, 'PURSUE'
10, 1442, 42.24290193914136, 42.24290193914136, 'PURSUE'
10, 1443, 42.182064259373206, 42.182064259373206, 'PURSUE'
10, 1444, 42.11849513052729, 42.11849513052729, 'PURSUE'
10, 1445, 42.05492600168138, 42.05492600168138, 'PURSUE'
10, 1446, 41.995377271596695, 41.995377271596695, 'PURSUE'
10, 1447, 41.93459543390865, 41.93459543390865, 'PURSUE'
10, 1448, 41.870959176976804, 41.870959176976804, 'PURSUE'
10, 1449, 41.80732292004496, 41.80732292004496, 'PURSUE'
10, 1450, 41.74368666311312, 41.74368666311312, 'PURSUE'
10, 1451, 41.684141040584535, 41.684141040584535, 'PURSUE'
10, 1452, 41.624595418055954, 41.624595418055954, 'PURSUE'
10, 1453, 41.560914917648155, 41.560914917648155, 'PURSUE'
10, 1454, 41.56993913524192, 41.56993913524192, 'APPROACH-STEALTH'
10, 1455, 41.57896335283568, 41.57896335283568, 'APPROACH-STEALTH'
10, 1456, 41.58273406269332, 41.58273406269332, 'APPROACH-STEALTH'
10, 1457, 41.58650477255096, 41.58650477255096, 'APPROACH-STEALTH'
10, 1458, 41.5902754824086, 41.5902754824086, 'APPROACH-STEALTH'
10, 1459, 41.59404619226624, 41.59404619226624, 'APPROACH-STEALTH'
10, 1460, 41.59781690212388, 41.59781690212388, 'APPROACH-STEALTH'
10, 1461, 41.60158761198152, 41.60158761198152, 'APPROACH-STEALTH'
10, 1462, 41.60535832183916, 41.60535832183916, 'APPROACH-STEALTH'
10, 1463, 41.6091290316968, 41.6091290316968, 'APPROACH-STEALTH'
10, 1464, 41.61289974155444, 41.61289974155444, 'APPROACH-STEALTH'
10, 1465, 41.616670451412084, 41.616670451412084, 'APPROACH-STEALTH'
10, 1466, 41.620441161269724, 41.620441161269724, 'APPROACH-STEALTH'
10, 1467, 41.624211871127365, 41.624211871127365, 'APPROACH-STEALTH'
10, 1468, 41.627982580985005, 41.627982580985005, 'APPROACH-STEALTH'
10, 1469, 41.631753290842646, 41.631753290842646, 'APPROACH-STEALTH'
10, 1470, 41.635524000700286, 41.635524000700286, 'APPROACH-STEALTH'
10, 1471, 41.63929471055793, 41.63929471055793, 'APPROACH-STEALTH'
10, 1472, 41.64306542041557, 41.64306542041557, 'APPROACH-STEALTH'
10, 1473, 41.64683613027321, 41.64683613027321, 'APPROACH-STEALTH'
10, 1474, 41.65060684013085, 41.65060684013085, 'APPROACH-STEALTH'
10, 1475, 41.65437754998849, 41.65437754998849, 'APPROACH-STEALTH'
10, 1476, 41.65814825984613, 41.65814825984613, 'APPROACH-STEALTH'
10, 1477, 41.66191896970377, 41.66191896970377, 'APPROACH-STEALTH'
10, 1478, 41.66568967956141, 41.66568967956141, 'APPROACH-STEALTH'
10, 1479, 41.66946038941905, 41.66946038941905, 'APPROACH-STEALTH'
10, 1480, 41.67323109927669, 41.67323109927669, 'APPROACH-STEALTH'
10, 1481, 41.67700180913433, 41.67700180913433, 'APPROACH-STEALTH'
10, 1482, 41.68077251899197, 41.68077251899197, 'APPROACH-STEALTH'
10, 1483, 41.68454322884961, 41.68454322884961, 'APPROACH-STEALTH'
10, 1484, 41.68831393870725, 41.68831393870725, 'APPROACH-STEALTH'
10, 1485, 41.692084648564894, 41.692084648564894, 'APPROACH-STEALTH'
10, 1486, 41.695855358422534, 41.695855358422534, 'APPROACH-STEALTH'
10, 1487, 41.66415996253793, 41.66415996253793, 'PURSUE'
10, 1488, 41.632464566653326, 41.632464566653326, 'PURSUE'
10, 1489, 41.60076917076872, 41.60076917076872, 'PURSUE'
10, 1490, 41.56907377488412, 41.56907377488412, 'PURSUE'
10, 1491, 41.53737837899951, 41.53737837899951, 'PURSUE'
10, 1492, 41.50568298311491, 41.50568298311491, 'PURSUE'
10, 1493, 41.473987587230305, 41.473987587230305, 'PURSUE'
10, 1494, 41.465521768379915, 41.465521768379915, 'APPROACH-STEALTH'
10, 1495, 41.40641638947698, 41.40641638947698, 'PURSUE'
10, 1496, 41.348467720552506, 41.348467720552506, 'PURSUE'
10, 1497, 41.29051905162803, 41.29051905162803, 'PURSUE'
10, 1498, 41.285431544833905, 41.285431544833905, 'APPROACH-STEALTH'
10, 1499, 41.28034403803978, 41.28034403803978, 'APPROACH-STEALTH'
10, 1500, 41.27525653124565, 41.27525653124565, 'APPROACH-STEALTH'
10, 1501, 41.270169024451526, 41.270169024451526, 'APPROACH-STEALTH'
10, 1502, 41.23968750384269, 41.23968750384269, 'PURSUE'
10, 1503, 41.20920598323385, 41.20920598323385, 'PURSUE'
10, 1504, 41.17872446262501, 41.17872446262501, 'PURSUE'
10, 1505, 41.148242942016175, 41.148242942016175, 'PURSUE'
10, 1506, 41.11776142140734, 41.11776142140734, 'PURSUE'
10, 1507, 41.116557685990976, 41.116557685990976, 'APPROACH-STEALTH'
10, 1508, 41.115353950574615, 41.115353950574615, 'APPROACH-STEALTH'
10, 1509, 41.114150215158254, 41.114150215158254, 'APPROACH-STEALTH'
10, 1510, 41.11294647974189, 41.11294647974189, 'APPROACH-STEALTH'
10, 1511, 41.11174274432553, 41.11174274432553, 'APPROACH-STEALTH'
10, 1512, 41.11053900890917, 41.11053900890917, 'APPROACH-STEALTH'
10, 1513, 41.10933527349281, 41.10933527349281, 'APPROACH-STEALTH'
10, 1514, 41.10813153807645, 41.10813153807645, 'APPROACH-STEALTH'
10, 1515, 41.0945648646398, 41.0945648646398, 'APPROACH-STEALTH'
10, 1516, 41.03657612742533, 41.03657612742533, 'PURSUE'
10, 1517, 40.97950398090054, 40.97950398090054, 'PURSUE'
10, 1518, 40.921470212148684, 40.921470212148684, 'PURSUE'
10, 1519, 40.86343644339683, 40.86343644339683, 'PURSUE'
10, 1520, 40.86476640569886, 40.86476640569886, 'APPROACH-STEALTH'
10, 1521, 40.86609636800089, 40.86609636800089, 'APPROACH-STEALTH'
10, 1522, 40.86742633030292, 40.86742633030292, 'APPROACH-STEALTH'
10, 1523, 40.86875629260495, 40.86875629260495, 'APPROACH-STEALTH'
10, 1524, 40.87008625490698, 40.87008625490698, 'APPROACH-STEALTH'
10, 1525, 40.87141621720901, 40.87141621720901, 'APPROACH-STEALTH'
10, 1526, 40.87274617951104, 40.87274617951104, 'APPROACH-STEALTH'
10, 1527, 40.87407614181307, 40.87407614181307, 'APPROACH-STEALTH'
10, 1528, 40.8754061041151, 40.8754061041151, 'APPROACH-STEALTH'
10, 1529, 40.87673606641713, 40.87673606641713, 'APPROACH-STEALTH'
10, 1530, 40.87806602871916, 40.87806602871916, 'APPROACH-STEALTH'
10, 1531, 40.87939599102119, 40.87939599102119, 'APPROACH-STEALTH'
10, 1532, 40.88072595332322, 40.88072595332322, 'APPROACH-STEALTH'
10, 1533, 40.88205591562525, 40.88205591562525, 'APPROACH-STEALTH'
10, 1534, 40.88338587792728, 40.88338587792728, 'APPROACH-STEALTH'
10, 1535, 40.85223984698821, 40.85223984698821, 'PURSUE'
10, 1536, 40.82109381604914, 40.82109381604914, 'PURSUE'
10, 1537, 40.760325025074025, 40.760325025074025, 'PURSUE'
10, 1538, 40.70297588590622, 40.70297588590622, 'PURSUE'
10, 1539, 40.64224729790421, 40.64224729790421, 'PURSUE'
10, 1540, 40.61248875955394, 40.61248875955394, 'PURSUE'
10, 1541, 40.58273022120367, 40.58273022120367, 'PURSUE'
10, 1542, 40.552971682853396, 40.552971682853396, 'PURSUE'
10, 1543, 40.55861037753732, 40.55861037753732, 'APPROACH-STEALTH'
10, 1544, 40.564249072221244, 40.564249072221244, 'APPROACH-STEALTH'
10, 1545, 40.56988776690517, 40.56988776690517, 'APPROACH-STEALTH'
10, 1546, 40.57552646158909, 40.57552646158909, 'APPROACH-STEALTH'
10, 1547, 40.569035006102155, 40.569035006102155, 'PURSUE'
10, 1548, 40.56254355061522, 40.56254355061522, 'PURSUE'
10, 1549, 40.55605209512828, 40.55605209512828, 'PURSUE'
10, 1550, 40.52499086241118, 40.52499086241118, 'PURSUE'
10, 1551, 40.49392962969408, 40.49392962969408, 'PURSUE'
10, 1552, 40.48513984491654, 40.48513984491654, 'APPROACH-STEALTH'
10, 1553, 40.4253746631431, 40.4253746631431, 'PURSUE'
10, 1554, 40.36560948136967, 40.36560948136967, 'PURSUE'
10, 1555, 40.3094732121043, 40.3094732121043, 'PURSUE'
10, 1556, 40.24966828291474, 40.24966828291474, 'PURSUE'
10, 1557, 40.19392120664751, 40.19392120664751, 'PURSUE'
10, 1558, 40.137745648053354, 40.137745648053354, 'PURSUE'
10, 1559, 40.07796957083951, 40.07796957083951, 'PURSUE'
10, 1560, 40.01819349362566, 40.01819349362566, 'PURSUE'
10, 1561, 39.96200523985793, 39.96200523985793, 'PURSUE'
10, 1562, 39.90216474980566, 39.90216474980566, 'PURSUE'
10, 1563, 39.84232425975338, 39.84232425975338, 'PURSUE'
10, 1564, 39.84433612673909, 39.84433612673909, 'APPROACH-STEALTH'
10, 1565, 39.843499920773496, 39.843499920773496, 'PURSUE'
10, 1566, 39.842663714807905, 39.842663714807905, 'PURSUE'
10, 1567, 39.841827508842314, 39.841827508842314, 'PURSUE'
10, 1568, 39.84438657545373, 39.84438657545373, 'APPROACH-STEALTH'
10, 1569, 39.84694564206515, 39.84694564206515, 'APPROACH-STEALTH'
10, 1570, 39.846125065654455, 39.846125065654455, 'PURSUE'
10, 1571, 39.84530448924376, 39.84530448924376, 'PURSUE'
10, 1572, 39.81798774326095, 39.81798774326095, 'PURSUE'
10, 1573, 39.79067099727814, 39.79067099727814, 'PURSUE'
10, 1574, 39.76335425129533, 39.76335425129533, 'PURSUE'
10, 1575, 39.736037505312524, 39.736037505312524, 'PURSUE'
10, 1576, 39.708720759329715, 39.708720759329715, 'PURSUE'
10, 1577, 39.681404013346906, 39.681404013346906, 'PURSUE'
10, 1578, 39.6540872673641, 39.6540872673641, 'PURSUE'
10, 1579, 39.62677052138129, 39.62677052138129, 'PURSUE'
10, 1580, 39.59945377539848, 39.59945377539848, 'PURSUE'
10, 1581, 39.57213702941567, 39.57213702941567, 'PURSUE'
10, 1582, 39.54482028343286, 39.54482028343286, 'PURSUE'
10, 1583, 39.546402205227295, 39.546402205227295, 'PURSUE'
10, 1584, 39.54798412702173, 39.54798412702173, 'PURSUE'
10, 1585, 39.54956604881616, 39.54956604881616, 'PURSUE'
10, 1586, 39.55114797061059, 39.55114797061059, 'PURSUE'
10, 1587, 39.55920185714397, 39.55920185714397, 'APPROACH-STEALTH'
10, 1588, 39.56725574367734, 39.56725574367734, 'APPROACH-STEALTH'
10, 1589, 39.57530963021072, 39.57530963021072, 'APPROACH-STEALTH'
10, 1590, 39.58336351674409, 39.58336351674409, 'APPROACH-STEALTH'
10, 1591, 39.5845441587235, 39.5845441587235, 'PURSUE'
10, 1592, 39.58572480070291, 39.58572480070291, 'PURSUE'
10, 1593, 39.58690544268232, 39.58690544268232, 'PURSUE'
10, 1594, 39.58808608466173, 39.58808608466173, 'PURSUE'
10, 1595, 39.58926672664114, 39.58926672664114, 'PURSUE'
10, 1596, 39.5762513962881, 39.5762513962881, 'APPROACH-STEALTH'
10, 1597, 39.519420193071056, 39.519420193071056, 'PURSUE'
10, 1598, 39.46258898985401, 39.46258898985401, 'PURSUE'
10, 1599, 39.44899604182697, 39.44899604182697, 'APPROACH-STEALTH'
10, 1600, 39.435403093799934, 39.435403093799934, 'APPROACH-STEALTH'
10, 1601, 39.421810145772895, 39.421810145772895, 'APPROACH-STEALTH'
10, 1602, 39.36927022559676, 39.36927022559676, 'PURSUE'
10, 1603, 39.31673030542062, 39.31673030542062, 'PURSUE'
10, 1604, 39.26419038524448, 39.26419038524448, 'PURSUE'
10, 1605, 39.211650465068345, 39.211650465068345, 'PURSUE'
10, 1606, 39.15911054489221, 39.15911054489221, 'PURSUE'
10, 1607, 39.10688400172904, 39.10688400172904, 'PURSUE'
10, 1608, 39.05016471171208, 39.05016471171208, 'PURSUE'
10, 1609, 38.993445421695114, 38.993445421695114, 'PURSUE'
10, 1610, 38.93672613167815, 38.93672613167815, 'PURSUE'
10, 1611, 38.880006841661185, 38.880006841661185, 'PURSUE'
10, 1612, 38.82328755164422, 38.82328755164422, 'PURSUE'
10, 1613, 38.766568261627256, 38.766568261627256, 'PURSUE'
10, 1614, 38.75284173051636, 38.75284173051636, 'APPROACH-STEALTH'
10, 1615, 38.73911519940546, 38.73911519940546, 'APPROACH-STEALTH'
10, 1616, 38.72538866829456, 38.72538866829456, 'APPROACH-STEALTH'
10, 1617, 38.66878543832849, 38.66878543832849, 'PURSUE'
10, 1618, 38.61218220836242, 38.61218220836242, 'PURSUE'
10, 1619, 38.55557897839635, 38.55557897839635, 'PURSUE'
10, 1620, 38.498975748430276, 38.498975748430276, 'PURSUE'
10, 1621, 38.446906933948426, 38.446906933948426, 'PURSUE'
10, 1622, 38.39483811946658, 38.39483811946658, 'PURSUE'
10, 1623, 38.34234900002631, 38.34234900002631, 'PURSUE'
10, 1624, 38.29034310672158, 38.29034310672158, 'PURSUE'
10, 1625, 38.23833721341685, 38.23833721341685, 'PURSUE'
10, 1626, 38.23367940275398, 38.23367940275398, 'APPROACH-STEALTH'
10, 1627, 38.18172045374418, 38.18172045374418, 'PURSUE'
10, 1628, 38.129761504734375, 38.129761504734375, 'PURSUE'
10, 1629, 38.07714088836542, 38.07714088836542, 'PURSUE'
10, 1630, 38.024520271996465, 38.024520271996465, 'PURSUE'
10, 1631, 37.97189965562751, 37.97189965562751, 'PURSUE'
10, 1632, 37.91500263352583, 37.91500263352583, 'PURSUE'
10, 1633, 37.85810561142415, 37.85810561142415, 'PURSUE'
10, 1634, 37.80120858932247, 37.80120858932247, 'PURSUE'
10, 1635, 37.80336853689207, 37.80336853689207, 'APPROACH-STEALTH'
10, 1636, 37.81040428504908, 37.81040428504908, 'PURSUE'
10, 1637, 37.822235820188745, 37.822235820188745, 'PURSUE'
10, 1638, 37.83406735532841, 37.83406735532841, 'PURSUE'
10, 1639, 37.84589889046807, 37.84589889046807, 'PURSUE'
10, 1640, 37.857730425607734, 37.857730425607734, 'PURSUE'
10, 1641, 37.8695619607474, 37.8695619607474, 'PURSUE'
10, 1642, 37.88139349588706, 37.88139349588706, 'PURSUE'
10, 1643, 37.88266432320814, 37.88266432320814, 'APPROACH-STEALTH'
10, 1644, 37.88393515052922, 37.88393515052922, 'APPROACH-STEALTH'
10, 1645, 37.8852059778503, 37.8852059778503, 'APPROACH-STEALTH'
10, 1646, 37.88647680517138, 37.88647680517138, 'APPROACH-STEALTH'
10, 1647, 37.887747632492456, 37.887747632492456, 'APPROACH-STEALTH'
10, 1648, 37.889018459813535, 37.889018459813535, 'APPROACH-STEALTH'
10, 1649, 37.890289287134614, 37.890289287134614, 'APPROACH-STEALTH'
10, 1650, 37.89156011445569, 37.89156011445569, 'APPROACH-STEALTH'
10, 1651, 37.89283094177677, 37.89283094177677, 'APPROACH-STEALTH'
10, 1652, 37.89410176909785, 37.89410176909785, 'APPROACH-STEALTH'
10, 1653, 37.89537259641893, 37.89537259641893, 'APPROACH-STEALTH'
10, 1654, 37.89664342374001, 37.89664342374001, 'APPROACH-STEALTH'
10, 1655, 37.89791425106109, 37.89791425106109, 'APPROACH-STEALTH'
10, 1656, 37.89918507838217, 37.89918507838217, 'APPROACH-STEALTH'
10, 1657, 37.90045590570325, 37.90045590570325, 'APPROACH-STEALTH'
10, 1658, 37.901726733024326, 37.901726733024326, 'APPROACH-STEALTH'
10, 1659, 37.902997560345405, 37.902997560345405, 'APPROACH-STEALTH'
10, 1660, 37.904268387666484, 37.904268387666484, 'APPROACH-STEALTH'
10, 1661, 37.90553921498756, 37.90553921498756, 'APPROACH-STEALTH'
10, 1662, 37.90681004230864, 37.90681004230864, 'APPROACH-STEALTH'
10, 1663, 37.90808086962972, 37.90808086962972, 'APPROACH-STEALTH'
10, 1664, 37.9093516969508, 37.9093516969508, 'APPROACH-STEALTH'
10, 1665, 37.921404353890914, 37.921404353890914, 'PURSUE'
10, 1666, 37.93345701083103, 37.93345701083103, 'PURSUE'
10, 1667, 37.94550966777114, 37.94550966777114, 'PURSUE'
10, 1668, 37.957562324711255, 37.957562324711255, 'PURSUE'
10, 1669, 37.96961498165137, 37.96961498165137, 'PURSUE'
10, 1670, 37.98166763859148, 37.98166763859148, 'PURSUE'
10, 1671, 37.993720295531595, 37.993720295531595, 'PURSUE'
10, 1672, 38.00577295247171, 38.00577295247171, 'PURSUE'
10, 1673, 37.96943233885549, 37.96943233885549, 'PURSUE'
10, 1674, 37.93309172523927, 37.93309172523927, 'PURSUE'
10, 1675, 37.896751111623054, 37.896751111623054, 'PURSUE'
10, 1676, 37.860410498006836, 37.860410498006836, 'PURSUE'
10, 1677, 37.873734000165136, 37.873734000165136, 'PURSUE'
10, 1678, 37.88705750232344, 37.88705750232344, 'PURSUE'
10, 1679, 37.90038100448174, 37.90038100448174, 'PURSUE'
10, 1680, 37.91370450664004, 37.91370450664004, 'PURSUE'
10, 1681, 37.92702800879834, 37.92702800879834, 'PURSUE'
10, 1682, 37.94035151095664, 37.94035151095664, 'PURSUE'
10, 1683, 37.95367501311494, 37.95367501311494, 'PURSUE'
10, 1684, 37.96699851527324, 37.96699851527324, 'PURSUE'
10, 1685, 37.98032201743154, 37.98032201743154, 'PURSUE'
10, 1686, 37.99364551958984, 37.99364551958984, 'PURSUE'
10, 1687, 38.00696902174814, 38.00696902174814, 'PURSUE'
10, 1688, 37.99390498096148, 37.99390498096148, 'APPROACH-STEALTH'
10, 1689, 37.94062955072017, 37.94062955072017, 'PURSUE'
10, 1690, 37.887354120478854, 37.887354120478854, 'PURSUE'
10, 1691, 37.83407869023754, 37.83407869023754, 'PURSUE'
10, 1692, 37.785659131263145, 37.785659131263145, 'PURSUE'
10, 1693, 37.73723957228875, 37.73723957228875, 'PURSUE'
10, 1694, 37.688465552335025, 37.688465552335025, 'PURSUE'
10, 1695, 37.6396915323813, 37.6396915323813, 'PURSUE'
10, 1696, 37.62690930770333, 37.62690930770333, 'APPROACH-STEALTH'
10, 1697, 37.63320577641143, 37.63320577641143, 'APPROACH-STEALTH'
10, 1698, 37.648681218145, 37.648681218145, 'PURSUE'
10, 1699, 37.66415665987857, 37.66415665987857, 'PURSUE'
10, 1700, 37.67963210161214, 37.67963210161214, 'PURSUE'
10, 1701, 37.69510754334571, 37.69510754334571, 'PURSUE'
10, 1702, 37.710582985079284, 37.710582985079284, 'PURSUE'
10, 1703, 37.726058426812855, 37.726058426812855, 'PURSUE'
10, 1704, 37.741533868546426, 37.741533868546426, 'PURSUE'
10, 1705, 37.75700931028, 37.75700931028, 'PURSUE'
10, 1706, 37.74338169280547, 37.74338169280547, 'APPROACH-STEALTH'
10, 1707, 37.69071275928798, 37.69071275928798, 'PURSUE'
10, 1708, 37.638043825770495, 37.638043825770495, 'PURSUE'
10, 1709, 37.58537489225301, 37.58537489225301, 'PURSUE'
10, 1710, 37.53270595873552, 37.53270595873552, 'PURSUE'
10, 1711, 37.48003702521803, 37.48003702521803, 'PURSUE'
10, 1712, 37.46662989043342, 37.46662989043342, 'APPROACH-STEALTH'
10, 1713, 37.4532227556488, 37.4532227556488, 'APPROACH-STEALTH'
10, 1714, 37.43981562086419, 37.43981562086419, 'APPROACH-STEALTH'
10, 1715, 37.42640848607957, 37.42640848607957, 'APPROACH-STEALTH'
10, 1716, 37.41300135129496, 37.41300135129496, 'APPROACH-STEALTH'
10, 1717, 37.399594216510344, 37.399594216510344, 'APPROACH-STEALTH'
10, 1718, 37.38618708172573, 37.38618708172573, 'APPROACH-STEALTH'
10, 1719, 37.372779946941115, 37.372779946941115, 'APPROACH-STEALTH'
10, 1720, 37.3593728121565, 37.3593728121565, 'APPROACH-STEALTH'
10, 1721, 37.345965677371886, 37.345965677371886, 'APPROACH-STEALTH'
10, 1722, 37.33255854258727, 37.33255854258727, 'APPROACH-STEALTH'
10, 1723, 37.31915140780266, 37.31915140780266, 'APPROACH-STEALTH'
10, 1724, 37.30574427301804, 37.30574427301804, 'APPROACH-STEALTH'
10, 1725, 37.32402457812717, 37.32402457812717, 'PURSUE'
10, 1726, 37.3423048832363, 37.3423048832363, 'PURSUE'
10, 1727, 37.36058518834543, 37.36058518834543, 'PURSUE'
10, 1728, 37.37886549345456, 37.37886549345456, 'PURSUE'
10, 1729, 37.39714579856369, 37.39714579856369, 'PURSUE'
10, 1730, 37.41542610367282, 37.41542610367282, 'PURSUE'
10, 1731, 37.43370640878195, 37.43370640878195, 'PURSUE'
10, 1732, 37.45198671389108, 37.45198671389108, 'PURSUE'
10, 1733, 37.47026701900021, 37.47026701900021, 'PURSUE'
10, 1734, 37.48854732410934, 37.48854732410934, 'PURSUE'
10, 1735, 37.50682762921847, 37.50682762921847, 'PURSUE'
10, 1736, 37.51588166818688, 37.51588166818688, 'APPROACH-STEALTH'
10, 1737, 37.50528245986449, 37.50528245986449, 'APPROACH-STEALTH'
10, 1738, 37.51436690800525, 37.51436690800525, 'APPROACH-STEALTH'
10, 1739, 37.52345135614601, 37.52345135614601, 'APPROACH-STEALTH'
10, 1740, 37.49586770910835, 37.49586770910835, 'PURSUE'
10, 1741, 37.468284062070694, 37.468284062070694, 'PURSUE'
10, 1742, 37.45492007220157, 37.45492007220157, 'APPROACH-STEALTH'
10, 1743, 37.40929941416568, 37.40929941416568, 'PURSUE'
10, 1744, 37.396121067384215, 37.396121067384215, 'APPROACH-STEALTH'
10, 1745, 37.350488048395924, 37.350488048395924, 'PURSUE'
10, 1746, 37.29950051429554, 37.29950051429554, 'PURSUE'
10, 1747, 37.24851298019515, 37.24851298019515, 'PURSUE'
10, 1748, 37.197525446094765, 37.197525446094765, 'PURSUE'
10, 1749, 37.14653791199438, 37.14653791199438, 'PURSUE'
10, 1750, 37.09555037789399, 37.09555037789399, 'PURSUE'
10, 1751, 37.04456284379361, 37.04456284379361, 'PURSUE'
10, 1752, 36.99357530969322, 36.99357530969322, 'PURSUE'
10, 1753, 36.942587775592834, 36.942587775592834, 'PURSUE'
10, 1754, 36.89160024149245, 36.89160024149245, 'PURSUE'
10, 1755, 36.84061270739206, 36.84061270739206, 'PURSUE'
10, 1756, 36.82674527687089, 36.82674527687089, 'APPROACH-STEALTH'
10, 1757, 36.780108475695286, 36.780108475695286, 'PURSUE'
10, 1758, 36.72907509992157, 36.72907509992157, 'PURSUE'
10, 1759, 36.67804172414786, 36.67804172414786, 'PURSUE'
10, 1760, 36.66475979222089, 36.66475979222089, 'APPROACH-STEALTH'
10, 1761, 36.61370074702401, 36.61370074702401, 'PURSUE'
10, 1762, 36.56264170182713, 36.56264170182713, 'PURSUE'
10, 1763, 36.51740631176142, 36.51740631176142, 'PURSUE'
10, 1764, 36.46628597723764, 36.46628597723764, 'PURSUE'
10, 1765, 36.421335875840974, 36.421335875840974, 'PURSUE'
10, 1766, 36.37638577444431, 36.37638577444431, 'PURSUE'
10, 1767, 36.32523483187586, 36.32523483187586, 'PURSUE'
10, 1768, 36.27408388930741, 36.27408388930741, 'PURSUE'
10, 1769, 36.222932946738965, 36.222932946738965, 'PURSUE'
10, 1770, 36.20946851726465, 36.20946851726465, 'APPROACH-STEALTH'
10, 1771, 36.16286210459344, 36.16286210459344, 'PURSUE'
10, 1772, 36.111665825653446, 36.111665825653446, 'PURSUE'
10, 1773, 36.060469546713456, 36.060469546713456, 'PURSUE'
10, 1774, 36.009273267773466, 36.009273267773466, 'PURSUE'
10, 1775, 35.96420380938551, 35.96420380938551, 'PURSUE'
10, 1776, 35.91293527153815, 35.91293527153815, 'PURSUE'
10, 1777, 35.8616667336908, 35.8616667336908, 'PURSUE'
10, 1778, 35.815160342841985, 35.815160342841985, 'PURSUE'
10, 1779, 35.80143403532914, 35.80143403532914, 'APPROACH-STEALTH'
10, 1780, 35.76972258058004, 35.76972258058004, 'PURSUE'
10, 1781, 35.73801112583094, 35.73801112583094, 'PURSUE'
10, 1782, 35.721904309313835, 35.721904309313835, 'PURSUE'
10, 1783, 35.705797492796734, 35.705797492796734, 'PURSUE'
10, 1784, 35.67376118972, 35.67376118972, 'PURSUE'
10, 1785, 35.64172488664326, 35.64172488664326, 'PURSUE'
10, 1786, 35.625829712733804, 35.625829712733804, 'PURSUE'
10, 1787, 35.60993453882435, 35.60993453882435, 'PURSUE'
10, 1788, 35.57774030893738, 35.57774030893738, 'PURSUE'
10, 1789, 35.54554607905041, 35.54554607905041, 'PURSUE'
10, 1790, 35.53476542769988, 35.53476542769988, 'APPROACH-STEALTH'
10, 1791, 35.51919278625828, 35.51919278625828, 'PURSUE'
10, 1792, 35.50362014481668, 35.50362014481668, 'PURSUE'
10, 1793, 35.49159809961305, 35.49159809961305, 'APPROACH-STEALTH'
10, 1794, 35.47795498713415, 35.47795498713415, 'APPROACH-STEALTH'
10, 1795, 35.445805931143, 35.445805931143, 'PURSUE'
10, 1796, 35.41365687515185, 35.41365687515185, 'PURSUE'
10, 1797, 35.3998458387944, 35.3998458387944, 'APPROACH-STEALTH'
10, 1798, 35.35567478405932, 35.35567478405932, 'PURSUE'
10, 1799, 35.34998975006951, 35.34998975006951, 'APPROACH-STEALTH'
10, 1800, 35.305765286841996, 35.305765286841996, 'PURSUE'
10, 1801, 35.26154082361448, 35.26154082361448, 'PURSUE'
10, 1802, 35.25644760120481, 35.25644760120481, 'APPROACH-STEALTH'
10, 1803, 35.25135437879514, 35.25135437879514, 'APPROACH-STEALTH'
10, 1804, 35.24626115638547, 35.24626115638547, 'APPROACH-STEALTH'
10, 1805, 35.2411679339758, 35.2411679339758, 'APPROACH-STEALTH'
10, 1806, 35.196901836754584, 35.196901836754584, 'PURSUE'
10, 1807, 35.152635739533366, 35.152635739533366, 'PURSUE'
10, 1808, 35.103578732388044, 35.103578732388044, 'PURSUE'
10, 1809, 35.05452172524272, 35.05452172524272, 'PURSUE'
10, 1810, 35.0054647180974, 35.0054647180974, 'PURSUE'
10, 1811, 34.95640771095208, 34.95640771095208, 'PURSUE'
10, 1812, 34.907350703806756, 34.907350703806756, 'PURSUE'
10, 1813, 34.858293696661434, 34.858293696661434, 'PURSUE'
10, 1814, 34.80923668951611, 34.80923668951611, 'PURSUE'
10, 1815, 34.76017968237079, 34.76017968237079, 'PURSUE'
10, 1816, 34.71112267522547, 34.71112267522547, 'PURSUE'
10, 1817, 34.662065668080146, 34.662065668080146, 'PURSUE'
10, 1818, 34.613008660934824, 34.613008660934824, 'PURSUE'
10, 1819, 34.5639516537895, 34.5639516537895, 'PURSUE'
10, 1820, 34.51489464664418, 34.51489464664418, 'PURSUE'
10, 1821, 34.46583763949886, 34.46583763949886, 'PURSUE'
10, 1822, 34.416780632353536, 34.416780632353536, 'PURSUE'
10, 1823, 34.403231570566135, 34.403231570566135, 'APPROACH-STEALTH'
10, 1824, 34.37933930994897, 34.37933930994897, 'PURSUE'
10, 1825, 34.36566801534402, 34.36566801534402, 'APPROACH-STEALTH'
10, 1826, 34.35199672073907, 34.35199672073907, 'APPROACH-STEALTH'
10, 1827, 34.34484824989961, 34.34484824989961, 'PURSUE'
10, 1828, 34.32093087302149, 34.32093087302149, 'PURSUE'
10, 1829, 34.297013496143364, 34.297013496143364, 'PURSUE'
10, 1830, 34.27309611926524, 34.27309611926524, 'PURSUE'
10, 1831, 34.26643313492878, 34.26643313492878, 'PURSUE'
10, 1832, 34.24258081078973, 34.24258081078973, 'PURSUE'
10, 1833, 34.21872848665068, 34.21872848665068, 'PURSUE'
10, 1834, 34.212451919128455, 34.212451919128455, 'PURSUE'
10, 1835, 34.24616743430754, 34.24616743430754, 'PURSUE'
10, 1836, 34.23290423074672, 34.23290423074672, 'APPROACH-STEALTH'
10, 1837, 34.19044328790776, 34.19044328790776, 'PURSUE'
10, 1838, 34.143019994731624, 34.143019994731624, 'PURSUE'
10, 1839, 34.095596701555486, 34.095596701555486, 'PURSUE'
10, 1840, 34.04817340837935, 34.04817340837935, 'PURSUE'
10, 1841, 34.00075011520321, 34.00075011520321, 'PURSUE'
10, 1842, 33.95332682202707, 33.95332682202707, 'PURSUE'
10, 1843, 33.905903528850935, 33.905903528850935, 'PURSUE'
10, 1844, 33.86347000766594, 33.86347000766594, 'PURSUE'
10, 1845, 33.815972839811884, 33.815972839811884, 'PURSUE'
10, 1846, 33.76847567195783, 33.76847567195783, 'PURSUE'
10, 1847, 33.72603354157413, 33.72603354157413, 'PURSUE'
10, 1848, 33.683591411190434, 33.683591411190434, 'PURSUE'
10, 1849, 33.670880884085925, 33.670880884085925, 'APPROACH-STEALTH'
10, 1850, 33.66764435822835, 33.66764435822835, 'PURSUE'
10, 1851, 33.66440783237078, 33.66440783237078, 'PURSUE'
10, 1852, 33.661171306513204, 33.661171306513204, 'PURSUE'
10, 1853, 33.647373671754195, 33.647373671754195, 'APPROACH-STEALTH'
10, 1854, 33.6053080792712, 33.6053080792712, 'PURSUE'
10, 1855, 33.5632424867882, 33.5632424867882, 'PURSUE'
10, 1856, 33.516176155366935, 33.516176155366935, 'PURSUE'
10, 1857, 33.46910982394567, 33.46910982394567, 'PURSUE'
10, 1858, 33.42923356658787, 33.42923356658787, 'PURSUE'
10, 1859, 33.38831144000128, 33.38831144000128, 'PURSUE'
10, 1860, 33.3805061812591, 33.3805061812591, 'APPROACH-STEALTH'
10, 1861, 33.37270092251692, 33.37270092251692, 'APPROACH-STEALTH'
10, 1862, 33.36489566377474, 33.36489566377474, 'APPROACH-STEALTH'
10, 1863, 33.32389369255856, 33.32389369255856, 'PURSUE'
10, 1864, 33.27687533542472, 33.27687533542472, 'PURSUE'
10, 1865, 33.229856978290876, 33.229856978290876, 'PURSUE'
10, 1866, 33.18283862115703, 33.18283862115703, 'PURSUE'
10, 1867, 33.13582026402319, 33.13582026402319, 'PURSUE'
10, 1868, 33.088801906889344, 33.088801906889344, 'PURSUE'
10, 1869, 33.0417835497555, 33.0417835497555, 'PURSUE'
10, 1870, 32.99476519262166, 32.99476519262166, 'PURSUE'
10, 1871, 32.95399825018611, 32.95399825018611, 'PURSUE'
10, 1872, 32.91218687110859, 32.91218687110859, 'PURSUE'
10, 1873, 32.870375492031066, 32.870375492031066, 'PURSUE'
10, 1874, 32.82856411295354, 32.82856411295354, 'PURSUE'
10, 1875, 32.78155230032225, 32.78155230032225, 'PURSUE'
10, 1876, 32.73454048769095, 32.73454048769095, 'PURSUE'
10, 1877, 32.68752867505965, 32.68752867505965, 'PURSUE'
10, 1878, 32.640516862428356, 32.640516862428356, 'PURSUE'
10, 1879, 32.59350504979706, 32.59350504979706, 'PURSUE'
10, 1880, 32.55298267244426, 32.55298267244426, 'PURSUE'
10, 1881, 32.542666056914264, 32.542666056914264, 'APPROACH-STEALTH'
10, 1882, 32.53234944138427, 32.53234944138427, 'APPROACH-STEALTH'
10, 1883, 32.534490121899616, 32.534490121899616, 'PURSUE'
10, 1884, 32.523436979595445, 32.523436979595445, 'APPROACH-STEALTH'
10, 1885, 32.52550662230286, 32.52550662230286, 'PURSUE'
10, 1886, 32.51369541188815, 32.51369541188815, 'APPROACH-STEALTH'
10, 1887, 32.51569775976618, 32.51569775976618, 'PURSUE'
10, 1888, 32.50314939992438, 32.50314939992438, 'APPROACH-STEALTH'
10, 1889, 32.50508819951526, 32.50508819951526, 'PURSUE'
10, 1890, 32.49189012401086, 32.49189012401086, 'APPROACH-STEALTH'
10, 1891, 32.450756399948226, 32.450756399948226, 'PURSUE'
10, 1892, 32.41092452216284, 32.41092452216284, 'PURSUE'
10, 1893, 32.37109264437745, 32.37109264437745, 'PURSUE'
10, 1894, 32.3642499695479, 32.3642499695479, 'APPROACH-STEALTH'
10, 1895, 32.32304204109302, 32.32304204109302, 'PURSUE'
10, 1896, 32.28183411263814, 32.28183411263814, 'PURSUE'
10, 1897, 32.240626184183256, 32.240626184183256, 'PURSUE'
10, 1898, 32.20164600781058, 32.20164600781058, 'PURSUE'
10, 1899, 32.155157733845066, 32.155157733845066, 'PURSUE'
10, 1900, 32.10866945987955, 32.10866945987955, 'PURSUE'
10, 1901, 32.062181185914035, 32.062181185914035, 'PURSUE'
10, 1902, 32.01569291194852, 32.01569291194852, 'PURSUE'
10, 1903, 31.969204637983005, 31.969204637983005, 'PURSUE'
10, 1904, 31.92271636401749, 31.92271636401749, 'PURSUE'
10, 1905, 31.88398930714908, 31.88398930714908, 'PURSUE'
10, 1906, 31.844278171113093, 31.844278171113093, 'PURSUE'
10, 1907, 31.805466097764402, 31.805466097764402, 'PURSUE'
10, 1908, 31.76665402441571, 31.76665402441571, 'PURSUE'
10, 1909, 31.72526029453572, 31.72526029453572, 'PURSUE'
10, 1910, 31.686515080491777, 31.686515080491777, 'PURSUE'
10, 1911, 31.647769866447835, 31.647769866447835, 'PURSUE'
10, 1912, 31.608129638932745, 31.608129638932745, 'PURSUE'
10, 1913, 31.568489411417655, 31.568489411417655, 'PURSUE'
10, 1914, 31.521628940862062, 31.521628940862062, 'PURSUE'
10, 1915, 31.52598177341848, 31.52598177341848, 'APPROACH-STEALTH'
10, 1916, 31.552617326709292, 31.552617326709292, 'APPROACH-BLIND'
10, 1917, 31.565935103354697, 31.565935103354697, 'APPROACH-STEALTH'
10, 1918, 31.5792528800001, 31.5792528800001, 'APPROACH-STEALTH'
10, 1919, 31.592570656645506, 31.592570656645506, 'APPROACH-STEALTH'
10, 1920, 31.60588843329091, 31.60588843329091, 'APPROACH-STEALTH'
10, 1921, 31.619206209936316, 31.619206209936316, 'APPROACH-STEALTH'
10, 1922, 31.63252398658172, 31.63252398658172, 'APPROACH-STEALTH'
10, 1923, 31.645841763227125, 31.645841763227125, 'APPROACH-STEALTH'
10, 1924, 31.65915953987253, 31.65915953987253, 'APPROACH-STEALTH'
10, 1925, 31.672477316517934, 31.672477316517934, 'APPROACH-STEALTH'
10, 1926, 31.68579509316334, 31.68579509316334, 'APPROACH-STEALTH'
10, 1927, 31.699112869808744, 31.699112869808744, 'APPROACH-STEALTH'
10, 1928, 31.71243064645415, 31.71243064645415, 'APPROACH-STEALTH'
10, 1929, 31.725748423099553, 31.725748423099553, 'APPROACH-STEALTH'
10, 1930, 31.739066199744958, 31.739066199744958, 'APPROACH-STEALTH'
10, 1931, 31.752383976390362, 31.752383976390362, 'APPROACH-STEALTH'
10, 1932, 31.765701753035767, 31.765701753035767, 'APPROACH-STEALTH'
10, 1933, 31.77901952968117, 31.77901952968117, 'APPROACH-STEALTH'
10, 1934, 31.792337306326576, 31.792337306326576, 'APPROACH-STEALTH'
10, 1935, 31.80565508297198, 31.80565508297198, 'APPROACH-STEALTH'
10, 1936, 31.818972859617386, 31.818972859617386, 'APPROACH-STEALTH'
10, 1937, 31.83229063626279, 31.83229063626279, 'APPROACH-STEALTH'
10, 1938, 31.845608412908195, 31.845608412908195, 'APPROACH-STEALTH'
10, 1939, 31.8589261895536, 31.8589261895536, 'APPROACH-STEALTH'
10, 1940, 31.872243966199004, 31.872243966199004, 'APPROACH-STEALTH'
10, 1941, 31.88556174284441, 31.88556174284441, 'APPROACH-STEALTH'
10, 1942, 31.898879519489814, 31.898879519489814, 'APPROACH-STEALTH'
10, 1943, 31.91219729613522, 31.91219729613522, 'APPROACH-STEALTH'
10, 1944, 31.925515072780623, 31.925515072780623, 'APPROACH-STEALTH'
10, 1945, 31.938832849426028, 31.938832849426028, 'APPROACH-STEALTH'
10, 1946, 31.952150626071433, 31.952150626071433, 'APPROACH-STEALTH'
10, 1947, 31.965468402716837, 31.965468402716837, 'APPROACH-STEALTH'
10, 1948, 31.978786179362242, 31.978786179362242, 'APPROACH-STEALTH'
10, 1949, 31.992103956007647, 31.992103956007647, 'APPROACH-STEALTH'
10, 1950, 32.005421732653055, 32.005421732653055, 'APPROACH-STEALTH'
10, 1951, 32.01873950929846, 32.01873950929846, 'APPROACH-STEALTH'
10, 1952, 32.03205728594387, 32.03205728594387, 'APPROACH-STEALTH'
10, 1953, 32.04537506258928, 32.04537506258928, 'APPROACH-STEALTH'
10, 1954, 32.05869283923469, 32.05869283923469, 'APPROACH-STEALTH'
10, 1955, 32.072010615880096, 32.072010615880096, 'APPROACH-STEALTH'
10, 1956, 32.085328392525504, 32.085328392525504, 'APPROACH-STEALTH'
10, 1957, 32.09864616917091, 32.09864616917091, 'APPROACH-STEALTH'
10, 1958, 32.11196394581632, 32.11196394581632, 'APPROACH-STEALTH'
10, 1959, 32.12528172246173, 32.12528172246173, 'APPROACH-STEALTH'
10, 1960, 32.13859949910714, 32.13859949910714, 'APPROACH-STEALTH'
10, 1961, 32.151917275752545, 32.151917275752545, 'APPROACH-STEALTH'
10, 1962, 32.16523505239795, 32.16523505239795, 'APPROACH-STEALTH'
10, 1963, 32.17855282904336, 32.17855282904336, 'APPROACH-STEALTH'
10, 1964, 32.19187060568877, 32.19187060568877, 'APPROACH-STEALTH'
10, 1965, 32.20518838233418, 32.20518838233418, 'APPROACH-STEALTH'
10, 1966, 32.21850615897959, 32.21850615897959, 'APPROACH-STEALTH'
10, 1967, 32.231823935624995, 32.231823935624995, 'APPROACH-STEALTH'
10, 1968, 32.2451417122704, 32.2451417122704, 'APPROACH-STEALTH'
10, 1969, 32.25845948891581, 32.25845948891581, 'APPROACH-STEALTH'
10, 1970, 32.27177726556122, 32.27177726556122, 'APPROACH-STEALTH'
10, 1971, 32.28509504220663, 32.28509504220663, 'APPROACH-STEALTH'
10, 1972, 32.298412818852036, 32.298412818852036, 'APPROACH-STEALTH'
10, 1973, 32.311730595497444, 32.311730595497444, 'APPROACH-STEALTH'
10, 1974, 32.32504837214285, 32.32504837214285, 'APPROACH-STEALTH'
10, 1975, 32.33836614878826, 32.33836614878826, 'APPROACH-STEALTH'
10, 1976, 32.35168392543367, 32.35168392543367, 'APPROACH-STEALTH'
10, 1977, 32.36500170207908, 32.36500170207908, 'APPROACH-STEALTH'
10, 1978, 32.378319478724485, 32.378319478724485, 'APPROACH-STEALTH'
10, 1979, 32.39163725536989, 32.39163725536989, 'APPROACH-STEALTH'
10, 1980, 32.4049550320153, 32.4049550320153, 'APPROACH-STEALTH'
10, 1981, 32.41827280866071, 32.41827280866071, 'APPROACH-STEALTH'
10, 1982, 32.43159058530612, 32.43159058530612, 'APPROACH-STEALTH'
10, 1983, 32.444908361951526, 32.444908361951526, 'APPROACH-STEALTH'
10, 1984, 32.458226138596935, 32.458226138596935, 'APPROACH-STEALTH'
10, 1985, 32.47154391524234, 32.47154391524234, 'APPROACH-STEALTH'
10, 1986, 32.48486169188775, 32.48486169188775, 'APPROACH-STEALTH'
10, 1987, 32.49817946853316, 32.49817946853316, 'APPROACH-STEALTH'
10, 1988, 32.51149724517857, 32.51149724517857, 'APPROACH-STEALTH'
10, 1989, 32.51838483418618, 32.51838483418618, 'APPROACH-STEALTH'
10, 1990, 32.500102393953654, 32.500102393953654, 'PURSUE'
10, 1991, 32.48181995372113, 32.48181995372113, 'PURSUE'
10, 1992, 32.47395757718939, 32.47395757718939, 'APPROACH-STEALTH'
10, 1993, 32.46609520065765, 32.46609520065765, 'APPROACH-STEALTH'
10, 1994, 32.45823282412591, 32.45823282412591, 'APPROACH-STEALTH'
10, 1995, 32.45717588037781, 32.45717588037781, 'PURSUE'
10, 1996, 32.456118936629714, 32.456118936629714, 'PURSUE'
10, 1997, 32.45506199288162, 32.45506199288162, 'PURSUE'
10, 1998, 32.4364325398362, 32.4364325398362, 'PURSUE'
10, 1999, 32.41780308679078, 32.41780308679078, 'PURSUE'
10, 2000, 32.40626699083531, 32.40626699083531, 'PURSUE'
10, 2001, 32.40531271102521, 32.40531271102521, 'PURSUE'
10, 2002, 32.40435843121511, 32.40435843121511, 'PURSUE'
10, 2003, 32.39272799582837, 32.39272799582837, 'PURSUE'
10, 2004, 32.38109756044164, 32.38109756044164, 'PURSUE'
10, 2005, 32.3693387796262, 32.3693387796262, 'PURSUE'
10, 2006, 32.36842742659396, 32.36842742659396, 'PURSUE'
10, 2007, 32.34905554585152, 32.34905554585152, 'PURSUE'
10, 2008, 32.32968366510908, 32.32968366510908, 'PURSUE'
10, 2009, 32.31031178436664, 32.31031178436664, 'PURSUE'
10, 2010, 32.29140114143756, 32.29140114143756, 'PURSUE'
10, 2011, 32.27249049850848, 32.27249049850848, 'PURSUE'
10, 2012, 32.2535798555794, 32.2535798555794, 'PURSUE'
10, 2013, 32.23420371517338, 32.23420371517338, 'PURSUE'
10, 2014, 32.214827574767355, 32.214827574767355, 'PURSUE'
10, 2015, 32.195895681588176, 32.195895681588176, 'PURSUE'
10, 2016, 32.176963788409, 32.176963788409, 'PURSUE'
10, 2017, 32.16541218155079, 32.16541218155079, 'PURSUE'
10, 2018, 32.15372321443002, 32.15372321443002, 'PURSUE'
10, 2019, 32.134624350849876, 32.134624350849876, 'PURSUE'
10, 2020, 32.11552548726973, 32.11552548726973, 'PURSUE'
10, 2021, 32.09591589665312, 32.09591589665312, 'PURSUE'
10, 2022, 32.07630630603651, 32.07630630603651, 'PURSUE'
10, 2023, 32.07472190761635, 32.07472190761635, 'APPROACH-STEALTH'
10, 2024, 32.0633299811352, 32.0633299811352, 'PURSUE'
10, 2025, 32.044029038906565, 32.044029038906565, 'PURSUE'
10, 2026, 32.02472809667793, 32.02472809667793, 'PURSUE'
10, 2027, 32.0054271544493, 32.0054271544493, 'PURSUE'
10, 2028, 31.994191727258936, 31.994191727258936, 'PURSUE'
10, 2029, 31.982956300068572, 31.982956300068572, 'PURSUE'
10, 2030, 31.96348823416343, 31.96348823416343, 'PURSUE'
10, 2031, 31.94402016825829, 31.94402016825829, 'PURSUE'
10, 2032, 31.92397498713717, 31.92397498713717, 'PURSUE'
10, 2033, 31.925016901096438, 31.925016901096438, 'APPROACH-STEALTH'
10, 2034, 31.925516670859086, 31.925516670859086, 'PURSUE'
10, 2035, 31.90555868285762, 31.90555868285762, 'PURSUE'
10, 2036, 31.885600694856155, 31.885600694856155, 'PURSUE'
10, 2037, 31.86564270685469, 31.86564270685469, 'PURSUE'
10, 2038, 31.85424935851595, 31.85424935851595, 'PURSUE'
10, 2039, 31.84285601017721, 31.84285601017721, 'PURSUE'
10, 2040, 31.831462661838472, 31.831462661838472, 'PURSUE'
10, 2041, 31.811256928622623, 31.811256928622623, 'PURSUE'
10, 2042, 31.791051195406773, 31.791051195406773, 'PURSUE'
10, 2043, 31.770845462190923, 31.770845462190923, 'PURSUE'
10, 2044, 31.75022917879956, 31.75022917879956, 'PURSUE'
10, 2045, 31.7296128954082, 31.7296128954082, 'PURSUE'
10, 2046, 31.730474710635672, 31.730474710635672, 'PURSUE'
10, 2047, 31.70996298725506, 31.70996298725506, 'PURSUE'
10, 2048, 31.68945126387445, 31.68945126387445, 'PURSUE'
10, 2049, 31.668939540493838, 31.668939540493838, 'PURSUE'
10, 2050, 31.648070060564937, 31.648070060564937, 'PURSUE'
10, 2051, 31.627200580636035, 31.627200580636035, 'PURSUE'
10, 2052, 31.60663090600876, 31.60663090600876, 'PURSUE'
10, 2053, 31.586061231381485, 31.586061231381485, 'PURSUE'
10, 2054, 31.574778217307866, 31.574778217307866, 'APPROACH-STEALTH'
10, 2055, 31.563495203234247, 31.563495203234247, 'APPROACH-STEALTH'
10, 2056, 31.527158779743033, 31.527158779743033, 'PURSUE'
10, 2057, 31.49082235625182, 31.49082235625182, 'PURSUE'
10, 2058, 31.450724466085546, 31.450724466085546, 'PURSUE'
10, 2059, 31.410626575919274, 31.410626575919274, 'PURSUE'
10, 2060, 31.370528685753, 31.370528685753, 'PURSUE'
10, 2061, 31.33043079558673, 31.33043079558673, 'PURSUE'
10, 2062, 31.290332905420456, 31.290332905420456, 'PURSUE'
10, 2063, 31.250235015254184, 31.250235015254184, 'PURSUE'
10, 2064, 31.21013712508791, 31.21013712508791, 'PURSUE'
10, 2065, 31.173838592787952, 31.173838592787952, 'PURSUE'
10, 2066, 31.137540060487993, 31.137540060487993, 'PURSUE'
10, 2067, 31.097344724293787, 31.097344724293787, 'PURSUE'
10, 2068, 31.05714938809958, 31.05714938809958, 'PURSUE'
10, 2069, 31.016954051905376, 31.016954051905376, 'PURSUE'
10, 2070, 30.980637484472492, 30.980637484472492, 'PURSUE'
10, 2071, 30.947821914335417, 30.947821914335417, 'PURSUE'
10, 2072, 30.915006344198343, 30.915006344198343, 'PURSUE'
10, 2073, 30.882190774061268, 30.882190774061268, 'PURSUE'
10, 2074, 30.842099875740484, 30.842099875740484, 'PURSUE'
10, 2075, 30.8020089774197, 30.8020089774197, 'PURSUE'
10, 2076, 30.761918079098916, 30.761918079098916, 'PURSUE'
10, 2077, 30.721827180778128, 30.721827180778128, 'PURSUE'
10, 2078, 30.68173628245734, 30.68173628245734, 'PURSUE'
10, 2079, 30.6860563721468, 30.6860563721468, 'APPROACH-STEALTH'
10, 2080, 30.69407851690412, 30.69407851690412, 'APPROACH-BLIND'
10, 2081, 30.69808958928278, 30.69808958928278, 'APPROACH-STEALTH'
10, 2082, 30.70210066166144, 30.70210066166144, 'APPROACH-STEALTH'
10, 2083, 30.688213950724794, 30.688213950724794, 'APPROACH-STEALTH'
10, 2084, 30.65553672637692, 30.65553672637692, 'PURSUE'
10, 2085, 30.615592061538564, 30.615592061538564, 'PURSUE'
10, 2086, 30.57564739670021, 30.57564739670021, 'PURSUE'
10, 2087, 30.535702731861853, 30.535702731861853, 'PURSUE'
10, 2088, 30.4957580670235, 30.4957580670235, 'PURSUE'
10, 2089, 30.459654592834884, 30.459654592834884, 'PURSUE'
10, 2090, 30.42355111864627, 30.42355111864627, 'PURSUE'
10, 2091, 30.387447644457655, 30.387447644457655, 'PURSUE'
10, 2092, 30.35134417026904, 30.35134417026904, 'PURSUE'
10, 2093, 30.311269081851577, 30.311269081851577, 'PURSUE'
10, 2094, 30.271193993434114, 30.271193993434114, 'PURSUE'
10, 2095, 30.23111890501665, 30.23111890501665, 'PURSUE'
10, 2096, 30.191043816599187, 30.191043816599187, 'PURSUE'
10, 2097, 30.150968728181724, 30.150968728181724, 'PURSUE'
10, 2098, 30.115101344127083, 30.115101344127083, 'PURSUE'
10, 2099, 30.082925594338178, 30.082925594338178, 'PURSUE'
10, 2100, 30.042748160165342, 30.042748160165342, 'PURSUE'
10, 2101, 30.002570725992506, 30.002570725992506, 'PURSUE'
10, 2102, 29.96239329181967, 29.96239329181967, 'PURSUE'
10, 2103, 29.93021689391631, 29.93021689391631, 'PURSUE'
10, 2104, 29.89433073912047, 29.89433073912047, 'PURSUE'
10, 2105, 29.86211520888447, 29.86211520888447, 'PURSUE'
10, 2106, 29.821913841537487, 29.821913841537487, 'PURSUE'
10, 2107, 29.781712474190503, 29.781712474190503, 'PURSUE'
10, 2108, 29.741511106843518, 29.741511106843518, 'PURSUE'
10, 2109, 29.709157370247176, 29.709157370247176, 'PURSUE'
10, 2110, 29.676803633650835, 29.676803633650835, 'PURSUE'
10, 2111, 29.644449897054493, 29.644449897054493, 'PURSUE'
10, 2112, 29.61209616045815, 29.61209616045815, 'PURSUE'
10, 2113, 29.57606772881583, 29.57606772881583, 'PURSUE'
10, 2114, 29.540039297173507, 29.540039297173507, 'PURSUE'
10, 2115, 29.545572506036304, 29.545572506036304, 'APPROACH-STEALTH'
10, 2116, 29.557520474895306, 29.557520474895306, 'APPROACH-BLIND'
10, 2117, 29.563494459324808, 29.563494459324808, 'APPROACH-STEALTH'
10, 2118, 29.563776413196013, 29.563776413196013, 'PURSUE'
10, 2119, 29.57015962276323, 29.57015962276323, 'APPROACH-STEALTH'
10, 2120, 29.57654283233045, 29.57654283233045, 'APPROACH-STEALTH'
10, 2121, 29.576393657714174, 29.576393657714174, 'PURSUE'
10, 2122, 29.5762444830979, 29.5762444830979, 'PURSUE'
10, 2123, 29.583653208915162, 29.583653208915162, 'APPROACH-STEALTH'
10, 2124, 29.591061934732426, 29.591061934732426, 'APPROACH-STEALTH'
10, 2125, 29.59077606877679, 29.59077606877679, 'PURSUE'
10, 2126, 29.590490202821154, 29.590490202821154, 'PURSUE'
10, 2127, 29.58972532667957, 29.58972532667957, 'PURSUE'
10, 2128, 29.593558315980033, 29.593558315980033, 'APPROACH-STEALTH'
10, 2129, 29.597391305280496, 29.597391305280496, 'APPROACH-STEALTH'
10, 2130, 29.60122429458096, 29.60122429458096, 'APPROACH-STEALTH'
10, 2131, 29.605057283881422, 29.605057283881422, 'APPROACH-STEALTH'
10, 2132, 29.608890273181885, 29.608890273181885, 'APPROACH-STEALTH'
10, 2133, 29.612723262482348, 29.612723262482348, 'APPROACH-STEALTH'
10, 2134, 29.61655625178281, 29.61655625178281, 'APPROACH-STEALTH'
10, 2135, 29.620389241083274, 29.620389241083274, 'APPROACH-STEALTH'
10, 2136, 29.624222230383737, 29.624222230383737, 'APPROACH-STEALTH'
10, 2137, 29.62275341240343, 29.62275341240343, 'PURSUE'
10, 2138, 29.608131316987098, 29.608131316987098, 'PURSUE'
10, 2139, 29.593509221570766, 29.593509221570766, 'PURSUE'
10, 2140, 29.578887126154434, 29.578887126154434, 'PURSUE'
10, 2141, 29.577520898031747, 29.577520898031747, 'PURSUE'
10, 2142, 29.58317800066429, 29.58317800066429, 'APPROACH-STEALTH'
10, 2143, 29.588835103296834, 29.588835103296834, 'APPROACH-STEALTH'
10, 2144, 29.594492205929377, 29.594492205929377, 'APPROACH-STEALTH'
10, 2145, 29.60014930856192, 29.60014930856192, 'APPROACH-STEALTH'
10, 2146, 29.605806411194465, 29.605806411194465, 'APPROACH-STEALTH'
10, 2147, 29.589386720536965, 29.589386720536965, 'PURSUE'
10, 2148, 29.572967029879464, 29.572967029879464, 'PURSUE'
10, 2149, 29.556547339221964, 29.556547339221964, 'PURSUE'
10, 2150, 29.55511697359448, 29.55511697359448, 'PURSUE'
10, 2151, 29.553686607966995, 29.553686607966995, 'PURSUE'
10, 2152, 29.55225624233951, 29.55225624233951, 'PURSUE'
10, 2153, 29.55635297209967, 29.55635297209967, 'APPROACH-STEALTH'
10, 2154, 29.55453656979566, 29.55453656979566, 'PURSUE'
10, 2155, 29.552242523563542, 29.552242523563542, 'PURSUE'
10, 2156, 29.556794138508515, 29.556794138508515, 'APPROACH-STEALTH'
10, 2157, 29.561345753453487, 29.561345753453487, 'APPROACH-STEALTH'
10, 2158, 29.56589736839846, 29.56589736839846, 'APPROACH-STEALTH'
10, 2159, 29.570448983343432, 29.570448983343432, 'APPROACH-STEALTH'
10, 2160, 29.575000598288405, 29.575000598288405, 'APPROACH-STEALTH'
10, 2161, 29.579552213233377, 29.579552213233377, 'APPROACH-STEALTH'
10, 2162, 29.58410382817835, 29.58410382817835, 'APPROACH-STEALTH'
10, 2163, 29.588655443123322, 29.588655443123322, 'APPROACH-STEALTH'
10, 2164, 29.593207058068295, 29.593207058068295, 'APPROACH-STEALTH'
10, 2165, 29.597758673013267, 29.597758673013267, 'APPROACH-STEALTH'
10, 2166, 29.60231028795824, 29.60231028795824, 'APPROACH-STEALTH'
10, 2167, 29.606861902903212, 29.606861902903212, 'APPROACH-STEALTH'
10, 2168, 29.611413517848185, 29.611413517848185, 'APPROACH-STEALTH'
10, 2169, 29.615965132793157, 29.615965132793157, 'APPROACH-STEALTH'
10, 2170, 29.62051674773813, 29.62051674773813, 'APPROACH-STEALTH'
10, 2171, 29.625068362683102, 29.625068362683102, 'APPROACH-STEALTH'
10, 2172, 29.621338087293367, 29.621338087293367, 'PURSUE'
10, 2173, 29.599650565599788, 29.599650565599788, 'PURSUE'
10, 2174, 29.57796304390621, 29.57796304390621, 'PURSUE'
10, 2175, 29.58403614804436, 29.58403614804436, 'APPROACH-STEALTH'
10, 2176, 29.561648532629015, 29.561648532629015, 'PURSUE'
10, 2177, 29.539111312000216, 29.539111312000216, 'PURSUE'
10, 2178, 29.546627112843552, 29.546627112843552, 'APPROACH-STEALTH'
10, 2179, 29.55414291368689, 29.55414291368689, 'APPROACH-STEALTH'
10, 2180, 29.55026942854095, 29.55026942854095, 'PURSUE'
10, 2181, 29.546395943395012, 29.546395943395012, 'PURSUE'
10, 2182, 29.542522458249074, 29.542522458249074, 'PURSUE'
10, 2183, 29.546640303257917, 29.546640303257917, 'APPROACH-STEALTH'
10, 2184, 29.542297280272066, 29.542297280272066, 'PURSUE'
10, 2185, 29.537498875360406, 29.537498875360406, 'PURSUE'
10, 2186, 29.54210928309859, 29.54210928309859, 'APPROACH-STEALTH'
10, 2187, 29.546719690836774, 29.546719690836774, 'APPROACH-STEALTH'
10, 2188, 29.522779493320527, 29.522779493320527, 'PURSUE'
10, 2189, 29.49883929580428, 29.49883929580428, 'PURSUE'
10, 2190, 29.493311322680757, 29.493311322680757, 'APPROACH-STEALTH'
10, 2191, 29.487783349557233, 29.487783349557233, 'APPROACH-STEALTH'
10, 2192, 29.48225537643371, 29.48225537643371, 'APPROACH-STEALTH'
10, 2193, 29.476727403310186, 29.476727403310186, 'APPROACH-STEALTH'
10, 2194, 29.47119943018666, 29.47119943018666, 'APPROACH-STEALTH'
10, 2195, 29.465671457063138, 29.465671457063138, 'APPROACH-STEALTH'
10, 2196, 29.460365821664418, 29.460365821664418, 'PURSUE'
10, 2197, 29.455060186265698, 29.455060186265698, 'PURSUE'
10, 2198, 29.449754550866977, 29.449754550866977, 'PURSUE'
10, 2199, 29.444012119460822, 29.444012119460822, 'PURSUE'
10, 2200, 29.43715044518491, 29.43715044518491, 'APPROACH-STEALTH'
10, 2201, 29.431436425215235, 29.431436425215235, 'PURSUE'
10, 2202, 29.42528545926108, 29.42528545926108, 'PURSUE'
10, 2203, 29.4174586493406, 29.4174586493406, 'APPROACH-STEALTH'
10, 2204, 29.411452063381798, 29.411452063381798, 'PURSUE'
10, 2205, 29.40500812930232, 29.40500812930232, 'PURSUE'
10, 2206, 29.376451172021532, 29.376451172021532, 'PURSUE'
10, 2207, 29.347894214740744, 29.347894214740744, 'PURSUE'
10, 2208, 29.317570737072735, 29.317570737072735, 'PURSUE'
10, 2209, 29.288702299636658, 29.288702299636658, 'PURSUE'
10, 2210, 29.25983386220058, 29.25983386220058, 'PURSUE'
10, 2211, 29.227920999668775, 29.227920999668775, 'PURSUE'
10, 2212, 29.19839671688383, 29.19839671688383, 'PURSUE'
10, 2213, 29.168872434098887, 29.168872434098887, 'PURSUE'
10, 2214, 29.137020966252486, 29.137020966252486, 'PURSUE'
10, 2215, 29.106825703063, 29.106825703063, 'PURSUE'
10, 2216, 29.075788578862397, 29.075788578862397, 'PURSUE'
10, 2217, 29.074357567218623, 29.074357567218623, 'APPROACH-STEALTH'
10, 2218, 29.07292655557485, 29.07292655557485, 'APPROACH-STEALTH'
10, 2219, 29.071495543931075, 29.071495543931075, 'APPROACH-STEALTH'
10, 2220, 29.0700645322873, 29.0700645322873, 'APPROACH-STEALTH'
10, 2221, 29.068633520643527, 29.068633520643527, 'APPROACH-STEALTH'
10, 2222, 29.067202508999753, 29.067202508999753, 'APPROACH-STEALTH'
10, 2223, 29.06577149735598, 29.06577149735598, 'APPROACH-STEALTH'
10, 2224, 29.064340485712204, 29.064340485712204, 'APPROACH-STEALTH'
10, 2225, 29.06290947406843, 29.06290947406843, 'APPROACH-STEALTH'
10, 2226, 29.061478462424656, 29.061478462424656, 'APPROACH-STEALTH'
10, 2227, 29.060047450780882, 29.060047450780882, 'APPROACH-STEALTH'
10, 2228, 29.058616439137108, 29.058616439137108, 'APPROACH-STEALTH'
10, 2229, 29.057185427493334, 29.057185427493334, 'APPROACH-STEALTH'
10, 2230, 29.05575441584956, 29.05575441584956, 'APPROACH-STEALTH'
10, 2231, 29.054323404205785, 29.054323404205785, 'APPROACH-STEALTH'
10, 2232, 29.01995005496519, 29.01995005496519, 'PURSUE'
10, 2233, 28.985576705724593, 28.985576705724593, 'PURSUE'
10, 2234, 28.951203356483997, 28.951203356483997, 'PURSUE'
10, 2235, 28.951712351115894, 28.951712351115894, 'APPROACH-STEALTH'
10, 2236, 28.917140081682398, 28.917140081682398, 'PURSUE'
10, 2237, 28.8825678122489, 28.8825678122489, 'PURSUE'
10, 2238, 28.88393435582488, 28.88393435582488, 'APPROACH-STEALTH'
10, 2239, 28.88530089940086, 28.88530089940086, 'APPROACH-STEALTH'
10, 2240, 28.850158467642014, 28.850158467642014, 'PURSUE'
10, 2241, 28.81501603588317, 28.81501603588317, 'PURSUE'
10, 2242, 28.778456946312616, 28.778456946312616, 'PURSUE'
10, 2243, 28.741897856742064, 28.741897856742064, 'PURSUE'
10, 2244, 28.73525188885066, 28.73525188885066, 'PURSUE'
10, 2245, 28.728605920959254, 28.728605920959254, 'PURSUE'
10, 2246, 28.69156600554944, 28.69156600554944, 'PURSUE'
10, 2247, 28.654526090139626, 28.654526090139626, 'PURSUE'
10, 2248, 28.615806406543122, 28.615806406543122, 'PURSUE'
10, 2249, 28.577086722946618, 28.577086722946618, 'PURSUE'
10, 2250, 28.538367039350113, 28.538367039350113, 'PURSUE'
10, 2251, 28.542589373369434, 28.542589373369434, 'APPROACH-STEALTH'
10, 2252, 28.546811707388756, 28.546811707388756, 'APPROACH-STEALTH'
10, 2253, 28.551034041408077, 28.551034041408077, 'APPROACH-STEALTH'
10, 2254, 28.555256375427398, 28.555256375427398, 'APPROACH-STEALTH'
10, 2255, 28.55947870944672, 28.55947870944672, 'APPROACH-STEALTH'
10, 2256, 28.56370104346604, 28.56370104346604, 'APPROACH-STEALTH'
10, 2257, 28.56792337748536, 28.56792337748536, 'APPROACH-STEALTH'
10, 2258, 28.57214571150468, 28.57214571150468, 'APPROACH-STEALTH'
10, 2259, 28.576368045524003, 28.576368045524003, 'APPROACH-STEALTH'
10, 2260, 28.58059037954332, 28.58059037954332, 'APPROACH-STEALTH'
10, 2261, 28.584812713562638, 28.584812713562638, 'APPROACH-STEALTH'
10, 2262, 28.543056140074963, 28.543056140074963, 'PURSUE'
10, 2263, 28.50059373862128, 28.50059373862128, 'PURSUE'
10, 2264, 28.506001702515576, 28.506001702515576, 'APPROACH-STEALTH'
10, 2265, 28.51140966640987, 28.51140966640987, 'APPROACH-STEALTH'
10, 2266, 28.468864841490554, 28.468864841490554, 'PURSUE'
10, 2267, 28.424875257110994, 28.424875257110994, 'PURSUE'
10, 2268, 28.4196128541774, 28.4196128541774, 'APPROACH-STEALTH'
10, 2269, 28.4125616337751, 28.4125616337751, 'PURSUE'
10, 2270, 28.405510413372795, 28.405510413372795, 'PURSUE'
10, 2271, 28.398459192970492, 28.398459192970492, 'PURSUE'
10, 2272, 28.39140797256819, 28.39140797256819, 'PURSUE'
10, 2273, 28.384356752165885, 28.384356752165885, 'PURSUE'
10, 2274, 28.377305531763582, 28.377305531763582, 'PURSUE'
10, 2275, 28.369803396498224, 28.369803396498224, 'APPROACH-STEALTH'
10, 2276, 28.362301261232865, 28.362301261232865, 'APPROACH-STEALTH'
10, 2277, 28.354799125967507, 28.354799125967507, 'APPROACH-STEALTH'
10, 2278, 28.347774853675926, 28.347774853675926, 'PURSUE'
10, 2279, 28.340750581384345, 28.340750581384345, 'PURSUE'
10, 2280, 28.333726309092764, 28.333726309092764, 'PURSUE'
10, 2281, 28.286619251921042, 28.286619251921042, 'PURSUE'
10, 2282, 28.23951219474932, 28.23951219474932, 'PURSUE'
10, 2283, 28.192405137577598, 28.192405137577598, 'PURSUE'
10, 2284, 28.206008831112825, 28.206008831112825, 'APPROACH-STEALTH'
10, 2285, 28.219612524648053, 28.219612524648053, 'APPROACH-STEALTH'
10, 2286, 28.23321621818328, 28.23321621818328, 'APPROACH-STEALTH'
10, 2287, 28.246819911718507, 28.246819911718507, 'APPROACH-STEALTH'
10, 2288, 28.239973088853077, 28.239973088853077, 'PURSUE'
10, 2289, 28.233126265987647, 28.233126265987647, 'PURSUE'
10, 2290, 28.226279443122216, 28.226279443122216, 'PURSUE'
10, 2291, 28.219432620256782, 28.219432620256782, 'PURSUE'
10, 2292, 28.169680735513822, 28.169680735513822, 'PURSUE'
10, 2293, 28.11992885077086, 28.11992885077086, 'PURSUE'
10, 2294, 28.11321550207878, 28.11321550207878, 'PURSUE'
10, 2295, 28.1262956358259, 28.1262956358259, 'APPROACH-STEALTH'
10, 2296, 28.13937576957302, 28.13937576957302, 'APPROACH-STEALTH'
10, 2297, 28.152455903320142, 28.152455903320142, 'APPROACH-STEALTH'
10, 2298, 28.165536037067262, 28.165536037067262, 'APPROACH-STEALTH'
10, 2299, 28.178616170814383, 28.178616170814383, 'APPROACH-STEALTH'
10, 2300, 28.191696304561503, 28.191696304561503, 'APPROACH-STEALTH'
10, 2301, 28.204776438308624, 28.204776438308624, 'APPROACH-STEALTH'
10, 2302, 28.217856572055744, 28.217856572055744, 'APPROACH-STEALTH'
10, 2303, 28.230936705802865, 28.230936705802865, 'APPROACH-STEALTH'
10, 2304, 28.244016839549985, 28.244016839549985, 'APPROACH-STEALTH'
10, 2305, 28.257096973297106, 28.257096973297106, 'APPROACH-STEALTH'
10, 2306, 28.270177107044226, 28.270177107044226, 'APPROACH-STEALTH'
10, 2307, 28.283257240791347, 28.283257240791347, 'APPROACH-STEALTH'
10, 2308, 28.296337374538467, 28.296337374538467, 'APPROACH-STEALTH'
10, 2309, 28.309417508285588, 28.309417508285588, 'APPROACH-STEALTH'
10, 2310, 28.322497642032708, 28.322497642032708, 'APPROACH-STEALTH'
10, 2311, 28.33557777577983, 28.33557777577983, 'APPROACH-STEALTH'
10, 2312, 28.34865790952695, 28.34865790952695, 'APPROACH-STEALTH'
10, 2313, 28.36173804327407, 28.36173804327407, 'APPROACH-STEALTH'
10, 2314, 28.37481817702119, 28.37481817702119, 'APPROACH-STEALTH'
10, 2315, 28.38789831076831, 28.38789831076831, 'APPROACH-STEALTH'
10, 2316, 28.40097844451543, 28.40097844451543, 'APPROACH-STEALTH'
10, 2317, 28.41405857826255, 28.41405857826255, 'APPROACH-STEALTH'
10, 2318, 28.427138712009672, 28.427138712009672, 'APPROACH-STEALTH'
10, 2319, 28.440218845756792, 28.440218845756792, 'APPROACH-STEALTH'
10, 2320, 28.453298979503913, 28.453298979503913, 'APPROACH-STEALTH'
10, 2321, 28.466379113251033, 28.466379113251033, 'APPROACH-STEALTH'
10, 2322, 28.479459246998154, 28.479459246998154, 'APPROACH-STEALTH'
10, 2323, 28.492539380745274, 28.492539380745274, 'APPROACH-STEALTH'
10, 2324, 28.505619514492395, 28.505619514492395, 'APPROACH-STEALTH'
10, 2325, 28.5194125119528, 28.5194125119528, 'APPROACH-STEALTH'
10, 2326, 28.533205509413207, 28.533205509413207, 'APPROACH-STEALTH'
10, 2327, 28.546998506873614, 28.546998506873614, 'APPROACH-STEALTH'
10, 2328, 28.56079150433402, 28.56079150433402, 'APPROACH-STEALTH'
10, 2329, 28.574584501794426, 28.574584501794426, 'APPROACH-STEALTH'
10, 2330, 28.588377499254833, 28.588377499254833, 'APPROACH-STEALTH'
10, 2331, 28.60217049671524, 28.60217049671524, 'APPROACH-STEALTH'
10, 2332, 28.615963494175645, 28.615963494175645, 'APPROACH-STEALTH'
10, 2333, 28.62975649163605, 28.62975649163605, 'APPROACH-STEALTH'
10, 2334, 28.643549489096458, 28.643549489096458, 'APPROACH-STEALTH'
10, 2335, 28.657342486556864, 28.657342486556864, 'APPROACH-STEALTH'
10, 2336, 28.67113548401727, 28.67113548401727, 'APPROACH-STEALTH'
10, 2337, 28.684928481477677, 28.684928481477677, 'APPROACH-STEALTH'
10, 2338, 28.698721478938083, 28.698721478938083, 'APPROACH-STEALTH'
10, 2339, 28.71251447639849, 28.71251447639849, 'APPROACH-STEALTH'
10, 2340, 28.726307473858895, 28.726307473858895, 'APPROACH-STEALTH'
10, 2341, 28.740100471319302, 28.740100471319302, 'APPROACH-STEALTH'
10, 2342, 28.753893468779708, 28.753893468779708, 'APPROACH-STEALTH'
10, 2343, 28.767686466240114, 28.767686466240114, 'APPROACH-STEALTH'
10, 2344, 28.78147946370052, 28.78147946370052, 'APPROACH-STEALTH'
10, 2345, 28.795272461160927, 28.795272461160927, 'APPROACH-STEALTH'
10, 2346, 28.809065458621333, 28.809065458621333, 'APPROACH-STEALTH'
10, 2347, 28.82285845608174, 28.82285845608174, 'APPROACH-STEALTH'
10, 2348, 28.836651453542146, 28.836651453542146, 'APPROACH-STEALTH'
10, 2349, 28.850444451002552, 28.850444451002552, 'APPROACH-STEALTH'
10, 2350, 28.86423744846296, 28.86423744846296, 'APPROACH-STEALTH'
10, 2351, 28.878030445923365, 28.878030445923365, 'APPROACH-STEALTH'
10, 2352, 28.89182344338377, 28.89182344338377, 'APPROACH-STEALTH'
10, 2353, 28.905616440844177, 28.905616440844177, 'APPROACH-STEALTH'
10, 2354, 28.919409438304584, 28.919409438304584, 'APPROACH-STEALTH'
10, 2355, 28.93320243576499, 28.93320243576499, 'APPROACH-STEALTH'
10, 2356, 28.946995433225396, 28.946995433225396, 'APPROACH-STEALTH'
10, 2357, 28.960788430685803, 28.960788430685803, 'APPROACH-STEALTH'
10, 2358, 28.97458142814621, 28.97458142814621, 'APPROACH-STEALTH'
10, 2359, 28.988374425606615, 28.988374425606615, 'APPROACH-STEALTH'
10, 2360, 29.00216742306702, 29.00216742306702, 'APPROACH-STEALTH'
10, 2361, 29.015960420527428, 29.015960420527428, 'APPROACH-STEALTH'
10, 2362, 29.029753417987834, 29.029753417987834, 'APPROACH-STEALTH'
10, 2363, 29.04354641544824, 29.04354641544824, 'APPROACH-STEALTH'
10, 2364, 29.057339412908647, 29.057339412908647, 'APPROACH-STEALTH'
10, 2365, 29.071132410369053, 29.071132410369053, 'APPROACH-STEALTH'
10, 2366, 29.08492540782946, 29.08492540782946, 'APPROACH-STEALTH'
10, 2367, 29.098718405289866, 29.098718405289866, 'APPROACH-STEALTH'
10, 2368, 29.112511402750272, 29.112511402750272, 'APPROACH-STEALTH'
10, 2369, 29.126304400210678, 29.126304400210678, 'APPROACH-STEALTH'
10, 2370, 29.140097397671084, 29.140097397671084, 'APPROACH-STEALTH'
10, 2371, 29.15389039513149, 29.15389039513149, 'APPROACH-STEALTH'
10, 2372, 29.167683392591897, 29.167683392591897, 'APPROACH-STEALTH'
10, 2373, 29.181476390052303, 29.181476390052303, 'APPROACH-STEALTH'
10, 2374, 29.19526938751271, 29.19526938751271, 'APPROACH-STEALTH'
10, 2375, 29.209062384973116, 29.209062384973116, 'APPROACH-STEALTH'
10, 2376, 29.222855382433522, 29.222855382433522, 'APPROACH-STEALTH'
10, 2377, 29.23664837989393, 29.23664837989393, 'APPROACH-STEALTH'
10, 2378, 29.250441377354335, 29.250441377354335, 'APPROACH-STEALTH'
10, 2379, 29.26423437481474, 29.26423437481474, 'APPROACH-STEALTH'
10, 2380, 29.278027372275147, 29.278027372275147, 'APPROACH-STEALTH'
10, 2381, 29.291820369735554, 29.291820369735554, 'APPROACH-STEALTH'
10, 2382, 29.30561336719596, 29.30561336719596, 'APPROACH-STEALTH'
10, 2383, 29.319406364656366, 29.319406364656366, 'APPROACH-STEALTH'
10, 2384, 29.333199362116773, 29.333199362116773, 'APPROACH-STEALTH'
10, 2385, 29.34699235957718, 29.34699235957718, 'APPROACH-STEALTH'
10, 2386, 29.360785357037585, 29.360785357037585, 'APPROACH-STEALTH'
10, 2387, 29.37457835449799, 29.37457835449799, 'APPROACH-STEALTH'
10, 2388, 29.388371351958398, 29.388371351958398, 'APPROACH-STEALTH'
10, 2389, 29.402164349418804, 29.402164349418804, 'APPROACH-STEALTH'
10, 2390, 29.41595734687921, 29.41595734687921, 'APPROACH-STEALTH'
10, 2391, 29.429750344339617, 29.429750344339617, 'APPROACH-STEALTH'
10, 2392, 29.443543341800023, 29.443543341800023, 'APPROACH-STEALTH'
10, 2393, 29.45733633926043, 29.45733633926043, 'APPROACH-STEALTH'
10, 2394, 29.471129336720836, 29.471129336720836, 'APPROACH-STEALTH'
10, 2395, 29.484922334181242, 29.484922334181242, 'APPROACH-STEALTH'
10, 2396, 29.498715331641648, 29.498715331641648, 'APPROACH-STEALTH'
10, 2397, 29.512508329102054, 29.512508329102054, 'APPROACH-STEALTH'
10, 2398, 29.518889561718602, 29.518889561718602, 'APPROACH-STEALTH'
10, 2399, 29.45839723014495, 29.45839723014495, 'PURSUE'
10, 2400, 29.45203143095601, 29.45203143095601, 'APPROACH-STEALTH'
10, 2401, 29.445665631767067, 29.445665631767067, 'APPROACH-STEALTH'
10, 2402, 29.439299832578126, 29.439299832578126, 'APPROACH-STEALTH'
10, 2403, 29.432934033389184, 29.432934033389184, 'APPROACH-STEALTH'
10, 2404, 29.426568234200243, 29.426568234200243, 'APPROACH-STEALTH'
10, 2405, 29.4202024350113, 29.4202024350113, 'APPROACH-STEALTH'
10, 2406, 29.41383663582236, 29.41383663582236, 'APPROACH-STEALTH'
10, 2407, 29.40747083663342, 29.40747083663342, 'APPROACH-STEALTH'
10, 2408, 29.401105037444477, 29.401105037444477, 'APPROACH-STEALTH'
10, 2409, 29.394739238255536, 29.394739238255536, 'APPROACH-STEALTH'
10, 2410, 29.388373439066594, 29.388373439066594, 'APPROACH-STEALTH'
10, 2411, 29.382007639877653, 29.382007639877653, 'APPROACH-STEALTH'
10, 2412, 29.37564184068871, 29.37564184068871, 'APPROACH-STEALTH'
10, 2413, 29.36927604149977, 29.36927604149977, 'APPROACH-STEALTH'
10, 2414, 29.36291024231083, 29.36291024231083, 'APPROACH-STEALTH'
10, 2415, 29.348509209473004, 29.348509209473004, 'PURSUE'
10, 2416, 29.33410817663518, 29.33410817663518, 'PURSUE'
10, 2417, 29.319707143797356, 29.319707143797356, 'PURSUE'
10, 2418, 29.25906145189103, 29.25906145189103, 'PURSUE'
10, 2419, 29.1984157599847, 29.1984157599847, 'PURSUE'
10, 2420, 29.137770068078375, 29.137770068078375, 'PURSUE'
10, 2421, 29.076715223153403, 29.076715223153403, 'PURSUE'
10, 2422, 29.063193339786107, 29.063193339786107, 'PURSUE'
10, 2423, 29.04967145641881, 29.04967145641881, 'PURSUE'
10, 2424, 29.036150315114956, 29.036150315114956, 'PURSUE'
10, 2425, 28.974601123493084, 28.974601123493084, 'PURSUE'
10, 2426, 28.913051931871212, 28.913051931871212, 'PURSUE'
10, 2427, 28.85150274024934, 28.85150274024934, 'PURSUE'
10, 2428, 28.789919855853, 28.789919855853, 'PURSUE'
10, 2429, 28.72696651481658, 28.72696651481658, 'PURSUE'
10, 2430, 28.664013173780162, 28.664013173780162, 'PURSUE'
10, 2431, 28.602431988718703, 28.602431988718703, 'PURSUE'
10, 2432, 28.540850803657243, 28.540850803657243, 'PURSUE'
10, 2433, 28.47887253273546, 28.47887253273546, 'PURSUE'
10, 2434, 28.46516513996586, 28.46516513996586, 'APPROACH-STEALTH'
10, 2435, 28.441357225246975, 28.441357225246975, 'PURSUE'
10, 2436, 28.41754931052809, 28.41754931052809, 'PURSUE'
10, 2437, 28.396398552005174, 28.396398552005174, 'PURSUE'
10, 2438, 28.375247793482256, 28.375247793482256, 'PURSUE'
10, 2439, 28.354097034959338, 28.354097034959338, 'PURSUE'
10, 2440, 28.330331357558865, 28.330331357558865, 'PURSUE'
10, 2441, 28.309899496397836, 28.309899496397836, 'PURSUE'
10, 2442, 28.2962546587922, 28.2962546587922, 'APPROACH-STEALTH'
10, 2443, 28.28620259243345, 28.28620259243345, 'PURSUE'
10, 2444, 28.2761505260747, 28.2761505260747, 'PURSUE'
10, 2445, 28.266098459715952, 28.266098459715952, 'PURSUE'
10, 2446, 28.256049855970353, 28.256049855970353, 'PURSUE'
10, 2447, 28.194567639887502, 28.194567639887502, 'PURSUE'
10, 2448, 28.13308542380465, 28.13308542380465, 'PURSUE'
10, 2449, 28.12352483526844, 28.12352483526844, 'PURSUE'
10, 2450, 28.11396424673223, 28.11396424673223, 'PURSUE'
10, 2451, 28.052097448073578, 28.052097448073578, 'PURSUE'
10, 2452, 27.990230649414926, 27.990230649414926, 'PURSUE'
10, 2453, 27.92797750393241, 27.92797750393241, 'PURSUE'
10, 2454, 27.919268530888058, 27.919268530888058, 'PURSUE'
10, 2455, 27.90683446876614, 27.90683446876614, 'APPROACH-STEALTH'
10, 2456, 27.8871076333714, 27.8871076333714, 'PURSUE'
10, 2457, 27.862638329527087, 27.862638329527087, 'PURSUE'
10, 2458, 27.838169025682774, 27.838169025682774, 'PURSUE'
10, 2459, 27.81369972183846, 27.81369972183846, 'PURSUE'
10, 2460, 27.789230417994148, 27.789230417994148, 'PURSUE'
10, 2461, 27.769507646431386, 27.769507646431386, 'PURSUE'
10, 2462, 27.749784874868624, 27.749784874868624, 'PURSUE'
10, 2463, 27.72534167893869, 27.72534167893869, 'PURSUE'
10, 2464, 27.700898483008757, 27.700898483008757, 'PURSUE'
10, 2465, 27.676455287078824, 27.676455287078824, 'PURSUE'
10, 2466, 27.65681683398231, 27.65681683398231, 'PURSUE'
10, 2467, 27.6371783808858, 27.6371783808858, 'PURSUE'
10, 2468, 27.612783359660046, 27.612783359660046, 'PURSUE'
10, 2469, 27.588388338434292, 27.588388338434292, 'PURSUE'
10, 2470, 27.56399331720854, 27.56399331720854, 'PURSUE'
10, 2471, 27.56809882014999, 27.56809882014999, 'APPROACH-STEALTH'
10, 2472, 27.59487246570825, 27.59487246570825, 'APPROACH-BLIND'
10, 2473, 27.60254266180831, 27.60254266180831, 'APPROACH-STEALTH'
10, 2474, 27.590971435641134, 27.590971435641134, 'APPROACH-STEALTH'
10, 2475, 27.566420586459373, 27.566420586459373, 'PURSUE'
10, 2476, 27.546806960169032, 27.546806960169032, 'PURSUE'
10, 2477, 27.52229513103938, 27.52229513103938, 'PURSUE'
10, 2478, 27.49778330190973, 27.49778330190973, 'PURSUE'
10, 2479, 27.478934428583546, 27.478934428583546, 'PURSUE'
10, 2480, 27.46008555525736, 27.46008555525736, 'PURSUE'
10, 2481, 27.441236681931176, 27.441236681931176, 'PURSUE'
10, 2482, 27.421722216863273, 27.421722216863273, 'PURSUE'
10, 2483, 27.40220775179537, 27.40220775179537, 'PURSUE'
10, 2484, 27.380153017069485, 27.380153017069485, 'PURSUE'
10, 2485, 27.360683964152024, 27.360683964152024, 'PURSUE'
10, 2486, 27.34184935425286, 27.34184935425286, 'PURSUE'
10, 2487, 27.319710388490186, 27.319710388490186, 'PURSUE'
10, 2488, 27.295226350094538, 27.295226350094538, 'PURSUE'
10, 2489, 27.276456326601767, 27.276456326601767, 'PURSUE'
10, 2490, 27.25696538365164, 27.25696538365164, 'PURSUE'
10, 2491, 27.232406917254806, 27.232406917254806, 'PURSUE'
10, 2492, 27.207848450857973, 27.207848450857973, 'PURSUE'
10, 2493, 27.18328998446114, 27.18328998446114, 'PURSUE'
10, 2494, 27.16457208856914, 27.16457208856914, 'PURSUE'
10, 2495, 27.139920622349038, 27.139920622349038, 'PURSUE'
10, 2496, 27.115269156128935, 27.115269156128935, 'PURSUE'
10, 2497, 27.095919327841706, 27.095919327841706, 'PURSUE'
10, 2498, 27.0771843353164, 27.0771843353164, 'PURSUE'
10, 2499, 27.052419668473856, 27.052419668473856, 'PURSUE'
10, 2500, 27.027655001631313, 27.027655001631313, 'PURSUE'
10, 2501, 27.00289033478877, 27.00289033478877, 'PURSUE'
10, 2502, 26.980821738293155, 26.980821738293155, 'PURSUE'
10, 2503, 26.96220661933697, 26.96220661933697, 'PURSUE'
10, 2504, 26.937358957354178, 26.937358957354178, 'PURSUE'
10, 2505, 26.912511295371385, 26.912511295371385, 'PURSUE'
10, 2506, 26.88766363338859, 26.88766363338859, 'PURSUE'
10, 2507, 26.868461106412383, 26.868461106412383, 'PURSUE'
10, 2508, 26.843679300520638, 26.843679300520638, 'PURSUE'
10, 2509, 26.818897494628892, 26.818897494628892, 'PURSUE'
10, 2510, 26.799672420282846, 26.799672420282846, 'PURSUE'
10, 2511, 26.77481974480759, 26.77481974480759, 'PURSUE'
10, 2512, 26.749967069332335, 26.749967069332335, 'PURSUE'
10, 2513, 26.754392743864425, 26.754392743864425, 'APPROACH-STEALTH'
10, 2514, 26.781542776864267, 26.781542776864267, 'APPROACH-BLIND'
10, 2515, 26.78390898480982, 26.78390898480982, 'APPROACH-STEALTH'
10, 2516, 26.77067594039668, 26.77067594039668, 'APPROACH-STEALTH'
10, 2517, 26.752241003609264, 26.752241003609264, 'PURSUE'
10, 2518, 26.732883519411736, 26.732883519411736, 'PURSUE'
10, 2519, 26.707784368610614, 26.707784368610614, 'PURSUE'
10, 2520, 26.682685217809492, 26.682685217809492, 'PURSUE'
10, 2521, 26.65758606700837, 26.65758606700837, 'PURSUE'
10, 2522, 26.63248691620725, 26.63248691620725, 'PURSUE'
10, 2523, 26.613250974026784, 26.613250974026784, 'PURSUE'
10, 2524, 26.594015031846318, 26.594015031846318, 'PURSUE'
10, 2525, 26.568929712851627, 26.568929712851627, 'PURSUE'
10, 2526, 26.543844393856936, 26.543844393856936, 'PURSUE'
10, 2527, 26.518759074862245, 26.518759074862245, 'PURSUE'
10, 2528, 26.524828436578428, 26.524828436578428, 'APPROACH-STEALTH'
10, 2529, 26.552603138463063, 26.552603138463063, 'APPROACH-BLIND'
10, 2530, 26.55817500503309, 26.55817500503309, 'APPROACH-STEALTH'
10, 2531, 26.5046863060989, 26.5046863060989, 'PURSUE'
10, 2532, 26.453446575270974, 26.453446575270974, 'PURSUE'
10, 2533, 26.402206844443047, 26.402206844443047, 'PURSUE'
10, 2534, 26.35096711361512, 26.35096711361512, 'PURSUE'
10, 2535, 26.299727382787193, 26.299727382787193, 'PURSUE'
10, 2536, 26.248487651959266, 26.248487651959266, 'PURSUE'
10, 2537, 26.24382732527915, 26.24382732527915, 'APPROACH-STEALTH'
10, 2538, 26.239166998599032, 26.239166998599032, 'APPROACH-STEALTH'
10, 2539, 26.234506671918915, 26.234506671918915, 'APPROACH-STEALTH'
10, 2540, 26.229846345238798, 26.229846345238798, 'APPROACH-STEALTH'
10, 2541, 26.22518601855868, 26.22518601855868, 'APPROACH-STEALTH'
10, 2542, 26.220525691878564, 26.220525691878564, 'APPROACH-STEALTH'
10, 2543, 26.219691980437926, 26.219691980437926, 'PURSUE'
10, 2544, 26.218858268997288, 26.218858268997288, 'PURSUE'
10, 2545, 26.21802455755665, 26.21802455755665, 'PURSUE'
10, 2546, 26.21719084611601, 26.21719084611601, 'PURSUE'
10, 2547, 26.214946514914356, 26.214946514914356, 'APPROACH-STEALTH'
10, 2548, 26.162021656805656, 26.162021656805656, 'PURSUE'
10, 2549, 26.109096798696957, 26.109096798696957, 'PURSUE'
10, 2550, 26.107851246486973, 26.107851246486973, 'APPROACH-STEALTH'
10, 2551, 26.10660569427699, 26.10660569427699, 'APPROACH-STEALTH'
10, 2552, 26.105360142067006, 26.105360142067006, 'APPROACH-STEALTH'
10, 2553, 26.049932024112046, 26.049932024112046, 'PURSUE'
10, 2554, 25.994465020333852, 25.994465020333852, 'PURSUE'
10, 2555, 25.941430557801567, 25.941430557801567, 'PURSUE'
10, 2556, 25.927546241036055, 25.927546241036055, 'APPROACH-STEALTH'
10, 2557, 25.905156383059683, 25.905156383059683, 'PURSUE'
10, 2558, 25.882766525083312, 25.882766525083312, 'PURSUE'
10, 2559, 25.86665323351855, 25.86665323351855, 'PURSUE'
10, 2560, 25.844319862079878, 25.844319862079878, 'PURSUE'
10, 2561, 25.821986490641205, 25.821986490641205, 'PURSUE'
10, 2562, 25.805989968947287, 25.805989968947287, 'PURSUE'
10, 2563, 25.783566942861828, 25.783566942861828, 'PURSUE'
10, 2564, 25.76114391677637, 25.76114391677637, 'PURSUE'
10, 2565, 25.745109841084723, 25.745109841084723, 'PURSUE'
10, 2566, 25.722753181760364, 25.722753181760364, 'PURSUE'
10, 2567, 25.700396522436005, 25.700396522436005, 'PURSUE'
10, 2568, 25.684329707793744, 25.684329707793744, 'PURSUE'
10, 2569, 25.66203467021461, 25.66203467021461, 'PURSUE'
10, 2570, 25.639739632635475, 25.639739632635475, 'PURSUE'
10, 2571, 25.623077991181045, 25.623077991181045, 'PURSUE'
10, 2572, 25.60069608063217, 25.60069608063217, 'PURSUE'
10, 2573, 25.578314170083292, 25.578314170083292, 'PURSUE'
10, 2574, 25.55901136684305, 25.55901136684305, 'PURSUE'
10, 2575, 25.542455357730056, 25.542455357730056, 'PURSUE'
10, 2576, 25.526482011074492, 25.526482011074492, 'PURSUE'
10, 2577, 25.50400717089226, 25.50400717089226, 'PURSUE'
10, 2578, 25.48153233071003, 25.48153233071003, 'PURSUE'
10, 2579, 25.4590574905278, 25.4590574905278, 'PURSUE'
10, 2580, 25.43658265034557, 25.43658265034557, 'PURSUE'
10, 2581, 25.420015928236566, 25.420015928236566, 'PURSUE'
10, 2582, 25.40061766676892, 25.40061766676892, 'PURSUE'
10, 2583, 25.386807153112255, 25.386807153112255, 'APPROACH-STEALTH'
10, 2584, 25.364419736837366, 25.364419736837366, 'PURSUE'
10, 2585, 25.342032320562478, 25.342032320562478, 'PURSUE'
10, 2586, 25.31964490428759, 25.31964490428759, 'PURSUE'
10, 2587, 25.2972574880127, 25.2972574880127, 'PURSUE'
10, 2588, 25.28156242521805, 25.28156242521805, 'PURSUE'
10, 2589, 25.259059043563624, 25.259059043563624, 'PURSUE'
10, 2590, 25.2365556619092, 25.2365556619092, 'PURSUE'
10, 2591, 25.220904561400378, 25.220904561400378, 'PURSUE'
10, 2592, 25.207747976611152, 25.207747976611152, 'APPROACH-STEALTH'
10, 2593, 25.192065615250858, 25.192065615250858, 'PURSUE'
10, 2594, 25.169505603295324, 25.169505603295324, 'PURSUE'
10, 2595, 25.14694559133979, 25.14694559133979, 'PURSUE'
10, 2596, 25.124385579384256, 25.124385579384256, 'PURSUE'
10, 2597, 25.101825567428723, 25.101825567428723, 'PURSUE'
10, 2598, 25.082498489337805, 25.082498489337805, 'PURSUE'
10, 2599, 25.06692028701103, 25.06692028701103, 'PURSUE'
10, 2600, 25.051342084684254, 25.051342084684254, 'PURSUE'
10, 2601, 25.05064923115096, 25.05064923115096, 'APPROACH-STEALTH'
10, 2602, 25.02793107966996, 25.02793107966996, 'PURSUE'
10, 2603, 25.005212928188957, 25.005212928188957, 'PURSUE'
10, 2604, 24.982494776707956, 24.982494776707956, 'PURSUE'
10, 2605, 24.959776625226954, 24.959776625226954, 'PURSUE'
10, 2606, 24.937058473745953, 24.937058473745953, 'PURSUE'
10, 2607, 24.92110414285454, 24.92110414285454, 'PURSUE'
10, 2608, 24.905149811963124, 24.905149811963124, 'PURSUE'
10, 2609, 24.889702637197825, 24.889702637197825, 'PURSUE'
10, 2610, 24.874255462432526, 24.874255462432526, 'PURSUE'
10, 2611, 24.858808287667227, 24.858808287667227, 'PURSUE'
10, 2612, 24.843361112901928, 24.843361112901928, 'PURSUE'
10, 2613, 24.82791393813663, 24.82791393813663, 'PURSUE'
10, 2614, 24.81246676337133, 24.81246676337133, 'PURSUE'
10, 2615, 24.793108991189275, 24.793108991189275, 'PURSUE'
10, 2616, 24.777587032930754, 24.777587032930754, 'PURSUE'
10, 2617, 24.7544810371392, 24.7544810371392, 'PURSUE'
10, 2618, 24.731375041347647, 24.731375041347647, 'PURSUE'
10, 2619, 24.715616115815568, 24.715616115815568, 'PURSUE'
10, 2620, 24.692427385881878, 24.692427385881878, 'PURSUE'
10, 2621, 24.669238655948188, 24.669238655948188, 'PURSUE'
10, 2622, 24.65391791406012, 24.65391791406012, 'PURSUE'
10, 2623, 24.638208193040423, 24.638208193040423, 'PURSUE'
10, 2624, 24.622498472020727, 24.622498472020727, 'PURSUE'
10, 2625, 24.62614253372231, 24.62614253372231, 'APPROACH-STEALTH'
10, 2626, 24.65294002514882, 24.65294002514882, 'APPROACH-BLIND'
10, 2627, 24.666338770862076, 24.666338770862076, 'APPROACH-STEALTH'
10, 2628, 24.679737516575333, 24.679737516575333, 'APPROACH-STEALTH'
10, 2629, 24.69313626228859, 24.69313626228859, 'APPROACH-STEALTH'
10, 2630, 24.706535008001847, 24.706535008001847, 'APPROACH-STEALTH'
10, 2631, 24.719933753715104, 24.719933753715104, 'APPROACH-STEALTH'
10, 2632, 24.73333249942836, 24.73333249942836, 'APPROACH-STEALTH'
10, 2633, 24.746731245141618, 24.746731245141618, 'APPROACH-STEALTH'
10, 2634, 24.760129990854875, 24.760129990854875, 'APPROACH-STEALTH'
10, 2635, 24.77352873656813, 24.77352873656813, 'APPROACH-STEALTH'
10, 2636, 24.78692748228139, 24.78692748228139, 'APPROACH-STEALTH'
10, 2637, 24.800326227994645, 24.800326227994645, 'APPROACH-STEALTH'
10, 2638, 24.813724973707902, 24.813724973707902, 'APPROACH-STEALTH'
10, 2639, 24.82712371942116, 24.82712371942116, 'APPROACH-STEALTH'
10, 2640, 24.840522465134416, 24.840522465134416, 'APPROACH-STEALTH'
10, 2641, 24.853921210847673, 24.853921210847673, 'APPROACH-STEALTH'
10, 2642, 24.86731995656093, 24.86731995656093, 'APPROACH-STEALTH'
10, 2643, 24.880718702274187, 24.880718702274187, 'APPROACH-STEALTH'
10, 2644, 24.894117447987444, 24.894117447987444, 'APPROACH-STEALTH'
10, 2645, 24.9075161937007, 24.9075161937007, 'APPROACH-STEALTH'
10, 2646, 24.920914939413958, 24.920914939413958, 'APPROACH-STEALTH'
10, 2647, 24.934313685127215, 24.934313685127215, 'APPROACH-STEALTH'
10, 2648, 24.947712430840472, 24.947712430840472, 'APPROACH-STEALTH'
10, 2649, 24.96111117655373, 24.96111117655373, 'APPROACH-STEALTH'
10, 2650, 24.974509922266986, 24.974509922266986, 'APPROACH-STEALTH'
10, 2651, 24.987908667980243, 24.987908667980243, 'APPROACH-STEALTH'
10, 2652, 25.0013074136935, 25.0013074136935, 'APPROACH-STEALTH'
10, 2653, 25.014706159406757, 25.014706159406757, 'APPROACH-STEALTH'
10, 2654, 25.028104905120014, 25.028104905120014, 'APPROACH-STEALTH'
10, 2655, 25.04150365083327, 25.04150365083327, 'APPROACH-STEALTH'
10, 2656, 25.054902396546527, 25.054902396546527, 'APPROACH-STEALTH'
10, 2657, 25.068301142259784, 25.068301142259784, 'APPROACH-STEALTH'
10, 2658, 25.08169988797304, 25.08169988797304, 'APPROACH-STEALTH'
10, 2659, 25.0950986336863, 25.0950986336863, 'APPROACH-STEALTH'
10, 2660, 25.108497379399555, 25.108497379399555, 'APPROACH-STEALTH'
10, 2661, 25.121896125112812, 25.121896125112812, 'APPROACH-STEALTH'
10, 2662, 25.13529487082607, 25.13529487082607, 'APPROACH-STEALTH'
10, 2663, 25.148693616539326, 25.148693616539326, 'APPROACH-STEALTH'
10, 2664, 25.162092362252583, 25.162092362252583, 'APPROACH-STEALTH'
10, 2665, 25.17549110796584, 25.17549110796584, 'APPROACH-STEALTH'
10, 2666, 25.188889853679097, 25.188889853679097, 'APPROACH-STEALTH'
10, 2667, 25.202288599392354, 25.202288599392354, 'APPROACH-STEALTH'
10, 2668, 25.21568734510561, 25.21568734510561, 'APPROACH-STEALTH'
10, 2669, 25.229086090818868, 25.229086090818868, 'APPROACH-STEALTH'
10, 2670, 25.242484836532125, 25.242484836532125, 'APPROACH-STEALTH'
10, 2671, 25.25588358224538, 25.25588358224538, 'APPROACH-STEALTH'
10, 2672, 25.26928232795864, 25.26928232795864, 'APPROACH-STEALTH'
10, 2673, 25.282681073671895, 25.282681073671895, 'APPROACH-STEALTH'
10, 2674, 25.296079819385152, 25.296079819385152, 'APPROACH-STEALTH'
10, 2675, 25.30947856509841, 25.30947856509841, 'APPROACH-STEALTH'
10, 2676, 25.322877310811666, 25.322877310811666, 'APPROACH-STEALTH'
10, 2677, 25.336276056524923, 25.336276056524923, 'APPROACH-STEALTH'
10, 2678, 25.34967480223818, 25.34967480223818, 'APPROACH-STEALTH'
10, 2679, 25.363073547951437, 25.363073547951437, 'APPROACH-STEALTH'
10, 2680, 25.376472293664694, 25.376472293664694, 'APPROACH-STEALTH'
10, 2681, 25.38987103937795, 25.38987103937795, 'APPROACH-STEALTH'
10, 2682, 25.403269785091208, 25.403269785091208, 'APPROACH-STEALTH'
10, 2683, 25.416668530804465, 25.416668530804465, 'APPROACH-STEALTH'
10, 2684, 25.430067276517722, 25.430067276517722, 'APPROACH-STEALTH'
10, 2685, 25.44346602223098, 25.44346602223098, 'APPROACH-STEALTH'
10, 2686, 25.456864767944236, 25.456864767944236, 'APPROACH-STEALTH'
10, 2687, 25.470263513657493, 25.470263513657493, 'APPROACH-STEALTH'
10, 2688, 25.48366225937075, 25.48366225937075, 'APPROACH-STEALTH'
10, 2689, 25.497061005084007, 25.497061005084007, 'APPROACH-STEALTH'
10, 2690, 25.510459750797263, 25.510459750797263, 'APPROACH-STEALTH'
10, 2691, 25.52429309289937, 25.52429309289937, 'APPROACH-STEALTH'
10, 2692, 25.530970398996303, 25.530970398996303, 'APPROACH-STEALTH'
10, 2693, 25.483475993204582, 25.483475993204582, 'PURSUE'
10, 2694, 25.438633996910863, 25.438633996910863, 'PURSUE'
10, 2695, 25.393792000617143, 25.393792000617143, 'PURSUE'
10, 2696, 25.395907780836872, 25.395907780836872, 'PURSUE'
10, 2697, 25.357459487508823, 25.357459487508823, 'PURSUE'
10, 2698, 25.319011194180774, 25.319011194180774, 'PURSUE'
10, 2699, 25.280552269602023, 25.280552269602023, 'PURSUE'
10, 2700, 25.282968799303536, 25.282968799303536, 'PURSUE'
10, 2701, 25.235046462835864, 25.235046462835864, 'PURSUE'
10, 2702, 25.187124126368193, 25.187124126368193, 'PURSUE'
10, 2703, 25.13918222678239, 25.13918222678239, 'PURSUE'
10, 2704, 25.09415496874138, 25.09415496874138, 'PURSUE'
10, 2705, 25.080359285411973, 25.080359285411973, 'APPROACH-STEALTH'
10, 2706, 25.03243576245677, 25.03243576245677, 'PURSUE'
10, 2707, 24.98451223950157, 24.98451223950157, 'PURSUE'
10, 2708, 24.936588716546368, 24.936588716546368, 'PURSUE'
10, 2709, 24.898285934467754, 24.898285934467754, 'PURSUE'
10, 2710, 24.85038221008113, 24.85038221008113, 'PURSUE'
10, 2711, 24.802478485694504, 24.802478485694504, 'PURSUE'
10, 2712, 24.75754013932499, 24.75754013932499, 'PURSUE'
10, 2713, 24.70968000610259, 24.70968000610259, 'PURSUE'
10, 2714, 24.661801386704767, 24.661801386704767, 'PURSUE'
10, 2715, 24.62380757628732, 24.62380757628732, 'PURSUE'
10, 2716, 24.575967990186427, 24.575967990186427, 'PURSUE'
10, 2717, 24.52811025796027, 24.52811025796027, 'PURSUE'
10, 2718, 24.53309691540343, 24.53309691540343, 'PURSUE'
10, 2719, 24.53808357284659, 24.53808357284659, 'PURSUE'
10, 2720, 24.489949868229424, 24.489949868229424, 'PURSUE'
10, 2721, 24.44181616361226, 24.44181616361226, 'PURSUE'
10, 2722, 24.393682458995094, 24.393682458995094, 'PURSUE'
10, 2723, 24.348651471991193, 24.348651471991193, 'PURSUE'
10, 2724, 24.30056748745083, 24.30056748745083, 'PURSUE'
10, 2725, 24.25248350291047, 24.25248350291047, 'PURSUE'
10, 2726, 24.20754042865661, 24.20754042865661, 'PURSUE'
10, 2727, 24.159485856156966, 24.159485856156966, 'PURSUE'
10, 2728, 24.11143128365732, 24.11143128365732, 'PURSUE'
10, 2729, 24.073671717295937, 24.073671717295937, 'PURSUE'
10, 2730, 24.035903436247125, 24.035903436247125, 'PURSUE'
10, 2731, 23.991011250303586, 23.991011250303586, 'PURSUE'
10, 2732, 23.946119064360047, 23.946119064360047, 'PURSUE'
10, 2733, 23.90122687841651, 23.90122687841651, 'PURSUE'
10, 2734, 23.853059058324053, 23.853059058324053, 'PURSUE'
10, 2735, 23.804891238231598, 23.804891238231598, 'PURSUE'
10, 2736, 23.756723418139142, 23.756723418139142, 'PURSUE'
10, 2737, 23.711854842546686, 23.711854842546686, 'PURSUE'
10, 2738, 23.666973113552466, 23.666973113552466, 'PURSUE'
10, 2739, 23.62970402562678, 23.62970402562678, 'PURSUE'
10, 2740, 23.616217103698048, 23.616217103698048, 'APPROACH-STEALTH'
10, 2741, 23.57133727085561, 23.57133727085561, 'PURSUE'
10, 2742, 23.523095744175656, 23.523095744175656, 'PURSUE'
10, 2743, 23.4748542174957, 23.4748542174957, 'PURSUE'
10, 2744, 23.426612690815745, 23.426612690815745, 'PURSUE'
10, 2745, 23.389657617855605, 23.389657617855605, 'PURSUE'
10, 2746, 23.352702544895465, 23.352702544895465, 'PURSUE'
10, 2747, 23.315739561041067, 23.315739561041067, 'PURSUE'
10, 2748, 23.267357596675968, 23.267357596675968, 'PURSUE'
10, 2749, 23.21897563231087, 23.21897563231087, 'PURSUE'
10, 2750, 23.17059366794577, 23.17059366794577, 'PURSUE'
10, 2751, 23.133772187446603, 23.133772187446603, 'PURSUE'
10, 2752, 23.096942963700997, 23.096942963700997, 'PURSUE'
10, 2753, 23.048478974703592, 23.048478974703592, 'PURSUE'
10, 2754, 23.000014985706187, 23.000014985706187, 'PURSUE'
10, 2755, 22.951537792367155, 22.951537792367155, 'PURSUE'
10, 2756, 22.938227013487705, 22.938227013487705, 'APPROACH-STEALTH'
10, 2757, 22.901759110172563, 22.901759110172563, 'PURSUE'
10, 2758, 22.86529120685742, 22.86529120685742, 'PURSUE'
10, 2759, 22.816823666074423, 22.816823666074423, 'PURSUE'
10, 2760, 22.768356125291426, 22.768356125291426, 'PURSUE'
10, 2761, 22.71988858450843, 22.71988858450843, 'PURSUE'
10, 2762, 22.674976122042086, 22.674976122042086, 'PURSUE'
10, 2763, 22.630063659575743, 22.630063659575743, 'PURSUE'
10, 2764, 22.594003124850072, 22.594003124850072, 'PURSUE'
10, 2765, 22.545452461535564, 22.545452461535564, 'PURSUE'
10, 2766, 22.496901798221057, 22.496901798221057, 'PURSUE'
10, 2767, 22.48328484050061, 22.48328484050061, 'APPROACH-STEALTH'
10, 2768, 22.476236927054774, 22.476236927054774, 'PURSUE'
10, 2769, 22.47120459147148, 22.47120459147148, 'APPROACH-STEALTH'
10, 2770, 22.464090844805323, 22.464090844805323, 'PURSUE'
10, 2771, 22.45119871732075, 22.45119871732075, 'PURSUE'
10, 2772, 22.438306589836177, 22.438306589836177, 'PURSUE'
10, 2773, 22.432708576188915, 22.432708576188915, 'APPROACH-STEALTH'
10, 2774, 22.419888745913312, 22.419888745913312, 'PURSUE'
10, 2775, 22.40706891563771, 22.40706891563771, 'PURSUE'
10, 2776, 22.40100266021103, 22.40100266021103, 'APPROACH-STEALTH'
10, 2777, 22.388280181750694, 22.388280181750694, 'PURSUE'
10, 2778, 22.375557703290358, 22.375557703290358, 'PURSUE'
10, 2779, 22.36510583471778, 22.36510583471778, 'PURSUE'
10, 2780, 22.35246092687017, 22.35246092687017, 'PURSUE'
10, 2781, 22.339816019022557, 22.339816019022557, 'PURSUE'
10, 2782, 22.33294334849686, 22.33294334849686, 'PURSUE'
10, 2783, 22.32607067797116, 22.32607067797116, 'PURSUE'
10, 2784, 22.31919800744546, 22.31919800744546, 'PURSUE'
10, 2785, 22.312325336919763, 22.312325336919763, 'PURSUE'
10, 2786, 22.305452666394064, 22.305452666394064, 'PURSUE'
10, 2787, 22.298579995868366, 22.298579995868366, 'PURSUE'
10, 2788, 22.291707325342667, 22.291707325342667, 'PURSUE'
10, 2789, 22.2788943747648, 22.2788943747648, 'PURSUE'
10, 2790, 22.266081424186932, 22.266081424186932, 'PURSUE'
10, 2791, 22.253268473609065, 22.253268473609065, 'PURSUE'
10, 2792, 22.240455523031198, 22.240455523031198, 'PURSUE'
10, 2793, 22.22764257245333, 22.22764257245333, 'PURSUE'
10, 2794, 22.217368703410354, 22.217368703410354, 'PURSUE'
10, 2795, 22.204455932126947, 22.204455932126947, 'PURSUE'
10, 2796, 22.20251726231907, 22.20251726231907, 'APPROACH-STEALTH'
10, 2797, 22.200578592511192, 22.200578592511192, 'APPROACH-STEALTH'
10, 2798, 22.198639922703315, 22.198639922703315, 'APPROACH-STEALTH'
10, 2799, 22.196701252895437, 22.196701252895437, 'APPROACH-STEALTH'
10, 2800, 22.186361945141062, 22.186361945141062, 'PURSUE'
10, 2801, 22.176022637386687, 22.176022637386687, 'PURSUE'
10, 2802, 22.165683329632312, 22.165683329632312, 'PURSUE'
10, 2803, 22.155344021877937, 22.155344021877937, 'PURSUE'
10, 2804, 22.145004714123562, 22.145004714123562, 'PURSUE'
10, 2805, 22.143074313039918, 22.143074313039918, 'APPROACH-STEALTH'
10, 2806, 22.141143911956274, 22.141143911956274, 'APPROACH-STEALTH'
10, 2807, 22.13921351087263, 22.13921351087263, 'APPROACH-STEALTH'
10, 2808, 22.137283109788985, 22.137283109788985, 'APPROACH-STEALTH'
10, 2809, 22.13535270870534, 22.13535270870534, 'APPROACH-STEALTH'
10, 2810, 22.133422307621696, 22.133422307621696, 'APPROACH-STEALTH'
10, 2811, 22.131491906538052, 22.131491906538052, 'APPROACH-STEALTH'
10, 2812, 22.129561505454404, 22.129561505454404, 'APPROACH-STEALTH'
10, 2813, 22.12763110437076, 22.12763110437076, 'APPROACH-STEALTH'
10, 2814, 22.114719066526444, 22.114719066526444, 'PURSUE'
10, 2815, 22.101807028682128, 22.101807028682128, 'PURSUE'
10, 2816, 22.08889499083781, 22.08889499083781, 'PURSUE'
10, 2817, 22.075982952993495, 22.075982952993495, 'PURSUE'
10, 2818, 22.06307091514918, 22.06307091514918, 'PURSUE'
10, 2819, 22.050158877304863, 22.050158877304863, 'PURSUE'
10, 2820, 22.039780148996705, 22.039780148996705, 'PURSUE'
10, 2821, 22.029401420688547, 22.029401420688547, 'PURSUE'
10, 2822, 22.01902269238039, 22.01902269238039, 'PURSUE'
10, 2823, 22.00864396407223, 22.00864396407223, 'PURSUE'
10, 2824, 22.008542858689164, 22.008542858689164, 'APPROACH-STEALTH'
10, 2825, 22.008441753306098, 22.008441753306098, 'APPROACH-STEALTH'
10, 2826, 21.998113929720922, 21.998113929720922, 'PURSUE'
10, 2827, 21.987786106135747, 21.987786106135747, 'PURSUE'
10, 2828, 21.97745828255057, 21.97745828255057, 'PURSUE'
10, 2829, 21.977790449536013, 21.977790449536013, 'APPROACH-STEALTH'
10, 2830, 21.978454783506894, 21.978454783506894, 'APPROACH-BLIND'
10, 2831, 21.979119117477776, 21.979119117477776, 'APPROACH-BLIND'
10, 2832, 21.979783451448657, 21.979783451448657, 'APPROACH-BLIND'
10, 2833, 21.98044778541954, 21.98044778541954, 'APPROACH-BLIND'
10, 2834, 21.98111211939042, 21.98111211939042, 'APPROACH-BLIND'
10, 2835, 21.981776453361302, 21.981776453361302, 'APPROACH-BLIND'
10, 2836, 21.982440787332184, 21.982440787332184, 'APPROACH-BLIND'
10, 2837, 21.983105121303065, 21.983105121303065, 'APPROACH-BLIND'
10, 2838, 21.983769455273947, 21.983769455273947, 'APPROACH-BLIND'
10, 2839, 21.98443378924483, 21.98443378924483, 'APPROACH-BLIND'
10, 2840, 21.98509812321571, 21.98509812321571, 'APPROACH-BLIND'
10, 2841, 21.985762457186592, 21.985762457186592, 'APPROACH-BLIND'
10, 2842, 21.986426791157474, 21.986426791157474, 'APPROACH-BLIND'
10, 2843, 21.987091125128355, 21.987091125128355, 'APPROACH-BLIND'
10, 2844, 21.987755459099237, 21.987755459099237, 'APPROACH-BLIND'
10, 2845, 21.98841979307012, 21.98841979307012, 'APPROACH-BLIND'
10, 2846, 22.0134765201313, 22.0134765201313, 'APPROACH-BLIND'
10, 2847, 22.026004883661887, 22.026004883661887, 'APPROACH-STEALTH'
10, 2848, 22.038533247192476, 22.038533247192476, 'APPROACH-STEALTH'
10, 2849, 22.051061610723064, 22.051061610723064, 'APPROACH-STEALTH'
10, 2850, 22.063589974253652, 22.063589974253652, 'APPROACH-STEALTH'
10, 2851, 22.07611833778424, 22.07611833778424, 'APPROACH-STEALTH'
10, 2852, 22.08864670131483, 22.08864670131483, 'APPROACH-STEALTH'
10, 2853, 22.101175064845417, 22.101175064845417, 'APPROACH-STEALTH'
10, 2854, 22.113703428376006, 22.113703428376006, 'APPROACH-STEALTH'
10, 2855, 22.126231791906594, 22.126231791906594, 'APPROACH-STEALTH'
10, 2856, 22.138760155437183, 22.138760155437183, 'APPROACH-STEALTH'
10, 2857, 22.15128851896777, 22.15128851896777, 'APPROACH-STEALTH'
10, 2858, 22.16381688249836, 22.16381688249836, 'APPROACH-STEALTH'
10, 2859, 22.176345246028948, 22.176345246028948, 'APPROACH-STEALTH'
10, 2860, 22.188873609559536, 22.188873609559536, 'APPROACH-STEALTH'
10, 2861, 22.201401973090125, 22.201401973090125, 'APPROACH-STEALTH'
10, 2862, 22.213930336620713, 22.213930336620713, 'APPROACH-STEALTH'
10, 2863, 22.2264587001513, 22.2264587001513, 'APPROACH-STEALTH'
10, 2864, 22.23898706368189, 22.23898706368189, 'APPROACH-STEALTH'
10, 2865, 22.251515427212478, 22.251515427212478, 'APPROACH-STEALTH'
10, 2866, 22.264043790743067, 22.264043790743067, 'APPROACH-STEALTH'
10, 2867, 22.276572154273655, 22.276572154273655, 'APPROACH-STEALTH'
10, 2868, 22.289100517804243, 22.289100517804243, 'APPROACH-STEALTH'
10, 2869, 22.301628881334832, 22.301628881334832, 'APPROACH-STEALTH'
10, 2870, 22.31415724486542, 22.31415724486542, 'APPROACH-STEALTH'
10, 2871, 22.32668560839601, 22.32668560839601, 'APPROACH-STEALTH'
10, 2872, 22.339213971926597, 22.339213971926597, 'APPROACH-STEALTH'
10, 2873, 22.351742335457185, 22.351742335457185, 'APPROACH-STEALTH'
10, 2874, 22.364270698987774, 22.364270698987774, 'APPROACH-STEALTH'
10, 2875, 22.376799062518362, 22.376799062518362, 'APPROACH-STEALTH'
10, 2876, 22.38932742604895, 22.38932742604895, 'APPROACH-STEALTH'
10, 2877, 22.40185578957954, 22.40185578957954, 'APPROACH-STEALTH'
10, 2878, 22.414384153110127, 22.414384153110127, 'APPROACH-STEALTH'
10, 2879, 22.426912516640716, 22.426912516640716, 'APPROACH-STEALTH'
10, 2880, 22.439440880171304, 22.439440880171304, 'APPROACH-STEALTH'
10, 2881, 22.451969243701893, 22.451969243701893, 'APPROACH-STEALTH'
10, 2882, 22.46449760723248, 22.46449760723248, 'APPROACH-STEALTH'
10, 2883, 22.47702597076307, 22.47702597076307, 'APPROACH-STEALTH'
10, 2884, 22.489554334293658, 22.489554334293658, 'APPROACH-STEALTH'
10, 2885, 22.502082697824246, 22.502082697824246, 'APPROACH-STEALTH'
10, 2886, 22.509681883557988, 22.509681883557988, 'APPROACH-STEALTH'
10, 2887, 22.470023720631634, 22.470023720631634, 'PURSUE'
10, 2888, 22.45643633384879, 22.45643633384879, 'APPROACH-STEALTH'
10, 2889, 22.44126421418916, 22.44126421418916, 'PURSUE'
10, 2890, 22.426092094529533, 22.426092094529533, 'PURSUE'
10, 2891, 22.410919974869906, 22.410919974869906, 'PURSUE'
10, 2892, 22.395747855210278, 22.395747855210278, 'PURSUE'
10, 2893, 22.383602622964972, 22.383602622964972, 'PURSUE'
10, 2894, 22.371457390719666, 22.371457390719666, 'PURSUE'
10, 2895, 22.35617002491346, 22.35617002491346, 'PURSUE'
10, 2896, 22.340882659107255, 22.340882659107255, 'PURSUE'
10, 2897, 22.32559529330105, 22.32559529330105, 'PURSUE'
10, 2898, 22.317368637458486, 22.317368637458486, 'PURSUE'
10, 2899, 22.301969380407996, 22.301969380407996, 'PURSUE'
10, 2900, 22.286570123357507, 22.286570123357507, 'PURSUE'
10, 2901, 22.274382246978746, 22.274382246978746, 'PURSUE'
10, 2902, 22.262194370599985, 22.262194370599985, 'PURSUE'
10, 2903, 22.250006494221225, 22.250006494221225, 'PURSUE'
10, 2904, 22.247241818191814, 22.247241818191814, 'APPROACH-STEALTH'
10, 2905, 22.23514461259878, 22.23514461259878, 'PURSUE'
10, 2906, 22.223047407005748, 22.223047407005748, 'PURSUE'
10, 2907, 22.220220358918098, 22.220220358918098, 'APPROACH-STEALTH'
10, 2908, 22.208175205193864, 22.208175205193864, 'PURSUE'
10, 2909, 22.19613005146963, 22.19613005146963, 'PURSUE'
10, 2910, 22.19321876863288, 22.19321876863288, 'APPROACH-STEALTH'
10, 2911, 22.190307485796133, 22.190307485796133, 'APPROACH-STEALTH'
10, 2912, 22.17831873590221, 22.17831873590221, 'PURSUE'
10, 2913, 22.166329986008286, 22.166329986008286, 'PURSUE'
10, 2914, 22.150872111774135, 22.150872111774135, 'PURSUE'
10, 2915, 22.135414237539983, 22.135414237539983, 'PURSUE'
10, 2916, 22.119956363305832, 22.119956363305832, 'PURSUE'
10, 2917, 22.10449848907168, 22.10449848907168, 'PURSUE'
10, 2918, 22.08904061483753, 22.08904061483753, 'PURSUE'
10, 2919, 22.073582740603378, 22.073582740603378, 'PURSUE'
10, 2920, 22.058124866369226, 22.058124866369226, 'PURSUE'
10, 2921, 22.042666992135075, 22.042666992135075, 'PURSUE'
10, 2922, 22.027209117900924, 22.027209117900924, 'PURSUE'
10, 2923, 22.011751243666772, 22.011751243666772, 'PURSUE'
10, 2924, 21.99629336943262, 21.99629336943262, 'PURSUE'
10, 2925, 21.996347191169612, 21.996347191169612, 'APPROACH-STEALTH'
10, 2926, 22.02407967266759, 22.02407967266759, 'APPROACH-BLIND'
10, 2927, 22.03794591341658, 22.03794591341658, 'APPROACH-STEALTH'
10, 2928, 22.051812154165567, 22.051812154165567, 'APPROACH-STEALTH'
10, 2929, 22.065678394914556, 22.065678394914556, 'APPROACH-STEALTH'
10, 2930, 22.079544635663545, 22.079544635663545, 'APPROACH-STEALTH'
10, 2931, 22.093410876412534, 22.093410876412534, 'APPROACH-STEALTH'
10, 2932, 22.107277117161523, 22.107277117161523, 'APPROACH-STEALTH'
10, 2933, 22.121143357910512, 22.121143357910512, 'APPROACH-STEALTH'
10, 2934, 22.1350095986595, 22.1350095986595, 'APPROACH-STEALTH'
10, 2935, 22.146548469980402, 22.146548469980402, 'PURSUE'
10, 2936, 22.12147300898613, 22.12147300898613, 'PURSUE'
10, 2937, 22.13310046368233, 22.13310046368233, 'PURSUE'
10, 2938, 22.14472791837853, 22.14472791837853, 'PURSUE'
10, 2939, 22.156355373074728, 22.156355373074728, 'PURSUE'
10, 2940, 22.167982827770928, 22.167982827770928, 'PURSUE'
10, 2941, 22.179610282467127, 22.179610282467127, 'PURSUE'
10, 2942, 22.191237737163327, 22.191237737163327, 'PURSUE'
10, 2943, 22.202865191859527, 22.202865191859527, 'PURSUE'
10, 2944, 22.214492646555726, 22.214492646555726, 'PURSUE'
10, 2945, 22.226120101251926, 22.226120101251926, 'PURSUE'
10, 2946, 22.237747555948125, 22.237747555948125, 'PURSUE'
10, 2947, 22.224012735079153, 22.224012735079153, 'APPROACH-STEALTH'
10, 2948, 22.217000116746103, 22.217000116746103, 'PURSUE'
10, 2949, 22.209987498413053, 22.209987498413053, 'PURSUE'
10, 2950, 22.202974880080003, 22.202974880080003, 'PURSUE'
10, 2951, 22.187204418373547, 22.187204418373547, 'PURSUE'
10, 2952, 22.17143395666709, 22.17143395666709, 'PURSUE'
10, 2953, 22.155663494960635, 22.155663494960635, 'PURSUE'
10, 2954, 22.13989303325418, 22.13989303325418, 'PURSUE'
10, 2955, 22.132045892284683, 22.132045892284683, 'PURSUE'
10, 2956, 22.124198751315188, 22.124198751315188, 'PURSUE'
10, 2957, 22.116351610345692, 22.116351610345692, 'PURSUE'
10, 2958, 22.10057135300378, 22.10057135300378, 'PURSUE'
10, 2959, 22.084791095661867, 22.084791095661867, 'PURSUE'
10, 2960, 22.069010838319954, 22.069010838319954, 'PURSUE'
10, 2961, 22.053230580978042, 22.053230580978042, 'PURSUE'
10, 2962, 22.0523171610195, 22.0523171610195, 'APPROACH-STEALTH'
10, 2963, 22.040984476044795, 22.040984476044795, 'PURSUE'
10, 2964, 22.025098307809046, 22.025098307809046, 'PURSUE'
10, 2965, 22.009212139573297, 22.009212139573297, 'PURSUE'
10, 2966, 21.993325971337548, 21.993325971337548, 'PURSUE'
10, 2967, 21.985836621147126, 21.985836621147126, 'PURSUE'
10, 2968, 21.978347270956704, 21.978347270956704, 'PURSUE'
10, 2969, 21.97085792076628, 21.97085792076628, 'PURSUE'
10, 2970, 21.96336857057586, 21.96336857057586, 'PURSUE'
10, 2971, 21.94721980006228, 21.94721980006228, 'PURSUE'
10, 2972, 21.931071029548697, 21.931071029548697, 'PURSUE'
10, 2973, 21.914922259035116, 21.914922259035116, 'PURSUE'
10, 2974, 21.898773488521535, 21.898773488521535, 'PURSUE'
10, 2975, 21.882624718007953, 21.882624718007953, 'PURSUE'
10, 2976, 21.871471268053313, 21.871471268053313, 'PURSUE'
10, 2977, 21.864100744556787, 21.864100744556787, 'PURSUE'
10, 2978, 21.848005195709433, 21.848005195709433, 'PURSUE'
10, 2979, 21.83190964686208, 21.83190964686208, 'PURSUE'
10, 2980, 21.815814098014727, 21.815814098014727, 'PURSUE'
10, 2981, 21.80459822713319, 21.80459822713319, 'PURSUE'
10, 2982, 21.788596179212696, 21.788596179212696, 'PURSUE'
10, 2983, 21.772594131292202, 21.772594131292202, 'PURSUE'
10, 2984, 21.76133613563348, 21.76133613563348, 'PURSUE'
10, 2985, 21.75007813997476, 21.75007813997476, 'PURSUE'
10, 2986, 21.743011221323016, 21.743011221323016, 'PURSUE'
10, 2987, 21.726994801141064, 21.726994801141064, 'PURSUE'
10, 2988, 21.710978380959112, 21.710978380959112, 'PURSUE'
10, 2989, 21.69496196077716, 21.69496196077716, 'PURSUE'
10, 2990, 21.67894554059521, 21.67894554059521, 'PURSUE'
10, 2991, 21.67202434966661, 21.67202434966661, 'PURSUE'
10, 2992, 21.665103158738013, 21.665103158738013, 'PURSUE'
10, 2993, 21.67157563942276, 21.67157563942276, 'APPROACH-STEALTH'
10, 2994, 21.698301000534055, 21.698301000534055, 'APPROACH-BLIND'
10, 2995, 21.710482028030423, 21.710482028030423, 'PURSUE'
10, 2996, 21.678801449509074, 21.678801449509074, 'PURSUE'
10, 2997, 21.647097763714115, 21.647097763714115, 'PURSUE'
10, 2998, 21.659471538037707, 21.659471538037707, 'PURSUE'
10, 2999, 21.6718453123613, 21.6718453123613, 'PURSUE'
10, 3000, 21.68421908668489, 21.68421908668489, 'PURSUE'
10, 3001, 21.696592861008483, 21.696592861008483, 'PURSUE'
10, 3002, 21.708966635332075, 21.708966635332075, 'PURSUE'
10, 3003, 21.721340409655667, 21.721340409655667, 'PURSUE'
10, 3004, 21.73371418397926, 21.73371418397926, 'PURSUE'
10, 3005, 21.74608795830285, 21.74608795830285, 'PURSUE'
10, 3006, 21.758461732626444, 21.758461732626444, 'PURSUE'
10, 3007, 21.77086609018181, 21.77086609018181, 'PURSUE'
10, 3008, 21.758827520316324, 21.758827520316324, 'APPROACH-STEALTH'
10, 3009, 21.74678895045084, 21.74678895045084, 'APPROACH-STEALTH'
10, 3010, 21.734750380585353, 21.734750380585353, 'APPROACH-STEALTH'
10, 3011, 21.72271181071987, 21.72271181071987, 'APPROACH-STEALTH'
10, 3012, 21.710673240854383, 21.710673240854383, 'APPROACH-STEALTH'
10, 3013, 21.6986346709889, 21.6986346709889, 'APPROACH-STEALTH'
10, 3014, 21.686596101123413, 21.686596101123413, 'APPROACH-STEALTH'
10, 3015, 21.67455753125793, 21.67455753125793, 'APPROACH-STEALTH'
10, 3016, 21.687319375737083, 21.687319375737083, 'PURSUE'
10, 3017, 21.700081220216237, 21.700081220216237, 'PURSUE'
10, 3018, 21.71284306469539, 21.71284306469539, 'PURSUE'
10, 3019, 21.689318683627572, 21.689318683627572, 'PURSUE'
10, 3020, 21.665769286120096, 21.665769286120096, 'PURSUE'
10, 3021, 21.67869694157158, 21.67869694157158, 'PURSUE'
10, 3022, 21.645439124588744, 21.645439124588744, 'PURSUE'
10, 3023, 21.61218130760591, 21.61218130760591, 'PURSUE'
10, 3024, 21.578923490623072, 21.578923490623072, 'PURSUE'
10, 3025, 21.545665673640237, 21.545665673640237, 'PURSUE'
10, 3026, 21.5124078566574, 21.5124078566574, 'PURSUE'
10, 3027, 21.48900014477299, 21.48900014477299, 'PURSUE'
10, 3028, 21.47992032778408, 21.47992032778408, 'APPROACH-STEALTH'
10, 3029, 21.470840510795167, 21.470840510795167, 'APPROACH-STEALTH'
10, 3030, 21.461760693806255, 21.461760693806255, 'APPROACH-STEALTH'
10, 3031, 21.47546466893765, 21.47546466893765, 'PURSUE'
10, 3032, 21.471170832445242, 21.471170832445242, 'APPROACH-STEALTH'
10, 3033, 21.466876995952834, 21.466876995952834, 'APPROACH-STEALTH'
10, 3034, 21.480612872374635, 21.480612872374635, 'PURSUE'
10, 3035, 21.494348748796437, 21.494348748796437, 'PURSUE'
10, 3036, 21.50808462521824, 21.50808462521824, 'PURSUE'
10, 3037, 21.521824209737975, 21.521824209737975, 'APPROACH-STEALTH'
10, 3038, 21.535563794257712, 21.535563794257712, 'APPROACH-STEALTH'
10, 3039, 21.54930337877745, 21.54930337877745, 'APPROACH-STEALTH'
10, 3040, 21.563042963297185, 21.563042963297185, 'APPROACH-STEALTH'
10, 3041, 21.576714786625324, 21.576714786625324, 'PURSUE'
10, 3042, 21.590386609953462, 21.590386609953462, 'PURSUE'
10, 3043, 21.6040584332816, 21.6040584332816, 'PURSUE'
10, 3044, 21.61773025660974, 21.61773025660974, 'PURSUE'
10, 3045, 21.631402079937878, 21.631402079937878, 'PURSUE'
10, 3046, 21.645211480370072, 21.645211480370072, 'APPROACH-STEALTH'
10, 3047, 21.658783438589793, 21.658783438589793, 'PURSUE'
10, 3048, 21.672355396809515, 21.672355396809515, 'PURSUE'
10, 3049, 21.685925636918547, 21.685925636918547, 'APPROACH-STEALTH'
10, 3050, 21.69949587702758, 21.69949587702758, 'APPROACH-STEALTH'
10, 3051, 21.713066117136613, 21.713066117136613, 'APPROACH-STEALTH'
10, 3052, 21.726636357245646, 21.726636357245646, 'APPROACH-STEALTH'
10, 3053, 21.74020659735468, 21.74020659735468, 'APPROACH-STEALTH'
10, 3054, 21.75377683746371, 21.75377683746371, 'APPROACH-STEALTH'
10, 3055, 21.767347077572744, 21.767347077572744, 'APPROACH-STEALTH'
10, 3056, 21.780917317681777, 21.780917317681777, 'APPROACH-STEALTH'
10, 3057, 21.79448755779081, 21.79448755779081, 'APPROACH-STEALTH'
10, 3058, 21.807801273053197, 21.807801273053197, 'PURSUE'
10, 3059, 21.77218424930505, 21.77218424930505, 'PURSUE'
10, 3060, 21.7365672255569, 21.7365672255569, 'PURSUE'
10, 3061, 21.70095020180875, 21.70095020180875, 'PURSUE'
10, 3062, 21.714608432964354, 21.714608432964354, 'PURSUE'
10, 3063, 21.70250038968787, 21.70250038968787, 'APPROACH-STEALTH'
10, 3064, 21.690392346411386, 21.690392346411386, 'APPROACH-STEALTH'
10, 3065, 21.6782843031349, 21.6782843031349, 'APPROACH-STEALTH'
10, 3066, 21.666176259858418, 21.666176259858418, 'APPROACH-STEALTH'
10, 3067, 21.630302858205745, 21.630302858205745, 'PURSUE'
10, 3068, 21.594429456553073, 21.594429456553073, 'PURSUE'
10, 3069, 21.5585560549004, 21.5585560549004, 'PURSUE'
10, 3070, 21.572828952046454, 21.572828952046454, 'PURSUE'
10, 3071, 21.587101849192507, 21.587101849192507, 'PURSUE'
10, 3072, 21.562253685839543, 21.562253685839543, 'PURSUE'
10, 3073, 21.53740552248658, 21.53740552248658, 'PURSUE'
10, 3074, 21.512557359133616, 21.512557359133616, 'PURSUE'
10, 3075, 21.487709195780653, 21.487709195780653, 'PURSUE'
10, 3076, 21.480236679148945, 21.480236679148945, 'APPROACH-STEALTH'
10, 3077, 21.455456368117062, 21.455456368117062, 'PURSUE'
10, 3078, 21.43067605708518, 21.43067605708518, 'PURSUE'
10, 3079, 21.44569716823177, 21.44569716823177, 'PURSUE'
10, 3080, 21.460718279378362, 21.460718279378362, 'PURSUE'
10, 3081, 21.45656822057151, 21.45656822057151, 'APPROACH-STEALTH'
10, 3082, 21.419595838413787, 21.419595838413787, 'PURSUE'
10, 3083, 21.382623456256066, 21.382623456256066, 'PURSUE'
10, 3084, 21.345651074098345, 21.345651074098345, 'PURSUE'
10, 3085, 21.320774946803983, 21.320774946803983, 'PURSUE'
10, 3086, 21.317187887203595, 21.317187887203595, 'APPROACH-STEALTH'
10, 3087, 21.313600827603207, 21.313600827603207, 'APPROACH-STEALTH'
10, 3088, 21.329265612706344, 21.329265612706344, 'PURSUE'
10, 3089, 21.34493039780948, 21.34493039780948, 'PURSUE'
10, 3090, 21.36059518291262, 21.36059518291262, 'PURSUE'
10, 3091, 21.376259968015756, 21.376259968015756, 'PURSUE'
10, 3092, 21.391924753118893, 21.391924753118893, 'PURSUE'
10, 3093, 21.40758953822203, 21.40758953822203, 'PURSUE'
10, 3094, 21.423254323325168, 21.423254323325168, 'PURSUE'
10, 3095, 21.4158574353919, 21.4158574353919, 'APPROACH-STEALTH'
10, 3096, 21.43148556041899, 21.43148556041899, 'PURSUE'
10, 3097, 21.447113685446084, 21.447113685446084, 'PURSUE'
10, 3098, 21.43803755431939, 21.43803755431939, 'APPROACH-STEALTH'
10, 3099, 21.428961423192696, 21.428961423192696, 'APPROACH-STEALTH'
10, 3100, 21.425135276288582, 21.425135276288582, 'APPROACH-STEALTH'
10, 3101, 21.4408769199702, 21.4408769199702, 'PURSUE'
10, 3102, 21.45661856365182, 21.45661856365182, 'PURSUE'
10, 3103, 21.472401980320583, 21.472401980320583, 'PURSUE'
10, 3104, 21.46755693264141, 21.46755693264141, 'APPROACH-STEALTH'
10, 3105, 21.46271188496224, 21.46271188496224, 'APPROACH-STEALTH'
10, 3106, 21.457866837283067, 21.457866837283067, 'APPROACH-STEALTH'
10, 3107, 21.41924557684165, 21.41924557684165, 'PURSUE'
10, 3108, 21.380624316400233, 21.380624316400233, 'PURSUE'
10, 3109, 21.342003055958816, 21.342003055958816, 'PURSUE'
10, 3110, 21.3033817955174, 21.3033817955174, 'PURSUE'
10, 3111, 21.264760535075983, 21.264760535075983, 'PURSUE'
10, 3112, 21.226139274634566, 21.226139274634566, 'PURSUE'
10, 3113, 21.18751801419315, 21.18751801419315, 'PURSUE'
10, 3114, 21.161733243489948, 21.161733243489948, 'PURSUE'
10, 3115, 21.135948472786747, 21.135948472786747, 'PURSUE'
10, 3116, 21.110163702083547, 21.110163702083547, 'PURSUE'
10, 3117, 21.071243595200883, 21.071243595200883, 'PURSUE'
10, 3118, 21.03232348831822, 21.03232348831822, 'PURSUE'
10, 3119, 21.006645390794283, 21.006645390794283, 'PURSUE'
10, 3120, 21.006579323379484, 21.006579323379484, 'APPROACH-STEALTH'
10, 3121, 21.006513255964684, 21.006513255964684, 'APPROACH-STEALTH'
10, 3122, 21.006447188549885, 21.006447188549885, 'APPROACH-STEALTH'
10, 3123, 21.006381121135085, 21.006381121135085, 'APPROACH-STEALTH'
10, 3124, 21.006315053720286, 21.006315053720286, 'APPROACH-STEALTH'
10, 3125, 21.006248986305486, 21.006248986305486, 'APPROACH-STEALTH'
10, 3126, 21.006182918890687, 21.006182918890687, 'APPROACH-STEALTH'
10, 3127, 20.966676120128444, 20.966676120128444, 'PURSUE'
10, 3128, 20.9271693213662, 20.9271693213662, 'PURSUE'
10, 3129, 20.887662522603957, 20.887662522603957, 'PURSUE'
10, 3130, 20.889054832876866, 20.889054832876866, 'APPROACH-STEALTH'
10, 3131, 20.907218557700777, 20.907218557700777, 'PURSUE'
10, 3132, 20.925382282524687, 20.925382282524687, 'PURSUE'
10, 3133, 20.943546007348598, 20.943546007348598, 'PURSUE'
10, 3134, 20.90367125587538, 20.90367125587538, 'PURSUE'
10, 3135, 20.863796504402163, 20.863796504402163, 'PURSUE'
10, 3136, 20.823921752928946, 20.823921752928946, 'PURSUE'
10, 3137, 20.78404700145573, 20.78404700145573, 'PURSUE'
10, 3138, 20.744172249982512, 20.744172249982512, 'PURSUE'
10, 3139, 20.74976405830636, 20.74976405830636, 'APPROACH-STEALTH'
10, 3140, 20.75535586663021, 20.75535586663021, 'APPROACH-STEALTH'
10, 3141, 20.76094767495406, 20.76094767495406, 'APPROACH-STEALTH'
10, 3142, 20.76653948327791, 20.76653948327791, 'APPROACH-STEALTH'
10, 3143, 20.77213129160176, 20.77213129160176, 'APPROACH-STEALTH'
10, 3144, 20.77772309992561, 20.77772309992561, 'APPROACH-STEALTH'
10, 3145, 20.78331490824946, 20.78331490824946, 'APPROACH-STEALTH'
10, 3146, 20.785310211762493, 20.785310211762493, 'APPROACH-STEALTH'
10, 3147, 20.787305515275527, 20.787305515275527, 'APPROACH-STEALTH'
10, 3148, 20.80647701459061, 20.80647701459061, 'PURSUE'
10, 3149, 20.82564851390569, 20.82564851390569, 'PURSUE'
10, 3150, 20.844820013220772, 20.844820013220772, 'PURSUE'
10, 3151, 20.863991512535854, 20.863991512535854, 'PURSUE'
10, 3152, 20.883163011850936, 20.883163011850936, 'PURSUE'
10, 3153, 20.902334511166018, 20.902334511166018, 'PURSUE'
10, 3154, 20.9215060104811, 20.9215060104811, 'PURSUE'
10, 3155, 20.94067750979618, 20.94067750979618, 'PURSUE'
10, 3156, 20.959849009111263, 20.959849009111263, 'PURSUE'
10, 3157, 20.960520478577962, 20.960520478577962, 'APPROACH-STEALTH'
10, 3158, 20.96119194804466, 20.96119194804466, 'APPROACH-STEALTH'
10, 3159, 20.96186341751136, 20.96186341751136, 'APPROACH-STEALTH'
10, 3160, 20.96253488697806, 20.96253488697806, 'APPROACH-STEALTH'
10, 3161, 20.963206356444758, 20.963206356444758, 'APPROACH-STEALTH'
10, 3162, 20.963877825911457, 20.963877825911457, 'APPROACH-STEALTH'
10, 3163, 20.93706752781635, 20.93706752781635, 'PURSUE'
10, 3164, 20.910257229721243, 20.910257229721243, 'PURSUE'
10, 3165, 20.883446931626136, 20.883446931626136, 'PURSUE'
10, 3166, 20.85663663353103, 20.85663663353103, 'PURSUE'
10, 3167, 20.82982633543592, 20.82982633543592, 'PURSUE'
10, 3168, 20.83149539772433, 20.83149539772433, 'APPROACH-STEALTH'
10, 3169, 20.80480889863799, 20.80480889863799, 'PURSUE'
10, 3170, 20.778122399551652, 20.778122399551652, 'PURSUE'
10, 3171, 20.735965947934535, 20.735965947934535, 'PURSUE'
10, 3172, 20.693809496317417, 20.693809496317417, 'PURSUE'
10, 3173, 20.6516530447003, 20.6516530447003, 'PURSUE'
10, 3174, 20.60933797537562, 20.60933797537562, 'PURSUE'
10, 3175, 20.61432016197944, 20.61432016197944, 'APPROACH-STEALTH'
10, 3176, 20.61930234858326, 20.61930234858326, 'APPROACH-STEALTH'
10, 3177, 20.62428453518708, 20.62428453518708, 'APPROACH-STEALTH'
10, 3178, 20.6292667217909, 20.6292667217909, 'APPROACH-STEALTH'
10, 3179, 20.634248908394717, 20.634248908394717, 'APPROACH-STEALTH'
10, 3180, 20.63923109499854, 20.63923109499854, 'APPROACH-STEALTH'
10, 3181, 20.644213281602358, 20.644213281602358, 'APPROACH-STEALTH'
10, 3182, 20.649195468206177, 20.649195468206177, 'APPROACH-STEALTH'
10, 3183, 20.654177654809995, 20.654177654809995, 'APPROACH-STEALTH'
10, 3184, 20.659159841413814, 20.659159841413814, 'APPROACH-STEALTH'
10, 3185, 20.664142028017636, 20.664142028017636, 'APPROACH-STEALTH'
10, 3186, 20.669124214621455, 20.669124214621455, 'APPROACH-STEALTH'
10, 3187, 20.674106401225274, 20.674106401225274, 'APPROACH-STEALTH'
10, 3188, 20.679088587829092, 20.679088587829092, 'APPROACH-STEALTH'
10, 3189, 20.68407077443291, 20.68407077443291, 'APPROACH-STEALTH'
10, 3190, 20.689052961036733, 20.689052961036733, 'APPROACH-STEALTH'
10, 3191, 20.69403514764055, 20.69403514764055, 'APPROACH-STEALTH'
10, 3192, 20.69901733424437, 20.69901733424437, 'APPROACH-STEALTH'
10, 3193, 20.72027292098012, 20.72027292098012, 'PURSUE'
10, 3194, 20.741528507715866, 20.741528507715866, 'PURSUE'
10, 3195, 20.762784094451614, 20.762784094451614, 'PURSUE'
10, 3196, 20.784039681187362, 20.784039681187362, 'PURSUE'
10, 3197, 20.80529526792311, 20.80529526792311, 'PURSUE'
10, 3198, 20.761706046043532, 20.761706046043532, 'PURSUE'
10, 3199, 20.718116824163953, 20.718116824163953, 'PURSUE'
10, 3200, 20.73972145360191, 20.73972145360191, 'PURSUE'
10, 3201, 20.761326083039865, 20.761326083039865, 'PURSUE'
10, 3202, 20.78293071247782, 20.78293071247782, 'PURSUE'
10, 3203, 20.804535341915777, 20.804535341915777, 'PURSUE'
10, 3204, 20.826139971353733, 20.826139971353733, 'PURSUE'
10, 3205, 20.84774460079169, 20.84774460079169, 'PURSUE'
10, 3206, 20.869349230229645, 20.869349230229645, 'PURSUE'
10, 3207, 20.824754107961745, 20.824754107961745, 'PURSUE'
10, 3208, 20.84651173567692, 20.84651173567692, 'PURSUE'
10, 3209, 20.868269363392095, 20.868269363392095, 'PURSUE'
10, 3210, 20.871119427221164, 20.871119427221164, 'APPROACH-STEALTH'
10, 3211, 20.892833736104905, 20.892833736104905, 'PURSUE'
10, 3212, 20.914548044988646, 20.914548044988646, 'PURSUE'
10, 3213, 20.88644884864073, 20.88644884864073, 'PURSUE'
10, 3214, 20.858349652292812, 20.858349652292812, 'PURSUE'
10, 3215, 20.813010293633106, 20.813010293633106, 'PURSUE'
10, 3216, 20.7676709349734, 20.7676709349734, 'PURSUE'
10, 3217, 20.739797574464053, 20.739797574464053, 'PURSUE'
10, 3218, 20.711924213954706, 20.711924213954706, 'PURSUE'
10, 3219, 20.684171736371667, 20.684171736371667, 'PURSUE'
10, 3220, 20.638645491855197, 20.638645491855197, 'PURSUE'
10, 3221, 20.593119247338727, 20.593119247338727, 'PURSUE'
10, 3222, 20.616499715287144, 20.616499715287144, 'PURSUE'
10, 3223, 20.63988018323556, 20.63988018323556, 'PURSUE'
10, 3224, 20.66326065118398, 20.66326065118398, 'PURSUE'
10, 3225, 20.686641119132396, 20.686641119132396, 'PURSUE'
10, 3226, 20.710021587080814, 20.710021587080814, 'PURSUE'
10, 3227, 20.716403551065486, 20.716403551065486, 'APPROACH-STEALTH'
10, 3228, 20.72278551505016, 20.72278551505016, 'APPROACH-STEALTH'
10, 3229, 20.72916747903483, 20.72916747903483, 'APPROACH-STEALTH'
10, 3230, 20.735549443019504, 20.735549443019504, 'APPROACH-STEALTH'
10, 3231, 20.741931407004177, 20.741931407004177, 'APPROACH-STEALTH'
10, 3232, 20.7653370215015, 20.7653370215015, 'PURSUE'
10, 3233, 20.767586893995585, 20.767586893995585, 'APPROACH-STEALTH'
10, 3234, 20.769836766489668, 20.769836766489668, 'APPROACH-STEALTH'
10, 3235, 20.77208663898375, 20.77208663898375, 'APPROACH-STEALTH'
10, 3236, 20.774336511477834, 20.774336511477834, 'APPROACH-STEALTH'
10, 3237, 20.797774448631763, 20.797774448631763, 'PURSUE'
10, 3238, 20.821212385785692, 20.821212385785692, 'PURSUE'
10, 3239, 20.84465032293962, 20.84465032293962, 'PURSUE'
10, 3240, 20.86808826009355, 20.86808826009355, 'PURSUE'
10, 3241, 20.89152619724748, 20.89152619724748, 'PURSUE'
10, 3242, 20.89298361471159, 20.89298361471159, 'APPROACH-STEALTH'
10, 3243, 20.845614668732733, 20.845614668732733, 'PURSUE'
10, 3244, 20.81687514571051, 20.81687514571051, 'PURSUE'
10, 3245, 20.78813562268829, 20.78813562268829, 'PURSUE'
10, 3246, 20.75939609966607, 20.75939609966607, 'PURSUE'
10, 3247, 20.730799886485226, 20.730799886485226, 'PURSUE'
10, 3248, 20.683205053754005, 20.683205053754005, 'PURSUE'
10, 3249, 20.65474839387121, 20.65474839387121, 'PURSUE'
10, 3250, 20.60715283775303, 20.60715283775303, 'PURSUE'
10, 3251, 20.559557281634852, 20.559557281634852, 'PURSUE'
10, 3252, 20.563581358349406, 20.563581358349406, 'APPROACH-STEALTH'
10, 3253, 20.56760543506396, 20.56760543506396, 'APPROACH-STEALTH'
10, 3254, 20.571629511778514, 20.571629511778514, 'APPROACH-STEALTH'
10, 3255, 20.57565358849307, 20.57565358849307, 'APPROACH-STEALTH'
10, 3256, 20.600929826664437, 20.600929826664437, 'PURSUE'
10, 3257, 20.626206064835806, 20.626206064835806, 'PURSUE'
10, 3258, 20.651544251025033, 20.651544251025033, 'PURSUE'
10, 3259, 20.60358698127409, 20.60358698127409, 'PURSUE'
10, 3260, 20.62912915841611, 20.62912915841611, 'PURSUE'
10, 3261, 20.654734142634553, 20.654734142634553, 'PURSUE'
10, 3262, 20.606487282461103, 20.606487282461103, 'PURSUE'
10, 3263, 20.558240422287653, 20.558240422287653, 'PURSUE'
10, 3264, 20.509993562114204, 20.509993562114204, 'PURSUE'
10, 3265, 20.461746701940754, 20.461746701940754, 'PURSUE'
10, 3266, 20.413499841767305, 20.413499841767305, 'PURSUE'
10, 3267, 20.406641929073533, 20.406641929073533, 'APPROACH-STEALTH'
10, 3268, 20.399784016379762, 20.399784016379762, 'APPROACH-STEALTH'
10, 3269, 20.39292610368599, 20.39292610368599, 'APPROACH-STEALTH'
10, 3270, 20.38606819099222, 20.38606819099222, 'APPROACH-STEALTH'
10, 3271, 20.379210278298448, 20.379210278298448, 'APPROACH-STEALTH'
10, 3272, 20.372352365604677, 20.372352365604677, 'APPROACH-STEALTH'
10, 3273, 20.365494452910905, 20.365494452910905, 'APPROACH-STEALTH'
10, 3274, 20.358636540217137, 20.358636540217137, 'APPROACH-STEALTH'
10, 3275, 20.35177862752337, 20.35177862752337, 'APPROACH-STEALTH'
10, 3276, 20.344920714829602, 20.344920714829602, 'APPROACH-STEALTH'
10, 3277, 20.338062802135834, 20.338062802135834, 'APPROACH-STEALTH'
10, 3278, 20.331204889442066, 20.331204889442066, 'APPROACH-STEALTH'
10, 3279, 20.358531136176975, 20.358531136176975, 'PURSUE'
10, 3280, 20.385921499751717, 20.385921499751717, 'PURSUE'
10, 3281, 20.382343629282182, 20.382343629282182, 'APPROACH-STEALTH'
10, 3282, 20.378765758812648, 20.378765758812648, 'APPROACH-STEALTH'
10, 3283, 20.35106080153201, 20.35106080153201, 'PURSUE'
10, 3284, 20.323519820694163, 20.323519820694163, 'PURSUE'
10, 3285, 20.32012929148131, 20.32012929148131, 'APPROACH-STEALTH'
10, 3286, 20.292660280910177, 20.292660280910177, 'PURSUE'
10, 3287, 20.26519127033904, 20.26519127033904, 'PURSUE'
10, 3288, 20.262033982704978, 20.262033982704978, 'APPROACH-STEALTH'
10, 3289, 20.2346334582876, 20.2346334582876, 'PURSUE'
10, 3290, 20.263140209453656, 20.263140209453656, 'PURSUE'
10, 3291, 20.291646960619712, 20.291646960619712, 'PURSUE'
10, 3292, 20.320153711785768, 20.320153711785768, 'PURSUE'
10, 3293, 20.348660462951823, 20.348660462951823, 'PURSUE'
10, 3294, 20.37716721411788, 20.37716721411788, 'PURSUE'
10, 3295, 20.405673965283935, 20.405673965283935, 'PURSUE'
10, 3296, 20.434246278238042, 20.434246278238042, 'PURSUE'
10, 3297, 20.42594845788194, 20.42594845788194, 'APPROACH-STEALTH'
10, 3298, 20.454466671361033, 20.454466671361033, 'PURSUE'
10, 3299, 20.483051011116437, 20.483051011116437, 'PURSUE'
10, 3300, 20.432787127859047, 20.432787127859047, 'PURSUE'
10, 3301, 20.382523244601657, 20.382523244601657, 'PURSUE'
10, 3302, 20.332259361344267, 20.332259361344267, 'PURSUE'
10, 3303, 20.281995478086877, 20.281995478086877, 'PURSUE'
10, 3304, 20.231731594829487, 20.231731594829487, 'PURSUE'
10, 3305, 20.181412739845015, 20.181412739845015, 'PURSUE'
10, 3306, 20.195159848254352, 20.195159848254352, 'APPROACH-STEALTH'
10, 3307, 20.20890695666369, 20.20890695666369, 'APPROACH-STEALTH'
10, 3308, 20.222654065073026, 20.222654065073026, 'APPROACH-STEALTH'
10, 3309, 20.236401173482363, 20.236401173482363, 'APPROACH-STEALTH'
10, 3310, 20.266345579138843, 20.266345579138843, 'PURSUE'
10, 3311, 20.296289984795322, 20.296289984795322, 'PURSUE'
10, 3312, 20.326234390451802, 20.326234390451802, 'PURSUE'
10, 3313, 20.27534426797699, 20.27534426797699, 'PURSUE'
10, 3314, 20.261541833346733, 20.261541833346733, 'APPROACH-STEALTH'
10, 3315, 20.261114772652707, 20.261114772652707, 'PURSUE'
10, 3316, 20.257816935810716, 20.257816935810716, 'APPROACH-STEALTH'
10, 3317, 20.251669119444333, 20.251669119444333, 'PURSUE'
10, 3318, 20.24552130307795, 20.24552130307795, 'PURSUE'
10, 3319, 20.239373486711568, 20.239373486711568, 'PURSUE'
10, 3320, 20.233225670345185, 20.233225670345185, 'PURSUE'
10, 3321, 20.227077853978802, 20.227077853978802, 'PURSUE'
10, 3322, 20.22654999300291, 20.22654999300291, 'PURSUE'
10, 3323, 20.226022132027015, 20.226022132027015, 'PURSUE'
10, 3324, 20.219758150032234, 20.219758150032234, 'PURSUE'
10, 3325, 20.213494168037453, 20.213494168037453, 'PURSUE'
10, 3326, 20.207230186042672, 20.207230186042672, 'PURSUE'
10, 3327, 20.205084093472077, 20.205084093472077, 'APPROACH-STEALTH'
10, 3328, 20.198884575634356, 20.198884575634356, 'PURSUE'
10, 3329, 20.192685057796634, 20.192685057796634, 'PURSUE'
10, 3330, 20.192444952709995, 20.192444952709995, 'PURSUE'
10, 3331, 20.186187512294016, 20.186187512294016, 'PURSUE'
10, 3332, 20.179930071878037, 20.179930071878037, 'PURSUE'
10, 3333, 20.179717525491558, 20.179717525491558, 'PURSUE'
10, 3334, 20.17950497910508, 20.17950497910508, 'PURSUE'
10, 3335, 20.1792924327186, 20.1792924327186, 'PURSUE'
10, 3336, 20.179079886332122, 20.179079886332122, 'PURSUE'
10, 3337, 20.178867339945644, 20.178867339945644, 'PURSUE'
10, 3338, 20.178654793559165, 20.178654793559165, 'PURSUE'
10, 3339, 20.17235596354786, 20.17235596354786, 'PURSUE'
10, 3340, 20.166057133536558, 20.166057133536558, 'PURSUE'
10, 3341, 20.159758303525255, 20.159758303525255, 'PURSUE'
10, 3342, 20.15345947351395, 20.15345947351395, 'PURSUE'
10, 3343, 20.147160643502648, 20.147160643502648, 'PURSUE'
10, 3344, 20.140861813491345, 20.140861813491345, 'PURSUE'
10, 3345, 20.13456298348004, 20.13456298348004, 'PURSUE'
10, 3346, 20.134249251349367, 20.134249251349367, 'PURSUE'
10, 3347, 20.130300217546036, 20.130300217546036, 'PURSUE'
10, 3348, 20.128197476193108, 20.128197476193108, 'APPROACH-STEALTH'
10, 3349, 20.121850191346955, 20.121850191346955, 'PURSUE'
10, 3350, 20.1155029065008, 20.1155029065008, 'PURSUE'
10, 3351, 20.109155621654647, 20.109155621654647, 'PURSUE'
10, 3352, 20.102808336808494, 20.102808336808494, 'PURSUE'
10, 3353, 20.100235463415736, 20.100235463415736, 'APPROACH-STEALTH'
10, 3354, 20.100004764807824, 20.100004764807824, 'PURSUE'
10, 3355, 20.099774066199913, 20.099774066199913, 'PURSUE'
10, 3356, 20.099543367592002, 20.099543367592002, 'PURSUE'
10, 3357, 20.093083205421717, 20.093083205421717, 'PURSUE'
10, 3358, 20.086623043251432, 20.086623043251432, 'PURSUE'
10, 3359, 20.080162881081147, 20.080162881081147, 'PURSUE'
10, 3360, 20.073702718910862, 20.073702718910862, 'PURSUE'
10, 3361, 20.067242556740577, 20.067242556740577, 'PURSUE'
10, 3362, 20.067041376003004, 20.067041376003004, 'PURSUE'
10, 3363, 20.0604963704449, 20.0604963704449, 'PURSUE'
10, 3364, 20.053951364886792, 20.053951364886792, 'PURSUE'
10, 3365, 20.053779902276176, 20.053779902276176, 'PURSUE'
10, 3366, 20.05360843966556, 20.05360843966556, 'PURSUE'
10, 3367, 20.053436977054943, 20.053436977054943, 'PURSUE'
10, 3368, 20.04955486596908, 20.04955486596908, 'PURSUE'
10, 3369, 20.0494334244875, 20.0494334244875, 'PURSUE'
10, 3370, 20.04548876631891, 20.04548876631891, 'PURSUE'
10, 3371, 20.041544108150323, 20.041544108150323, 'PURSUE'
10, 3372, 20.04107017919081, 20.04107017919081, 'APPROACH-STEALTH'
10, 3373, 20.0405962502313, 20.0405962502313, 'APPROACH-STEALTH'
10, 3374, 20.03672340072642, 20.03672340072642, 'PURSUE'
10, 3375, 20.03285055122154, 20.03285055122154, 'PURSUE'
10, 3376, 20.02897770171666, 20.02897770171666, 'PURSUE'
10, 3377, 20.028562875114698, 20.028562875114698, 'APPROACH-STEALTH'
10, 3378, 20.028148048512737, 20.028148048512737, 'APPROACH-STEALTH'
10, 3379, 20.024338101148707, 20.024338101148707, 'PURSUE'
10, 3380, 20.020528153784678, 20.020528153784678, 'PURSUE'
10, 3381, 20.01671820642065, 20.01671820642065, 'PURSUE'
10, 3382, 20.01639702774226, 20.01639702774226, 'APPROACH-STEALTH'
10, 3383, 20.016075849063874, 20.016075849063874, 'APPROACH-STEALTH'
10, 3384, 20.012306500093786, 20.012306500093786, 'PURSUE'
10, 3385, 20.008537151123697, 20.008537151123697, 'PURSUE'
10, 3386, 20.00476780215361, 20.00476780215361, 'PURSUE'
10, 3387, 19.997891076506615, 19.997891076506615, 'PURSUE'
10, 3388, 19.991014350859622, 19.991014350859622, 'PURSUE'
10, 3389, 19.99110818260549, 19.99110818260549, 'APPROACH-STEALTH'
10, 3390, 19.991199606496487, 19.991199606496487, 'PURSUE'
10, 3391, 19.991291030387483, 19.991291030387483, 'PURSUE'
10, 3392, 19.99138245427848, 19.99138245427848, 'PURSUE'
10, 3393, 19.991473878169476, 19.991473878169476, 'PURSUE'
10, 3394, 19.991565302060472, 19.991565302060472, 'PURSUE'
10, 3395, 19.99165672595147, 19.99165672595147, 'PURSUE'
10, 3396, 19.991748149842465, 19.991748149842465, 'PURSUE'
10, 3397, 19.99183957373346, 19.99183957373346, 'PURSUE'
10, 3398, 19.992068258116017, 19.992068258116017, 'PURSUE'
10, 3399, 19.992296942498573, 19.992296942498573, 'PURSUE'
10, 3400, 19.99252562688113, 19.99252562688113, 'PURSUE'
10, 3401, 19.992754311263685, 19.992754311263685, 'PURSUE'
10, 3402, 19.99298299564624, 19.99298299564624, 'PURSUE'
10, 3403, 19.993211680028796, 19.993211680028796, 'PURSUE'
10, 3404, 19.99330100955647, 19.99330100955647, 'PURSUE'
10, 3405, 19.993377372373796, 19.993377372373796, 'APPROACH-STEALTH'
10, 3406, 19.99367208005266, 19.99367208005266, 'PURSUE'
10, 3407, 19.993966787731527, 19.993966787731527, 'PURSUE'
10, 3408, 19.99426149541039, 19.99426149541039, 'PURSUE'
10, 3409, 19.994406025521496, 19.994406025521496, 'PURSUE'
10, 3410, 19.994491235412855, 19.994491235412855, 'APPROACH-STEALTH'
10, 3411, 19.994695365084475, 19.994695365084475, 'PURSUE'
10, 3412, 19.994899494756094, 19.994899494756094, 'PURSUE'
10, 3413, 19.995103624427713, 19.995103624427713, 'PURSUE'
10, 3414, 19.99520387354704, 19.99520387354704, 'APPROACH-STEALTH'
10, 3415, 19.99548282850573, 19.99548282850573, 'PURSUE'
10, 3416, 19.995761783464417, 19.995761783464417, 'PURSUE'
10, 3417, 19.99602383578475, 19.99602383578475, 'PURSUE'
10, 3418, 19.996062055657735, 19.996062055657735, 'APPROACH-STEALTH'
10, 3419, 19.99610027553072, 19.99610027553072, 'APPROACH-STEALTH'
10, 3420, 19.996432616548425, 19.996432616548425, 'PURSUE'
10, 3421, 19.996764957566132, 19.996764957566132, 'PURSUE'
10, 3422, 19.99709729858384, 19.99709729858384, 'PURSUE'
10, 3423, 19.99736652342409, 19.99736652342409, 'PURSUE'
10, 3424, 19.997635748264344, 19.997635748264344, 'PURSUE'
10, 3425, 19.997904973104596, 19.997904973104596, 'PURSUE'
10, 3426, 19.99817419794485, 19.99817419794485, 'PURSUE'
10, 3427, 19.9984434227851, 19.9984434227851, 'PURSUE'
10, 3428, 19.998712647625354, 19.998712647625354, 'PURSUE'
10, 3429, 19.998981872465606, 19.998981872465606, 'PURSUE'
10, 3430, 19.999304307668858, 19.999304307668858, 'PURSUE'
10, 3431, 19.99950551329782, 19.99950551329782, 'PURSUE'
10, 3432, 19.99970671892678, 19.99970671892678, 'PURSUE'
10, 3433, 19.999709497910594, 19.999709497910594, 'APPROACH-STEALTH'
10, 3434, 19.999854656795787, 19.999854656795787, 'PURSUE'
10, 3435, 19.99999981568098, 19.99999981568098, 'PURSUE'
10, 3436, 19.99999981764188, 19.99999981764188, 'APPROACH-STEALTH'
10, 3437, 20.000084998251168, 20.000084998251168, 'PURSUE'
10, 3438, 20.000170178860458, 20.000170178860458, 'PURSUE'
10, 3439, 20.000168115057477, 20.000168115057477, 'APPROACH-STEALTH'
10, 3440, 20.000166051254496, 20.000166051254496, 'APPROACH-STEALTH'
10, 3441, 19.99269283071778, 19.99269283071778, 'PURSUE'
10, 3442, 19.985219610181062, 19.985219610181062, 'PURSUE'
10, 3443, 19.98135478874647, 19.98135478874647, 'PURSUE'
10, 3444, 19.973799945099778, 19.973799945099778, 'PURSUE'
10, 3445, 19.96994507971919, 19.96994507971919, 'PURSUE'
10, 3446, 19.970499043582535, 19.970499043582535, 'APPROACH-STEALTH'
10, 3447, 19.97105300744588, 19.97105300744588, 'APPROACH-STEALTH'
10, 3448, 19.97120502469208, 19.97120502469208, 'PURSUE'
10, 3449, 19.971357041938276, 19.971357041938276, 'PURSUE'
10, 3450, 19.971885855806583, 19.971885855806583, 'PURSUE'
10, 3451, 19.972101014964036, 19.972101014964036, 'PURSUE'
10, 3452, 19.972316174121488, 19.972316174121488, 'PURSUE'
10, 3453, 19.972598986611594, 19.972598986611594, 'APPROACH-STEALTH'
10, 3454, 19.97320511353879, 19.97320511353879, 'PURSUE'
10, 3455, 19.973811240465984, 19.973811240465984, 'PURSUE'
10, 3456, 19.97441736739318, 19.97441736739318, 'PURSUE'
10, 3457, 19.97469602995696, 19.97469602995696, 'PURSUE'
10, 3458, 19.97497469252074, 19.97497469252074, 'PURSUE'
10, 3459, 19.97525335508452, 19.97525335508452, 'PURSUE'
10, 3460, 19.975532017648298, 19.975532017648298, 'PURSUE'
10, 3461, 19.975810680212078, 19.975810680212078, 'PURSUE'
10, 3462, 19.976470343380125, 19.976470343380125, 'PURSUE'
10, 3463, 19.976816562072518, 19.976816562072518, 'PURSUE'
10, 3464, 19.97716278076491, 19.97716278076491, 'PURSUE'
10, 3465, 19.977824235022762, 19.977824235022762, 'PURSUE'
10, 3466, 19.97822087496518, 19.97822087496518, 'PURSUE'
10, 3467, 19.9786175149076, 19.9786175149076, 'PURSUE'
10, 3468, 19.979208591254014, 19.979208591254014, 'PURSUE'
10, 3469, 19.97954512768449, 19.97954512768449, 'PURSUE'
10, 3470, 19.979881664114963, 19.979881664114963, 'PURSUE'
10, 3471, 19.980135340144273, 19.980135340144273, 'APPROACH-STEALTH'
10, 3472, 19.980544632182514, 19.980544632182514, 'PURSUE'
10, 3473, 19.980953924220756, 19.980953924220756, 'PURSUE'
10, 3474, 19.981628068164422, 19.981628068164422, 'PURSUE'
10, 3475, 19.982096954457337, 19.982096954457337, 'PURSUE'
10, 3476, 19.98256584075025, 19.98256584075025, 'PURSUE'
10, 3477, 19.98332216525698, 19.98332216525698, 'PURSUE'
10, 3478, 19.984078489763707, 19.984078489763707, 'PURSUE'
10, 3479, 19.98446281429944, 19.98446281429944, 'APPROACH-STEALTH'
10, 3480, 19.984847138835175, 19.984847138835175, 'APPROACH-STEALTH'
10, 3481, 19.98523146337091, 19.98523146337091, 'APPROACH-STEALTH'
10, 3482, 19.986032892638185, 19.986032892638185, 'PURSUE'
10, 3483, 19.986834321905462, 19.986834321905462, 'PURSUE'
10, 3484, 19.987381606251606, 19.987381606251606, 'PURSUE'
10, 3485, 19.98792889059775, 19.98792889059775, 'PURSUE'
10, 3486, 19.988476174943894, 19.988476174943894, 'PURSUE'
10, 3487, 19.98902345929004, 19.98902345929004, 'PURSUE'
10, 3488, 19.989570743636182, 19.989570743636182, 'PURSUE'
10, 3489, 19.990118027982327, 19.990118027982327, 'PURSUE'
10, 3490, 19.99066531232847, 19.99066531232847, 'PURSUE'
10, 3491, 19.991212596674615, 19.991212596674615, 'PURSUE'
10, 3492, 19.992150135904044, 19.992150135904044, 'PURSUE'
10, 3493, 19.99276743113021, 19.99276743113021, 'PURSUE'
10, 3494, 19.99338472635638, 19.99338472635638, 'PURSUE'
10, 3495, 19.99354253660565, 19.99354253660565, 'APPROACH-STEALTH'
10, 3496, 19.994088919124454, 19.994088919124454, 'PURSUE'
10, 3497, 19.99463530164326, 19.99463530164326, 'PURSUE'
10, 3498, 19.99552688276535, 19.99552688276535, 'PURSUE'
10, 3499, 19.99641846388744, 19.99641846388744, 'PURSUE'
10, 3500, 19.99731004500953, 19.99731004500953, 'PURSUE'
10, 3501, 19.997341116693757, 19.997341116693757, 'APPROACH-STEALTH'
10, 3502, 19.997948023014548, 19.997948023014548, 'PURSUE'
10, 3503, 19.998554929335338, 19.998554929335338, 'PURSUE'
10, 3504, 19.99916183565613, 19.99916183565613, 'PURSUE'
10, 3505, 19.99976874197692, 19.99976874197692, 'PURSUE'
10, 3506, 20.00037564829771, 20.00037564829771, 'PURSUE'
10, 3507, 20.000369305843794, 20.000369305843794, 'APPROACH-STEALTH'
10, 3508, 19.99111877835841, 19.99111877835841, 'PURSUE'
10, 3509, 19.981868250873024, 19.981868250873024, 'PURSUE'
10, 3510, 19.97261772338764, 19.97261772338764, 'PURSUE'
10, 3511, 19.973260610845582, 19.973260610845582, 'APPROACH-STEALTH'
10, 3512, 19.973978750463687, 19.973978750463687, 'PURSUE'
10, 3513, 19.97498547151849, 19.97498547151849, 'PURSUE'
10, 3514, 19.975992192573294, 19.975992192573294, 'PURSUE'
10, 3515, 19.976998913628098, 19.976998913628098, 'PURSUE'
10, 3516, 19.9780056346829, 19.9780056346829, 'PURSUE'
10, 3517, 19.978257808597913, 19.978257808597913, 'APPROACH-STEALTH'
10, 3518, 19.978509982512925, 19.978509982512925, 'APPROACH-STEALTH'
10, 3519, 19.978762156427937, 19.978762156427937, 'APPROACH-STEALTH'
10, 3520, 19.979579511658688, 19.979579511658688, 'PURSUE'
10, 3521, 19.98039686688944, 19.98039686688944, 'PURSUE'
10, 3522, 19.98121422212019, 19.98121422212019, 'PURSUE'
10, 3523, 19.98203157735094, 19.98203157735094, 'PURSUE'
10, 3524, 19.982848932581692, 19.982848932581692, 'PURSUE'
10, 3525, 19.983666287812444, 19.983666287812444, 'PURSUE'
10, 3526, 19.984483643043195, 19.984483643043195, 'PURSUE'
10, 3527, 19.985300998273946, 19.985300998273946, 'PURSUE'
10, 3528, 19.986388720174094, 19.986388720174094, 'PURSUE'
10, 3529, 19.987476442074243, 19.987476442074243, 'PURSUE'
10, 3530, 19.9881975264127, 19.9881975264127, 'PURSUE'
10, 3531, 19.98891861075116, 19.98891861075116, 'PURSUE'
10, 3532, 19.98963969508962, 19.98963969508962, 'PURSUE'
10, 3533, 19.99078984462641, 19.99078984462641, 'PURSUE'
10, 3534, 19.990901557078974, 19.990901557078974, 'APPROACH-STEALTH'
10, 3535, 19.99101326953154, 19.99101326953154, 'APPROACH-STEALTH'
10, 3536, 19.99183183991861, 19.99183183991861, 'PURSUE'
10, 3537, 19.992650410305682, 19.992650410305682, 'PURSUE'
10, 3538, 19.993468980692754, 19.993468980692754, 'PURSUE'
10, 3539, 19.994287551079825, 19.994287551079825, 'PURSUE'
10, 3540, 19.994383770765893, 19.994383770765893, 'APPROACH-STEALTH'
10, 3541, 19.99530090192697, 19.99530090192697, 'PURSUE'
10, 3542, 19.99621803308805, 19.99621803308805, 'PURSUE'
10, 3543, 19.99738983466276, 19.99738983466276, 'PURSUE'
10, 3544, 19.998237773554283, 19.998237773554283, 'PURSUE'
10, 3545, 19.999085712445808, 19.999085712445808, 'PURSUE'
10, 3546, 20.000180926915217, 20.000180926915217, 'PURSUE'
10, 3547, 20.001276141384626, 20.001276141384626, 'PURSUE'
10, 3548, 20.002371355854034, 20.002371355854034, 'PURSUE'
10, 3549, 20.002344475376322, 20.002344475376322, 'APPROACH-STEALTH'
10, 3550, 20.00231759489861, 20.00231759489861, 'APPROACH-STEALTH'
10, 3551, 20.002290714420898, 20.002290714420898, 'APPROACH-STEALTH'
10, 3552, 19.997678361980054, 19.997678361980054, 'PURSUE'
10, 3553, 19.99306600953921, 19.99306600953921, 'PURSUE'
10, 3554, 19.988453657098365, 19.988453657098365, 'PURSUE'
10, 3555, 19.98384130465752, 19.98384130465752, 'PURSUE'
10, 3556, 19.98409302016328, 19.98409302016328, 'APPROACH-STEALTH'
10, 3557, 19.985049956436743, 19.985049956436743, 'PURSUE'
10, 3558, 19.986006892710208, 19.986006892710208, 'PURSUE'
10, 3559, 19.986963828983672, 19.986963828983672, 'PURSUE'
10, 3560, 19.98806709136813, 19.98806709136813, 'PURSUE'
10, 3561, 19.988350411633576, 19.988350411633576, 'APPROACH-STEALTH'
10, 3562, 19.989401987298645, 19.989401987298645, 'PURSUE'
10, 3563, 19.990453562963715, 19.990453562963715, 'PURSUE'
10, 3564, 20.00325612178503, 20.00325612178503, 'APPROACH-STEALTH'
10, 3565, 20.00419858317739, 20.00419858317739, 'PURSUE'
10, 3566, 20.005141044569754, 20.005141044569754, 'PURSUE'
10, 3567, 20.01853521836585, 20.01853521836585, 'APPROACH-STEALTH'
10, 3568, 20.01951082430444, 20.01951082430444, 'PURSUE'
10, 3569, 20.02048643024303, 20.02048643024303, 'PURSUE'
10, 3570, 20.021254143454097, 20.021254143454097, 'PURSUE'
10, 3571, 20.022021856665166, 20.022021856665166, 'PURSUE'
10, 3572, 20.022789569876235, 20.022789569876235, 'PURSUE'
10, 3573, 20.023557283087303, 20.023557283087303, 'PURSUE'
10, 3574, 20.024324996298372, 20.024324996298372, 'PURSUE'
10, 3575, 20.02509270950944, 20.02509270950944, 'PURSUE'
10, 3576, 20.02586042272051, 20.02586042272051, 'PURSUE'
10, 3577, 20.026628135931578, 20.026628135931578, 'PURSUE'
10, 3578, 20.027395849142646, 20.027395849142646, 'PURSUE'
10, 3579, 20.028163562353715, 20.028163562353715, 'PURSUE'
10, 3580, 20.028931275564783, 20.028931275564783, 'PURSUE'
10, 3581, 20.02976371549165, 20.02976371549165, 'PURSUE'
10, 3582, 20.030422481649264, 20.030422481649264, 'PURSUE'
10, 3583, 20.031081247806878, 20.031081247806878, 'PURSUE'
10, 3584, 20.03068837728838, 20.03068837728838, 'APPROACH-STEALTH'
10, 3585, 20.01833872856375, 20.01833872856375, 'PURSUE'
10, 3586, 20.00598907983912, 20.00598907983912, 'PURSUE'
10, 3587, 19.99363943111449, 19.99363943111449, 'PURSUE'
10, 3588, 19.99374119543168, 19.99374119543168, 'APPROACH-STEALTH'
10, 3589, 19.99478902333752, 19.99478902333752, 'PURSUE'
10, 3590, 19.99583685124336, 19.99583685124336, 'PURSUE'
10, 3591, 19.9968846791492, 19.9968846791492, 'PURSUE'
10, 3592, 19.998084758957255, 19.998084758957255, 'PURSUE'
10, 3593, 19.999231156633257, 19.999231156633257, 'PURSUE'
10, 3594, 20.00037755430926, 20.00037755430926, 'PURSUE'
10, 3595, 20.00168633043139, 20.00168633043139, 'PURSUE'
10, 3596, 20.002929938372354, 20.002929938372354, 'PURSUE'
10, 3597, 20.004173546313318, 20.004173546313318, 'PURSUE'
10, 3598, 20.005588441712902, 20.005588441712902, 'PURSUE'
10, 3599, 20.007003337112486, 20.007003337112486, 'PURSUE'
10, 3600, 20.00816648693039, 20.00816648693039, 'PURSUE'
10, 3601, 20.00932963674829, 20.00932963674829, 'PURSUE'
10, 3602, 20.010492786566193, 20.010492786566193, 'PURSUE'
10, 3603, 20.01031716974524, 20.01031716974524, 'APPROACH-STEALTH'
10, 3604, 20.00511079305359, 20.00511079305359, 'PURSUE'
10, 3605, 19.99139298504788, 19.99139298504788, 'PURSUE'
10, 3606, 19.977675177042173, 19.977675177042173, 'PURSUE'
10, 3607, 19.97246031189345, 19.97246031189345, 'PURSUE'
10, 3608, 19.967245446744727, 19.967245446744727, 'PURSUE'
10, 3609, 19.953580773317277, 19.953580773317277, 'PURSUE'
10, 3610, 19.939916099889828, 19.939916099889828, 'PURSUE'
10, 3611, 19.92625142646238, 19.92625142646238, 'PURSUE'
10, 3612, 19.927077708873764, 19.927077708873764, 'APPROACH-STEALTH'
10, 3613, 19.928700351786958, 19.928700351786958, 'PURSUE'
10, 3614, 19.930322994700152, 19.930322994700152, 'PURSUE'
10, 3615, 19.931764290237954, 19.931764290237954, 'PURSUE'
10, 3616, 19.93326363301411, 19.93326363301411, 'PURSUE'
10, 3617, 19.934762975790267, 19.934762975790267, 'PURSUE'
10, 3618, 19.936203777616253, 19.936203777616253, 'PURSUE'
10, 3619, 19.937830600454962, 19.937830600454962, 'PURSUE'
10, 3620, 19.93945742329367, 19.93945742329367, 'PURSUE'
10, 3621, 19.940896622472806, 19.940896622472806, 'PURSUE'
10, 3622, 19.942642574516466, 19.942642574516466, 'PURSUE'
10, 3623, 19.944388526560125, 19.944388526560125, 'PURSUE'
10, 3624, 19.94493251775766, 19.94493251775766, 'APPROACH-STEALTH'
10, 3625, 19.946275195391546, 19.946275195391546, 'PURSUE'
10, 3626, 19.947617873025433, 19.947617873025433, 'PURSUE'
10, 3627, 19.94896055065932, 19.94896055065932, 'PURSUE'
10, 3628, 19.95058826451237, 19.95058826451237, 'PURSUE'
10, 3629, 19.95221597836542, 19.95221597836542, 'PURSUE'
10, 3630, 19.95384369221847, 19.95384369221847, 'PURSUE'
10, 3631, 19.95547140607152, 19.95547140607152, 'PURSUE'
10, 3632, 19.95709911992457, 19.95709911992457, 'PURSUE'
10, 3633, 19.95864801882226, 19.95864801882226, 'PURSUE'
10, 3634, 19.96037392818815, 19.96037392818815, 'PURSUE'
10, 3635, 19.962099837554042, 19.962099837554042, 'PURSUE'
10, 3636, 19.963573003356572, 19.963573003356572, 'PURSUE'
10, 3637, 19.964530945669846, 19.964530945669846, 'APPROACH-STEALTH'
10, 3638, 19.966137423428126, 19.966137423428126, 'PURSUE'
10, 3639, 19.967743901186406, 19.967743901186406, 'PURSUE'
10, 3640, 19.969350378944686, 19.969350378944686, 'PURSUE'
10, 3641, 19.970989832887167, 19.970989832887167, 'PURSUE'
10, 3642, 19.97131990064218, 19.97131990064218, 'APPROACH-STEALTH'
10, 3643, 19.97305933080138, 19.97305933080138, 'PURSUE'
10, 3644, 19.97479876096058, 19.97479876096058, 'PURSUE'
10, 3645, 19.976505775365915, 19.976505775365915, 'PURSUE'
10, 3646, 19.97821278977125, 19.97821278977125, 'PURSUE'
10, 3647, 19.979919804176582, 19.979919804176582, 'PURSUE'
10, 3648, 19.981626818581915, 19.981626818581915, 'PURSUE'
10, 3649, 19.98333383298725, 19.98333383298725, 'PURSUE'
10, 3650, 19.985193303567126, 19.985193303567126, 'PURSUE'
10, 3651, 19.987052774147003, 19.987052774147003, 'PURSUE'
10, 3652, 19.988869559324527, 19.988869559324527, 'PURSUE'
10, 3653, 19.990686344502052, 19.990686344502052, 'PURSUE'
10, 3654, 19.992503129679577, 19.992503129679577, 'PURSUE'
10, 3655, 19.99448793362908, 19.99448793362908, 'PURSUE'
10, 3656, 19.996472737578586, 19.996472737578586, 'PURSUE'
10, 3657, 19.998419597050425, 19.998419597050425, 'PURSUE'
10, 3658, 20.000366456522265, 20.000366456522265, 'PURSUE'
10, 3659, 20.002313315994105, 20.002313315994105, 'PURSUE'
10, 3660, 20.002279944383602, 20.002279944383602, 'APPROACH-STEALTH'
10, 3661, 19.98548755705776, 19.98548755705776, 'PURSUE'
10, 3662, 19.968695169731916, 19.968695169731916, 'PURSUE'
10, 3663, 19.951902782406073, 19.951902782406073, 'PURSUE'
10, 3664, 19.952809469370994, 19.952809469370994, 'APPROACH-STEALTH'
10, 3665, 19.955045891377445, 19.955045891377445, 'PURSUE'
10, 3666, 19.95733935782407, 19.95733935782407, 'PURSUE'
10, 3667, 19.95963282427069, 19.95963282427069, 'PURSUE'
10, 3668, 19.961926290717315, 19.961926290717315, 'PURSUE'
10, 3669, 19.96421975716394, 19.96421975716394, 'PURSUE'
10, 3670, 19.966555340797562, 19.966555340797562, 'PURSUE'
10, 3671, 19.968715310280654, 19.968715310280654, 'PURSUE'
10, 3672, 19.970875279763746, 19.970875279763746, 'PURSUE'
10, 3673, 19.97334239190665, 19.97334239190665, 'PURSUE'
10, 3674, 19.97536162248104, 19.97536162248104, 'PURSUE'
10, 3675, 19.977380853055426, 19.977380853055426, 'PURSUE'
10, 3676, 19.97772344833437, 19.97772344833437, 'APPROACH-STEALTH'
10, 3677, 19.97962939167131, 19.97962939167131, 'PURSUE'
10, 3678, 19.98153533500825, 19.98153533500825, 'PURSUE'
10, 3679, 19.984014541058187, 19.984014541058187, 'PURSUE'
10, 3680, 19.986083384443532, 19.986083384443532, 'PURSUE'
10, 3681, 19.988152227828877, 19.988152227828877, 'PURSUE'
10, 3682, 19.98845854817604, 19.98845854817604, 'APPROACH-STEALTH'
10, 3683, 19.99069908572662, 19.99069908572662, 'PURSUE'
10, 3684, 19.992939623277202, 19.992939623277202, 'PURSUE'
10, 3685, 19.99556531614452, 19.99556531614452, 'PURSUE'
10, 3686, 19.99769404242931, 19.99769404242931, 'PURSUE'
10, 3687, 19.999822768714097, 19.999822768714097, 'PURSUE'
10, 3688, 20.002453986570835, 20.002453986570835, 'PURSUE'
10, 3689, 20.004422801326214, 20.004422801326214, 'PURSUE'
10, 3690, 20.006391616081597, 20.006391616081597, 'PURSUE'
10, 3691, 20.009119961353143, 20.009119961353143, 'PURSUE'
10, 3692, 20.00897351127124, 20.00897351127124, 'APPROACH-STEALTH'
10, 3693, 19.989004331071893, 19.989004331071893, 'PURSUE'
10, 3694, 19.969035150872546, 19.969035150872546, 'PURSUE'
10, 3695, 19.955728709859144, 19.955728709859144, 'APPROACH-STEALTH'
10, 3696, 19.942422268845743, 19.942422268845743, 'APPROACH-STEALTH'
10, 3697, 19.92911582783234, 19.92911582783234, 'APPROACH-STEALTH'
10, 3698, 19.909611565386673, 19.909611565386673, 'PURSUE'
10, 3699, 19.890107302941004, 19.890107302941004, 'PURSUE'
10, 3700, 19.870603040495336, 19.870603040495336, 'PURSUE'
10, 3701, 19.851098778049668, 19.851098778049668, 'PURSUE'
10, 3702, 19.83876087247168, 19.83876087247168, 'APPROACH-STEALTH'
10, 3703, 19.819137949247473, 19.819137949247473, 'PURSUE'
10, 3704, 19.799515026023265, 19.799515026023265, 'PURSUE'
10, 3705, 19.786472038299095, 19.786472038299095, 'APPROACH-STEALTH'
10, 3706, 19.77919284459791, 19.77919284459791, 'PURSUE'
10, 3707, 19.771913650896728, 19.771913650896728, 'PURSUE'
10, 3708, 19.752346753996058, 19.752346753996058, 'PURSUE'
10, 3709, 19.732779857095387, 19.732779857095387, 'PURSUE'
10, 3710, 19.713212960194717, 19.713212960194717, 'PURSUE'
10, 3711, 19.693646063294047, 19.693646063294047, 'PURSUE'
10, 3712, 19.686692084581587, 19.686692084581587, 'PURSUE'
10, 3713, 19.667166581111346, 19.667166581111346, 'PURSUE'
10, 3714, 19.647641077641104, 19.647641077641104, 'PURSUE'
10, 3715, 19.640745069429062, 19.640745069429062, 'PURSUE'
10, 3716, 19.620948387747077, 19.620948387747077, 'PURSUE'
10, 3717, 19.601151706065092, 19.601151706065092, 'PURSUE'
10, 3718, 19.604877253376458, 19.604877253376458, 'APPROACH-STEALTH'
10, 3719, 19.610986134247316, 19.610986134247316, 'PURSUE'
10, 3720, 19.617095015118174, 19.617095015118174, 'PURSUE'
10, 3721, 19.623203895989032, 19.623203895989032, 'PURSUE'
10, 3722, 19.62906732013332, 19.62906732013332, 'PURSUE'
10, 3723, 19.63340838262243, 19.63340838262243, 'APPROACH-STEALTH'
10, 3724, 19.63774944511154, 19.63774944511154, 'APPROACH-STEALTH'
10, 3725, 19.642090507600653, 19.642090507600653, 'APPROACH-STEALTH'
10, 3726, 19.646431570089764, 19.646431570089764, 'APPROACH-STEALTH'
10, 3727, 19.651865966369744, 19.651865966369744, 'PURSUE'
10, 3728, 19.657300362649725, 19.657300362649725, 'PURSUE'
10, 3729, 19.662109134094543, 19.662109134094543, 'APPROACH-STEALTH'
10, 3730, 19.667340262773763, 19.667340262773763, 'PURSUE'
10, 3731, 19.672571391452983, 19.672571391452983, 'PURSUE'
10, 3732, 19.678009049592838, 19.678009049592838, 'APPROACH-STEALTH'
10, 3733, 19.683102136620523, 19.683102136620523, 'PURSUE'
10, 3734, 19.688195223648208, 19.688195223648208, 'PURSUE'
10, 3735, 19.694510333396714, 19.694510333396714, 'APPROACH-STEALTH'
10, 3736, 19.700639662746205, 19.700639662746205, 'PURSUE'
10, 3737, 19.706768992095697, 19.706768992095697, 'PURSUE'
10, 3738, 19.71193575378619, 19.71193575378619, 'PURSUE'
10, 3739, 19.717102515476682, 19.717102515476682, 'PURSUE'
10, 3740, 19.723444940106063, 19.723444940106063, 'PURSUE'
10, 3741, 19.729787364735444, 19.729787364735444, 'PURSUE'
10, 3742, 19.736129789364824, 19.736129789364824, 'PURSUE'
10, 3743, 19.739403821646235, 19.739403821646235, 'APPROACH-STEALTH'
10, 3744, 19.744864216525944, 19.744864216525944, 'PURSUE'
10, 3745, 19.750324611405652, 19.750324611405652, 'PURSUE'
10, 3746, 19.75393169951397, 19.75393169951397, 'APPROACH-STEALTH'
10, 3747, 19.757538787622288, 19.757538787622288, 'APPROACH-STEALTH'
10, 3748, 19.762751409431896, 19.762751409431896, 'PURSUE'
10, 3749, 19.767964031241505, 19.767964031241505, 'PURSUE'
10, 3750, 19.774414264112654, 19.774414264112654, 'PURSUE'
10, 3751, 19.780864496983803, 19.780864496983803, 'PURSUE'
10, 3752, 19.785561754144947, 19.785561754144947, 'APPROACH-STEALTH'
10, 3753, 19.79183672820388, 19.79183672820388, 'PURSUE'
10, 3754, 19.798111702262812, 19.798111702262812, 'PURSUE'
10, 3755, 19.803276803105557, 19.803276803105557, 'PURSUE'
10, 3756, 19.808441903948303, 19.808441903948303, 'PURSUE'
10, 3757, 19.814887697636152, 19.814887697636152, 'PURSUE'
10, 3758, 19.816951441095494, 19.816951441095494, 'APPROACH-STEALTH'
10, 3759, 19.819015184554836, 19.819015184554836, 'APPROACH-STEALTH'
10, 3760, 19.821078928014177, 19.821078928014177, 'APPROACH-STEALTH'
10, 3761, 19.82314267147352, 19.82314267147352, 'APPROACH-STEALTH'
10, 3762, 19.828455104605343, 19.828455104605343, 'PURSUE'
10, 3763, 19.833767537737167, 19.833767537737167, 'PURSUE'
10, 3764, 19.83907997086899, 19.83907997086899, 'PURSUE'
10, 3765, 19.84138058364962, 19.84138058364962, 'APPROACH-STEALTH'
10, 3766, 19.846502149821372, 19.846502149821372, 'PURSUE'
10, 3767, 19.853127645942838, 19.853127645942838, 'PURSUE'
10, 3768, 19.859753142064303, 19.859753142064303, 'PURSUE'
10, 3769, 19.86637863818577, 19.86637863818577, 'PURSUE'
10, 3770, 19.873004134307234, 19.873004134307234, 'PURSUE'
10, 3771, 19.8796296304287, 19.8796296304287, 'PURSUE'
10, 3772, 19.88283820092081, 19.88283820092081, 'APPROACH-STEALTH'
10, 3773, 19.8892554320128, 19.8892554320128, 'PURSUE'
10, 3774, 19.89567266310479, 19.89567266310479, 'PURSUE'
10, 3775, 19.89674466431448, 19.89674466431448, 'APPROACH-STEALTH'
10, 3776, 19.897816665524168, 19.897816665524168, 'APPROACH-STEALTH'
10, 3777, 19.898888666733857, 19.898888666733857, 'APPROACH-STEALTH'
10, 3778, 19.899960667943546, 19.899960667943546, 'APPROACH-STEALTH'
10, 3779, 19.901032669153235, 19.901032669153235, 'APPROACH-STEALTH'
10, 3780, 19.902104670362924, 19.902104670362924, 'APPROACH-STEALTH'
10, 3781, 19.903176671572613, 19.903176671572613, 'APPROACH-STEALTH'
10, 3782, 19.904248672782302, 19.904248672782302, 'APPROACH-STEALTH'
10, 3783, 19.90532067399199, 19.90532067399199, 'APPROACH-STEALTH'
10, 3784, 19.90639267520168, 19.90639267520168, 'APPROACH-STEALTH'
10, 3785, 19.90746467641137, 19.90746467641137, 'APPROACH-STEALTH'
10, 3786, 19.91230316929242, 19.91230316929242, 'PURSUE'
10, 3787, 19.917141662173474, 19.917141662173474, 'PURSUE'
10, 3788, 19.923722699501855, 19.923722699501855, 'PURSUE'
10, 3789, 19.92480443417939, 19.92480443417939, 'APPROACH-STEALTH'
10, 3790, 19.92942745939055, 19.92942745939055, 'PURSUE'
10, 3791, 19.93405048460171, 19.93405048460171, 'PURSUE'
10, 3792, 19.93867350981287, 19.93867350981287, 'PURSUE'
10, 3793, 19.9398153450106, 19.9398153450106, 'APPROACH-STEALTH'
10, 3794, 19.94425958991629, 19.94425958991629, 'PURSUE'
10, 3795, 19.95087076211212, 19.95087076211212, 'PURSUE'
10, 3796, 19.957481934307953, 19.957481934307953, 'PURSUE'
10, 3797, 19.958634094982777, 19.958634094982777, 'APPROACH-STEALTH'
10, 3798, 19.971168941889687, 19.971168941889687, 'APPROACH-STEALTH'
10, 3799, 19.977842261959594, 19.977842261959594, 'PURSUE'
10, 3800, 19.984515582029502, 19.984515582029502, 'PURSUE'
10, 3801, 19.99118890209941, 19.99118890209941, 'PURSUE'
10, 3802, 19.995350484959907, 19.995350484959907, 'PURSUE'
10, 3803, 20.008974012087286, 20.008974012087286, 'APPROACH-STEALTH'
10, 3804, 20.022597539214665, 20.022597539214665, 'APPROACH-STEALTH'
10, 3805, 20.036221066342044, 20.036221066342044, 'APPROACH-STEALTH'
10, 3806, 20.049844593469423, 20.049844593469423, 'APPROACH-STEALTH'
10, 3807, 20.063468120596802, 20.063468120596802, 'APPROACH-STEALTH'
10, 3808, 20.07709164772418, 20.07709164772418, 'APPROACH-STEALTH'
10, 3809, 20.09071517485156, 20.09071517485156, 'APPROACH-STEALTH'
10, 3810, 20.09440156857138, 20.09440156857138, 'PURSUE'
10, 3811, 20.098087962291203, 20.098087962291203, 'PURSUE'
10, 3812, 20.11196689885419, 20.11196689885419, 'APPROACH-STEALTH'
10, 3813, 20.117860649270863, 20.117860649270863, 'PURSUE'
10, 3814, 20.123754399687535, 20.123754399687535, 'PURSUE'
10, 3815, 20.13753070440735, 20.13753070440735, 'APPROACH-STEALTH'
10, 3816, 20.140947750121686, 20.140947750121686, 'PURSUE'
10, 3817, 20.144364795836022, 20.144364795836022, 'PURSUE'
10, 3818, 20.157667926365903, 20.157667926365903, 'APPROACH-STEALTH'
10, 3819, 20.184274187425665, 20.184274187425665, 'APPROACH-BLIND'
10, 3820, 20.210880448485426, 20.210880448485426, 'APPROACH-BLIND'
10, 3821, 20.237486709545188, 20.237486709545188, 'APPROACH-BLIND'
10, 3822, 20.26409297060495, 20.26409297060495, 'APPROACH-BLIND'
10, 3823, 20.29069923166471, 20.29069923166471, 'APPROACH-BLIND'
10, 3824, 20.317305492724472, 20.317305492724472, 'APPROACH-BLIND'
10, 3825, 20.343911753784234, 20.343911753784234, 'APPROACH-BLIND'
10, 3826, 20.370518014843995, 20.370518014843995, 'APPROACH-BLIND'
10, 3827, 20.397124275903757, 20.397124275903757, 'APPROACH-BLIND'
10, 3828, 20.423730536963518, 20.423730536963518, 'APPROACH-BLIND'
10, 3829, 20.45033679802328, 20.45033679802328, 'APPROACH-BLIND'
10, 3830, 20.47694305908304, 20.47694305908304, 'APPROACH-BLIND'
10, 3831, 20.503549320142803, 20.503549320142803, 'APPROACH-BLIND'
10, 3832, 20.531190534224134, 20.531190534224134, 'APPROACH-BLIND'
10, 3833, 20.545011141264798, 20.545011141264798, 'APPROACH-STEALTH'
10, 3834, 20.54538356586734, 20.54538356586734, 'PURSUE'
10, 3835, 20.545755990469882, 20.545755990469882, 'PURSUE'
10, 3836, 20.546128415072424, 20.546128415072424, 'PURSUE'
10, 3837, 20.549261488809897, 20.549261488809897, 'PURSUE'
10, 3838, 20.549510122894176, 20.549510122894176, 'PURSUE'
10, 3839, 20.549758756978456, 20.549758756978456, 'PURSUE'
10, 3840, 20.55293409961479, 20.55293409961479, 'PURSUE'
10, 3841, 20.55732069092972, 20.55732069092972, 'APPROACH-STEALTH'
10, 3842, 20.56170728224465, 20.56170728224465, 'APPROACH-STEALTH'
10, 3843, 20.56609387355958, 20.56609387355958, 'APPROACH-STEALTH'
10, 3844, 20.57048046487451, 20.57048046487451, 'APPROACH-STEALTH'
10, 3845, 20.573678311903826, 20.573678311903826, 'PURSUE'
10, 3846, 20.576876158933143, 20.576876158933143, 'PURSUE'
10, 3847, 20.5816937331642, 20.5816937331642, 'APPROACH-STEALTH'
10, 3848, 20.58466815940429, 20.58466815940429, 'PURSUE'
10, 3849, 20.58764258564438, 20.58764258564438, 'PURSUE'
10, 3850, 20.593006682625415, 20.593006682625415, 'APPROACH-STEALTH'
10, 3851, 20.595749979865445, 20.595749979865445, 'PURSUE'
10, 3852, 20.598493277105476, 20.598493277105476, 'PURSUE'
10, 3853, 20.604566493813678, 20.604566493813678, 'APPROACH-STEALTH'
10, 3854, 20.60708103262083, 20.60708103262083, 'PURSUE'
10, 3855, 20.60959557142798, 20.60959557142798, 'PURSUE'
10, 3856, 20.61661145925253, 20.61661145925253, 'APPROACH-STEALTH'
10, 3857, 20.61888690033589, 20.61888690033589, 'PURSUE'
10, 3858, 20.621162341419254, 20.621162341419254, 'PURSUE'
10, 3859, 20.629457725488674, 20.629457725488674, 'APPROACH-STEALTH'
10, 3860, 20.631493188261388, 20.631493188261388, 'PURSUE'
10, 3861, 20.6335286510341, 20.6335286510341, 'PURSUE'
10, 3862, 20.637164051267575, 20.637164051267575, 'APPROACH-STEALTH'
10, 3863, 20.64079945150105, 20.64079945150105, 'APPROACH-STEALTH'
10, 3864, 20.644434851734523, 20.644434851734523, 'APPROACH-STEALTH'
10, 3865, 20.648070251967997, 20.648070251967997, 'APPROACH-STEALTH'
10, 3866, 20.65170565220147, 20.65170565220147, 'APPROACH-STEALTH'
10, 3867, 20.655341052434945, 20.655341052434945, 'APPROACH-STEALTH'
10, 3868, 20.65897645266842, 20.65897645266842, 'APPROACH-STEALTH'
10, 3869, 20.66099348078525, 20.66099348078525, 'PURSUE'
10, 3870, 20.663010508902083, 20.663010508902083, 'PURSUE'
10, 3871, 20.667041482973683, 20.667041482973683, 'APPROACH-STEALTH'
10, 3872, 20.66884426936685, 20.66884426936685, 'PURSUE'
10, 3873, 20.670647055760018, 20.670647055760018, 'PURSUE'
10, 3874, 20.675190010717277, 20.675190010717277, 'APPROACH-STEALTH'
10, 3875, 20.676766378403155, 20.676766378403155, 'PURSUE'
10, 3876, 20.678342746089033, 20.678342746089033, 'PURSUE'
10, 3877, 20.683568535583877, 20.683568535583877, 'APPROACH-STEALTH'
10, 3878, 20.68492110222392, 20.68492110222392, 'PURSUE'
10, 3879, 20.686273668863965, 20.686273668863965, 'PURSUE'
10, 3880, 20.69244241577007, 20.69244241577007, 'APPROACH-STEALTH'
10, 3881, 20.69356064690264, 20.69356064690264, 'PURSUE'
10, 3882, 20.69467887803521, 20.69467887803521, 'PURSUE'
10, 3883, 20.69749586840499, 20.69749586840499, 'APPROACH-STEALTH'
10, 3884, 20.69841190324115, 20.69841190324115, 'PURSUE'
10, 3885, 20.699327938077314, 20.699327938077314, 'PURSUE'
10, 3886, 20.702425696344616, 20.702425696344616, 'APPROACH-STEALTH'
10, 3887, 20.705523454611917, 20.705523454611917, 'APPROACH-STEALTH'
10, 3888, 20.70862121287922, 20.70862121287922, 'APPROACH-STEALTH'
10, 3889, 20.71171897114652, 20.71171897114652, 'APPROACH-STEALTH'
10, 3890, 20.714816729413823, 20.714816729413823, 'APPROACH-STEALTH'
10, 3891, 20.717914487681124, 20.717914487681124, 'APPROACH-STEALTH'
10, 3892, 20.721012245948426, 20.721012245948426, 'APPROACH-STEALTH'
10, 3893, 20.721548164076264, 20.721548164076264, 'PURSUE'
10, 3894, 20.722084082204102, 20.722084082204102, 'PURSUE'
10, 3895, 20.72556656854105, 20.72556656854105, 'APPROACH-STEALTH'
10, 3896, 20.7258871940203, 20.7258871940203, 'PURSUE'
10, 3897, 20.726207819499546, 20.726207819499546, 'PURSUE'
10, 3898, 20.730196635831597, 20.730196635831597, 'APPROACH-STEALTH'
10, 3899, 20.73029494957038, 20.73029494957038, 'PURSUE'
10, 3900, 20.73039326330916, 20.73039326330916, 'PURSUE'
10, 3901, 20.735072277032053, 20.735072277032053, 'APPROACH-STEALTH'
10, 3902, 20.744430304477838, 20.744430304477838, 'APPROACH-BLIND'
10, 3903, 20.753788331923623, 20.753788331923623, 'APPROACH-BLIND'
10, 3904, 20.763146359369408, 20.763146359369408, 'APPROACH-BLIND'
10, 3905, 20.772504386815193, 20.772504386815193, 'APPROACH-BLIND'
10, 3906, 20.781862414260978, 20.781862414260978, 'APPROACH-BLIND'
10, 3907, 20.791220441706763, 20.791220441706763, 'APPROACH-BLIND'
10, 3908, 20.800578469152548, 20.800578469152548, 'APPROACH-BLIND'
10, 3909, 20.809936496598333, 20.809936496598333, 'APPROACH-BLIND'
10, 3910, 20.819294524044118, 20.819294524044118, 'APPROACH-BLIND'
10, 3911, 20.828652551489903, 20.828652551489903, 'APPROACH-BLIND'
10, 3912, 20.831849568826208, 20.831849568826208, 'APPROACH-BLIND'
10, 3913, 20.835046586162512, 20.835046586162512, 'APPROACH-BLIND'
10, 3914, 20.838243603498817, 20.838243603498817, 'APPROACH-BLIND'
10, 3915, 20.841440620835122, 20.841440620835122, 'APPROACH-BLIND'
10, 3916, 20.844637638171427, 20.844637638171427, 'APPROACH-BLIND'
10, 3917, 20.847834655507732, 20.847834655507732, 'APPROACH-BLIND'
10, 3918, 20.851031672844037, 20.851031672844037, 'APPROACH-BLIND'
10, 3919, 20.854228690180342, 20.854228690180342, 'APPROACH-BLIND'
10, 3920, 20.857425707516647, 20.857425707516647, 'APPROACH-BLIND'
10, 3921, 20.860622724852952, 20.860622724852952, 'APPROACH-BLIND'
10, 3922, 20.863819742189257, 20.863819742189257, 'APPROACH-BLIND'
10, 3923, 20.867016759525562, 20.867016759525562, 'APPROACH-BLIND'
10, 3924, 20.870213776861867, 20.870213776861867, 'APPROACH-BLIND'
10, 3925, 20.873410794198172, 20.873410794198172, 'APPROACH-BLIND'
10, 3926, 20.876607811534477, 20.876607811534477, 'APPROACH-BLIND'
10, 3927, 20.879804828870782, 20.879804828870782, 'APPROACH-BLIND'
10, 3928, 20.883001846207087, 20.883001846207087, 'APPROACH-BLIND'
10, 3929, 20.88619886354339, 20.88619886354339, 'APPROACH-BLIND'
10, 3930, 20.889395880879697, 20.889395880879697, 'APPROACH-BLIND'
10, 3931, 20.892592898216005, 20.892592898216005, 'APPROACH-BLIND'
10, 3932, 20.89578991555231, 20.89578991555231, 'APPROACH-BLIND'
10, 3933, 20.89898693288862, 20.89898693288862, 'APPROACH-BLIND'
10, 3934, 20.902183950224927, 20.902183950224927, 'APPROACH-BLIND'
10, 3935, 20.905380967561232, 20.905380967561232, 'APPROACH-BLIND'
10, 3936, 20.90857798489754, 20.90857798489754, 'APPROACH-BLIND'
10, 3937, 20.91177500223385, 20.91177500223385, 'APPROACH-BLIND'
10, 3938, 20.914972019570158, 20.914972019570158, 'APPROACH-BLIND'
10, 3939, 20.918169036906463, 20.918169036906463, 'APPROACH-BLIND'
10, 3940, 20.92136605424277, 20.92136605424277, 'APPROACH-BLIND'
10, 3941, 20.92456307157908, 20.92456307157908, 'APPROACH-BLIND'
10, 3942, 20.927760088915385, 20.927760088915385, 'APPROACH-BLIND'
10, 3943, 20.930957106251693, 20.930957106251693, 'APPROACH-BLIND'
10, 3944, 20.934154123588, 20.934154123588, 'APPROACH-BLIND'
10, 3945, 20.937351140924306, 20.937351140924306, 'APPROACH-BLIND'
10, 3946, 20.940548158260615, 20.940548158260615, 'APPROACH-BLIND'
10, 3947, 20.943745175596924, 20.943745175596924, 'APPROACH-BLIND'
10, 3948, 20.94479632508103, 20.94479632508103, 'APPROACH-BLIND'
10, 3949, 20.945847474565134, 20.945847474565134, 'APPROACH-BLIND'
10, 3950, 20.94689862404924, 20.94689862404924, 'APPROACH-BLIND'
10, 3951, 20.947949773533345, 20.947949773533345, 'APPROACH-BLIND'
10, 3952, 20.94900092301745, 20.94900092301745, 'APPROACH-BLIND'
10, 3953, 20.950052072501556, 20.950052072501556, 'APPROACH-BLIND'
10, 3954, 20.95110322198566, 20.95110322198566, 'APPROACH-BLIND'
10, 3955, 20.952154371469767, 20.952154371469767, 'APPROACH-BLIND'
10, 3956, 20.953205520953873, 20.953205520953873, 'APPROACH-BLIND'
10, 3957, 20.954256670437978, 20.954256670437978, 'APPROACH-BLIND'
10, 3958, 20.955307819922083, 20.955307819922083, 'APPROACH-BLIND'
10, 3959, 20.95635896940619, 20.95635896940619, 'APPROACH-BLIND'
10, 3960, 20.957410118890294, 20.957410118890294, 'APPROACH-BLIND'
10, 3961, 20.9584612683744, 20.9584612683744, 'APPROACH-BLIND'
10, 3962, 20.959512417858505, 20.959512417858505, 'APPROACH-BLIND'
10, 3963, 20.96056356734261, 20.96056356734261, 'APPROACH-BLIND'
10, 3964, 20.961614716826716, 20.961614716826716, 'APPROACH-BLIND'
10, 3965, 20.96266586631082, 20.96266586631082, 'APPROACH-BLIND'
10, 3966, 20.963717015794927, 20.963717015794927, 'APPROACH-BLIND'
10, 3967, 20.964768165279033, 20.964768165279033, 'APPROACH-BLIND'
10, 3968, 20.965819314763138, 20.965819314763138, 'APPROACH-BLIND'
10, 3969, 20.966870464247243, 20.966870464247243, 'APPROACH-BLIND'
10, 3970, 20.96792161373135, 20.96792161373135, 'APPROACH-BLIND'
10, 3971, 20.968972763215454, 20.968972763215454, 'APPROACH-BLIND'
10, 3972, 20.97002391269956, 20.97002391269956, 'APPROACH-BLIND'
10, 3973, 20.971075062183665, 20.971075062183665, 'APPROACH-BLIND'
10, 3974, 20.97212621166777, 20.97212621166777, 'APPROACH-BLIND'
10, 3975, 20.973177361151876, 20.973177361151876, 'APPROACH-BLIND'
10, 3976, 20.97422851063598, 20.97422851063598, 'APPROACH-BLIND'
10, 3977, 20.975279660120087, 20.975279660120087, 'APPROACH-BLIND'
10, 3978, 20.976330809604192, 20.976330809604192, 'APPROACH-BLIND'
10, 3979, 20.977381959088298, 20.977381959088298, 'APPROACH-BLIND'
10, 3980, 20.978433108572403, 20.978433108572403, 'APPROACH-BLIND'
10, 3981, 20.97948425805651, 20.97948425805651, 'APPROACH-BLIND'
10, 3982, 20.980535407540614, 20.980535407540614, 'APPROACH-BLIND'
10, 3983, 20.98158655702472, 20.98158655702472, 'APPROACH-BLIND'
10, 3984, 20.981930675674306, 20.981930675674306, 'APPROACH-BLIND'
10, 3985, 20.982274794323892, 20.982274794323892, 'APPROACH-BLIND'
10, 3986, 20.98261891297348, 20.98261891297348, 'APPROACH-BLIND'
10, 3987, 20.982963031623065, 20.982963031623065, 'APPROACH-BLIND'
10, 3988, 20.98330715027265, 20.98330715027265, 'APPROACH-BLIND'
10, 3989, 20.983651268922237, 20.983651268922237, 'APPROACH-BLIND'
10, 3990, 20.983995387571824, 20.983995387571824, 'APPROACH-BLIND'
10, 3991, 20.98433950622141, 20.98433950622141, 'APPROACH-BLIND'
10, 3992, 20.984683624870996, 20.984683624870996, 'APPROACH-BLIND'
10, 3993, 20.985027743520583, 20.985027743520583, 'APPROACH-BLIND'
10, 3994, 20.98537186217017, 20.98537186217017, 'APPROACH-BLIND'
10, 3995, 20.985715980819755, 20.985715980819755, 'APPROACH-BLIND'
10, 3996, 20.98606009946934, 20.98606009946934, 'APPROACH-BLIND'
10, 3997, 20.986404218118928, 20.986404218118928, 'APPROACH-BLIND'
10, 3998, 20.986748336768514, 20.986748336768514, 'APPROACH-BLIND'
10, 3999, 20.9870924554181, 20.9870924554181, 'APPROACH-BLIND'
10, 4000, 20.987436574067686, 20.987436574067686, 'APPROACH-BLIND'
10, 4001, 20.987780692717273, 20.987780692717273, 'APPROACH-BLIND'
10, 4002, 20.98812481136686, 20.98812481136686, 'APPROACH-BLIND'
10, 4003, 20.988468930016445, 20.988468930016445, 'APPROACH-BLIND'
10, 4004, 20.98881304866603, 20.98881304866603, 'APPROACH-BLIND'
10, 4005, 20.989157167315618, 20.989157167315618, 'APPROACH-BLIND'
10, 4006, 20.989501285965204, 20.989501285965204, 'APPROACH-BLIND'
10, 4007, 20.98984540461479, 20.98984540461479, 'APPROACH-BLIND'
10, 4008, 20.990189523264377, 20.990189523264377, 'APPROACH-BLIND'
10, 4009, 20.990533641913963, 20.990533641913963, 'APPROACH-BLIND'
10, 4010, 20.99087776056355, 20.99087776056355, 'APPROACH-BLIND'
10, 4011, 20.991221879213136, 20.991221879213136, 'APPROACH-BLIND'
10, 4012, 20.991565997862722, 20.991565997862722, 'APPROACH-BLIND'
10, 4013, 20.991910116512308, 20.991910116512308, 'APPROACH-BLIND'
10, 4014, 20.992254235161894, 20.992254235161894, 'APPROACH-BLIND'
10, 4015, 20.99259835381148, 20.99259835381148, 'APPROACH-BLIND'
10, 4016, 20.992942472461067, 20.992942472461067, 'APPROACH-BLIND'
10, 4017, 20.993286591110653, 20.993286591110653, 'APPROACH-BLIND'
10, 4018, 20.99363070976024, 20.99363070976024, 'APPROACH-BLIND'
10, 4019, 20.993974828409826, 20.993974828409826, 'APPROACH-BLIND'
10, 4020, 20.994087431410865, 20.994087431410865, 'APPROACH-BLIND'
10, 4021, 20.994200034411904, 20.994200034411904, 'APPROACH-BLIND'
10, 4022, 20.994312637412943, 20.994312637412943, 'APPROACH-BLIND'
10, 4023, 20.99442524041398, 20.99442524041398, 'APPROACH-BLIND'
10, 4024, 20.99453784341502, 20.99453784341502, 'APPROACH-BLIND'
10, 4025, 20.99465044641606, 20.99465044641606, 'APPROACH-BLIND'
10, 4026, 20.9947630494171, 20.9947630494171, 'APPROACH-BLIND'
10, 4027, 20.994875652418138, 20.994875652418138, 'APPROACH-BLIND'
10, 4028, 20.994988255419177, 20.994988255419177, 'APPROACH-BLIND'
10, 4029, 20.995100858420216, 20.995100858420216, 'APPROACH-BLIND'
10, 4030, 20.995213461421255, 20.995213461421255, 'APPROACH-BLIND'
10, 4031, 20.995326064422294, 20.995326064422294, 'APPROACH-BLIND'
10, 4032, 20.995438667423333, 20.995438667423333, 'APPROACH-BLIND'
10, 4033, 20.99555127042437, 20.99555127042437, 'APPROACH-BLIND'
10, 4034, 20.99566387342541, 20.99566387342541, 'APPROACH-BLIND'
10, 4035, 20.99577647642645, 20.99577647642645, 'APPROACH-BLIND'
10, 4036, 20.99588907942749, 20.99588907942749, 'APPROACH-BLIND'
10, 4037, 20.996001682428524, 20.996001682428524, 'APPROACH-BLIND'
10, 4038, 20.996114285429563, 20.996114285429563, 'APPROACH-BLIND'
10, 4039, 20.9962268884306, 20.9962268884306, 'APPROACH-BLIND'
10, 4040, 20.996339491431637, 20.996339491431637, 'APPROACH-BLIND'
10, 4041, 20.996452094432673, 20.996452094432673, 'APPROACH-BLIND'
10, 4042, 20.996564697433712, 20.996564697433712, 'APPROACH-BLIND'
10, 4043, 20.996677300434747, 20.996677300434747, 'APPROACH-BLIND'
10, 4044, 20.996789903435786, 20.996789903435786, 'APPROACH-BLIND'
10, 4045, 20.99690250643682, 20.99690250643682, 'APPROACH-BLIND'
10, 4046, 20.99701510943786, 20.99701510943786, 'APPROACH-BLIND'
10, 4047, 20.997127712438896, 20.997127712438896, 'APPROACH-BLIND'
10, 4048, 20.997240315439935, 20.997240315439935, 'APPROACH-BLIND'
10, 4049, 20.99735291844097, 20.99735291844097, 'APPROACH-BLIND'
10, 4050, 20.99746552144201, 20.99746552144201, 'APPROACH-BLIND'
10, 4051, 20.997578124443045, 20.997578124443045, 'APPROACH-BLIND'
10, 4052, 20.997690727444084, 20.997690727444084, 'APPROACH-BLIND'
10, 4053, 20.99780333044512, 20.99780333044512, 'APPROACH-BLIND'
10, 4054, 20.99791593344616, 20.99791593344616, 'APPROACH-BLIND'
10, 4055, 20.998028536447194, 20.998028536447194, 'APPROACH-BLIND'
10, 4056, 20.998065380728008, 20.998065380728008, 'APPROACH-BLIND'
10, 4057, 20.99810222500882, 20.99810222500882, 'APPROACH-BLIND'
10, 4058, 20.998139069289635, 20.998139069289635, 'APPROACH-BLIND'
10, 4059, 20.99817591357045, 20.99817591357045, 'APPROACH-BLIND'
10, 4060, 20.998212757851263, 20.998212757851263, 'APPROACH-BLIND'
10, 4061, 20.998249602132077, 20.998249602132077, 'APPROACH-BLIND'
10, 4062, 20.99828644641289, 20.99828644641289, 'APPROACH-BLIND'
10, 4063, 20.998323290693705, 20.998323290693705, 'APPROACH-BLIND'
10, 4064, 20.99836013497452, 20.99836013497452, 'APPROACH-BLIND'
10, 4065, 20.998396979255332, 20.998396979255332, 'APPROACH-BLIND'
10, 4066, 20.998433823536146, 20.998433823536146, 'APPROACH-BLIND'
10, 4067, 20.99847066781696, 20.99847066781696, 'APPROACH-BLIND'
10, 4068, 20.998507512097774, 20.998507512097774, 'APPROACH-BLIND'
10, 4069, 20.998544356378588, 20.998544356378588, 'APPROACH-BLIND'
10, 4070, 20.9985812006594, 20.9985812006594, 'APPROACH-BLIND'
10, 4071, 20.998618044940216, 20.998618044940216, 'APPROACH-BLIND'
10, 4072, 20.99865488922103, 20.99865488922103, 'APPROACH-BLIND'
10, 4073, 20.998691733501843, 20.998691733501843, 'APPROACH-BLIND'
10, 4074, 20.998728577782657, 20.998728577782657, 'APPROACH-BLIND'
10, 4075, 20.99876542206347, 20.99876542206347, 'APPROACH-BLIND'
10, 4076, 20.998802266344285, 20.998802266344285, 'APPROACH-BLIND'
10, 4077, 20.998839110625095, 20.998839110625095, 'APPROACH-BLIND'
10, 4078, 20.99887595490591, 20.99887595490591, 'APPROACH-BLIND'
10, 4079, 20.99891279918672, 20.99891279918672, 'APPROACH-BLIND'
10, 4080, 20.998949643467533, 20.998949643467533, 'APPROACH-BLIND'
10, 4081, 20.998986487748343, 20.998986487748343, 'APPROACH-BLIND'
10, 4082, 20.999023332029157, 20.999023332029157, 'APPROACH-BLIND'
10, 4083, 20.999060176309968, 20.999060176309968, 'APPROACH-BLIND'
10, 4084, 20.99909702059078, 20.99909702059078, 'APPROACH-BLIND'
10, 4085, 20.99913386487159, 20.99913386487159, 'APPROACH-BLIND'
10, 4086, 20.999170709152406, 20.999170709152406, 'APPROACH-BLIND'
10, 4087, 20.999207553433216, 20.999207553433216, 'APPROACH-BLIND'
10, 4088, 20.99924439771403, 20.99924439771403, 'APPROACH-BLIND'
10, 4089, 20.99928124199484, 20.99928124199484, 'APPROACH-BLIND'
10, 4090, 20.999318086275654, 20.999318086275654, 'APPROACH-BLIND'
10, 4091, 20.999354930556464, 20.999354930556464, 'APPROACH-BLIND'
10, 4092, 20.999366986130248, 20.999366986130248, 'APPROACH-BLIND'
10, 4093, 20.99937904170403, 20.99937904170403, 'APPROACH-BLIND'
10, 4094, 20.999391097277815, 20.999391097277815, 'APPROACH-BLIND'
10, 4095, 20.9994031528516, 20.9994031528516, 'APPROACH-BLIND'
10, 4096, 20.999415208425383, 20.999415208425383, 'APPROACH-BLIND'
10, 4097, 20.999427263999166, 20.999427263999166, 'APPROACH-BLIND'
10, 4098, 20.99943931957295, 20.99943931957295, 'APPROACH-BLIND'
10, 4099, 20.999451375146734, 20.999451375146734, 'APPROACH-BLIND'
10, 4100, 20.999463430720517, 20.999463430720517, 'APPROACH-BLIND'
10, 4101, 20.9994754862943, 20.9994754862943, 'APPROACH-BLIND'
10, 4102, 20.999487541868085, 20.999487541868085, 'APPROACH-BLIND'
10, 4103, 20.99949959744187, 20.99949959744187, 'APPROACH-BLIND'
10, 4104, 20.999511653015652, 20.999511653015652, 'APPROACH-BLIND'
10, 4105, 20.999523708589436, 20.999523708589436, 'APPROACH-BLIND'
10, 4106, 20.99953576416322, 20.99953576416322, 'APPROACH-BLIND'
10, 4107, 20.999547819737003, 20.999547819737003, 'APPROACH-BLIND'
10, 4108, 20.999559875310787, 20.999559875310787, 'APPROACH-BLIND'
10, 4109, 20.99957193088457, 20.99957193088457, 'APPROACH-BLIND'
10, 4110, 20.999583986458354, 20.999583986458354, 'APPROACH-BLIND'
10, 4111, 20.999596042032138, 20.999596042032138, 'APPROACH-BLIND'
10, 4112, 20.999608097605922, 20.999608097605922, 'APPROACH-BLIND'
10, 4113, 20.999620153179706, 20.999620153179706, 'APPROACH-BLIND'
10, 4114, 20.99963220875349, 20.99963220875349, 'APPROACH-BLIND'
10, 4115, 20.999644264327273, 20.999644264327273, 'APPROACH-BLIND'
10, 4116, 20.999656319901057, 20.999656319901057, 'APPROACH-BLIND'
10, 4117, 20.99966837547484, 20.99966837547484, 'APPROACH-BLIND'
10, 4118, 20.999680431048624, 20.999680431048624, 'APPROACH-BLIND'
10, 4119, 20.999692486622408, 20.999692486622408, 'APPROACH-BLIND'
10, 4120, 20.99970454219619, 20.99970454219619, 'APPROACH-BLIND'
10, 4121, 20.999716597769975, 20.999716597769975, 'APPROACH-BLIND'
10, 4122, 20.99972865334376, 20.99972865334376, 'APPROACH-BLIND'
10, 4123, 20.999740708917543, 20.999740708917543, 'APPROACH-BLIND'
10, 4124, 20.999752764491326, 20.999752764491326, 'APPROACH-BLIND'
10, 4125, 20.99976482006511, 20.99976482006511, 'APPROACH-BLIND'
10, 4126, 20.999776875638894, 20.999776875638894, 'APPROACH-BLIND'
10, 4127, 20.999788931212677, 20.999788931212677, 'APPROACH-BLIND'
10, 4128, 20.9997928758351, 20.9997928758351, 'APPROACH-BLIND'
10, 4129, 20.999796820457526, 20.999796820457526, 'APPROACH-BLIND'
10, 4130, 20.99980076507995, 20.99980076507995, 'APPROACH-BLIND'
10, 4131, 20.999804709702374, 20.999804709702374, 'APPROACH-BLIND'
10, 4132, 20.9998086543248, 20.9998086543248, 'APPROACH-BLIND'
10, 4133, 20.999812598947223, 20.999812598947223, 'APPROACH-BLIND'
10, 4134, 20.999816543569647, 20.999816543569647, 'APPROACH-BLIND'
10, 4135, 20.99982048819207, 20.99982048819207, 'APPROACH-BLIND'
10, 4136, 20.999824432814496, 20.999824432814496, 'APPROACH-BLIND'
10, 4137, 20.99982837743692, 20.99982837743692, 'APPROACH-BLIND'
10, 4138, 20.999832322059344, 20.999832322059344, 'APPROACH-BLIND'
10, 4139, 20.99983626668177, 20.99983626668177, 'APPROACH-BLIND'
10, 4140, 20.999840211304193, 20.999840211304193, 'APPROACH-BLIND'
10, 4141, 20.999844155926617, 20.999844155926617, 'APPROACH-BLIND'
10, 4142, 20.99984810054904, 20.99984810054904, 'APPROACH-BLIND'
10, 4143, 20.999852045171465, 20.999852045171465, 'APPROACH-BLIND'
10, 4144, 20.99985598979389, 20.99985598979389, 'APPROACH-BLIND'
10, 4145, 20.999859934416314, 20.999859934416314, 'APPROACH-BLIND'
10, 4146, 20.999863879038738, 20.999863879038738, 'APPROACH-BLIND'
10, 4147, 20.999867823661162, 20.999867823661162, 'APPROACH-BLIND'
10, 4148, 20.999871768283587, 20.999871768283587, 'APPROACH-BLIND'
10, 4149, 20.99987571290601, 20.99987571290601, 'APPROACH-BLIND'
10, 4150, 20.999879657528435, 20.999879657528435, 'APPROACH-BLIND'
10, 4151, 20.99988360215086, 20.99988360215086, 'APPROACH-BLIND'
10, 4152, 20.999887546773284, 20.999887546773284, 'APPROACH-BLIND'
10, 4153, 20.999891491395708, 20.999891491395708, 'APPROACH-BLIND'
10, 4154, 20.999895436018132, 20.999895436018132, 'APPROACH-BLIND'
10, 4155, 20.999899380640557, 20.999899380640557, 'APPROACH-BLIND'
10, 4156, 20.99990332526298, 20.99990332526298, 'APPROACH-BLIND'
10, 4157, 20.999907269885405, 20.999907269885405, 'APPROACH-BLIND'
10, 4158, 20.99991121450783, 20.99991121450783, 'APPROACH-BLIND'
10, 4159, 20.999915159130254, 20.999915159130254, 'APPROACH-BLIND'
10, 4160, 20.999919103752678, 20.999919103752678, 'APPROACH-BLIND'
10, 4161, 20.999923048375102, 20.999923048375102, 'APPROACH-BLIND'
10, 4162, 20.999926992997526, 20.999926992997526, 'APPROACH-BLIND'
10, 4163, 20.99993093761995, 20.99993093761995, 'APPROACH-BLIND'
10, 4164, 20.99993467233297, 20.99993467233297, 'APPROACH-BLIND'
10, 4165, 20.99993589359307, 20.99993589359307, 'APPROACH-BLIND'
10, 4166, 20.999937114853168, 20.999937114853168, 'APPROACH-BLIND'
10, 4167, 20.999938336113267, 20.999938336113267, 'APPROACH-BLIND'
10, 4168, 20.999939557373366, 20.999939557373366, 'APPROACH-BLIND'
10, 4169, 20.999940778633466, 20.999940778633466, 'APPROACH-BLIND'
10, 4170, 20.999941999893565, 20.999941999893565, 'APPROACH-BLIND'
10, 4171, 20.999943221153664, 20.999943221153664, 'APPROACH-BLIND'
10, 4172, 20.999944442413764, 20.999944442413764, 'APPROACH-BLIND'
10, 4173, 20.999945663673863, 20.999945663673863, 'APPROACH-BLIND'
10, 4174, 20.999946884933962, 20.999946884933962, 'APPROACH-BLIND'
10, 4175, 20.99994810619406, 20.99994810619406, 'APPROACH-BLIND'
10, 4176, 20.99994932745416, 20.99994932745416, 'APPROACH-BLIND'
10, 4177, 20.99995054871426, 20.99995054871426, 'APPROACH-BLIND'
10, 4178, 20.99995176997436, 20.99995176997436, 'APPROACH-BLIND'
10, 4179, 20.99995299123446, 20.99995299123446, 'APPROACH-BLIND'
10, 4180, 20.999954212494558, 20.999954212494558, 'APPROACH-BLIND'
10, 4181, 20.999955433754657, 20.999955433754657, 'APPROACH-BLIND'
10, 4182, 20.999956655014756, 20.999956655014756, 'APPROACH-BLIND'
10, 4183, 20.999957876274856, 20.999957876274856, 'APPROACH-BLIND'
10, 4184, 20.999959097534955, 20.999959097534955, 'APPROACH-BLIND'
10, 4185, 20.999960318795054, 20.999960318795054, 'APPROACH-BLIND'
10, 4186, 20.999961540055153, 20.999961540055153, 'APPROACH-BLIND'
10, 4187, 20.999962761315253, 20.999962761315253, 'APPROACH-BLIND'
10, 4188, 20.999963982575352, 20.999963982575352, 'APPROACH-BLIND'
10, 4189, 20.99996520383545, 20.99996520383545, 'APPROACH-BLIND'
10, 4190, 20.99996642509555, 20.99996642509555, 'APPROACH-BLIND'
10, 4191, 20.99996764635565, 20.99996764635565, 'APPROACH-BLIND'
10, 4192, 20.99996886761575, 20.99996886761575, 'APPROACH-BLIND'
10, 4193, 20.999970088875852, 20.999970088875852, 'APPROACH-BLIND'
10, 4194, 20.99997131013595, 20.99997131013595, 'APPROACH-BLIND'
10, 4195, 20.999972531396054, 20.999972531396054, 'APPROACH-BLIND'
10, 4196, 20.999973752656153, 20.999973752656153, 'APPROACH-BLIND'
10, 4197, 20.999974973916256, 20.999974973916256, 'APPROACH-BLIND'
10, 4198, 20.999976195176355, 20.999976195176355, 'APPROACH-BLIND'
10, 4199, 20.999977416436458, 20.999977416436458, 'APPROACH-BLIND'
10, 4200, 20.999978637696557, 20.999978637696557, 'APPROACH-BLIND'
10, 4201, 20.99997903705153, 20.99997903705153, 'APPROACH-BLIND'
10, 4202, 20.999979436406505, 20.999979436406505, 'APPROACH-BLIND'
10, 4203, 20.99997983576148, 20.99997983576148, 'APPROACH-BLIND'
10, 4204, 20.999980235116453, 20.999980235116453, 'APPROACH-BLIND'
10, 4205, 20.999980634471427, 20.999980634471427, 'APPROACH-BLIND'
10, 4206, 20.9999810338264, 20.9999810338264, 'APPROACH-BLIND'
10, 4207, 20.999981433181375, 20.999981433181375, 'APPROACH-BLIND'
10, 4208, 20.99998183253635, 20.99998183253635, 'APPROACH-BLIND'
10, 4209, 20.999982231891323, 20.999982231891323, 'APPROACH-BLIND'
10, 4210, 20.999982631246297, 20.999982631246297, 'APPROACH-BLIND'
10, 4211, 20.99998303060127, 20.99998303060127, 'APPROACH-BLIND'
10, 4212, 20.999983429956245, 20.999983429956245, 'APPROACH-BLIND'
10, 4213, 20.99998382931122, 20.99998382931122, 'APPROACH-BLIND'
10, 4214, 20.999984228666193, 20.999984228666193, 'APPROACH-BLIND'
10, 4215, 20.999984628021167, 20.999984628021167, 'APPROACH-BLIND'
10, 4216, 20.99998502737614, 20.99998502737614, 'APPROACH-BLIND'
10, 4217, 20.999985426731115, 20.999985426731115, 'APPROACH-BLIND'
10, 4218, 20.999985826086093, 20.999985826086093, 'APPROACH-BLIND'
10, 4219, 20.999986225441067, 20.999986225441067, 'APPROACH-BLIND'
10, 4220, 20.999986624796044, 20.999986624796044, 'APPROACH-BLIND'
10, 4221, 20.999987024151018, 20.999987024151018, 'APPROACH-BLIND'
10, 4222, 20.999987423505996, 20.999987423505996, 'APPROACH-BLIND'
10, 4223, 20.99998782286097, 20.99998782286097, 'APPROACH-BLIND'
10, 4224, 20.999988222215947, 20.999988222215947, 'APPROACH-BLIND'
10, 4225, 20.99998862157092, 20.99998862157092, 'APPROACH-BLIND'
10, 4226, 20.9999890209259, 20.9999890209259, 'APPROACH-BLIND'
10, 4227, 20.999989420280873, 20.999989420280873, 'APPROACH-BLIND'
10, 4228, 20.99998981963585, 20.99998981963585, 'APPROACH-BLIND'
10, 4229, 20.999990218990824, 20.999990218990824, 'APPROACH-BLIND'
10, 4230, 20.9999906183458, 20.9999906183458, 'APPROACH-BLIND'
10, 4231, 20.999991017700776, 20.999991017700776, 'APPROACH-BLIND'
10, 4232, 20.999991417055753, 20.999991417055753, 'APPROACH-BLIND'
10, 4233, 20.999991816410727, 20.999991816410727, 'APPROACH-BLIND'
10, 4234, 20.999992215765705, 20.999992215765705, 'APPROACH-BLIND'
10, 4235, 20.99999261512068, 20.99999261512068, 'APPROACH-BLIND'
10, 4236, 20.999993014475656, 20.999993014475656, 'APPROACH-BLIND'
10, 4237, 20.999993145065687, 20.999993145065687, 'APPROACH-BLIND'
10, 4238, 20.99999327565572, 20.99999327565572, 'APPROACH-BLIND'
10, 4239, 20.99999340624575, 20.99999340624575, 'APPROACH-BLIND'
10, 4240, 20.99999353683578, 20.99999353683578, 'APPROACH-BLIND'
10, 4241, 20.999993667425812, 20.999993667425812, 'APPROACH-BLIND'
10, 4242, 20.999993798015844, 20.999993798015844, 'APPROACH-BLIND'
10, 4243, 20.999993928605875, 20.999993928605875, 'APPROACH-BLIND'
10, 4244, 20.999994059195906, 20.999994059195906, 'APPROACH-BLIND'
10, 4245, 20.999994189785937, 20.999994189785937, 'APPROACH-BLIND'
10, 4246, 20.99999432037597, 20.99999432037597, 'APPROACH-BLIND'
10, 4247, 20.999994450966, 20.999994450966, 'APPROACH-BLIND'
10, 4248, 20.99999458155603, 20.99999458155603, 'APPROACH-BLIND'
10, 4249, 20.999994712146062, 20.999994712146062, 'APPROACH-BLIND'
10, 4250, 20.999994842736093, 20.999994842736093, 'APPROACH-BLIND'
10, 4251, 20.999994973326125, 20.999994973326125, 'APPROACH-BLIND'
10, 4252, 20.99999510391616, 20.99999510391616, 'APPROACH-BLIND'
10, 4253, 20.99999523450619, 20.99999523450619, 'APPROACH-BLIND'
10, 4254, 20.999995365096225, 20.999995365096225, 'APPROACH-BLIND'
10, 4255, 20.999995495686257, 20.999995495686257, 'APPROACH-BLIND'
10, 4256, 20.99999562627629, 20.99999562627629, 'APPROACH-BLIND'
10, 4257, 20.999995756866323, 20.999995756866323, 'APPROACH-BLIND'
10, 4258, 20.999995887456357, 20.999995887456357, 'APPROACH-BLIND'
10, 4259, 20.99999601804639, 20.99999601804639, 'APPROACH-BLIND'
10, 4260, 20.999996148636423, 20.999996148636423, 'APPROACH-BLIND'
10, 4261, 20.999996279226455, 20.999996279226455, 'APPROACH-BLIND'
10, 4262, 20.99999640981649, 20.99999640981649, 'APPROACH-BLIND'
10, 4263, 20.99999654040652, 20.99999654040652, 'APPROACH-BLIND'
10, 4264, 20.999996670996556, 20.999996670996556, 'APPROACH-BLIND'
10, 4265, 20.999996801586587, 20.999996801586587, 'APPROACH-BLIND'
10, 4266, 20.99999693217662, 20.99999693217662, 'APPROACH-BLIND'
10, 4267, 20.999997062766653, 20.999997062766653, 'APPROACH-BLIND'
10, 4268, 20.999997193356688, 20.999997193356688, 'APPROACH-BLIND'
10, 4269, 20.99999732394672, 20.99999732394672, 'APPROACH-BLIND'
10, 4270, 20.999997454536754, 20.999997454536754, 'APPROACH-BLIND'
10, 4271, 20.999997585126785, 20.999997585126785, 'APPROACH-BLIND'
10, 4272, 20.99999771571682, 20.99999771571682, 'APPROACH-BLIND'
10, 4273, 20.999997758420072, 20.999997758420072, 'APPROACH-BLIND'
10, 4274, 20.999997801123325, 20.999997801123325, 'APPROACH-BLIND'
10, 4275, 20.999997843826577, 20.999997843826577, 'APPROACH-BLIND'
10, 4276, 20.99999788652983, 20.99999788652983, 'APPROACH-BLIND'
10, 4277, 20.999997929233082, 20.999997929233082, 'APPROACH-BLIND'
10, 4278, 20.999997971936335, 20.999997971936335, 'APPROACH-BLIND'
10, 4279, 20.999998014639587, 20.999998014639587, 'APPROACH-BLIND'
10, 4280, 20.99999805734284, 20.99999805734284, 'APPROACH-BLIND'
10, 4281, 20.999998100046092, 20.999998100046092, 'APPROACH-BLIND'
10, 4282, 20.999998142749345, 20.999998142749345, 'APPROACH-BLIND'
10, 4283, 20.999998185452597, 20.999998185452597, 'APPROACH-BLIND'
10, 4284, 20.99999822815585, 20.99999822815585, 'APPROACH-BLIND'
10, 4285, 20.999998270859102, 20.999998270859102, 'APPROACH-BLIND'
10, 4286, 20.999998313562354, 20.999998313562354, 'APPROACH-BLIND'
10, 4287, 20.999998356265607, 20.999998356265607, 'APPROACH-BLIND'
10, 4288, 20.99999839896886, 20.99999839896886, 'APPROACH-BLIND'
10, 4289, 20.999998441672112, 20.999998441672112, 'APPROACH-BLIND'
10, 4290, 20.999998484375364, 20.999998484375364, 'APPROACH-BLIND'
10, 4291, 20.999998527078617, 20.999998527078617, 'APPROACH-BLIND'
10, 4292, 20.99999856978187, 20.99999856978187, 'APPROACH-BLIND'
10, 4293, 20.999998612485122, 20.999998612485122, 'APPROACH-BLIND'
10, 4294, 20.999998655188374, 20.999998655188374, 'APPROACH-BLIND'
10, 4295, 20.999998697891627, 20.999998697891627, 'APPROACH-BLIND'
10, 4296, 20.99999874059488, 20.99999874059488, 'APPROACH-BLIND'
10, 4297, 20.999998783298132, 20.999998783298132, 'APPROACH-BLIND'
10, 4298, 20.999998826001384, 20.999998826001384, 'APPROACH-BLIND'
10, 4299, 20.999998868704637, 20.999998868704637, 'APPROACH-BLIND'
10, 4300, 20.99999891140789, 20.99999891140789, 'APPROACH-BLIND'
10, 4301, 20.999998954111142, 20.999998954111142, 'APPROACH-BLIND'
10, 4302, 20.999998996814394, 20.999998996814394, 'APPROACH-BLIND'
10, 4303, 20.999999039517647, 20.999999039517647, 'APPROACH-BLIND'
10, 4304, 20.9999990822209, 20.9999990822209, 'APPROACH-BLIND'
10, 4305, 20.999999124924155, 20.999999124924155, 'APPROACH-BLIND'
10, 4306, 20.999999167627408, 20.999999167627408, 'APPROACH-BLIND'
10, 4307, 20.999999210330664, 20.999999210330664, 'APPROACH-BLIND'
10, 4308, 20.999999253033916, 20.999999253033916, 'APPROACH-BLIND'
10, 4309, 20.999999266997982, 20.999999266997982, 'APPROACH-BLIND'
10, 4310, 20.999999280962047, 20.999999280962047, 'APPROACH-BLIND'
10, 4311, 20.999999294926113, 20.999999294926113, 'APPROACH-BLIND'
10, 4312, 20.999999308890178, 20.999999308890178, 'APPROACH-BLIND'
10, 4313, 20.999999322854244, 20.999999322854244, 'APPROACH-BLIND'
10, 4314, 20.99999933681831, 20.99999933681831, 'APPROACH-BLIND'
10, 4315, 20.999999350782375, 20.999999350782375, 'APPROACH-BLIND'
10, 4316, 20.99999936474644, 20.99999936474644, 'APPROACH-BLIND'
10, 4317, 20.999999378710505, 20.999999378710505, 'APPROACH-BLIND'
10, 4318, 20.99999939267457, 20.99999939267457, 'APPROACH-BLIND'
10, 4319, 20.999999406638636, 20.999999406638636, 'APPROACH-BLIND'
10, 4320, 20.999999420602702, 20.999999420602702, 'APPROACH-BLIND'
10, 4321, 20.999999434566767, 20.999999434566767, 'APPROACH-BLIND'
10, 4322, 20.999999448530833, 20.999999448530833, 'APPROACH-BLIND'
10, 4323, 20.9999994624949, 20.9999994624949, 'APPROACH-BLIND'
10, 4324, 20.999999476458964, 20.999999476458964, 'APPROACH-BLIND'
10, 4325, 20.99999949042303, 20.99999949042303, 'APPROACH-BLIND'
10, 4326, 20.999999504387095, 20.999999504387095, 'APPROACH-BLIND'
10, 4327, 20.99999951835116, 20.99999951835116, 'APPROACH-BLIND'
10, 4328, 20.999999532315226, 20.999999532315226, 'APPROACH-BLIND'
10, 4329, 20.99999954627929, 20.99999954627929, 'APPROACH-BLIND'
10, 4330, 20.999999560243356, 20.999999560243356, 'APPROACH-BLIND'
10, 4331, 20.999999574207422, 20.999999574207422, 'APPROACH-BLIND'
10, 4332, 20.999999588171487, 20.999999588171487, 'APPROACH-BLIND'
10, 4333, 20.999999602135553, 20.999999602135553, 'APPROACH-BLIND'
10, 4334, 20.99999961609962, 20.99999961609962, 'APPROACH-BLIND'
10, 4335, 20.999999630063684, 20.999999630063684, 'APPROACH-BLIND'
10, 4336, 20.99999964402775, 20.99999964402775, 'APPROACH-BLIND'
10, 4337, 20.999999657991815, 20.999999657991815, 'APPROACH-BLIND'
10, 4338, 20.999999671955884, 20.999999671955884, 'APPROACH-BLIND'
10, 4339, 20.99999968591995, 20.99999968591995, 'APPROACH-BLIND'
10, 4340, 20.999999699884018, 20.999999699884018, 'APPROACH-BLIND'
10, 4341, 20.999999713848084, 20.999999713848084, 'APPROACH-BLIND'
10, 4342, 20.999999727812153, 20.999999727812153, 'APPROACH-BLIND'
10, 4343, 20.999999741776218, 20.999999741776218, 'APPROACH-BLIND'
10, 4344, 20.999999755740287, 20.999999755740287, 'APPROACH-BLIND'
10, 4345, 20.999999760306572, 20.999999760306572, 'APPROACH-BLIND'
10, 4346, 20.999999764872857, 20.999999764872857, 'APPROACH-BLIND'
10, 4347, 20.999999769439142, 20.999999769439142, 'APPROACH-BLIND'
10, 4348, 20.999999774005424, 20.999999774005424, 'APPROACH-BLIND'
10, 4349, 20.99999977857171, 20.99999977857171, 'APPROACH-BLIND'
10, 4350, 20.99999978313799, 20.99999978313799, 'APPROACH-BLIND'
10, 4351, 20.999999787704276, 20.999999787704276, 'APPROACH-BLIND'
10, 4352, 20.999999792270557, 20.999999792270557, 'APPROACH-BLIND'
10, 4353, 20.999999796836843, 20.999999796836843, 'APPROACH-BLIND'
10, 4354, 20.999999801403124, 20.999999801403124, 'APPROACH-BLIND'
10, 4355, 20.99999980596941, 20.99999980596941, 'APPROACH-BLIND'
10, 4356, 20.99999981053569, 20.99999981053569, 'APPROACH-BLIND'
10, 4357, 20.999999815101976, 20.999999815101976, 'APPROACH-BLIND'
10, 4358, 20.999999819668258, 20.999999819668258, 'APPROACH-BLIND'
10, 4359, 20.999999824234543, 20.999999824234543, 'APPROACH-BLIND'
10, 4360, 20.999999828800824, 20.999999828800824, 'APPROACH-BLIND'
10, 4361, 20.99999983336711, 20.99999983336711, 'APPROACH-BLIND'
10, 4362, 20.99999983793339, 20.99999983793339, 'APPROACH-BLIND'
10, 4363, 20.999999842499676, 20.999999842499676, 'APPROACH-BLIND'
10, 4364, 20.999999847065958, 20.999999847065958, 'APPROACH-BLIND'
10, 4365, 20.999999851632243, 20.999999851632243, 'APPROACH-BLIND'
10, 4366, 20.999999856198524, 20.999999856198524, 'APPROACH-BLIND'
10, 4367, 20.99999986076481, 20.99999986076481, 'APPROACH-BLIND'
10, 4368, 20.99999986533109, 20.99999986533109, 'APPROACH-BLIND'
10, 4369, 20.999999869897373, 20.999999869897373, 'APPROACH-BLIND'
10, 4370, 20.999999874463658, 20.999999874463658, 'APPROACH-BLIND'
10, 4371, 20.99999987902994, 20.99999987902994, 'APPROACH-BLIND'
10, 4372, 20.999999883596224, 20.999999883596224, 'APPROACH-BLIND'
10, 4373, 20.999999888162506, 20.999999888162506, 'APPROACH-BLIND'
10, 4374, 20.99999989272879, 20.99999989272879, 'APPROACH-BLIND'
10, 4375, 20.999999897295073, 20.999999897295073, 'APPROACH-BLIND'
10, 4376, 20.999999901861358, 20.999999901861358, 'APPROACH-BLIND'
10, 4377, 20.99999990642764, 20.99999990642764, 'APPROACH-BLIND'
10, 4378, 20.999999910993925, 20.999999910993925, 'APPROACH-BLIND'
10, 4379, 20.999999915560206, 20.999999915560206, 'APPROACH-BLIND'
10, 4380, 20.99999992012649, 20.99999992012649, 'APPROACH-BLIND'
10, 4381, 20.999999921619676, 20.999999921619676, 'APPROACH-BLIND'
10, 4382, 20.99999992311286, 20.99999992311286, 'APPROACH-BLIND'
10, 4383, 20.999999924606044, 20.999999924606044, 'APPROACH-BLIND'
10, 4384, 20.99999992609923, 20.99999992609923, 'APPROACH-BLIND'
10, 4385, 20.999999927592413, 20.999999927592413, 'APPROACH-BLIND'
10, 4386, 20.999999929085597, 20.999999929085597, 'APPROACH-BLIND'
10, 4387, 20.99999993057878, 20.99999993057878, 'APPROACH-BLIND'
10, 4388, 20.999999932071965, 20.999999932071965, 'APPROACH-BLIND'
10, 4389, 20.99999993356515, 20.99999993356515, 'APPROACH-BLIND'
10, 4390, 20.999999935058334, 20.999999935058334, 'APPROACH-BLIND'
10, 4391, 20.999999936551518, 20.999999936551518, 'APPROACH-BLIND'
10, 4392, 20.999999938044702, 20.999999938044702, 'APPROACH-BLIND'
10, 4393, 20.999999939537886, 20.999999939537886, 'APPROACH-BLIND'
10, 4394, 20.99999994103107, 20.99999994103107, 'APPROACH-BLIND'
10, 4395, 20.999999942524255, 20.999999942524255, 'APPROACH-BLIND'
10, 4396, 20.999999944017443, 20.999999944017443, 'APPROACH-BLIND'
10, 4397, 20.999999945510627, 20.999999945510627, 'APPROACH-BLIND'
10, 4398, 20.999999947003815, 20.999999947003815, 'APPROACH-BLIND'
10, 4399, 20.999999948497, 20.999999948497, 'APPROACH-BLIND'
10, 4400, 20.999999949990187, 20.999999949990187, 'APPROACH-BLIND'
10, 4401, 20.99999995148337, 20.99999995148337, 'APPROACH-BLIND'
10, 4402, 20.99999995297656, 20.99999995297656, 'APPROACH-BLIND'
10, 4403, 20.999999954469743, 20.999999954469743, 'APPROACH-BLIND'
10, 4404, 20.99999995596293, 20.99999995596293, 'APPROACH-BLIND'
10, 4405, 20.999999957456115, 20.999999957456115, 'APPROACH-BLIND'
10, 4406, 20.999999958949303, 20.999999958949303, 'APPROACH-BLIND'
10, 4407, 20.999999960442487, 20.999999960442487, 'APPROACH-BLIND'
10, 4408, 20.999999961935675, 20.999999961935675, 'APPROACH-BLIND'
10, 4409, 20.999999963428863, 20.999999963428863, 'APPROACH-BLIND'
10, 4410, 20.999999964922047, 20.999999964922047, 'APPROACH-BLIND'
10, 4411, 20.999999966415235, 20.999999966415235, 'APPROACH-BLIND'
10, 4412, 20.99999996790842, 20.99999996790842, 'APPROACH-BLIND'
10, 4413, 20.999999969401607, 20.999999969401607, 'APPROACH-BLIND'
10, 4414, 20.99999997089479, 20.99999997089479, 'APPROACH-BLIND'
10, 4415, 20.99999997238798, 20.99999997238798, 'APPROACH-BLIND'
10, 4416, 20.999999973881163, 20.999999973881163, 'APPROACH-BLIND'
10, 4417, 20.999999974369437, 20.999999974369437, 'APPROACH-BLIND'
10, 4418, 20.99999997485771, 20.99999997485771, 'APPROACH-BLIND'
10, 4419, 20.999999975345986, 20.999999975345986, 'APPROACH-BLIND'
10, 4420, 20.99999997583426, 20.99999997583426, 'APPROACH-BLIND'
10, 4421, 20.999999976322535, 20.999999976322535, 'APPROACH-BLIND'
10, 4422, 20.99999997681081, 20.99999997681081, 'APPROACH-BLIND'
10, 4423, 20.999999977299083, 20.999999977299083, 'APPROACH-BLIND'
10, 4424, 20.999999977787358, 20.999999977787358, 'APPROACH-BLIND'
10, 4425, 20.999999978275632, 20.999999978275632, 'APPROACH-BLIND'
10, 4426, 20.999999978763906, 20.999999978763906, 'APPROACH-BLIND'
10, 4427, 20.99999997925218, 20.99999997925218, 'APPROACH-BLIND'
10, 4428, 20.999999979740455, 20.999999979740455, 'APPROACH-BLIND'
10, 4429, 20.99999998022873, 20.99999998022873, 'APPROACH-BLIND'
10, 4430, 20.999999980717003, 20.999999980717003, 'APPROACH-BLIND'
10, 4431, 20.999999981205278, 20.999999981205278, 'APPROACH-BLIND'
10, 4432, 20.999999981693552, 20.999999981693552, 'APPROACH-BLIND'
10, 4433, 20.999999982181826, 20.999999982181826, 'APPROACH-BLIND'
10, 4434, 20.9999999826701, 20.9999999826701, 'APPROACH-BLIND'
10, 4435, 20.999999983158375, 20.999999983158375, 'APPROACH-BLIND'
10, 4436, 20.99999998364665, 20.99999998364665, 'APPROACH-BLIND'
10, 4437, 20.999999984134924, 20.999999984134924, 'APPROACH-BLIND'
10, 4438, 20.999999984623198, 20.999999984623198, 'APPROACH-BLIND'
10, 4439, 20.999999985111476, 20.999999985111476, 'APPROACH-BLIND'
10, 4440, 20.99999998559975, 20.99999998559975, 'APPROACH-BLIND'
10, 4441, 20.999999986088028, 20.999999986088028, 'APPROACH-BLIND'
10, 4442, 20.999999986576306, 20.999999986576306, 'APPROACH-BLIND'
10, 4443, 20.99999998706458, 20.99999998706458, 'APPROACH-BLIND'
10, 4444, 20.999999987552858, 20.999999987552858, 'APPROACH-BLIND'
10, 4445, 20.999999988041132, 20.999999988041132, 'APPROACH-BLIND'
10, 4446, 20.99999998852941, 20.99999998852941, 'APPROACH-BLIND'
10, 4447, 20.999999989017684, 20.999999989017684, 'APPROACH-BLIND'
10, 4448, 20.999999989505962, 20.999999989505962, 'APPROACH-BLIND'
10, 4449, 20.999999989994237, 20.999999989994237, 'APPROACH-BLIND'
10, 4450, 20.999999990482515, 20.999999990482515, 'APPROACH-BLIND'
10, 4451, 20.99999999097079, 20.99999999097079, 'APPROACH-BLIND'
10, 4452, 20.999999991459067, 20.999999991459067, 'APPROACH-BLIND'
10, 4453, 20.999999991618733, 20.999999991618733, 'APPROACH-BLIND'
10, 4454, 20.9999999917784, 20.9999999917784, 'APPROACH-BLIND'
10, 4455, 20.999999991938065, 20.999999991938065, 'APPROACH-BLIND'
10, 4456, 20.99999999209773, 20.99999999209773, 'APPROACH-BLIND'
10, 4457, 20.999999992257397, 20.999999992257397, 'APPROACH-BLIND'
10, 4458, 20.999999992417063, 20.999999992417063, 'APPROACH-BLIND'
10, 4459, 20.99999999257673, 20.99999999257673, 'APPROACH-BLIND'
10, 4460, 20.999999992736395, 20.999999992736395, 'APPROACH-BLIND'
10, 4461, 20.99999999289606, 20.99999999289606, 'APPROACH-BLIND'
10, 4462, 20.999999993055727, 20.999999993055727, 'APPROACH-BLIND'
10, 4463, 20.999999993215393, 20.999999993215393, 'APPROACH-BLIND'
10, 4464, 20.99999999337506, 20.99999999337506, 'APPROACH-BLIND'
10, 4465, 20.999999993534725, 20.999999993534725, 'APPROACH-BLIND'
10, 4466, 20.999999993694395, 20.999999993694395, 'APPROACH-BLIND'
10, 4467, 20.99999999385406, 20.99999999385406, 'APPROACH-BLIND'
10, 4468, 20.99999999401373, 20.99999999401373, 'APPROACH-BLIND'
10, 4469, 20.999999994173397, 20.999999994173397, 'APPROACH-BLIND'
10, 4470, 20.999999994333066, 20.999999994333066, 'APPROACH-BLIND'
10, 4471, 20.999999994492732, 20.999999994492732, 'APPROACH-BLIND'
10, 4472, 20.999999994652402, 20.999999994652402, 'APPROACH-BLIND'
10, 4473, 20.999999994812068, 20.999999994812068, 'APPROACH-BLIND'
10, 4474, 20.999999994971738, 20.999999994971738, 'APPROACH-BLIND'
10, 4475, 20.999999995131404, 20.999999995131404, 'APPROACH-BLIND'
10, 4476, 20.999999995291073, 20.999999995291073, 'APPROACH-BLIND'
10, 4477, 20.99999999545074, 20.99999999545074, 'APPROACH-BLIND'
10, 4478, 20.99999999561041, 20.99999999561041, 'APPROACH-BLIND'
10, 4479, 20.999999995770075, 20.999999995770075, 'APPROACH-BLIND'
10, 4480, 20.999999995929745, 20.999999995929745, 'APPROACH-BLIND'
10, 4481, 20.99999999608941, 20.99999999608941, 'APPROACH-BLIND'
10, 4482, 20.99999999624908, 20.99999999624908, 'APPROACH-BLIND'
10, 4483, 20.999999996408746, 20.999999996408746, 'APPROACH-BLIND'
10, 4484, 20.999999996568416, 20.999999996568416, 'APPROACH-BLIND'
10, 4485, 20.999999996728082, 20.999999996728082, 'APPROACH-BLIND'
10, 4486, 20.99999999688775, 20.99999999688775, 'APPROACH-BLIND'
10, 4487, 20.999999997047418, 20.999999997047418, 'APPROACH-BLIND'
10, 4488, 20.999999997207087, 20.999999997207087, 'APPROACH-BLIND'
10, 4489, 20.999999997259298, 20.999999997259298, 'APPROACH-BLIND'
10, 4490, 20.99999999731151, 20.99999999731151, 'APPROACH-BLIND'
10, 4491, 20.99999999736372, 20.99999999736372, 'APPROACH-BLIND'
10, 4492, 20.99999999741593, 20.99999999741593, 'APPROACH-BLIND'
10, 4493, 20.99999999746814, 20.99999999746814, 'APPROACH-BLIND'
10, 4494, 20.99999999752035, 20.99999999752035, 'APPROACH-BLIND'
10, 4495, 20.999999997572562, 20.999999997572562, 'APPROACH-BLIND'
10, 4496, 20.999999997624773, 20.999999997624773, 'APPROACH-BLIND'
10, 4497, 20.999999997676984, 20.999999997676984, 'APPROACH-BLIND'
10, 4498, 20.999999997729194, 20.999999997729194, 'APPROACH-BLIND'
10, 4499, 20.999999997781405, 20.999999997781405, 'APPROACH-BLIND'
10, 4500, 20.999999997833616, 20.999999997833616, 'APPROACH-BLIND'
10, 4501, 20.999999997885826, 20.999999997885826, 'APPROACH-BLIND'
10, 4502, 20.999999997938037, 20.999999997938037, 'APPROACH-BLIND'
10, 4503, 20.999999997990248, 20.999999997990248, 'APPROACH-BLIND'
10, 4504, 20.99999999804246, 20.99999999804246, 'APPROACH-BLIND'
10, 4505, 20.99999999809467, 20.99999999809467, 'APPROACH-BLIND'
10, 4506, 20.99999999814688, 20.99999999814688, 'APPROACH-BLIND'
10, 4507, 20.99999999819909, 20.99999999819909, 'APPROACH-BLIND'
10, 4508, 20.9999999982513, 20.9999999982513, 'APPROACH-BLIND'
10, 4509, 20.99999999830351, 20.99999999830351, 'APPROACH-BLIND'
10, 4510, 20.999999998355726, 20.999999998355726, 'APPROACH-BLIND'
10, 4511, 20.999999998407937, 20.999999998407937, 'APPROACH-BLIND'
10, 4512, 20.99999999846015, 20.99999999846015, 'APPROACH-BLIND'
10, 4513, 20.99999999851236, 20.99999999851236, 'APPROACH-BLIND'
10, 4514, 20.999999998564576, 20.999999998564576, 'APPROACH-BLIND'
10, 4515, 20.999999998616786, 20.999999998616786, 'APPROACH-BLIND'
10, 4516, 20.999999998669, 20.999999998669, 'APPROACH-BLIND'
10, 4517, 20.99999999872121, 20.99999999872121, 'APPROACH-BLIND'
10, 4518, 20.999999998773426, 20.999999998773426, 'APPROACH-BLIND'
10, 4519, 20.999999998825636, 20.999999998825636, 'APPROACH-BLIND'
10, 4520, 20.99999999887785, 20.99999999887785, 'APPROACH-BLIND'
10, 4521, 20.99999999893006, 20.99999999893006, 'APPROACH-BLIND'
10, 4522, 20.999999998982275, 20.999999998982275, 'APPROACH-BLIND'
10, 4523, 20.999999999034486, 20.999999999034486, 'APPROACH-BLIND'
10, 4524, 20.9999999990867, 20.9999999990867, 'APPROACH-BLIND'
10, 4525, 21.024984617308576, 21.024984617308576, 'APPROACH-BLIND'
10, 4526, 21.04996923553045, 21.04996923553045, 'APPROACH-BLIND'
10, 4527, 21.074953853752326, 21.074953853752326, 'APPROACH-BLIND'
10, 4528, 21.099938471974202, 21.099938471974202, 'APPROACH-BLIND'
10, 4529, 21.124923090196077, 21.124923090196077, 'APPROACH-BLIND'
10, 4530, 21.149907708417953, 21.149907708417953, 'APPROACH-BLIND'
10, 4531, 21.174892326639828, 21.174892326639828, 'APPROACH-BLIND'
10, 4532, 21.199876944861703, 21.199876944861703, 'APPROACH-BLIND'
10, 4533, 21.22486156308358, 21.22486156308358, 'APPROACH-BLIND'
10, 4534, 21.24984618130545, 21.24984618130545, 'APPROACH-BLIND'
10, 4535, 21.274830799527322, 21.274830799527322, 'APPROACH-BLIND'
10, 4536, 21.299815417749194, 21.299815417749194, 'APPROACH-BLIND'
10, 4537, 21.324800035971066, 21.324800035971066, 'APPROACH-BLIND'
10, 4538, 21.349784654192938, 21.349784654192938, 'APPROACH-BLIND'
10, 4539, 21.37476927241481, 21.37476927241481, 'APPROACH-BLIND'
10, 4540, 21.39975389063668, 21.39975389063668, 'APPROACH-BLIND'
10, 4541, 21.424738508858553, 21.424738508858553, 'APPROACH-BLIND'
10, 4542, 21.449723127080425, 21.449723127080425, 'APPROACH-BLIND'
10, 4543, 21.474707745302297, 21.474707745302297, 'APPROACH-BLIND'
10, 4544, 21.49969236352417, 21.49969236352417, 'APPROACH-BLIND'
10, 4545, 21.52467698174604, 21.52467698174604, 'APPROACH-BLIND'
10, 4546, 21.53468307209167, 21.53468307209167, 'APPROACH-BLIND'
10, 4547, 21.5446891624373, 21.5446891624373, 'APPROACH-BLIND'
10, 4548, 21.55469525278293, 21.55469525278293, 'APPROACH-BLIND'
10, 4549, 21.56470134312856, 21.56470134312856, 'APPROACH-BLIND'
10, 4550, 21.57470743347419, 21.57470743347419, 'APPROACH-BLIND'
10, 4551, 21.584713523819822, 21.584713523819822, 'APPROACH-BLIND'
10, 4552, 21.594719614165452, 21.594719614165452, 'APPROACH-BLIND'
10, 4553, 21.604725704511083, 21.604725704511083, 'APPROACH-BLIND'
10, 4554, 21.614731794856713, 21.614731794856713, 'APPROACH-BLIND'
10, 4555, 21.624737885202343, 21.624737885202343, 'APPROACH-BLIND'
10, 4556, 21.634743975547973, 21.634743975547973, 'APPROACH-BLIND'
10, 4557, 21.644750065893604, 21.644750065893604, 'APPROACH-BLIND'
10, 4558, 21.654756156239234, 21.654756156239234, 'APPROACH-BLIND'
10, 4559, 21.664762246584864, 21.664762246584864, 'APPROACH-BLIND'
10, 4560, 21.674768336930494, 21.674768336930494, 'APPROACH-BLIND'
10, 4561, 21.684774427276125, 21.684774427276125, 'APPROACH-BLIND'
10, 4562, 21.694780517621755, 21.694780517621755, 'APPROACH-BLIND'
10, 4563, 21.704786607967385, 21.704786607967385, 'APPROACH-BLIND'
10, 4564, 21.714792698313016, 21.714792698313016, 'APPROACH-BLIND'
10, 4565, 21.724798788658646, 21.724798788658646, 'APPROACH-BLIND'
10, 4566, 21.734804879004276, 21.734804879004276, 'APPROACH-BLIND'
10, 4567, 21.744810969349906, 21.744810969349906, 'APPROACH-BLIND'
10, 4568, 21.754817059695537, 21.754817059695537, 'APPROACH-BLIND'
10, 4569, 21.764823150041167, 21.764823150041167, 'APPROACH-BLIND'
10, 4570, 21.774829240386797, 21.774829240386797, 'APPROACH-BLIND'
10, 4571, 21.784835330732427, 21.784835330732427, 'APPROACH-BLIND'
10, 4572, 21.794841421078058, 21.794841421078058, 'APPROACH-BLIND'
10, 4573, 21.804847511423688, 21.804847511423688, 'APPROACH-BLIND'
10, 4574, 21.814853601769318, 21.814853601769318, 'APPROACH-BLIND'
10, 4575, 21.81830289413929, 21.81830289413929, 'APPROACH-BLIND'
10, 4576, 21.82175218650926, 21.82175218650926, 'APPROACH-BLIND'
10, 4577, 21.825201478879233, 21.825201478879233, 'APPROACH-BLIND'
10, 4578, 21.828650771249205, 21.828650771249205, 'APPROACH-BLIND'
10, 4579, 21.832100063619176, 21.832100063619176, 'APPROACH-BLIND'
10, 4580, 21.835549355989148, 21.835549355989148, 'APPROACH-BLIND'
10, 4581, 21.83899864835912, 21.83899864835912, 'APPROACH-BLIND'
10, 4582, 21.84244794072909, 21.84244794072909, 'APPROACH-BLIND'
10, 4583, 21.845897233099063, 21.845897233099063, 'APPROACH-BLIND'
10, 4584, 21.849346525469034, 21.849346525469034, 'APPROACH-BLIND'
10, 4585, 21.852795817839006, 21.852795817839006, 'APPROACH-BLIND'
10, 4586, 21.856245110208977, 21.856245110208977, 'APPROACH-BLIND'
10, 4587, 21.85969440257895, 21.85969440257895, 'APPROACH-BLIND'
10, 4588, 21.86314369494892, 21.86314369494892, 'APPROACH-BLIND'
10, 4589, 21.866592987318892, 21.866592987318892, 'APPROACH-BLIND'
10, 4590, 21.870042279688864, 21.870042279688864, 'APPROACH-BLIND'
10, 4591, 21.873491572058835, 21.873491572058835, 'APPROACH-BLIND'
10, 4592, 21.876940864428807, 21.876940864428807, 'APPROACH-BLIND'
10, 4593, 21.88039015679878, 21.88039015679878, 'APPROACH-BLIND'
10, 4594, 21.88383944916875, 21.88383944916875, 'APPROACH-BLIND'
10, 4595, 21.887288741538722, 21.887288741538722, 'APPROACH-BLIND'
10, 4596, 21.890738033908693, 21.890738033908693, 'APPROACH-BLIND'
10, 4597, 21.894187326278665, 21.894187326278665, 'APPROACH-BLIND'
10, 4598, 21.897636618648637, 21.897636618648637, 'APPROACH-BLIND'
10, 4599, 21.90108591101861, 21.90108591101861, 'APPROACH-BLIND'
10, 4600, 21.90453520338858, 21.90453520338858, 'APPROACH-BLIND'
10, 4601, 21.90798449575855, 21.90798449575855, 'APPROACH-BLIND'
10, 4602, 21.911433788128523, 21.911433788128523, 'APPROACH-BLIND'
10, 4603, 21.914883080498495, 21.914883080498495, 'APPROACH-BLIND'
10, 4604, 21.918332372868466, 21.918332372868466, 'APPROACH-BLIND'
10, 4605, 21.921781665238438, 21.921781665238438, 'APPROACH-BLIND'
10, 4606, 21.92523095760841, 21.92523095760841, 'APPROACH-BLIND'
10, 4607, 21.92868024997838, 21.92868024997838, 'APPROACH-BLIND'
10, 4608, 21.932129542348353, 21.932129542348353, 'APPROACH-BLIND'
10, 4609, 21.935578834718324, 21.935578834718324, 'APPROACH-BLIND'
10, 4610, 21.939028127088296, 21.939028127088296, 'APPROACH-BLIND'
10, 4611, 21.940165984760185, 21.940165984760185, 'APPROACH-BLIND'
10, 4612, 21.941303842432074, 21.941303842432074, 'APPROACH-BLIND'
10, 4613, 21.942441700103963, 21.942441700103963, 'APPROACH-BLIND'
10, 4614, 21.943579557775852, 21.943579557775852, 'APPROACH-BLIND'
10, 4615, 21.94471741544774, 21.94471741544774, 'APPROACH-BLIND'
10, 4616, 21.94585527311963, 21.94585527311963, 'APPROACH-BLIND'
10, 4617, 21.94699313079152, 21.94699313079152, 'APPROACH-BLIND'
10, 4618, 21.948130988463408, 21.948130988463408, 'APPROACH-BLIND'
10, 4619, 21.949268846135297, 21.949268846135297, 'APPROACH-BLIND'
10, 4620, 21.950406703807186, 21.950406703807186, 'APPROACH-BLIND'
10, 4621, 21.951544561479075, 21.951544561479075, 'APPROACH-BLIND'
10, 4622, 21.952682419150964, 21.952682419150964, 'APPROACH-BLIND'
10, 4623, 21.953820276822853, 21.953820276822853, 'APPROACH-BLIND'
10, 4624, 21.954958134494742, 21.954958134494742, 'APPROACH-BLIND'
10, 4625, 21.95609599216663, 21.95609599216663, 'APPROACH-BLIND'
10, 4626, 21.95723384983852, 21.95723384983852, 'APPROACH-BLIND'
10, 4627, 21.95837170751041, 21.95837170751041, 'APPROACH-BLIND'
10, 4628, 21.959509565182298, 21.959509565182298, 'APPROACH-BLIND'
10, 4629, 21.960647422854187, 21.960647422854187, 'APPROACH-BLIND'
10, 4630, 21.961785280526076, 21.961785280526076, 'APPROACH-BLIND'
10, 4631, 21.962923138197965, 21.962923138197965, 'APPROACH-BLIND'
10, 4632, 21.964060995869854, 21.964060995869854, 'APPROACH-BLIND'
10, 4633, 21.965198853541743, 21.965198853541743, 'APPROACH-BLIND'
10, 4634, 21.966336711213632, 21.966336711213632, 'APPROACH-BLIND'
10, 4635, 21.96747456888552, 21.96747456888552, 'APPROACH-BLIND'
10, 4636, 21.96861242655741, 21.96861242655741, 'APPROACH-BLIND'
10, 4637, 21.9697502842293, 21.9697502842293, 'APPROACH-BLIND'
10, 4638, 21.970888141901188, 21.970888141901188, 'APPROACH-BLIND'
10, 4639, 21.972025999573077, 21.972025999573077, 'APPROACH-BLIND'
10, 4640, 21.973163857244966, 21.973163857244966, 'APPROACH-BLIND'
10, 4641, 21.974301714916855, 21.974301714916855, 'APPROACH-BLIND'
10, 4642, 21.975439572588744, 21.975439572588744, 'APPROACH-BLIND'
10, 4643, 21.976577430260633, 21.976577430260633, 'APPROACH-BLIND'
10, 4644, 21.977715287932522, 21.977715287932522, 'APPROACH-BLIND'
10, 4645, 21.97885314560441, 21.97885314560441, 'APPROACH-BLIND'
10, 4646, 21.9799910032763, 21.9799910032763, 'APPROACH-BLIND'
10, 4647, 21.980364480481846, 21.980364480481846, 'APPROACH-BLIND'
10, 4648, 21.980737957687392, 21.980737957687392, 'APPROACH-BLIND'
10, 4649, 21.981111434892938, 21.981111434892938, 'APPROACH-BLIND'
10, 4650, 21.981484912098484, 21.981484912098484, 'APPROACH-BLIND'
10, 4651, 21.98185838930403, 21.98185838930403, 'APPROACH-BLIND'
10, 4652, 21.982231866509576, 21.982231866509576, 'APPROACH-BLIND'
10, 4653, 21.98260534371512, 21.98260534371512, 'APPROACH-BLIND'
10, 4654, 21.982978820920664, 21.982978820920664, 'APPROACH-BLIND'
10, 4655, 21.98335229812621, 21.98335229812621, 'APPROACH-BLIND'
10, 4656, 21.983725775331752, 21.983725775331752, 'APPROACH-BLIND'
10, 4657, 21.9840992525373, 21.9840992525373, 'APPROACH-BLIND'
10, 4658, 21.98447272974284, 21.98447272974284, 'APPROACH-BLIND'
10, 4659, 21.984846206948387, 21.984846206948387, 'APPROACH-BLIND'
10, 4660, 21.98521968415393, 21.98521968415393, 'APPROACH-BLIND'
10, 4661, 21.985593161359475, 21.985593161359475, 'APPROACH-BLIND'
10, 4662, 21.985966638565017, 21.985966638565017, 'APPROACH-BLIND'
10, 4663, 21.986340115770563, 21.986340115770563, 'APPROACH-BLIND'
10, 4664, 21.98671359297611, 21.98671359297611, 'APPROACH-BLIND'
10, 4665, 21.98708707018165, 21.98708707018165, 'APPROACH-BLIND'
10, 4666, 21.987460547387197, 21.987460547387197, 'APPROACH-BLIND'
10, 4667, 21.98783402459274, 21.98783402459274, 'APPROACH-BLIND'
10, 4668, 21.988207501798286, 21.988207501798286, 'APPROACH-BLIND'
10, 4669, 21.988580979003828, 21.988580979003828, 'APPROACH-BLIND'
10, 4670, 21.988954456209374, 21.988954456209374, 'APPROACH-BLIND'
10, 4671, 21.989327933414916, 21.989327933414916, 'APPROACH-BLIND'
10, 4672, 21.989701410620462, 21.989701410620462, 'APPROACH-BLIND'
10, 4673, 21.990074887826005, 21.990074887826005, 'APPROACH-BLIND'
10, 4674, 21.99044836503155, 21.99044836503155, 'APPROACH-BLIND'
10, 4675, 21.990821842237093, 21.990821842237093, 'APPROACH-BLIND'
10, 4676, 21.99119531944264, 21.99119531944264, 'APPROACH-BLIND'
10, 4677, 21.99156879664818, 21.99156879664818, 'APPROACH-BLIND'
10, 4678, 21.991942273853727, 21.991942273853727, 'APPROACH-BLIND'
10, 4679, 21.99231575105927, 21.99231575105927, 'APPROACH-BLIND'
10, 4680, 21.992689228264815, 21.992689228264815, 'APPROACH-BLIND'
10, 4681, 21.993062705470358, 21.993062705470358, 'APPROACH-BLIND'
10, 4682, 21.993436182675904, 21.993436182675904, 'APPROACH-BLIND'
10, 4683, 21.99355870181226, 21.99355870181226, 'APPROACH-BLIND'
10, 4684, 21.993681220948613, 21.993681220948613, 'APPROACH-BLIND'
10, 4685, 21.993803740084967, 21.993803740084967, 'APPROACH-BLIND'
10, 4686, 21.993926259221322, 21.993926259221322, 'APPROACH-BLIND'
10, 4687, 21.994048778357676, 21.994048778357676, 'APPROACH-BLIND'
10, 4688, 21.99417129749403, 21.99417129749403, 'APPROACH-BLIND'
10, 4689, 21.994293816630385, 21.994293816630385, 'APPROACH-BLIND'
10, 4690, 21.99441633576674, 21.99441633576674, 'APPROACH-BLIND'
10, 4691, 21.994538854903094, 21.994538854903094, 'APPROACH-BLIND'
10, 4692, 21.99466137403945, 21.99466137403945, 'APPROACH-BLIND'
10, 4693, 21.994783893175804, 21.994783893175804, 'APPROACH-BLIND'
10, 4694, 21.994906412312158, 21.994906412312158, 'APPROACH-BLIND'
10, 4695, 21.995028931448513, 21.995028931448513, 'APPROACH-BLIND'
10, 4696, 21.995151450584867, 21.995151450584867, 'APPROACH-BLIND'
10, 4697, 21.99527396972122, 21.99527396972122, 'APPROACH-BLIND'
10, 4698, 21.995396488857576, 21.995396488857576, 'APPROACH-BLIND'
10, 4699, 21.99551900799393, 21.99551900799393, 'APPROACH-BLIND'
10, 4700, 21.995641527130285, 21.995641527130285, 'APPROACH-BLIND'
10, 4701, 21.99576404626664, 21.99576404626664, 'APPROACH-BLIND'
10, 4702, 21.995886565402994, 21.995886565402994, 'APPROACH-BLIND'
10, 4703, 21.99600908453935, 21.99600908453935, 'APPROACH-BLIND'
10, 4704, 21.996131603675703, 21.996131603675703, 'APPROACH-BLIND'
10, 4705, 21.996254122812058, 21.996254122812058, 'APPROACH-BLIND'
10, 4706, 21.996376641948412, 21.996376641948412, 'APPROACH-BLIND'
10, 4707, 21.996499161084767, 21.996499161084767, 'APPROACH-BLIND'
10, 4708, 21.99662168022112, 21.99662168022112, 'APPROACH-BLIND'
10, 4709, 21.996744199357476, 21.996744199357476, 'APPROACH-BLIND'
10, 4710, 21.99686671849383, 21.99686671849383, 'APPROACH-BLIND'
10, 4711, 21.996989237630185, 21.996989237630185, 'APPROACH-BLIND'
10, 4712, 21.99711175676654, 21.99711175676654, 'APPROACH-BLIND'
10, 4713, 21.99723427590289, 21.99723427590289, 'APPROACH-BLIND'
10, 4714, 21.997356795039245, 21.997356795039245, 'APPROACH-BLIND'
10, 4715, 21.997479314175596, 21.997479314175596, 'APPROACH-BLIND'
10, 4716, 21.99760183331195, 21.99760183331195, 'APPROACH-BLIND'
10, 4717, 21.9977243524483, 21.9977243524483, 'APPROACH-BLIND'
10, 4718, 21.997846871584656, 21.997846871584656, 'APPROACH-BLIND'
10, 4719, 21.99788706161227, 21.99788706161227, 'APPROACH-BLIND'
10, 4720, 21.997927251639886, 21.997927251639886, 'APPROACH-BLIND'
10, 4721, 21.9979674416675, 21.9979674416675, 'APPROACH-BLIND'
10, 4722, 21.998007631695117, 21.998007631695117, 'APPROACH-BLIND'
10, 4723, 21.998047821722732, 21.998047821722732, 'APPROACH-BLIND'
10, 4724, 21.998088011750347, 21.998088011750347, 'APPROACH-BLIND'
10, 4725, 21.998128201777963, 21.998128201777963, 'APPROACH-BLIND'
10, 4726, 21.998168391805578, 21.998168391805578, 'APPROACH-BLIND'
10, 4727, 21.998208581833193, 21.998208581833193, 'APPROACH-BLIND'
10, 4728, 21.99824877186081, 21.99824877186081, 'APPROACH-BLIND'
10, 4729, 21.998288961888424, 21.998288961888424, 'APPROACH-BLIND'
10, 4730, 21.99832915191604, 21.99832915191604, 'APPROACH-BLIND'
10, 4731, 21.998369341943654, 21.998369341943654, 'APPROACH-BLIND'
10, 4732, 21.99840953197127, 21.99840953197127, 'APPROACH-BLIND'
10, 4733, 21.998449721998885, 21.998449721998885, 'APPROACH-BLIND'
10, 4734, 21.9984899120265, 21.9984899120265, 'APPROACH-BLIND'
10, 4735, 21.99853010205412, 21.99853010205412, 'APPROACH-BLIND'
10, 4736, 21.998570292081734, 21.998570292081734, 'APPROACH-BLIND'
10, 4737, 21.998610482109353, 21.998610482109353, 'APPROACH-BLIND'
10, 4738, 21.998650672136968, 21.998650672136968, 'APPROACH-BLIND'
10, 4739, 21.998690862164587, 21.998690862164587, 'APPROACH-BLIND'
10, 4740, 21.998731052192202, 21.998731052192202, 'APPROACH-BLIND'
10, 4741, 21.99877124221982, 21.99877124221982, 'APPROACH-BLIND'
10, 4742, 21.998811432247436, 21.998811432247436, 'APPROACH-BLIND'
10, 4743, 21.998851622275055, 21.998851622275055, 'APPROACH-BLIND'
10, 4744, 21.99889181230267, 21.99889181230267, 'APPROACH-BLIND'
10, 4745, 21.99893200233029, 21.99893200233029, 'APPROACH-BLIND'
10, 4746, 21.998972192357904, 21.998972192357904, 'APPROACH-BLIND'
10, 4747, 21.999012382385523, 21.999012382385523, 'APPROACH-BLIND'
10, 4748, 21.999052572413138, 21.999052572413138, 'APPROACH-BLIND'
10, 4749, 21.999092762440757, 21.999092762440757, 'APPROACH-BLIND'
10, 4750, 21.999132952468372, 21.999132952468372, 'APPROACH-BLIND'
10, 4751, 21.99917314249599, 21.99917314249599, 'APPROACH-BLIND'
10, 4752, 21.999213332523606, 21.999213332523606, 'APPROACH-BLIND'
10, 4753, 21.999253522551225, 21.999253522551225, 'APPROACH-BLIND'
10, 4754, 21.99929371257884, 21.99929371257884, 'APPROACH-BLIND'
10, 4755, 21.999306896055174, 21.999306896055174, 'APPROACH-BLIND'
10, 4756, 21.999320079531508, 21.999320079531508, 'APPROACH-BLIND'
10, 4757, 21.99933326300784, 21.99933326300784, 'APPROACH-BLIND'
10, 4758, 21.999346446484175, 21.999346446484175, 'APPROACH-BLIND'
10, 4759, 21.99935962996051, 21.99935962996051, 'APPROACH-BLIND'
10, 4760, 21.999372813436842, 21.999372813436842, 'APPROACH-BLIND'
10, 4761, 21.99938599691318, 21.99938599691318, 'APPROACH-BLIND'
10, 4762, 21.999399180389513, 21.999399180389513, 'APPROACH-BLIND'
10, 4763, 21.99941236386585, 21.99941236386585, 'APPROACH-BLIND'
10, 4764, 21.999425547342184, 21.999425547342184, 'APPROACH-BLIND'
10, 4765, 21.99943873081852, 21.99943873081852, 'APPROACH-BLIND'
10, 4766, 21.999451914294855, 21.999451914294855, 'APPROACH-BLIND'
10, 4767, 21.999465097771193, 21.999465097771193, 'APPROACH-BLIND'
10, 4768, 21.999478281247526, 21.999478281247526, 'APPROACH-BLIND'
10, 4769, 21.999491464723864, 21.999491464723864, 'APPROACH-BLIND'
10, 4770, 21.999504648200197, 21.999504648200197, 'APPROACH-BLIND'
10, 4771, 21.999517831676535, 21.999517831676535, 'APPROACH-BLIND'
10, 4772, 21.99953101515287, 21.99953101515287, 'APPROACH-BLIND'
10, 4773, 21.999544198629206, 21.999544198629206, 'APPROACH-BLIND'
10, 4774, 21.99955738210554, 21.99955738210554, 'APPROACH-BLIND'
10, 4775, 21.999570565581877, 21.999570565581877, 'APPROACH-BLIND'
10, 4776, 21.99958374905821, 21.99958374905821, 'APPROACH-BLIND'
10, 4777, 21.999596932534548, 21.999596932534548, 'APPROACH-BLIND'
10, 4778, 21.99961011601088, 21.99961011601088, 'APPROACH-BLIND'
10, 4779, 21.99962329948722, 21.99962329948722, 'APPROACH-BLIND'
10, 4780, 21.999636482963552, 21.999636482963552, 'APPROACH-BLIND'
10, 4781, 21.99964966643989, 21.99964966643989, 'APPROACH-BLIND'
10, 4782, 21.999662849916223, 21.999662849916223, 'APPROACH-BLIND'
10, 4783, 21.99967603339256, 21.99967603339256, 'APPROACH-BLIND'
10, 4784, 21.999689216868894, 21.999689216868894, 'APPROACH-BLIND'
10, 4785, 21.99970240034523, 21.99970240034523, 'APPROACH-BLIND'
10, 4786, 21.999715583821565, 21.999715583821565, 'APPROACH-BLIND'
10, 4787, 21.999728767297903, 21.999728767297903, 'APPROACH-BLIND'
10, 4788, 21.999741950774236, 21.999741950774236, 'APPROACH-BLIND'
10, 4789, 21.999755134250574, 21.999755134250574, 'APPROACH-BLIND'
10, 4790, 21.999768317726907, 21.999768317726907, 'APPROACH-BLIND'
10, 4791, 21.99977264228055, 21.99977264228055, 'APPROACH-BLIND'
10, 4792, 21.999776966834194, 21.999776966834194, 'APPROACH-BLIND'
10, 4793, 21.999781291387837, 21.999781291387837, 'APPROACH-BLIND'
10, 4794, 21.99978561594148, 21.99978561594148, 'APPROACH-BLIND'
10, 4795, 21.999789940495123, 21.999789940495123, 'APPROACH-BLIND'
10, 4796, 21.999794265048767, 21.999794265048767, 'APPROACH-BLIND'
10, 4797, 21.99979858960241, 21.99979858960241, 'APPROACH-BLIND'
10, 4798, 21.999802914156053, 21.999802914156053, 'APPROACH-BLIND'
10, 4799, 21.999807238709696, 21.999807238709696, 'APPROACH-BLIND'
10, 4800, 21.99981156326334, 21.99981156326334, 'APPROACH-BLIND'
10, 4801, 21.999815887816982, 21.999815887816982, 'APPROACH-BLIND'
10, 4802, 21.999820212370626, 21.999820212370626, 'APPROACH-BLIND'
10, 4803, 21.99982453692427, 21.99982453692427, 'APPROACH-BLIND'
10, 4804, 21.999828861477912, 21.999828861477912, 'APPROACH-BLIND'
10, 4805, 21.999833186031555, 21.999833186031555, 'APPROACH-BLIND'
10, 4806, 21.9998375105852, 21.9998375105852, 'APPROACH-BLIND'
10, 4807, 21.99984183513884, 21.99984183513884, 'APPROACH-BLIND'
10, 4808, 21.999846159692485, 21.999846159692485, 'APPROACH-BLIND'
10, 4809, 21.999850484246128, 21.999850484246128, 'APPROACH-BLIND'
10, 4810, 21.99985480879977, 21.99985480879977, 'APPROACH-BLIND'
10, 4811, 21.999859133353414, 21.999859133353414, 'APPROACH-BLIND'
10, 4812, 21.999863457907058, 21.999863457907058, 'APPROACH-BLIND'
10, 4813, 21.9998677824607, 21.9998677824607, 'APPROACH-BLIND'
10, 4814, 21.999872107014344, 21.999872107014344, 'APPROACH-BLIND'
10, 4815, 21.999876431567987, 21.999876431567987, 'APPROACH-BLIND'
10, 4816, 21.99988075612163, 21.99988075612163, 'APPROACH-BLIND'
10, 4817, 21.999885080675273, 21.999885080675273, 'APPROACH-BLIND'
10, 4818, 21.999889405228917, 21.999889405228917, 'APPROACH-BLIND'
10, 4819, 21.99989372978256, 21.99989372978256, 'APPROACH-BLIND'
10, 4820, 21.999898054336203, 21.999898054336203, 'APPROACH-BLIND'
10, 4821, 21.999902378889846, 21.999902378889846, 'APPROACH-BLIND'
10, 4822, 21.99990670344349, 21.99990670344349, 'APPROACH-BLIND'
10, 4823, 21.999911027997133, 21.999911027997133, 'APPROACH-BLIND'
10, 4824, 21.999915352550776, 21.999915352550776, 'APPROACH-BLIND'
10, 4825, 21.99991967710442, 21.99991967710442, 'APPROACH-BLIND'
10, 4826, 21.999924001658062, 21.999924001658062, 'APPROACH-BLIND'
10, 4827, 21.999925420234042, 21.999925420234042, 'APPROACH-BLIND'
10, 4828, 21.999926838810023, 21.999926838810023, 'APPROACH-BLIND'
10, 4829, 21.999928257386003, 21.999928257386003, 'APPROACH-BLIND'
10, 4830, 21.999929675961983, 21.999929675961983, 'APPROACH-BLIND'
10, 4831, 21.999931094537963, 21.999931094537963, 'APPROACH-BLIND'
10, 4832, 21.999932513113944, 21.999932513113944, 'APPROACH-BLIND'
10, 4833, 21.999933931689924, 21.999933931689924, 'APPROACH-BLIND'
10, 4834, 21.999935350265904, 21.999935350265904, 'APPROACH-BLIND'
10, 4835, 21.999936768841884, 21.999936768841884, 'APPROACH-BLIND'
10, 4836, 21.999938187417865, 21.999938187417865, 'APPROACH-BLIND'
10, 4837, 21.999939605993845, 21.999939605993845, 'APPROACH-BLIND'
10, 4838, 21.999941024569825, 21.999941024569825, 'APPROACH-BLIND'
10, 4839, 21.999942443145805, 21.999942443145805, 'APPROACH-BLIND'
10, 4840, 21.999943861721786, 21.999943861721786, 'APPROACH-BLIND'
10, 4841, 21.999945280297766, 21.999945280297766, 'APPROACH-BLIND'
10, 4842, 21.999946698873746, 21.999946698873746, 'APPROACH-BLIND'
10, 4843, 21.999948117449726, 21.999948117449726, 'APPROACH-BLIND'
10, 4844, 21.999949536025706, 21.999949536025706, 'APPROACH-BLIND'
10, 4845, 21.999950954601687, 21.999950954601687, 'APPROACH-BLIND'
10, 4846, 21.999952373177667, 21.999952373177667, 'APPROACH-BLIND'
10, 4847, 21.999953791753644, 21.999953791753644, 'APPROACH-BLIND'
10, 4848, 21.999955210329624, 21.999955210329624, 'APPROACH-BLIND'
10, 4849, 21.9999566289056, 21.9999566289056, 'APPROACH-BLIND'
10, 4850, 21.99995804748158, 21.99995804748158, 'APPROACH-BLIND'
10, 4851, 21.999959466057557, 21.999959466057557, 'APPROACH-BLIND'
10, 4852, 21.999960884633538, 21.999960884633538, 'APPROACH-BLIND'
10, 4853, 21.999962303209514, 21.999962303209514, 'APPROACH-BLIND'
10, 4854, 21.999963721785495, 21.999963721785495, 'APPROACH-BLIND'
10, 4855, 21.99996514036147, 21.99996514036147, 'APPROACH-BLIND'
10, 4856, 21.99996655893745, 21.99996655893745, 'APPROACH-BLIND'
10, 4857, 21.99996797751343, 21.99996797751343, 'APPROACH-BLIND'
10, 4858, 21.99996939608941, 21.99996939608941, 'APPROACH-BLIND'
10, 4859, 21.999970814665385, 21.999970814665385, 'APPROACH-BLIND'
10, 4860, 21.999972233241365, 21.999972233241365, 'APPROACH-BLIND'
10, 4861, 21.999973651817342, 21.999973651817342, 'APPROACH-BLIND'
10, 4862, 21.999975070393322, 21.999975070393322, 'APPROACH-BLIND'
10, 4863, 21.999975535726385, 21.999975535726385, 'APPROACH-BLIND'
10, 4864, 21.999976001059448, 21.999976001059448, 'APPROACH-BLIND'
10, 4865, 21.99997646639251, 21.99997646639251, 'APPROACH-BLIND'
10, 4866, 21.999976931725573, 21.999976931725573, 'APPROACH-BLIND'
10, 4867, 21.999977397058636, 21.999977397058636, 'APPROACH-BLIND'
10, 4868, 21.9999778623917, 21.9999778623917, 'APPROACH-BLIND'
10, 4869, 21.99997832772476, 21.99997832772476, 'APPROACH-BLIND'
10, 4870, 21.999978793057824, 21.999978793057824, 'APPROACH-BLIND'
10, 4871, 21.999979258390887, 21.999979258390887, 'APPROACH-BLIND'
10, 4872, 21.99997972372395, 21.99997972372395, 'APPROACH-BLIND'
10, 4873, 21.999980189057013, 21.999980189057013, 'APPROACH-BLIND'
10, 4874, 21.999980654390075, 21.999980654390075, 'APPROACH-BLIND'
10, 4875, 21.999981119723138, 21.999981119723138, 'APPROACH-BLIND'
10, 4876, 21.9999815850562, 21.9999815850562, 'APPROACH-BLIND'
10, 4877, 21.999982050389264, 21.999982050389264, 'APPROACH-BLIND'
10, 4878, 21.999982515722326, 21.999982515722326, 'APPROACH-BLIND'
10, 4879, 21.99998298105539, 21.99998298105539, 'APPROACH-BLIND'
10, 4880, 21.999983446388452, 21.999983446388452, 'APPROACH-BLIND'
10, 4881, 21.999983911721515, 21.999983911721515, 'APPROACH-BLIND'
10, 4882, 21.999984377054577, 21.999984377054577, 'APPROACH-BLIND'
10, 4883, 21.99998484238764, 21.99998484238764, 'APPROACH-BLIND'
10, 4884, 21.999985307720703, 21.999985307720703, 'APPROACH-BLIND'
10, 4885, 21.999985773053766, 21.999985773053766, 'APPROACH-BLIND'
10, 4886, 21.99998623838683, 21.99998623838683, 'APPROACH-BLIND'
10, 4887, 21.99998670371989, 21.99998670371989, 'APPROACH-BLIND'
10, 4888, 21.999987169052954, 21.999987169052954, 'APPROACH-BLIND'
10, 4889, 21.999987634386017, 21.999987634386017, 'APPROACH-BLIND'
10, 4890, 21.99998809971908, 21.99998809971908, 'APPROACH-BLIND'
10, 4891, 21.999988565052142, 21.999988565052142, 'APPROACH-BLIND'
10, 4892, 21.999989030385205, 21.999989030385205, 'APPROACH-BLIND'
10, 4893, 21.999989495718268, 21.999989495718268, 'APPROACH-BLIND'
10, 4894, 21.99998996105133, 21.99998996105133, 'APPROACH-BLIND'
10, 4895, 21.999990426384393, 21.999990426384393, 'APPROACH-BLIND'
10, 4896, 21.999990891717456, 21.999990891717456, 'APPROACH-BLIND'
10, 4897, 21.99999135705052, 21.99999135705052, 'APPROACH-BLIND'
10, 4898, 21.99999182238358, 21.99999182238358, 'APPROACH-BLIND'
10, 4899, 21.999991975025992, 21.999991975025992, 'APPROACH-BLIND'
10, 4900, 21.999992127668403, 21.999992127668403, 'APPROACH-BLIND'
10, 4901, 21.999992280310813, 21.999992280310813, 'APPROACH-BLIND'
10, 4902, 21.999992432953224, 21.999992432953224, 'APPROACH-BLIND'
10, 4903, 21.999992585595635, 21.999992585595635, 'APPROACH-BLIND'
10, 4904, 21.999992738238046, 21.999992738238046, 'APPROACH-BLIND'
10, 4905, 21.999992890880456, 21.999992890880456, 'APPROACH-BLIND'
10, 4906, 21.999993043522867, 21.999993043522867, 'APPROACH-BLIND'
10, 4907, 21.999993196165278, 21.999993196165278, 'APPROACH-BLIND'
10, 4908, 21.99999334880769, 21.99999334880769, 'APPROACH-BLIND'
10, 4909, 21.9999935014501, 21.9999935014501, 'APPROACH-BLIND'
10, 4910, 21.999993577771306, 21.999993577771306, 'APPROACH-STEALTH'
10, 4911, 21.999993654092513, 21.999993654092513, 'APPROACH-STEALTH'
10, 4912, 21.99999373041372, 21.99999373041372, 'APPROACH-STEALTH'
10, 4913, 21.999993806734928, 21.999993806734928, 'APPROACH-STEALTH'
10, 4914, 21.999993883056135, 21.999993883056135, 'APPROACH-STEALTH'
10, 4915, 21.999993959377342, 21.999993959377342, 'APPROACH-STEALTH'
10, 4916, 21.99999403569855, 21.99999403569855, 'APPROACH-STEALTH'
10, 4917, 21.999994112019756, 21.999994112019756, 'APPROACH-STEALTH'
10, 4918, 21.999994188340963, 21.999994188340963, 'APPROACH-STEALTH'
10, 4919, 21.99999426466217, 21.99999426466217, 'APPROACH-STEALTH'
10, 4920, 21.999994340983378, 21.999994340983378, 'APPROACH-STEALTH'
10, 4921, 21.999994417304585, 21.999994417304585, 'APPROACH-STEALTH'
10, 4922, 21.999994493625792, 21.999994493625792, 'APPROACH-STEALTH'
10, 4923, 21.999994569947, 21.999994569947, 'APPROACH-STEALTH'
10, 4924, 21.999994646268206, 21.999994646268206, 'APPROACH-STEALTH'
10, 4925, 21.999994722589413, 21.999994722589413, 'APPROACH-STEALTH'
10, 4926, 21.99999479891062, 21.99999479891062, 'APPROACH-STEALTH'
10, 4927, 21.999994875231828, 21.999994875231828, 'APPROACH-STEALTH'
10, 4928, 21.999994951553035, 21.999994951553035, 'APPROACH-STEALTH'
10, 4929, 21.99999502787424, 21.99999502787424, 'APPROACH-STEALTH'
10, 4930, 21.999995180516652, 21.999995180516652, 'APPROACH-BLIND'
10, 4931, 21.999995333159063, 21.999995333159063, 'APPROACH-BLIND'
10, 4932, 21.99999540948027, 21.99999540948027, 'APPROACH-STEALTH'
10, 4933, 21.999995485801477, 21.999995485801477, 'APPROACH-STEALTH'
10, 4934, 21.999995562122685, 21.999995562122685, 'APPROACH-STEALTH'
10, 4935, 21.99999563844389, 21.99999563844389, 'APPROACH-STEALTH'
10, 4936, 21.9999957147651, 21.9999957147651, 'APPROACH-STEALTH'
10, 4937, 21.999995791086306, 21.999995791086306, 'APPROACH-STEALTH'
10, 4938, 21.999995867407513, 21.999995867407513, 'APPROACH-STEALTH'
10, 4939, 21.99999594372872, 21.99999594372872, 'APPROACH-STEALTH'
10, 4940, 21.999996020049927, 21.999996020049927, 'APPROACH-STEALTH'
10, 4941, 21.999996096371135, 21.999996096371135, 'APPROACH-STEALTH'
10, 4942, 21.99999617269234, 21.99999617269234, 'APPROACH-STEALTH'
10, 4943, 21.99999624901355, 21.99999624901355, 'APPROACH-STEALTH'
10, 4944, 21.999996325334756, 21.999996325334756, 'APPROACH-STEALTH'
10, 4945, 21.999996401655963, 21.999996401655963, 'APPROACH-STEALTH'
10, 4946, 21.99999647797717, 21.99999647797717, 'APPROACH-STEALTH'
10, 4947, 21.999996554298377, 21.999996554298377, 'APPROACH-STEALTH'
10, 4948, 21.999996630619584, 21.999996630619584, 'APPROACH-STEALTH'
10, 4949, 21.99999670694079, 21.99999670694079, 'APPROACH-STEALTH'
10, 4950, 21.999996783262, 21.999996783262, 'APPROACH-STEALTH'
10, 4951, 21.999996859583206, 21.999996859583206, 'APPROACH-STEALTH'
10, 4952, 21.99999693590441, 21.99999693590441, 'APPROACH-STEALTH'
10, 4953, 21.999997012225617, 21.999997012225617, 'APPROACH-STEALTH'
10, 4954, 21.99999708854682, 21.99999708854682, 'APPROACH-STEALTH'
10, 4955, 21.999997164868027, 21.999997164868027, 'APPROACH-STEALTH'
10, 4956, 21.99999724118923, 21.99999724118923, 'APPROACH-STEALTH'
10, 4957, 21.999997317510438, 21.999997317510438, 'APPROACH-STEALTH'
10, 4958, 21.999997342545953, 21.999997342545953, 'APPROACH-STEALTH'
10, 4959, 21.999997367581468, 21.999997367581468, 'APPROACH-STEALTH'
10, 4960, 21.999997392616983, 21.999997392616983, 'APPROACH-STEALTH'
10, 4961, 21.999997417652498, 21.999997417652498, 'APPROACH-STEALTH'
10, 4962, 21.999997442688013, 21.999997442688013, 'APPROACH-STEALTH'
10, 4963, 21.999997467723528, 21.999997467723528, 'APPROACH-STEALTH'
10, 4964, 21.999997492759043, 21.999997492759043, 'APPROACH-STEALTH'
10, 4965, 21.999997517794558, 21.999997517794558, 'APPROACH-STEALTH'
10, 4966, 21.999997542830073, 21.999997542830073, 'APPROACH-STEALTH'
10, 4967, 21.999997567865588, 21.999997567865588, 'APPROACH-STEALTH'
10, 4968, 21.999997592901103, 21.999997592901103, 'APPROACH-STEALTH'
10, 4969, 21.999997617936618, 21.999997617936618, 'APPROACH-STEALTH'
10, 4970, 21.999997642972133, 21.999997642972133, 'APPROACH-STEALTH'
10, 4971, 21.999997668007648, 21.999997668007648, 'APPROACH-STEALTH'
10, 4972, 21.999997693043163, 21.999997693043163, 'APPROACH-STEALTH'
10, 4973, 21.999997718078678, 21.999997718078678, 'APPROACH-STEALTH'
10, 4974, 21.999997743114193, 21.999997743114193, 'APPROACH-STEALTH'
10, 4975, 21.999997768149708, 21.999997768149708, 'APPROACH-STEALTH'
10, 4976, 21.999997793185223, 21.999997793185223, 'APPROACH-STEALTH'
10, 4977, 21.999997818220738, 21.999997818220738, 'APPROACH-STEALTH'
10, 4978, 21.999997843256253, 21.999997843256253, 'APPROACH-STEALTH'
10, 4979, 21.999997868291768, 21.999997868291768, 'APPROACH-STEALTH'
10, 4980, 21.999997893327283, 21.999997893327283, 'APPROACH-STEALTH'
10, 4981, 21.999997918362798, 21.999997918362798, 'APPROACH-STEALTH'
10, 4982, 21.999997943398313, 21.999997943398313, 'APPROACH-STEALTH'
10, 4983, 21.999997968433828, 21.999997968433828, 'APPROACH-STEALTH'
10, 4984, 21.999997993469343, 21.999997993469343, 'APPROACH-STEALTH'
10, 4985, 21.999998018504858, 21.999998018504858, 'APPROACH-STEALTH'
10, 4986, 21.999998043540373, 21.999998043540373, 'APPROACH-STEALTH'
10, 4987, 21.999998068575888, 21.999998068575888, 'APPROACH-STEALTH'
10, 4988, 21.999998093611403, 21.999998093611403, 'APPROACH-STEALTH'
10, 4989, 21.999998118646918, 21.999998118646918, 'APPROACH-STEALTH'
10, 4990, 21.999998143682433, 21.999998143682433, 'APPROACH-STEALTH'
10, 4991, 21.999998168717948, 21.999998168717948, 'APPROACH-STEALTH'
10, 4992, 21.999998193753463, 21.999998193753463, 'APPROACH-STEALTH'
10, 4993, 21.999998218788978, 21.999998218788978, 'APPROACH-STEALTH'
10, 4994, 21.999998243824493, 21.999998243824493, 'APPROACH-STEALTH'
10, 4995, 21.999998268860008, 21.999998268860008, 'APPROACH-STEALTH'
10, 4996, 21.999998293895523, 21.999998293895523, 'APPROACH-STEALTH'
10, 4997, 21.999998318931038, 21.999998318931038, 'APPROACH-STEALTH'
10, 4998, 21.999998343966553, 21.999998343966553, 'APPROACH-STEALTH'
10, 4999, 21.999998369002068, 21.999998369002068, 'APPROACH-STEALTH'
10, 5000, 21.999998394037583, 21.999998394037583, 'APPROACH-STEALTH'
10, 5001, 21.999998419073098, 21.999998419073098, 'APPROACH-STEALTH'
10, 5002, 21.999998444108613, 21.999998444108613, 'APPROACH-STEALTH'
10, 5003, 21.999998469144128, 21.999998469144128, 'APPROACH-STEALTH'
10, 5004, 21.999998494179643, 21.999998494179643, 'APPROACH-STEALTH'
10, 5005, 21.999998519215158, 21.999998519215158, 'APPROACH-STEALTH'
10, 5006, 21.999998544250673, 21.999998544250673, 'APPROACH-STEALTH'
10, 5007, 21.999998569286188, 21.999998569286188, 'APPROACH-STEALTH'
10, 5008, 21.999998594321703, 21.999998594321703, 'APPROACH-STEALTH'
10, 5009, 21.999998619357218, 21.999998619357218, 'APPROACH-STEALTH'
10, 5010, 21.999998644392733, 21.999998644392733, 'APPROACH-STEALTH'
10, 5011, 21.999998669428248, 21.999998669428248, 'APPROACH-STEALTH'
10, 5012, 21.999998694463763, 21.999998694463763, 'APPROACH-STEALTH'
10, 5013, 21.999998719499278, 21.999998719499278, 'APPROACH-STEALTH'
10, 5014, 21.999998744534793, 21.999998744534793, 'APPROACH-STEALTH'
10, 5015, 21.999998769570308, 21.999998769570308, 'APPROACH-STEALTH'
10, 5016, 21.999998794605823, 21.999998794605823, 'APPROACH-STEALTH'
10, 5017, 21.999998819641338, 21.999998819641338, 'APPROACH-STEALTH'
10, 5018, 21.999998844676853, 21.999998844676853, 'APPROACH-STEALTH'
10, 5019, 21.999998869712368, 21.999998869712368, 'APPROACH-STEALTH'
10, 5020, 21.999998894747883, 21.999998894747883, 'APPROACH-STEALTH'
10, 5021, 21.999998919783398, 21.999998919783398, 'APPROACH-STEALTH'
10, 5022, 21.999998944818913, 21.999998944818913, 'APPROACH-STEALTH'
10, 5023, 21.999998969854428, 21.999998969854428, 'APPROACH-STEALTH'
10, 5024, 21.999998994889943, 21.999998994889943, 'APPROACH-STEALTH'
10, 5025, 21.999999019925458, 21.999999019925458, 'APPROACH-STEALTH'
10, 5026, 21.999999044960973, 21.999999044960973, 'APPROACH-STEALTH'
10, 5027, 21.999999069996488, 21.999999069996488, 'APPROACH-STEALTH'
10, 5028, 21.999999095032003, 21.999999095032003, 'APPROACH-STEALTH'
10, 5029, 21.999999120067518, 21.999999120067518, 'APPROACH-STEALTH'
10, 5030, 21.999999128279875, 21.999999128279875, 'APPROACH-STEALTH'
10, 5031, 21.99999913649223, 21.99999913649223, 'APPROACH-STEALTH'
10, 5032, 21.99999914470459, 21.99999914470459, 'APPROACH-STEALTH'
10, 5033, 21.999999152916946, 21.999999152916946, 'APPROACH-STEALTH'
10, 5034, 21.999999161129303, 21.999999161129303, 'APPROACH-STEALTH'
10, 5035, 21.99999916934166, 21.99999916934166, 'APPROACH-STEALTH'
10, 5036, 21.999999177554017, 21.999999177554017, 'APPROACH-STEALTH'
10, 5037, 21.999999185766374, 21.999999185766374, 'APPROACH-STEALTH'
10, 5038, 21.99999919397873, 21.99999919397873, 'APPROACH-STEALTH'
10, 5039, 21.999999202191088, 21.999999202191088, 'APPROACH-STEALTH'
10, 5040, 21.999999210403445, 21.999999210403445, 'APPROACH-STEALTH'
10, 5041, 21.9999992186158, 21.9999992186158, 'APPROACH-STEALTH'
10, 5042, 21.99999922682816, 21.99999922682816, 'APPROACH-STEALTH'
10, 5043, 21.999999235040516, 21.999999235040516, 'APPROACH-STEALTH'
10, 5044, 21.999999243252873, 21.999999243252873, 'APPROACH-STEALTH'
10, 5045, 21.99999925146523, 21.99999925146523, 'APPROACH-STEALTH'
10, 5046, 21.999999259677587, 21.999999259677587, 'APPROACH-STEALTH'
10, 5047, 21.999999267889944, 21.999999267889944, 'APPROACH-STEALTH'
10, 5048, 21.9999992761023, 21.9999992761023, 'APPROACH-STEALTH'
10, 5049, 21.999999284314658, 21.999999284314658, 'APPROACH-STEALTH'
10, 5050, 21.999999292527015, 21.999999292527015, 'APPROACH-STEALTH'
10, 5051, 21.999999300739372, 21.999999300739372, 'APPROACH-STEALTH'
10, 5052, 21.99999930895173, 21.99999930895173, 'APPROACH-STEALTH'
10, 5053, 21.999999317164086, 21.999999317164086, 'APPROACH-STEALTH'
10, 5054, 21.999999325376443, 21.999999325376443, 'APPROACH-STEALTH'
10, 5055, 21.9999993335888, 21.9999993335888, 'APPROACH-STEALTH'
10, 5056, 21.999999341801157, 21.999999341801157, 'APPROACH-STEALTH'
10, 5057, 21.999999350013514, 21.999999350013514, 'APPROACH-STEALTH'
10, 5058, 21.99999935822587, 21.99999935822587, 'APPROACH-STEALTH'
10, 5059, 21.999999366438228, 21.999999366438228, 'APPROACH-STEALTH'
10, 5060, 21.999999374650585, 21.999999374650585, 'APPROACH-STEALTH'
10, 5061, 21.999999382862942, 21.999999382862942, 'APPROACH-STEALTH'
10, 5062, 21.9999993910753, 21.9999993910753, 'APPROACH-STEALTH'
10, 5063, 21.999999399287656, 21.999999399287656, 'APPROACH-STEALTH'
10, 5064, 21.999999407500013, 21.999999407500013, 'APPROACH-STEALTH'
10, 5065, 21.99999941571237, 21.99999941571237, 'APPROACH-STEALTH'
10, 5066, 21.999999423924727, 21.999999423924727, 'APPROACH-STEALTH'
10, 5067, 21.999999432137084, 21.999999432137084, 'APPROACH-STEALTH'
10, 5068, 21.99999944034944, 21.99999944034944, 'APPROACH-STEALTH'
10, 5069, 21.9999994485618, 21.9999994485618, 'APPROACH-STEALTH'
10, 5070, 21.999999456774155, 21.999999456774155, 'APPROACH-STEALTH'
10, 5071, 21.999999464986512, 21.999999464986512, 'APPROACH-STEALTH'
10, 5072, 21.99999947319887, 21.99999947319887, 'APPROACH-STEALTH'
10, 5073, 21.999999481411226, 21.999999481411226, 'APPROACH-STEALTH'
10, 5074, 21.999999489623583, 21.999999489623583, 'APPROACH-STEALTH'
10, 5075, 21.99999949783594, 21.99999949783594, 'APPROACH-STEALTH'
10, 5076, 21.999999506048297, 21.999999506048297, 'APPROACH-STEALTH'
10, 5077, 21.999999514260654, 21.999999514260654, 'APPROACH-STEALTH'
10, 5078, 21.99999952247301, 21.99999952247301, 'APPROACH-STEALTH'
10, 5079, 21.99999953068537, 21.99999953068537, 'APPROACH-STEALTH'
10, 5080, 21.999999538897725, 21.999999538897725, 'APPROACH-STEALTH'
10, 5081, 21.999999547110082, 21.999999547110082, 'APPROACH-STEALTH'
10, 5082, 21.99999955532244, 21.99999955532244, 'APPROACH-STEALTH'
10, 5083, 21.999999563534796, 21.999999563534796, 'APPROACH-STEALTH'
10, 5084, 21.999999571747153, 21.999999571747153, 'APPROACH-STEALTH'
10, 5085, 21.99999957995951, 21.99999957995951, 'APPROACH-STEALTH'
10, 5086, 21.999999588171868, 21.999999588171868, 'APPROACH-STEALTH'
10, 5087, 21.999999596384225, 21.999999596384225, 'APPROACH-STEALTH'
10, 5088, 21.99999960459658, 21.99999960459658, 'APPROACH-STEALTH'
10, 5089, 21.99999961280894, 21.99999961280894, 'APPROACH-STEALTH'
10, 5090, 21.999999621021296, 21.999999621021296, 'APPROACH-STEALTH'
10, 5091, 21.999999629233653, 21.999999629233653, 'APPROACH-STEALTH'
10, 5092, 21.99999963744601, 21.99999963744601, 'APPROACH-STEALTH'
10, 5093, 21.999999645658367, 21.999999645658367, 'APPROACH-STEALTH'
10, 5094, 21.999999653870724, 21.999999653870724, 'APPROACH-STEALTH'
10, 5095, 21.99999966208308, 21.99999966208308, 'APPROACH-STEALTH'
10, 5096, 21.999999670295438, 21.999999670295438, 'APPROACH-STEALTH'
10, 5097, 21.999999678507795, 21.999999678507795, 'APPROACH-STEALTH'
10, 5098, 21.99999968672015, 21.99999968672015, 'APPROACH-STEALTH'
10, 5099, 21.99999969493251, 21.99999969493251, 'APPROACH-STEALTH'
10, 5100, 21.999999703144866, 21.999999703144866, 'APPROACH-STEALTH'
10, 5101, 21.999999711357223, 21.999999711357223, 'APPROACH-STEALTH'
10, 5102, 21.999999714051107, 21.999999714051107, 'APPROACH-STEALTH'
10, 5103, 21.99999971674499, 21.99999971674499, 'APPROACH-STEALTH'
10, 5104, 21.999999719438875, 21.999999719438875, 'APPROACH-STEALTH'
10, 5105, 21.99999972213276, 21.99999972213276, 'APPROACH-STEALTH'
10, 5106, 21.999999724826644, 21.999999724826644, 'APPROACH-STEALTH'
10, 5107, 21.999999727520528, 21.999999727520528, 'APPROACH-STEALTH'
10, 5108, 21.999999730214412, 21.999999730214412, 'APPROACH-STEALTH'
10, 5109, 21.999999732908297, 21.999999732908297, 'APPROACH-STEALTH'
10, 5110, 21.99999973560218, 21.99999973560218, 'APPROACH-STEALTH'
10, 5111, 21.999999738296065, 21.999999738296065, 'APPROACH-STEALTH'
10, 5112, 21.99999974098995, 21.99999974098995, 'APPROACH-STEALTH'
10, 5113, 21.999999743683833, 21.999999743683833, 'APPROACH-STEALTH'
10, 5114, 21.99999974637772, 21.99999974637772, 'APPROACH-STEALTH'
10, 5115, 21.999999749071605, 21.999999749071605, 'APPROACH-STEALTH'
10, 5116, 21.999999751765493, 21.999999751765493, 'APPROACH-STEALTH'
10, 5117, 21.999999754459377, 21.999999754459377, 'APPROACH-STEALTH'
10, 5118, 21.999999757153265, 21.999999757153265, 'APPROACH-STEALTH'
10, 5119, 21.99999975984715, 21.99999975984715, 'APPROACH-STEALTH'
10, 5120, 21.999999762541037, 21.999999762541037, 'APPROACH-STEALTH'
10, 5121, 21.99999976523492, 21.99999976523492, 'APPROACH-STEALTH'
10, 5122, 21.99999976792881, 21.99999976792881, 'APPROACH-STEALTH'
10, 5123, 21.999999770622694, 21.999999770622694, 'APPROACH-STEALTH'
10, 5124, 21.99999977331658, 21.99999977331658, 'APPROACH-STEALTH'
10, 5125, 21.999999776010466, 21.999999776010466, 'APPROACH-STEALTH'
10, 5126, 21.999999778704353, 21.999999778704353, 'APPROACH-STEALTH'
10, 5127, 21.999999781398238, 21.999999781398238, 'APPROACH-STEALTH'
10, 5128, 21.999999784092125, 21.999999784092125, 'APPROACH-STEALTH'
10, 5129, 21.99999978678601, 21.99999978678601, 'APPROACH-STEALTH'
10, 5130, 21.999999789479897, 21.999999789479897, 'APPROACH-STEALTH'
10, 5131, 21.99999979217378, 21.99999979217378, 'APPROACH-STEALTH'
10, 5132, 21.99999979486767, 21.99999979486767, 'APPROACH-STEALTH'
10, 5133, 21.999999797561554, 21.999999797561554, 'APPROACH-STEALTH'
10, 5134, 21.99999980025544, 21.99999980025544, 'APPROACH-STEALTH'
10, 5135, 21.999999802949326, 21.999999802949326, 'APPROACH-STEALTH'
10, 5136, 21.999999805643213, 21.999999805643213, 'APPROACH-STEALTH'
10, 5137, 21.999999808337098, 21.999999808337098, 'APPROACH-STEALTH'
10, 5138, 21.999999811030985, 21.999999811030985, 'APPROACH-STEALTH'
10, 5139, 21.99999981372487, 21.99999981372487, 'APPROACH-STEALTH'
10, 5140, 21.999999816418757, 21.999999816418757, 'APPROACH-STEALTH'
10, 5141, 21.99999981911264, 21.99999981911264, 'APPROACH-STEALTH'
10, 5142, 21.99999982180653, 21.99999982180653, 'APPROACH-STEALTH'
10, 5143, 21.999999824500414, 21.999999824500414, 'APPROACH-STEALTH'
10, 5144, 21.9999998271943, 21.9999998271943, 'APPROACH-STEALTH'
10, 5145, 21.999999829888186, 21.999999829888186, 'APPROACH-STEALTH'
10, 5146, 21.999999832582073, 21.999999832582073, 'APPROACH-STEALTH'
10, 5147, 21.999999835275958, 21.999999835275958, 'APPROACH-STEALTH'
10, 5148, 21.999999837969845, 21.999999837969845, 'APPROACH-STEALTH'
10, 5149, 21.99999984066373, 21.99999984066373, 'APPROACH-STEALTH'
10, 5150, 21.999999843357617, 21.999999843357617, 'APPROACH-STEALTH'
10, 5151, 21.9999998460515, 21.9999998460515, 'APPROACH-STEALTH'
10, 5152, 21.99999984874539, 21.99999984874539, 'APPROACH-STEALTH'
10, 5153, 21.999999851439274, 21.999999851439274, 'APPROACH-STEALTH'
10, 5154, 21.99999985413316, 21.99999985413316, 'APPROACH-STEALTH'
10, 5155, 21.999999856827046, 21.999999856827046, 'APPROACH-STEALTH'
10, 5156, 21.999999859520933, 21.999999859520933, 'APPROACH-STEALTH'
10, 5157, 21.999999862214818, 21.999999862214818, 'APPROACH-STEALTH'
10, 5158, 21.999999864908705, 21.999999864908705, 'APPROACH-STEALTH'
10, 5159, 21.99999986760259, 21.99999986760259, 'APPROACH-STEALTH'
10, 5160, 21.999999870296477, 21.999999870296477, 'APPROACH-STEALTH'
10, 5161, 21.99999987299036, 21.99999987299036, 'APPROACH-STEALTH'
10, 5162, 21.99999987568425, 21.99999987568425, 'APPROACH-STEALTH'
10, 5163, 21.999999878378134, 21.999999878378134, 'APPROACH-STEALTH'
10, 5164, 21.99999988107202, 21.99999988107202, 'APPROACH-STEALTH'
10, 5165, 21.999999883765906, 21.999999883765906, 'APPROACH-STEALTH'
10, 5166, 21.999999886459793, 21.999999886459793, 'APPROACH-STEALTH'
10, 5167, 21.999999889153678, 21.999999889153678, 'APPROACH-STEALTH'
10, 5168, 21.999999891847565, 21.999999891847565, 'APPROACH-STEALTH'
10, 5169, 21.99999989454145, 21.99999989454145, 'APPROACH-STEALTH'
10, 5170, 21.999999897235337, 21.999999897235337, 'APPROACH-STEALTH'
10, 5171, 21.99999989992922, 21.99999989992922, 'APPROACH-STEALTH'
10, 5172, 21.99999990262311, 21.99999990262311, 'APPROACH-STEALTH'
10, 5173, 21.999999905316994, 21.999999905316994, 'APPROACH-STEALTH'
10, 5174, 21.999999906200664, 21.999999906200664, 'APPROACH-STEALTH'
10, 5175, 21.999999907084334, 21.999999907084334, 'APPROACH-STEALTH'
10, 5176, 21.999999907968004, 21.999999907968004, 'APPROACH-STEALTH'
10, 5177, 21.999999908851674, 21.999999908851674, 'APPROACH-STEALTH'
10, 5178, 21.999999909735344, 21.999999909735344, 'APPROACH-STEALTH'
10, 5179, 21.999999910619014, 21.999999910619014, 'APPROACH-STEALTH'
10, 5180, 21.999999911502684, 21.999999911502684, 'APPROACH-STEALTH'
10, 5181, 21.999999912386354, 21.999999912386354, 'APPROACH-STEALTH'
10, 5182, 21.999999913270024, 21.999999913270024, 'APPROACH-STEALTH'
10, 5183, 21.999999914153694, 21.999999914153694, 'APPROACH-STEALTH'
10, 5184, 21.999999915037364, 21.999999915037364, 'APPROACH-STEALTH'
10, 5185, 21.999999915921034, 21.999999915921034, 'APPROACH-STEALTH'
10, 5186, 21.999999916804704, 21.999999916804704, 'APPROACH-STEALTH'
10, 5187, 21.999999917688374, 21.999999917688374, 'APPROACH-STEALTH'
10, 5188, 21.999999918572044, 21.999999918572044, 'APPROACH-STEALTH'
10, 5189, 21.999999919455714, 21.999999919455714, 'APPROACH-STEALTH'
10, 5190, 21.999999920339384, 21.999999920339384, 'APPROACH-STEALTH'
10, 5191, 21.999999921223054, 21.999999921223054, 'APPROACH-STEALTH'
10, 5192, 21.999999922106724, 21.999999922106724, 'APPROACH-STEALTH'
10, 5193, 21.999999922990394, 21.999999922990394, 'APPROACH-STEALTH'
10, 5194, 21.999999923874064, 21.999999923874064, 'APPROACH-STEALTH'
10, 5195, 21.999999924757734, 21.999999924757734, 'APPROACH-STEALTH'
10, 5196, 21.999999925641404, 21.999999925641404, 'APPROACH-STEALTH'
10, 5197, 21.999999926525074, 21.999999926525074, 'APPROACH-STEALTH'
10, 5198, 21.999999927408744, 21.999999927408744, 'APPROACH-STEALTH'
10, 5199, 21.999999928292414, 21.999999928292414, 'APPROACH-STEALTH'
10, 5200, 21.999999929176084, 21.999999929176084, 'APPROACH-STEALTH'
10, 5201, 21.999999930059754, 21.999999930059754, 'APPROACH-STEALTH'
10, 5202, 21.999999930943424, 21.999999930943424, 'APPROACH-STEALTH'
10, 5203, 21.999999931827094, 21.999999931827094, 'APPROACH-STEALTH'
10, 5204, 21.999999932710764, 21.999999932710764, 'APPROACH-STEALTH'
10, 5205, 21.999999933594435, 21.999999933594435, 'APPROACH-STEALTH'
10, 5206, 21.999999934478105, 21.999999934478105, 'APPROACH-STEALTH'
10, 5207, 21.999999935361775, 21.999999935361775, 'APPROACH-STEALTH'
10, 5208, 21.999999936245445, 21.999999936245445, 'APPROACH-STEALTH'
10, 5209, 21.999999937129115, 21.999999937129115, 'APPROACH-STEALTH'
10, 5210, 21.999999938012785, 21.999999938012785, 'APPROACH-STEALTH'
10, 5211, 21.999999938896455, 21.999999938896455, 'APPROACH-STEALTH'
10, 5212, 21.999999939780125, 21.999999939780125, 'APPROACH-STEALTH'
10, 5213, 21.999999940663795, 21.999999940663795, 'APPROACH-STEALTH'
10, 5214, 21.999999941547465, 21.999999941547465, 'APPROACH-STEALTH'
10, 5215, 21.999999942431135, 21.999999942431135, 'APPROACH-STEALTH'
10, 5216, 21.999999943314805, 21.999999943314805, 'APPROACH-STEALTH'
10, 5217, 21.999999944198475, 21.999999944198475, 'APPROACH-STEALTH'
10, 5218, 21.999999945082145, 21.999999945082145, 'APPROACH-STEALTH'
10, 5219, 21.999999945965815, 21.999999945965815, 'APPROACH-STEALTH'
10, 5220, 21.999999946849485, 21.999999946849485, 'APPROACH-STEALTH'
10, 5221, 21.999999947733155, 21.999999947733155, 'APPROACH-STEALTH'
10, 5222, 21.999999948616825, 21.999999948616825, 'APPROACH-STEALTH'
10, 5223, 21.999999949500495, 21.999999949500495, 'APPROACH-STEALTH'
10, 5224, 21.999999950384165, 21.999999950384165, 'APPROACH-STEALTH'
10, 5225, 21.999999951267835, 21.999999951267835, 'APPROACH-STEALTH'
10, 5226, 21.999999952151505, 21.999999952151505, 'APPROACH-STEALTH'
10, 5227, 21.999999953035175, 21.999999953035175, 'APPROACH-STEALTH'
10, 5228, 21.999999953918845, 21.999999953918845, 'APPROACH-STEALTH'
10, 5229, 21.999999954802515, 21.999999954802515, 'APPROACH-STEALTH'
10, 5230, 21.999999955686185, 21.999999955686185, 'APPROACH-STEALTH'
10, 5231, 21.999999956569855, 21.999999956569855, 'APPROACH-STEALTH'
10, 5232, 21.99999995745353, 21.99999995745353, 'APPROACH-STEALTH'
10, 5233, 21.9999999583372, 21.9999999583372, 'APPROACH-STEALTH'
10, 5234, 21.999999959220872, 21.999999959220872, 'APPROACH-STEALTH'
10, 5235, 21.999999960104542, 21.999999960104542, 'APPROACH-STEALTH'
10, 5236, 21.999999960988216, 21.999999960988216, 'APPROACH-STEALTH'
10, 5237, 21.999999961871886, 21.999999961871886, 'APPROACH-STEALTH'
10, 5238, 21.99999996275556, 21.99999996275556, 'APPROACH-STEALTH'
10, 5239, 21.99999996363923, 21.99999996363923, 'APPROACH-STEALTH'
10, 5240, 21.999999964522903, 21.999999964522903, 'APPROACH-STEALTH'
10, 5241, 21.999999965406573, 21.999999965406573, 'APPROACH-STEALTH'
10, 5242, 21.999999966290247, 21.999999966290247, 'APPROACH-STEALTH'
10, 5243, 21.999999967173917, 21.999999967173917, 'APPROACH-STEALTH'
10, 5244, 21.99999996805759, 21.99999996805759, 'APPROACH-STEALTH'
10, 5245, 21.99999996894126, 21.99999996894126, 'APPROACH-STEALTH'
10, 5246, 22.01248112738167, 22.01248112738167, 'APPROACH-STEALTH'
10, 5247, 22.024962285822077, 22.024962285822077, 'APPROACH-STEALTH'
10, 5248, 22.037443444262486, 22.037443444262486, 'APPROACH-STEALTH'
10, 5249, 22.049924602702895, 22.049924602702895, 'APPROACH-STEALTH'
10, 5250, 22.062405761143303, 22.062405761143303, 'APPROACH-STEALTH'
10, 5251, 22.07488691958371, 22.07488691958371, 'APPROACH-STEALTH'
10, 5252, 22.08736807802412, 22.08736807802412, 'APPROACH-STEALTH'
10, 5253, 22.09984923646453, 22.09984923646453, 'APPROACH-STEALTH'
10, 5254, 22.112330394904937, 22.112330394904937, 'APPROACH-STEALTH'
10, 5255, 22.124811553345346, 22.124811553345346, 'APPROACH-STEALTH'
10, 5256, 22.137292711785754, 22.137292711785754, 'APPROACH-STEALTH'
10, 5257, 22.149773870226163, 22.149773870226163, 'APPROACH-STEALTH'
10, 5258, 22.16225502866657, 22.16225502866657, 'APPROACH-STEALTH'
10, 5259, 22.17473618710698, 22.17473618710698, 'APPROACH-STEALTH'
10, 5260, 22.18721734554739, 22.18721734554739, 'APPROACH-STEALTH'
10, 5261, 22.199698503987797, 22.199698503987797, 'APPROACH-STEALTH'
10, 5262, 22.212179662428206, 22.212179662428206, 'APPROACH-STEALTH'
10, 5263, 22.224660820868614, 22.224660820868614, 'APPROACH-STEALTH'
10, 5264, 22.237141979309023, 22.237141979309023, 'APPROACH-STEALTH'
10, 5265, 22.24962313774943, 22.24962313774943, 'APPROACH-STEALTH'
10, 5266, 22.26210429618984, 22.26210429618984, 'APPROACH-STEALTH'
10, 5267, 22.274585454630248, 22.274585454630248, 'APPROACH-STEALTH'
10, 5268, 22.287066613070657, 22.287066613070657, 'APPROACH-STEALTH'
10, 5269, 22.299547771511065, 22.299547771511065, 'APPROACH-STEALTH'
10, 5270, 22.312028929951474, 22.312028929951474, 'APPROACH-STEALTH'
10, 5271, 22.324510088391882, 22.324510088391882, 'APPROACH-STEALTH'
10, 5272, 22.33699124683229, 22.33699124683229, 'APPROACH-STEALTH'
10, 5273, 22.3494724052727, 22.3494724052727, 'APPROACH-STEALTH'
10, 5274, 22.361953563713108, 22.361953563713108, 'APPROACH-STEALTH'
10, 5275, 22.374434722153516, 22.374434722153516, 'APPROACH-STEALTH'
10, 5276, 22.386915880593925, 22.386915880593925, 'APPROACH-STEALTH'
10, 5277, 22.399397039034334, 22.399397039034334, 'APPROACH-STEALTH'
10, 5278, 22.411878197474742, 22.411878197474742, 'APPROACH-STEALTH'
10, 5279, 22.42435935591515, 22.42435935591515, 'APPROACH-STEALTH'
10, 5280, 22.43684051435556, 22.43684051435556, 'APPROACH-STEALTH'
10, 5281, 22.449321672795968, 22.449321672795968, 'APPROACH-STEALTH'
10, 5282, 22.461802831236376, 22.461802831236376, 'APPROACH-STEALTH'
10, 5283, 22.474283989676785, 22.474283989676785, 'APPROACH-STEALTH'
10, 5284, 22.486765148117193, 22.486765148117193, 'APPROACH-STEALTH'
10, 5285, 22.499246306557602, 22.499246306557602, 'APPROACH-STEALTH'
10, 5286, 22.51172746499801, 22.51172746499801, 'APPROACH-STEALTH'
10, 5287, 22.525441586727897, 22.525441586727897, 'APPROACH-STEALTH'
10, 5288, 22.539155708457784, 22.539155708457784, 'APPROACH-STEALTH'
10, 5289, 22.55286983018767, 22.55286983018767, 'APPROACH-STEALTH'
10, 5290, 22.566583951917558, 22.566583951917558, 'APPROACH-STEALTH'
10, 5291, 22.580298073647445, 22.580298073647445, 'APPROACH-STEALTH'
10, 5292, 22.59401219537733, 22.59401219537733, 'APPROACH-STEALTH'
10, 5293, 22.60772631710722, 22.60772631710722, 'APPROACH-STEALTH'
10, 5294, 22.621440438837105, 22.621440438837105, 'APPROACH-STEALTH'
10, 5295, 22.635154560566992, 22.635154560566992, 'APPROACH-STEALTH'
10, 5296, 22.64886868229688, 22.64886868229688, 'APPROACH-STEALTH'
10, 5297, 22.662582804026766, 22.662582804026766, 'APPROACH-STEALTH'
10, 5298, 22.676296925756652, 22.676296925756652, 'APPROACH-STEALTH'
10, 5299, 22.69001104748654, 22.69001104748654, 'APPROACH-STEALTH'
10, 5300, 22.703725169216426, 22.703725169216426, 'APPROACH-STEALTH'
10, 5301, 22.717439290946313, 22.717439290946313, 'APPROACH-STEALTH'
10, 5302, 22.7311534126762, 22.7311534126762, 'APPROACH-STEALTH'
10, 5303, 22.744867534406087, 22.744867534406087, 'APPROACH-STEALTH'
10, 5304, 22.758581656135974, 22.758581656135974, 'APPROACH-STEALTH'
10, 5305, 22.77229577786586, 22.77229577786586, 'APPROACH-STEALTH'
10, 5306, 22.786009899595747, 22.786009899595747, 'APPROACH-STEALTH'
10, 5307, 22.799724021325634, 22.799724021325634, 'APPROACH-STEALTH'
10, 5308, 22.81343814305552, 22.81343814305552, 'APPROACH-STEALTH'
10, 5309, 22.827152264785408, 22.827152264785408, 'APPROACH-STEALTH'
10, 5310, 22.840866386515295, 22.840866386515295, 'APPROACH-STEALTH'
10, 5311, 22.85458050824518, 22.85458050824518, 'APPROACH-STEALTH'
10, 5312, 22.86829462997507, 22.86829462997507, 'APPROACH-STEALTH'
10, 5313, 22.882008751704955, 22.882008751704955, 'APPROACH-STEALTH'
10, 5314, 22.895722873434842, 22.895722873434842, 'APPROACH-STEALTH'
10, 5315, 22.90943699516473, 22.90943699516473, 'APPROACH-STEALTH'
10, 5316, 22.923151116894616, 22.923151116894616, 'APPROACH-STEALTH'
10, 5317, 22.936865238624502, 22.936865238624502, 'APPROACH-STEALTH'
10, 5318, 22.95057936035439, 22.95057936035439, 'APPROACH-STEALTH'
10, 5319, 22.964293482084276, 22.964293482084276, 'APPROACH-STEALTH'
10, 5320, 22.978007603814163, 22.978007603814163, 'APPROACH-STEALTH'
10, 5321, 22.99172172554405, 22.99172172554405, 'APPROACH-STEALTH'
10, 5322, 23.005435847273937, 23.005435847273937, 'APPROACH-STEALTH'
10, 5323, 23.019149969003823, 23.019149969003823, 'APPROACH-STEALTH'
10, 5324, 23.03286409073371, 23.03286409073371, 'APPROACH-STEALTH'
10, 5325, 23.046578212463597, 23.046578212463597, 'APPROACH-STEALTH'
10, 5326, 23.060292334193484, 23.060292334193484, 'APPROACH-STEALTH'
10, 5327, 23.07400645592337, 23.07400645592337, 'APPROACH-STEALTH'
10, 5328, 23.087720577653258, 23.087720577653258, 'APPROACH-STEALTH'
10, 5329, 23.101434699383145, 23.101434699383145, 'APPROACH-STEALTH'
10, 5330, 23.11514882111303, 23.11514882111303, 'APPROACH-STEALTH'
10, 5331, 23.128862942842918, 23.128862942842918, 'APPROACH-STEALTH'
10, 5332, 23.142577064572805, 23.142577064572805, 'APPROACH-STEALTH'
10, 5333, 23.156291186302692, 23.156291186302692, 'APPROACH-STEALTH'
10, 5334, 23.17000530803258, 23.17000530803258, 'APPROACH-STEALTH'
10, 5335, 23.183719429762466, 23.183719429762466, 'APPROACH-STEALTH'
10, 5336, 23.197433551492352, 23.197433551492352, 'APPROACH-STEALTH'
10, 5337, 23.21114767322224, 23.21114767322224, 'APPROACH-STEALTH'
10, 5338, 23.224861794952126, 23.224861794952126, 'APPROACH-STEALTH'
10, 5339, 23.238575916682013, 23.238575916682013, 'APPROACH-STEALTH'
10, 5340, 23.2522900384119, 23.2522900384119, 'APPROACH-STEALTH'
10, 5341, 23.266004160141787, 23.266004160141787, 'APPROACH-STEALTH'
10, 5342, 23.279718281871673, 23.279718281871673, 'APPROACH-STEALTH'
10, 5343, 23.29343240360156, 23.29343240360156, 'APPROACH-STEALTH'
10, 5344, 23.307146525331447, 23.307146525331447, 'APPROACH-STEALTH'
10, 5345, 23.320860647061334, 23.320860647061334, 'APPROACH-STEALTH'
10, 5346, 23.33457476879122, 23.33457476879122, 'APPROACH-STEALTH'
10, 5347, 23.348288890521108, 23.348288890521108, 'APPROACH-STEALTH'
10, 5348, 23.362003012250995, 23.362003012250995, 'APPROACH-STEALTH'
10, 5349, 23.37571713398088, 23.37571713398088, 'APPROACH-STEALTH'
10, 5350, 23.389431255710768, 23.389431255710768, 'APPROACH-STEALTH'
10, 5351, 23.403145377440655, 23.403145377440655, 'APPROACH-STEALTH'
10, 5352, 23.416859499170542, 23.416859499170542, 'APPROACH-STEALTH'
10, 5353, 23.43057362090043, 23.43057362090043, 'APPROACH-STEALTH'
10, 5354, 23.444287742630316, 23.444287742630316, 'APPROACH-STEALTH'
10, 5355, 23.458001864360202, 23.458001864360202, 'APPROACH-STEALTH'
10, 5356, 23.47171598609009, 23.47171598609009, 'APPROACH-STEALTH'
10, 5357, 23.485430107819976, 23.485430107819976, 'APPROACH-STEALTH'
10, 5358, 23.499144229549863, 23.499144229549863, 'APPROACH-STEALTH'
10, 5359, 23.51285835127975, 23.51285835127975, 'APPROACH-STEALTH'
10, 5360, 23.51857770783239, 23.51857770783239, 'APPROACH-STEALTH'
10, 5361, 23.524297064385028, 23.524297064385028, 'APPROACH-STEALTH'
10, 5362, 23.530016420937667, 23.530016420937667, 'APPROACH-STEALTH'
10, 5363, 23.535735777490306, 23.535735777490306, 'APPROACH-STEALTH'
10, 5364, 23.541455134042945, 23.541455134042945, 'APPROACH-STEALTH'
10, 5365, 23.547174490595584, 23.547174490595584, 'APPROACH-STEALTH'
10, 5366, 23.552893847148223, 23.552893847148223, 'APPROACH-STEALTH'
10, 5367, 23.55861320370086, 23.55861320370086, 'APPROACH-STEALTH'
10, 5368, 23.5643325602535, 23.5643325602535, 'APPROACH-STEALTH'
10, 5369, 23.57005191680614, 23.57005191680614, 'APPROACH-STEALTH'
10, 5370, 23.57577127335878, 23.57577127335878, 'APPROACH-STEALTH'
10, 5371, 23.581490629911418, 23.581490629911418, 'APPROACH-STEALTH'
10, 5372, 23.587209986464057, 23.587209986464057, 'APPROACH-STEALTH'
10, 5373, 23.592929343016696, 23.592929343016696, 'APPROACH-STEALTH'
10, 5374, 23.598648699569335, 23.598648699569335, 'APPROACH-STEALTH'
10, 5375, 23.60436805612197, 23.60436805612197, 'APPROACH-STEALTH'
10, 5376, 23.610087412674606, 23.610087412674606, 'APPROACH-STEALTH'
10, 5377, 23.61580676922724, 23.61580676922724, 'APPROACH-STEALTH'
10, 5378, 23.621526125779877, 23.621526125779877, 'APPROACH-STEALTH'
10, 5379, 23.627245482332512, 23.627245482332512, 'APPROACH-STEALTH'
10, 5380, 23.632964838885147, 23.632964838885147, 'APPROACH-STEALTH'
10, 5381, 23.638684195437783, 23.638684195437783, 'APPROACH-STEALTH'
10, 5382, 23.64440355199042, 23.64440355199042, 'APPROACH-STEALTH'
10, 5383, 23.650122908543054, 23.650122908543054, 'APPROACH-STEALTH'
10, 5384, 23.65584226509569, 23.65584226509569, 'APPROACH-STEALTH'
10, 5385, 23.661561621648325, 23.661561621648325, 'APPROACH-STEALTH'
10, 5386, 23.66728097820096, 23.66728097820096, 'APPROACH-STEALTH'
10, 5387, 23.673000334753596, 23.673000334753596, 'APPROACH-STEALTH'
10, 5388, 23.67871969130623, 23.67871969130623, 'APPROACH-STEALTH'
10, 5389, 23.684439047858866, 23.684439047858866, 'APPROACH-STEALTH'
10, 5390, 23.690158404411502, 23.690158404411502, 'APPROACH-STEALTH'
10, 5391, 23.695877760964137, 23.695877760964137, 'APPROACH-STEALTH'
10, 5392, 23.701597117516773, 23.701597117516773, 'APPROACH-STEALTH'
10, 5393, 23.70731647406941, 23.70731647406941, 'APPROACH-STEALTH'
10, 5394, 23.713035830622044, 23.713035830622044, 'APPROACH-STEALTH'
10, 5395, 23.71875518717468, 23.71875518717468, 'APPROACH-STEALTH'
10, 5396, 23.724474543727315, 23.724474543727315, 'APPROACH-STEALTH'
10, 5397, 23.73019390027995, 23.73019390027995, 'APPROACH-STEALTH'
10, 5398, 23.735913256832585, 23.735913256832585, 'APPROACH-STEALTH'
10, 5399, 23.74163261338522, 23.74163261338522, 'APPROACH-STEALTH'
10, 5400, 23.747351969937856, 23.747351969937856, 'APPROACH-STEALTH'
10, 5401, 23.753071326490492, 23.753071326490492, 'APPROACH-STEALTH'
10, 5402, 23.758790683043127, 23.758790683043127, 'APPROACH-STEALTH'
10, 5403, 23.764510039595763, 23.764510039595763, 'APPROACH-STEALTH'
10, 5404, 23.770229396148398, 23.770229396148398, 'APPROACH-STEALTH'
10, 5405, 23.775948752701034, 23.775948752701034, 'APPROACH-STEALTH'
10, 5406, 23.778006156214584, 23.778006156214584, 'APPROACH-STEALTH'
10, 5407, 23.780063559728134, 23.780063559728134, 'APPROACH-STEALTH'
10, 5408, 23.782120963241685, 23.782120963241685, 'APPROACH-STEALTH'
10, 5409, 23.784178366755235, 23.784178366755235, 'APPROACH-STEALTH'
10, 5410, 23.786235770268785, 23.786235770268785, 'APPROACH-STEALTH'
10, 5411, 23.788293173782336, 23.788293173782336, 'APPROACH-STEALTH'
10, 5412, 23.790350577295886, 23.790350577295886, 'APPROACH-STEALTH'
10, 5413, 23.792407980809436, 23.792407980809436, 'APPROACH-STEALTH'
10, 5414, 23.794465384322987, 23.794465384322987, 'APPROACH-STEALTH'
10, 5415, 23.796522787836537, 23.796522787836537, 'APPROACH-STEALTH'
10, 5416, 23.798580191350087, 23.798580191350087, 'APPROACH-STEALTH'
10, 5417, 23.800637594863638, 23.800637594863638, 'APPROACH-STEALTH'
10, 5418, 23.802694998377188, 23.802694998377188, 'APPROACH-STEALTH'
10, 5419, 23.804752401890738, 23.804752401890738, 'APPROACH-STEALTH'
10, 5420, 23.80680980540429, 23.80680980540429, 'APPROACH-STEALTH'
10, 5421, 23.80886720891784, 23.80886720891784, 'APPROACH-STEALTH'
10, 5422, 23.81092461243139, 23.81092461243139, 'APPROACH-STEALTH'
10, 5423, 23.81298201594494, 23.81298201594494, 'APPROACH-STEALTH'
10, 5424, 23.81503941945849, 23.81503941945849, 'APPROACH-STEALTH'
10, 5425, 23.81709682297204, 23.81709682297204, 'APPROACH-STEALTH'
10, 5426, 23.81915422648559, 23.81915422648559, 'APPROACH-STEALTH'
10, 5427, 23.82121162999914, 23.82121162999914, 'APPROACH-STEALTH'
10, 5428, 23.82326903351269, 23.82326903351269, 'APPROACH-STEALTH'
10, 5429, 23.82532643702624, 23.82532643702624, 'APPROACH-STEALTH'
10, 5430, 23.82738384053979, 23.82738384053979, 'APPROACH-STEALTH'
10, 5431, 23.829441244053342, 23.829441244053342, 'APPROACH-STEALTH'
10, 5432, 23.831498647566892, 23.831498647566892, 'APPROACH-STEALTH'
10, 5433, 23.833556051080443, 23.833556051080443, 'APPROACH-STEALTH'
10, 5434, 23.835613454593993, 23.835613454593993, 'APPROACH-STEALTH'
10, 5435, 23.837670858107543, 23.837670858107543, 'APPROACH-STEALTH'
10, 5436, 23.839728261621094, 23.839728261621094, 'APPROACH-STEALTH'
10, 5437, 23.841785665134644, 23.841785665134644, 'APPROACH-STEALTH'
10, 5438, 23.843843068648194, 23.843843068648194, 'APPROACH-STEALTH'
10, 5439, 23.845900472161745, 23.845900472161745, 'APPROACH-STEALTH'
10, 5440, 23.847957875675295, 23.847957875675295, 'APPROACH-STEALTH'
10, 5441, 23.850015279188845, 23.850015279188845, 'APPROACH-STEALTH'
10, 5442, 23.852072682702396, 23.852072682702396, 'APPROACH-STEALTH'
10, 5443, 23.854130086215946, 23.854130086215946, 'APPROACH-STEALTH'
10, 5444, 23.856187489729496, 23.856187489729496, 'APPROACH-STEALTH'
10, 5445, 23.858244893243047, 23.858244893243047, 'APPROACH-STEALTH'
10, 5446, 23.860302296756597, 23.860302296756597, 'APPROACH-STEALTH'
10, 5447, 23.862359700270147, 23.862359700270147, 'APPROACH-STEALTH'
10, 5448, 23.864417103783698, 23.864417103783698, 'APPROACH-STEALTH'
10, 5449, 23.866474507297248, 23.866474507297248, 'APPROACH-STEALTH'
10, 5450, 23.8685319108108, 23.8685319108108, 'APPROACH-STEALTH'
10, 5451, 23.87058931432435, 23.87058931432435, 'APPROACH-STEALTH'
10, 5452, 23.8726467178379, 23.8726467178379, 'APPROACH-STEALTH'
10, 5453, 23.87470412135145, 23.87470412135145, 'APPROACH-STEALTH'
10, 5454, 23.876761524865, 23.876761524865, 'APPROACH-STEALTH'
10, 5455, 23.87881892837855, 23.87881892837855, 'APPROACH-STEALTH'
10, 5456, 23.8808763318921, 23.8808763318921, 'APPROACH-STEALTH'
10, 5457, 23.88293373540565, 23.88293373540565, 'APPROACH-STEALTH'
10, 5458, 23.8849911389192, 23.8849911389192, 'APPROACH-STEALTH'
10, 5459, 23.88704854243275, 23.88704854243275, 'APPROACH-STEALTH'
10, 5460, 23.8891059459463, 23.8891059459463, 'APPROACH-STEALTH'
10, 5461, 23.891163349459852, 23.891163349459852, 'APPROACH-STEALTH'
10, 5462, 23.893220752973402, 23.893220752973402, 'APPROACH-STEALTH'
10, 5463, 23.895278156486953, 23.895278156486953, 'APPROACH-STEALTH'
10, 5464, 23.897335560000503, 23.897335560000503, 'APPROACH-STEALTH'
10, 5465, 23.899392963514053, 23.899392963514053, 'APPROACH-STEALTH'
10, 5466, 23.901450367027604, 23.901450367027604, 'APPROACH-STEALTH'
10, 5467, 23.903507770541154, 23.903507770541154, 'APPROACH-STEALTH'
10, 5468, 23.905565174054704, 23.905565174054704, 'APPROACH-STEALTH'
10, 5469, 23.907622577568254, 23.907622577568254, 'APPROACH-STEALTH'
10, 5470, 23.909679981081805, 23.909679981081805, 'APPROACH-STEALTH'
10, 5471, 23.911737384595355, 23.911737384595355, 'APPROACH-STEALTH'
10, 5472, 23.913794788108905, 23.913794788108905, 'APPROACH-STEALTH'
10, 5473, 23.91585219162246, 23.91585219162246, 'APPROACH-STEALTH'
10, 5474, 23.91790959513601, 23.91790959513601, 'APPROACH-STEALTH'
10, 5475, 23.919966998649564, 23.919966998649564, 'APPROACH-STEALTH'
10, 5476, 23.922024402163117, 23.922024402163117, 'APPROACH-STEALTH'
10, 5477, 23.92408180567667, 23.92408180567667, 'APPROACH-STEALTH'
10, 5478, 23.92613920919022, 23.92613920919022, 'APPROACH-STEALTH'
10, 5479, 23.938760992822296, 23.938760992822296, 'APPROACH-STEALTH'
10, 5480, 23.95138277645437, 23.95138277645437, 'APPROACH-STEALTH'
10, 5481, 23.964004560086444, 23.964004560086444, 'APPROACH-STEALTH'
10, 5482, 23.976626343718518, 23.976626343718518, 'APPROACH-STEALTH'
10, 5483, 23.989248127350592, 23.989248127350592, 'APPROACH-STEALTH'
10, 5484, 24.001869910982666, 24.001869910982666, 'APPROACH-STEALTH'
10, 5485, 24.01449169461474, 24.01449169461474, 'APPROACH-STEALTH'
10, 5486, 24.027113478246815, 24.027113478246815, 'APPROACH-STEALTH'
10, 5487, 24.03973526187889, 24.03973526187889, 'APPROACH-STEALTH'
10, 5488, 24.052357045510963, 24.052357045510963, 'APPROACH-STEALTH'
10, 5489, 24.064978829143037, 24.064978829143037, 'APPROACH-STEALTH'
10, 5490, 24.07760061277511, 24.07760061277511, 'APPROACH-STEALTH'
10, 5491, 24.090222396407185, 24.090222396407185, 'APPROACH-STEALTH'
10, 5492, 24.10284418003926, 24.10284418003926, 'APPROACH-STEALTH'
10, 5493, 24.115465963671333, 24.115465963671333, 'APPROACH-STEALTH'
10, 5494, 24.128087747303407, 24.128087747303407, 'APPROACH-STEALTH'
10, 5495, 24.14070953093548, 24.14070953093548, 'APPROACH-STEALTH'
10, 5496, 24.153331314567556, 24.153331314567556, 'APPROACH-STEALTH'
10, 5497, 24.16595309819963, 24.16595309819963, 'APPROACH-STEALTH'
10, 5498, 24.178574881831704, 24.178574881831704, 'APPROACH-STEALTH'
10, 5499, 24.191196665463778, 24.191196665463778, 'APPROACH-STEALTH'
10, 5500, 24.203818449095852, 24.203818449095852, 'APPROACH-STEALTH'
10, 5501, 24.216440232727926, 24.216440232727926, 'APPROACH-STEALTH'
10, 5502, 24.22906201636, 24.22906201636, 'APPROACH-STEALTH'
10, 5503, 24.241683799992074, 24.241683799992074, 'APPROACH-STEALTH'
10, 5504, 24.25430558362415, 24.25430558362415, 'APPROACH-STEALTH'
10, 5505, 24.266927367256223, 24.266927367256223, 'APPROACH-STEALTH'
10, 5506, 24.279549150888297, 24.279549150888297, 'APPROACH-STEALTH'
10, 5507, 24.29217093452037, 24.29217093452037, 'APPROACH-STEALTH'
10, 5508, 24.304792718152445, 24.304792718152445, 'APPROACH-STEALTH'
10, 5509, 24.31741450178452, 24.31741450178452, 'APPROACH-STEALTH'
10, 5510, 24.330036285416593, 24.330036285416593, 'APPROACH-STEALTH'
10, 5511, 24.342658069048667, 24.342658069048667, 'APPROACH-STEALTH'
10, 5512, 24.35527985268074, 24.35527985268074, 'APPROACH-STEALTH'
10, 5513, 24.367901636312816, 24.367901636312816, 'APPROACH-STEALTH'
10, 5514, 24.38052341994489, 24.38052341994489, 'APPROACH-STEALTH'
10, 5515, 24.393145203576964, 24.393145203576964, 'APPROACH-STEALTH'
10, 5516, 24.405766987209038, 24.405766987209038, 'APPROACH-STEALTH'
10, 5517, 24.418388770841112, 24.418388770841112, 'APPROACH-STEALTH'
10, 5518, 24.431010554473186, 24.431010554473186, 'APPROACH-STEALTH'
10, 5519, 24.44363233810526, 24.44363233810526, 'APPROACH-STEALTH'
10, 5520, 24.456254121737334, 24.456254121737334, 'APPROACH-STEALTH'
10, 5521, 24.46887590536941, 24.46887590536941, 'APPROACH-STEALTH'
10, 5522, 24.481497689001483, 24.481497689001483, 'APPROACH-STEALTH'
10, 5523, 24.494119472633557, 24.494119472633557, 'APPROACH-STEALTH'
10, 5524, 24.50674125626563, 24.50674125626563, 'APPROACH-STEALTH'
10, 5525, 24.514208981105558, 24.514208981105558, 'APPROACH-STEALTH'
10, 5526, 24.529144430785415, 24.529144430785415, 'APPROACH-BLIND'
10, 5527, 24.544079880465272, 24.544079880465272, 'APPROACH-BLIND'
10, 5528, 24.55901533014513, 24.55901533014513, 'APPROACH-BLIND'
10, 5529, 24.573950779824987, 24.573950779824987, 'APPROACH-BLIND'
10, 5530, 24.588886229504844, 24.588886229504844, 'APPROACH-BLIND'
10, 5531, 24.6038216791847, 24.6038216791847, 'APPROACH-BLIND'
10, 5532, 24.61875712886456, 24.61875712886456, 'APPROACH-BLIND'
10, 5533, 24.633692578544416, 24.633692578544416, 'APPROACH-BLIND'
10, 5534, 24.648628028224273, 24.648628028224273, 'APPROACH-BLIND'
10, 5535, 24.66356347790413, 24.66356347790413, 'APPROACH-BLIND'
10, 5536, 24.678498927583988, 24.678498927583988, 'APPROACH-BLIND'
10, 5537, 24.693434377263845, 24.693434377263845, 'APPROACH-BLIND'
10, 5538, 24.719503529609387, 24.719503529609387, 'APPROACH-BLIND'
10, 5539, 24.732538105782158, 24.732538105782158, 'APPROACH-STEALTH'
10, 5540, 24.74557268195493, 24.74557268195493, 'APPROACH-STEALTH'
10, 5541, 24.7586072581277, 24.7586072581277, 'APPROACH-STEALTH'
10, 5542, 24.77164183430047, 24.77164183430047, 'APPROACH-STEALTH'
10, 5543, 24.784676410473242, 24.784676410473242, 'APPROACH-STEALTH'
10, 5544, 24.797710986646013, 24.797710986646013, 'APPROACH-STEALTH'
10, 5545, 24.810745562818784, 24.810745562818784, 'APPROACH-STEALTH'
10, 5546, 24.823780138991555, 24.823780138991555, 'APPROACH-STEALTH'
10, 5547, 24.836814715164326, 24.836814715164326, 'APPROACH-STEALTH'
10, 5548, 24.849849291337097, 24.849849291337097, 'APPROACH-STEALTH'
10, 5549, 24.86288386750987, 24.86288386750987, 'APPROACH-STEALTH'
10, 5550, 24.87591844368264, 24.87591844368264, 'APPROACH-STEALTH'
10, 5551, 24.88895301985541, 24.88895301985541, 'APPROACH-STEALTH'
10, 5552, 24.90198759602818, 24.90198759602818, 'APPROACH-STEALTH'
10, 5553, 24.915022172200953, 24.915022172200953, 'APPROACH-STEALTH'
10, 5554, 24.928056748373724, 24.928056748373724, 'APPROACH-STEALTH'
10, 5555, 24.941091324546495, 24.941091324546495, 'APPROACH-STEALTH'
10, 5556, 24.954125900719266, 24.954125900719266, 'APPROACH-STEALTH'
10, 5557, 24.967160476892037, 24.967160476892037, 'APPROACH-STEALTH'
10, 5558, 24.980195053064808, 24.980195053064808, 'APPROACH-STEALTH'
10, 5559, 24.99322962923758, 24.99322962923758, 'APPROACH-STEALTH'
10, 5560, 25.00626420541035, 25.00626420541035, 'APPROACH-STEALTH'
10, 5561, 25.01929878158312, 25.01929878158312, 'APPROACH-STEALTH'
10, 5562, 25.032333357755892, 25.032333357755892, 'APPROACH-STEALTH'
10, 5563, 25.045367933928663, 25.045367933928663, 'APPROACH-STEALTH'
10, 5564, 25.058402510101434, 25.058402510101434, 'APPROACH-STEALTH'
10, 5565, 25.071437086274205, 25.071437086274205, 'APPROACH-STEALTH'
10, 5566, 25.084471662446976, 25.084471662446976, 'APPROACH-STEALTH'
10, 5567, 25.097506238619747, 25.097506238619747, 'APPROACH-STEALTH'
10, 5568, 25.110540814792518, 25.110540814792518, 'APPROACH-STEALTH'
10, 5569, 25.12357539096529, 25.12357539096529, 'APPROACH-STEALTH'
10, 5570, 25.13660996713806, 25.13660996713806, 'APPROACH-STEALTH'
10, 5571, 25.14964454331083, 25.14964454331083, 'APPROACH-STEALTH'
10, 5572, 25.162679119483602, 25.162679119483602, 'APPROACH-STEALTH'
10, 5573, 25.175713695656373, 25.175713695656373, 'APPROACH-STEALTH'
10, 5574, 25.188748271829144, 25.188748271829144, 'APPROACH-STEALTH'
10, 5575, 25.201782848001915, 25.201782848001915, 'APPROACH-STEALTH'
10, 5576, 25.214817424174687, 25.214817424174687, 'APPROACH-STEALTH'
10, 5577, 25.227852000347458, 25.227852000347458, 'APPROACH-STEALTH'
10, 5578, 25.24088657652023, 25.24088657652023, 'APPROACH-STEALTH'
10, 5579, 25.253921152693, 25.253921152693, 'APPROACH-STEALTH'
10, 5580, 25.26695572886577, 25.26695572886577, 'APPROACH-STEALTH'
10, 5581, 25.27999030503854, 25.27999030503854, 'APPROACH-STEALTH'
10, 5582, 25.293024881211313, 25.293024881211313, 'APPROACH-STEALTH'
10, 5583, 25.306059457384084, 25.306059457384084, 'APPROACH-STEALTH'
10, 5584, 25.319094033556855, 25.319094033556855, 'APPROACH-STEALTH'
10, 5585, 25.332128609729626, 25.332128609729626, 'APPROACH-STEALTH'
10, 5586, 25.345163185902397, 25.345163185902397, 'APPROACH-STEALTH'
10, 5587, 25.358197762075168, 25.358197762075168, 'APPROACH-STEALTH'
10, 5588, 25.37123233824794, 25.37123233824794, 'APPROACH-STEALTH'
10, 5589, 25.38426691442071, 25.38426691442071, 'APPROACH-STEALTH'
10, 5590, 25.39730149059348, 25.39730149059348, 'APPROACH-STEALTH'
10, 5591, 25.410336066766252, 25.410336066766252, 'APPROACH-STEALTH'
10, 5592, 25.423370642939023, 25.423370642939023, 'APPROACH-STEALTH'
10, 5593, 25.436405219111794, 25.436405219111794, 'APPROACH-STEALTH'
10, 5594, 25.449439795284565, 25.449439795284565, 'APPROACH-STEALTH'
10, 5595, 25.462474371457336, 25.462474371457336, 'APPROACH-STEALTH'
10, 5596, 25.475508947630107, 25.475508947630107, 'APPROACH-STEALTH'
10, 5597, 25.48854352380288, 25.48854352380288, 'APPROACH-STEALTH'
10, 5598, 25.50157809997565, 25.50157809997565, 'APPROACH-STEALTH'
10, 5599, 25.508813928464875, 25.508813928464875, 'APPROACH-STEALTH'
10, 5600, 25.5160497569541, 25.5160497569541, 'APPROACH-STEALTH'
10, 5601, 25.523285585443325, 25.523285585443325, 'APPROACH-STEALTH'
10, 5602, 25.53052141393255, 25.53052141393255, 'APPROACH-STEALTH'
10, 5603, 25.537757242421776, 25.537757242421776, 'APPROACH-STEALTH'
10, 5604, 25.544993070911, 25.544993070911, 'APPROACH-STEALTH'
10, 5605, 25.552228899400227, 25.552228899400227, 'APPROACH-STEALTH'
10, 5606, 25.559464727889452, 25.559464727889452, 'APPROACH-STEALTH'
10, 5607, 25.566700556378677, 25.566700556378677, 'APPROACH-STEALTH'
10, 5608, 25.573936384867903, 25.573936384867903, 'APPROACH-STEALTH'
10, 5609, 25.581172213357128, 25.581172213357128, 'APPROACH-STEALTH'
10, 5610, 25.588408041846353, 25.588408041846353, 'APPROACH-STEALTH'
10, 5611, 25.59564387033558, 25.59564387033558, 'APPROACH-STEALTH'
10, 5612, 25.602879698824804, 25.602879698824804, 'APPROACH-STEALTH'
10, 5613, 25.61011552731403, 25.61011552731403, 'APPROACH-STEALTH'
10, 5614, 25.617351355803255, 25.617351355803255, 'APPROACH-STEALTH'
10, 5615, 25.62458718429248, 25.62458718429248, 'APPROACH-STEALTH'
10, 5616, 25.631823012781705, 25.631823012781705, 'APPROACH-STEALTH'
10, 5617, 25.63905884127093, 25.63905884127093, 'APPROACH-STEALTH'
10, 5618, 25.646294669760156, 25.646294669760156, 'APPROACH-STEALTH'
10, 5619, 25.65353049824938, 25.65353049824938, 'APPROACH-STEALTH'
10, 5620, 25.660766326738607, 25.660766326738607, 'APPROACH-STEALTH'
10, 5621, 25.668002155227832, 25.668002155227832, 'APPROACH-STEALTH'
10, 5622, 25.675237983717057, 25.675237983717057, 'APPROACH-STEALTH'
10, 5623, 25.682473812206283, 25.682473812206283, 'APPROACH-STEALTH'
10, 5624, 25.689709640695508, 25.689709640695508, 'APPROACH-STEALTH'
10, 5625, 25.696945469184733, 25.696945469184733, 'APPROACH-STEALTH'
10, 5626, 25.699702095808366, 25.699702095808366, 'APPROACH-STEALTH'
10, 5627, 25.702458722432, 25.702458722432, 'APPROACH-STEALTH'
10, 5628, 25.70521534905563, 25.70521534905563, 'APPROACH-STEALTH'
10, 5629, 25.707971975679264, 25.707971975679264, 'APPROACH-STEALTH'
10, 5630, 25.710728602302897, 25.710728602302897, 'APPROACH-STEALTH'
10, 5631, 25.71348522892653, 25.71348522892653, 'APPROACH-STEALTH'
10, 5632, 25.716241855550162, 25.716241855550162, 'APPROACH-STEALTH'
10, 5633, 25.718998482173795, 25.718998482173795, 'APPROACH-STEALTH'
10, 5634, 25.721755108797428, 25.721755108797428, 'APPROACH-STEALTH'
10, 5635, 25.72451173542106, 25.72451173542106, 'APPROACH-STEALTH'
10, 5636, 25.727268362044693, 25.727268362044693, 'APPROACH-STEALTH'
10, 5637, 25.730024988668326, 25.730024988668326, 'APPROACH-STEALTH'
10, 5638, 25.73278161529196, 25.73278161529196, 'APPROACH-STEALTH'
10, 5639, 25.73553824191559, 25.73553824191559, 'APPROACH-STEALTH'
10, 5640, 25.738294868539224, 25.738294868539224, 'APPROACH-STEALTH'
10, 5641, 25.741051495162857, 25.741051495162857, 'APPROACH-STEALTH'
10, 5642, 25.74380812178649, 25.74380812178649, 'APPROACH-STEALTH'
10, 5643, 25.746564748410123, 25.746564748410123, 'APPROACH-STEALTH'
10, 5644, 25.749321375033755, 25.749321375033755, 'APPROACH-STEALTH'
10, 5645, 25.752078001657388, 25.752078001657388, 'APPROACH-STEALTH'
10, 5646, 25.75483462828102, 25.75483462828102, 'APPROACH-STEALTH'
10, 5647, 25.757591254904654, 25.757591254904654, 'APPROACH-STEALTH'
10, 5648, 25.760347881528286, 25.760347881528286, 'APPROACH-STEALTH'
10, 5649, 25.76310450815192, 25.76310450815192, 'APPROACH-STEALTH'
10, 5650, 25.76586113477555, 25.76586113477555, 'APPROACH-STEALTH'
10, 5651, 25.768617761399184, 25.768617761399184, 'APPROACH-STEALTH'
10, 5652, 25.771374388022817, 25.771374388022817, 'APPROACH-STEALTH'
10, 5653, 25.77413101464645, 25.77413101464645, 'APPROACH-STEALTH'
10, 5654, 25.776887641270083, 25.776887641270083, 'APPROACH-STEALTH'
10, 5655, 25.779644267893715, 25.779644267893715, 'APPROACH-STEALTH'
10, 5656, 25.782400894517348, 25.782400894517348, 'APPROACH-STEALTH'
10, 5657, 25.78515752114098, 25.78515752114098, 'APPROACH-STEALTH'
10, 5658, 25.787914147764614, 25.787914147764614, 'APPROACH-STEALTH'
10, 5659, 25.790670774388246, 25.790670774388246, 'APPROACH-STEALTH'
10, 5660, 25.79342740101188, 25.79342740101188, 'APPROACH-STEALTH'
10, 5661, 25.796184027635512, 25.796184027635512, 'APPROACH-STEALTH'
10, 5662, 25.798940654259145, 25.798940654259145, 'APPROACH-STEALTH'
10, 5663, 25.801697280882777, 25.801697280882777, 'APPROACH-STEALTH'
10, 5664, 25.80445390750641, 25.80445390750641, 'APPROACH-STEALTH'
10, 5665, 25.807210534130043, 25.807210534130043, 'APPROACH-STEALTH'
10, 5666, 25.809967160753676, 25.809967160753676, 'APPROACH-STEALTH'
10, 5667, 25.81272378737731, 25.81272378737731, 'APPROACH-STEALTH'
10, 5668, 25.81548041400094, 25.81548041400094, 'APPROACH-STEALTH'
10, 5669, 25.818237040624574, 25.818237040624574, 'APPROACH-STEALTH'
10, 5670, 25.820993667248207, 25.820993667248207, 'APPROACH-STEALTH'
10, 5671, 25.82375029387184, 25.82375029387184, 'APPROACH-STEALTH'
10, 5672, 25.826506920495472, 25.826506920495472, 'APPROACH-STEALTH'
10, 5673, 25.829263547119105, 25.829263547119105, 'APPROACH-STEALTH'
10, 5674, 25.83202017374274, 25.83202017374274, 'APPROACH-STEALTH'
10, 5675, 25.834776800366374, 25.834776800366374, 'APPROACH-STEALTH'
10, 5676, 25.837533426990007, 25.837533426990007, 'APPROACH-STEALTH'
10, 5677, 25.840290053613643, 25.840290053613643, 'APPROACH-STEALTH'
10, 5678, 25.843046680237276, 25.843046680237276, 'APPROACH-STEALTH'
10, 5679, 25.84580330686091, 25.84580330686091, 'APPROACH-STEALTH'
10, 5680, 25.848559933484545, 25.848559933484545, 'APPROACH-STEALTH'
10, 5681, 25.851316560108177, 25.851316560108177, 'APPROACH-STEALTH'
10, 5682, 25.85407318673181, 25.85407318673181, 'APPROACH-STEALTH'
10, 5683, 25.856829813355446, 25.856829813355446, 'APPROACH-STEALTH'
10, 5684, 25.85958643997908, 25.85958643997908, 'APPROACH-STEALTH'
10, 5685, 25.862343066602712, 25.862343066602712, 'APPROACH-STEALTH'
10, 5686, 25.865099693226348, 25.865099693226348, 'APPROACH-STEALTH'
10, 5687, 25.86785631984998, 25.86785631984998, 'APPROACH-STEALTH'
10, 5688, 25.870612946473614, 25.870612946473614, 'APPROACH-STEALTH'
10, 5689, 25.87336957309725, 25.87336957309725, 'APPROACH-STEALTH'
10, 5690, 25.876126199720883, 25.876126199720883, 'APPROACH-STEALTH'
10, 5691, 25.878882826344515, 25.878882826344515, 'APPROACH-STEALTH'
10, 5692, 25.88163945296815, 25.88163945296815, 'APPROACH-STEALTH'
10, 5693, 25.884396079591784, 25.884396079591784, 'APPROACH-STEALTH'
10, 5694, 25.887152706215417, 25.887152706215417, 'APPROACH-STEALTH'
10, 5695, 25.889909332839053, 25.889909332839053, 'APPROACH-STEALTH'
10, 5696, 25.892665959462686, 25.892665959462686, 'APPROACH-STEALTH'
10, 5697, 25.89542258608632, 25.89542258608632, 'APPROACH-STEALTH'
10, 5698, 25.898179212709955, 25.898179212709955, 'APPROACH-STEALTH'
10, 5699, 25.900935839333588, 25.900935839333588, 'APPROACH-STEALTH'
10, 5700, 25.9136245854705, 25.9136245854705, 'APPROACH-STEALTH'
10, 5701, 25.926313331607414, 25.926313331607414, 'APPROACH-STEALTH'
10, 5702, 25.939002077744327, 25.939002077744327, 'APPROACH-STEALTH'
10, 5703, 25.95169082388124, 25.95169082388124, 'APPROACH-STEALTH'
10, 5704, 25.964379570018153, 25.964379570018153, 'APPROACH-STEALTH'
10, 5705, 25.977068316155066, 25.977068316155066, 'APPROACH-STEALTH'
10, 5706, 25.98975706229198, 25.98975706229198, 'APPROACH-STEALTH'
10, 5707, 26.00244580842889, 26.00244580842889, 'APPROACH-STEALTH'
10, 5708, 26.015134554565805, 26.015134554565805, 'APPROACH-STEALTH'
10, 5709, 26.027823300702718, 26.027823300702718, 'APPROACH-STEALTH'
10, 5710, 26.04051204683963, 26.04051204683963, 'APPROACH-STEALTH'
10, 5711, 26.053200792976543, 26.053200792976543, 'APPROACH-STEALTH'
10, 5712, 26.065889539113456, 26.065889539113456, 'APPROACH-STEALTH'
10, 5713, 26.07857828525037, 26.07857828525037, 'APPROACH-STEALTH'
10, 5714, 26.091267031387282, 26.091267031387282, 'APPROACH-STEALTH'
10, 5715, 26.103955777524195, 26.103955777524195, 'APPROACH-STEALTH'
10, 5716, 26.11664452366111, 26.11664452366111, 'APPROACH-STEALTH'
10, 5717, 26.12933326979802, 26.12933326979802, 'APPROACH-STEALTH'
10, 5718, 26.142022015934934, 26.142022015934934, 'APPROACH-STEALTH'
10, 5719, 26.154710762071847, 26.154710762071847, 'APPROACH-STEALTH'
10, 5720, 26.16739950820876, 26.16739950820876, 'APPROACH-STEALTH'
10, 5721, 26.180088254345673, 26.180088254345673, 'APPROACH-STEALTH'
10, 5722, 26.192777000482586, 26.192777000482586, 'APPROACH-STEALTH'
10, 5723, 26.2054657466195, 26.2054657466195, 'APPROACH-STEALTH'
10, 5724, 26.218154492756412, 26.218154492756412, 'APPROACH-STEALTH'
10, 5725, 26.230843238893325, 26.230843238893325, 'APPROACH-STEALTH'
10, 5726, 26.243531985030238, 26.243531985030238, 'APPROACH-STEALTH'
10, 5727, 26.25622073116715, 26.25622073116715, 'APPROACH-STEALTH'
10, 5728, 26.268909477304064, 26.268909477304064, 'APPROACH-STEALTH'
10, 5729, 26.281598223440977, 26.281598223440977, 'APPROACH-STEALTH'
10, 5730, 26.29428696957789, 26.29428696957789, 'APPROACH-STEALTH'
10, 5731, 26.306975715714803, 26.306975715714803, 'APPROACH-STEALTH'
10, 5732, 26.319664461851715, 26.319664461851715, 'APPROACH-STEALTH'
10, 5733, 26.33235320798863, 26.33235320798863, 'APPROACH-STEALTH'
10, 5734, 26.34504195412554, 26.34504195412554, 'APPROACH-STEALTH'
10, 5735, 26.357730700262454, 26.357730700262454, 'APPROACH-STEALTH'
10, 5736, 26.370419446399367, 26.370419446399367, 'APPROACH-STEALTH'
10, 5737, 26.38310819253628, 26.38310819253628, 'APPROACH-STEALTH'
10, 5738, 26.395796938673193, 26.395796938673193, 'APPROACH-STEALTH'
10, 5739, 26.408485684810106, 26.408485684810106, 'APPROACH-STEALTH'
10, 5740, 26.42117443094702, 26.42117443094702, 'APPROACH-STEALTH'
10, 5741, 26.433863177083932, 26.433863177083932, 'APPROACH-STEALTH'
10, 5742, 26.446551923220845, 26.446551923220845, 'APPROACH-STEALTH'
10, 5743, 26.459240669357758, 26.459240669357758, 'APPROACH-STEALTH'
10, 5744, 26.47192941549467, 26.47192941549467, 'APPROACH-STEALTH'
10, 5745, 26.484618161631584, 26.484618161631584, 'APPROACH-STEALTH'
10, 5746, 26.497306907768497, 26.497306907768497, 'APPROACH-STEALTH'
10, 5747, 26.50999565390541, 26.50999565390541, 'APPROACH-STEALTH'
10, 5748, 26.515179056202115, 26.515179056202115, 'APPROACH-STEALTH'
10, 5749, 26.52036245849882, 26.52036245849882, 'APPROACH-STEALTH'
10, 5750, 26.525545860795525, 26.525545860795525, 'APPROACH-STEALTH'
10, 5751, 26.53072926309223, 26.53072926309223, 'APPROACH-STEALTH'
10, 5752, 26.535912665388935, 26.535912665388935, 'APPROACH-STEALTH'
10, 5753, 26.54109606768564, 26.54109606768564, 'APPROACH-STEALTH'
10, 5754, 26.546279469982345, 26.546279469982345, 'APPROACH-STEALTH'
10, 5755, 26.55146287227905, 26.55146287227905, 'APPROACH-STEALTH'
10, 5756, 26.556646274575755, 26.556646274575755, 'APPROACH-STEALTH'
10, 5757, 26.56182967687246, 26.56182967687246, 'APPROACH-STEALTH'
10, 5758, 26.567013079169165, 26.567013079169165, 'APPROACH-STEALTH'
10, 5759, 26.57219648146587, 26.57219648146587, 'APPROACH-STEALTH'
10, 5760, 26.577379883762575, 26.577379883762575, 'APPROACH-STEALTH'
10, 5761, 26.58256328605928, 26.58256328605928, 'APPROACH-STEALTH'
10, 5762, 26.587746688355985, 26.587746688355985, 'APPROACH-STEALTH'
10, 5763, 26.59293009065269, 26.59293009065269, 'APPROACH-STEALTH'
10, 5764, 26.598113492949395, 26.598113492949395, 'APPROACH-STEALTH'
10, 5765, 26.6032968952461, 26.6032968952461, 'APPROACH-STEALTH'
10, 5766, 26.608480297542805, 26.608480297542805, 'APPROACH-STEALTH'
10, 5767, 26.61366369983951, 26.61366369983951, 'APPROACH-STEALTH'
10, 5768, 26.618847102136215, 26.618847102136215, 'APPROACH-STEALTH'
10, 5769, 26.62403050443292, 26.62403050443292, 'APPROACH-STEALTH'
10, 5770, 26.629213906729625, 26.629213906729625, 'APPROACH-STEALTH'
10, 5771, 26.63439730902633, 26.63439730902633, 'APPROACH-STEALTH'
10, 5772, 26.639580711323035, 26.639580711323035, 'APPROACH-STEALTH'
10, 5773, 26.64476411361974, 26.64476411361974, 'APPROACH-STEALTH'
10, 5774, 26.649947515916445, 26.649947515916445, 'APPROACH-STEALTH'
10, 5775, 26.65513091821315, 26.65513091821315, 'APPROACH-STEALTH'
10, 5776, 26.660314320509855, 26.660314320509855, 'APPROACH-STEALTH'
10, 5777, 26.66549772280656, 26.66549772280656, 'APPROACH-STEALTH'
10, 5778, 26.670681125103265, 26.670681125103265, 'APPROACH-STEALTH'
10, 5779, 26.67586452739997, 26.67586452739997, 'APPROACH-STEALTH'
10, 5780, 26.681047929696675, 26.681047929696675, 'APPROACH-STEALTH'
10, 5781, 26.68623133199338, 26.68623133199338, 'APPROACH-STEALTH'
10, 5782, 26.691414734290085, 26.691414734290085, 'APPROACH-STEALTH'
10, 5783, 26.69659813658679, 26.69659813658679, 'APPROACH-STEALTH'
10, 5784, 26.701781538883495, 26.701781538883495, 'APPROACH-STEALTH'
10, 5785, 26.7069649411802, 26.7069649411802, 'APPROACH-STEALTH'
10, 5786, 26.712148343476905, 26.712148343476905, 'APPROACH-STEALTH'
10, 5787, 26.71733174577361, 26.71733174577361, 'APPROACH-STEALTH'
10, 5788, 26.722515148070315, 26.722515148070315, 'APPROACH-STEALTH'
10, 5789, 26.72769855036702, 26.72769855036702, 'APPROACH-STEALTH'
10, 5790, 26.732881952663725, 26.732881952663725, 'APPROACH-STEALTH'
10, 5791, 26.73806535496043, 26.73806535496043, 'APPROACH-STEALTH'
10, 5792, 26.743248757257135, 26.743248757257135, 'APPROACH-STEALTH'
10, 5793, 26.74843215955384, 26.74843215955384, 'APPROACH-STEALTH'
10, 5794, 26.753615561850545, 26.753615561850545, 'APPROACH-STEALTH'
10, 5795, 26.75879896414725, 26.75879896414725, 'APPROACH-STEALTH'
10, 5796, 26.763982366443955, 26.763982366443955, 'APPROACH-STEALTH'
10, 5797, 26.76916576874066, 26.76916576874066, 'APPROACH-STEALTH'
10, 5798, 26.774349171037365, 26.774349171037365, 'APPROACH-STEALTH'
10, 5799, 26.77953257333407, 26.77953257333407, 'APPROACH-STEALTH'
10, 5800, 26.784715975630775, 26.784715975630775, 'APPROACH-STEALTH'
10, 5801, 26.78989937792748, 26.78989937792748, 'APPROACH-STEALTH'
10, 5802, 26.795082780224185, 26.795082780224185, 'APPROACH-STEALTH'
10, 5803, 26.80026618252089, 26.80026618252089, 'APPROACH-STEALTH'
10, 5804, 26.813099462333426, 26.813099462333426, 'APPROACH-STEALTH'
10, 5805, 26.825932742145962, 26.825932742145962, 'APPROACH-STEALTH'
10, 5806, 26.8387660219585, 26.8387660219585, 'APPROACH-STEALTH'
10, 5807, 26.851599301771035, 26.851599301771035, 'APPROACH-STEALTH'
10, 5808, 26.86443258158357, 26.86443258158357, 'APPROACH-STEALTH'
10, 5809, 26.877265861396108, 26.877265861396108, 'APPROACH-STEALTH'
10, 5810, 26.890099141208644, 26.890099141208644, 'APPROACH-STEALTH'
10, 5811, 26.90293242102118, 26.90293242102118, 'APPROACH-STEALTH'
10, 5812, 26.915765700833717, 26.915765700833717, 'APPROACH-STEALTH'
10, 5813, 26.928598980646253, 26.928598980646253, 'APPROACH-STEALTH'
10, 5814, 26.94143226045879, 26.94143226045879, 'APPROACH-STEALTH'
10, 5815, 26.954265540271326, 26.954265540271326, 'APPROACH-STEALTH'
10, 5816, 26.967098820083862, 26.967098820083862, 'APPROACH-STEALTH'
10, 5817, 26.9799320998964, 26.9799320998964, 'APPROACH-STEALTH'
10, 5818, 26.992765379708935, 26.992765379708935, 'APPROACH-STEALTH'
10, 5819, 27.00559865952147, 27.00559865952147, 'APPROACH-STEALTH'
10, 5820, 27.018431939334008, 27.018431939334008, 'APPROACH-STEALTH'
10, 5821, 27.031265219146544, 27.031265219146544, 'APPROACH-STEALTH'
10, 5822, 27.04409849895908, 27.04409849895908, 'APPROACH-STEALTH'
10, 5823, 27.056931778771617, 27.056931778771617, 'APPROACH-STEALTH'
10, 5824, 27.069765058584153, 27.069765058584153, 'APPROACH-STEALTH'
10, 5825, 27.08259833839669, 27.08259833839669, 'APPROACH-STEALTH'
10, 5826, 27.095431618209226, 27.095431618209226, 'APPROACH-STEALTH'
10, 5827, 27.108264898021762, 27.108264898021762, 'APPROACH-STEALTH'
10, 5828, 27.1210981778343, 27.1210981778343, 'APPROACH-STEALTH'
10, 5829, 27.133931457646835, 27.133931457646835, 'APPROACH-STEALTH'
10, 5830, 27.14676473745937, 27.14676473745937, 'APPROACH-STEALTH'
10, 5831, 27.159598017271907, 27.159598017271907, 'APPROACH-STEALTH'
10, 5832, 27.172431297084444, 27.172431297084444, 'APPROACH-STEALTH'
10, 5833, 27.18526457689698, 27.18526457689698, 'APPROACH-STEALTH'
10, 5834, 27.198097856709516, 27.198097856709516, 'APPROACH-STEALTH'
10, 5835, 27.210931136522053, 27.210931136522053, 'APPROACH-STEALTH'
10, 5836, 27.22376441633459, 27.22376441633459, 'APPROACH-STEALTH'
10, 5837, 27.236597696147125, 27.236597696147125, 'APPROACH-STEALTH'
10, 5838, 27.2622642557722, 27.2622642557722, 'APPROACH-BLIND'
10, 5839, 27.287930815397278, 27.287930815397278, 'APPROACH-BLIND'
10, 5840, 27.313597375022354, 27.313597375022354, 'APPROACH-BLIND'
10, 5841, 27.32643065483489, 27.32643065483489, 'APPROACH-STEALTH'
10, 5842, 27.339263934647427, 27.339263934647427, 'APPROACH-STEALTH'
10, 5843, 27.352097214459963, 27.352097214459963, 'APPROACH-STEALTH'
10, 5844, 27.3649304942725, 27.3649304942725, 'APPROACH-STEALTH'
10, 5845, 27.377763774085036, 27.377763774085036, 'APPROACH-STEALTH'
10, 5846, 27.390597053897572, 27.390597053897572, 'APPROACH-STEALTH'
10, 5847, 27.40343033371011, 27.40343033371011, 'APPROACH-STEALTH'
10, 5848, 27.416263613522645, 27.416263613522645, 'APPROACH-STEALTH'
10, 5849, 27.42909689333518, 27.42909689333518, 'APPROACH-STEALTH'
10, 5850, 27.441930173147718, 27.441930173147718, 'APPROACH-STEALTH'
10, 5851, 27.454763452960254, 27.454763452960254, 'APPROACH-STEALTH'
10, 5852, 27.46759673277279, 27.46759673277279, 'APPROACH-STEALTH'
10, 5853, 27.480430012585327, 27.480430012585327, 'APPROACH-STEALTH'
10, 5854, 27.493263292397863, 27.493263292397863, 'APPROACH-STEALTH'
10, 5855, 27.5060965722104, 27.5060965722104, 'APPROACH-STEALTH'
10, 5856, 27.511366256744605, 27.511366256744605, 'APPROACH-STEALTH'
10, 5857, 27.51663594127881, 27.51663594127881, 'APPROACH-STEALTH'
10, 5858, 27.521905625813016, 27.521905625813016, 'APPROACH-STEALTH'
10, 5859, 27.52717531034722, 27.52717531034722, 'APPROACH-STEALTH'
10, 5860, 27.532444994881427, 27.532444994881427, 'APPROACH-STEALTH'
10, 5861, 27.537714679415632, 27.537714679415632, 'APPROACH-STEALTH'
10, 5862, 27.542984363949838, 27.542984363949838, 'APPROACH-STEALTH'
10, 5863, 27.548254048484043, 27.548254048484043, 'APPROACH-STEALTH'
10, 5864, 27.55352373301825, 27.55352373301825, 'APPROACH-STEALTH'
10, 5865, 27.558793417552454, 27.558793417552454, 'APPROACH-STEALTH'
10, 5866, 27.56406310208666, 27.56406310208666, 'APPROACH-STEALTH'
10, 5867, 27.569332786620866, 27.569332786620866, 'APPROACH-STEALTH'
10, 5868, 27.57460247115507, 27.57460247115507, 'APPROACH-STEALTH'
10, 5869, 27.579872155689277, 27.579872155689277, 'APPROACH-STEALTH'
10, 5870, 27.585141840223482, 27.585141840223482, 'APPROACH-STEALTH'
10, 5871, 27.590411524757688, 27.590411524757688, 'APPROACH-STEALTH'
10, 5872, 27.595681209291893, 27.595681209291893, 'APPROACH-STEALTH'
10, 5873, 27.6009508938261, 27.6009508938261, 'APPROACH-STEALTH'
10, 5874, 27.606220578360304, 27.606220578360304, 'APPROACH-STEALTH'
10, 5875, 27.61149026289451, 27.61149026289451, 'APPROACH-STEALTH'
10, 5876, 27.616759947428715, 27.616759947428715, 'APPROACH-STEALTH'
10, 5877, 27.62202963196292, 27.62202963196292, 'APPROACH-STEALTH'
10, 5878, 27.627299316497126, 27.627299316497126, 'APPROACH-STEALTH'
10, 5879, 27.63256900103133, 27.63256900103133, 'APPROACH-STEALTH'
10, 5880, 27.637838685565537, 27.637838685565537, 'APPROACH-STEALTH'
10, 5881, 27.643108370099743, 27.643108370099743, 'APPROACH-STEALTH'
10, 5882, 27.648378054633948, 27.648378054633948, 'APPROACH-STEALTH'
10, 5883, 27.653647739168154, 27.653647739168154, 'APPROACH-STEALTH'
10, 5884, 27.65891742370236, 27.65891742370236, 'APPROACH-STEALTH'
10, 5885, 27.664187108236565, 27.664187108236565, 'APPROACH-STEALTH'
10, 5886, 27.66945679277077, 27.66945679277077, 'APPROACH-STEALTH'
10, 5887, 27.674726477304976, 27.674726477304976, 'APPROACH-STEALTH'
10, 5888, 27.67999616183918, 27.67999616183918, 'APPROACH-STEALTH'
10, 5889, 27.685265846373387, 27.685265846373387, 'APPROACH-STEALTH'
10, 5890, 27.690535530907592, 27.690535530907592, 'APPROACH-STEALTH'
10, 5891, 27.695805215441798, 27.695805215441798, 'APPROACH-STEALTH'
10, 5892, 27.701074899976003, 27.701074899976003, 'APPROACH-STEALTH'
10, 5893, 27.70634458451021, 27.70634458451021, 'APPROACH-STEALTH'
10, 5894, 27.711614269044414, 27.711614269044414, 'APPROACH-STEALTH'
10, 5895, 27.71688395357862, 27.71688395357862, 'APPROACH-STEALTH'
10, 5896, 27.722153638112825, 27.722153638112825, 'APPROACH-STEALTH'
10, 5897, 27.72742332264703, 27.72742332264703, 'APPROACH-STEALTH'
10, 5898, 27.732693007181236, 27.732693007181236, 'APPROACH-STEALTH'
10, 5899, 27.737962691715442, 27.737962691715442, 'APPROACH-STEALTH'
10, 5900, 27.743232376249647, 27.743232376249647, 'APPROACH-STEALTH'
10, 5901, 27.748502060783853, 27.748502060783853, 'APPROACH-STEALTH'
10, 5902, 27.75377174531806, 27.75377174531806, 'APPROACH-STEALTH'
10, 5903, 27.759041429852264, 27.759041429852264, 'APPROACH-STEALTH'
10, 5904, 27.76431111438647, 27.76431111438647, 'APPROACH-STEALTH'
10, 5905, 27.769580798920675, 27.769580798920675, 'APPROACH-STEALTH'
10, 5906, 27.77485048345488, 27.77485048345488, 'APPROACH-STEALTH'
10, 5907, 27.780120167989086, 27.780120167989086, 'APPROACH-STEALTH'
10, 5908, 27.78538985252329, 27.78538985252329, 'APPROACH-STEALTH'
10, 5909, 27.790659537057497, 27.790659537057497, 'APPROACH-STEALTH'
10, 5910, 27.795929221591702, 27.795929221591702, 'APPROACH-STEALTH'
10, 5911, 27.784152662920754, 27.784152662920754, 'APPROACH-STEALTH'
10, 5912, 27.772376104249805, 27.772376104249805, 'APPROACH-STEALTH'
10, 5913, 27.760599545578856, 27.760599545578856, 'APPROACH-STEALTH'
10, 5914, 27.748822986907907, 27.748822986907907, 'APPROACH-STEALTH'
10, 5915, 27.737046428236958, 27.737046428236958, 'APPROACH-STEALTH'
10, 5916, 27.72526986956601, 27.72526986956601, 'APPROACH-STEALTH'
10, 5917, 27.71349331089506, 27.71349331089506, 'APPROACH-STEALTH'
10, 5918, 27.701716752224115, 27.701716752224115, 'APPROACH-STEALTH'
10, 5919, 27.68994019355317, 27.68994019355317, 'APPROACH-STEALTH'
10, 5920, 27.678163634882225, 27.678163634882225, 'APPROACH-STEALTH'
10, 5921, 27.66638707621128, 27.66638707621128, 'APPROACH-STEALTH'
10, 5922, 27.654610517540334, 27.654610517540334, 'APPROACH-STEALTH'
10, 5923, 27.64283395886939, 27.64283395886939, 'APPROACH-STEALTH'
10, 5924, 27.631057400198443, 27.631057400198443, 'APPROACH-STEALTH'
10, 5925, 27.619280841527498, 27.619280841527498, 'APPROACH-STEALTH'
10, 5926, 27.607504282856553, 27.607504282856553, 'APPROACH-STEALTH'
10, 5927, 27.595727724185608, 27.595727724185608, 'APPROACH-STEALTH'
10, 5928, 27.583951165514662, 27.583951165514662, 'APPROACH-STEALTH'
10, 5929, 27.572174606843717, 27.572174606843717, 'APPROACH-STEALTH'
10, 5930, 27.56039804817277, 27.56039804817277, 'APPROACH-STEALTH'
10, 5931, 27.548621489501826, 27.548621489501826, 'APPROACH-STEALTH'
10, 5932, 27.53684493083088, 27.53684493083088, 'APPROACH-STEALTH'
10, 5933, 27.525068372159936, 27.525068372159936, 'APPROACH-STEALTH'
10, 5934, 27.51329181348899, 27.51329181348899, 'APPROACH-STEALTH'
10, 5935, 27.501515254818045, 27.501515254818045, 'APPROACH-STEALTH'
10, 5936, 27.4897386961471, 27.4897386961471, 'APPROACH-STEALTH'
10, 5937, 27.484862726156813, 27.484862726156813, 'APPROACH-STEALTH'
10, 5938, 27.475110786176238, 27.475110786176238, 'APPROACH-STEALTH'
10, 5939, 27.465358846195663, 27.465358846195663, 'APPROACH-STEALTH'
10, 5940, 27.45560690621509, 27.45560690621509, 'APPROACH-STEALTH'
10, 5941, 27.4507309362248, 27.4507309362248, 'APPROACH-STEALTH'
10, 5942, 27.445854966234513, 27.445854966234513, 'APPROACH-STEALTH'
10, 5943, 27.440978996244226, 27.440978996244226, 'APPROACH-STEALTH'
10, 5944, 27.43610302625394, 27.43610302625394, 'APPROACH-STEALTH'
10, 5945, 27.43122705626365, 27.43122705626365, 'APPROACH-STEALTH'
10, 5946, 27.426351086273364, 27.426351086273364, 'APPROACH-STEALTH'
10, 5947, 27.421475116283077, 27.421475116283077, 'APPROACH-STEALTH'
10, 5948, 27.41659914629279, 27.41659914629279, 'APPROACH-STEALTH'
10, 5949, 27.4117231763025, 27.4117231763025, 'APPROACH-STEALTH'
10, 5950, 27.406847206312214, 27.406847206312214, 'APPROACH-STEALTH'
10, 5951, 27.401971236321927, 27.401971236321927, 'APPROACH-STEALTH'
10, 5952, 27.39709526633164, 27.39709526633164, 'APPROACH-STEALTH'
10, 5953, 27.392219296341352, 27.392219296341352, 'APPROACH-STEALTH'
10, 5954, 27.387343326351065, 27.387343326351065, 'APPROACH-STEALTH'
10, 5955, 27.382467356360777, 27.382467356360777, 'APPROACH-STEALTH'
10, 5956, 27.37759138637049, 27.37759138637049, 'APPROACH-STEALTH'
10, 5957, 27.372715416380203, 27.372715416380203, 'APPROACH-STEALTH'
10, 5958, 27.367839446389915, 27.367839446389915, 'APPROACH-STEALTH'
10, 5959, 27.362963476399628, 27.362963476399628, 'APPROACH-STEALTH'
10, 5960, 27.35808750640934, 27.35808750640934, 'APPROACH-STEALTH'
10, 5961, 27.353211536419053, 27.353211536419053, 'APPROACH-STEALTH'
10, 5962, 27.348335566428766, 27.348335566428766, 'APPROACH-STEALTH'
10, 5963, 27.34345959643848, 27.34345959643848, 'APPROACH-STEALTH'
10, 5964, 27.33858362644819, 27.33858362644819, 'APPROACH-STEALTH'
10, 5965, 27.333707656457904, 27.333707656457904, 'APPROACH-STEALTH'
10, 5966, 27.328831686467616, 27.328831686467616, 'APPROACH-STEALTH'
10, 5967, 27.32395571647733, 27.32395571647733, 'APPROACH-STEALTH'
10, 5968, 27.31907974648704, 27.31907974648704, 'APPROACH-STEALTH'
10, 5969, 27.314203776496754, 27.314203776496754, 'APPROACH-STEALTH'
10, 5970, 27.309327806506467, 27.309327806506467, 'APPROACH-STEALTH'
10, 5971, 27.30445183651618, 27.30445183651618, 'APPROACH-STEALTH'
10, 5972, 27.299575866525892, 27.299575866525892, 'APPROACH-STEALTH'
10, 5973, 27.294699896535604, 27.294699896535604, 'APPROACH-STEALTH'
10, 5974, 27.289823926545317, 27.289823926545317, 'APPROACH-STEALTH'
10, 5975, 27.28494795655503, 27.28494795655503, 'APPROACH-STEALTH'
10, 5976, 27.280071986564742, 27.280071986564742, 'APPROACH-STEALTH'
10, 5977, 27.275196016574455, 27.275196016574455, 'APPROACH-STEALTH'
10, 5978, 27.270320046584168, 27.270320046584168, 'APPROACH-STEALTH'
10, 5979, 27.26544407659388, 27.26544407659388, 'APPROACH-STEALTH'
10, 5980, 27.260568106603593, 27.260568106603593, 'APPROACH-STEALTH'
10, 5981, 27.255692136613305, 27.255692136613305, 'APPROACH-STEALTH'
10, 5982, 27.250816166623018, 27.250816166623018, 'APPROACH-STEALTH'
10, 5983, 27.24594019663273, 27.24594019663273, 'APPROACH-STEALTH'
10, 5984, 27.241064226642443, 27.241064226642443, 'APPROACH-STEALTH'
10, 5985, 27.236188256652156, 27.236188256652156, 'APPROACH-STEALTH'
10, 5986, 27.23131228666187, 27.23131228666187, 'APPROACH-STEALTH'
10, 5987, 27.22156034668129, 27.22156034668129, 'APPROACH-BLIND'
10, 5988, 27.21180840670071, 27.21180840670071, 'APPROACH-BLIND'
10, 5989, 27.202056466720133, 27.202056466720133, 'APPROACH-BLIND'
10, 5990, 27.192304526739555, 27.192304526739555, 'APPROACH-BLIND'
10, 5991, 27.182552586758977, 27.182552586758977, 'APPROACH-BLIND'
10, 5992, 27.180860091753893, 27.180860091753893, 'APPROACH-STEALTH'
10, 5993, 27.179167596748808, 27.179167596748808, 'APPROACH-STEALTH'
10, 5994, 27.177475101743724, 27.177475101743724, 'APPROACH-STEALTH'
10, 5995, 27.17578260673864, 27.17578260673864, 'APPROACH-STEALTH'
10, 5996, 27.174090111733555, 27.174090111733555, 'APPROACH-STEALTH'
10, 5997, 27.17239761672847, 27.17239761672847, 'APPROACH-STEALTH'
10, 5998, 27.170705121723387, 27.170705121723387, 'APPROACH-STEALTH'
10, 5999, 27.169012626718303, 27.169012626718303, 'APPROACH-STEALTH'
10, 6000, 27.16732013171322, 27.16732013171322, 'APPROACH-STEALTH'
10, 6001, 27.165627636708134, 27.165627636708134, 'APPROACH-STEALTH'
10, 6002, 27.16393514170305, 27.16393514170305, 'APPROACH-STEALTH'
10, 6003, 27.162242646697965, 27.162242646697965, 'APPROACH-STEALTH'
10, 6004, 27.16055015169288, 27.16055015169288, 'APPROACH-STEALTH'
10, 6005, 27.158857656687797, 27.158857656687797, 'APPROACH-STEALTH'
10, 6006, 27.155472666677632, 27.155472666677632, 'APPROACH-BLIND'
10, 6007, 27.152087676667467, 27.152087676667467, 'APPROACH-BLIND'
10, 6008, 27.148702686657302, 27.148702686657302, 'APPROACH-BLIND'
10, 6009, 27.145317696647137, 27.145317696647137, 'APPROACH-BLIND'
10, 6010, 27.14193270663697, 27.14193270663697, 'APPROACH-BLIND'
10, 6011, 27.138547716626807, 27.138547716626807, 'APPROACH-BLIND'
10, 6012, 27.13516272661664, 27.13516272661664, 'APPROACH-BLIND'
10, 6013, 27.131777736606477, 27.131777736606477, 'APPROACH-BLIND'
10, 6014, 27.12839274659631, 27.12839274659631, 'APPROACH-BLIND'
10, 6015, 27.125007756586147, 27.125007756586147, 'APPROACH-BLIND'
10, 6016, 27.12162276657598, 27.12162276657598, 'APPROACH-BLIND'
10, 6017, 27.118237776565817, 27.118237776565817, 'APPROACH-BLIND'
10, 6018, 27.116545281560736, 27.116545281560736, 'APPROACH-STEALTH'
10, 6019, 27.114852786555655, 27.114852786555655, 'APPROACH-STEALTH'
10, 6020, 27.113160291550574, 27.113160291550574, 'APPROACH-STEALTH'
10, 6021, 27.111467796545494, 27.111467796545494, 'APPROACH-STEALTH'
10, 6022, 27.109775301540413, 27.109775301540413, 'APPROACH-STEALTH'
10, 6023, 27.108082806535332, 27.108082806535332, 'APPROACH-STEALTH'
10, 6024, 27.106390311530248, 27.106390311530248, 'APPROACH-STEALTH'
10, 6025, 27.104697816525167, 27.104697816525167, 'APPROACH-STEALTH'
10, 6026, 27.103005321520083, 27.103005321520083, 'APPROACH-STEALTH'
10, 6027, 27.099620331509918, 27.099620331509918, 'APPROACH-STEALTH'
10, 6028, 27.096235341499753, 27.096235341499753, 'APPROACH-STEALTH'
10, 6029, 27.094542846494672, 27.094542846494672, 'APPROACH-STEALTH'
10, 6030, 27.09285035148959, 27.09285035148959, 'APPROACH-STEALTH'
10, 6031, 27.091157856484507, 27.091157856484507, 'APPROACH-STEALTH'
10, 6032, 27.089465361479427, 27.089465361479427, 'APPROACH-STEALTH'
10, 6033, 27.087772866474342, 27.087772866474342, 'APPROACH-STEALTH'
10, 6034, 27.08608037146926, 27.08608037146926, 'APPROACH-STEALTH'
10, 6035, 27.08438787646418, 27.08438787646418, 'APPROACH-STEALTH'
10, 6036, 27.082695381459096, 27.082695381459096, 'APPROACH-STEALTH'
10, 6037, 27.081002886454016, 27.081002886454016, 'APPROACH-STEALTH'
10, 6038, 27.07931039144893, 27.07931039144893, 'APPROACH-STEALTH'
10, 6039, 27.07761789644385, 27.07761789644385, 'APPROACH-STEALTH'
10, 6040, 27.075925401438766, 27.075925401438766, 'APPROACH-STEALTH'
10, 6041, 27.074232906433686, 27.074232906433686, 'APPROACH-STEALTH'
10, 6042, 27.072540411428605, 27.072540411428605, 'APPROACH-STEALTH'
10, 6043, 27.07084791642352, 27.07084791642352, 'APPROACH-STEALTH'
10, 6044, 27.06915542141844, 27.06915542141844, 'APPROACH-STEALTH'
10, 6045, 27.067462926413356, 27.067462926413356, 'APPROACH-STEALTH'
10, 6046, 27.065770431408275, 27.065770431408275, 'APPROACH-STEALTH'
10, 6047, 27.064077936403194, 27.064077936403194, 'APPROACH-STEALTH'
10, 6048, 27.06238544139811, 27.06238544139811, 'APPROACH-STEALTH'
10, 6049, 27.06069294639303, 27.06069294639303, 'APPROACH-STEALTH'
10, 6050, 27.060129312454535, 27.060129312454535, 'APPROACH-STEALTH'
10, 6051, 27.059565678516037, 27.059565678516037, 'APPROACH-STEALTH'
10, 6052, 27.05900204457754, 27.05900204457754, 'APPROACH-STEALTH'
10, 6053, 27.058438410639045, 27.058438410639045, 'APPROACH-STEALTH'
10, 6054, 27.057874776700547, 27.057874776700547, 'APPROACH-STEALTH'
10, 6055, 27.057311142762053, 27.057311142762053, 'APPROACH-STEALTH'
10, 6056, 27.056747508823555, 27.056747508823555, 'APPROACH-STEALTH'
10, 6057, 27.05618387488506, 27.05618387488506, 'APPROACH-STEALTH'
10, 6058, 27.055620240946563, 27.055620240946563, 'APPROACH-STEALTH'
10, 6059, 27.055056607008066, 27.055056607008066, 'APPROACH-STEALTH'
10, 6060, 27.05449297306957, 27.05449297306957, 'APPROACH-STEALTH'
10, 6061, 27.053929339131074, 27.053929339131074, 'APPROACH-STEALTH'
10, 6062, 27.05336570519258, 27.05336570519258, 'APPROACH-STEALTH'
10, 6063, 27.05280207125408, 27.05280207125408, 'APPROACH-STEALTH'
10, 6064, 27.052238437315587, 27.052238437315587, 'APPROACH-STEALTH'
10, 6065, 27.05167480337709, 27.05167480337709, 'APPROACH-STEALTH'
10, 6066, 27.05111116943859, 27.05111116943859, 'APPROACH-STEALTH'
10, 6067, 27.050547535500097, 27.050547535500097, 'APPROACH-STEALTH'
10, 6068, 27.0499839015616, 27.0499839015616, 'APPROACH-STEALTH'
10, 6069, 27.049420267623105, 27.049420267623105, 'APPROACH-STEALTH'
10, 6070, 27.048856633684608, 27.048856633684608, 'APPROACH-STEALTH'
10, 6071, 27.048292999746113, 27.048292999746113, 'APPROACH-STEALTH'
10, 6072, 27.047729365807616, 27.047729365807616, 'APPROACH-STEALTH'
10, 6073, 27.047165731869118, 27.047165731869118, 'APPROACH-STEALTH'
10, 6074, 27.046602097930624, 27.046602097930624, 'APPROACH-STEALTH'
10, 6075, 27.046038463992126, 27.046038463992126, 'APPROACH-STEALTH'
10, 6076, 27.04547483005363, 27.04547483005363, 'APPROACH-STEALTH'
10, 6077, 27.044911196115134, 27.044911196115134, 'APPROACH-STEALTH'
10, 6078, 27.04434756217664, 27.04434756217664, 'APPROACH-STEALTH'
10, 6079, 27.043783928238142, 27.043783928238142, 'APPROACH-STEALTH'
10, 6080, 27.043220294299648, 27.043220294299648, 'APPROACH-STEALTH'
10, 6081, 27.042093026422656, 27.042093026422656, 'APPROACH-BLIND'
10, 6082, 27.041529392484158, 27.041529392484158, 'APPROACH-STEALTH'
10, 6083, 27.04096575854566, 27.04096575854566, 'APPROACH-STEALTH'
10, 6084, 27.040402124607166, 27.040402124607166, 'APPROACH-STEALTH'
10, 6085, 27.039838490668668, 27.039838490668668, 'APPROACH-STEALTH'
10, 6086, 27.039274856730174, 27.039274856730174, 'APPROACH-STEALTH'
10, 6087, 27.038711222791676, 27.038711222791676, 'APPROACH-STEALTH'
10, 6088, 27.03814758885318, 27.03814758885318, 'APPROACH-STEALTH'
10, 6089, 27.037583954914684, 27.037583954914684, 'APPROACH-STEALTH'
10, 6090, 27.037020320976186, 27.037020320976186, 'APPROACH-STEALTH'
10, 6091, 27.036456687037692, 27.036456687037692, 'APPROACH-STEALTH'
10, 6092, 27.035893053099194, 27.035893053099194, 'APPROACH-STEALTH'
10, 6093, 27.0353294191607, 27.0353294191607, 'APPROACH-STEALTH'
10, 6094, 27.034765785222202, 27.034765785222202, 'APPROACH-STEALTH'
10, 6095, 27.034202151283708, 27.034202151283708, 'APPROACH-STEALTH'
10, 6096, 27.03363851734521, 27.03363851734521, 'APPROACH-STEALTH'
10, 6097, 27.033074883406712, 27.033074883406712, 'APPROACH-STEALTH'
10, 6098, 27.032511249468218, 27.032511249468218, 'APPROACH-STEALTH'
10, 6099, 27.03194761552972, 27.03194761552972, 'APPROACH-STEALTH'
10, 6100, 27.031383981591226, 27.031383981591226, 'APPROACH-STEALTH'
10, 6101, 27.03082034765273, 27.03082034765273, 'APPROACH-STEALTH'
10, 6102, 27.030256713714234, 27.030256713714234, 'APPROACH-STEALTH'
10, 6103, 27.029693079775736, 27.029693079775736, 'APPROACH-STEALTH'
10, 6104, 27.02912944583724, 27.02912944583724, 'APPROACH-STEALTH'
10, 6105, 27.028565811898744, 27.028565811898744, 'APPROACH-STEALTH'
10, 6106, 27.028002177960246, 27.028002177960246, 'APPROACH-STEALTH'
10, 6107, 27.027438544021752, 27.027438544021752, 'APPROACH-STEALTH'
10, 6108, 27.026874910083254, 27.026874910083254, 'APPROACH-STEALTH'
10, 6109, 27.02631127614476, 27.02631127614476, 'APPROACH-STEALTH'
10, 6110, 27.025747642206262, 27.025747642206262, 'APPROACH-STEALTH'
10, 6111, 27.025184008267765, 27.025184008267765, 'APPROACH-STEALTH'
10, 6112, 27.02462037432927, 27.02462037432927, 'APPROACH-STEALTH'
10, 6113, 27.024056740390773, 27.024056740390773, 'APPROACH-STEALTH'
10, 6114, 27.02349310645228, 27.02349310645228, 'APPROACH-STEALTH'
10, 6115, 27.02292947251378, 27.02292947251378, 'APPROACH-STEALTH'
10, 6116, 27.022365838575286, 27.022365838575286, 'APPROACH-STEALTH'
10, 6117, 27.02180220463679, 27.02180220463679, 'APPROACH-STEALTH'
10, 6118, 27.02123857069829, 27.02123857069829, 'APPROACH-STEALTH'
10, 6119, 27.020674936759796, 27.020674936759796, 'APPROACH-STEALTH'
10, 6120, 27.0201113028213, 27.0201113028213, 'APPROACH-STEALTH'
10, 6121, 27.019924502163974, 27.019924502163974, 'APPROACH-STEALTH'
10, 6122, 27.01973770150665, 27.01973770150665, 'APPROACH-STEALTH'
10, 6123, 27.019550900849325, 27.019550900849325, 'APPROACH-STEALTH'
10, 6124, 27.019364100192, 27.019364100192, 'APPROACH-STEALTH'
10, 6125, 27.019177299534675, 27.019177299534675, 'APPROACH-STEALTH'
10, 6126, 27.01899049887735, 27.01899049887735, 'APPROACH-STEALTH'
10, 6127, 27.018803698220026, 27.018803698220026, 'APPROACH-STEALTH'
10, 6128, 27.0186168975627, 27.0186168975627, 'APPROACH-STEALTH'
10, 6129, 27.01824329624805, 27.01824329624805, 'APPROACH-BLIND'
10, 6130, 27.017869694933395, 27.017869694933395, 'APPROACH-BLIND'
10, 6131, 27.017496093618742, 27.017496093618742, 'APPROACH-BLIND'
10, 6132, 27.01712249230409, 27.01712249230409, 'APPROACH-BLIND'
10, 6133, 27.016748890989437, 27.016748890989437, 'APPROACH-BLIND'
10, 6134, 27.016375289674784, 27.016375289674784, 'APPROACH-BLIND'
10, 6135, 27.01600168836013, 27.01600168836013, 'APPROACH-BLIND'
10, 6136, 27.015628087045478, 27.015628087045478, 'APPROACH-BLIND'
10, 6137, 27.01544128638815, 27.01544128638815, 'APPROACH-STEALTH'
10, 6138, 27.015254485730825, 27.015254485730825, 'APPROACH-STEALTH'
10, 6139, 27.015067685073497, 27.015067685073497, 'APPROACH-STEALTH'
10, 6140, 27.014880884416172, 27.014880884416172, 'APPROACH-STEALTH'
10, 6141, 27.014694083758844, 27.014694083758844, 'APPROACH-STEALTH'
10, 6142, 27.01450728310152, 27.01450728310152, 'APPROACH-STEALTH'
10, 6143, 27.01432048244419, 27.01432048244419, 'APPROACH-STEALTH'
10, 6144, 27.014133681786866, 27.014133681786866, 'APPROACH-STEALTH'
10, 6145, 27.013946881129538, 27.013946881129538, 'APPROACH-STEALTH'
10, 6146, 27.013760080472213, 27.013760080472213, 'APPROACH-STEALTH'
10, 6147, 27.013573279814885, 27.013573279814885, 'APPROACH-STEALTH'
10, 6148, 27.01338647915756, 27.01338647915756, 'APPROACH-STEALTH'
10, 6149, 27.013199678500232, 27.013199678500232, 'APPROACH-STEALTH'
10, 6150, 27.013012877842907, 27.013012877842907, 'APPROACH-STEALTH'
10, 6151, 27.01282607718558, 27.01282607718558, 'APPROACH-STEALTH'
10, 6152, 27.012639276528255, 27.012639276528255, 'APPROACH-STEALTH'
10, 6153, 27.012452475870926, 27.012452475870926, 'APPROACH-STEALTH'
10, 6154, 27.012078874556273, 27.012078874556273, 'APPROACH-STEALTH'
10, 6155, 27.01170527324162, 27.01170527324162, 'APPROACH-STEALTH'
10, 6156, 27.011331671926968, 27.011331671926968, 'APPROACH-STEALTH'
10, 6157, 27.010958070612315, 27.010958070612315, 'APPROACH-STEALTH'
10, 6158, 27.01058446929766, 27.01058446929766, 'APPROACH-STEALTH'
10, 6159, 27.010397668640337, 27.010397668640337, 'APPROACH-STEALTH'
10, 6160, 27.01021086798301, 27.01021086798301, 'APPROACH-STEALTH'
10, 6161, 27.010024067325684, 27.010024067325684, 'APPROACH-STEALTH'
10, 6162, 27.009837266668356, 27.009837266668356, 'APPROACH-STEALTH'
10, 6163, 27.00965046601103, 27.00965046601103, 'APPROACH-STEALTH'
10, 6164, 27.009463665353703, 27.009463665353703, 'APPROACH-STEALTH'
10, 6165, 27.00927686469638, 27.00927686469638, 'APPROACH-STEALTH'
10, 6166, 27.00909006403905, 27.00909006403905, 'APPROACH-STEALTH'
10, 6167, 27.008903263381725, 27.008903263381725, 'APPROACH-STEALTH'
10, 6168, 27.008716462724397, 27.008716462724397, 'APPROACH-STEALTH'
10, 6169, 27.00852966206707, 27.00852966206707, 'APPROACH-STEALTH'
10, 6170, 27.008342861409744, 27.008342861409744, 'APPROACH-STEALTH'
10, 6171, 27.008156060752416, 27.008156060752416, 'APPROACH-STEALTH'
10, 6172, 27.00796926009509, 27.00796926009509, 'APPROACH-STEALTH'
10, 6173, 27.007782459437763, 27.007782459437763, 'APPROACH-STEALTH'
10, 6174, 27.00759565878044, 27.00759565878044, 'APPROACH-STEALTH'
10, 6175, 27.00740885812311, 27.00740885812311, 'APPROACH-STEALTH'
10, 6176, 27.007222057465786, 27.007222057465786, 'APPROACH-STEALTH'
10, 6177, 27.007035256808457, 27.007035256808457, 'APPROACH-STEALTH'
10, 6178, 27.006848456151133, 27.006848456151133, 'APPROACH-STEALTH'
10, 6179, 27.006661655493804, 27.006661655493804, 'APPROACH-STEALTH'
10, 6180, 27.00659977851992, 27.00659977851992, 'APPROACH-STEALTH'
10, 6181, 27.006537901546036, 27.006537901546036, 'APPROACH-STEALTH'
10, 6182, 27.00647602457215, 27.00647602457215, 'APPROACH-STEALTH'
10, 6183, 27.006414147598267, 27.006414147598267, 'APPROACH-STEALTH'
10, 6184, 27.006352270624383, 27.006352270624383, 'APPROACH-STEALTH'
10, 6185, 27.0062903936505, 27.0062903936505, 'APPROACH-STEALTH'
10, 6186, 27.006228516676615, 27.006228516676615, 'APPROACH-STEALTH'
10, 6187, 27.00616663970273, 27.00616663970273, 'APPROACH-STEALTH'
10, 6188, 27.006104762728846, 27.006104762728846, 'APPROACH-STEALTH'
10, 6189, 27.00604288575496, 27.00604288575496, 'APPROACH-STEALTH'
10, 6190, 27.005981008781077, 27.005981008781077, 'APPROACH-STEALTH'
10, 6191, 27.005919131807193, 27.005919131807193, 'APPROACH-STEALTH'
10, 6192, 27.00585725483331, 27.00585725483331, 'APPROACH-STEALTH'
10, 6193, 27.005795377859425, 27.005795377859425, 'APPROACH-STEALTH'
10, 6194, 27.00573350088554, 27.00573350088554, 'APPROACH-STEALTH'
10, 6195, 27.005671623911656, 27.005671623911656, 'APPROACH-STEALTH'
10, 6196, 27.005609746937772, 27.005609746937772, 'APPROACH-STEALTH'
10, 6197, 27.005547869963888, 27.005547869963888, 'APPROACH-STEALTH'
10, 6198, 27.005485992990003, 27.005485992990003, 'APPROACH-STEALTH'
10, 6199, 27.00542411601612, 27.00542411601612, 'APPROACH-STEALTH'
10, 6200, 27.005362239042235, 27.005362239042235, 'APPROACH-STEALTH'
10, 6201, 27.00530036206835, 27.00530036206835, 'APPROACH-STEALTH'
10, 6202, 27.005238485094466, 27.005238485094466, 'APPROACH-STEALTH'
10, 6203, 27.005114731146698, 27.005114731146698, 'APPROACH-BLIND'
10, 6204, 27.00499097719893, 27.00499097719893, 'APPROACH-BLIND'
10, 6205, 27.00486722325116, 27.00486722325116, 'APPROACH-BLIND'
10, 6206, 27.004743469303392, 27.004743469303392, 'APPROACH-BLIND'
10, 6207, 27.004681592329508, 27.004681592329508, 'APPROACH-STEALTH'
10, 6208, 27.004619715355624, 27.004619715355624, 'APPROACH-STEALTH'
10, 6209, 27.00455783838174, 27.00455783838174, 'APPROACH-STEALTH'
10, 6210, 27.004495961407855, 27.004495961407855, 'APPROACH-STEALTH'
10, 6211, 27.00443408443397, 27.00443408443397, 'APPROACH-STEALTH'
10, 6212, 27.004372207460086, 27.004372207460086, 'APPROACH-STEALTH'
10, 6213, 27.004310330486202, 27.004310330486202, 'APPROACH-STEALTH'
10, 6214, 27.004248453512318, 27.004248453512318, 'APPROACH-STEALTH'
10, 6215, 27.004186576538434, 27.004186576538434, 'APPROACH-STEALTH'
10, 6216, 27.00412469956455, 27.00412469956455, 'APPROACH-STEALTH'
10, 6217, 27.004062822590665, 27.004062822590665, 'APPROACH-STEALTH'
10, 6218, 27.00400094561678, 27.00400094561678, 'APPROACH-STEALTH'
10, 6219, 27.003939068642897, 27.003939068642897, 'APPROACH-STEALTH'
10, 6220, 27.003877191669012, 27.003877191669012, 'APPROACH-STEALTH'
10, 6221, 27.003815314695128, 27.003815314695128, 'APPROACH-STEALTH'
10, 6222, 27.003753437721244, 27.003753437721244, 'APPROACH-STEALTH'
10, 6223, 27.00369156074736, 27.00369156074736, 'APPROACH-STEALTH'
10, 6224, 27.003629683773475, 27.003629683773475, 'APPROACH-STEALTH'
10, 6225, 27.00356780679959, 27.00356780679959, 'APPROACH-STEALTH'
10, 6226, 27.003505929825707, 27.003505929825707, 'APPROACH-STEALTH'
10, 6227, 27.003444052851822, 27.003444052851822, 'APPROACH-STEALTH'
10, 6228, 27.003382175877938, 27.003382175877938, 'APPROACH-STEALTH'
10, 6229, 27.003320298904054, 27.003320298904054, 'APPROACH-STEALTH'
10, 6230, 27.00325842193017, 27.00325842193017, 'APPROACH-STEALTH'
10, 6231, 27.003196544956285, 27.003196544956285, 'APPROACH-STEALTH'
10, 6232, 27.0031346679824, 27.0031346679824, 'APPROACH-STEALTH'
10, 6233, 27.003072791008517, 27.003072791008517, 'APPROACH-STEALTH'
10, 6234, 27.003010914034633, 27.003010914034633, 'APPROACH-STEALTH'
10, 6235, 27.00294903706075, 27.00294903706075, 'APPROACH-STEALTH'
10, 6236, 27.002887160086864, 27.002887160086864, 'APPROACH-STEALTH'
10, 6237, 27.00282528311298, 27.00282528311298, 'APPROACH-STEALTH'
10, 6238, 27.002763406139096, 27.002763406139096, 'APPROACH-STEALTH'
10, 6239, 27.00270152916521, 27.00270152916521, 'APPROACH-STEALTH'
10, 6240, 27.002639652191327, 27.002639652191327, 'APPROACH-STEALTH'
10, 6241, 27.002577775217443, 27.002577775217443, 'APPROACH-STEALTH'
10, 6242, 27.00251589824356, 27.00251589824356, 'APPROACH-STEALTH'
10, 6243, 27.002454021269674, 27.002454021269674, 'APPROACH-STEALTH'
10, 6244, 27.002330267321906, 27.002330267321906, 'APPROACH-STEALTH'
10, 6245, 27.002206513374137, 27.002206513374137, 'APPROACH-STEALTH'
10, 6246, 27.002165522761306, 27.002165522761306, 'APPROACH-STEALTH'
10, 6247, 27.002124532148475, 27.002124532148475, 'APPROACH-STEALTH'
10, 6248, 27.002083541535644, 27.002083541535644, 'APPROACH-STEALTH'
10, 6249, 27.002042550922813, 27.002042550922813, 'APPROACH-STEALTH'
10, 6250, 27.00200156030998, 27.00200156030998, 'APPROACH-STEALTH'
10, 6251, 27.00196056969715, 27.00196056969715, 'APPROACH-STEALTH'
10, 6252, 27.00191957908432, 27.00191957908432, 'APPROACH-STEALTH'
10, 6253, 27.001899083777904, 27.001899083777904, 'APPROACH-STEALTH'
10, 6254, 27.001878588471488, 27.001878588471488, 'APPROACH-STEALTH'
10, 6255, 27.001858093165072, 27.001858093165072, 'APPROACH-STEALTH'
10, 6256, 27.001837597858657, 27.001837597858657, 'APPROACH-STEALTH'
10, 6257, 27.00181710255224, 27.00181710255224, 'APPROACH-STEALTH'
10, 6258, 27.001796607245826, 27.001796607245826, 'APPROACH-STEALTH'
10, 6259, 27.00177611193941, 27.00177611193941, 'APPROACH-STEALTH'
10, 6260, 27.001755616632995, 27.001755616632995, 'APPROACH-STEALTH'
10, 6261, 27.00173512132658, 27.00173512132658, 'APPROACH-STEALTH'
10, 6262, 27.001714626020163, 27.001714626020163, 'APPROACH-STEALTH'
10, 6263, 27.001694130713748, 27.001694130713748, 'APPROACH-STEALTH'
10, 6264, 27.001673635407332, 27.001673635407332, 'APPROACH-STEALTH'
10, 6265, 27.001653140100917, 27.001653140100917, 'APPROACH-STEALTH'
10, 6266, 27.0016326447945, 27.0016326447945, 'APPROACH-STEALTH'
10, 6267, 27.001612149488086, 27.001612149488086, 'APPROACH-STEALTH'
10, 6268, 27.00159165418167, 27.00159165418167, 'APPROACH-STEALTH'
10, 6269, 27.001571158875254, 27.001571158875254, 'APPROACH-STEALTH'
10, 6270, 27.00155066356884, 27.00155066356884, 'APPROACH-STEALTH'
10, 6271, 27.001530168262423, 27.001530168262423, 'APPROACH-STEALTH'
10, 6272, 27.001509672956008, 27.001509672956008, 'APPROACH-STEALTH'
10, 6273, 27.001489177649592, 27.001489177649592, 'APPROACH-STEALTH'
10, 6274, 27.001468682343177, 27.001468682343177, 'APPROACH-STEALTH'
10, 6275, 27.00144818703676, 27.00144818703676, 'APPROACH-STEALTH'
10, 6276, 27.001407196423933, 27.001407196423933, 'APPROACH-STEALTH'
10, 6277, 27.001386701117518, 27.001386701117518, 'APPROACH-STEALTH'
10, 6278, 27.001366205811102, 27.001366205811102, 'APPROACH-STEALTH'
10, 6279, 27.001345710504687, 27.001345710504687, 'APPROACH-STEALTH'
10, 6280, 27.00132521519827, 27.00132521519827, 'APPROACH-STEALTH'
10, 6281, 27.001304719891856, 27.001304719891856, 'APPROACH-STEALTH'
10, 6282, 27.00128422458544, 27.00128422458544, 'APPROACH-STEALTH'
10, 6283, 27.001263729279025, 27.001263729279025, 'APPROACH-STEALTH'
10, 6284, 27.00124323397261, 27.00124323397261, 'APPROACH-STEALTH'
10, 6285, 27.001222738666193, 27.001222738666193, 'APPROACH-STEALTH'
10, 6286, 27.001202243359778, 27.001202243359778, 'APPROACH-STEALTH'
10, 6287, 27.001181748053362, 27.001181748053362, 'APPROACH-STEALTH'
10, 6288, 27.001161252746947, 27.001161252746947, 'APPROACH-STEALTH'
10, 6289, 27.00114075744053, 27.00114075744053, 'APPROACH-STEALTH'
10, 6290, 27.001120262134116, 27.001120262134116, 'APPROACH-STEALTH'
10, 6291, 27.0010997668277, 27.0010997668277, 'APPROACH-STEALTH'
10, 6292, 27.001079271521284, 27.001079271521284, 'APPROACH-STEALTH'
10, 6293, 27.00105877621487, 27.00105877621487, 'APPROACH-STEALTH'
10, 6294, 27.001038280908453, 27.001038280908453, 'APPROACH-STEALTH'
10, 6295, 27.001017785602038, 27.001017785602038, 'APPROACH-STEALTH'
10, 6296, 27.000997290295622, 27.000997290295622, 'APPROACH-STEALTH'
10, 6297, 27.000976794989207, 27.000976794989207, 'APPROACH-STEALTH'
10, 6298, 27.00095629968279, 27.00095629968279, 'APPROACH-STEALTH'
10, 6299, 27.000935804376375, 27.000935804376375, 'APPROACH-STEALTH'
10, 6300, 27.00091530906996, 27.00091530906996, 'APPROACH-STEALTH'
10, 6301, 27.000894813763544, 27.000894813763544, 'APPROACH-STEALTH'
10, 6302, 27.00087431845713, 27.00087431845713, 'APPROACH-STEALTH'
10, 6303, 27.000853823150717, 27.000853823150717, 'APPROACH-STEALTH'
10, 6304, 27.0008333278443, 27.0008333278443, 'APPROACH-STEALTH'
10, 6305, 27.00081283253789, 27.00081283253789, 'APPROACH-STEALTH'
10, 6306, 27.000792337231474, 27.000792337231474, 'APPROACH-STEALTH'
10, 6307, 27.00077184192506, 27.00077184192506, 'APPROACH-STEALTH'
10, 6308, 27.000751346618646, 27.000751346618646, 'APPROACH-STEALTH'
10, 6309, 27.000730851312234, 27.000730851312234, 'APPROACH-STEALTH'
10, 6310, 27.000724062762764, 27.000724062762764, 'APPROACH-STEALTH'
10, 6311, 27.000717274213294, 27.000717274213294, 'APPROACH-STEALTH'
10, 6312, 27.000710485663824, 27.000710485663824, 'APPROACH-STEALTH'
10, 6313, 27.000703697114353, 27.000703697114353, 'APPROACH-STEALTH'
10, 6314, 27.00069690856488, 27.00069690856488, 'APPROACH-STEALTH'
10, 6315, 27.00069012001541, 27.00069012001541, 'APPROACH-STEALTH'
10, 6316, 27.000683331465936, 27.000683331465936, 'APPROACH-STEALTH'
10, 6317, 27.000676542916466, 27.000676542916466, 'APPROACH-STEALTH'
10, 6318, 27.000669754366992, 27.000669754366992, 'APPROACH-STEALTH'
10, 6319, 27.000662965817522, 27.000662965817522, 'APPROACH-STEALTH'
10, 6320, 27.00065617726805, 27.00065617726805, 'APPROACH-STEALTH'
10, 6321, 27.00064938871858, 27.00064938871858, 'APPROACH-STEALTH'
10, 6322, 27.000642600169105, 27.000642600169105, 'APPROACH-STEALTH'
10, 6323, 27.000635811619635, 27.000635811619635, 'APPROACH-STEALTH'
10, 6324, 27.00062902307016, 27.00062902307016, 'APPROACH-STEALTH'
10, 6325, 27.00062223452069, 27.00062223452069, 'APPROACH-STEALTH'
10, 6326, 27.000615445971217, 27.000615445971217, 'APPROACH-STEALTH'
10, 6327, 27.000608657421747, 27.000608657421747, 'APPROACH-STEALTH'
10, 6328, 27.000601868872273, 27.000601868872273, 'APPROACH-STEALTH'
10, 6329, 27.000595080322803, 27.000595080322803, 'APPROACH-STEALTH'
10, 6330, 27.00058829177333, 27.00058829177333, 'APPROACH-STEALTH'
10, 6331, 27.00058150322386, 27.00058150322386, 'APPROACH-STEALTH'
10, 6332, 27.000574714674386, 27.000574714674386, 'APPROACH-STEALTH'
10, 6333, 27.000567926124916, 27.000567926124916, 'APPROACH-STEALTH'
10, 6334, 27.000561137575442, 27.000561137575442, 'APPROACH-STEALTH'
10, 6335, 27.000554349025972, 27.000554349025972, 'APPROACH-STEALTH'
10, 6336, 27.000547560476498, 27.000547560476498, 'APPROACH-STEALTH'
10, 6337, 27.000540771927028, 27.000540771927028, 'APPROACH-STEALTH'
10, 6338, 27.000533983377554, 27.000533983377554, 'APPROACH-STEALTH'
10, 6339, 27.000527194828084, 27.000527194828084, 'APPROACH-STEALTH'
10, 6340, 27.00052040627861, 27.00052040627861, 'APPROACH-STEALTH'
10, 6341, 27.00051361772914, 27.00051361772914, 'APPROACH-STEALTH'
10, 6342, 27.000506829179667, 27.000506829179667, 'APPROACH-STEALTH'
10, 6343, 27.000500040630197, 27.000500040630197, 'APPROACH-STEALTH'
10, 6344, 27.000493252080723, 27.000493252080723, 'APPROACH-STEALTH'
10, 6345, 27.000486463531253, 27.000486463531253, 'APPROACH-STEALTH'
10, 6346, 27.00047967498178, 27.00047967498178, 'APPROACH-STEALTH'
10, 6347, 27.00047288643231, 27.00047288643231, 'APPROACH-STEALTH'
10, 6348, 27.000466097882835, 27.000466097882835, 'APPROACH-STEALTH'
10, 6349, 27.000459309333365, 27.000459309333365, 'APPROACH-STEALTH'
10, 6350, 27.00045252078389, 27.00045252078389, 'APPROACH-STEALTH'
10, 6351, 27.00044573223442, 27.00044573223442, 'APPROACH-STEALTH'
10, 6352, 27.000432155135478, 27.000432155135478, 'PURSUE'
10, 6353, 27.000418578036534, 27.000418578036534, 'PURSUE'
10, 6354, 27.00041178948706, 27.00041178948706, 'APPROACH-STEALTH'
10, 6355, 27.00040500093759, 27.00040500093759, 'APPROACH-STEALTH'
10, 6356, 27.000398212388117, 27.000398212388117, 'APPROACH-STEALTH'
10, 6357, 27.000391423838646, 27.000391423838646, 'APPROACH-STEALTH'
10, 6358, 27.000384635289173, 27.000384635289173, 'APPROACH-STEALTH'
10, 6359, 27.000377846739703, 27.000377846739703, 'APPROACH-STEALTH'
10, 6360, 27.00037105819023, 27.00037105819023, 'APPROACH-STEALTH'
10, 6361, 27.00036426964076, 27.00036426964076, 'APPROACH-STEALTH'
10, 6362, 27.000357481091285, 27.000357481091285, 'APPROACH-STEALTH'
10, 6363, 27.000350692541815, 27.000350692541815, 'APPROACH-STEALTH'
10, 6364, 27.00034390399234, 27.00034390399234, 'APPROACH-STEALTH'
10, 6365, 27.00033711544287, 27.00033711544287, 'APPROACH-STEALTH'
10, 6366, 27.000330326893398, 27.000330326893398, 'APPROACH-STEALTH'
10, 6367, 27.000323538343928, 27.000323538343928, 'APPROACH-STEALTH'
10, 6368, 27.000316749794454, 27.000316749794454, 'APPROACH-STEALTH'
10, 6369, 27.000309961244984, 27.000309961244984, 'APPROACH-STEALTH'
10, 6370, 27.00030317269551, 27.00030317269551, 'APPROACH-STEALTH'
10, 6371, 27.00029638414604, 27.00029638414604, 'APPROACH-STEALTH'
10, 6372, 27.000289595596566, 27.000289595596566, 'APPROACH-STEALTH'
10, 6373, 27.000282807047096, 27.000282807047096, 'APPROACH-STEALTH'
10, 6374, 27.000276018497622, 27.000276018497622, 'APPROACH-STEALTH'
10, 6375, 27.000269229948152, 27.000269229948152, 'APPROACH-STEALTH'
10, 6376, 27.00026244139868, 27.00026244139868, 'APPROACH-STEALTH'
10, 6377, 27.00025565284921, 27.00025565284921, 'APPROACH-STEALTH'
10, 6378, 27.000248864299735, 27.000248864299735, 'APPROACH-STEALTH'
10, 6379, 27.000242075750265, 27.000242075750265, 'APPROACH-STEALTH'
10, 6380, 27.000239827217325, 27.000239827217325, 'APPROACH-STEALTH'
10, 6381, 27.000237578684384, 27.000237578684384, 'APPROACH-STEALTH'
10, 6382, 27.000235330151444, 27.000235330151444, 'APPROACH-STEALTH'
10, 6383, 27.000233081618504, 27.000233081618504, 'APPROACH-STEALTH'
10, 6384, 27.000230833085563, 27.000230833085563, 'APPROACH-STEALTH'
10, 6385, 27.000228584552623, 27.000228584552623, 'APPROACH-STEALTH'
10, 6386, 27.000226336019683, 27.000226336019683, 'APPROACH-STEALTH'
10, 6387, 27.000224087486743, 27.000224087486743, 'APPROACH-STEALTH'
10, 6388, 27.000221838953802, 27.000221838953802, 'APPROACH-STEALTH'
10, 6389, 27.000219590420862, 27.000219590420862, 'APPROACH-STEALTH'
10, 6390, 27.00021734188792, 27.00021734188792, 'APPROACH-STEALTH'
10, 6391, 27.00021509335498, 27.00021509335498, 'APPROACH-STEALTH'
10, 6392, 27.00021284482204, 27.00021284482204, 'APPROACH-STEALTH'
10, 6393, 27.0002105962891, 27.0002105962891, 'APPROACH-STEALTH'
10, 6394, 27.00020834775616, 27.00020834775616, 'APPROACH-STEALTH'
10, 6395, 27.00020609922322, 27.00020609922322, 'APPROACH-STEALTH'
10, 6396, 27.00020160215734, 27.00020160215734, 'APPROACH-BLIND'
10, 6397, 27.00019710509146, 27.00019710509146, 'APPROACH-BLIND'
10, 6398, 27.00019260802558, 27.00019260802558, 'APPROACH-BLIND'
10, 6399, 27.000188110959698, 27.000188110959698, 'APPROACH-BLIND'
10, 6400, 27.000185862426758, 27.000185862426758, 'APPROACH-STEALTH'
10, 6401, 27.000183613893817, 27.000183613893817, 'APPROACH-STEALTH'
10, 6402, 27.000181365360877, 27.000181365360877, 'APPROACH-STEALTH'
10, 6403, 27.000179116827937, 27.000179116827937, 'APPROACH-STEALTH'
10, 6404, 27.000176868294997, 27.000176868294997, 'APPROACH-STEALTH'
10, 6405, 27.000174619762056, 27.000174619762056, 'APPROACH-STEALTH'
10, 6406, 27.000172371229116, 27.000172371229116, 'APPROACH-STEALTH'
10, 6407, 27.000170122696176, 27.000170122696176, 'APPROACH-STEALTH'
10, 6408, 27.000167874163235, 27.000167874163235, 'APPROACH-STEALTH'
10, 6409, 27.000165625630295, 27.000165625630295, 'APPROACH-STEALTH'
10, 6410, 27.000163377097355, 27.000163377097355, 'APPROACH-STEALTH'
10, 6411, 27.000161128564415, 27.000161128564415, 'APPROACH-STEALTH'
10, 6412, 27.000158880031474, 27.000158880031474, 'APPROACH-STEALTH'
10, 6413, 27.000156631498534, 27.000156631498534, 'APPROACH-STEALTH'
10, 6414, 27.000154382965594, 27.000154382965594, 'APPROACH-STEALTH'
10, 6415, 27.000152134432653, 27.000152134432653, 'APPROACH-STEALTH'
10, 6416, 27.000149885899713, 27.000149885899713, 'APPROACH-STEALTH'
10, 6417, 27.000147637366773, 27.000147637366773, 'APPROACH-STEALTH'
10, 6418, 27.000145388833833, 27.000145388833833, 'APPROACH-STEALTH'
10, 6419, 27.000143140300892, 27.000143140300892, 'APPROACH-STEALTH'
10, 6420, 27.000140891767952, 27.000140891767952, 'APPROACH-STEALTH'
10, 6421, 27.00013864323501, 27.00013864323501, 'APPROACH-STEALTH'
10, 6422, 27.00013639470207, 27.00013639470207, 'APPROACH-STEALTH'
10, 6423, 27.00013414616913, 27.00013414616913, 'APPROACH-STEALTH'
10, 6424, 27.00013189763619, 27.00013189763619, 'APPROACH-STEALTH'
10, 6425, 27.00012964910325, 27.00012964910325, 'APPROACH-STEALTH'
10, 6426, 27.00012740057031, 27.00012740057031, 'APPROACH-STEALTH'
10, 6427, 27.00012515203737, 27.00012515203737, 'APPROACH-STEALTH'
10, 6428, 27.00012290350443, 27.00012290350443, 'APPROACH-STEALTH'
10, 6429, 27.00012065497149, 27.00012065497149, 'APPROACH-STEALTH'
10, 6430, 27.00011840643855, 27.00011840643855, 'APPROACH-STEALTH'
10, 6431, 27.00011615790561, 27.00011615790561, 'APPROACH-STEALTH'
10, 6432, 27.00011390937267, 27.00011390937267, 'APPROACH-STEALTH'
10, 6433, 27.00011166083973, 27.00011166083973, 'APPROACH-STEALTH'
10, 6434, 27.000109412306788, 27.000109412306788, 'APPROACH-STEALTH'
10, 6435, 27.000107163773848, 27.000107163773848, 'APPROACH-STEALTH'
10, 6436, 27.000104915240907, 27.000104915240907, 'APPROACH-STEALTH'
10, 6437, 27.000102666707967, 27.000102666707967, 'APPROACH-STEALTH'
10, 6438, 27.000100418175027, 27.000100418175027, 'APPROACH-STEALTH'
10, 6439, 27.000098169642087, 27.000098169642087, 'APPROACH-STEALTH'
10, 6440, 27.000095921109146, 27.000095921109146, 'APPROACH-STEALTH'
10, 6441, 27.000093672576206, 27.000093672576206, 'APPROACH-STEALTH'
10, 6442, 27.000091424043266, 27.000091424043266, 'APPROACH-STEALTH'
10, 6443, 27.000089175510325, 27.000089175510325, 'APPROACH-STEALTH'
10, 6444, 27.000084678444445, 27.000084678444445, 'APPROACH-BLIND'
10, 6445, 27.000080181378564, 27.000080181378564, 'APPROACH-BLIND'
10, 6446, 27.00007869184092, 27.00007869184092, 'APPROACH-BLIND'
10, 6447, 27.000077202303274, 27.000077202303274, 'APPROACH-BLIND'
10, 6448, 27.00007571276563, 27.00007571276563, 'APPROACH-BLIND'
10, 6449, 27.000074223227983, 27.000074223227983, 'APPROACH-BLIND'
10, 6450, 27.000072733690338, 27.000072733690338, 'APPROACH-BLIND'
10, 6451, 27.000071988921515, 27.000071988921515, 'APPROACH-STEALTH'
10, 6452, 27.000071244152693, 27.000071244152693, 'APPROACH-STEALTH'
10, 6453, 27.00007049938387, 27.00007049938387, 'APPROACH-STEALTH'
10, 6454, 27.000069754615048, 27.000069754615048, 'APPROACH-STEALTH'
10, 6455, 27.000069009846225, 27.000069009846225, 'APPROACH-STEALTH'
10, 6456, 27.000068265077402, 27.000068265077402, 'APPROACH-STEALTH'
10, 6457, 27.00006752030858, 27.00006752030858, 'APPROACH-STEALTH'
10, 6458, 27.000066775539757, 27.000066775539757, 'APPROACH-STEALTH'
10, 6459, 27.000066030770935, 27.000066030770935, 'APPROACH-STEALTH'
10, 6460, 27.000065286002112, 27.000065286002112, 'APPROACH-STEALTH'
10, 6461, 27.00006454123329, 27.00006454123329, 'APPROACH-STEALTH'
10, 6462, 27.000063796464467, 27.000063796464467, 'APPROACH-STEALTH'
10, 6463, 27.000063051695644, 27.000063051695644, 'APPROACH-STEALTH'
10, 6464, 27.00006230692682, 27.00006230692682, 'APPROACH-STEALTH'
10, 6465, 27.000061562158, 27.000061562158, 'APPROACH-STEALTH'
10, 6466, 27.000060817389176, 27.000060817389176, 'APPROACH-STEALTH'
10, 6467, 27.000060072620354, 27.000060072620354, 'APPROACH-STEALTH'
10, 6468, 27.00005932785153, 27.00005932785153, 'APPROACH-STEALTH'
10, 6469, 27.00005858308271, 27.00005858308271, 'APPROACH-STEALTH'
10, 6470, 27.000057838313886, 27.000057838313886, 'APPROACH-STEALTH'
10, 6471, 27.000057093545063, 27.000057093545063, 'APPROACH-STEALTH'
10, 6472, 27.00005634877624, 27.00005634877624, 'APPROACH-STEALTH'
10, 6473, 27.000055604007418, 27.000055604007418, 'APPROACH-STEALTH'
10, 6474, 27.000054859238595, 27.000054859238595, 'APPROACH-STEALTH'
10, 6475, 27.000054114469773, 27.000054114469773, 'APPROACH-STEALTH'
10, 6476, 27.00005336970095, 27.00005336970095, 'APPROACH-STEALTH'
10, 6477, 27.000052624932128, 27.000052624932128, 'APPROACH-STEALTH'
10, 6478, 27.000051880163305, 27.000051880163305, 'APPROACH-STEALTH'
10, 6479, 27.000051135394482, 27.000051135394482, 'APPROACH-STEALTH'
10, 6480, 27.00005039062566, 27.00005039062566, 'APPROACH-STEALTH'
10, 6481, 27.000049645856837, 27.000049645856837, 'APPROACH-STEALTH'
10, 6482, 27.000048901088014, 27.000048901088014, 'APPROACH-STEALTH'
10, 6483, 27.000048156319192, 27.000048156319192, 'APPROACH-STEALTH'
10, 6484, 27.00004741155037, 27.00004741155037, 'APPROACH-STEALTH'
10, 6485, 27.000046666781547, 27.000046666781547, 'APPROACH-STEALTH'
10, 6486, 27.000045922012724, 27.000045922012724, 'APPROACH-STEALTH'
10, 6487, 27.0000451772439, 27.0000451772439, 'APPROACH-STEALTH'
10, 6488, 27.00004443247508, 27.00004443247508, 'APPROACH-STEALTH'
10, 6489, 27.000043687706256, 27.000043687706256, 'APPROACH-STEALTH'
10, 6490, 27.000042942937434, 27.000042942937434, 'APPROACH-STEALTH'
10, 6491, 27.00004219816861, 27.00004219816861, 'APPROACH-STEALTH'
10, 6492, 27.00004145339979, 27.00004145339979, 'APPROACH-STEALTH'
10, 6493, 27.000040708630966, 27.000040708630966, 'APPROACH-STEALTH'
10, 6494, 27.000039963862143, 27.000039963862143, 'APPROACH-STEALTH'
10, 6495, 27.00003921909332, 27.00003921909332, 'APPROACH-STEALTH'
10, 6496, 27.000038474324498, 27.000038474324498, 'APPROACH-STEALTH'
10, 6497, 27.000037729555675, 27.000037729555675, 'APPROACH-STEALTH'
10, 6498, 27.000036984786853, 27.000036984786853, 'APPROACH-STEALTH'
10, 6499, 27.00003624001803, 27.00003624001803, 'APPROACH-STEALTH'
10, 6500, 27.000035495249207, 27.000035495249207, 'APPROACH-STEALTH'
10, 6501, 27.000034750480385, 27.000034750480385, 'APPROACH-STEALTH'
10, 6502, 27.000034005711562, 27.000034005711562, 'APPROACH-STEALTH'
10, 6503, 27.00003326094274, 27.00003326094274, 'APPROACH-STEALTH'
10, 6504, 27.000032516173917, 27.000032516173917, 'APPROACH-STEALTH'
10, 6505, 27.000031771405094, 27.000031771405094, 'APPROACH-STEALTH'
10, 6506, 27.00003102663627, 27.00003102663627, 'APPROACH-STEALTH'
10, 6507, 27.00003028186745, 27.00003028186745, 'APPROACH-STEALTH'
10, 6508, 27.000029537098627, 27.000029537098627, 'APPROACH-STEALTH'
10, 6509, 27.000028792329804, 27.000028792329804, 'APPROACH-STEALTH'
10, 6510, 27.00002804756098, 27.00002804756098, 'APPROACH-STEALTH'
10, 6511, 27.00002730279216, 27.00002730279216, 'APPROACH-STEALTH'
10, 6512, 27.000026558023336, 27.000026558023336, 'APPROACH-STEALTH'
10, 6513, 27.000026311337784, 27.000026311337784, 'APPROACH-STEALTH'
10, 6514, 27.000026064652232, 27.000026064652232, 'APPROACH-STEALTH'
10, 6515, 27.00002581796668, 27.00002581796668, 'APPROACH-STEALTH'
10, 6516, 27.000025571281128, 27.000025571281128, 'APPROACH-STEALTH'
10, 6517, 27.000025324595573, 27.000025324595573, 'APPROACH-STEALTH'
10, 6518, 27.00002507791002, 27.00002507791002, 'APPROACH-STEALTH'
10, 6519, 27.000024831224465, 27.000024831224465, 'APPROACH-STEALTH'
10, 6520, 27.000024584538913, 27.000024584538913, 'APPROACH-STEALTH'
10, 6521, 27.000024337853358, 27.000024337853358, 'APPROACH-STEALTH'
10, 6522, 27.000024091167806, 27.000024091167806, 'APPROACH-STEALTH'
10, 6523, 27.00002384448225, 27.00002384448225, 'APPROACH-STEALTH'
10, 6524, 27.000023597796698, 27.000023597796698, 'APPROACH-STEALTH'
10, 6525, 27.000023351111142, 27.000023351111142, 'APPROACH-STEALTH'
10, 6526, 27.00002310442559, 27.00002310442559, 'APPROACH-STEALTH'
10, 6527, 27.000022857740035, 27.000022857740035, 'APPROACH-STEALTH'
10, 6528, 27.000022611054483, 27.000022611054483, 'APPROACH-STEALTH'
10, 6529, 27.000022364368927, 27.000022364368927, 'APPROACH-STEALTH'
10, 6530, 27.000022117683375, 27.000022117683375, 'APPROACH-STEALTH'
10, 6531, 27.00002187099782, 27.00002187099782, 'APPROACH-STEALTH'
10, 6532, 27.000021624312268, 27.000021624312268, 'APPROACH-STEALTH'
10, 6533, 27.000021377626712, 27.000021377626712, 'APPROACH-STEALTH'
10, 6534, 27.00002113094116, 27.00002113094116, 'APPROACH-STEALTH'
10, 6535, 27.000020884255605, 27.000020884255605, 'APPROACH-STEALTH'
10, 6536, 27.000020637570053, 27.000020637570053, 'APPROACH-STEALTH'
10, 6537, 27.000020390884497, 27.000020390884497, 'APPROACH-STEALTH'
10, 6538, 27.000020144198945, 27.000020144198945, 'APPROACH-STEALTH'
10, 6539, 27.00001989751339, 27.00001989751339, 'APPROACH-STEALTH'
10, 6540, 27.000019650827838, 27.000019650827838, 'APPROACH-STEALTH'
10, 6541, 27.000019404142282, 27.000019404142282, 'APPROACH-STEALTH'
10, 6542, 27.00001915745673, 27.00001915745673, 'APPROACH-STEALTH'
10, 6543, 27.000018910771175, 27.000018910771175, 'APPROACH-STEALTH'
10, 6544, 27.000018664085623, 27.000018664085623, 'APPROACH-STEALTH'
10, 6545, 27.000018417400067, 27.000018417400067, 'APPROACH-STEALTH'
10, 6546, 27.000018170714515, 27.000018170714515, 'APPROACH-STEALTH'
10, 6547, 27.00001792402896, 27.00001792402896, 'APPROACH-STEALTH'
10, 6548, 27.000017677343408, 27.000017677343408, 'APPROACH-STEALTH'
10, 6549, 27.000017430657852, 27.000017430657852, 'APPROACH-STEALTH'
10, 6550, 27.0000171839723, 27.0000171839723, 'APPROACH-STEALTH'
10, 6551, 27.000016937286745, 27.000016937286745, 'APPROACH-STEALTH'
10, 6552, 27.000016690601193, 27.000016690601193, 'APPROACH-STEALTH'
10, 6553, 27.000016443915637, 27.000016443915637, 'APPROACH-STEALTH'
10, 6554, 27.000016197230085, 27.000016197230085, 'APPROACH-STEALTH'
10, 6555, 27.00001595054453, 27.00001595054453, 'APPROACH-STEALTH'
10, 6556, 27.000015703858978, 27.000015703858978, 'APPROACH-STEALTH'
10, 6557, 27.000015457173422, 27.000015457173422, 'APPROACH-STEALTH'
10, 6558, 27.00001521048787, 27.00001521048787, 'APPROACH-STEALTH'
10, 6559, 27.000014963802315, 27.000014963802315, 'APPROACH-STEALTH'
10, 6560, 27.000014470431207, 27.000014470431207, 'APPROACH-STEALTH'
10, 6561, 27.000014223745655, 27.000014223745655, 'APPROACH-STEALTH'
10, 6562, 27.000013730374548, 27.000013730374548, 'PURSUE'
10, 6563, 27.00001323700344, 27.00001323700344, 'APPROACH-BLIND'
10, 6564, 27.000012743632333, 27.000012743632333, 'APPROACH-BLIND'
10, 6565, 27.000012250261225, 27.000012250261225, 'APPROACH-BLIND'
10, 6566, 27.000011756890117, 27.000011756890117, 'APPROACH-BLIND'
10, 6567, 27.00001126351901, 27.00001126351901, 'APPROACH-BLIND'
10, 6568, 27.000010770147902, 27.000010770147902, 'APPROACH-BLIND'
10, 6569, 27.000010276776795, 27.000010276776795, 'APPROACH-BLIND'
10, 6570, 27.000009783405687, 27.000009783405687, 'APPROACH-BLIND'
10, 6571, 27.00000929003458, 27.00000929003458, 'APPROACH-BLIND'
10, 6572, 27.000008796663472, 27.000008796663472, 'APPROACH-BLIND'
10, 6573, 27.000008633246956, 27.000008633246956, 'APPROACH-BLIND'
10, 6574, 27.00000846983044, 27.00000846983044, 'APPROACH-BLIND'
10, 6575, 27.000008306413925, 27.000008306413925, 'APPROACH-BLIND'
10, 6576, 27.00000814299741, 27.00000814299741, 'APPROACH-BLIND'
10, 6577, 27.000007979580893, 27.000007979580893, 'APPROACH-BLIND'
10, 6578, 27.00000781616438, 27.00000781616438, 'APPROACH-BLIND'
10, 6579, 27.000007652747865, 27.000007652747865, 'APPROACH-BLIND'
10, 6580, 27.000007489331352, 27.000007489331352, 'APPROACH-BLIND'
10, 6581, 27.000007325914837, 27.000007325914837, 'APPROACH-BLIND'
10, 6582, 27.000007162498324, 27.000007162498324, 'APPROACH-STEALTH'
10, 6583, 27.00000699908181, 27.00000699908181, 'APPROACH-STEALTH'
10, 6584, 27.000006835665296, 27.000006835665296, 'APPROACH-STEALTH'
10, 6585, 27.000006753957038, 27.000006753957038, 'APPROACH-STEALTH'
10, 6586, 27.00000667224878, 27.00000667224878, 'APPROACH-STEALTH'
10, 6587, 27.000006590540522, 27.000006590540522, 'APPROACH-STEALTH'
10, 6588, 27.000006508832264, 27.000006508832264, 'APPROACH-STEALTH'
10, 6589, 27.000006427124006, 27.000006427124006, 'APPROACH-STEALTH'
10, 6590, 27.00000634541575, 27.00000634541575, 'APPROACH-STEALTH'
10, 6591, 27.00000626370749, 27.00000626370749, 'APPROACH-STEALTH'
10, 6592, 27.000006181999233, 27.000006181999233, 'APPROACH-STEALTH'
10, 6593, 27.000006100290975, 27.000006100290975, 'APPROACH-STEALTH'
10, 6594, 27.000006018582717, 27.000006018582717, 'APPROACH-STEALTH'
10, 6595, 27.00000593687446, 27.00000593687446, 'APPROACH-STEALTH'
10, 6596, 27.0000058551662, 27.0000058551662, 'APPROACH-STEALTH'
10, 6597, 27.000005773457943, 27.000005773457943, 'APPROACH-STEALTH'
10, 6598, 27.000005691749685, 27.000005691749685, 'APPROACH-STEALTH'
10, 6599, 27.000005610041427, 27.000005610041427, 'APPROACH-STEALTH'
10, 6600, 27.00000552833317, 27.00000552833317, 'APPROACH-STEALTH'
10, 6601, 27.00000544662491, 27.00000544662491, 'APPROACH-STEALTH'
10, 6602, 27.000005364916653, 27.000005364916653, 'APPROACH-STEALTH'
10, 6603, 27.000005283208395, 27.000005283208395, 'APPROACH-STEALTH'
10, 6604, 27.000005201500137, 27.000005201500137, 'APPROACH-STEALTH'
10, 6605, 27.00000511979188, 27.00000511979188, 'APPROACH-STEALTH'
10, 6606, 27.00000503808362, 27.00000503808362, 'APPROACH-STEALTH'
10, 6607, 27.000004956375363, 27.000004956375363, 'APPROACH-STEALTH'
10, 6608, 27.000004874667106, 27.000004874667106, 'APPROACH-STEALTH'
10, 6609, 27.000004792958848, 27.000004792958848, 'APPROACH-STEALTH'
10, 6610, 27.00000471125059, 27.00000471125059, 'APPROACH-STEALTH'
10, 6611, 27.00000462954233, 27.00000462954233, 'APPROACH-STEALTH'
10, 6612, 27.000004547834074, 27.000004547834074, 'APPROACH-STEALTH'
10, 6613, 27.000004466125816, 27.000004466125816, 'APPROACH-STEALTH'
10, 6614, 27.000004384417558, 27.000004384417558, 'APPROACH-STEALTH'
10, 6615, 27.0000043027093, 27.0000043027093, 'APPROACH-STEALTH'
10, 6616, 27.000004221001042, 27.000004221001042, 'APPROACH-STEALTH'
10, 6617, 27.000004139292784, 27.000004139292784, 'APPROACH-STEALTH'
10, 6618, 27.000004057584526, 27.000004057584526, 'APPROACH-STEALTH'
10, 6619, 27.000003975876268, 27.000003975876268, 'APPROACH-STEALTH'
10, 6620, 27.00000389416801, 27.00000389416801, 'APPROACH-STEALTH'
10, 6621, 27.000003812459752, 27.000003812459752, 'APPROACH-STEALTH'
10, 6622, 27.000003730751494, 27.000003730751494, 'APPROACH-STEALTH'
10, 6623, 27.000003649043236, 27.000003649043236, 'APPROACH-STEALTH'
10, 6624, 27.00000356733498, 27.00000356733498, 'APPROACH-STEALTH'
10, 6625, 27.00000348562672, 27.00000348562672, 'APPROACH-STEALTH'
10, 6626, 27.000003403918463, 27.000003403918463, 'APPROACH-STEALTH'
10, 6627, 27.000003322210205, 27.000003322210205, 'APPROACH-STEALTH'
10, 6628, 27.00000324050195, 27.00000324050195, 'APPROACH-STEALTH'
10, 6629, 27.000003158793692, 27.000003158793692, 'APPROACH-STEALTH'
10, 6630, 27.000003077085438, 27.000003077085438, 'APPROACH-STEALTH'
10, 6631, 27.00000299537718, 27.00000299537718, 'APPROACH-STEALTH'
10, 6632, 27.000002913668926, 27.000002913668926, 'APPROACH-STEALTH'
10, 6633, 26.987556846523407, 26.987556846523407, 'APPROACH-STEALTH'
10, 6634, 26.97511077937789, 26.97511077937789, 'APPROACH-STEALTH'
10, 6635, 26.96266471223237, 26.96266471223237, 'APPROACH-STEALTH'
10, 6636, 26.95021864508685, 26.95021864508685, 'APPROACH-STEALTH'
10, 6637, 26.937772577941328, 26.937772577941328, 'APPROACH-STEALTH'
10, 6638, 26.925326510795806, 26.925326510795806, 'APPROACH-STEALTH'
10, 6639, 26.912880443650284, 26.912880443650284, 'APPROACH-STEALTH'
10, 6640, 26.900434376504762, 26.900434376504762, 'APPROACH-STEALTH'
10, 6641, 26.88798830935924, 26.88798830935924, 'APPROACH-STEALTH'
10, 6642, 26.87554224221372, 26.87554224221372, 'APPROACH-STEALTH'
10, 6643, 26.863096175068197, 26.863096175068197, 'APPROACH-STEALTH'
10, 6644, 26.850650107922675, 26.850650107922675, 'APPROACH-STEALTH'
10, 6645, 26.838204040777153, 26.838204040777153, 'APPROACH-STEALTH'
10, 6646, 26.82575797363163, 26.82575797363163, 'APPROACH-STEALTH'
10, 6647, 26.81331190648611, 26.81331190648611, 'APPROACH-STEALTH'
10, 6648, 26.800865839340588, 26.800865839340588, 'APPROACH-STEALTH'
10, 6649, 26.788419772195066, 26.788419772195066, 'APPROACH-STEALTH'
10, 6650, 26.775973705049545, 26.775973705049545, 'APPROACH-STEALTH'
10, 6651, 26.763527637904023, 26.763527637904023, 'APPROACH-STEALTH'
10, 6652, 26.7510815707585, 26.7510815707585, 'APPROACH-STEALTH'
10, 6653, 26.73863550361298, 26.73863550361298, 'APPROACH-STEALTH'
10, 6654, 26.726189436467457, 26.726189436467457, 'APPROACH-STEALTH'
10, 6655, 26.713743369321936, 26.713743369321936, 'APPROACH-STEALTH'
10, 6656, 26.701297302176414, 26.701297302176414, 'APPROACH-STEALTH'
10, 6657, 26.688851235030892, 26.688851235030892, 'APPROACH-STEALTH'
10, 6658, 26.67640516788537, 26.67640516788537, 'APPROACH-STEALTH'
10, 6659, 26.66395910073985, 26.66395910073985, 'APPROACH-STEALTH'
10, 6660, 26.651513033594327, 26.651513033594327, 'APPROACH-STEALTH'
10, 6661, 26.639066966448805, 26.639066966448805, 'APPROACH-STEALTH'
10, 6662, 26.626620899303283, 26.626620899303283, 'APPROACH-STEALTH'
10, 6663, 26.61417483215776, 26.61417483215776, 'APPROACH-STEALTH'
10, 6664, 26.60172876501224, 26.60172876501224, 'APPROACH-STEALTH'
10, 6665, 26.589282697866718, 26.589282697866718, 'APPROACH-STEALTH'
10, 6666, 26.576836630721196, 26.576836630721196, 'APPROACH-STEALTH'
10, 6667, 26.564390563575675, 26.564390563575675, 'APPROACH-STEALTH'
10, 6668, 26.551944496430153, 26.551944496430153, 'APPROACH-STEALTH'
10, 6669, 26.53949842928463, 26.53949842928463, 'APPROACH-STEALTH'
10, 6670, 26.52705236213911, 26.52705236213911, 'APPROACH-STEALTH'
10, 6671, 26.514606294993587, 26.514606294993587, 'APPROACH-STEALTH'
10, 6672, 26.502160227848066, 26.502160227848066, 'APPROACH-STEALTH'
10, 6673, 26.489714160702544, 26.489714160702544, 'APPROACH-STEALTH'
10, 6674, 26.48462148316712, 26.48462148316712, 'APPROACH-STEALTH'
10, 6675, 26.4795288056317, 26.4795288056317, 'APPROACH-STEALTH'
10, 6676, 26.474436128096276, 26.474436128096276, 'APPROACH-STEALTH'
10, 6677, 26.469343450560853, 26.469343450560853, 'APPROACH-STEALTH'
10, 6678, 26.46425077302543, 26.46425077302543, 'APPROACH-STEALTH'
10, 6679, 26.459158095490007, 26.459158095490007, 'APPROACH-STEALTH'
10, 6680, 26.454065417954585, 26.454065417954585, 'APPROACH-STEALTH'
10, 6681, 26.448972740419162, 26.448972740419162, 'APPROACH-STEALTH'
10, 6682, 26.44388006288374, 26.44388006288374, 'APPROACH-STEALTH'
10, 6683, 26.438787385348316, 26.438787385348316, 'APPROACH-STEALTH'
10, 6684, 26.433694707812894, 26.433694707812894, 'APPROACH-STEALTH'
10, 6685, 26.42860203027747, 26.42860203027747, 'APPROACH-STEALTH'
10, 6686, 26.423509352742048, 26.423509352742048, 'APPROACH-STEALTH'
10, 6687, 26.418416675206625, 26.418416675206625, 'APPROACH-STEALTH'
10, 6688, 26.408231320135783, 26.408231320135783, 'APPROACH-BLIND'
10, 6689, 26.39804596506494, 26.39804596506494, 'APPROACH-BLIND'
10, 6690, 26.3878606099941, 26.3878606099941, 'APPROACH-BLIND'
10, 6691, 26.377675254923258, 26.377675254923258, 'APPROACH-BLIND'
10, 6692, 26.367489899852416, 26.367489899852416, 'APPROACH-BLIND'
10, 6693, 26.357304544781574, 26.357304544781574, 'APPROACH-BLIND'
10, 6694, 26.34711918971073, 26.34711918971073, 'APPROACH-BLIND'
10, 6695, 26.33693383463989, 26.33693383463989, 'APPROACH-BLIND'
10, 6696, 26.326748479569048, 26.326748479569048, 'APPROACH-BLIND'
10, 6697, 26.316563124498202, 26.316563124498202, 'APPROACH-BLIND'
10, 6698, 26.30637776942736, 26.30637776942736, 'APPROACH-BLIND'
10, 6699, 26.296192414356515, 26.296192414356515, 'APPROACH-BLIND'
10, 6700, 26.286007059285673, 26.286007059285673, 'APPROACH-BLIND'
10, 6701, 26.27582170421483, 26.27582170421483, 'APPROACH-BLIND'
10, 6702, 26.265636349143985, 26.265636349143985, 'APPROACH-BLIND'
10, 6703, 26.255450994073144, 26.255450994073144, 'APPROACH-BLIND'
10, 6704, 26.245265639002298, 26.245265639002298, 'APPROACH-BLIND'
10, 6705, 26.235080283931456, 26.235080283931456, 'APPROACH-BLIND'
10, 6706, 26.22489492886061, 26.22489492886061, 'APPROACH-BLIND'
10, 6707, 26.21470957378977, 26.21470957378977, 'APPROACH-BLIND'
10, 6708, 26.204524218718927, 26.204524218718927, 'APPROACH-BLIND'
10, 6709, 26.19433886364808, 26.19433886364808, 'APPROACH-STEALTH'
10, 6710, 26.218031411867646, 26.218031411867646, 'APPROACH-STEALTH'
10, 6711, 26.229877685977428, 26.229877685977428, 'APPROACH-STEALTH'
10, 6712, 26.24172396008721, 26.24172396008721, 'APPROACH-STEALTH'
10, 6713, 26.253570234196992, 26.253570234196992, 'APPROACH-STEALTH'
10, 6714, 26.265416508306775, 26.265416508306775, 'APPROACH-STEALTH'
10, 6715, 26.277262782416557, 26.277262782416557, 'APPROACH-STEALTH'
10, 6716, 26.28910905652634, 26.28910905652634, 'APPROACH-STEALTH'
10, 6717, 26.30095533063612, 26.30095533063612, 'APPROACH-STEALTH'
10, 6718, 26.312801604745903, 26.312801604745903, 'APPROACH-STEALTH'
10, 6719, 26.324647878855686, 26.324647878855686, 'APPROACH-STEALTH'
10, 6720, 26.336494152965468, 26.336494152965468, 'APPROACH-STEALTH'
10, 6721, 26.34834042707525, 26.34834042707525, 'APPROACH-STEALTH'
10, 6722, 26.360186701185032, 26.360186701185032, 'APPROACH-STEALTH'
10, 6723, 26.372032975294815, 26.372032975294815, 'APPROACH-STEALTH'
10, 6724, 26.383879249404597, 26.383879249404597, 'APPROACH-STEALTH'
10, 6725, 26.39572552351438, 26.39572552351438, 'APPROACH-STEALTH'
10, 6726, 26.40757179762416, 26.40757179762416, 'APPROACH-STEALTH'
10, 6727, 26.419418071733944, 26.419418071733944, 'APPROACH-STEALTH'
10, 6728, 26.431264345843726, 26.431264345843726, 'APPROACH-STEALTH'
10, 6729, 26.443110619953508, 26.443110619953508, 'APPROACH-STEALTH'
10, 6730, 26.45495689406329, 26.45495689406329, 'APPROACH-STEALTH'
10, 6731, 26.466803168173072, 26.466803168173072, 'APPROACH-STEALTH'
10, 6732, 26.478649442282855, 26.478649442282855, 'APPROACH-STEALTH'
10, 6733, 26.490495716392637, 26.490495716392637, 'APPROACH-STEALTH'
10, 6734, 26.50234199050242, 26.50234199050242, 'APPROACH-STEALTH'
10, 6735, 26.51595226669938, 26.51595226669938, 'APPROACH-STEALTH'
10, 6736, 26.52956254289634, 26.52956254289634, 'APPROACH-STEALTH'
10, 6737, 26.5431728190933, 26.5431728190933, 'APPROACH-STEALTH'
10, 6738, 26.55678309529026, 26.55678309529026, 'APPROACH-STEALTH'
10, 6739, 26.57039337148722, 26.57039337148722, 'APPROACH-STEALTH'
10, 6740, 26.58400364768418, 26.58400364768418, 'APPROACH-STEALTH'
10, 6741, 26.59761392388114, 26.59761392388114, 'APPROACH-STEALTH'
10, 6742, 26.6112242000781, 26.6112242000781, 'APPROACH-STEALTH'
10, 6743, 26.624834476275062, 26.624834476275062, 'APPROACH-STEALTH'
10, 6744, 26.638444752472022, 26.638444752472022, 'APPROACH-STEALTH'
10, 6745, 26.652055028668983, 26.652055028668983, 'APPROACH-STEALTH'
10, 6746, 26.665665304865943, 26.665665304865943, 'APPROACH-STEALTH'
10, 6747, 26.679275581062903, 26.679275581062903, 'APPROACH-STEALTH'
10, 6748, 26.692885857259864, 26.692885857259864, 'APPROACH-STEALTH'
10, 6749, 26.706496133456824, 26.706496133456824, 'APPROACH-STEALTH'
10, 6750, 26.720106409653784, 26.720106409653784, 'APPROACH-STEALTH'
10, 6751, 26.733716685850744, 26.733716685850744, 'APPROACH-STEALTH'
10, 6752, 26.747326962047705, 26.747326962047705, 'APPROACH-STEALTH'
10, 6753, 26.760937238244665, 26.760937238244665, 'APPROACH-STEALTH'
10, 6754, 26.774547514441625, 26.774547514441625, 'APPROACH-STEALTH'
10, 6755, 26.788157790638586, 26.788157790638586, 'APPROACH-STEALTH'
10, 6756, 26.801768066835546, 26.801768066835546, 'APPROACH-STEALTH'
10, 6757, 26.815378343032506, 26.815378343032506, 'APPROACH-STEALTH'
10, 6758, 26.828988619229467, 26.828988619229467, 'APPROACH-STEALTH'
10, 6759, 26.842598895426427, 26.842598895426427, 'APPROACH-STEALTH'
10, 6760, 26.869819447820344, 26.869819447820344, 'APPROACH-STEALTH'
10, 6761, 26.89704000021426, 26.89704000021426, 'APPROACH-STEALTH'
10, 6762, 26.924260552608178, 26.924260552608178, 'APPROACH-STEALTH'
10, 6763, 26.951481105002095, 26.951481105002095, 'APPROACH-STEALTH'
10, 6764, 26.978701657396012, 26.978701657396012, 'APPROACH-STEALTH'
10, 6765, 27.00592220978993, 27.00592220978993, 'APPROACH-STEALTH'
10, 6766, 27.033142762183846, 27.033142762183846, 'APPROACH-STEALTH'
10, 6767, 27.060363314577764, 27.060363314577764, 'APPROACH-STEALTH'
10, 6768, 27.08758386697168, 27.08758386697168, 'APPROACH-STEALTH'
10, 6769, 27.10119414316864, 27.10119414316864, 'APPROACH-STEALTH'
10, 6770, 27.1148044193656, 27.1148044193656, 'APPROACH-STEALTH'
10, 6771, 27.12841469556256, 27.12841469556256, 'APPROACH-STEALTH'
10, 6772, 27.142024971759522, 27.142024971759522, 'APPROACH-STEALTH'
10, 6773, 27.155635247956482, 27.155635247956482, 'APPROACH-STEALTH'
10, 6774, 27.169245524153443, 27.169245524153443, 'APPROACH-STEALTH'
10, 6775, 27.182855800350403, 27.182855800350403, 'APPROACH-STEALTH'
10, 6776, 27.196466076547363, 27.196466076547363, 'APPROACH-STEALTH'
10, 6777, 27.210076352744323, 27.210076352744323, 'APPROACH-STEALTH'
10, 6778, 27.223686628941284, 27.223686628941284, 'APPROACH-STEALTH'
10, 6779, 27.237296905138244, 27.237296905138244, 'APPROACH-STEALTH'
10, 6780, 27.250907181335204, 27.250907181335204, 'APPROACH-STEALTH'
10, 6781, 27.264517457532165, 27.264517457532165, 'APPROACH-STEALTH'
10, 6782, 27.278127733729125, 27.278127733729125, 'APPROACH-STEALTH'
10, 6783, 27.291738009926085, 27.291738009926085, 'APPROACH-STEALTH'
10, 6784, 27.305348286123046, 27.305348286123046, 'APPROACH-STEALTH'
10, 6785, 27.318958562320006, 27.318958562320006, 'APPROACH-STEALTH'
10, 6786, 27.332568838516966, 27.332568838516966, 'APPROACH-STEALTH'
10, 6787, 27.346179114713927, 27.346179114713927, 'APPROACH-STEALTH'
10, 6788, 27.359789390910887, 27.359789390910887, 'APPROACH-STEALTH'
10, 6789, 27.373399667107847, 27.373399667107847, 'APPROACH-STEALTH'
10, 6790, 27.387009943304808, 27.387009943304808, 'APPROACH-STEALTH'
10, 6791, 27.414230495698725, 27.414230495698725, 'APPROACH-BLIND'
10, 6792, 27.44145104809264, 27.44145104809264, 'APPROACH-BLIND'
10, 6793, 27.46867160048656, 27.46867160048656, 'APPROACH-BLIND'
10, 6794, 27.495892152880476, 27.495892152880476, 'APPROACH-BLIND'
10, 6795, 27.523112705274393, 27.523112705274393, 'APPROACH-BLIND'
10, 6796, 27.534187197483458, 27.534187197483458, 'PURSUE'
10, 6797, 27.545261689692524, 27.545261689692524, 'PURSUE'
10, 6798, 27.55633618190159, 27.55633618190159, 'PURSUE'
10, 6799, 27.567410674110654, 27.567410674110654, 'PURSUE'
10, 6800, 27.57848516631972, 27.57848516631972, 'PURSUE'
10, 6801, 27.589559658528785, 27.589559658528785, 'APPROACH-BLIND'
10, 6802, 27.60063415073785, 27.60063415073785, 'APPROACH-BLIND'
10, 6803, 27.611708642946915, 27.611708642946915, 'APPROACH-BLIND'
10, 6804, 27.62278313515598, 27.62278313515598, 'APPROACH-BLIND'
10, 6805, 27.633857627365046, 27.633857627365046, 'APPROACH-BLIND'
10, 6806, 27.64493211957411, 27.64493211957411, 'APPROACH-BLIND'
10, 6807, 27.656006611783177, 27.656006611783177, 'APPROACH-BLIND'
10, 6808, 27.667081103992242, 27.667081103992242, 'APPROACH-BLIND'
10, 6809, 27.678155596201307, 27.678155596201307, 'APPROACH-BLIND'
10, 6810, 27.689230088410373, 27.689230088410373, 'APPROACH-BLIND'
10, 6811, 27.700304580619438, 27.700304580619438, 'APPROACH-BLIND'
10, 6812, 27.70584182672397, 27.70584182672397, 'APPROACH-STEALTH'
10, 6813, 27.7113790728285, 27.7113790728285, 'APPROACH-STEALTH'
10, 6814, 27.71691631893303, 27.71691631893303, 'APPROACH-STEALTH'
10, 6815, 27.72245356503756, 27.72245356503756, 'APPROACH-STEALTH'
10, 6816, 27.727990811142092, 27.727990811142092, 'APPROACH-STEALTH'
10, 6817, 27.733528057246623, 27.733528057246623, 'APPROACH-STEALTH'
10, 6818, 27.739065303351154, 27.739065303351154, 'APPROACH-STEALTH'
10, 6819, 27.744602549455685, 27.744602549455685, 'APPROACH-STEALTH'
10, 6820, 27.750139795560216, 27.750139795560216, 'APPROACH-STEALTH'
10, 6821, 27.755677041664747, 27.755677041664747, 'APPROACH-STEALTH'
10, 6822, 27.761214287769278, 27.761214287769278, 'APPROACH-STEALTH'
10, 6823, 27.76675153387381, 27.76675153387381, 'APPROACH-STEALTH'
10, 6824, 27.77228877997834, 27.77228877997834, 'APPROACH-STEALTH'
10, 6825, 27.77782602608287, 27.77782602608287, 'APPROACH-STEALTH'
10, 6826, 27.7833632721874, 27.7833632721874, 'APPROACH-STEALTH'
10, 6827, 27.78535073647988, 27.78535073647988, 'APPROACH-STEALTH'
10, 6828, 27.78733820077236, 27.78733820077236, 'APPROACH-STEALTH'
10, 6829, 27.78932566506484, 27.78932566506484, 'APPROACH-STEALTH'
10, 6830, 27.79131312935732, 27.79131312935732, 'APPROACH-STEALTH'
10, 6831, 27.7933005936498, 27.7933005936498, 'APPROACH-STEALTH'
10, 6832, 27.79528805794228, 27.79528805794228, 'APPROACH-STEALTH'
10, 6833, 27.79727552223476, 27.79727552223476, 'APPROACH-STEALTH'
10, 6834, 27.79926298652724, 27.79926298652724, 'APPROACH-STEALTH'
10, 6835, 27.80125045081972, 27.80125045081972, 'APPROACH-STEALTH'
10, 6836, 27.8032379151122, 27.8032379151122, 'APPROACH-STEALTH'
10, 6837, 27.80522537940468, 27.80522537940468, 'APPROACH-STEALTH'
10, 6838, 27.807212843697158, 27.807212843697158, 'APPROACH-STEALTH'
10, 6839, 27.809200307989638, 27.809200307989638, 'APPROACH-STEALTH'
10, 6840, 27.811187772282118, 27.811187772282118, 'APPROACH-STEALTH'
10, 6841, 27.813175236574597, 27.813175236574597, 'APPROACH-STEALTH'
10, 6842, 27.815162700867077, 27.815162700867077, 'APPROACH-STEALTH'
10, 6843, 27.817150165159557, 27.817150165159557, 'APPROACH-STEALTH'
10, 6844, 27.819137629452037, 27.819137629452037, 'APPROACH-STEALTH'
10, 6845, 27.821125093744516, 27.821125093744516, 'APPROACH-STEALTH'
10, 6846, 27.823112558036996, 27.823112558036996, 'APPROACH-STEALTH'
10, 6847, 27.825100022329476, 27.825100022329476, 'APPROACH-STEALTH'
10, 6848, 27.827087486621956, 27.827087486621956, 'APPROACH-STEALTH'
10, 6849, 27.829074950914436, 27.829074950914436, 'APPROACH-STEALTH'
10, 6850, 27.831062415206915, 27.831062415206915, 'APPROACH-STEALTH'
10, 6851, 27.833049879499395, 27.833049879499395, 'APPROACH-STEALTH'
10, 6852, 27.835037343791875, 27.835037343791875, 'APPROACH-STEALTH'
10, 6853, 27.83901227237683, 27.83901227237683, 'APPROACH-BLIND'
10, 6854, 27.842987200961787, 27.842987200961787, 'APPROACH-BLIND'
10, 6855, 27.846962129546743, 27.846962129546743, 'APPROACH-BLIND'
10, 6856, 27.848949593839222, 27.848949593839222, 'APPROACH-STEALTH'
10, 6857, 27.850937058131702, 27.850937058131702, 'APPROACH-STEALTH'
10, 6858, 27.852924522424182, 27.852924522424182, 'APPROACH-STEALTH'
10, 6859, 27.85491198671666, 27.85491198671666, 'APPROACH-STEALTH'
10, 6860, 27.85689945100914, 27.85689945100914, 'APPROACH-STEALTH'
10, 6861, 27.85888691530162, 27.85888691530162, 'APPROACH-STEALTH'
10, 6862, 27.8608743795941, 27.8608743795941, 'APPROACH-STEALTH'
10, 6863, 27.86286184388658, 27.86286184388658, 'APPROACH-STEALTH'
10, 6864, 27.86484930817906, 27.86484930817906, 'APPROACH-STEALTH'
10, 6865, 27.86683677247154, 27.86683677247154, 'APPROACH-STEALTH'
10, 6866, 27.86882423676402, 27.86882423676402, 'APPROACH-STEALTH'
10, 6867, 27.8708117010565, 27.8708117010565, 'APPROACH-STEALTH'
10, 6868, 27.87279916534898, 27.87279916534898, 'APPROACH-STEALTH'
10, 6869, 27.87478662964146, 27.87478662964146, 'APPROACH-STEALTH'
10, 6870, 27.876774093933935, 27.876774093933935, 'APPROACH-STEALTH'
10, 6871, 27.878761558226415, 27.878761558226415, 'APPROACH-STEALTH'
10, 6872, 27.880749022518895, 27.880749022518895, 'APPROACH-STEALTH'
10, 6873, 27.88273648681137, 27.88273648681137, 'APPROACH-STEALTH'
10, 6874, 27.88472395110385, 27.88472395110385, 'APPROACH-STEALTH'
10, 6875, 27.88671141539633, 27.88671141539633, 'APPROACH-STEALTH'
10, 6876, 27.888698879688807, 27.888698879688807, 'APPROACH-STEALTH'
10, 6877, 27.890686343981287, 27.890686343981287, 'APPROACH-STEALTH'
10, 6878, 27.892673808273766, 27.892673808273766, 'APPROACH-STEALTH'
10, 6879, 27.894661272566246, 27.894661272566246, 'APPROACH-STEALTH'
10, 6880, 27.896648736858722, 27.896648736858722, 'APPROACH-STEALTH'
10, 6881, 27.898636201151202, 27.898636201151202, 'APPROACH-STEALTH'
10, 6882, 27.900623665443682, 27.900623665443682, 'APPROACH-STEALTH'
10, 6883, 27.902611129736158, 27.902611129736158, 'APPROACH-STEALTH'
10, 6884, 27.904598594028638, 27.904598594028638, 'APPROACH-STEALTH'
10, 6885, 27.906586058321118, 27.906586058321118, 'APPROACH-STEALTH'
10, 6886, 27.908573522613594, 27.908573522613594, 'APPROACH-STEALTH'
10, 6887, 27.910560986906074, 27.910560986906074, 'APPROACH-STEALTH'
10, 6888, 27.912548451198553, 27.912548451198553, 'APPROACH-STEALTH'
10, 6889, 27.91453591549103, 27.91453591549103, 'APPROACH-STEALTH'
10, 6890, 27.91652337978351, 27.91652337978351, 'APPROACH-STEALTH'
10, 6891, 27.91851084407599, 27.91851084407599, 'APPROACH-STEALTH'
10, 6892, 27.92049830836847, 27.92049830836847, 'APPROACH-STEALTH'
10, 6893, 27.922485772660945, 27.922485772660945, 'APPROACH-STEALTH'
10, 6894, 27.924473236953425, 27.924473236953425, 'APPROACH-STEALTH'
10, 6895, 27.926460701245905, 27.926460701245905, 'APPROACH-STEALTH'
10, 6896, 27.92844816553838, 27.92844816553838, 'APPROACH-STEALTH'
10, 6897, 27.929112193272772, 27.929112193272772, 'APPROACH-STEALTH'
10, 6898, 27.929776221007163, 27.929776221007163, 'APPROACH-STEALTH'
10, 6899, 27.930440248741554, 27.930440248741554, 'APPROACH-STEALTH'
10, 6900, 27.931104276475946, 27.931104276475946, 'APPROACH-STEALTH'
10, 6901, 27.931768304210337, 27.931768304210337, 'APPROACH-STEALTH'
10, 6902, 27.932432331944728, 27.932432331944728, 'APPROACH-STEALTH'
10, 6903, 27.93309635967912, 27.93309635967912, 'APPROACH-STEALTH'
10, 6904, 27.93376038741351, 27.93376038741351, 'APPROACH-STEALTH'
10, 6905, 27.9344244151479, 27.9344244151479, 'APPROACH-STEALTH'
10, 6906, 27.935088442882293, 27.935088442882293, 'APPROACH-STEALTH'
10, 6907, 27.935752470616684, 27.935752470616684, 'APPROACH-STEALTH'
10, 6908, 27.936416498351075, 27.936416498351075, 'APPROACH-STEALTH'
10, 6909, 27.937080526085467, 27.937080526085467, 'APPROACH-STEALTH'
10, 6910, 27.937744553819858, 27.937744553819858, 'APPROACH-STEALTH'
10, 6911, 27.93840858155425, 27.93840858155425, 'APPROACH-STEALTH'
10, 6912, 27.93907260928864, 27.93907260928864, 'APPROACH-STEALTH'
10, 6913, 27.93973663702303, 27.93973663702303, 'APPROACH-STEALTH'
10, 6914, 27.940400664757423, 27.940400664757423, 'APPROACH-STEALTH'
10, 6915, 27.941064692491814, 27.941064692491814, 'APPROACH-STEALTH'
10, 6916, 27.941728720226205, 27.941728720226205, 'APPROACH-STEALTH'
10, 6917, 27.942392747960596, 27.942392747960596, 'APPROACH-STEALTH'
10, 6918, 27.943056775694988, 27.943056775694988, 'APPROACH-STEALTH'
10, 6919, 27.94372080342938, 27.94372080342938, 'APPROACH-STEALTH'
10, 6920, 27.94438483116377, 27.94438483116377, 'APPROACH-STEALTH'
10, 6921, 27.94504885889816, 27.94504885889816, 'APPROACH-STEALTH'
10, 6922, 27.945712886632553, 27.945712886632553, 'APPROACH-STEALTH'
10, 6923, 27.946376914366944, 27.946376914366944, 'APPROACH-STEALTH'
10, 6924, 27.947040942101335, 27.947040942101335, 'APPROACH-STEALTH'
10, 6925, 27.947704969835726, 27.947704969835726, 'APPROACH-STEALTH'
10, 6926, 27.948368997570118, 27.948368997570118, 'APPROACH-STEALTH'
10, 6927, 27.94903302530451, 27.94903302530451, 'APPROACH-STEALTH'
10, 6928, 27.9496970530389, 27.9496970530389, 'APPROACH-STEALTH'
10, 6929, 27.95036108077329, 27.95036108077329, 'APPROACH-STEALTH'
10, 6930, 27.951025108507682, 27.951025108507682, 'APPROACH-STEALTH'
10, 6931, 27.951689136242074, 27.951689136242074, 'APPROACH-STEALTH'
10, 6932, 27.952353163976465, 27.952353163976465, 'APPROACH-STEALTH'
10, 6933, 27.953017191710856, 27.953017191710856, 'APPROACH-STEALTH'
10, 6934, 27.953681219445247, 27.953681219445247, 'APPROACH-STEALTH'
10, 6935, 27.95434524717964, 27.95434524717964, 'APPROACH-STEALTH'
10, 6936, 27.95500927491403, 27.95500927491403, 'APPROACH-STEALTH'
10, 6937, 27.95567330264842, 27.95567330264842, 'APPROACH-STEALTH'
10, 6938, 27.956337330382812, 27.956337330382812, 'APPROACH-STEALTH'
10, 6939, 27.957001358117203, 27.957001358117203, 'APPROACH-STEALTH'
10, 6940, 27.957665385851595, 27.957665385851595, 'APPROACH-STEALTH'
10, 6941, 27.958329413585986, 27.958329413585986, 'APPROACH-STEALTH'
10, 6942, 27.958993441320377, 27.958993441320377, 'APPROACH-STEALTH'
10, 6943, 27.95965746905477, 27.95965746905477, 'APPROACH-STEALTH'
10, 6944, 27.96032149678916, 27.96032149678916, 'APPROACH-STEALTH'
10, 6945, 27.96098552452355, 27.96098552452355, 'APPROACH-STEALTH'
10, 6946, 27.961649552257942, 27.961649552257942, 'APPROACH-STEALTH'
10, 6947, 27.962313579992333, 27.962313579992333, 'APPROACH-STEALTH'
10, 6948, 27.962977607726724, 27.962977607726724, 'APPROACH-STEALTH'
10, 6949, 27.963641635461116, 27.963641635461116, 'APPROACH-STEALTH'
10, 6950, 27.964305663195507, 27.964305663195507, 'APPROACH-STEALTH'
10, 6951, 27.964969690929898, 27.964969690929898, 'APPROACH-STEALTH'
10, 6952, 27.96563371866429, 27.96563371866429, 'APPROACH-STEALTH'
10, 6953, 27.96629774639868, 27.96629774639868, 'APPROACH-STEALTH'
10, 6954, 27.966961774133072, 27.966961774133072, 'APPROACH-STEALTH'
10, 6955, 27.967625801867463, 27.967625801867463, 'APPROACH-STEALTH'
10, 6956, 27.968289829601854, 27.968289829601854, 'APPROACH-STEALTH'
10, 6957, 27.968953857336246, 27.968953857336246, 'APPROACH-STEALTH'
10, 6958, 27.969617885070637, 27.969617885070637, 'APPROACH-STEALTH'
10, 6959, 27.970281912805028, 27.970281912805028, 'APPROACH-STEALTH'
10, 6960, 27.97094594053942, 27.97094594053942, 'APPROACH-STEALTH'
10, 6961, 27.97160996827381, 27.97160996827381, 'APPROACH-STEALTH'
10, 6962, 27.9722739960082, 27.9722739960082, 'APPROACH-STEALTH'
10, 6963, 27.972938023742593, 27.972938023742593, 'APPROACH-STEALTH'
10, 6964, 27.973602051476984, 27.973602051476984, 'APPROACH-STEALTH'
10, 6965, 27.974266079211375, 27.974266079211375, 'APPROACH-STEALTH'
10, 6966, 27.974930106945767, 27.974930106945767, 'APPROACH-STEALTH'
10, 6967, 27.975594134680158, 27.975594134680158, 'APPROACH-STEALTH'
10, 6968, 27.97625816241455, 27.97625816241455, 'APPROACH-STEALTH'
10, 6969, 27.976478551414885, 27.976478551414885, 'APPROACH-STEALTH'
10, 6970, 27.976698940415222, 27.976698940415222, 'APPROACH-STEALTH'
10, 6971, 27.97691932941556, 27.97691932941556, 'APPROACH-STEALTH'
10, 6972, 27.977139718415895, 27.977139718415895, 'APPROACH-STEALTH'
10, 6973, 27.97736010741623, 27.97736010741623, 'APPROACH-STEALTH'
10, 6974, 27.977580496416568, 27.977580496416568, 'APPROACH-STEALTH'
10, 6975, 27.977800885416904, 27.977800885416904, 'APPROACH-STEALTH'
10, 6976, 27.97802127441724, 27.97802127441724, 'APPROACH-STEALTH'
10, 6977, 27.978241663417577, 27.978241663417577, 'APPROACH-STEALTH'
10, 6978, 27.978462052417914, 27.978462052417914, 'APPROACH-STEALTH'
10, 6979, 27.97868244141825, 27.97868244141825, 'APPROACH-STEALTH'
10, 6980, 27.978902830418587, 27.978902830418587, 'APPROACH-STEALTH'
10, 6981, 27.979123219418923, 27.979123219418923, 'APPROACH-STEALTH'
10, 6982, 27.97934360841926, 27.97934360841926, 'APPROACH-STEALTH'
10, 6983, 27.979563997419596, 27.979563997419596, 'APPROACH-STEALTH'
10, 6984, 27.979784386419933, 27.979784386419933, 'APPROACH-STEALTH'
10, 6985, 27.98000477542027, 27.98000477542027, 'APPROACH-STEALTH'
10, 6986, 27.980225164420606, 27.980225164420606, 'APPROACH-STEALTH'
10, 6987, 27.980445553420942, 27.980445553420942, 'APPROACH-STEALTH'
10, 6988, 27.98066594242128, 27.98066594242128, 'APPROACH-STEALTH'
10, 6989, 27.980886331421615, 27.980886331421615, 'APPROACH-STEALTH'
10, 6990, 27.981106720421952, 27.981106720421952, 'APPROACH-STEALTH'
10, 6991, 27.98132710942229, 27.98132710942229, 'APPROACH-STEALTH'
10, 6992, 27.981547498422625, 27.981547498422625, 'APPROACH-STEALTH'
10, 6993, 27.98176788742296, 27.98176788742296, 'APPROACH-STEALTH'
10, 6994, 27.981988276423298, 27.981988276423298, 'APPROACH-STEALTH'
10, 6995, 27.982208665423634, 27.982208665423634, 'APPROACH-STEALTH'
10, 6996, 27.98242905442397, 27.98242905442397, 'APPROACH-STEALTH'
10, 6997, 27.982649443424307, 27.982649443424307, 'APPROACH-STEALTH'
10, 6998, 27.982869832424644, 27.982869832424644, 'APPROACH-STEALTH'
10, 6999, 27.98309022142498, 27.98309022142498, 'APPROACH-STEALTH'
10, 7000, 27.983310610425317, 27.983310610425317, 'APPROACH-STEALTH'
10, 7001, 27.983530999425653, 27.983530999425653, 'APPROACH-STEALTH'
10, 7002, 27.98375138842599, 27.98375138842599, 'APPROACH-STEALTH'
10, 7003, 27.983971777426326, 27.983971777426326, 'APPROACH-STEALTH'
10, 7004, 27.984192166426663, 27.984192166426663, 'APPROACH-STEALTH'
10, 7005, 27.984412555427, 27.984412555427, 'APPROACH-STEALTH'
10, 7006, 27.984632944427336, 27.984632944427336, 'APPROACH-STEALTH'
10, 7007, 27.984853333427672, 27.984853333427672, 'APPROACH-STEALTH'
10, 7008, 27.98507372242801, 27.98507372242801, 'APPROACH-STEALTH'
10, 7009, 27.985294111428345, 27.985294111428345, 'APPROACH-STEALTH'
10, 7010, 27.985514500428682, 27.985514500428682, 'APPROACH-STEALTH'
10, 7011, 27.98573488942902, 27.98573488942902, 'APPROACH-STEALTH'
10, 7012, 27.985955278429355, 27.985955278429355, 'APPROACH-STEALTH'
10, 7013, 27.98617566742969, 27.98617566742969, 'APPROACH-STEALTH'
10, 7014, 27.986396056430028, 27.986396056430028, 'APPROACH-STEALTH'
10, 7015, 27.986616445430364, 27.986616445430364, 'APPROACH-STEALTH'
10, 7016, 27.9868368344307, 27.9868368344307, 'APPROACH-STEALTH'
10, 7017, 27.987057223431037, 27.987057223431037, 'APPROACH-STEALTH'
10, 7018, 27.987277612431374, 27.987277612431374, 'APPROACH-STEALTH'
10, 7019, 27.98749800143171, 27.98749800143171, 'APPROACH-STEALTH'
10, 7020, 27.987718390432047, 27.987718390432047, 'APPROACH-STEALTH'
10, 7021, 27.987938779432383, 27.987938779432383, 'APPROACH-STEALTH'
10, 7022, 27.98815916843272, 27.98815916843272, 'APPROACH-STEALTH'
10, 7023, 27.988379557433056, 27.988379557433056, 'APPROACH-STEALTH'
10, 7024, 27.988599946433393, 27.988599946433393, 'APPROACH-STEALTH'
10, 7025, 27.98882033543373, 27.98882033543373, 'APPROACH-STEALTH'
10, 7026, 27.989040724434066, 27.989040724434066, 'APPROACH-STEALTH'
10, 7027, 27.989261113434402, 27.989261113434402, 'APPROACH-STEALTH'
10, 7028, 27.98948150243474, 27.98948150243474, 'APPROACH-STEALTH'
10, 7029, 27.989701891435075, 27.989701891435075, 'APPROACH-STEALTH'
10, 7030, 27.98992228043541, 27.98992228043541, 'APPROACH-STEALTH'
10, 7031, 27.99014266943575, 27.99014266943575, 'APPROACH-STEALTH'
10, 7032, 27.990363058436085, 27.990363058436085, 'APPROACH-STEALTH'
10, 7033, 27.99058344743642, 27.99058344743642, 'APPROACH-STEALTH'
10, 7034, 27.990803836436758, 27.990803836436758, 'APPROACH-STEALTH'
10, 7035, 27.991024225437094, 27.991024225437094, 'APPROACH-STEALTH'
10, 7036, 27.99124461443743, 27.99124461443743, 'APPROACH-STEALTH'
10, 7037, 27.991465003437767, 27.991465003437767, 'APPROACH-STEALTH'
10, 7038, 27.991685392438104, 27.991685392438104, 'APPROACH-STEALTH'
10, 7039, 27.99190578143844, 27.99190578143844, 'APPROACH-STEALTH'
10, 7040, 27.992126170438777, 27.992126170438777, 'APPROACH-STEALTH'
10, 7041, 27.992199263090082, 27.992199263090082, 'APPROACH-STEALTH'
10, 7042, 27.992272355741388, 27.992272355741388, 'APPROACH-STEALTH'
10, 7043, 27.992345448392694, 27.992345448392694, 'APPROACH-STEALTH'
10, 7044, 27.992418541044, 27.992418541044, 'APPROACH-STEALTH'
10, 7045, 27.992491633695305, 27.992491633695305, 'APPROACH-STEALTH'
10, 7046, 27.99256472634661, 27.99256472634661, 'APPROACH-STEALTH'
10, 7047, 27.992637818997917, 27.992637818997917, 'APPROACH-STEALTH'
10, 7048, 27.992710911649223, 27.992710911649223, 'APPROACH-STEALTH'
10, 7049, 27.99278400430053, 27.99278400430053, 'APPROACH-STEALTH'
10, 7050, 27.992857096951834, 27.992857096951834, 'APPROACH-STEALTH'
10, 7051, 27.99293018960314, 27.99293018960314, 'APPROACH-STEALTH'
10, 7052, 27.993003282254445, 27.993003282254445, 'APPROACH-STEALTH'
10, 7053, 27.99307637490575, 27.99307637490575, 'APPROACH-STEALTH'
10, 7054, 27.993149467557057, 27.993149467557057, 'APPROACH-STEALTH'
10, 7055, 27.993222560208363, 27.993222560208363, 'APPROACH-STEALTH'
10, 7056, 27.993368745510974, 27.993368745510974, 'APPROACH-STEALTH'
10, 7057, 27.993514930813586, 27.993514930813586, 'APPROACH-STEALTH'
10, 7058, 27.993661116116197, 27.993661116116197, 'APPROACH-STEALTH'
10, 7059, 27.99380730141881, 27.99380730141881, 'APPROACH-STEALTH'
10, 7060, 27.99395348672142, 27.99395348672142, 'APPROACH-STEALTH'
10, 7061, 27.99409967202403, 27.99409967202403, 'APPROACH-STEALTH'
10, 7062, 27.994245857326643, 27.994245857326643, 'APPROACH-STEALTH'
10, 7063, 27.994392042629254, 27.994392042629254, 'APPROACH-STEALTH'
10, 7064, 27.99446513528056, 27.99446513528056, 'APPROACH-STEALTH'
10, 7065, 27.994538227931866, 27.994538227931866, 'APPROACH-STEALTH'
10, 7066, 27.99461132058317, 27.99461132058317, 'APPROACH-STEALTH'
10, 7067, 27.994684413234477, 27.994684413234477, 'APPROACH-STEALTH'
10, 7068, 27.994757505885783, 27.994757505885783, 'APPROACH-STEALTH'
10, 7069, 27.99483059853709, 27.99483059853709, 'APPROACH-STEALTH'
10, 7070, 27.994903691188394, 27.994903691188394, 'APPROACH-STEALTH'
10, 7071, 27.9949767838397, 27.9949767838397, 'APPROACH-STEALTH'
10, 7072, 27.995049876491006, 27.995049876491006, 'APPROACH-STEALTH'
10, 7073, 27.99512296914231, 27.99512296914231, 'APPROACH-STEALTH'
10, 7074, 27.995196061793617, 27.995196061793617, 'APPROACH-STEALTH'
10, 7075, 27.995269154444923, 27.995269154444923, 'APPROACH-STEALTH'
10, 7076, 27.99534224709623, 27.99534224709623, 'APPROACH-STEALTH'
10, 7077, 27.995415339747534, 27.995415339747534, 'APPROACH-STEALTH'
10, 7078, 27.99548843239884, 27.99548843239884, 'APPROACH-STEALTH'
10, 7079, 27.995561525050146, 27.995561525050146, 'APPROACH-STEALTH'
10, 7080, 27.99563461770145, 27.99563461770145, 'APPROACH-STEALTH'
10, 7081, 27.995707710352757, 27.995707710352757, 'APPROACH-STEALTH'
10, 7082, 27.995780803004063, 27.995780803004063, 'APPROACH-STEALTH'
10, 7083, 27.99585389565537, 27.99585389565537, 'APPROACH-STEALTH'
10, 7084, 27.995926988306675, 27.995926988306675, 'APPROACH-STEALTH'
10, 7085, 27.99600008095798, 27.99600008095798, 'APPROACH-STEALTH'
10, 7086, 27.996073173609286, 27.996073173609286, 'APPROACH-STEALTH'
10, 7087, 27.99614626626059, 27.99614626626059, 'APPROACH-STEALTH'
10, 7088, 27.996219358911898, 27.996219358911898, 'APPROACH-STEALTH'
10, 7089, 27.996292451563203, 27.996292451563203, 'APPROACH-STEALTH'
10, 7090, 27.99636554421451, 27.99636554421451, 'APPROACH-STEALTH'
10, 7091, 27.996438636865815, 27.996438636865815, 'APPROACH-STEALTH'
10, 7092, 27.99651172951712, 27.99651172951712, 'APPROACH-STEALTH'
10, 7093, 27.996584822168426, 27.996584822168426, 'APPROACH-STEALTH'
10, 7094, 27.996657914819732, 27.996657914819732, 'APPROACH-STEALTH'
10, 7095, 27.996731007471038, 27.996731007471038, 'APPROACH-STEALTH'
10, 7096, 27.99687719277365, 27.99687719277365, 'APPROACH-STEALTH'
10, 7097, 27.99702337807626, 27.99702337807626, 'APPROACH-STEALTH'
10, 7098, 27.997169563378872, 27.997169563378872, 'APPROACH-STEALTH'
10, 7099, 27.997315748681483, 27.997315748681483, 'APPROACH-STEALTH'
10, 7100, 27.997461933984095, 27.997461933984095, 'APPROACH-STEALTH'
10, 7101, 28.009977958335426, 28.009977958335426, 'APPROACH-STEALTH'
10, 7102, 28.022493982686758, 28.022493982686758, 'APPROACH-STEALTH'
10, 7103, 28.03501000703809, 28.03501000703809, 'APPROACH-STEALTH'
10, 7104, 28.04752603138942, 28.04752603138942, 'APPROACH-STEALTH'
10, 7105, 28.06004205574075, 28.06004205574075, 'APPROACH-STEALTH'
10, 7106, 28.072558080092083, 28.072558080092083, 'APPROACH-STEALTH'
10, 7107, 28.085074104443414, 28.085074104443414, 'APPROACH-STEALTH'
10, 7108, 28.097590128794746, 28.097590128794746, 'APPROACH-STEALTH'
10, 7109, 28.110106153146077, 28.110106153146077, 'APPROACH-STEALTH'
10, 7110, 28.12262217749741, 28.12262217749741, 'APPROACH-STEALTH'
10, 7111, 28.13513820184874, 28.13513820184874, 'APPROACH-STEALTH'
10, 7112, 28.14765422620007, 28.14765422620007, 'APPROACH-STEALTH'
10, 7113, 28.160170250551403, 28.160170250551403, 'APPROACH-STEALTH'
10, 7114, 28.172686274902734, 28.172686274902734, 'APPROACH-STEALTH'
10, 7115, 28.185202299254065, 28.185202299254065, 'APPROACH-STEALTH'
10, 7116, 28.197718323605397, 28.197718323605397, 'APPROACH-STEALTH'
10, 7117, 28.210234347956728, 28.210234347956728, 'APPROACH-STEALTH'
10, 7118, 28.22275037230806, 28.22275037230806, 'APPROACH-STEALTH'
10, 7119, 28.23526639665939, 28.23526639665939, 'APPROACH-STEALTH'
10, 7120, 28.247782421010722, 28.247782421010722, 'APPROACH-STEALTH'
10, 7121, 28.260298445362054, 28.260298445362054, 'APPROACH-STEALTH'
10, 7122, 28.272814469713385, 28.272814469713385, 'APPROACH-STEALTH'
10, 7123, 28.285330494064716, 28.285330494064716, 'APPROACH-STEALTH'
10, 7124, 28.297846518416048, 28.297846518416048, 'APPROACH-STEALTH'
10, 7125, 28.31036254276738, 28.31036254276738, 'APPROACH-STEALTH'
10, 7126, 28.32287856711871, 28.32287856711871, 'APPROACH-STEALTH'
10, 7127, 28.335394591470042, 28.335394591470042, 'APPROACH-STEALTH'
10, 7128, 28.347910615821373, 28.347910615821373, 'APPROACH-STEALTH'
10, 7129, 28.360426640172705, 28.360426640172705, 'APPROACH-STEALTH'
10, 7130, 28.372942664524036, 28.372942664524036, 'APPROACH-STEALTH'
10, 7131, 28.385458688875367, 28.385458688875367, 'APPROACH-STEALTH'
10, 7132, 28.3979747132267, 28.3979747132267, 'APPROACH-STEALTH'
10, 7133, 28.41049073757803, 28.41049073757803, 'APPROACH-STEALTH'
10, 7134, 28.42300676192936, 28.42300676192936, 'APPROACH-STEALTH'
10, 7135, 28.435522786280693, 28.435522786280693, 'APPROACH-STEALTH'
10, 7136, 28.448038810632024, 28.448038810632024, 'APPROACH-STEALTH'
10, 7137, 28.460554834983355, 28.460554834983355, 'APPROACH-STEALTH'
10, 7138, 28.473070859334687, 28.473070859334687, 'APPROACH-STEALTH'
10, 7139, 28.485586883686018, 28.485586883686018, 'APPROACH-STEALTH'
10, 7140, 28.49810290803735, 28.49810290803735, 'APPROACH-STEALTH'
10, 7141, 28.51061893238868, 28.51061893238868, 'APPROACH-STEALTH'
10, 7142, 28.515733987560193, 28.515733987560193, 'APPROACH-STEALTH'
10, 7143, 28.520849042731705, 28.520849042731705, 'APPROACH-STEALTH'
10, 7144, 28.525964097903216, 28.525964097903216, 'APPROACH-STEALTH'
10, 7145, 28.531079153074728, 28.531079153074728, 'APPROACH-STEALTH'
10, 7146, 28.53619420824624, 28.53619420824624, 'APPROACH-STEALTH'
10, 7147, 28.54130926341775, 28.54130926341775, 'APPROACH-STEALTH'
10, 7148, 28.546424318589263, 28.546424318589263, 'APPROACH-STEALTH'
10, 7149, 28.551539373760775, 28.551539373760775, 'APPROACH-STEALTH'
10, 7150, 28.556654428932287, 28.556654428932287, 'APPROACH-STEALTH'
10, 7151, 28.5617694841038, 28.5617694841038, 'APPROACH-STEALTH'
10, 7152, 28.56688453927531, 28.56688453927531, 'APPROACH-STEALTH'
10, 7153, 28.571999594446822, 28.571999594446822, 'APPROACH-STEALTH'
10, 7154, 28.577114649618334, 28.577114649618334, 'APPROACH-STEALTH'
10, 7155, 28.582229704789846, 28.582229704789846, 'APPROACH-STEALTH'
10, 7156, 28.587344759961358, 28.587344759961358, 'APPROACH-STEALTH'
10, 7157, 28.59245981513287, 28.59245981513287, 'APPROACH-STEALTH'
10, 7158, 28.59757487030438, 28.59757487030438, 'APPROACH-STEALTH'
10, 7159, 28.602689925475893, 28.602689925475893, 'APPROACH-STEALTH'
10, 7160, 28.607804980647405, 28.607804980647405, 'APPROACH-STEALTH'
10, 7161, 28.612920035818917, 28.612920035818917, 'APPROACH-STEALTH'
10, 7162, 28.61803509099043, 28.61803509099043, 'APPROACH-STEALTH'
10, 7163, 28.62315014616194, 28.62315014616194, 'APPROACH-STEALTH'
10, 7164, 28.628265201333452, 28.628265201333452, 'APPROACH-STEALTH'
10, 7165, 28.633380256504964, 28.633380256504964, 'APPROACH-STEALTH'
10, 7166, 28.638495311676476, 28.638495311676476, 'APPROACH-STEALTH'
10, 7167, 28.643610366847987, 28.643610366847987, 'APPROACH-STEALTH'
10, 7168, 28.6487254220195, 28.6487254220195, 'APPROACH-STEALTH'
10, 7169, 28.65384047719101, 28.65384047719101, 'APPROACH-STEALTH'
10, 7170, 28.658955532362523, 28.658955532362523, 'APPROACH-STEALTH'
10, 7171, 28.664070587534034, 28.664070587534034, 'APPROACH-STEALTH'
10, 7172, 28.669185642705546, 28.669185642705546, 'APPROACH-STEALTH'
10, 7173, 28.674300697877058, 28.674300697877058, 'APPROACH-STEALTH'
10, 7174, 28.67941575304857, 28.67941575304857, 'APPROACH-STEALTH'
10, 7175, 28.68453080822008, 28.68453080822008, 'APPROACH-STEALTH'
10, 7176, 28.689645863391593, 28.689645863391593, 'APPROACH-STEALTH'
10, 7177, 28.694760918563105, 28.694760918563105, 'APPROACH-STEALTH'
10, 7178, 28.699875973734617, 28.699875973734617, 'APPROACH-STEALTH'
10, 7179, 28.70499102890613, 28.70499102890613, 'APPROACH-STEALTH'
10, 7180, 28.71010608407764, 28.71010608407764, 'APPROACH-STEALTH'
10, 7181, 28.715221139249152, 28.715221139249152, 'APPROACH-STEALTH'
10, 7182, 28.720336194420664, 28.720336194420664, 'APPROACH-STEALTH'
10, 7183, 28.725451249592176, 28.725451249592176, 'APPROACH-STEALTH'
10, 7184, 28.730566304763688, 28.730566304763688, 'APPROACH-STEALTH'
10, 7185, 28.7356813599352, 28.7356813599352, 'APPROACH-STEALTH'
10, 7186, 28.74079641510671, 28.74079641510671, 'APPROACH-STEALTH'
10, 7187, 28.745911470278223, 28.745911470278223, 'APPROACH-STEALTH'
10, 7188, 28.751026525449735, 28.751026525449735, 'APPROACH-STEALTH'
10, 7189, 28.756141580621247, 28.756141580621247, 'APPROACH-STEALTH'
10, 7190, 28.76125663579276, 28.76125663579276, 'APPROACH-STEALTH'
10, 7191, 28.76637169096427, 28.76637169096427, 'APPROACH-STEALTH'
10, 7192, 28.771486746135782, 28.771486746135782, 'APPROACH-STEALTH'
10, 7193, 28.776601801307294, 28.776601801307294, 'APPROACH-STEALTH'
10, 7194, 28.781716856478806, 28.781716856478806, 'APPROACH-STEALTH'
10, 7195, 28.786831911650317, 28.786831911650317, 'APPROACH-STEALTH'
10, 7196, 28.79194696682183, 28.79194696682183, 'APPROACH-STEALTH'
10, 7197, 28.79706202199334, 28.79706202199334, 'APPROACH-STEALTH'
10, 7198, 28.802177077164853, 28.802177077164853, 'APPROACH-STEALTH'
10, 7199, 28.790386345924663, 28.790386345924663, 'APPROACH-STEALTH'
10, 7200, 28.778595614684473, 28.778595614684473, 'APPROACH-STEALTH'
10, 7201, 28.766804883444284, 28.766804883444284, 'APPROACH-STEALTH'
10, 7202, 28.755014152204094, 28.755014152204094, 'APPROACH-STEALTH'
10, 7203, 28.743223420963904, 28.743223420963904, 'APPROACH-STEALTH'
10, 7204, 28.731432689723714, 28.731432689723714, 'APPROACH-STEALTH'
10, 7205, 28.719641958483525, 28.719641958483525, 'APPROACH-STEALTH'
10, 7206, 28.707851227243335, 28.707851227243335, 'APPROACH-STEALTH'
10, 7207, 28.696060496003145, 28.696060496003145, 'APPROACH-STEALTH'
10, 7208, 28.684269764762956, 28.684269764762956, 'APPROACH-STEALTH'
10, 7209, 28.672479033522766, 28.672479033522766, 'APPROACH-STEALTH'
10, 7210, 28.660688302282576, 28.660688302282576, 'APPROACH-STEALTH'
10, 7211, 28.648897571042387, 28.648897571042387, 'APPROACH-STEALTH'
10, 7212, 28.637106839802197, 28.637106839802197, 'APPROACH-STEALTH'
10, 7213, 28.625316108562007, 28.625316108562007, 'APPROACH-STEALTH'
10, 7214, 28.613525377321817, 28.613525377321817, 'APPROACH-STEALTH'
10, 7215, 28.601734646081628, 28.601734646081628, 'APPROACH-STEALTH'
10, 7216, 28.589943914841438, 28.589943914841438, 'APPROACH-STEALTH'
10, 7217, 28.57815318360125, 28.57815318360125, 'APPROACH-STEALTH'
10, 7218, 28.56636245236106, 28.56636245236106, 'APPROACH-STEALTH'
10, 7219, 28.55457172112087, 28.55457172112087, 'APPROACH-STEALTH'
10, 7220, 28.54278098988068, 28.54278098988068, 'APPROACH-STEALTH'
10, 7221, 28.53099025864049, 28.53099025864049, 'APPROACH-STEALTH'
10, 7222, 28.5191995274003, 28.5191995274003, 'APPROACH-STEALTH'
10, 7223, 28.50740879616011, 28.50740879616011, 'APPROACH-STEALTH'
10, 7224, 28.49561806491992, 28.49561806491992, 'APPROACH-STEALTH'
10, 7225, 28.482015617788427, 28.482015617788427, 'APPROACH-STEALTH'
10, 7226, 28.45481072352544, 28.45481072352544, 'APPROACH-BLIND'
10, 7227, 28.427605829262454, 28.427605829262454, 'APPROACH-BLIND'
10, 7228, 28.400400934999467, 28.400400934999467, 'APPROACH-BLIND'
10, 7229, 28.37319604073648, 28.37319604073648, 'APPROACH-BLIND'
10, 7230, 28.345991146473494, 28.345991146473494, 'APPROACH-BLIND'
10, 7231, 28.318786252210508, 28.318786252210508, 'APPROACH-BLIND'
10, 7232, 28.29158135794752, 28.29158135794752, 'APPROACH-BLIND'
10, 7233, 28.264376463684535, 28.264376463684535, 'APPROACH-BLIND'
10, 7234, 28.237171569421548, 28.237171569421548, 'APPROACH-BLIND'
10, 7235, 28.20996667515856, 28.20996667515856, 'APPROACH-BLIND'
10, 7236, 28.182761780895575, 28.182761780895575, 'APPROACH-BLIND'
10, 7237, 28.15555688663259, 28.15555688663259, 'APPROACH-BLIND'
10, 7238, 28.128351992369602, 28.128351992369602, 'APPROACH-BLIND'
10, 7239, 28.101147098106615, 28.101147098106615, 'APPROACH-BLIND'
10, 7240, 28.07394220384363, 28.07394220384363, 'APPROACH-BLIND'
10, 7241, 28.046737309580642, 28.046737309580642, 'APPROACH-BLIND'
10, 7242, 28.019532415317656, 28.019532415317656, 'APPROACH-BLIND'
10, 7243, 27.99232752105467, 27.99232752105467, 'APPROACH-BLIND'
10, 7244, 27.965122626791683, 27.965122626791683, 'APPROACH-BLIND'
10, 7245, 27.937917732528696, 27.937917732528696, 'APPROACH-BLIND'
10, 7246, 27.91071283826571, 27.91071283826571, 'APPROACH-BLIND'
10, 7247, 27.883507944002723, 27.883507944002723, 'APPROACH-BLIND'
10, 7248, 27.856303049739736, 27.856303049739736, 'APPROACH-BLIND'
10, 7249, 27.82909815547675, 27.82909815547675, 'APPROACH-BLIND'
10, 7250, 27.801893261213763, 27.801893261213763, 'APPROACH-BLIND'
10, 7251, 27.774688366950777, 27.774688366950777, 'APPROACH-BLIND'
10, 7252, 27.74748347268779, 27.74748347268779, 'APPROACH-BLIND'
10, 7253, 27.720278578424804, 27.720278578424804, 'APPROACH-BLIND'
10, 7254, 27.693073684161817, 27.693073684161817, 'APPROACH-BLIND'
10, 7255, 27.66586878989883, 27.66586878989883, 'APPROACH-BLIND'
10, 7256, 27.638663895635844, 27.638663895635844, 'APPROACH-BLIND'
10, 7257, 27.611459001372857, 27.611459001372857, 'APPROACH-BLIND'
10, 7258, 27.58425410710987, 27.58425410710987, 'APPROACH-BLIND'
10, 7259, 27.557049212846884, 27.557049212846884, 'APPROACH-BLIND'
10, 7260, 27.529844318583898, 27.529844318583898, 'APPROACH-BLIND'
10, 7261, 27.50263942432091, 27.50263942432091, 'APPROACH-BLIND'
10, 7262, 27.475434530057925, 27.475434530057925, 'APPROACH-BLIND'
10, 7263, 27.46439771767881, 27.46439771767881, 'APPROACH-BLIND'
10, 7264, 27.458879311489255, 27.458879311489255, 'APPROACH-STEALTH'
10, 7265, 27.4533609052997, 27.4533609052997, 'APPROACH-STEALTH'
10, 7266, 27.447842499110145, 27.447842499110145, 'APPROACH-STEALTH'
10, 7267, 27.44232409292059, 27.44232409292059, 'APPROACH-STEALTH'
10, 7268, 27.436805686731034, 27.436805686731034, 'APPROACH-STEALTH'
10, 7269, 27.43128728054148, 27.43128728054148, 'APPROACH-STEALTH'
10, 7270, 27.425768874351924, 27.425768874351924, 'APPROACH-STEALTH'
10, 7271, 27.42025046816237, 27.42025046816237, 'APPROACH-STEALTH'
10, 7272, 27.414732061972813, 27.414732061972813, 'APPROACH-STEALTH'
10, 7273, 27.409213655783258, 27.409213655783258, 'APPROACH-STEALTH'
10, 7274, 27.403695249593703, 27.403695249593703, 'APPROACH-STEALTH'
10, 7275, 27.398176843404148, 27.398176843404148, 'APPROACH-STEALTH'
10, 7276, 27.392658437214592, 27.392658437214592, 'APPROACH-STEALTH'
10, 7277, 27.387140031025037, 27.387140031025037, 'APPROACH-STEALTH'
10, 7278, 27.381621624835482, 27.381621624835482, 'APPROACH-STEALTH'
10, 7279, 27.376103218645927, 27.376103218645927, 'APPROACH-STEALTH'
10, 7280, 27.37058481245637, 27.37058481245637, 'APPROACH-STEALTH'
10, 7281, 27.365066406266816, 27.365066406266816, 'APPROACH-STEALTH'
10, 7282, 27.35954800007726, 27.35954800007726, 'APPROACH-STEALTH'
10, 7283, 27.354029593887706, 27.354029593887706, 'APPROACH-STEALTH'
10, 7284, 27.34851118769815, 27.34851118769815, 'APPROACH-STEALTH'
10, 7285, 27.342992781508595, 27.342992781508595, 'APPROACH-STEALTH'
10, 7286, 27.33747437531904, 27.33747437531904, 'APPROACH-STEALTH'
10, 7287, 27.331955969129485, 27.331955969129485, 'APPROACH-STEALTH'
10, 7288, 27.32643756293993, 27.32643756293993, 'APPROACH-STEALTH'
10, 7289, 27.320919156750374, 27.320919156750374, 'APPROACH-STEALTH'
10, 7290, 27.31540075056082, 27.31540075056082, 'APPROACH-STEALTH'
10, 7291, 27.309882344371264, 27.309882344371264, 'APPROACH-STEALTH'
10, 7292, 27.30436393818171, 27.30436393818171, 'APPROACH-STEALTH'
10, 7293, 27.298845531992153, 27.298845531992153, 'APPROACH-STEALTH'
10, 7294, 27.2933271258026, 27.2933271258026, 'APPROACH-STEALTH'
10, 7295, 27.287808719613043, 27.287808719613043, 'APPROACH-STEALTH'
10, 7296, 27.282290313423488, 27.282290313423488, 'APPROACH-STEALTH'
10, 7297, 27.276771907233933, 27.276771907233933, 'APPROACH-STEALTH'
10, 7298, 27.271253501044377, 27.271253501044377, 'APPROACH-STEALTH'
10, 7299, 27.265735094854822, 27.265735094854822, 'APPROACH-STEALTH'
10, 7300, 27.260216688665267, 27.260216688665267, 'APPROACH-STEALTH'
10, 7301, 27.25469828247571, 27.25469828247571, 'APPROACH-STEALTH'
10, 7302, 27.249179876286156, 27.249179876286156, 'APPROACH-STEALTH'
10, 7303, 27.2436614700966, 27.2436614700966, 'APPROACH-STEALTH'
10, 7304, 27.238143063907046, 27.238143063907046, 'APPROACH-STEALTH'
10, 7305, 27.23262465771749, 27.23262465771749, 'APPROACH-STEALTH'
10, 7306, 27.227106251527935, 27.227106251527935, 'APPROACH-STEALTH'
10, 7307, 27.22158784533838, 27.22158784533838, 'APPROACH-STEALTH'
10, 7308, 27.216069439148825, 27.216069439148825, 'APPROACH-STEALTH'
10, 7309, 27.214087995433054, 27.214087995433054, 'APPROACH-STEALTH'
10, 7310, 27.212106551717284, 27.212106551717284, 'APPROACH-STEALTH'
10, 7311, 27.210125108001513, 27.210125108001513, 'APPROACH-STEALTH'
10, 7312, 27.208143664285743, 27.208143664285743, 'APPROACH-STEALTH'
10, 7313, 27.206162220569972, 27.206162220569972, 'APPROACH-STEALTH'
10, 7314, 27.2041807768542, 27.2041807768542, 'APPROACH-STEALTH'
10, 7315, 27.20219933313843, 27.20219933313843, 'APPROACH-STEALTH'
10, 7316, 27.20021788942266, 27.20021788942266, 'APPROACH-STEALTH'
10, 7317, 27.19823644570689, 27.19823644570689, 'APPROACH-STEALTH'
10, 7318, 27.19625500199112, 27.19625500199112, 'APPROACH-STEALTH'
10, 7319, 27.19427355827535, 27.19427355827535, 'APPROACH-STEALTH'
10, 7320, 27.192292114559578, 27.192292114559578, 'APPROACH-STEALTH'
10, 7321, 27.190310670843807, 27.190310670843807, 'APPROACH-STEALTH'
10, 7322, 27.188329227128037, 27.188329227128037, 'APPROACH-STEALTH'
10, 7323, 27.186347783412266, 27.186347783412266, 'APPROACH-STEALTH'
10, 7324, 27.184366339696496, 27.184366339696496, 'APPROACH-STEALTH'
10, 7325, 27.182384895980725, 27.182384895980725, 'APPROACH-STEALTH'
10, 7326, 27.180403452264954, 27.180403452264954, 'APPROACH-STEALTH'
10, 7327, 27.178422008549184, 27.178422008549184, 'APPROACH-STEALTH'
10, 7328, 27.176440564833413, 27.176440564833413, 'APPROACH-STEALTH'
10, 7329, 27.174459121117643, 27.174459121117643, 'APPROACH-STEALTH'
10, 7330, 27.172477677401872, 27.172477677401872, 'APPROACH-STEALTH'
10, 7331, 27.1704962336861, 27.1704962336861, 'APPROACH-STEALTH'
10, 7332, 27.16851478997033, 27.16851478997033, 'APPROACH-STEALTH'
10, 7333, 27.16653334625456, 27.16653334625456, 'APPROACH-STEALTH'
10, 7334, 27.16455190253879, 27.16455190253879, 'APPROACH-STEALTH'
10, 7335, 27.16257045882302, 27.16257045882302, 'APPROACH-STEALTH'
10, 7336, 27.16058901510725, 27.16058901510725, 'APPROACH-STEALTH'
10, 7337, 27.158607571391478, 27.158607571391478, 'APPROACH-STEALTH'
10, 7338, 27.156626127675707, 27.156626127675707, 'APPROACH-STEALTH'
10, 7339, 27.154644683959937, 27.154644683959937, 'APPROACH-STEALTH'
10, 7340, 27.152663240244166, 27.152663240244166, 'APPROACH-STEALTH'
10, 7341, 27.150681796528396, 27.150681796528396, 'APPROACH-STEALTH'
10, 7342, 27.148700352812625, 27.148700352812625, 'APPROACH-STEALTH'
10, 7343, 27.146718909096855, 27.146718909096855, 'APPROACH-STEALTH'
10, 7344, 27.144737465381084, 27.144737465381084, 'APPROACH-STEALTH'
10, 7345, 27.142756021665313, 27.142756021665313, 'APPROACH-STEALTH'
10, 7346, 27.140774577949543, 27.140774577949543, 'APPROACH-STEALTH'
10, 7347, 27.138793134233772, 27.138793134233772, 'APPROACH-STEALTH'
10, 7348, 27.136811690518, 27.136811690518, 'APPROACH-STEALTH'
10, 7349, 27.13483024680223, 27.13483024680223, 'APPROACH-STEALTH'
10, 7350, 27.13284880308646, 27.13284880308646, 'APPROACH-STEALTH'
10, 7351, 27.13086735937069, 27.13086735937069, 'APPROACH-STEALTH'
10, 7352, 27.12888591565492, 27.12888591565492, 'APPROACH-STEALTH'
10, 7353, 27.12690447193915, 27.12690447193915, 'APPROACH-STEALTH'
10, 7354, 27.124923028223378, 27.124923028223378, 'APPROACH-STEALTH'
10, 7355, 27.122941584507608, 27.122941584507608, 'APPROACH-STEALTH'
10, 7356, 27.120960140791837, 27.120960140791837, 'APPROACH-STEALTH'
10, 7357, 27.118978697076066, 27.118978697076066, 'APPROACH-STEALTH'
10, 7358, 27.116997253360296, 27.116997253360296, 'APPROACH-STEALTH'
10, 7359, 27.115015809644525, 27.115015809644525, 'APPROACH-STEALTH'
10, 7360, 27.113034365928755, 27.113034365928755, 'APPROACH-STEALTH'
10, 7361, 27.111052922212984, 27.111052922212984, 'APPROACH-STEALTH'
10, 7362, 27.109071478497214, 27.109071478497214, 'APPROACH-STEALTH'
10, 7363, 27.107090034781443, 27.107090034781443, 'APPROACH-STEALTH'
10, 7364, 27.105108591065672, 27.105108591065672, 'APPROACH-STEALTH'
10, 7365, 27.103127147349902, 27.103127147349902, 'APPROACH-STEALTH'
10, 7366, 27.10114570363413, 27.10114570363413, 'APPROACH-STEALTH'
10, 7367, 27.09916425991836, 27.09916425991836, 'APPROACH-STEALTH'
10, 7368, 27.09718281620259, 27.09718281620259, 'APPROACH-STEALTH'
10, 7369, 27.09520137248682, 27.09520137248682, 'APPROACH-STEALTH'
10, 7370, 27.09321992877105, 27.09321992877105, 'APPROACH-STEALTH'
10, 7371, 27.09123848505528, 27.09123848505528, 'APPROACH-STEALTH'
10, 7372, 27.089257041339508, 27.089257041339508, 'APPROACH-STEALTH'
10, 7373, 27.087275597623737, 27.087275597623737, 'APPROACH-STEALTH'
10, 7374, 27.085294153907967, 27.085294153907967, 'APPROACH-STEALTH'
10, 7375, 27.083312710192196, 27.083312710192196, 'APPROACH-STEALTH'
10, 7376, 27.081331266476425, 27.081331266476425, 'APPROACH-STEALTH'
10, 7377, 27.079349822760655, 27.079349822760655, 'APPROACH-STEALTH'
10, 7378, 27.077368379044884, 27.077368379044884, 'APPROACH-STEALTH'
10, 7379, 27.075386935329114, 27.075386935329114, 'APPROACH-STEALTH'
10, 7380, 27.073405491613343, 27.073405491613343, 'APPROACH-STEALTH'
10, 7381, 27.071424047897576, 27.071424047897576, 'APPROACH-STEALTH'
10, 7382, 27.05881807535708, 27.05881807535708, 'APPROACH-STEALTH'
10, 7383, 27.03360613027609, 27.03360613027609, 'APPROACH-BLIND'
10, 7384, 27.0083941851951, 27.0083941851951, 'APPROACH-BLIND'
10, 7385, 26.98318224011411, 26.98318224011411, 'APPROACH-BLIND'
10, 7386, 26.95797029503312, 26.95797029503312, 'APPROACH-BLIND'
10, 7387, 26.93275834995213, 26.93275834995213, 'APPROACH-BLIND'
10, 7388, 26.90754640487114, 26.90754640487114, 'APPROACH-BLIND'
10, 7389, 26.88233445979015, 26.88233445979015, 'APPROACH-BLIND'
10, 7390, 26.85712251470916, 26.85712251470916, 'APPROACH-BLIND'
10, 7391, 26.83191056962817, 26.83191056962817, 'APPROACH-BLIND'
10, 7392, 26.80669862454718, 26.80669862454718, 'APPROACH-BLIND'
10, 7393, 26.78148667946619, 26.78148667946619, 'APPROACH-BLIND'
10, 7394, 26.7562747343852, 26.7562747343852, 'APPROACH-BLIND'
10, 7395, 26.73106278930421, 26.73106278930421, 'APPROACH-BLIND'
10, 7396, 26.70585084422322, 26.70585084422322, 'APPROACH-BLIND'
10, 7397, 26.68063889914223, 26.68063889914223, 'APPROACH-BLIND'
10, 7398, 26.65542695406124, 26.65542695406124, 'APPROACH-BLIND'
10, 7399, 26.63021500898025, 26.63021500898025, 'APPROACH-BLIND'
10, 7400, 26.60500306389926, 26.60500306389926, 'APPROACH-BLIND'
10, 7401, 26.57979111881827, 26.57979111881827, 'APPROACH-BLIND'
10, 7402, 26.55457917373728, 26.55457917373728, 'APPROACH-BLIND'
10, 7403, 26.52936722865629, 26.52936722865629, 'APPROACH-BLIND'
10, 7404, 26.5041552835753, 26.5041552835753, 'APPROACH-BLIND'
10, 7405, 26.47894333849431, 26.47894333849431, 'APPROACH-BLIND'
10, 7406, 26.468803469313848, 26.468803469313848, 'APPROACH-BLIND'
10, 7407, 26.463733534723616, 26.463733534723616, 'APPROACH-STEALTH'
10, 7408, 26.458663600133384, 26.458663600133384, 'APPROACH-STEALTH'
10, 7409, 26.453593665543153, 26.453593665543153, 'APPROACH-STEALTH'
10, 7410, 26.44852373095292, 26.44852373095292, 'APPROACH-STEALTH'
10, 7411, 26.44345379636269, 26.44345379636269, 'APPROACH-STEALTH'
10, 7412, 26.438383861772458, 26.438383861772458, 'APPROACH-STEALTH'
10, 7413, 26.433313927182226, 26.433313927182226, 'APPROACH-STEALTH'
10, 7414, 26.428243992591995, 26.428243992591995, 'APPROACH-STEALTH'
10, 7415, 26.423174058001763, 26.423174058001763, 'APPROACH-STEALTH'
10, 7416, 26.41810412341153, 26.41810412341153, 'APPROACH-STEALTH'
10, 7417, 26.4130341888213, 26.4130341888213, 'APPROACH-STEALTH'
10, 7418, 26.407964254231068, 26.407964254231068, 'APPROACH-STEALTH'
10, 7419, 26.402894319640836, 26.402894319640836, 'APPROACH-STEALTH'
10, 7420, 26.397824385050605, 26.397824385050605, 'APPROACH-STEALTH'
10, 7421, 26.392754450460373, 26.392754450460373, 'APPROACH-STEALTH'
10, 7422, 26.38768451587014, 26.38768451587014, 'APPROACH-STEALTH'
10, 7423, 26.38261458127991, 26.38261458127991, 'APPROACH-STEALTH'
10, 7424, 26.377544646689678, 26.377544646689678, 'APPROACH-STEALTH'
10, 7425, 26.372474712099446, 26.372474712099446, 'APPROACH-STEALTH'
10, 7426, 26.367404777509215, 26.367404777509215, 'APPROACH-STEALTH'
10, 7427, 26.362334842918983, 26.362334842918983, 'APPROACH-STEALTH'
10, 7428, 26.35726490832875, 26.35726490832875, 'APPROACH-STEALTH'
10, 7429, 26.35219497373852, 26.35219497373852, 'APPROACH-STEALTH'
10, 7430, 26.34712503914829, 26.34712503914829, 'APPROACH-STEALTH'
10, 7431, 26.342055104558057, 26.342055104558057, 'APPROACH-STEALTH'
10, 7432, 26.336985169967825, 26.336985169967825, 'APPROACH-STEALTH'
10, 7433, 26.331915235377593, 26.331915235377593, 'APPROACH-STEALTH'
10, 7434, 26.32684530078736, 26.32684530078736, 'APPROACH-STEALTH'
10, 7435, 26.32177536619713, 26.32177536619713, 'APPROACH-STEALTH'
10, 7436, 26.3167054316069, 26.3167054316069, 'APPROACH-STEALTH'
10, 7437, 26.311635497016667, 26.311635497016667, 'APPROACH-STEALTH'
10, 7438, 26.306565562426435, 26.306565562426435, 'APPROACH-STEALTH'
10, 7439, 26.301495627836204, 26.301495627836204, 'APPROACH-STEALTH'
10, 7440, 26.296425693245972, 26.296425693245972, 'APPROACH-STEALTH'
10, 7441, 26.29135575865574, 26.29135575865574, 'APPROACH-STEALTH'
10, 7442, 26.28628582406551, 26.28628582406551, 'APPROACH-STEALTH'
10, 7443, 26.281215889475277, 26.281215889475277, 'APPROACH-STEALTH'
10, 7444, 26.276145954885045, 26.276145954885045, 'APPROACH-STEALTH'
10, 7445, 26.271076020294814, 26.271076020294814, 'APPROACH-STEALTH'
10, 7446, 26.266006085704582, 26.266006085704582, 'APPROACH-STEALTH'
10, 7447, 26.26093615111435, 26.26093615111435, 'APPROACH-STEALTH'
10, 7448, 26.25586621652412, 26.25586621652412, 'APPROACH-STEALTH'
10, 7449, 26.250796281933887, 26.250796281933887, 'APPROACH-STEALTH'
10, 7450, 26.245726347343656, 26.245726347343656, 'APPROACH-STEALTH'
10, 7451, 26.240656412753424, 26.240656412753424, 'APPROACH-STEALTH'
10, 7452, 26.235586478163192, 26.235586478163192, 'APPROACH-STEALTH'
10, 7453, 26.23051654357296, 26.23051654357296, 'APPROACH-STEALTH'
10, 7454, 26.22544660898273, 26.22544660898273, 'APPROACH-STEALTH'
10, 7455, 26.220376674392497, 26.220376674392497, 'APPROACH-STEALTH'
10, 7456, 26.215306739802266, 26.215306739802266, 'APPROACH-STEALTH'
10, 7457, 26.210236805212034, 26.210236805212034, 'APPROACH-STEALTH'
10, 7458, 26.205166870621802, 26.205166870621802, 'APPROACH-STEALTH'
10, 7459, 26.20009693603157, 26.20009693603157, 'APPROACH-STEALTH'
10, 7460, 26.19502700144134, 26.19502700144134, 'APPROACH-STEALTH'
10, 7461, 26.182204482142485, 26.182204482142485, 'APPROACH-STEALTH'
10, 7462, 26.156559443544772, 26.156559443544772, 'APPROACH-BLIND'
10, 7463, 26.13091440494706, 26.13091440494706, 'APPROACH-BLIND'
10, 7464, 26.105269366349347, 26.105269366349347, 'APPROACH-BLIND'
10, 7465, 26.079624327751635, 26.079624327751635, 'APPROACH-BLIND'
10, 7466, 26.053979289153922, 26.053979289153922, 'APPROACH-BLIND'
10, 7467, 26.02833425055621, 26.02833425055621, 'APPROACH-BLIND'
10, 7468, 26.002689211958497, 26.002689211958497, 'APPROACH-BLIND'
10, 7469, 25.977044173360785, 25.977044173360785, 'APPROACH-BLIND'
10, 7470, 25.951399134763072, 25.951399134763072, 'APPROACH-BLIND'
10, 7471, 25.92575409616536, 25.92575409616536, 'APPROACH-BLIND'
10, 7472, 25.900109057567647, 25.900109057567647, 'APPROACH-BLIND'
10, 7473, 25.874464018969935, 25.874464018969935, 'APPROACH-BLIND'
10, 7474, 25.848818980372222, 25.848818980372222, 'APPROACH-BLIND'
10, 7475, 25.82317394177451, 25.82317394177451, 'APPROACH-BLIND'
10, 7476, 25.797528903176797, 25.797528903176797, 'APPROACH-BLIND'
10, 7477, 25.771883864579085, 25.771883864579085, 'APPROACH-BLIND'
10, 7478, 25.746238825981372, 25.746238825981372, 'APPROACH-BLIND'
10, 7479, 25.72059378738366, 25.72059378738366, 'APPROACH-BLIND'
10, 7480, 25.694948748785947, 25.694948748785947, 'APPROACH-BLIND'
10, 7481, 25.669303710188235, 25.669303710188235, 'APPROACH-BLIND'
10, 7482, 25.643658671590522, 25.643658671590522, 'APPROACH-BLIND'
10, 7483, 25.61801363299281, 25.61801363299281, 'APPROACH-BLIND'
10, 7484, 25.592368594395097, 25.592368594395097, 'APPROACH-BLIND'
10, 7485, 25.566723555797385, 25.566723555797385, 'APPROACH-BLIND'
10, 7486, 25.541078517199672, 25.541078517199672, 'APPROACH-BLIND'
10, 7487, 25.51543347860196, 25.51543347860196, 'APPROACH-BLIND'
10, 7488, 25.489788440004247, 25.489788440004247, 'APPROACH-BLIND'
10, 7489, 25.475233245585056, 25.475233245585056, 'APPROACH-BLIND'
10, 7490, 25.460678051165864, 25.460678051165864, 'APPROACH-BLIND'
10, 7491, 25.446122856746673, 25.446122856746673, 'APPROACH-BLIND'
10, 7492, 25.43156766232748, 25.43156766232748, 'APPROACH-BLIND'
10, 7493, 25.41701246790829, 25.41701246790829, 'APPROACH-BLIND'
10, 7494, 25.402457273489098, 25.402457273489098, 'APPROACH-BLIND'
10, 7495, 25.387902079069907, 25.387902079069907, 'APPROACH-BLIND'
10, 7496, 25.373346884650715, 25.373346884650715, 'APPROACH-BLIND'
10, 7497, 25.358791690231524, 25.358791690231524, 'APPROACH-BLIND'
10, 7498, 25.344236495812332, 25.344236495812332, 'APPROACH-BLIND'
10, 7499, 25.32968130139314, 25.32968130139314, 'APPROACH-BLIND'
10, 7500, 25.31512610697395, 25.31512610697395, 'APPROACH-BLIND'
10, 7501, 25.300570912554758, 25.300570912554758, 'APPROACH-BLIND'
10, 7502, 25.27456739687012, 25.27456739687012, 'APPROACH-BLIND'
10, 7503, 25.24856388118548, 25.24856388118548, 'APPROACH-BLIND'
10, 7504, 25.22256036550084, 25.22256036550084, 'APPROACH-BLIND'
10, 7505, 25.1965568498162, 25.1965568498162, 'APPROACH-BLIND'
10, 7506, 25.17055333413156, 25.17055333413156, 'APPROACH-BLIND'
10, 7507, 25.14454981844692, 25.14454981844692, 'APPROACH-BLIND'
10, 7508, 25.11854630276228, 25.11854630276228, 'APPROACH-BLIND'
10, 7509, 25.092542787077637, 25.092542787077637, 'APPROACH-BLIND'
10, 7510, 25.066539271392998, 25.066539271392998, 'APPROACH-BLIND'
10, 7511, 25.040535755708355, 25.040535755708355, 'APPROACH-BLIND'
10, 7512, 25.014532240023716, 25.014532240023716, 'APPROACH-BLIND'
10, 7513, 24.988528724339073, 24.988528724339073, 'APPROACH-BLIND'
10, 7514, 24.962525208654434, 24.962525208654434, 'APPROACH-BLIND'
10, 7515, 24.93652169296979, 24.93652169296979, 'APPROACH-BLIND'
10, 7516, 24.91051817728515, 24.91051817728515, 'APPROACH-BLIND'
10, 7517, 24.88451466160051, 24.88451466160051, 'APPROACH-BLIND'
10, 7518, 24.85851114591587, 24.85851114591587, 'APPROACH-BLIND'
10, 7519, 24.832507630231227, 24.832507630231227, 'APPROACH-BLIND'
10, 7520, 24.806504114546588, 24.806504114546588, 'APPROACH-BLIND'
10, 7521, 24.780500598861945, 24.780500598861945, 'APPROACH-BLIND'
10, 7522, 24.754497083177306, 24.754497083177306, 'APPROACH-BLIND'
10, 7523, 24.728493567492663, 24.728493567492663, 'APPROACH-BLIND'
10, 7524, 24.702490051808024, 24.702490051808024, 'APPROACH-BLIND'
10, 7525, 24.67648653612338, 24.67648653612338, 'APPROACH-BLIND'
10, 7526, 24.65048302043874, 24.65048302043874, 'APPROACH-BLIND'
10, 7527, 24.6244795047541, 24.6244795047541, 'APPROACH-BLIND'
10, 7528, 24.59847598906946, 24.59847598906946, 'APPROACH-BLIND'
10, 7529, 24.572472473384817, 24.572472473384817, 'APPROACH-BLIND'
10, 7530, 24.546468957700178, 24.546468957700178, 'APPROACH-BLIND'
10, 7531, 24.520465442015535, 24.520465442015535, 'APPROACH-BLIND'
10, 7532, 24.494461926330896, 24.494461926330896, 'APPROACH-BLIND'
10, 7533, 24.480043844374467, 24.480043844374467, 'APPROACH-BLIND'
10, 7534, 24.472834803396253, 24.472834803396253, 'APPROACH-STEALTH'
10, 7535, 24.46562576241804, 24.46562576241804, 'APPROACH-STEALTH'
10, 7536, 24.458416721439825, 24.458416721439825, 'APPROACH-STEALTH'
10, 7537, 24.45120768046161, 24.45120768046161, 'APPROACH-STEALTH'
10, 7538, 24.443998639483397, 24.443998639483397, 'APPROACH-STEALTH'
10, 7539, 24.436789598505182, 24.436789598505182, 'APPROACH-STEALTH'
10, 7540, 24.429580557526968, 24.429580557526968, 'APPROACH-STEALTH'
10, 7541, 24.422371516548754, 24.422371516548754, 'APPROACH-STEALTH'
10, 7542, 24.41516247557054, 24.41516247557054, 'APPROACH-STEALTH'
10, 7543, 24.407953434592326, 24.407953434592326, 'APPROACH-STEALTH'
10, 7544, 24.40074439361411, 24.40074439361411, 'APPROACH-STEALTH'
10, 7545, 24.393535352635897, 24.393535352635897, 'APPROACH-STEALTH'
10, 7546, 24.386326311657683, 24.386326311657683, 'APPROACH-STEALTH'
10, 7547, 24.37911727067947, 24.37911727067947, 'APPROACH-STEALTH'
10, 7548, 24.371908229701255, 24.371908229701255, 'APPROACH-STEALTH'
10, 7549, 24.36469918872304, 24.36469918872304, 'APPROACH-STEALTH'
10, 7550, 24.357490147744826, 24.357490147744826, 'APPROACH-STEALTH'
10, 7551, 24.350281106766612, 24.350281106766612, 'APPROACH-STEALTH'
10, 7552, 24.343072065788398, 24.343072065788398, 'APPROACH-STEALTH'
10, 7553, 24.335863024810184, 24.335863024810184, 'APPROACH-STEALTH'
10, 7554, 24.32865398383197, 24.32865398383197, 'APPROACH-STEALTH'
10, 7555, 24.321444942853756, 24.321444942853756, 'APPROACH-STEALTH'
10, 7556, 24.31423590187554, 24.31423590187554, 'APPROACH-STEALTH'
10, 7557, 24.307026860897327, 24.307026860897327, 'APPROACH-STEALTH'
10, 7558, 24.299817819919113, 24.299817819919113, 'APPROACH-STEALTH'
10, 7559, 24.29708457741517, 24.29708457741517, 'APPROACH-STEALTH'
10, 7560, 24.294351334911227, 24.294351334911227, 'APPROACH-STEALTH'
10, 7561, 24.291618092407283, 24.291618092407283, 'APPROACH-STEALTH'
10, 7562, 24.28888484990334, 24.28888484990334, 'APPROACH-STEALTH'
10, 7563, 24.286151607399397, 24.286151607399397, 'APPROACH-STEALTH'
10, 7564, 24.283418364895454, 24.283418364895454, 'APPROACH-STEALTH'
10, 7565, 24.28068512239151, 24.28068512239151, 'APPROACH-STEALTH'
10, 7566, 24.277951879887567, 24.277951879887567, 'APPROACH-STEALTH'
10, 7567, 24.275218637383624, 24.275218637383624, 'APPROACH-STEALTH'
10, 7568, 24.27248539487968, 24.27248539487968, 'APPROACH-STEALTH'
10, 7569, 24.269752152375737, 24.269752152375737, 'APPROACH-STEALTH'
10, 7570, 24.267018909871794, 24.267018909871794, 'APPROACH-STEALTH'
10, 7571, 24.26428566736785, 24.26428566736785, 'APPROACH-STEALTH'
10, 7572, 24.261552424863908, 24.261552424863908, 'APPROACH-STEALTH'
10, 7573, 24.258819182359964, 24.258819182359964, 'APPROACH-STEALTH'
10, 7574, 24.25608593985602, 24.25608593985602, 'APPROACH-STEALTH'
10, 7575, 24.253352697352078, 24.253352697352078, 'APPROACH-STEALTH'
10, 7576, 24.250619454848135, 24.250619454848135, 'APPROACH-STEALTH'
10, 7577, 24.24788621234419, 24.24788621234419, 'APPROACH-STEALTH'
10, 7578, 24.245152969840248, 24.245152969840248, 'APPROACH-STEALTH'
10, 7579, 24.242419727336305, 24.242419727336305, 'APPROACH-STEALTH'
10, 7580, 24.23968648483236, 24.23968648483236, 'APPROACH-STEALTH'
10, 7581, 24.23695324232842, 24.23695324232842, 'APPROACH-STEALTH'
10, 7582, 24.234219999824475, 24.234219999824475, 'APPROACH-STEALTH'
10, 7583, 24.231486757320532, 24.231486757320532, 'APPROACH-STEALTH'
10, 7584, 24.22875351481659, 24.22875351481659, 'APPROACH-STEALTH'
10, 7585, 24.226020272312645, 24.226020272312645, 'APPROACH-STEALTH'
10, 7586, 24.223287029808702, 24.223287029808702, 'APPROACH-STEALTH'
10, 7587, 24.22055378730476, 24.22055378730476, 'APPROACH-STEALTH'
10, 7588, 24.217820544800816, 24.217820544800816, 'APPROACH-STEALTH'
10, 7589, 24.215087302296872, 24.215087302296872, 'APPROACH-STEALTH'
10, 7590, 24.21235405979293, 24.21235405979293, 'APPROACH-STEALTH'
10, 7591, 24.209620817288986, 24.209620817288986, 'APPROACH-STEALTH'
10, 7592, 24.206887574785043, 24.206887574785043, 'APPROACH-STEALTH'
10, 7593, 24.2041543322811, 24.2041543322811, 'APPROACH-STEALTH'
10, 7594, 24.201421089777156, 24.201421089777156, 'APPROACH-STEALTH'
10, 7595, 24.198687847273213, 24.198687847273213, 'APPROACH-STEALTH'
10, 7596, 24.19595460476927, 24.19595460476927, 'APPROACH-STEALTH'
10, 7597, 24.193221362265326, 24.193221362265326, 'APPROACH-STEALTH'
10, 7598, 24.190488119761383, 24.190488119761383, 'APPROACH-STEALTH'
10, 7599, 24.18775487725744, 24.18775487725744, 'APPROACH-STEALTH'
10, 7600, 24.185021634753497, 24.185021634753497, 'APPROACH-STEALTH'
10, 7601, 24.182288392249554, 24.182288392249554, 'APPROACH-STEALTH'
10, 7602, 24.17955514974561, 24.17955514974561, 'APPROACH-STEALTH'
10, 7603, 24.176821907241667, 24.176821907241667, 'APPROACH-STEALTH'
10, 7604, 24.174088664737724, 24.174088664737724, 'APPROACH-STEALTH'
10, 7605, 24.17135542223378, 24.17135542223378, 'APPROACH-STEALTH'
10, 7606, 24.168622179729837, 24.168622179729837, 'APPROACH-STEALTH'
10, 7607, 24.165888937225894, 24.165888937225894, 'APPROACH-STEALTH'
10, 7608, 24.16315569472195, 24.16315569472195, 'APPROACH-STEALTH'
10, 7609, 24.160422452218008, 24.160422452218008, 'APPROACH-STEALTH'
10, 7610, 24.157689209714064, 24.157689209714064, 'APPROACH-STEALTH'
10, 7611, 24.15495596721012, 24.15495596721012, 'APPROACH-STEALTH'
10, 7612, 24.152222724706178, 24.152222724706178, 'APPROACH-STEALTH'
10, 7613, 24.149489482202235, 24.149489482202235, 'APPROACH-STEALTH'
10, 7614, 24.14675623969829, 24.14675623969829, 'APPROACH-STEALTH'
10, 7615, 24.144022997194348, 24.144022997194348, 'APPROACH-STEALTH'
10, 7616, 24.141289754690405, 24.141289754690405, 'APPROACH-STEALTH'
10, 7617, 24.13855651218646, 24.13855651218646, 'APPROACH-STEALTH'
10, 7618, 24.13582326968252, 24.13582326968252, 'APPROACH-STEALTH'
10, 7619, 24.13309002717857, 24.13309002717857, 'APPROACH-STEALTH'
10, 7620, 24.13035678467463, 24.13035678467463, 'APPROACH-STEALTH'
10, 7621, 24.12762354217068, 24.12762354217068, 'APPROACH-STEALTH'
10, 7622, 24.124890299666735, 24.124890299666735, 'APPROACH-STEALTH'
10, 7623, 24.12215705716279, 24.12215705716279, 'APPROACH-STEALTH'
10, 7624, 24.119423814658845, 24.119423814658845, 'APPROACH-STEALTH'
10, 7625, 24.116690572154898, 24.116690572154898, 'APPROACH-STEALTH'
10, 7626, 24.113957329650955, 24.113957329650955, 'APPROACH-STEALTH'
10, 7627, 24.111224087147008, 24.111224087147008, 'APPROACH-STEALTH'
10, 7628, 24.108490844643065, 24.108490844643065, 'APPROACH-STEALTH'
10, 7629, 24.105757602139118, 24.105757602139118, 'APPROACH-STEALTH'
10, 7630, 24.10302435963517, 24.10302435963517, 'APPROACH-STEALTH'
10, 7631, 24.100291117131228, 24.100291117131228, 'APPROACH-STEALTH'
10, 7632, 24.112433208685065, 24.112433208685065, 'APPROACH-STEALTH'
10, 7633, 24.124575300238902, 24.124575300238902, 'APPROACH-STEALTH'
10, 7634, 24.13671739179274, 24.13671739179274, 'APPROACH-STEALTH'
10, 7635, 24.148859483346577, 24.148859483346577, 'APPROACH-STEALTH'
10, 7636, 24.161001574900414, 24.161001574900414, 'APPROACH-STEALTH'
10, 7637, 24.17314366645425, 24.17314366645425, 'APPROACH-STEALTH'
10, 7638, 24.18528575800809, 24.18528575800809, 'APPROACH-STEALTH'
10, 7639, 24.197427849561926, 24.197427849561926, 'APPROACH-STEALTH'
10, 7640, 24.209569941115763, 24.209569941115763, 'APPROACH-STEALTH'
10, 7641, 24.2217120326696, 24.2217120326696, 'APPROACH-STEALTH'
10, 7642, 24.233854124223438, 24.233854124223438, 'APPROACH-STEALTH'
10, 7643, 24.245996215777275, 24.245996215777275, 'APPROACH-STEALTH'
10, 7644, 24.258138307331112, 24.258138307331112, 'APPROACH-STEALTH'
10, 7645, 24.27028039888495, 24.27028039888495, 'APPROACH-STEALTH'
10, 7646, 24.282422490438787, 24.282422490438787, 'APPROACH-STEALTH'
10, 7647, 24.294564581992624, 24.294564581992624, 'APPROACH-STEALTH'
10, 7648, 24.30670667354646, 24.30670667354646, 'APPROACH-STEALTH'
10, 7649, 24.3188487651003, 24.3188487651003, 'APPROACH-STEALTH'
10, 7650, 24.330990856654136, 24.330990856654136, 'APPROACH-STEALTH'
10, 7651, 24.343132948207973, 24.343132948207973, 'APPROACH-STEALTH'
10, 7652, 24.35527503976181, 24.35527503976181, 'APPROACH-STEALTH'
10, 7653, 24.367417131315648, 24.367417131315648, 'APPROACH-STEALTH'
10, 7654, 24.379559222869485, 24.379559222869485, 'APPROACH-STEALTH'
10, 7655, 24.391701314423322, 24.391701314423322, 'APPROACH-STEALTH'
10, 7656, 24.40384340597716, 24.40384340597716, 'APPROACH-STEALTH'
10, 7657, 24.415985497530997, 24.415985497530997, 'APPROACH-STEALTH'
10, 7658, 24.428127589084834, 24.428127589084834, 'APPROACH-STEALTH'
10, 7659, 24.44026968063867, 24.44026968063867, 'APPROACH-STEALTH'
10, 7660, 24.45241177219251, 24.45241177219251, 'APPROACH-STEALTH'
10, 7661, 24.464553863746346, 24.464553863746346, 'APPROACH-STEALTH'
10, 7662, 24.476695955300183, 24.476695955300183, 'APPROACH-STEALTH'
10, 7663, 24.48883804685402, 24.48883804685402, 'APPROACH-STEALTH'
10, 7664, 24.500980138407858, 24.500980138407858, 'APPROACH-STEALTH'
10, 7665, 24.51463758531827, 24.51463758531827, 'APPROACH-STEALTH'
10, 7666, 24.52829503222868, 24.52829503222868, 'APPROACH-STEALTH'
10, 7667, 24.54195247913909, 24.54195247913909, 'APPROACH-STEALTH'
10, 7668, 24.555609926049502, 24.555609926049502, 'APPROACH-STEALTH'
10, 7669, 24.569267372959914, 24.569267372959914, 'APPROACH-STEALTH'
10, 7670, 24.582924819870325, 24.582924819870325, 'APPROACH-STEALTH'
10, 7671, 24.596582266780736, 24.596582266780736, 'APPROACH-STEALTH'
10, 7672, 24.610239713691147, 24.610239713691147, 'APPROACH-STEALTH'
10, 7673, 24.623897160601558, 24.623897160601558, 'APPROACH-STEALTH'
10, 7674, 24.63755460751197, 24.63755460751197, 'APPROACH-STEALTH'
10, 7675, 24.65121205442238, 24.65121205442238, 'APPROACH-STEALTH'
10, 7676, 24.66486950133279, 24.66486950133279, 'APPROACH-STEALTH'
10, 7677, 24.678526948243203, 24.678526948243203, 'APPROACH-STEALTH'
10, 7678, 24.692184395153614, 24.692184395153614, 'APPROACH-STEALTH'
10, 7679, 24.705841842064025, 24.705841842064025, 'APPROACH-STEALTH'
10, 7680, 24.719499288974436, 24.719499288974436, 'APPROACH-STEALTH'
10, 7681, 24.733156735884847, 24.733156735884847, 'APPROACH-STEALTH'
10, 7682, 24.74681418279526, 24.74681418279526, 'APPROACH-STEALTH'
10, 7683, 24.76047162970567, 24.76047162970567, 'APPROACH-STEALTH'
10, 7684, 24.77412907661608, 24.77412907661608, 'APPROACH-STEALTH'
10, 7685, 24.787786523526492, 24.787786523526492, 'APPROACH-STEALTH'
10, 7686, 24.801443970436903, 24.801443970436903, 'APPROACH-STEALTH'
10, 7687, 24.815101417347314, 24.815101417347314, 'APPROACH-STEALTH'
10, 7688, 24.828758864257725, 24.828758864257725, 'APPROACH-STEALTH'
10, 7689, 24.842416311168137, 24.842416311168137, 'APPROACH-STEALTH'
10, 7690, 24.856073758078548, 24.856073758078548, 'APPROACH-STEALTH'
10, 7691, 24.86973120498896, 24.86973120498896, 'APPROACH-STEALTH'
10, 7692, 24.88338865189937, 24.88338865189937, 'APPROACH-STEALTH'
10, 7693, 24.89704609880978, 24.89704609880978, 'APPROACH-STEALTH'
10, 7694, 24.910703545720192, 24.910703545720192, 'APPROACH-STEALTH'
10, 7695, 24.924360992630604, 24.924360992630604, 'APPROACH-STEALTH'
10, 7696, 24.938018439541015, 24.938018439541015, 'APPROACH-STEALTH'
10, 7697, 24.965333333361837, 24.965333333361837, 'APPROACH-BLIND'
10, 7698, 24.99264822718266, 24.99264822718266, 'APPROACH-BLIND'
10, 7699, 25.01996312100348, 25.01996312100348, 'APPROACH-BLIND'
10, 7700, 25.047278014824304, 25.047278014824304, 'APPROACH-BLIND'
10, 7701, 25.074592908645126, 25.074592908645126, 'APPROACH-BLIND'
10, 7702, 25.10190780246595, 25.10190780246595, 'APPROACH-BLIND'
10, 7703, 25.12922269628677, 25.12922269628677, 'APPROACH-BLIND'
10, 7704, 25.156537590107593, 25.156537590107593, 'APPROACH-BLIND'
10, 7705, 25.183852483928415, 25.183852483928415, 'APPROACH-BLIND'
10, 7706, 25.197509930838827, 25.197509930838827, 'APPROACH-STEALTH'
10, 7707, 25.211167377749238, 25.211167377749238, 'APPROACH-STEALTH'
10, 7708, 25.22482482465965, 25.22482482465965, 'APPROACH-STEALTH'
10, 7709, 25.23848227157006, 25.23848227157006, 'APPROACH-STEALTH'
10, 7710, 25.25213971848047, 25.25213971848047, 'APPROACH-STEALTH'
10, 7711, 25.265797165390882, 25.265797165390882, 'APPROACH-STEALTH'
10, 7712, 25.279454612301294, 25.279454612301294, 'APPROACH-STEALTH'
10, 7713, 25.293112059211705, 25.293112059211705, 'APPROACH-STEALTH'
10, 7714, 25.306769506122116, 25.306769506122116, 'APPROACH-STEALTH'
10, 7715, 25.320426953032527, 25.320426953032527, 'APPROACH-STEALTH'
10, 7716, 25.334084399942938, 25.334084399942938, 'APPROACH-STEALTH'
10, 7717, 25.34774184685335, 25.34774184685335, 'APPROACH-STEALTH'
10, 7718, 25.36139929376376, 25.36139929376376, 'APPROACH-STEALTH'
10, 7719, 25.37505674067417, 25.37505674067417, 'APPROACH-STEALTH'
10, 7720, 25.388714187584583, 25.388714187584583, 'APPROACH-STEALTH'
10, 7721, 25.402371634494994, 25.402371634494994, 'APPROACH-STEALTH'
10, 7722, 25.416029081405405, 25.416029081405405, 'APPROACH-STEALTH'
10, 7723, 25.429686528315816, 25.429686528315816, 'APPROACH-STEALTH'
10, 7724, 25.443343975226227, 25.443343975226227, 'APPROACH-STEALTH'
10, 7725, 25.45700142213664, 25.45700142213664, 'APPROACH-STEALTH'
10, 7726, 25.47065886904705, 25.47065886904705, 'APPROACH-STEALTH'
10, 7727, 25.48431631595746, 25.48431631595746, 'APPROACH-STEALTH'
10, 7728, 25.497973762867872, 25.497973762867872, 'APPROACH-STEALTH'
10, 7729, 25.511631209778283, 25.511631209778283, 'APPROACH-STEALTH'
10, 7730, 25.51730885206329, 25.51730885206329, 'APPROACH-STEALTH'
10, 7731, 25.5229864943483, 25.5229864943483, 'APPROACH-STEALTH'
10, 7732, 25.528664136633306, 25.528664136633306, 'APPROACH-STEALTH'
10, 7733, 25.534341778918314, 25.534341778918314, 'APPROACH-STEALTH'
10, 7734, 25.540019421203322, 25.540019421203322, 'APPROACH-STEALTH'
10, 7735, 25.54569706348833, 25.54569706348833, 'APPROACH-STEALTH'
10, 7736, 25.557052348058345, 25.557052348058345, 'APPROACH-STEALTH'
10, 7737, 25.56840763262836, 25.56840763262836, 'APPROACH-STEALTH'
10, 7738, 25.579762917198376, 25.579762917198376, 'APPROACH-STEALTH'
10, 7739, 25.591118201768392, 25.591118201768392, 'APPROACH-STEALTH'
10, 7740, 25.602473486338408, 25.602473486338408, 'APPROACH-STEALTH'
10, 7741, 25.608151128623415, 25.608151128623415, 'APPROACH-STEALTH'
10, 7742, 25.613828770908423, 25.613828770908423, 'APPROACH-STEALTH'
10, 7743, 25.61950641319343, 25.61950641319343, 'APPROACH-STEALTH'
10, 7744, 25.62518405547844, 25.62518405547844, 'APPROACH-STEALTH'
10, 7745, 25.630861697763446, 25.630861697763446, 'APPROACH-STEALTH'
10, 7746, 25.636539340048454, 25.636539340048454, 'APPROACH-STEALTH'
10, 7747, 25.642216982333462, 25.642216982333462, 'APPROACH-STEALTH'
10, 7748, 25.64789462461847, 25.64789462461847, 'APPROACH-STEALTH'
10, 7749, 25.653572266903478, 25.653572266903478, 'APPROACH-STEALTH'
10, 7750, 25.659249909188485, 25.659249909188485, 'APPROACH-STEALTH'
10, 7751, 25.664927551473493, 25.664927551473493, 'APPROACH-STEALTH'
10, 7752, 25.6706051937585, 25.6706051937585, 'APPROACH-STEALTH'
10, 7753, 25.67628283604351, 25.67628283604351, 'APPROACH-STEALTH'
10, 7754, 25.681960478328516, 25.681960478328516, 'APPROACH-STEALTH'
10, 7755, 25.687638120613524, 25.687638120613524, 'APPROACH-STEALTH'
10, 7756, 25.693315762898532, 25.693315762898532, 'APPROACH-STEALTH'
10, 7757, 25.69899340518354, 25.69899340518354, 'APPROACH-STEALTH'
10, 7758, 25.704671047468548, 25.704671047468548, 'APPROACH-STEALTH'
10, 7759, 25.710348689753555, 25.710348689753555, 'APPROACH-STEALTH'
10, 7760, 25.716026332038563, 25.716026332038563, 'APPROACH-STEALTH'
10, 7761, 25.72170397432357, 25.72170397432357, 'APPROACH-STEALTH'
10, 7762, 25.72738161660858, 25.72738161660858, 'APPROACH-STEALTH'
10, 7763, 25.733059258893586, 25.733059258893586, 'APPROACH-STEALTH'
10, 7764, 25.738736901178594, 25.738736901178594, 'APPROACH-STEALTH'
10, 7765, 25.744414543463602, 25.744414543463602, 'APPROACH-STEALTH'
10, 7766, 25.75009218574861, 25.75009218574861, 'APPROACH-STEALTH'
10, 7767, 25.755769828033618, 25.755769828033618, 'APPROACH-STEALTH'
10, 7768, 25.761447470318625, 25.761447470318625, 'APPROACH-STEALTH'
10, 7769, 25.767125112603633, 25.767125112603633, 'APPROACH-STEALTH'
10, 7770, 25.77280275488864, 25.77280275488864, 'APPROACH-STEALTH'
10, 7771, 25.77848039717365, 25.77848039717365, 'APPROACH-STEALTH'
10, 7772, 25.780516744811994, 25.780516744811994, 'APPROACH-STEALTH'
10, 7773, 25.78255309245034, 25.78255309245034, 'APPROACH-STEALTH'
10, 7774, 25.784589440088684, 25.784589440088684, 'APPROACH-STEALTH'
10, 7775, 25.78662578772703, 25.78662578772703, 'APPROACH-STEALTH'
10, 7776, 25.788662135365374, 25.788662135365374, 'APPROACH-STEALTH'
10, 7777, 25.79069848300372, 25.79069848300372, 'APPROACH-STEALTH'
10, 7778, 25.792734830642065, 25.792734830642065, 'APPROACH-STEALTH'
10, 7779, 25.79477117828041, 25.79477117828041, 'APPROACH-STEALTH'
10, 7780, 25.796807525918755, 25.796807525918755, 'APPROACH-STEALTH'
10, 7781, 25.7988438735571, 25.7988438735571, 'APPROACH-STEALTH'
10, 7782, 25.800880221195445, 25.800880221195445, 'APPROACH-STEALTH'
10, 7783, 25.80291656883379, 25.80291656883379, 'APPROACH-STEALTH'
10, 7784, 25.804952916472136, 25.804952916472136, 'APPROACH-STEALTH'
10, 7785, 25.83180803722137, 25.83180803722137, 'APPROACH-BLIND'
10, 7786, 25.858663157970607, 25.858663157970607, 'APPROACH-BLIND'
10, 7787, 25.86166151598067, 25.86166151598067, 'APPROACH-STEALTH'
10, 7788, 25.8631606949857, 25.8631606949857, 'APPROACH-STEALTH'
10, 7789, 25.864659873990732, 25.864659873990732, 'APPROACH-STEALTH'
10, 7790, 25.866159052995762, 25.866159052995762, 'APPROACH-STEALTH'
10, 7791, 25.867658232000792, 25.867658232000792, 'APPROACH-STEALTH'
10, 7792, 25.869157411005823, 25.869157411005823, 'APPROACH-STEALTH'
10, 7793, 25.870656590010853, 25.870656590010853, 'APPROACH-STEALTH'
10, 7794, 25.872155769015883, 25.872155769015883, 'APPROACH-STEALTH'
10, 7795, 25.873654948020913, 25.873654948020913, 'APPROACH-STEALTH'
10, 7796, 25.875154127025947, 25.875154127025947, 'APPROACH-STEALTH'
10, 7797, 25.876653306030978, 25.876653306030978, 'APPROACH-STEALTH'
10, 7798, 25.878152485036008, 25.878152485036008, 'APPROACH-STEALTH'
10, 7799, 25.87965166404104, 25.87965166404104, 'APPROACH-STEALTH'
10, 7800, 25.881150843046072, 25.881150843046072, 'APPROACH-STEALTH'
10, 7801, 25.882650022051102, 25.882650022051102, 'APPROACH-STEALTH'
10, 7802, 25.884149201056136, 25.884149201056136, 'APPROACH-STEALTH'
10, 7803, 25.885648380061166, 25.885648380061166, 'APPROACH-STEALTH'
10, 7804, 25.887147559066197, 25.887147559066197, 'APPROACH-STEALTH'
10, 7805, 25.88864673807123, 25.88864673807123, 'APPROACH-STEALTH'
10, 7806, 25.89014591707626, 25.89014591707626, 'APPROACH-STEALTH'
10, 7807, 25.89164509608129, 25.89164509608129, 'APPROACH-STEALTH'
10, 7808, 25.893144275086325, 25.893144275086325, 'APPROACH-STEALTH'
10, 7809, 25.894643454091355, 25.894643454091355, 'APPROACH-STEALTH'
10, 7810, 25.896142633096385, 25.896142633096385, 'APPROACH-STEALTH'
10, 7811, 25.89764181210142, 25.89764181210142, 'APPROACH-STEALTH'
10, 7812, 25.89914099110645, 25.89914099110645, 'APPROACH-STEALTH'
10, 7813, 25.90064017011148, 25.90064017011148, 'APPROACH-STEALTH'
10, 7814, 25.902139349116514, 25.902139349116514, 'APPROACH-STEALTH'
10, 7815, 25.903638528121544, 25.903638528121544, 'APPROACH-STEALTH'
10, 7816, 25.906636886131608, 25.906636886131608, 'APPROACH-STEALTH'
10, 7817, 25.909635244141672, 25.909635244141672, 'APPROACH-STEALTH'
10, 7818, 25.912633602151736, 25.912633602151736, 'APPROACH-STEALTH'
10, 7819, 25.9156319601618, 25.9156319601618, 'APPROACH-STEALTH'
10, 7820, 25.918630318171864, 25.918630318171864, 'APPROACH-STEALTH'
10, 7821, 25.92162867618193, 25.92162867618193, 'APPROACH-BLIND'
10, 7822, 25.924627034191992, 25.924627034191992, 'APPROACH-BLIND'
10, 7823, 25.927625392202057, 25.927625392202057, 'APPROACH-BLIND'
10, 7824, 25.92912457120709, 25.92912457120709, 'APPROACH-STEALTH'
10, 7825, 25.930623750212124, 25.930623750212124, 'APPROACH-STEALTH'
10, 7826, 25.932122929217154, 25.932122929217154, 'APPROACH-STEALTH'
10, 7827, 25.933622108222185, 25.933622108222185, 'APPROACH-STEALTH'
10, 7828, 25.93512128722722, 25.93512128722722, 'APPROACH-STEALTH'
10, 7829, 25.93662046623225, 25.93662046623225, 'APPROACH-STEALTH'
10, 7830, 25.93811964523728, 25.93811964523728, 'APPROACH-STEALTH'
10, 7831, 25.939618824242313, 25.939618824242313, 'APPROACH-STEALTH'
10, 7832, 25.941118003247343, 25.941118003247343, 'APPROACH-STEALTH'
10, 7833, 25.942617182252373, 25.942617182252373, 'APPROACH-STEALTH'
10, 7834, 25.944116361257407, 25.944116361257407, 'APPROACH-STEALTH'
10, 7835, 25.945615540262438, 25.945615540262438, 'APPROACH-STEALTH'
10, 7836, 25.947114719267468, 25.947114719267468, 'APPROACH-STEALTH'
10, 7837, 25.959720081789683, 25.959720081789683, 'APPROACH-STEALTH'
10, 7838, 25.9723254443119, 25.9723254443119, 'APPROACH-STEALTH'
10, 7839, 25.984930806834114, 25.984930806834114, 'APPROACH-STEALTH'
10, 7840, 25.99753616935633, 25.99753616935633, 'APPROACH-STEALTH'
10, 7841, 26.010141531878546, 26.010141531878546, 'APPROACH-STEALTH'
10, 7842, 26.02274689440076, 26.02274689440076, 'APPROACH-STEALTH'
10, 7843, 26.035352256922977, 26.035352256922977, 'APPROACH-STEALTH'
10, 7844, 26.047957619445192, 26.047957619445192, 'APPROACH-STEALTH'
10, 7845, 26.060562981967408, 26.060562981967408, 'APPROACH-STEALTH'
10, 7846, 26.073168344489623, 26.073168344489623, 'APPROACH-STEALTH'
10, 7847, 26.08577370701184, 26.08577370701184, 'APPROACH-STEALTH'
10, 7848, 26.09837906953405, 26.09837906953405, 'APPROACH-STEALTH'
10, 7849, 26.110984432056263, 26.110984432056263, 'APPROACH-STEALTH'
10, 7850, 26.123589794578475, 26.123589794578475, 'APPROACH-STEALTH'
10, 7851, 26.136195157100687, 26.136195157100687, 'APPROACH-STEALTH'
10, 7852, 26.1488005196229, 26.1488005196229, 'APPROACH-STEALTH'
10, 7853, 26.16140588214511, 26.16140588214511, 'APPROACH-STEALTH'
10, 7854, 26.174011244667323, 26.174011244667323, 'APPROACH-STEALTH'
10, 7855, 26.186616607189535, 26.186616607189535, 'APPROACH-STEALTH'
10, 7856, 26.199221969711747, 26.199221969711747, 'APPROACH-STEALTH'
10, 7857, 26.21182733223396, 26.21182733223396, 'APPROACH-STEALTH'
10, 7858, 26.22443269475617, 26.22443269475617, 'APPROACH-STEALTH'
10, 7859, 26.237038057278383, 26.237038057278383, 'APPROACH-STEALTH'
10, 7860, 26.249643419800595, 26.249643419800595, 'APPROACH-STEALTH'
10, 7861, 26.262248782322807, 26.262248782322807, 'APPROACH-STEALTH'
10, 7862, 26.27485414484502, 26.27485414484502, 'APPROACH-STEALTH'
10, 7863, 26.28745950736723, 26.28745950736723, 'APPROACH-STEALTH'
10, 7864, 26.31267023241166, 26.31267023241166, 'APPROACH-BLIND'
10, 7865, 26.337880957456086, 26.337880957456086, 'APPROACH-BLIND'
10, 7866, 26.363091682500514, 26.363091682500514, 'APPROACH-BLIND'
10, 7867, 26.38830240754494, 26.38830240754494, 'APPROACH-BLIND'
10, 7868, 26.41351313258937, 26.41351313258937, 'APPROACH-STEALTH'
10, 7869, 26.438723857633796, 26.438723857633796, 'APPROACH-STEALTH'
10, 7870, 26.463934582678224, 26.463934582678224, 'APPROACH-STEALTH'
10, 7871, 26.48914530772265, 26.48914530772265, 'APPROACH-STEALTH'
10, 7872, 26.501750670244864, 26.501750670244864, 'APPROACH-STEALTH'
10, 7873, 26.50696338950581, 26.50696338950581, 'APPROACH-STEALTH'
10, 7874, 26.512176108766756, 26.512176108766756, 'APPROACH-STEALTH'
10, 7875, 26.517388828027702, 26.517388828027702, 'APPROACH-STEALTH'
10, 7876, 26.522601547288648, 26.522601547288648, 'APPROACH-STEALTH'
10, 7877, 26.527814266549594, 26.527814266549594, 'APPROACH-STEALTH'
10, 7878, 26.53302698581054, 26.53302698581054, 'APPROACH-STEALTH'
10, 7879, 26.538239705071486, 26.538239705071486, 'APPROACH-STEALTH'
10, 7880, 26.543452424332433, 26.543452424332433, 'APPROACH-STEALTH'
10, 7881, 26.54866514359338, 26.54866514359338, 'APPROACH-STEALTH'
10, 7882, 26.553877862854325, 26.553877862854325, 'APPROACH-STEALTH'
10, 7883, 26.55909058211527, 26.55909058211527, 'APPROACH-STEALTH'
10, 7884, 26.564303301376217, 26.564303301376217, 'APPROACH-STEALTH'
10, 7885, 26.569516020637163, 26.569516020637163, 'APPROACH-STEALTH'
10, 7886, 26.57472873989811, 26.57472873989811, 'APPROACH-STEALTH'
10, 7887, 26.579941459159055, 26.579941459159055, 'APPROACH-STEALTH'
10, 7888, 26.58515417842, 26.58515417842, 'APPROACH-STEALTH'
10, 7889, 26.59557961694189, 26.59557961694189, 'APPROACH-STEALTH'
10, 7890, 26.60600505546378, 26.60600505546378, 'APPROACH-STEALTH'
10, 7891, 26.616430493985668, 26.616430493985668, 'APPROACH-STEALTH'
10, 7892, 26.62685593250756, 26.62685593250756, 'APPROACH-STEALTH'
10, 7893, 26.637281371029452, 26.637281371029452, 'APPROACH-STEALTH'
10, 7894, 26.64770680955134, 26.64770680955134, 'APPROACH-STEALTH'
10, 7895, 26.658132248073233, 26.658132248073233, 'APPROACH-STEALTH'
10, 7896, 26.668557686595125, 26.668557686595125, 'APPROACH-STEALTH'
10, 7897, 26.678983125117018, 26.678983125117018, 'APPROACH-STEALTH'
10, 7898, 26.689408563638906, 26.689408563638906, 'APPROACH-STEALTH'
10, 7899, 26.6998340021608, 26.6998340021608, 'APPROACH-STEALTH'
10, 7900, 26.71025944068269, 26.71025944068269, 'APPROACH-STEALTH'
10, 7901, 26.720684879204583, 26.720684879204583, 'APPROACH-STEALTH'
10, 7902, 26.731110317726472, 26.731110317726472, 'APPROACH-STEALTH'
10, 7903, 26.736323036987418, 26.736323036987418, 'APPROACH-STEALTH'
10, 7904, 26.741535756248364, 26.741535756248364, 'APPROACH-STEALTH'
10, 7905, 26.74674847550931, 26.74674847550931, 'APPROACH-STEALTH'
10, 7906, 26.751961194770256, 26.751961194770256, 'APPROACH-STEALTH'
10, 7907, 26.757173914031203, 26.757173914031203, 'APPROACH-STEALTH'
10, 7908, 26.76238663329215, 26.76238663329215, 'APPROACH-STEALTH'
10, 7909, 26.767599352553095, 26.767599352553095, 'APPROACH-STEALTH'
10, 7910, 26.77281207181404, 26.77281207181404, 'APPROACH-STEALTH'
10, 7911, 26.778024791074987, 26.778024791074987, 'APPROACH-STEALTH'
10, 7912, 26.783237510335933, 26.783237510335933, 'APPROACH-STEALTH'
10, 7913, 26.78845022959688, 26.78845022959688, 'APPROACH-STEALTH'
10, 7914, 26.793662948857826, 26.793662948857826, 'APPROACH-STEALTH'
10, 7915, 26.79887566811877, 26.79887566811877, 'APPROACH-STEALTH'
10, 7916, 26.800725403160484, 26.800725403160484, 'APPROACH-STEALTH'
10, 7917, 26.802575138202197, 26.802575138202197, 'APPROACH-STEALTH'
10, 7918, 26.80442487324391, 26.80442487324391, 'APPROACH-STEALTH'
10, 7919, 26.806274608285623, 26.806274608285623, 'APPROACH-STEALTH'
10, 7920, 26.808124343327336, 26.808124343327336, 'APPROACH-STEALTH'
10, 7921, 26.80997407836905, 26.80997407836905, 'APPROACH-STEALTH'
10, 7922, 26.81182381341076, 26.81182381341076, 'APPROACH-STEALTH'
10, 7923, 26.813673548452474, 26.813673548452474, 'APPROACH-STEALTH'
10, 7924, 26.815523283494187, 26.815523283494187, 'APPROACH-STEALTH'
10, 7925, 26.8173730185359, 26.8173730185359, 'APPROACH-STEALTH'
10, 7926, 26.819222753577613, 26.819222753577613, 'APPROACH-STEALTH'
10, 7927, 26.821072488619325, 26.821072488619325, 'APPROACH-STEALTH'
10, 7928, 26.82292222366104, 26.82292222366104, 'APPROACH-STEALTH'
10, 7929, 26.82477195870275, 26.82477195870275, 'APPROACH-STEALTH'
10, 7930, 26.826621693744464, 26.826621693744464, 'APPROACH-STEALTH'
10, 7931, 26.828471428786177, 26.828471428786177, 'APPROACH-STEALTH'
10, 7932, 26.83032116382789, 26.83032116382789, 'APPROACH-STEALTH'
10, 7933, 26.832170898869602, 26.832170898869602, 'APPROACH-STEALTH'
10, 7934, 26.834020633911315, 26.834020633911315, 'APPROACH-STEALTH'
10, 7935, 26.835870368953028, 26.835870368953028, 'APPROACH-STEALTH'
10, 7936, 26.83772010399474, 26.83772010399474, 'APPROACH-STEALTH'
10, 7937, 26.839569839036454, 26.839569839036454, 'APPROACH-STEALTH'
10, 7938, 26.841419574078166, 26.841419574078166, 'APPROACH-STEALTH'
10, 7939, 26.84326930911988, 26.84326930911988, 'APPROACH-STEALTH'
10, 7940, 26.845119044161592, 26.845119044161592, 'APPROACH-STEALTH'
10, 7941, 26.846968779203305, 26.846968779203305, 'APPROACH-STEALTH'
10, 7942, 26.848818514245018, 26.848818514245018, 'APPROACH-STEALTH'
10, 7943, 26.85066824928673, 26.85066824928673, 'APPROACH-STEALTH'
10, 7944, 26.852517984328443, 26.852517984328443, 'APPROACH-STEALTH'
10, 7945, 26.854367719370156, 26.854367719370156, 'APPROACH-STEALTH'
10, 7946, 26.85621745441187, 26.85621745441187, 'APPROACH-STEALTH'
10, 7947, 26.858067189453582, 26.858067189453582, 'APPROACH-STEALTH'
10, 7948, 26.859916924495295, 26.859916924495295, 'APPROACH-STEALTH'
10, 7949, 26.861766659537007, 26.861766659537007, 'APPROACH-STEALTH'
10, 7950, 26.889535617329148, 26.889535617329148, 'APPROACH-STEALTH'
10, 7951, 26.91730457512129, 26.91730457512129, 'APPROACH-STEALTH'
10, 7952, 26.91841900610131, 26.91841900610131, 'APPROACH-STEALTH'
10, 7953, 26.91953343708133, 26.91953343708133, 'APPROACH-STEALTH'
10, 7954, 26.92064786806135, 26.92064786806135, 'APPROACH-STEALTH'
10, 7955, 26.921762299041372, 26.921762299041372, 'APPROACH-STEALTH'
10, 7956, 26.922876730021393, 26.922876730021393, 'APPROACH-STEALTH'
10, 7957, 26.923991161001414, 26.923991161001414, 'APPROACH-STEALTH'
10, 7958, 26.925105591981435, 26.925105591981435, 'APPROACH-STEALTH'
10, 7959, 26.926220022961456, 26.926220022961456, 'APPROACH-STEALTH'
10, 7960, 26.927334453941477, 26.927334453941477, 'APPROACH-STEALTH'
10, 7961, 26.928448884921497, 26.928448884921497, 'APPROACH-STEALTH'
10, 7962, 26.929563315901518, 26.929563315901518, 'APPROACH-STEALTH'
10, 7963, 26.93067774688154, 26.93067774688154, 'APPROACH-STEALTH'
10, 7964, 26.93179217786156, 26.93179217786156, 'APPROACH-STEALTH'
10, 7965, 26.93290660884158, 26.93290660884158, 'APPROACH-STEALTH'
10, 7966, 26.9340210398216, 26.9340210398216, 'APPROACH-STEALTH'
10, 7967, 26.935135470801622, 26.935135470801622, 'APPROACH-STEALTH'
10, 7968, 26.936249901781643, 26.936249901781643, 'APPROACH-STEALTH'
10, 7969, 26.937364332761664, 26.937364332761664, 'APPROACH-STEALTH'
10, 7970, 26.938478763741685, 26.938478763741685, 'APPROACH-STEALTH'
10, 7971, 26.939593194721706, 26.939593194721706, 'APPROACH-STEALTH'
10, 7972, 26.96663208153467, 26.96663208153467, 'APPROACH-STEALTH'
10, 7973, 26.993670968347633, 26.993670968347633, 'APPROACH-STEALTH'
10, 7974, 27.020709855160597, 27.020709855160597, 'APPROACH-STEALTH'
10, 7975, 27.04774874197356, 27.04774874197356, 'APPROACH-STEALTH'
10, 7976, 27.074787628786524, 27.074787628786524, 'APPROACH-STEALTH'
10, 7977, 27.101826515599488, 27.101826515599488, 'APPROACH-STEALTH'
10, 7978, 27.12886540241245, 27.12886540241245, 'APPROACH-STEALTH'
10, 7979, 27.155904289225415, 27.155904289225415, 'APPROACH-STEALTH'
10, 7980, 27.18294317603838, 27.18294317603838, 'APPROACH-STEALTH'
10, 7981, 27.209982062851342, 27.209982062851342, 'APPROACH-STEALTH'
10, 7982, 27.237020949664306, 27.237020949664306, 'APPROACH-STEALTH'
10, 7983, 27.26405983647727, 27.26405983647727, 'APPROACH-STEALTH'
10, 7984, 27.291098723290233, 27.291098723290233, 'APPROACH-STEALTH'
10, 7985, 27.318137610103197, 27.318137610103197, 'APPROACH-STEALTH'
10, 7986, 27.34517649691616, 27.34517649691616, 'APPROACH-STEALTH'
10, 7987, 27.372215383729124, 27.372215383729124, 'APPROACH-STEALTH'
10, 7988, 27.399254270542087, 27.399254270542087, 'APPROACH-STEALTH'
10, 7989, 27.42629315735505, 27.42629315735505, 'APPROACH-STEALTH'
10, 7990, 27.453332044168015, 27.453332044168015, 'APPROACH-STEALTH'
10, 7991, 27.44692168424918, 27.44692168424918, 'APPROACH-STEALTH'
10, 7992, 27.440511324330345, 27.440511324330345, 'APPROACH-STEALTH'
10, 7993, 27.43410096441151, 27.43410096441151, 'APPROACH-STEALTH'
10, 7994, 27.427690604492675, 27.427690604492675, 'APPROACH-STEALTH'
10, 7995, 27.42128024457384, 27.42128024457384, 'APPROACH-STEALTH'
10, 7996, 27.414869884655005, 27.414869884655005, 'APPROACH-STEALTH'
10, 7997, 27.40845952473617, 27.40845952473617, 'APPROACH-STEALTH'
10, 7998, 27.402049164817335, 27.402049164817335, 'APPROACH-STEALTH'
10, 7999, 27.3956388048985, 27.3956388048985, 'APPROACH-STEALTH'
10, 8000, 27.389228444979665, 27.389228444979665, 'APPROACH-STEALTH'
10, 8001, 27.38281808506083, 27.38281808506083, 'APPROACH-STEALTH'
10, 8002, 27.376407725141995, 27.376407725141995, 'APPROACH-STEALTH'
10, 8003, 27.36999736522316, 27.36999736522316, 'APPROACH-STEALTH'
10, 8004, 27.363587005304325, 27.363587005304325, 'APPROACH-STEALTH'
10, 8005, 27.35717664538549, 27.35717664538549, 'APPROACH-STEALTH'
10, 8006, 27.350766285466655, 27.350766285466655, 'APPROACH-STEALTH'
10, 8007, 27.34435592554782, 27.34435592554782, 'APPROACH-STEALTH'
10, 8008, 27.337945565628985, 27.337945565628985, 'APPROACH-STEALTH'
10, 8009, 27.33153520571015, 27.33153520571015, 'APPROACH-STEALTH'
10, 8010, 27.325124845791315, 27.325124845791315, 'APPROACH-STEALTH'
10, 8011, 27.31871448587248, 27.31871448587248, 'APPROACH-STEALTH'
10, 8012, 27.312304125953645, 27.312304125953645, 'APPROACH-STEALTH'
10, 8013, 27.30589376603481, 27.30589376603481, 'APPROACH-STEALTH'
10, 8014, 27.299483406115975, 27.299483406115975, 'APPROACH-STEALTH'
10, 8015, 27.29307304619714, 27.29307304619714, 'APPROACH-STEALTH'
10, 8016, 27.286662686278305, 27.286662686278305, 'APPROACH-STEALTH'
10, 8017, 27.28025232635947, 27.28025232635947, 'APPROACH-STEALTH'
10, 8018, 27.273841966440635, 27.273841966440635, 'APPROACH-STEALTH'
10, 8019, 27.2674316065218, 27.2674316065218, 'APPROACH-STEALTH'
10, 8020, 27.261021246602965, 27.261021246602965, 'APPROACH-STEALTH'
10, 8021, 27.25461088668413, 27.25461088668413, 'APPROACH-STEALTH'
10, 8022, 27.266221131492358, 27.266221131492358, 'APPROACH-STEALTH'
10, 8023, 27.277831376300586, 27.277831376300586, 'APPROACH-STEALTH'
10, 8024, 27.289441621108814, 27.289441621108814, 'APPROACH-STEALTH'
10, 8025, 27.301051865917042, 27.301051865917042, 'APPROACH-STEALTH'
10, 8026, 27.31266211072527, 27.31266211072527, 'APPROACH-STEALTH'
10, 8027, 27.3242723555335, 27.3242723555335, 'APPROACH-STEALTH'
10, 8028, 27.335882600341726, 27.335882600341726, 'APPROACH-STEALTH'
10, 8029, 27.347492845149954, 27.347492845149954, 'APPROACH-STEALTH'
10, 8030, 27.359103089958182, 27.359103089958182, 'APPROACH-STEALTH'
10, 8031, 27.38232357957464, 27.38232357957464, 'APPROACH-BLIND'
10, 8032, 27.405544069191095, 27.405544069191095, 'APPROACH-BLIND'
10, 8033, 27.42876455880755, 27.42876455880755, 'APPROACH-BLIND'
10, 8034, 27.451985048424007, 27.451985048424007, 'APPROACH-BLIND'
10, 8035, 27.475205538040463, 27.475205538040463, 'APPROACH-STEALTH'
10, 8036, 27.49842602765692, 27.49842602765692, 'APPROACH-STEALTH'
10, 8037, 27.521646517273375, 27.521646517273375, 'APPROACH-STEALTH'
10, 8038, 27.548817944255056, 27.548817944255056, 'APPROACH-STEALTH'
10, 8039, 27.575989371236737, 27.575989371236737, 'APPROACH-STEALTH'
10, 8040, 27.60316079821842, 27.60316079821842, 'APPROACH-STEALTH'
10, 8041, 27.6303322252001, 27.6303322252001, 'APPROACH-STEALTH'
10, 8042, 27.65750365218178, 27.65750365218178, 'APPROACH-STEALTH'
10, 8043, 27.684675079163462, 27.684675079163462, 'APPROACH-STEALTH'
10, 8044, 27.698260792654303, 27.698260792654303, 'APPROACH-STEALTH'
10, 8045, 27.711846506145143, 27.711846506145143, 'APPROACH-STEALTH'
10, 8046, 27.725432219635984, 27.725432219635984, 'APPROACH-STEALTH'
10, 8047, 27.739017933126824, 27.739017933126824, 'APPROACH-STEALTH'
10, 8048, 27.752603646617665, 27.752603646617665, 'APPROACH-STEALTH'
10, 8049, 27.766189360108505, 27.766189360108505, 'APPROACH-STEALTH'
10, 8050, 27.779775073599346, 27.779775073599346, 'APPROACH-STEALTH'
10, 8051, 27.793360787090187, 27.793360787090187, 'APPROACH-STEALTH'
10, 8052, 27.806946500581027, 27.806946500581027, 'APPROACH-STEALTH'
10, 8053, 27.820532214071868, 27.820532214071868, 'APPROACH-STEALTH'
10, 8054, 27.83411792756271, 27.83411792756271, 'APPROACH-STEALTH'
10, 8055, 27.84770364105355, 27.84770364105355, 'APPROACH-STEALTH'
10, 8056, 27.86128935454439, 27.86128935454439, 'APPROACH-STEALTH'
10, 8057, 27.87487506803523, 27.87487506803523, 'APPROACH-STEALTH'
10, 8058, 27.88846078152607, 27.88846078152607, 'APPROACH-STEALTH'
10, 8059, 27.90204649501691, 27.90204649501691, 'APPROACH-STEALTH'
10, 8060, 27.915632208507752, 27.915632208507752, 'APPROACH-STEALTH'
10, 8061, 27.929217921998593, 27.929217921998593, 'APPROACH-STEALTH'
10, 8062, 27.942803635489433, 27.942803635489433, 'APPROACH-STEALTH'
10, 8063, 27.956389348980274, 27.956389348980274, 'APPROACH-STEALTH'
10, 8064, 27.969975062471114, 27.969975062471114, 'APPROACH-STEALTH'
10, 8065, 27.997146489452795, 27.997146489452795, 'APPROACH-STEALTH'
10, 8066, 28.024317916434477, 28.024317916434477, 'APPROACH-STEALTH'
10, 8067, 28.051489343416158, 28.051489343416158, 'APPROACH-STEALTH'
10, 8068, 28.07866077039784, 28.07866077039784, 'APPROACH-STEALTH'
10, 8069, 28.10583219737952, 28.10583219737952, 'APPROACH-STEALTH'
10, 8070, 28.1330036243612, 28.1330036243612, 'APPROACH-STEALTH'
10, 8071, 28.160175051342883, 28.160175051342883, 'APPROACH-STEALTH'
10, 8072, 28.173760764833723, 28.173760764833723, 'APPROACH-STEALTH'
10, 8073, 28.187346478324564, 28.187346478324564, 'APPROACH-STEALTH'
10, 8074, 28.200932191815404, 28.200932191815404, 'APPROACH-STEALTH'
10, 8075, 28.214517905306245, 28.214517905306245, 'APPROACH-STEALTH'
10, 8076, 28.228103618797086, 28.228103618797086, 'APPROACH-STEALTH'
10, 8077, 28.241689332287926, 28.241689332287926, 'APPROACH-STEALTH'
10, 8078, 28.255275045778767, 28.255275045778767, 'APPROACH-STEALTH'
10, 8079, 28.268860759269607, 28.268860759269607, 'APPROACH-STEALTH'
10, 8080, 28.282446472760448, 28.282446472760448, 'APPROACH-STEALTH'
10, 8081, 28.29603218625129, 28.29603218625129, 'APPROACH-STEALTH'
10, 8082, 28.30961789974213, 28.30961789974213, 'APPROACH-STEALTH'
10, 8083, 28.32320361323297, 28.32320361323297, 'APPROACH-STEALTH'
10, 8084, 28.33678932672381, 28.33678932672381, 'APPROACH-STEALTH'
10, 8085, 28.35037504021465, 28.35037504021465, 'APPROACH-STEALTH'
10, 8086, 28.36396075370549, 28.36396075370549, 'APPROACH-STEALTH'
10, 8087, 28.377546467196332, 28.377546467196332, 'APPROACH-STEALTH'
10, 8088, 28.391132180687173, 28.391132180687173, 'APPROACH-STEALTH'
10, 8089, 28.404717894178013, 28.404717894178013, 'APPROACH-STEALTH'
10, 8090, 28.418303607668854, 28.418303607668854, 'APPROACH-STEALTH'
10, 8091, 28.431889321159694, 28.431889321159694, 'APPROACH-STEALTH'
10, 8092, 28.445475034650535, 28.445475034650535, 'APPROACH-STEALTH'
10, 8093, 28.459060748141376, 28.459060748141376, 'APPROACH-STEALTH'
10, 8094, 28.472646461632216, 28.472646461632216, 'APPROACH-STEALTH'
10, 8095, 28.486232175123057, 28.486232175123057, 'APPROACH-STEALTH'
10, 8096, 28.499817888613897, 28.499817888613897, 'APPROACH-STEALTH'
10, 8097, 28.513403602104738, 28.513403602104738, 'APPROACH-STEALTH'
10, 8098, 28.52725903467383, 28.52725903467383, 'APPROACH-STEALTH'
10, 8099, 28.54111446724292, 28.54111446724292, 'APPROACH-STEALTH'
10, 8100, 28.55496989981201, 28.55496989981201, 'APPROACH-STEALTH'
10, 8101, 28.568825332381103, 28.568825332381103, 'APPROACH-STEALTH'
10, 8102, 28.582680764950194, 28.582680764950194, 'APPROACH-STEALTH'
10, 8103, 28.596536197519285, 28.596536197519285, 'APPROACH-STEALTH'
10, 8104, 28.610391630088376, 28.610391630088376, 'APPROACH-STEALTH'
10, 8105, 28.624247062657467, 28.624247062657467, 'APPROACH-STEALTH'
10, 8106, 28.63810249522656, 28.63810249522656, 'APPROACH-STEALTH'
10, 8107, 28.65195792779565, 28.65195792779565, 'APPROACH-STEALTH'
10, 8108, 28.66581336036474, 28.66581336036474, 'APPROACH-STEALTH'
10, 8109, 28.679668792933832, 28.679668792933832, 'APPROACH-STEALTH'
10, 8110, 28.70737965807201, 28.70737965807201, 'APPROACH-BLIND'
10, 8111, 28.73509052321019, 28.73509052321019, 'APPROACH-BLIND'
10, 8112, 28.762801388348368, 28.762801388348368, 'APPROACH-BLIND'
10, 8113, 28.77665682091746, 28.77665682091746, 'APPROACH-STEALTH'
10, 8114, 28.79051225348655, 28.79051225348655, 'APPROACH-STEALTH'
10, 8115, 28.80436768605564, 28.80436768605564, 'APPROACH-STEALTH'
10, 8116, 28.818223118624733, 28.818223118624733, 'APPROACH-STEALTH'
10, 8117, 28.832078551193824, 28.832078551193824, 'APPROACH-STEALTH'
10, 8118, 28.845933983762915, 28.845933983762915, 'APPROACH-STEALTH'
10, 8119, 28.859789416332006, 28.859789416332006, 'APPROACH-STEALTH'
10, 8120, 28.873644848901098, 28.873644848901098, 'APPROACH-STEALTH'
10, 8121, 28.88750028147019, 28.88750028147019, 'APPROACH-STEALTH'
10, 8122, 28.90135571403928, 28.90135571403928, 'APPROACH-STEALTH'
10, 8123, 28.91521114660837, 28.91521114660837, 'APPROACH-STEALTH'
10, 8124, 28.929066579177462, 28.929066579177462, 'APPROACH-STEALTH'
10, 8125, 28.942922011746553, 28.942922011746553, 'APPROACH-STEALTH'
10, 8126, 28.956777444315644, 28.956777444315644, 'APPROACH-STEALTH'
10, 8127, 28.970632876884736, 28.970632876884736, 'APPROACH-STEALTH'
10, 8128, 28.984488309453827, 28.984488309453827, 'APPROACH-STEALTH'
10, 8129, 28.998343742022918, 28.998343742022918, 'APPROACH-STEALTH'
10, 8130, 29.01219917459201, 29.01219917459201, 'APPROACH-STEALTH'
10, 8131, 29.0260546071611, 29.0260546071611, 'APPROACH-STEALTH'
10, 8132, 29.03991003973019, 29.03991003973019, 'APPROACH-STEALTH'
10, 8133, 29.053765472299283, 29.053765472299283, 'APPROACH-STEALTH'
10, 8134, 29.08147633743746, 29.08147633743746, 'APPROACH-STEALTH'
10, 8135, 29.10918720257564, 29.10918720257564, 'APPROACH-STEALTH'
10, 8136, 29.13689806771382, 29.13689806771382, 'APPROACH-STEALTH'
10, 8137, 29.164608932851998, 29.164608932851998, 'APPROACH-BLIND'
10, 8138, 29.192319797990177, 29.192319797990177, 'APPROACH-BLIND'
10, 8139, 29.220030663128355, 29.220030663128355, 'APPROACH-BLIND'
10, 8140, 29.247741528266534, 29.247741528266534, 'APPROACH-BLIND'
10, 8141, 29.275452393404713, 29.275452393404713, 'APPROACH-BLIND'
10, 8142, 29.30316325854289, 29.30316325854289, 'APPROACH-BLIND'
10, 8143, 29.33087412368107, 29.33087412368107, 'APPROACH-BLIND'
10, 8144, 29.35858498881925, 29.35858498881925, 'APPROACH-BLIND'
10, 8145, 29.386295853957428, 29.386295853957428, 'APPROACH-BLIND'
10, 8146, 29.414006719095607, 29.414006719095607, 'APPROACH-BLIND'
10, 8147, 29.441717584233785, 29.441717584233785, 'APPROACH-STEALTH'
10, 8148, 29.469428449371964, 29.469428449371964, 'APPROACH-STEALTH'
10, 8149, 29.497139314510143, 29.497139314510143, 'APPROACH-STEALTH'
10, 8150, 29.524850179648322, 29.524850179648322, 'APPROACH-STEALTH'
10, 8151, 29.552620992682755, 29.552620992682755, 'APPROACH-STEALTH'
10, 8152, 29.580391805717188, 29.580391805717188, 'APPROACH-STEALTH'
10, 8153, 29.60816261875162, 29.60816261875162, 'APPROACH-STEALTH'
10, 8154, 29.635933431786054, 29.635933431786054, 'APPROACH-STEALTH'
10, 8155, 29.663704244820487, 29.663704244820487, 'APPROACH-STEALTH'
10, 8156, 29.69147505785492, 29.69147505785492, 'APPROACH-STEALTH'
10, 8157, 29.719245870889353, 29.719245870889353, 'APPROACH-STEALTH'
10, 8158, 29.747016683923786, 29.747016683923786, 'APPROACH-STEALTH'
10, 8159, 29.77478749695822, 29.77478749695822, 'APPROACH-STEALTH'
10, 8160, 29.80255830999265, 29.80255830999265, 'APPROACH-STEALTH'
10, 8161, 29.830329123027084, 29.830329123027084, 'APPROACH-STEALTH'
10, 8162, 29.858099936061517, 29.858099936061517, 'APPROACH-STEALTH'
10, 8163, 29.88587074909595, 29.88587074909595, 'APPROACH-STEALTH'
10, 8164, 29.913641562130383, 29.913641562130383, 'APPROACH-STEALTH'
10, 8165, 29.941412375164816, 29.941412375164816, 'APPROACH-STEALTH'
10, 8166, 29.96918318819925, 29.96918318819925, 'APPROACH-STEALTH'
10, 8167, 29.996954001233682, 29.996954001233682, 'APPROACH-STEALTH'
10, 8168, 30.024724814268115, 30.024724814268115, 'APPROACH-STEALTH'
10, 8169, 30.052495627302548, 30.052495627302548, 'APPROACH-STEALTH'
10, 8170, 30.08026644033698, 30.08026644033698, 'APPROACH-BLIND'
10, 8171, 30.108037253371414, 30.108037253371414, 'APPROACH-BLIND'
10, 8172, 30.135808066405847, 30.135808066405847, 'APPROACH-BLIND'
10, 8173, 30.16357887944028, 30.16357887944028, 'APPROACH-BLIND'
10, 8174, 30.191349692474713, 30.191349692474713, 'APPROACH-BLIND'
10, 8175, 30.219120505509146, 30.219120505509146, 'APPROACH-BLIND'
10, 8176, 30.24689131854358, 30.24689131854358, 'APPROACH-BLIND'
10, 8177, 30.274662131578012, 30.274662131578012, 'APPROACH-BLIND'
10, 8178, 30.302432944612445, 30.302432944612445, 'APPROACH-BLIND'
10, 8179, 30.330203757646878, 30.330203757646878, 'APPROACH-BLIND'
10, 8180, 30.35797457068131, 30.35797457068131, 'APPROACH-BLIND'
10, 8181, 30.385745383715744, 30.385745383715744, 'APPROACH-STEALTH'
10, 8182, 30.413516196750177, 30.413516196750177, 'APPROACH-STEALTH'
10, 8183, 30.44128700978461, 30.44128700978461, 'APPROACH-STEALTH'
10, 8184, 30.469057822819043, 30.469057822819043, 'APPROACH-STEALTH'
10, 8185, 30.496828635853475, 30.496828635853475, 'APPROACH-STEALTH'
10, 8186, 30.52459944888791, 30.52459944888791, 'APPROACH-STEALTH'
10, 8187, 30.55237650331151, 30.55237650331151, 'APPROACH-STEALTH'
10, 8188, 30.580153557735112, 30.580153557735112, 'APPROACH-STEALTH'
10, 8189, 30.607930612158714, 30.607930612158714, 'APPROACH-STEALTH'
10, 8190, 30.635707666582316, 30.635707666582316, 'APPROACH-STEALTH'
10, 8191, 30.66348472100592, 30.66348472100592, 'APPROACH-STEALTH'
10, 8192, 30.69126177542952, 30.69126177542952, 'APPROACH-STEALTH'
10, 8193, 30.719038829853123, 30.719038829853123, 'APPROACH-STEALTH'
10, 8194, 30.746815884276725, 30.746815884276725, 'APPROACH-STEALTH'
10, 8195, 30.774592938700327, 30.774592938700327, 'APPROACH-STEALTH'
10, 8196, 30.80236999312393, 30.80236999312393, 'APPROACH-STEALTH'
10, 8197, 30.83014704754753, 30.83014704754753, 'APPROACH-BLIND'
10, 8198, 30.857924101971133, 30.857924101971133, 'APPROACH-BLIND'
10, 8199, 30.885701156394735, 30.885701156394735, 'APPROACH-BLIND'
10, 8200, 30.913478210818337, 30.913478210818337, 'APPROACH-BLIND'
10, 8201, 30.94125526524194, 30.94125526524194, 'APPROACH-BLIND'
10, 8202, 30.96903231966554, 30.96903231966554, 'APPROACH-BLIND'
10, 8203, 30.996809374089143, 30.996809374089143, 'APPROACH-BLIND'
10, 8204, 31.024586428512745, 31.024586428512745, 'APPROACH-BLIND'
10, 8205, 31.052363482936347, 31.052363482936347, 'APPROACH-BLIND'
10, 8206, 31.08014053735995, 31.08014053735995, 'APPROACH-BLIND'
10, 8207, 31.10791759178355, 31.10791759178355, 'APPROACH-BLIND'
10, 8208, 31.135694646207153, 31.135694646207153, 'APPROACH-BLIND'
10, 8209, 31.163471700630755, 31.163471700630755, 'APPROACH-BLIND'
10, 8210, 31.191248755054357, 31.191248755054357, 'APPROACH-BLIND'
10, 8211, 31.21902580947796, 31.21902580947796, 'APPROACH-BLIND'
10, 8212, 31.24680286390156, 31.24680286390156, 'APPROACH-BLIND'
10, 8213, 31.274579918325163, 31.274579918325163, 'APPROACH-STEALTH'
10, 8214, 31.302356972748765, 31.302356972748765, 'APPROACH-STEALTH'
10, 8215, 31.330134027172367, 31.330134027172367, 'APPROACH-STEALTH'
10, 8216, 31.35791108159597, 31.35791108159597, 'APPROACH-STEALTH'
10, 8217, 31.38568813601957, 31.38568813601957, 'APPROACH-STEALTH'
10, 8218, 31.413465190443173, 31.413465190443173, 'APPROACH-STEALTH'
10, 8219, 31.441242244866775, 31.441242244866775, 'APPROACH-STEALTH'
10, 8220, 31.469019299290377, 31.469019299290377, 'APPROACH-STEALTH'
10, 8221, 31.49679635371398, 31.49679635371398, 'APPROACH-STEALTH'
10, 8222, 31.52457340813758, 31.52457340813758, 'APPROACH-STEALTH'
10, 8223, 31.552351110805333, 31.552351110805333, 'APPROACH-STEALTH'
10, 8224, 31.580128813473085, 31.580128813473085, 'APPROACH-STEALTH'
10, 8225, 31.607906516140837, 31.607906516140837, 'APPROACH-STEALTH'
10, 8226, 31.63568421880859, 31.63568421880859, 'APPROACH-STEALTH'
10, 8227, 31.66346192147634, 31.66346192147634, 'APPROACH-STEALTH'
10, 8228, 31.691239624144092, 31.691239624144092, 'APPROACH-STEALTH'
10, 8229, 31.719017326811844, 31.719017326811844, 'APPROACH-STEALTH'
10, 8230, 31.746795029479596, 31.746795029479596, 'APPROACH-STEALTH'
10, 8231, 31.774572732147348, 31.774572732147348, 'APPROACH-STEALTH'
10, 8232, 31.8023504348151, 31.8023504348151, 'APPROACH-STEALTH'
10, 8233, 31.830128137482852, 31.830128137482852, 'APPROACH-STEALTH'
10, 8234, 31.857905840150604, 31.857905840150604, 'APPROACH-STEALTH'
10, 8235, 31.885683542818356, 31.885683542818356, 'APPROACH-STEALTH'
10, 8236, 31.913461245486108, 31.913461245486108, 'APPROACH-STEALTH'
10, 8237, 31.94123894815386, 31.94123894815386, 'APPROACH-STEALTH'
10, 8238, 31.96901665082161, 31.96901665082161, 'PURSUE'
10, 8239, 31.996794353489364, 31.996794353489364, 'PURSUE'
10, 8240, 32.02457205615711, 32.02457205615711, 'PURSUE'
10, 8241, 32.05234975882486, 32.05234975882486, 'PURSUE'
10, 8242, 32.08012746149261, 32.08012746149261, 'PURSUE'
10, 8243, 32.10790516416036, 32.10790516416036, 'PURSUE'
10, 8244, 32.135682866828105, 32.135682866828105, 'PURSUE'
10, 8245, 32.163460569495854, 32.163460569495854, 'APPROACH-STEALTH'
10, 8246, 32.1912382721636, 32.1912382721636, 'PURSUE'
10, 8247, 32.21901597483135, 32.21901597483135, 'APPROACH-STEALTH'
10, 8248, 32.2467936774991, 32.2467936774991, 'APPROACH-STEALTH'
10, 8249, 32.27457138016685, 32.27457138016685, 'APPROACH-STEALTH'
10, 8250, 32.302349082834596, 32.302349082834596, 'APPROACH-STEALTH'
10, 8251, 32.330126785502344, 32.330126785502344, 'APPROACH-STEALTH'
10, 8252, 32.35790448817009, 32.35790448817009, 'APPROACH-STEALTH'
10, 8253, 32.38568219083784, 32.38568219083784, 'APPROACH-STEALTH'
10, 8254, 32.41345989350559, 32.41345989350559, 'APPROACH-STEALTH'
10, 8255, 32.44123759617334, 32.44123759617334, 'APPROACH-STEALTH'
10, 8256, 32.469015298841086, 32.469015298841086, 'APPROACH-STEALTH'
10, 8257, 32.496793001508834, 32.496793001508834, 'APPROACH-STEALTH'
10, 8258, 32.52457070417658, 32.52457070417658, 'APPROACH-STEALTH'
10, 8259, 32.53650849954154, 32.53650849954154, 'APPROACH-STEALTH'
10, 8260, 32.5484462949065, 32.5484462949065, 'APPROACH-BLIND'
10, 8261, 32.560384090271455, 32.560384090271455, 'APPROACH-BLIND'
10, 8262, 32.57232188563641, 32.57232188563641, 'APPROACH-BLIND'
10, 8263, 32.58425968100137, 32.58425968100137, 'APPROACH-BLIND'
10, 8264, 32.59619747636633, 32.59619747636633, 'APPROACH-BLIND'
10, 8265, 32.608135271731285, 32.608135271731285, 'APPROACH-BLIND'
10, 8266, 32.62007306709624, 32.62007306709624, 'APPROACH-BLIND'
10, 8267, 32.6320108624612, 32.6320108624612, 'APPROACH-BLIND'
10, 8268, 32.64394865782616, 32.64394865782616, 'APPROACH-BLIND'
10, 8269, 32.65588645319111, 32.65588645319111, 'APPROACH-BLIND'
10, 8270, 32.66782424855606, 32.66782424855606, 'APPROACH-BLIND'
10, 8271, 32.679762043921016, 32.679762043921016, 'APPROACH-BLIND'
10, 8272, 32.69169983928597, 32.69169983928597, 'APPROACH-BLIND'
10, 8273, 32.70363763465092, 32.70363763465092, 'APPROACH-BLIND'
10, 8274, 32.71557543001587, 32.71557543001587, 'APPROACH-BLIND'
10, 8275, 32.72751322538082, 32.72751322538082, 'APPROACH-BLIND'
10, 8276, 32.739451020745776, 32.739451020745776, 'APPROACH-BLIND'
10, 8277, 32.751388816110726, 32.751388816110726, 'APPROACH-BLIND'
10, 8278, 32.76332661147568, 32.76332661147568, 'APPROACH-BLIND'
10, 8279, 32.74005180953186, 32.74005180953186, 'APPROACH-BLIND'
10, 8280, 32.71677700758805, 32.71677700758805, 'APPROACH-BLIND'
10, 8281, 32.693502205644236, 32.693502205644236, 'APPROACH-BLIND'
10, 8282, 32.67022740370042, 32.67022740370042, 'APPROACH-BLIND'
10, 8283, 32.64695260175661, 32.64695260175661, 'APPROACH-BLIND'
10, 8284, 32.623677799812796, 32.623677799812796, 'APPROACH-BLIND'
10, 8285, 32.60040299786898, 32.60040299786898, 'APPROACH-BLIND'
10, 8286, 32.57712819592517, 32.57712819592517, 'APPROACH-BLIND'
10, 8287, 32.553853393981356, 32.553853393981356, 'APPROACH-BLIND'
10, 8288, 32.53057859203754, 32.53057859203754, 'APPROACH-BLIND'
10, 8289, 32.50730379009373, 32.50730379009373, 'APPROACH-BLIND'
10, 8290, 32.484028988149916, 32.484028988149916, 'APPROACH-BLIND'
10, 8291, 32.45685775412675, 32.45685775412675, 'APPROACH-BLIND'
10, 8292, 32.42968652010359, 32.42968652010359, 'APPROACH-BLIND'
10, 8293, 32.40251528608042, 32.40251528608042, 'APPROACH-BLIND'
10, 8294, 32.37534405205726, 32.37534405205726, 'APPROACH-BLIND'
10, 8295, 32.348172818034094, 32.348172818034094, 'APPROACH-BLIND'
10, 8296, 32.32100158401093, 32.32100158401093, 'APPROACH-BLIND'
10, 8297, 32.293830349987765, 32.293830349987765, 'APPROACH-BLIND'
10, 8298, 32.2666591159646, 32.2666591159646, 'APPROACH-BLIND'
10, 8299, 32.239487881941436, 32.239487881941436, 'APPROACH-BLIND'
10, 8300, 32.21231664791827, 32.21231664791827, 'APPROACH-BLIND'
10, 8301, 32.18514541389511, 32.18514541389511, 'APPROACH-BLIND'
10, 8302, 32.15797417987194, 32.15797417987194, 'APPROACH-BLIND'
10, 8303, 32.13080294584878, 32.13080294584878, 'APPROACH-BLIND'
10, 8304, 32.103631711825614, 32.103631711825614, 'APPROACH-BLIND'
10, 8305, 32.07646047780245, 32.07646047780245, 'APPROACH-BLIND'
10, 8306, 32.049289243779285, 32.049289243779285, 'APPROACH-BLIND'
10, 8307, 32.02211800975612, 32.02211800975612, 'APPROACH-BLIND'
10, 8308, 31.994946775732952, 31.994946775732952, 'APPROACH-BLIND'
10, 8309, 31.967775541709784, 31.967775541709784, 'APPROACH-BLIND'
10, 8310, 31.940604307686616, 31.940604307686616, 'APPROACH-BLIND'
10, 8311, 31.913433073663448, 31.913433073663448, 'APPROACH-BLIND'
10, 8312, 31.88626183964028, 31.88626183964028, 'APPROACH-BLIND'
10, 8313, 31.859090605617112, 31.859090605617112, 'APPROACH-BLIND'
10, 8314, 31.831919371593944, 31.831919371593944, 'APPROACH-BLIND'
10, 8315, 31.804748137570776, 31.804748137570776, 'APPROACH-BLIND'
10, 8316, 31.777576903547608, 31.777576903547608, 'APPROACH-BLIND'
10, 8317, 31.75040566952444, 31.75040566952444, 'APPROACH-BLIND'
10, 8318, 31.723234435501272, 31.723234435501272, 'APPROACH-BLIND'
10, 8319, 31.696063201478104, 31.696063201478104, 'APPROACH-BLIND'
10, 8320, 31.668891967454936, 31.668891967454936, 'APPROACH-BLIND'
10, 8321, 31.641720733431768, 31.641720733431768, 'APPROACH-BLIND'
10, 8322, 31.6145494994086, 31.6145494994086, 'APPROACH-BLIND'
10, 8323, 31.587378265385432, 31.587378265385432, 'APPROACH-BLIND'
10, 8324, 31.560207031362264, 31.560207031362264, 'APPROACH-BLIND'
10, 8325, 31.533035797339096, 31.533035797339096, 'APPROACH-BLIND'
10, 8326, 31.505864563315928, 31.505864563315928, 'APPROACH-BLIND'
10, 8327, 31.47869332929276, 31.47869332929276, 'APPROACH-BLIND'
10, 8328, 31.465629832283184, 31.465629832283184, 'APPROACH-BLIND'
10, 8329, 31.45256633527361, 31.45256633527361, 'APPROACH-STEALTH'
10, 8330, 31.439502838264033, 31.439502838264033, 'APPROACH-STEALTH'
10, 8331, 31.426439341254458, 31.426439341254458, 'APPROACH-STEALTH'
10, 8332, 31.413375844244882, 31.413375844244882, 'APPROACH-STEALTH'
10, 8333, 31.400312347235307, 31.400312347235307, 'APPROACH-STEALTH'
10, 8334, 31.38724885022573, 31.38724885022573, 'APPROACH-STEALTH'
10, 8335, 31.374185353216156, 31.374185353216156, 'APPROACH-STEALTH'
10, 8336, 31.36112185620658, 31.36112185620658, 'APPROACH-STEALTH'
10, 8337, 31.348058359197005, 31.348058359197005, 'APPROACH-STEALTH'
10, 8338, 31.33499486218743, 31.33499486218743, 'APPROACH-STEALTH'
10, 8339, 31.321931365177853, 31.321931365177853, 'APPROACH-STEALTH'
10, 8340, 31.308867868168278, 31.308867868168278, 'APPROACH-STEALTH'
10, 8341, 31.295804371158702, 31.295804371158702, 'APPROACH-STEALTH'
10, 8342, 31.282740874149127, 31.282740874149127, 'APPROACH-STEALTH'
10, 8343, 31.26967737713955, 31.26967737713955, 'APPROACH-STEALTH'
10, 8344, 31.256613880129976, 31.256613880129976, 'APPROACH-STEALTH'
10, 8345, 31.251873173212072, 31.251873173212072, 'APPROACH-BLIND'
10, 8346, 31.24713246629417, 31.24713246629417, 'APPROACH-BLIND'
10, 8347, 31.242391759376265, 31.242391759376265, 'APPROACH-BLIND'
10, 8348, 31.23765105245836, 31.23765105245836, 'APPROACH-BLIND'
10, 8349, 31.232910345540457, 31.232910345540457, 'APPROACH-BLIND'
10, 8350, 31.228169638622553, 31.228169638622553, 'APPROACH-STEALTH'
10, 8351, 31.22342893170465, 31.22342893170465, 'APPROACH-BLIND'
10, 8352, 31.218688224786746, 31.218688224786746, 'APPROACH-BLIND'
10, 8353, 31.213947517868842, 31.213947517868842, 'APPROACH-BLIND'
10, 8354, 31.20920681095094, 31.20920681095094, 'APPROACH-BLIND'
10, 8355, 31.204466104033035, 31.204466104033035, 'APPROACH-BLIND'
10, 8356, 31.19972539711513, 31.19972539711513, 'APPROACH-BLIND'
10, 8357, 31.194984690197227, 31.194984690197227, 'APPROACH-STEALTH'
10, 8358, 31.190243983279323, 31.190243983279323, 'APPROACH-STEALTH'
10, 8359, 31.18550327636142, 31.18550327636142, 'APPROACH-STEALTH'
10, 8360, 31.180762569443516, 31.180762569443516, 'APPROACH-STEALTH'
10, 8361, 31.176021862525612, 31.176021862525612, 'APPROACH-STEALTH'
10, 8362, 31.17128115560771, 31.17128115560771, 'APPROACH-STEALTH'
10, 8363, 31.166540448689805, 31.166540448689805, 'APPROACH-STEALTH'
10, 8364, 31.1617997417719, 31.1617997417719, 'APPROACH-STEALTH'
10, 8365, 31.157059034853997, 31.157059034853997, 'APPROACH-STEALTH'
10, 8366, 31.152318327936097, 31.152318327936097, 'APPROACH-STEALTH'
10, 8367, 31.147577621018193, 31.147577621018193, 'APPROACH-STEALTH'
10, 8368, 31.142836914100293, 31.142836914100293, 'APPROACH-STEALTH'
10, 8369, 31.138096207182393, 31.138096207182393, 'APPROACH-STEALTH'
10, 8370, 31.13335550026449, 31.13335550026449, 'APPROACH-STEALTH'
10, 8371, 31.12861479334659, 31.12861479334659, 'APPROACH-STEALTH'
10, 8372, 31.123874086428685, 31.123874086428685, 'APPROACH-STEALTH'
10, 8373, 31.119133379510785, 31.119133379510785, 'APPROACH-STEALTH'
10, 8374, 31.114392672592885, 31.114392672592885, 'APPROACH-STEALTH'
10, 8375, 31.10965196567498, 31.10965196567498, 'APPROACH-STEALTH'
10, 8376, 31.10491125875708, 31.10491125875708, 'APPROACH-STEALTH'
10, 8377, 31.100170551839177, 31.100170551839177, 'PURSUE'
10, 8378, 31.095429844921277, 31.095429844921277, 'PURSUE'
10, 8379, 31.090689138003377, 31.090689138003377, 'PURSUE'
10, 8380, 31.085948431085473, 31.085948431085473, 'PURSUE'
10, 8381, 31.110360804151675, 31.110360804151675, 'PURSUE'
10, 8382, 31.134773177217877, 31.134773177217877, 'PURSUE'
10, 8383, 31.15918555028408, 31.15918555028408, 'PURSUE'
10, 8384, 31.18359792335028, 31.18359792335028, 'PURSUE'
10, 8385, 31.208010296416482, 31.208010296416482, 'APPROACH-BLIND'
10, 8386, 31.232422669482684, 31.232422669482684, 'APPROACH-BLIND'
10, 8387, 31.256835042548886, 31.256835042548886, 'APPROACH-BLIND'
10, 8388, 31.281247415615088, 31.281247415615088, 'APPROACH-BLIND'
10, 8389, 31.30565978868129, 31.30565978868129, 'APPROACH-BLIND'
10, 8390, 31.33007216174749, 31.33007216174749, 'APPROACH-BLIND'
10, 8391, 31.354484534813693, 31.354484534813693, 'PURSUE'
10, 8392, 31.378896907879895, 31.378896907879895, 'PURSUE'
10, 8393, 31.403309280946093, 31.403309280946093, 'PURSUE'
10, 8394, 31.42772165401229, 31.42772165401229, 'APPROACH-STEALTH'
10, 8395, 31.45213402707849, 31.45213402707849, 'APPROACH-STEALTH'
10, 8396, 31.476546400144688, 31.476546400144688, 'APPROACH-STEALTH'
10, 8397, 31.500958773210886, 31.500958773210886, 'APPROACH-STEALTH'
10, 8398, 31.528293721861566, 31.528293721861566, 'APPROACH-STEALTH'
10, 8399, 31.555628670512245, 31.555628670512245, 'APPROACH-STEALTH'
10, 8400, 31.582963619162925, 31.582963619162925, 'APPROACH-STEALTH'
10, 8401, 31.610298567813604, 31.610298567813604, 'APPROACH-STEALTH'
10, 8402, 31.637633516464284, 31.637633516464284, 'APPROACH-STEALTH'
10, 8403, 31.664968465114963, 31.664968465114963, 'APPROACH-STEALTH'
10, 8404, 31.692303413765643, 31.692303413765643, 'APPROACH-STEALTH'
10, 8405, 31.719638362416323, 31.719638362416323, 'APPROACH-STEALTH'
10, 8406, 31.746973311067002, 31.746973311067002, 'APPROACH-STEALTH'
10, 8407, 31.77430825971768, 31.77430825971768, 'APPROACH-STEALTH'
10, 8408, 31.80164320836836, 31.80164320836836, 'APPROACH-STEALTH'
10, 8409, 31.82897815701904, 31.82897815701904, 'APPROACH-STEALTH'
10, 8410, 31.85631310566972, 31.85631310566972, 'APPROACH-STEALTH'
10, 8411, 31.8836480543204, 31.8836480543204, 'APPROACH-STEALTH'
10, 8412, 31.91098300297108, 31.91098300297108, 'APPROACH-STEALTH'
10, 8413, 31.93831795162176, 31.93831795162176, 'APPROACH-STEALTH'
10, 8414, 31.96565290027244, 31.96565290027244, 'APPROACH-STEALTH'
10, 8415, 31.992987848923118, 31.992987848923118, 'APPROACH-STEALTH'
10, 8416, 32.0203227975738, 32.0203227975738, 'APPROACH-STEALTH'
10, 8417, 32.04765774622448, 32.04765774622448, 'APPROACH-STEALTH'
10, 8418, 32.074992694875164, 32.074992694875164, 'APPROACH-STEALTH'
10, 8419, 32.10232764352585, 32.10232764352585, 'APPROACH-STEALTH'
10, 8420, 32.12966259217653, 32.12966259217653, 'APPROACH-STEALTH'
10, 8421, 32.15699754082721, 32.15699754082721, 'APPROACH-STEALTH'
10, 8422, 32.184332489477896, 32.184332489477896, 'APPROACH-BLIND'
10, 8423, 32.21166743812858, 32.21166743812858, 'APPROACH-BLIND'
10, 8424, 32.23900238677926, 32.23900238677926, 'APPROACH-BLIND'
10, 8425, 32.266337335429945, 32.266337335429945, 'APPROACH-BLIND'
10, 8426, 32.29367228408063, 32.29367228408063, 'APPROACH-BLIND'
10, 8427, 32.32100723273131, 32.32100723273131, 'APPROACH-BLIND'
10, 8428, 32.348342181381994, 32.348342181381994, 'APPROACH-BLIND'
10, 8429, 32.37567713003268, 32.37567713003268, 'APPROACH-BLIND'
10, 8430, 32.40301207868336, 32.40301207868336, 'APPROACH-BLIND'
10, 8431, 32.430347027334044, 32.430347027334044, 'APPROACH-BLIND'
10, 8432, 32.45768197598473, 32.45768197598473, 'APPROACH-BLIND'
10, 8433, 32.48501692463541, 32.48501692463541, 'APPROACH-STEALTH'
10, 8434, 32.51235187328609, 32.51235187328609, 'APPROACH-STEALTH'
10, 8435, 32.52371191726663, 32.52371191726663, 'APPROACH-STEALTH'
10, 8436, 32.53507196124717, 32.53507196124717, 'APPROACH-STEALTH'
10, 8437, 32.546432005227715, 32.546432005227715, 'APPROACH-STEALTH'
10, 8438, 32.55779204920826, 32.55779204920826, 'APPROACH-STEALTH'
10, 8439, 32.569152093188805, 32.569152093188805, 'APPROACH-BLIND'
10, 8440, 32.58051213716935, 32.58051213716935, 'APPROACH-BLIND'
10, 8441, 32.591872181149895, 32.591872181149895, 'APPROACH-BLIND'
10, 8442, 32.60323222513044, 32.60323222513044, 'APPROACH-BLIND'
10, 8443, 32.614592269110986, 32.614592269110986, 'APPROACH-BLIND'
10, 8444, 32.62595231309153, 32.62595231309153, 'APPROACH-BLIND'
10, 8445, 32.63731235707208, 32.63731235707208, 'APPROACH-BLIND'
10, 8446, 32.64867240105262, 32.64867240105262, 'APPROACH-BLIND'
10, 8447, 32.66003244503317, 32.66003244503317, 'APPROACH-BLIND'
10, 8448, 32.67139248901371, 32.67139248901371, 'APPROACH-BLIND'
10, 8449, 32.68275253299426, 32.68275253299426, 'APPROACH-BLIND'
10, 8450, 32.694112576974796, 32.694112576974796, 'APPROACH-BLIND'
10, 8451, 32.70547262095534, 32.70547262095534, 'APPROACH-BLIND'
10, 8452, 32.716832664935886, 32.716832664935886, 'APPROACH-BLIND'
10, 8453, 32.72819270891643, 32.72819270891643, 'APPROACH-BLIND'
10, 8454, 32.73955275289698, 32.73955275289698, 'PURSUE'
10, 8455, 32.75091279687752, 32.75091279687752, 'PURSUE'
10, 8456, 32.76227284085807, 32.76227284085807, 'PURSUE'
10, 8457, 32.77363288483861, 32.77363288483861, 'PURSUE'
10, 8458, 32.78499292881916, 32.78499292881916, 'PURSUE'
10, 8459, 32.788987049518, 32.788987049518, 'PURSUE'
10, 8460, 32.79298117021684, 32.79298117021684, 'PURSUE'
10, 8461, 32.79697529091568, 32.79697529091568, 'APPROACH-BLIND'
10, 8462, 32.800969411614524, 32.800969411614524, 'APPROACH-BLIND'
10, 8463, 32.804963532313366, 32.804963532313366, 'APPROACH-BLIND'
10, 8464, 32.80895765301221, 32.80895765301221, 'APPROACH-BLIND'
10, 8465, 32.81295177371105, 32.81295177371105, 'APPROACH-BLIND'
10, 8466, 32.81694589440989, 32.81694589440989, 'APPROACH-BLIND'
10, 8467, 32.82094001510873, 32.82094001510873, 'APPROACH-BLIND'
10, 8468, 32.824934135807574, 32.824934135807574, 'APPROACH-BLIND'
10, 8469, 32.828928256506416, 32.828928256506416, 'APPROACH-BLIND'
10, 8470, 32.83292237720526, 32.83292237720526, 'APPROACH-STEALTH'
10, 8471, 32.8369164979041, 32.8369164979041, 'APPROACH-STEALTH'
10, 8472, 32.84091061860294, 32.84091061860294, 'APPROACH-STEALTH'
10, 8473, 32.84490473930178, 32.84490473930178, 'APPROACH-STEALTH'
10, 8474, 32.848898860000624, 32.848898860000624, 'APPROACH-STEALTH'
10, 8475, 32.852892980699465, 32.852892980699465, 'APPROACH-STEALTH'
10, 8476, 32.85688710139831, 32.85688710139831, 'APPROACH-STEALTH'
10, 8477, 32.86088122209715, 32.86088122209715, 'APPROACH-STEALTH'
10, 8478, 32.86487534279599, 32.86487534279599, 'APPROACH-STEALTH'
10, 8479, 32.86886946349483, 32.86886946349483, 'APPROACH-STEALTH'
10, 8480, 32.872863584193674, 32.872863584193674, 'APPROACH-STEALTH'
10, 8481, 32.876857704892515, 32.876857704892515, 'APPROACH-STEALTH'
10, 8482, 32.88085182559136, 32.88085182559136, 'APPROACH-STEALTH'
10, 8483, 32.8848459462902, 32.8848459462902, 'APPROACH-STEALTH'
10, 8484, 32.88884006698904, 32.88884006698904, 'APPROACH-STEALTH'
10, 8485, 32.89283418768788, 32.89283418768788, 'APPROACH-STEALTH'
10, 8486, 32.89682830838672, 32.89682830838672, 'APPROACH-STEALTH'
10, 8487, 32.900822429085565, 32.900822429085565, 'APPROACH-STEALTH'
10, 8488, 32.90481654978441, 32.90481654978441, 'APPROACH-STEALTH'
10, 8489, 32.90881067048325, 32.90881067048325, 'APPROACH-STEALTH'
10, 8490, 32.91280479118209, 32.91280479118209, 'APPROACH-STEALTH'
10, 8491, 32.91679891188093, 32.91679891188093, 'APPROACH-STEALTH'
10, 8492, 32.92079303257977, 32.92079303257977, 'APPROACH-STEALTH'
10, 8493, 32.924787153278615, 32.924787153278615, 'APPROACH-STEALTH'
10, 8494, 32.92878127397746, 32.92878127397746, 'APPROACH-STEALTH'
10, 8495, 32.930107338530284, 32.930107338530284, 'APPROACH-STEALTH'
10, 8496, 32.93143340308311, 32.93143340308311, 'APPROACH-STEALTH'
10, 8497, 32.93275946763594, 32.93275946763594, 'APPROACH-STEALTH'
10, 8498, 32.93408553218877, 32.93408553218877, 'APPROACH-STEALTH'
10, 8499, 32.935411596741595, 32.935411596741595, 'APPROACH-STEALTH'
10, 8500, 32.93673766129442, 32.93673766129442, 'APPROACH-STEALTH'
10, 8501, 32.93806372584725, 32.93806372584725, 'APPROACH-BLIND'
10, 8502, 32.93938979040008, 32.93938979040008, 'APPROACH-BLIND'
10, 8503, 32.940715854952906, 32.940715854952906, 'APPROACH-BLIND'
10, 8504, 32.94204191950573, 32.94204191950573, 'APPROACH-BLIND'
10, 8505, 32.94336798405856, 32.94336798405856, 'APPROACH-BLIND'
10, 8506, 32.94469404861139, 32.94469404861139, 'APPROACH-BLIND'
10, 8507, 32.94602011316422, 32.94602011316422, 'APPROACH-BLIND'
10, 8508, 32.947346177717044, 32.947346177717044, 'APPROACH-BLIND'
10, 8509, 32.94867224226987, 32.94867224226987, 'APPROACH-BLIND'
10, 8510, 32.9499983068227, 32.9499983068227, 'APPROACH-BLIND'
10, 8511, 32.95132437137553, 32.95132437137553, 'APPROACH-BLIND'
10, 8512, 32.952650435928355, 32.952650435928355, 'APPROACH-BLIND'
10, 8513, 32.95397650048118, 32.95397650048118, 'APPROACH-BLIND'
10, 8514, 32.95530256503401, 32.95530256503401, 'APPROACH-BLIND'
10, 8515, 32.95662862958684, 32.95662862958684, 'APPROACH-BLIND'
10, 8516, 32.957954694139666, 32.957954694139666, 'APPROACH-BLIND'
10, 8517, 32.95928075869249, 32.95928075869249, 'APPROACH-BLIND'
10, 8518, 32.96060682324532, 32.96060682324532, 'APPROACH-BLIND'
10, 8519, 32.96193288779815, 32.96193288779815, 'APPROACH-BLIND'
10, 8520, 32.96325895235098, 32.96325895235098, 'APPROACH-BLIND'
10, 8521, 32.964585016903804, 32.964585016903804, 'APPROACH-BLIND'
10, 8522, 32.96591108145663, 32.96591108145663, 'APPROACH-BLIND'
10, 8523, 32.96723714600946, 32.96723714600946, 'APPROACH-STEALTH'
10, 8524, 32.96856321056229, 32.96856321056229, 'APPROACH-STEALTH'
10, 8525, 32.969889275115115, 32.969889275115115, 'APPROACH-STEALTH'
10, 8526, 32.97121533966794, 32.97121533966794, 'APPROACH-STEALTH'
10, 8527, 32.97254140422077, 32.97254140422077, 'APPROACH-STEALTH'
10, 8528, 32.9738674687736, 32.9738674687736, 'APPROACH-STEALTH'
10, 8529, 32.975193533326426, 32.975193533326426, 'APPROACH-STEALTH'
10, 8530, 32.97651959787925, 32.97651959787925, 'APPROACH-STEALTH'
10, 8531, 33.00156166571484, 33.00156166571484, 'PURSUE'
10, 8532, 33.026603733550424, 33.026603733550424, 'PURSUE'
10, 8533, 33.05164580138601, 33.05164580138601, 'PURSUE'
10, 8534, 33.076687869221594, 33.076687869221594, 'APPROACH-BLIND'
10, 8535, 33.10172993705718, 33.10172993705718, 'APPROACH-BLIND'
10, 8536, 33.126772004892764, 33.126772004892764, 'APPROACH-BLIND'
10, 8537, 33.15181407272835, 33.15181407272835, 'APPROACH-BLIND'
10, 8538, 33.176856140563935, 33.176856140563935, 'APPROACH-BLIND'
10, 8539, 33.20189820839952, 33.20189820839952, 'APPROACH-BLIND'
10, 8540, 33.226940276235105, 33.226940276235105, 'APPROACH-BLIND'
10, 8541, 33.25198234407069, 33.25198234407069, 'APPROACH-BLIND'
10, 8542, 33.277024411906275, 33.277024411906275, 'APPROACH-STEALTH'
10, 8543, 33.30206647974186, 33.30206647974186, 'APPROACH-STEALTH'
10, 8544, 33.327108547577446, 33.327108547577446, 'APPROACH-STEALTH'
10, 8545, 33.35215061541303, 33.35215061541303, 'APPROACH-STEALTH'
10, 8546, 33.377192683248616, 33.377192683248616, 'APPROACH-STEALTH'
10, 8547, 33.4022347510842, 33.4022347510842, 'APPROACH-STEALTH'
10, 8548, 33.427276818919786, 33.427276818919786, 'APPROACH-STEALTH'
10, 8549, 33.45231888675537, 33.45231888675537, 'APPROACH-STEALTH'
10, 8550, 33.47736095459096, 33.47736095459096, 'APPROACH-STEALTH'
10, 8551, 33.50240302242654, 33.50240302242654, 'APPROACH-STEALTH'
10, 8552, 33.51275625207161, 33.51275625207161, 'APPROACH-STEALTH'
10, 8553, 33.52310948171668, 33.52310948171668, 'APPROACH-STEALTH'
10, 8554, 33.53346271136175, 33.53346271136175, 'APPROACH-STEALTH'
10, 8555, 33.54381594100682, 33.54381594100682, 'APPROACH-STEALTH'
10, 8556, 33.55416917065189, 33.55416917065189, 'APPROACH-STEALTH'
10, 8557, 33.56452240029696, 33.56452240029696, 'APPROACH-STEALTH'
10, 8558, 33.57487562994203, 33.57487562994203, 'APPROACH-STEALTH'
10, 8559, 33.5852288595871, 33.5852288595871, 'APPROACH-STEALTH'
10, 8560, 33.59558208923217, 33.59558208923217, 'APPROACH-STEALTH'
10, 8561, 33.605935318877236, 33.605935318877236, 'APPROACH-STEALTH'
10, 8562, 33.616288548522306, 33.616288548522306, 'APPROACH-STEALTH'
10, 8563, 33.626641778167375, 33.626641778167375, 'APPROACH-STEALTH'
10, 8564, 33.636995007812445, 33.636995007812445, 'APPROACH-STEALTH'
10, 8565, 33.647348237457514, 33.647348237457514, 'APPROACH-STEALTH'
10, 8566, 33.657701467102584, 33.657701467102584, 'APPROACH-STEALTH'
10, 8567, 33.66805469674765, 33.66805469674765, 'APPROACH-STEALTH'
10, 8568, 33.67840792639272, 33.67840792639272, 'APPROACH-STEALTH'
10, 8569, 33.68876115603779, 33.68876115603779, 'APPROACH-STEALTH'
10, 8570, 33.69911438568286, 33.69911438568286, 'APPROACH-STEALTH'
10, 8571, 33.70946761532793, 33.70946761532793, 'APPROACH-STEALTH'
10, 8572, 33.719820844973, 33.719820844973, 'APPROACH-STEALTH'
10, 8573, 33.73017407461807, 33.73017407461807, 'APPROACH-STEALTH'
10, 8574, 33.74052730426314, 33.74052730426314, 'APPROACH-STEALTH'
10, 8575, 33.75088053390821, 33.75088053390821, 'APPROACH-BLIND'
10, 8576, 33.76123376355328, 33.76123376355328, 'APPROACH-BLIND'
10, 8577, 33.77158699319835, 33.77158699319835, 'APPROACH-STEALTH'
10, 8578, 33.78194022284342, 33.78194022284342, 'APPROACH-STEALTH'
10, 8579, 33.79229345248849, 33.79229345248849, 'APPROACH-STEALTH'
10, 8580, 33.802646682133556, 33.802646682133556, 'APPROACH-STEALTH'
10, 8581, 33.80629080856126, 33.80629080856126, 'APPROACH-STEALTH'
10, 8582, 33.80993493498896, 33.80993493498896, 'APPROACH-STEALTH'
10, 8583, 33.81357906141666, 33.81357906141666, 'APPROACH-STEALTH'
10, 8584, 33.81722318784436, 33.81722318784436, 'APPROACH-STEALTH'
10, 8585, 33.820867314272064, 33.820867314272064, 'APPROACH-STEALTH'
10, 8586, 33.824511440699766, 33.824511440699766, 'APPROACH-STEALTH'
10, 8587, 33.82815556712747, 33.82815556712747, 'APPROACH-BLIND'
10, 8588, 33.83179969355517, 33.83179969355517, 'APPROACH-BLIND'
10, 8589, 33.83544381998287, 33.83544381998287, 'APPROACH-BLIND'
10, 8590, 33.83908794641057, 33.83908794641057, 'APPROACH-STEALTH'
10, 8591, 33.842732072838274, 33.842732072838274, 'APPROACH-STEALTH'
10, 8592, 33.846376199265976, 33.846376199265976, 'APPROACH-STEALTH'
10, 8593, 33.85002032569368, 33.85002032569368, 'APPROACH-STEALTH'
10, 8594, 33.85366445212138, 33.85366445212138, 'APPROACH-STEALTH'
10, 8595, 33.85730857854907, 33.85730857854907, 'APPROACH-BLIND'
10, 8596, 33.860952704976775, 33.860952704976775, 'APPROACH-BLIND'
10, 8597, 33.86459683140448, 33.86459683140448, 'APPROACH-STEALTH'
10, 8598, 33.86824095783217, 33.86824095783217, 'APPROACH-STEALTH'
10, 8599, 33.87188508425987, 33.87188508425987, 'APPROACH-STEALTH'
10, 8600, 33.87552921068757, 33.87552921068757, 'APPROACH-STEALTH'
10, 8601, 33.87917333711527, 33.87917333711527, 'APPROACH-STEALTH'
10, 8602, 33.88281746354297, 33.88281746354297, 'APPROACH-BLIND'
10, 8603, 33.886461589970665, 33.886461589970665, 'APPROACH-BLIND'
10, 8604, 33.89010571639837, 33.89010571639837, 'APPROACH-BLIND'
10, 8605, 33.89374984282607, 33.89374984282607, 'APPROACH-BLIND'
10, 8606, 33.89739396925376, 33.89739396925376, 'APPROACH-BLIND'
10, 8607, 33.901038095681464, 33.901038095681464, 'APPROACH-BLIND'
10, 8608, 33.90468222210916, 33.90468222210916, 'APPROACH-BLIND'
10, 8609, 33.90832634853686, 33.90832634853686, 'APPROACH-BLIND'
10, 8610, 33.91197047496456, 33.91197047496456, 'APPROACH-BLIND'
10, 8611, 33.91561460139226, 33.91561460139226, 'APPROACH-BLIND'
10, 8612, 33.91925872781996, 33.91925872781996, 'APPROACH-BLIND'
10, 8613, 33.92290285424765, 33.92290285424765, 'APPROACH-BLIND'
10, 8614, 33.926546980675354, 33.926546980675354, 'APPROACH-BLIND'
10, 8615, 33.930191107103056, 33.930191107103056, 'APPROACH-BLIND'
10, 8616, 33.93383523353075, 33.93383523353075, 'APPROACH-BLIND'
10, 8617, 33.95898483026437, 33.95898483026437, 'APPROACH-BLIND'
10, 8618, 33.98413442699799, 33.98413442699799, 'APPROACH-STEALTH'
10, 8619, 34.00928402373161, 34.00928402373161, 'APPROACH-STEALTH'
10, 8620, 34.03443362046523, 34.03443362046523, 'APPROACH-STEALTH'
10, 8621, 34.05958321719885, 34.05958321719885, 'PURSUE'
10, 8622, 34.08473281393247, 34.08473281393247, 'PURSUE'
10, 8623, 34.10988241066609, 34.10988241066609, 'APPROACH-STEALTH'
10, 8624, 34.13503200739971, 34.13503200739971, 'APPROACH-STEALTH'
10, 8625, 34.16018160413333, 34.16018160413333, 'APPROACH-STEALTH'
10, 8626, 34.18533120086695, 34.18533120086695, 'APPROACH-STEALTH'
10, 8627, 34.21048079760057, 34.21048079760057, 'PURSUE'
10, 8628, 34.23563039433418, 34.23563039433418, 'PURSUE'
10, 8629, 34.26077999106779, 34.26077999106779, 'PURSUE'
10, 8630, 34.285929587801405, 34.285929587801405, 'PURSUE'
10, 8631, 34.31107918453502, 34.31107918453502, 'PURSUE'
10, 8632, 34.33622878126863, 34.33622878126863, 'APPROACH-STEALTH'
10, 8633, 34.36137837800224, 34.36137837800224, 'APPROACH-STEALTH'
10, 8634, 34.386527974735856, 34.386527974735856, 'APPROACH-STEALTH'
10, 8635, 34.41167757146947, 34.41167757146947, 'APPROACH-STEALTH'
10, 8636, 34.43682716820308, 34.43682716820308, 'APPROACH-STEALTH'
10, 8637, 34.46197676493669, 34.46197676493669, 'APPROACH-STEALTH'
10, 8638, 34.487126361670306, 34.487126361670306, 'APPROACH-STEALTH'
10, 8639, 34.51227595840392, 34.51227595840392, 'APPROACH-STEALTH'
10, 8640, 34.52252412373477, 34.52252412373477, 'APPROACH-STEALTH'
10, 8641, 34.53277228906562, 34.53277228906562, 'APPROACH-STEALTH'
10, 8642, 34.54302045439647, 34.54302045439647, 'APPROACH-STEALTH'
10, 8643, 34.55326861972732, 34.55326861972732, 'APPROACH-STEALTH'
10, 8644, 34.56351678505817, 34.56351678505817, 'APPROACH-STEALTH'
10, 8645, 34.57376495038902, 34.57376495038902, 'APPROACH-STEALTH'
10, 8646, 34.58401311571987, 34.58401311571987, 'APPROACH-STEALTH'
10, 8647, 34.59426128105072, 34.59426128105072, 'APPROACH-STEALTH'
10, 8648, 34.60450944638157, 34.60450944638157, 'APPROACH-STEALTH'
10, 8649, 34.61475761171242, 34.61475761171242, 'APPROACH-STEALTH'
10, 8650, 34.62500577704327, 34.62500577704327, 'APPROACH-STEALTH'
10, 8651, 34.63525394237412, 34.63525394237412, 'PURSUE'
10, 8652, 34.64550210770497, 34.64550210770497, 'PURSUE'
10, 8653, 34.65575027303582, 34.65575027303582, 'PURSUE'
10, 8654, 34.66599843836667, 34.66599843836667, 'PURSUE'
10, 8655, 34.67624660369752, 34.67624660369752, 'APPROACH-STEALTH'
10, 8656, 34.68649476902837, 34.68649476902837, 'PURSUE'
10, 8657, 34.69674293435922, 34.69674293435922, 'PURSUE'
10, 8658, 34.70699109969007, 34.70699109969007, 'APPROACH-STEALTH'
10, 8659, 34.71723926502092, 34.71723926502092, 'APPROACH-STEALTH'
10, 8660, 34.72748743035177, 34.72748743035177, 'PURSUE'
10, 8661, 34.73773559568262, 34.73773559568262, 'PURSUE'
10, 8662, 34.74798376101347, 34.74798376101347, 'APPROACH-BLIND'
10, 8663, 34.75823192634432, 34.75823192634432, 'APPROACH-BLIND'
10, 8664, 34.76848009167517, 34.76848009167517, 'APPROACH-BLIND'
10, 8665, 34.77872825700602, 34.77872825700602, 'APPROACH-BLIND'
10, 8666, 34.78897642233687, 34.78897642233687, 'APPROACH-BLIND'
10, 8667, 34.79922458766772, 34.79922458766772, 'APPROACH-BLIND'
10, 8668, 34.80947275299857, 34.80947275299857, 'APPROACH-BLIND'
10, 8669, 34.835235435311624, 34.835235435311624, 'APPROACH-BLIND'
10, 8670, 34.860998117624675, 34.860998117624675, 'APPROACH-BLIND'
10, 8671, 34.886760799937726, 34.886760799937726, 'APPROACH-BLIND'
10, 8672, 34.912523482250776, 34.912523482250776, 'APPROACH-BLIND'
10, 8673, 34.93828616456383, 34.93828616456383, 'APPROACH-BLIND'
10, 8674, 34.96404884687688, 34.96404884687688, 'APPROACH-BLIND'
10, 8675, 34.98981152918993, 34.98981152918993, 'APPROACH-STEALTH'
10, 8676, 35.01557421150298, 35.01557421150298, 'APPROACH-STEALTH'
10, 8677, 35.04133689381603, 35.04133689381603, 'APPROACH-STEALTH'
10, 8678, 35.06709957612908, 35.06709957612908, 'APPROACH-STEALTH'
10, 8679, 35.09286225844213, 35.09286225844213, 'APPROACH-STEALTH'
10, 8680, 35.11862494075518, 35.11862494075518, 'APPROACH-STEALTH'
10, 8681, 35.14438762306823, 35.14438762306823, 'APPROACH-STEALTH'
10, 8682, 35.170150305381284, 35.170150305381284, 'APPROACH-STEALTH'
10, 8683, 35.195912987694335, 35.195912987694335, 'APPROACH-STEALTH'
10, 8684, 35.221675670007386, 35.221675670007386, 'APPROACH-STEALTH'
10, 8685, 35.24743835232044, 35.24743835232044, 'APPROACH-STEALTH'
10, 8686, 35.27320103463349, 35.27320103463349, 'APPROACH-STEALTH'
10, 8687, 35.29896371694654, 35.29896371694654, 'PURSUE'
10, 8688, 35.32472639925959, 35.32472639925959, 'PURSUE'
10, 8689, 35.35048908157264, 35.35048908157264, 'PURSUE'
10, 8690, 35.37625176388569, 35.37625176388569, 'PURSUE'
10, 8691, 35.40201444619874, 35.40201444619874, 'PURSUE'
10, 8692, 35.42777712851179, 35.42777712851179, 'PURSUE'
10, 8693, 35.45353981082484, 35.45353981082484, 'PURSUE'
10, 8694, 35.479302493137894, 35.479302493137894, 'PURSUE'
10, 8695, 35.505065175450945, 35.505065175450945, 'PURSUE'
10, 8696, 35.51565992508235, 35.51565992508235, 'PURSUE'
10, 8697, 35.52625467471376, 35.52625467471376, 'PURSUE'
10, 8698, 35.53684942434517, 35.53684942434517, 'PURSUE'
10, 8699, 35.54744417397658, 35.54744417397658, 'PURSUE'
10, 8700, 35.55803892360799, 35.55803892360799, 'PURSUE'
10, 8701, 35.5686336732394, 35.5686336732394, 'PURSUE'
10, 8702, 35.579228422870806, 35.579228422870806, 'PURSUE'
10, 8703, 35.589823172502214, 35.589823172502214, 'PURSUE'
10, 8704, 35.60041792213362, 35.60041792213362, 'PURSUE'
10, 8705, 35.61101267176503, 35.61101267176503, 'PURSUE'
10, 8706, 35.62160742139644, 35.62160742139644, 'PURSUE'
10, 8707, 35.63220217102785, 35.63220217102785, 'PURSUE'
10, 8708, 35.64279692065926, 35.64279692065926, 'PURSUE'
10, 8709, 35.65339167029067, 35.65339167029067, 'PURSUE'
10, 8710, 35.663986419922075, 35.663986419922075, 'APPROACH-BLIND'
10, 8711, 35.674581169553484, 35.674581169553484, 'APPROACH-BLIND'
10, 8712, 35.68517591918489, 35.68517591918489, 'APPROACH-BLIND'
10, 8713, 35.6957706688163, 35.6957706688163, 'APPROACH-BLIND'
10, 8714, 35.70636541844771, 35.70636541844771, 'APPROACH-BLIND'
10, 8715, 35.71696016807912, 35.71696016807912, 'APPROACH-BLIND'
10, 8716, 35.72755491771053, 35.72755491771053, 'APPROACH-BLIND'
10, 8717, 35.738149667341936, 35.738149667341936, 'APPROACH-BLIND'
10, 8718, 35.748744416973345, 35.748744416973345, 'APPROACH-BLIND'
10, 8719, 35.759339166604754, 35.759339166604754, 'APPROACH-BLIND'
10, 8720, 35.76993391623616, 35.76993391623616, 'APPROACH-BLIND'
10, 8721, 35.78052866586757, 35.78052866586757, 'APPROACH-BLIND'
10, 8722, 35.79112341549898, 35.79112341549898, 'APPROACH-BLIND'
10, 8723, 35.80171816513039, 35.80171816513039, 'APPROACH-BLIND'
10, 8724, 35.82749988189137, 35.82749988189137, 'APPROACH-BLIND'
10, 8725, 35.85328159865235, 35.85328159865235, 'APPROACH-BLIND'
10, 8726, 35.87906331541333, 35.87906331541333, 'APPROACH-BLIND'
10, 8727, 35.904845032174315, 35.904845032174315, 'APPROACH-BLIND'
10, 8728, 35.930626748935296, 35.930626748935296, 'APPROACH-STEALTH'
10, 8729, 35.95640846569628, 35.95640846569628, 'APPROACH-STEALTH'
10, 8730, 35.98219018245726, 35.98219018245726, 'APPROACH-STEALTH'
10, 8731, 36.00797189921824, 36.00797189921824, 'APPROACH-STEALTH'
10, 8732, 36.03375361597922, 36.03375361597922, 'APPROACH-STEALTH'
10, 8733, 36.059535332740204, 36.059535332740204, 'APPROACH-STEALTH'
10, 8734, 36.085317049501185, 36.085317049501185, 'APPROACH-STEALTH'
10, 8735, 36.11109876626217, 36.11109876626217, 'APPROACH-STEALTH'
10, 8736, 36.13688048302315, 36.13688048302315, 'APPROACH-STEALTH'
10, 8737, 36.16266219978413, 36.16266219978413, 'APPROACH-STEALTH'
10, 8738, 36.18844391654511, 36.18844391654511, 'APPROACH-STEALTH'
10, 8739, 36.21422563330609, 36.21422563330609, 'APPROACH-STEALTH'
10, 8740, 36.240007350067074, 36.240007350067074, 'APPROACH-STEALTH'
10, 8741, 36.265789066828056, 36.265789066828056, 'APPROACH-STEALTH'
10, 8742, 36.29157078358904, 36.29157078358904, 'APPROACH-STEALTH'
10, 8743, 36.31735250035002, 36.31735250035002, 'APPROACH-STEALTH'
10, 8744, 36.343134217111, 36.343134217111, 'APPROACH-STEALTH'
10, 8745, 36.36891593387198, 36.36891593387198, 'APPROACH-STEALTH'
10, 8746, 36.39469765063296, 36.39469765063296, 'APPROACH-STEALTH'
10, 8747, 36.420479367393945, 36.420479367393945, 'PURSUE'
10, 8748, 36.446261084154926, 36.446261084154926, 'PURSUE'
10, 8749, 36.47204280091591, 36.47204280091591, 'PURSUE'
10, 8750, 36.49782451767689, 36.49782451767689, 'APPROACH-STEALTH'
10, 8751, 36.52360623443787, 36.52360623443787, 'APPROACH-STEALTH'
10, 8752, 36.55115430813203, 36.55115430813203, 'APPROACH-STEALTH'
10, 8753, 36.57870238182618, 36.57870238182618, 'APPROACH-STEALTH'
10, 8754, 36.60625045552034, 36.60625045552034, 'APPROACH-STEALTH'
10, 8755, 36.633798529214495, 36.633798529214495, 'APPROACH-STEALTH'
10, 8756, 36.66134660290865, 36.66134660290865, 'APPROACH-STEALTH'
10, 8757, 36.68889467660281, 36.68889467660281, 'APPROACH-STEALTH'
10, 8758, 36.71644275029696, 36.71644275029696, 'APPROACH-STEALTH'
10, 8759, 36.74399082399112, 36.74399082399112, 'APPROACH-STEALTH'
10, 8760, 36.771538897685275, 36.771538897685275, 'APPROACH-STEALTH'
10, 8761, 36.79908697137943, 36.79908697137943, 'APPROACH-STEALTH'
10, 8762, 36.82663504507359, 36.82663504507359, 'APPROACH-STEALTH'
10, 8763, 36.85418311876774, 36.85418311876774, 'APPROACH-STEALTH'
10, 8764, 36.8817311924619, 36.8817311924619, 'APPROACH-STEALTH'
10, 8765, 36.909279266156055, 36.909279266156055, 'APPROACH-STEALTH'
10, 8766, 36.93682733985021, 36.93682733985021, 'APPROACH-STEALTH'
10, 8767, 36.96437541354437, 36.96437541354437, 'APPROACH-STEALTH'
10, 8768, 36.99192348723852, 36.99192348723852, 'APPROACH-STEALTH'
10, 8769, 37.01947156093268, 37.01947156093268, 'APPROACH-STEALTH'
10, 8770, 37.047019634626835, 37.047019634626835, 'APPROACH-STEALTH'
10, 8771, 37.07456770832099, 37.07456770832099, 'APPROACH-STEALTH'
10, 8772, 37.10211578201515, 37.10211578201515, 'APPROACH-STEALTH'
10, 8773, 37.1296638557093, 37.1296638557093, 'APPROACH-STEALTH'
10, 8774, 37.15721192940346, 37.15721192940346, 'PURSUE'
10, 8775, 37.184760003097615, 37.184760003097615, 'PURSUE'
10, 8776, 37.21230807679177, 37.21230807679177, 'PURSUE'
10, 8777, 37.23985615048593, 37.23985615048593, 'APPROACH-BLIND'
10, 8778, 37.26740422418008, 37.26740422418008, 'APPROACH-BLIND'
10, 8779, 37.29495229787424, 37.29495229787424, 'APPROACH-BLIND'
10, 8780, 37.322500371568395, 37.322500371568395, 'APPROACH-BLIND'
10, 8781, 37.35004844526255, 37.35004844526255, 'APPROACH-BLIND'
10, 8782, 37.37759651895671, 37.37759651895671, 'APPROACH-BLIND'
10, 8783, 37.40514459265086, 37.40514459265086, 'APPROACH-BLIND'
10, 8784, 37.43269266634502, 37.43269266634502, 'APPROACH-BLIND'
10, 8785, 37.460240740039175, 37.460240740039175, 'APPROACH-BLIND'
10, 8786, 37.48778881373333, 37.48778881373333, 'APPROACH-BLIND'
10, 8787, 37.51533688742749, 37.51533688742749, 'APPROACH-BLIND'
10, 8788, 37.5268631205126, 37.5268631205126, 'APPROACH-BLIND'
10, 8789, 37.538389353597715, 37.538389353597715, 'APPROACH-BLIND'
10, 8790, 37.54991558668283, 37.54991558668283, 'APPROACH-BLIND'
10, 8791, 37.56144181976794, 37.56144181976794, 'APPROACH-BLIND'
10, 8792, 37.57296805285306, 37.57296805285306, 'APPROACH-BLIND'
10, 8793, 37.58449428593818, 37.58449428593818, 'APPROACH-BLIND'
10, 8794, 37.5960205190233, 37.5960205190233, 'APPROACH-BLIND'
10, 8795, 37.60754675210842, 37.60754675210842, 'APPROACH-BLIND'
10, 8796, 37.61907298519354, 37.61907298519354, 'APPROACH-BLIND'
10, 8797, 37.630599218278654, 37.630599218278654, 'APPROACH-BLIND'
10, 8798, 37.642125451363775, 37.642125451363775, 'APPROACH-BLIND'
10, 8799, 37.653651684448896, 37.653651684448896, 'APPROACH-BLIND'
10, 8800, 37.66517791753402, 37.66517791753402, 'APPROACH-BLIND'
10, 8801, 37.67670415061914, 37.67670415061914, 'APPROACH-BLIND'
10, 8802, 37.6824672671617, 37.6824672671617, 'APPROACH-STEALTH'
10, 8803, 37.68823038370426, 37.68823038370426, 'APPROACH-STEALTH'
10, 8804, 37.69975661678937, 37.69975661678937, 'APPROACH-STEALTH'
10, 8805, 37.711282849874486, 37.711282849874486, 'APPROACH-STEALTH'
10, 8806, 37.71704596641705, 37.71704596641705, 'APPROACH-STEALTH'
10, 8807, 37.72280908295961, 37.72280908295961, 'APPROACH-STEALTH'
10, 8808, 37.72857219950217, 37.72857219950217, 'APPROACH-STEALTH'
10, 8809, 37.73433531604473, 37.73433531604473, 'APPROACH-STEALTH'
10, 8810, 37.74009843258729, 37.74009843258729, 'APPROACH-STEALTH'
10, 8811, 37.74586154912985, 37.74586154912985, 'APPROACH-STEALTH'
10, 8812, 37.75162466567241, 37.75162466567241, 'APPROACH-STEALTH'
10, 8813, 37.75738778221497, 37.75738778221497, 'APPROACH-STEALTH'
10, 8814, 37.76315089875753, 37.76315089875753, 'APPROACH-STEALTH'
10, 8815, 37.76891401530009, 37.76891401530009, 'APPROACH-STEALTH'
10, 8816, 37.77467713184265, 37.77467713184265, 'APPROACH-STEALTH'
10, 8817, 37.787558326554716, 37.787558326554716, 'APPROACH-STEALTH'
10, 8818, 37.80043952126678, 37.80043952126678, 'APPROACH-STEALTH'
10, 8819, 37.81332071597885, 37.81332071597885, 'APPROACH-STEALTH'
10, 8820, 37.82620191069091, 37.82620191069091, 'APPROACH-STEALTH'
10, 8821, 37.83908310540298, 37.83908310540298, 'APPROACH-STEALTH'
10, 8822, 37.85196430011504, 37.85196430011504, 'APPROACH-STEALTH'
10, 8823, 37.86484549482711, 37.86484549482711, 'APPROACH-STEALTH'
10, 8824, 37.87772668953917, 37.87772668953917, 'APPROACH-STEALTH'
10, 8825, 37.89060788425124, 37.89060788425124, 'APPROACH-STEALTH'
10, 8826, 37.903489078963304, 37.903489078963304, 'APPROACH-STEALTH'
10, 8827, 37.91637027367537, 37.91637027367537, 'APPROACH-STEALTH'
10, 8828, 37.929251468387434, 37.929251468387434, 'APPROACH-STEALTH'
10, 8829, 37.9421326630995, 37.9421326630995, 'APPROACH-STEALTH'
10, 8830, 37.955013857811565, 37.955013857811565, 'APPROACH-STEALTH'
10, 8831, 37.96789505252363, 37.96789505252363, 'APPROACH-STEALTH'
10, 8832, 37.980776247235696, 37.980776247235696, 'APPROACH-STEALTH'
10, 8833, 37.99365744194776, 37.99365744194776, 'APPROACH-STEALTH'
10, 8834, 38.006538636659826, 38.006538636659826, 'APPROACH-STEALTH'
10, 8835, 38.01941983137189, 38.01941983137189, 'APPROACH-STEALTH'
10, 8836, 38.03230102608396, 38.03230102608396, 'APPROACH-STEALTH'
10, 8837, 38.04518222079602, 38.04518222079602, 'APPROACH-STEALTH'
10, 8838, 38.05806341550809, 38.05806341550809, 'APPROACH-STEALTH'
10, 8839, 38.07094461022015, 38.07094461022015, 'APPROACH-STEALTH'
10, 8840, 38.08382580493222, 38.08382580493222, 'APPROACH-STEALTH'
10, 8841, 38.09670699964428, 38.09670699964428, 'APPROACH-STEALTH'
10, 8842, 38.10958819435635, 38.10958819435635, 'APPROACH-STEALTH'
10, 8843, 38.122469389068414, 38.122469389068414, 'APPROACH-STEALTH'
10, 8844, 38.13535058378048, 38.13535058378048, 'APPROACH-STEALTH'
10, 8845, 38.148231778492544, 38.148231778492544, 'APPROACH-STEALTH'
10, 8846, 38.16111297320461, 38.16111297320461, 'APPROACH-STEALTH'
10, 8847, 38.173994167916675, 38.173994167916675, 'APPROACH-STEALTH'
10, 8848, 38.18687536262874, 38.18687536262874, 'APPROACH-STEALTH'
10, 8849, 38.199756557340805, 38.199756557340805, 'APPROACH-STEALTH'
10, 8850, 38.21263775205287, 38.21263775205287, 'APPROACH-STEALTH'
10, 8851, 38.225518946764936, 38.225518946764936, 'APPROACH-STEALTH'
10, 8852, 38.238400141477, 38.238400141477, 'APPROACH-STEALTH'
10, 8853, 38.25128133618907, 38.25128133618907, 'APPROACH-STEALTH'
10, 8854, 38.26416253090113, 38.26416253090113, 'APPROACH-STEALTH'
10, 8855, 38.2770437256132, 38.2770437256132, 'APPROACH-STEALTH'
10, 8856, 38.28992492032526, 38.28992492032526, 'APPROACH-STEALTH'
10, 8857, 38.30280611503733, 38.30280611503733, 'APPROACH-STEALTH'
10, 8858, 38.31568730974939, 38.31568730974939, 'APPROACH-STEALTH'
10, 8859, 38.32856850446146, 38.32856850446146, 'APPROACH-STEALTH'
10, 8860, 38.34144969917352, 38.34144969917352, 'APPROACH-STEALTH'
10, 8861, 38.35433089388559, 38.35433089388559, 'APPROACH-STEALTH'
10, 8862, 38.367212088597654, 38.367212088597654, 'APPROACH-STEALTH'
10, 8863, 38.38009328330972, 38.38009328330972, 'APPROACH-STEALTH'
10, 8864, 38.392974478021785, 38.392974478021785, 'APPROACH-STEALTH'
10, 8865, 38.40585567273385, 38.40585567273385, 'APPROACH-STEALTH'
10, 8866, 38.418736867445915, 38.418736867445915, 'APPROACH-STEALTH'
10, 8867, 38.43161806215798, 38.43161806215798, 'APPROACH-STEALTH'
10, 8868, 38.444499256870046, 38.444499256870046, 'APPROACH-STEALTH'
10, 8869, 38.45738045158211, 38.45738045158211, 'APPROACH-STEALTH'
10, 8870, 38.470261646294176, 38.470261646294176, 'APPROACH-STEALTH'
10, 8871, 38.48314284100624, 38.48314284100624, 'APPROACH-STEALTH'
10, 8872, 38.49602403571831, 38.49602403571831, 'APPROACH-STEALTH'
10, 8873, 38.50890523043037, 38.50890523043037, 'APPROACH-STEALTH'
10, 8874, 38.51417318628531, 38.51417318628531, 'APPROACH-STEALTH'
10, 8875, 38.51944114214025, 38.51944114214025, 'APPROACH-STEALTH'
10, 8876, 38.52470909799519, 38.52470909799519, 'APPROACH-STEALTH'
10, 8877, 38.52997705385013, 38.52997705385013, 'APPROACH-STEALTH'
10, 8878, 38.53524500970507, 38.53524500970507, 'APPROACH-STEALTH'
10, 8879, 38.54051296556001, 38.54051296556001, 'APPROACH-STEALTH'
10, 8880, 38.54578092141495, 38.54578092141495, 'APPROACH-STEALTH'
10, 8881, 38.55104887726989, 38.55104887726989, 'APPROACH-STEALTH'
10, 8882, 38.55631683312483, 38.55631683312483, 'APPROACH-STEALTH'
10, 8883, 38.56158478897977, 38.56158478897977, 'APPROACH-STEALTH'
10, 8884, 38.56685274483471, 38.56685274483471, 'APPROACH-STEALTH'
10, 8885, 38.57212070068965, 38.57212070068965, 'APPROACH-STEALTH'
10, 8886, 38.57738865654459, 38.57738865654459, 'APPROACH-STEALTH'
10, 8887, 38.58265661239953, 38.58265661239953, 'APPROACH-STEALTH'
10, 8888, 38.58792456825447, 38.58792456825447, 'APPROACH-STEALTH'
10, 8889, 38.59319252410941, 38.59319252410941, 'APPROACH-STEALTH'
10, 8890, 38.59846047996435, 38.59846047996435, 'APPROACH-STEALTH'
10, 8891, 38.60372843581929, 38.60372843581929, 'APPROACH-STEALTH'
10, 8892, 38.60899639167423, 38.60899639167423, 'APPROACH-STEALTH'
10, 8893, 38.61426434752917, 38.61426434752917, 'APPROACH-STEALTH'
10, 8894, 38.61953230338411, 38.61953230338411, 'APPROACH-STEALTH'
10, 8895, 38.62480025923905, 38.62480025923905, 'APPROACH-STEALTH'
10, 8896, 38.63006821509399, 38.63006821509399, 'APPROACH-STEALTH'
10, 8897, 38.63533617094893, 38.63533617094893, 'APPROACH-STEALTH'
10, 8898, 38.64060412680387, 38.64060412680387, 'APPROACH-STEALTH'
10, 8899, 38.64587208265881, 38.64587208265881, 'APPROACH-STEALTH'
10, 8900, 38.65114003851375, 38.65114003851375, 'APPROACH-STEALTH'
10, 8901, 38.65640799436869, 38.65640799436869, 'APPROACH-STEALTH'
10, 8902, 38.66167595022363, 38.66167595022363, 'APPROACH-STEALTH'
10, 8903, 38.66694390607857, 38.66694390607857, 'APPROACH-STEALTH'
10, 8904, 38.67221186193351, 38.67221186193351, 'APPROACH-STEALTH'
10, 8905, 38.67747981778845, 38.67747981778845, 'APPROACH-STEALTH'
10, 8906, 38.68274777364339, 38.68274777364339, 'APPROACH-STEALTH'
10, 8907, 38.68801572949833, 38.68801572949833, 'APPROACH-STEALTH'
10, 8908, 38.69328368535327, 38.69328368535327, 'APPROACH-STEALTH'
10, 8909, 38.69855164120821, 38.69855164120821, 'APPROACH-STEALTH'
10, 8910, 38.70381959706315, 38.70381959706315, 'APPROACH-STEALTH'
10, 8911, 38.70908755291809, 38.70908755291809, 'APPROACH-STEALTH'
10, 8912, 38.71435550877303, 38.71435550877303, 'APPROACH-STEALTH'
10, 8913, 38.71962346462797, 38.71962346462797, 'APPROACH-STEALTH'
10, 8914, 38.72489142048291, 38.72489142048291, 'APPROACH-STEALTH'
10, 8915, 38.73015937633785, 38.73015937633785, 'APPROACH-STEALTH'
10, 8916, 38.73542733219279, 38.73542733219279, 'APPROACH-STEALTH'
10, 8917, 38.74069528804773, 38.74069528804773, 'APPROACH-STEALTH'
10, 8918, 38.74596324390267, 38.74596324390267, 'APPROACH-STEALTH'
10, 8919, 38.75123119975761, 38.75123119975761, 'APPROACH-STEALTH'
10, 8920, 38.75649915561255, 38.75649915561255, 'APPROACH-STEALTH'
10, 8921, 38.76176711146749, 38.76176711146749, 'APPROACH-STEALTH'
10, 8922, 38.76703506732243, 38.76703506732243, 'APPROACH-STEALTH'
10, 8923, 38.77230302317737, 38.77230302317737, 'APPROACH-STEALTH'
10, 8924, 38.77757097903231, 38.77757097903231, 'APPROACH-STEALTH'
10, 8925, 38.78283893488725, 38.78283893488725, 'APPROACH-STEALTH'
10, 8926, 38.78810689074219, 38.78810689074219, 'APPROACH-STEALTH'
10, 8927, 38.79337484659713, 38.79337484659713, 'APPROACH-STEALTH'
10, 8928, 38.79864280245207, 38.79864280245207, 'APPROACH-STEALTH'
10, 8929, 38.800501348250556, 38.800501348250556, 'APPROACH-STEALTH'
10, 8930, 38.80235989404904, 38.80235989404904, 'APPROACH-STEALTH'
10, 8931, 38.804218439847524, 38.804218439847524, 'APPROACH-STEALTH'
10, 8932, 38.80607698564601, 38.80607698564601, 'APPROACH-STEALTH'
10, 8933, 38.80793553144449, 38.80793553144449, 'APPROACH-STEALTH'
10, 8934, 38.80979407724298, 38.80979407724298, 'APPROACH-STEALTH'
10, 8935, 38.81165262304146, 38.81165262304146, 'APPROACH-STEALTH'
10, 8936, 38.813511168839945, 38.813511168839945, 'APPROACH-STEALTH'
10, 8937, 38.81536971463843, 38.81536971463843, 'APPROACH-STEALTH'
10, 8938, 38.81722826043691, 38.81722826043691, 'APPROACH-STEALTH'
10, 8939, 38.8190868062354, 38.8190868062354, 'APPROACH-STEALTH'
10, 8940, 38.82094535203388, 38.82094535203388, 'APPROACH-STEALTH'
10, 8941, 38.822803897832365, 38.822803897832365, 'APPROACH-STEALTH'
10, 8942, 38.82466244363085, 38.82466244363085, 'APPROACH-STEALTH'
10, 8943, 38.82652098942933, 38.82652098942933, 'APPROACH-STEALTH'
10, 8944, 38.82837953522782, 38.82837953522782, 'APPROACH-STEALTH'
10, 8945, 38.8302380810263, 38.8302380810263, 'APPROACH-STEALTH'
10, 8946, 38.832096626824786, 38.832096626824786, 'APPROACH-STEALTH'
10, 8947, 38.83395517262327, 38.83395517262327, 'APPROACH-STEALTH'
10, 8948, 38.835813718421754, 38.835813718421754, 'APPROACH-STEALTH'
10, 8949, 38.83767226422024, 38.83767226422024, 'APPROACH-STEALTH'
10, 8950, 38.83953081001872, 38.83953081001872, 'APPROACH-STEALTH'
10, 8951, 38.84324790161568, 38.84324790161568, 'APPROACH-STEALTH'
10, 8952, 38.846964993212644, 38.846964993212644, 'APPROACH-STEALTH'
10, 8953, 38.850682084809605, 38.850682084809605, 'APPROACH-STEALTH'
10, 8954, 38.85439917640657, 38.85439917640657, 'APPROACH-STEALTH'
10, 8955, 38.85811626800353, 38.85811626800353, 'APPROACH-STEALTH'
10, 8956, 38.86183335960049, 38.86183335960049, 'APPROACH-STEALTH'
10, 8957, 38.86555045119745, 38.86555045119745, 'APPROACH-STEALTH'
10, 8958, 38.86926754279441, 38.86926754279441, 'APPROACH-STEALTH'
10, 8959, 38.871126088592895, 38.871126088592895, 'APPROACH-STEALTH'
10, 8960, 38.87298463439138, 38.87298463439138, 'APPROACH-STEALTH'
10, 8961, 38.87484318018986, 38.87484318018986, 'APPROACH-STEALTH'
10, 8962, 38.87670172598835, 38.87670172598835, 'APPROACH-STEALTH'
10, 8963, 38.87856027178683, 38.87856027178683, 'APPROACH-STEALTH'
10, 8964, 38.880418817585316, 38.880418817585316, 'APPROACH-STEALTH'
10, 8965, 38.8822773633838, 38.8822773633838, 'APPROACH-STEALTH'
10, 8966, 38.884135909182284, 38.884135909182284, 'APPROACH-STEALTH'
10, 8967, 38.88599445498077, 38.88599445498077, 'APPROACH-STEALTH'
10, 8968, 38.88785300077925, 38.88785300077925, 'APPROACH-STEALTH'
10, 8969, 38.889711546577736, 38.889711546577736, 'APPROACH-STEALTH'
10, 8970, 38.89157009237622, 38.89157009237622, 'APPROACH-STEALTH'
10, 8971, 38.893428638174704, 38.893428638174704, 'APPROACH-STEALTH'
10, 8972, 38.89528718397319, 38.89528718397319, 'APPROACH-STEALTH'
10, 8973, 38.89714572977167, 38.89714572977167, 'APPROACH-STEALTH'
10, 8974, 38.89900427557016, 38.89900427557016, 'APPROACH-STEALTH'
10, 8975, 38.90086282136864, 38.90086282136864, 'APPROACH-STEALTH'
10, 8976, 38.902721367167125, 38.902721367167125, 'APPROACH-STEALTH'
10, 8977, 38.90457991296561, 38.90457991296561, 'APPROACH-STEALTH'
10, 8978, 38.90643845876409, 38.90643845876409, 'APPROACH-STEALTH'
10, 8979, 38.90829700456257, 38.90829700456257, 'APPROACH-STEALTH'
10, 8980, 38.91201409615953, 38.91201409615953, 'APPROACH-STEALTH'
10, 8981, 38.91573118775649, 38.91573118775649, 'APPROACH-STEALTH'
10, 8982, 38.91944827935345, 38.91944827935345, 'APPROACH-STEALTH'
10, 8983, 38.923165370950414, 38.923165370950414, 'APPROACH-STEALTH'
10, 8984, 38.926882462547375, 38.926882462547375, 'APPROACH-STEALTH'
10, 8985, 38.93059955414434, 38.93059955414434, 'APPROACH-STEALTH'
10, 8986, 38.9343166457413, 38.9343166457413, 'APPROACH-STEALTH'
10, 8987, 38.93554290677669, 38.93554290677669, 'APPROACH-STEALTH'
10, 8988, 38.93676916781208, 38.93676916781208, 'APPROACH-STEALTH'
10, 8989, 38.93799542884747, 38.93799542884747, 'APPROACH-STEALTH'
10, 8990, 38.939221689882864, 38.939221689882864, 'APPROACH-STEALTH'
10, 8991, 38.940447950918255, 38.940447950918255, 'APPROACH-STEALTH'
10, 8992, 38.94167421195365, 38.94167421195365, 'APPROACH-STEALTH'
10, 8993, 38.94290047298904, 38.94290047298904, 'APPROACH-STEALTH'
10, 8994, 38.94412673402443, 38.94412673402443, 'APPROACH-STEALTH'
10, 8995, 38.94535299505982, 38.94535299505982, 'APPROACH-STEALTH'
10, 8996, 38.94657925609521, 38.94657925609521, 'APPROACH-STEALTH'
10, 8997, 38.947805517130604, 38.947805517130604, 'APPROACH-STEALTH'
10, 8998, 38.949031778165995, 38.949031778165995, 'APPROACH-STEALTH'
10, 8999, 38.95025803920139, 38.95025803920139, 'APPROACH-STEALTH'
10, 9000, 38.95148430023678, 38.95148430023678, 'APPROACH-STEALTH'
10, 9001, 38.95271056127217, 38.95271056127217, 'PURSUE'
10, 9002, 38.95332369178987, 38.95332369178987, 'APPROACH-STEALTH'
10, 9003, 38.95393682230756, 38.95393682230756, 'APPROACH-STEALTH'
10, 9004, 38.95516308334295, 38.95516308334295, 'APPROACH-STEALTH'
10, 9005, 38.95577621386065, 38.95577621386065, 'APPROACH-STEALTH'
10, 9006, 38.956389344378344, 38.956389344378344, 'APPROACH-STEALTH'
10, 9007, 38.95700247489604, 38.95700247489604, 'APPROACH-STEALTH'
10, 9008, 38.957615605413736, 38.957615605413736, 'APPROACH-STEALTH'
10, 9009, 38.958228735931435, 38.958228735931435, 'APPROACH-STEALTH'
10, 9010, 38.95945499696683, 38.95945499696683, 'APPROACH-STEALTH'
10, 9011, 38.96068125800222, 38.96068125800222, 'APPROACH-STEALTH'
10, 9012, 38.96129438851991, 38.96129438851991, 'APPROACH-STEALTH'
10, 9013, 38.96190751903761, 38.96190751903761, 'APPROACH-STEALTH'
10, 9014, 38.9625206495553, 38.9625206495553, 'APPROACH-STEALTH'
10, 9015, 38.963133780073, 38.963133780073, 'APPROACH-STEALTH'
10, 9016, 38.96374691059069, 38.96374691059069, 'APPROACH-STEALTH'
10, 9017, 38.96436004110839, 38.96436004110839, 'APPROACH-STEALTH'
10, 9018, 38.964973171626085, 38.964973171626085, 'APPROACH-STEALTH'
10, 9019, 38.96558630214378, 38.96558630214378, 'APPROACH-STEALTH'
10, 9020, 38.966199432661476, 38.966199432661476, 'APPROACH-STEALTH'
10, 9021, 38.96681256317917, 38.96681256317917, 'APPROACH-STEALTH'
10, 9022, 38.96742569369687, 38.96742569369687, 'APPROACH-STEALTH'
10, 9023, 38.96803882421456, 38.96803882421456, 'APPROACH-STEALTH'
10, 9024, 38.96865195473226, 38.96865195473226, 'APPROACH-STEALTH'
10, 9025, 38.96926508524995, 38.96926508524995, 'APPROACH-STEALTH'
10, 9026, 38.96987821576765, 38.96987821576765, 'APPROACH-STEALTH'
10, 9027, 38.97049134628534, 38.97049134628534, 'APPROACH-STEALTH'
10, 9028, 38.97110447680304, 38.97110447680304, 'APPROACH-STEALTH'
10, 9029, 38.971717607320734, 38.971717607320734, 'APPROACH-STEALTH'
10, 9030, 38.97233073783843, 38.97233073783843, 'APPROACH-STEALTH'
10, 9031, 38.972943868356126, 38.972943868356126, 'APPROACH-STEALTH'
10, 9032, 38.973556998873825, 38.973556998873825, 'APPROACH-STEALTH'
10, 9033, 38.97417012939152, 38.97417012939152, 'APPROACH-STEALTH'
10, 9034, 38.974783259909216, 38.974783259909216, 'APPROACH-STEALTH'
10, 9035, 38.97539639042691, 38.97539639042691, 'APPROACH-STEALTH'
10, 9036, 38.97600952094461, 38.97600952094461, 'APPROACH-STEALTH'
10, 9037, 38.9766226514623, 38.9766226514623, 'APPROACH-STEALTH'
10, 9038, 38.97723578198, 38.97723578198, 'APPROACH-STEALTH'
10, 9039, 38.97784891249769, 38.97784891249769, 'APPROACH-STEALTH'
10, 9040, 38.978462043015384, 38.978462043015384, 'APPROACH-STEALTH'
10, 9041, 38.978663135316104, 38.978663135316104, 'APPROACH-STEALTH'
10, 9042, 38.978864227616825, 38.978864227616825, 'APPROACH-STEALTH'
10, 9043, 38.979065319917545, 38.979065319917545, 'APPROACH-STEALTH'
10, 9044, 38.979266412218266, 38.979266412218266, 'APPROACH-STEALTH'
10, 9045, 38.979467504518986, 38.979467504518986, 'APPROACH-STEALTH'
10, 9046, 38.97966859681971, 38.97966859681971, 'APPROACH-STEALTH'
10, 9047, 38.98007078142114, 38.98007078142114, 'APPROACH-STEALTH'
10, 9048, 38.980472966022575, 38.980472966022575, 'APPROACH-STEALTH'
10, 9049, 38.98087515062401, 38.98087515062401, 'APPROACH-STEALTH'
10, 9050, 38.98127733522544, 38.98127733522544, 'APPROACH-STEALTH'
10, 9051, 38.981679519826876, 38.981679519826876, 'APPROACH-STEALTH'
10, 9052, 38.98208170442831, 38.98208170442831, 'APPROACH-STEALTH'
10, 9053, 38.982483889029744, 38.982483889029744, 'APPROACH-STEALTH'
10, 9054, 38.98288607363118, 38.98288607363118, 'APPROACH-STEALTH'
10, 9055, 38.98328825823261, 38.98328825823261, 'APPROACH-STEALTH'
10, 9056, 38.98348935053333, 38.98348935053333, 'APPROACH-STEALTH'
10, 9057, 38.98369044283405, 38.98369044283405, 'APPROACH-STEALTH'
10, 9058, 38.983891535134774, 38.983891535134774, 'APPROACH-STEALTH'
10, 9059, 38.984092627435494, 38.984092627435494, 'APPROACH-STEALTH'
10, 9060, 38.984293719736215, 38.984293719736215, 'APPROACH-STEALTH'
10, 9061, 38.984494812036935, 38.984494812036935, 'APPROACH-STEALTH'
10, 9062, 38.98489699663837, 38.98489699663837, 'APPROACH-BLIND'
10, 9063, 38.9852991812398, 38.9852991812398, 'APPROACH-BLIND'
10, 9064, 38.98570136584124, 38.98570136584124, 'APPROACH-BLIND'
10, 9065, 38.98610355044267, 38.98610355044267, 'APPROACH-BLIND'
10, 9066, 38.986505735044105, 38.986505735044105, 'APPROACH-BLIND'
10, 9067, 38.98690791964554, 38.98690791964554, 'APPROACH-BLIND'
10, 9068, 38.98731010424697, 38.98731010424697, 'APPROACH-BLIND'
10, 9069, 38.98771228884841, 38.98771228884841, 'APPROACH-BLIND'
10, 9070, 38.98811447344984, 38.98811447344984, 'APPROACH-BLIND'
10, 9071, 38.988516658051275, 38.988516658051275, 'APPROACH-STEALTH'
10, 9072, 38.98891884265271, 38.98891884265271, 'APPROACH-STEALTH'
10, 9073, 38.98932102725414, 38.98932102725414, 'APPROACH-STEALTH'
10, 9074, 38.989723211855576, 38.989723211855576, 'APPROACH-STEALTH'
10, 9075, 38.99012539645701, 38.99012539645701, 'APPROACH-STEALTH'
10, 9076, 38.990527581058444, 38.990527581058444, 'APPROACH-STEALTH'
10, 9077, 38.99092976565988, 38.99092976565988, 'APPROACH-STEALTH'
10, 9078, 38.99133195026131, 38.99133195026131, 'APPROACH-STEALTH'
10, 9079, 38.991734134862746, 38.991734134862746, 'APPROACH-BLIND'
10, 9080, 38.99213631946418, 38.99213631946418, 'APPROACH-BLIND'
10, 9081, 38.992538504065614, 38.992538504065614, 'APPROACH-BLIND'
10, 9082, 38.99294068866705, 38.99294068866705, 'APPROACH-BLIND'
10, 9083, 38.96800619636442, 38.96800619636442, 'APPROACH-BLIND'
10, 9084, 38.94307170406179, 38.94307170406179, 'APPROACH-BLIND'
10, 9085, 38.918137211759166, 38.918137211759166, 'APPROACH-BLIND'
10, 9086, 38.89320271945654, 38.89320271945654, 'APPROACH-BLIND'
10, 9087, 38.86826822715391, 38.86826822715391, 'APPROACH-BLIND'
10, 9088, 38.843333734851285, 38.843333734851285, 'APPROACH-BLIND'
10, 9089, 38.81839924254866, 38.81839924254866, 'APPROACH-BLIND'
10, 9090, 38.79346475024603, 38.79346475024603, 'APPROACH-BLIND'
10, 9091, 38.768530257943404, 38.768530257943404, 'APPROACH-BLIND'
10, 9092, 38.74359576564078, 38.74359576564078, 'APPROACH-BLIND'
10, 9093, 38.71866127333815, 38.71866127333815, 'APPROACH-BLIND'
10, 9094, 38.69372678103552, 38.69372678103552, 'APPROACH-BLIND'
10, 9095, 38.668792288732895, 38.668792288732895, 'APPROACH-BLIND'
10, 9096, 38.64385779643027, 38.64385779643027, 'APPROACH-BLIND'
10, 9097, 38.61892330412764, 38.61892330412764, 'APPROACH-BLIND'
10, 9098, 38.593988811825014, 38.593988811825014, 'APPROACH-BLIND'
10, 9099, 38.56905431952239, 38.56905431952239, 'APPROACH-BLIND'
10, 9100, 38.54411982721976, 38.54411982721976, 'APPROACH-BLIND'
10, 9101, 38.51918533491713, 38.51918533491713, 'APPROACH-BLIND'
10, 9102, 38.494250842614505, 38.494250842614505, 'APPROACH-BLIND'
10, 9103, 38.46683228273083, 38.46683228273083, 'APPROACH-BLIND'
10, 9104, 38.43941372284715, 38.43941372284715, 'APPROACH-BLIND'
10, 9105, 38.41199516296347, 38.41199516296347, 'APPROACH-BLIND'
10, 9106, 38.38457660307979, 38.38457660307979, 'APPROACH-BLIND'
10, 9107, 38.357158043196115, 38.357158043196115, 'APPROACH-BLIND'
10, 9108, 38.32973948331244, 38.32973948331244, 'APPROACH-BLIND'
10, 9109, 38.30232092342876, 38.30232092342876, 'APPROACH-BLIND'
10, 9110, 38.27490236354508, 38.27490236354508, 'APPROACH-BLIND'
10, 9111, 38.2474838036614, 38.2474838036614, 'APPROACH-BLIND'
10, 9112, 38.220065243777725, 38.220065243777725, 'APPROACH-BLIND'
10, 9113, 38.19264668389405, 38.19264668389405, 'APPROACH-BLIND'
10, 9114, 38.16522812401037, 38.16522812401037, 'APPROACH-BLIND'
10, 9115, 38.13780956412669, 38.13780956412669, 'APPROACH-BLIND'
10, 9116, 38.11039100424301, 38.11039100424301, 'APPROACH-BLIND'
10, 9117, 38.082972444359335, 38.082972444359335, 'APPROACH-BLIND'
10, 9118, 38.05555388447566, 38.05555388447566, 'APPROACH-BLIND'
10, 9119, 38.02813532459198, 38.02813532459198, 'APPROACH-BLIND'
10, 9120, 38.0007167647083, 38.0007167647083, 'APPROACH-BLIND'
10, 9121, 37.97329820482462, 37.97329820482462, 'APPROACH-BLIND'
10, 9122, 37.945879644940945, 37.945879644940945, 'APPROACH-BLIND'
10, 9123, 37.91846108505727, 37.91846108505727, 'APPROACH-BLIND'
10, 9124, 37.89104252517359, 37.89104252517359, 'APPROACH-BLIND'
10, 9125, 37.86362396528991, 37.86362396528991, 'APPROACH-BLIND'
10, 9126, 37.83620540540623, 37.83620540540623, 'APPROACH-BLIND'
10, 9127, 37.808786845522555, 37.808786845522555, 'APPROACH-BLIND'
10, 9128, 37.78136828563888, 37.78136828563888, 'APPROACH-BLIND'
10, 9129, 37.7539497257552, 37.7539497257552, 'APPROACH-BLIND'
10, 9130, 37.72653116587152, 37.72653116587152, 'APPROACH-BLIND'
10, 9131, 37.69911260598784, 37.69911260598784, 'APPROACH-BLIND'
10, 9132, 37.671694046104164, 37.671694046104164, 'APPROACH-BLIND'
10, 9133, 37.64427548622049, 37.64427548622049, 'APPROACH-BLIND'
10, 9134, 37.61685692633681, 37.61685692633681, 'APPROACH-BLIND'
10, 9135, 37.58943836645313, 37.58943836645313, 'APPROACH-BLIND'
10, 9136, 37.56201980656945, 37.56201980656945, 'APPROACH-BLIND'
10, 9137, 37.534601246685774, 37.534601246685774, 'APPROACH-BLIND'
10, 9138, 37.507182686802096, 37.507182686802096, 'APPROACH-BLIND'
10, 9139, 37.47976412691842, 37.47976412691842, 'APPROACH-BLIND'
10, 9140, 37.46846891758615, 37.46846891758615, 'APPROACH-BLIND'
10, 9141, 37.45717370825388, 37.45717370825388, 'APPROACH-BLIND'
10, 9142, 37.445878498921616, 37.445878498921616, 'APPROACH-BLIND'
10, 9143, 37.43458328958935, 37.43458328958935, 'APPROACH-BLIND'
10, 9144, 37.42328808025708, 37.42328808025708, 'APPROACH-BLIND'
10, 9145, 37.41199287092481, 37.41199287092481, 'APPROACH-BLIND'
10, 9146, 37.400697661592545, 37.400697661592545, 'APPROACH-BLIND'
10, 9147, 37.38940245226028, 37.38940245226028, 'APPROACH-BLIND'
10, 9148, 37.37810724292801, 37.37810724292801, 'APPROACH-BLIND'
10, 9149, 37.36681203359574, 37.36681203359574, 'APPROACH-BLIND'
10, 9150, 37.355516824263475, 37.355516824263475, 'APPROACH-STEALTH'
10, 9151, 37.34422161493121, 37.34422161493121, 'APPROACH-STEALTH'
10, 9152, 37.33292640559894, 37.33292640559894, 'APPROACH-STEALTH'
10, 9153, 37.32163119626667, 37.32163119626667, 'APPROACH-STEALTH'
10, 9154, 37.310335986934405, 37.310335986934405, 'PURSUE'
10, 9155, 37.29904077760214, 37.29904077760214, 'PURSUE'
10, 9156, 37.28774556826987, 37.28774556826987, 'PURSUE'
10, 9157, 37.2764503589376, 37.2764503589376, 'PURSUE'
10, 9158, 37.265155149605334, 37.265155149605334, 'PURSUE'
10, 9159, 37.25385994027307, 37.25385994027307, 'APPROACH-STEALTH'
10, 9160, 37.2425647309408, 37.2425647309408, 'APPROACH-STEALTH'
10, 9161, 37.23126952160853, 37.23126952160853, 'APPROACH-STEALTH'
10, 9162, 37.219974312276264, 37.219974312276264, 'APPROACH-STEALTH'
10, 9163, 37.243438612509095, 37.243438612509095, 'APPROACH-STEALTH'
10, 9164, 37.26690291274193, 37.26690291274193, 'APPROACH-STEALTH'
10, 9165, 37.29036721297476, 37.29036721297476, 'APPROACH-STEALTH'
10, 9166, 37.31383151320759, 37.31383151320759, 'APPROACH-STEALTH'
10, 9167, 37.33729581344042, 37.33729581344042, 'APPROACH-STEALTH'
10, 9168, 37.36076011367325, 37.36076011367325, 'APPROACH-BLIND'
10, 9169, 37.38422441390608, 37.38422441390608, 'APPROACH-BLIND'
10, 9170, 37.407688714138914, 37.407688714138914, 'APPROACH-BLIND'
10, 9171, 37.431153014371745, 37.431153014371745, 'APPROACH-BLIND'
10, 9172, 37.454617314604576, 37.454617314604576, 'APPROACH-STEALTH'
10, 9173, 37.4780816148374, 37.4780816148374, 'APPROACH-STEALTH'
10, 9174, 37.501545915070224, 37.501545915070224, 'APPROACH-STEALTH'
10, 9175, 37.52872653765038, 37.52872653765038, 'APPROACH-STEALTH'
10, 9176, 37.55590716023053, 37.55590716023053, 'APPROACH-STEALTH'
10, 9177, 37.583087782810686, 37.583087782810686, 'APPROACH-STEALTH'
10, 9178, 37.61026840539084, 37.61026840539084, 'APPROACH-STEALTH'
10, 9179, 37.637449027970995, 37.637449027970995, 'APPROACH-STEALTH'
10, 9180, 37.66462965055115, 37.66462965055115, 'APPROACH-STEALTH'
10, 9181, 37.6918102731313, 37.6918102731313, 'APPROACH-STEALTH'
10, 9182, 37.71899089571146, 37.71899089571146, 'APPROACH-STEALTH'
10, 9183, 37.74617151829161, 37.74617151829161, 'APPROACH-STEALTH'
10, 9184, 37.773352140871765, 37.773352140871765, 'APPROACH-STEALTH'
10, 9185, 37.80053276345192, 37.80053276345192, 'APPROACH-STEALTH'
10, 9186, 37.82771338603207, 37.82771338603207, 'APPROACH-STEALTH'
10, 9187, 37.85489400861223, 37.85489400861223, 'PURSUE'
10, 9188, 37.88207463119238, 37.88207463119238, 'PURSUE'
10, 9189, 37.909255253772535, 37.909255253772535, 'PURSUE'
10, 9190, 37.93643587635269, 37.93643587635269, 'APPROACH-STEALTH'
10, 9191, 37.96361649893284, 37.96361649893284, 'APPROACH-STEALTH'
10, 9192, 37.990797121513, 37.990797121513, 'APPROACH-STEALTH'
10, 9193, 38.01797774409315, 38.01797774409315, 'APPROACH-STEALTH'
10, 9194, 38.045158366673306, 38.045158366673306, 'APPROACH-STEALTH'
10, 9195, 38.07233898925346, 38.07233898925346, 'PURSUE'
10, 9196, 38.099519611833614, 38.099519611833614, 'PURSUE'
10, 9197, 38.12670023441377, 38.12670023441377, 'PURSUE'
10, 9198, 38.15388085699392, 38.15388085699392, 'PURSUE'
10, 9199, 38.181061479574076, 38.181061479574076, 'PURSUE'
10, 9200, 38.20824210215423, 38.20824210215423, 'PURSUE'
10, 9201, 38.235422724734384, 38.235422724734384, 'APPROACH-STEALTH'
10, 9202, 38.26260334731454, 38.26260334731454, 'APPROACH-STEALTH'
10, 9203, 38.28978396989469, 38.28978396989469, 'APPROACH-STEALTH'
10, 9204, 38.31696459247485, 38.31696459247485, 'APPROACH-STEALTH'
10, 9205, 38.344145215055, 38.344145215055, 'APPROACH-STEALTH'
10, 9206, 38.371325837635155, 38.371325837635155, 'APPROACH-STEALTH'
10, 9207, 38.39850646021531, 38.39850646021531, 'APPROACH-STEALTH'
10, 9208, 38.42568708279546, 38.42568708279546, 'APPROACH-BLIND'
10, 9209, 38.45286770537562, 38.45286770537562, 'APPROACH-BLIND'
10, 9210, 38.48004832795577, 38.48004832795577, 'APPROACH-BLIND'
10, 9211, 38.507228950535925, 38.507228950535925, 'APPROACH-BLIND'
10, 9212, 38.53493973973828, 38.53493973973828, 'APPROACH-BLIND'
10, 9213, 38.56265052894063, 38.56265052894063, 'APPROACH-BLIND'
10, 9214, 38.59036131814298, 38.59036131814298, 'APPROACH-STEALTH'
10, 9215, 38.618072107345334, 38.618072107345334, 'PURSUE'
10, 9216, 38.645782896547686, 38.645782896547686, 'PURSUE'
10, 9217, 38.67349368575004, 38.67349368575004, 'PURSUE'
10, 9218, 38.70120447495239, 38.70120447495239, 'PURSUE'
10, 9219, 38.72891526415474, 38.72891526415474, 'PURSUE'
10, 9220, 38.756626053357095, 38.756626053357095, 'PURSUE'
10, 9221, 38.78433684255945, 38.78433684255945, 'PURSUE'
10, 9222, 38.8120476317618, 38.8120476317618, 'PURSUE'
10, 9223, 38.83975842096415, 38.83975842096415, 'PURSUE'
10, 9224, 38.867469210166504, 38.867469210166504, 'APPROACH-STEALTH'
10, 9225, 38.89517999936886, 38.89517999936886, 'APPROACH-STEALTH'
10, 9226, 38.92289078857121, 38.92289078857121, 'APPROACH-BLIND'
10, 9227, 38.95060157777356, 38.95060157777356, 'APPROACH-BLIND'
10, 9228, 38.97831236697591, 38.97831236697591, 'APPROACH-BLIND'
10, 9229, 39.006023156178266, 39.006023156178266, 'APPROACH-BLIND'
10, 9230, 39.03373394538062, 39.03373394538062, 'APPROACH-BLIND'
10, 9231, 39.06144473458297, 39.06144473458297, 'APPROACH-BLIND'
10, 9232, 39.08915552378532, 39.08915552378532, 'APPROACH-BLIND'
10, 9233, 39.116866312987675, 39.116866312987675, 'APPROACH-BLIND'
10, 9234, 39.14457710219003, 39.14457710219003, 'APPROACH-BLIND'
10, 9235, 39.17228789139238, 39.17228789139238, 'APPROACH-BLIND'
10, 9236, 39.19999868059473, 39.19999868059473, 'APPROACH-STEALTH'
10, 9237, 39.227709469797084, 39.227709469797084, 'APPROACH-STEALTH'
10, 9238, 39.255420258999436, 39.255420258999436, 'APPROACH-STEALTH'
10, 9239, 39.28313104820179, 39.28313104820179, 'APPROACH-STEALTH'
10, 9240, 39.31084183740414, 39.31084183740414, 'APPROACH-STEALTH'
10, 9241, 39.33855262660649, 39.33855262660649, 'APPROACH-STEALTH'
10, 9242, 39.366263415808845, 39.366263415808845, 'PURSUE'
10, 9243, 39.3939742050112, 39.3939742050112, 'PURSUE'
10, 9244, 39.42168499421355, 39.42168499421355, 'APPROACH-STEALTH'
10, 9245, 39.4493957834159, 39.4493957834159, 'APPROACH-STEALTH'
10, 9246, 39.477106572618254, 39.477106572618254, 'APPROACH-STEALTH'
10, 9247, 39.504817361820606, 39.504817361820606, 'APPROACH-STEALTH'
10, 9248, 39.53258776831011, 39.53258776831011, 'APPROACH-STEALTH'
10, 9249, 39.56035817479961, 39.56035817479961, 'APPROACH-STEALTH'
10, 9250, 39.58812858128911, 39.58812858128911, 'APPROACH-STEALTH'
10, 9251, 39.615898987778614, 39.615898987778614, 'APPROACH-STEALTH'
10, 9252, 39.643669394268116, 39.643669394268116, 'APPROACH-STEALTH'
10, 9253, 39.67143980075762, 39.67143980075762, 'APPROACH-STEALTH'
10, 9254, 39.69921020724712, 39.69921020724712, 'APPROACH-STEALTH'
10, 9255, 39.72698061373662, 39.72698061373662, 'APPROACH-STEALTH'
10, 9256, 39.754751020226124, 39.754751020226124, 'APPROACH-STEALTH'
10, 9257, 39.782521426715626, 39.782521426715626, 'APPROACH-STEALTH'
10, 9258, 39.81029183320513, 39.81029183320513, 'APPROACH-STEALTH'
10, 9259, 39.83806223969463, 39.83806223969463, 'APPROACH-STEALTH'
10, 9260, 39.86583264618413, 39.86583264618413, 'APPROACH-STEALTH'
10, 9261, 39.89360305267363, 39.89360305267363, 'APPROACH-STEALTH'
10, 9262, 39.921373459163135, 39.921373459163135, 'APPROACH-STEALTH'
10, 9263, 39.94914386565264, 39.94914386565264, 'APPROACH-STEALTH'
10, 9264, 39.97691427214214, 39.97691427214214, 'APPROACH-STEALTH'
10, 9265, 40.00468467863164, 40.00468467863164, 'APPROACH-STEALTH'
10, 9266, 40.03245508512114, 40.03245508512114, 'APPROACH-STEALTH'
10, 9267, 40.060225491610645, 40.060225491610645, 'APPROACH-STEALTH'
10, 9268, 40.08799589810015, 40.08799589810015, 'APPROACH-STEALTH'
10, 9269, 40.11576630458965, 40.11576630458965, 'APPROACH-STEALTH'
10, 9270, 40.14353671107915, 40.14353671107915, 'APPROACH-STEALTH'
10, 9271, 40.17130711756865, 40.17130711756865, 'APPROACH-STEALTH'
10, 9272, 40.199077524058154, 40.199077524058154, 'APPROACH-STEALTH'
10, 9273, 40.226847930547656, 40.226847930547656, 'APPROACH-STEALTH'
10, 9274, 40.25461833703716, 40.25461833703716, 'APPROACH-BLIND'
10, 9275, 40.28238874352666, 40.28238874352666, 'APPROACH-BLIND'
10, 9276, 40.31015915001616, 40.31015915001616, 'APPROACH-STEALTH'
10, 9277, 40.337929556505664, 40.337929556505664, 'APPROACH-BLIND'
10, 9278, 40.365699962995166, 40.365699962995166, 'APPROACH-BLIND'
10, 9279, 40.39347036948467, 40.39347036948467, 'APPROACH-BLIND'
10, 9280, 40.42124077597417, 40.42124077597417, 'APPROACH-BLIND'
10, 9281, 40.44901118246367, 40.44901118246367, 'APPROACH-BLIND'
10, 9282, 40.47678158895317, 40.47678158895317, 'APPROACH-BLIND'
10, 9283, 40.504551995442675, 40.504551995442675, 'APPROACH-BLIND'
10, 9284, 40.51677173846593, 40.51677173846593, 'APPROACH-BLIND'
10, 9285, 40.52899148148918, 40.52899148148918, 'APPROACH-BLIND'
10, 9286, 40.54121122451243, 40.54121122451243, 'APPROACH-BLIND'
10, 9287, 40.55343096753568, 40.55343096753568, 'APPROACH-BLIND'
10, 9288, 40.565650710558934, 40.565650710558934, 'APPROACH-BLIND'
10, 9289, 40.577870453582186, 40.577870453582186, 'APPROACH-BLIND'
10, 9290, 40.59009019660544, 40.59009019660544, 'PURSUE'
10, 9291, 40.60230993962869, 40.60230993962869, 'PURSUE'
10, 9292, 40.61452968265194, 40.61452968265194, 'APPROACH-STEALTH'
10, 9293, 40.62674942567519, 40.62674942567519, 'APPROACH-STEALTH'
10, 9294, 40.638969168698445, 40.638969168698445, 'APPROACH-STEALTH'
10, 9295, 40.6511889117217, 40.6511889117217, 'APPROACH-STEALTH'
10, 9296, 40.66340865474495, 40.66340865474495, 'PURSUE'
10, 9297, 40.6756283977682, 40.6756283977682, 'PURSUE'
10, 9298, 40.68784814079145, 40.68784814079145, 'PURSUE'
10, 9299, 40.700067883814704, 40.700067883814704, 'APPROACH-BLIND'
10, 9300, 40.712287626837956, 40.712287626837956, 'APPROACH-BLIND'
10, 9301, 40.72450736986121, 40.72450736986121, 'APPROACH-STEALTH'
10, 9302, 40.73672711288446, 40.73672711288446, 'APPROACH-STEALTH'
10, 9303, 40.74894685590771, 40.74894685590771, 'APPROACH-STEALTH'
10, 9304, 40.76116659893096, 40.76116659893096, 'APPROACH-STEALTH'
10, 9305, 40.7655700366346, 40.7655700366346, 'APPROACH-STEALTH'
10, 9306, 40.76997347433824, 40.76997347433824, 'APPROACH-STEALTH'
10, 9307, 40.77437691204187, 40.77437691204187, 'APPROACH-STEALTH'
10, 9308, 40.77878034974551, 40.77878034974551, 'APPROACH-STEALTH'
10, 9309, 40.78318378744915, 40.78318378744915, 'APPROACH-STEALTH'
10, 9310, 40.787587225152784, 40.787587225152784, 'APPROACH-STEALTH'
10, 9311, 40.79199066285642, 40.79199066285642, 'APPROACH-STEALTH'
10, 9312, 40.79639410056006, 40.79639410056006, 'APPROACH-STEALTH'
10, 9313, 40.800797538263694, 40.800797538263694, 'APPROACH-STEALTH'
10, 9314, 40.80520097596733, 40.80520097596733, 'APPROACH-STEALTH'
10, 9315, 40.80960441367097, 40.80960441367097, 'APPROACH-STEALTH'
10, 9316, 40.814007851374605, 40.814007851374605, 'APPROACH-STEALTH'
10, 9317, 40.81841128907824, 40.81841128907824, 'APPROACH-STEALTH'
10, 9318, 40.82281472678188, 40.82281472678188, 'APPROACH-STEALTH'
10, 9319, 40.827218164485515, 40.827218164485515, 'APPROACH-STEALTH'
10, 9320, 40.83162160218915, 40.83162160218915, 'APPROACH-STEALTH'
10, 9321, 40.83602503989279, 40.83602503989279, 'APPROACH-STEALTH'
10, 9322, 40.840428477596426, 40.840428477596426, 'APPROACH-STEALTH'
10, 9323, 40.84483191530006, 40.84483191530006, 'APPROACH-STEALTH'
10, 9324, 40.8492353530037, 40.8492353530037, 'APPROACH-STEALTH'
10, 9325, 40.853638790707336, 40.853638790707336, 'APPROACH-STEALTH'
10, 9326, 40.85804222841097, 40.85804222841097, 'PURSUE'
10, 9327, 40.86244566611461, 40.86244566611461, 'PURSUE'
10, 9328, 40.86684910381825, 40.86684910381825, 'PURSUE'
10, 9329, 40.87125254152188, 40.87125254152188, 'APPROACH-STEALTH'
10, 9330, 40.87565597922552, 40.87565597922552, 'APPROACH-STEALTH'
10, 9331, 40.88005941692916, 40.88005941692916, 'PURSUE'
10, 9332, 40.884462854632794, 40.884462854632794, 'PURSUE'
10, 9333, 40.88886629233643, 40.88886629233643, 'PURSUE'
10, 9334, 40.89326973004007, 40.89326973004007, 'APPROACH-STEALTH'
10, 9335, 40.897673167743704, 40.897673167743704, 'APPROACH-STEALTH'
10, 9336, 40.90207660544734, 40.90207660544734, 'APPROACH-STEALTH'
10, 9337, 40.90648004315098, 40.90648004315098, 'PURSUE'
10, 9338, 40.910883480854615, 40.910883480854615, 'APPROACH-BLIND'
10, 9339, 40.91528691855825, 40.91528691855825, 'APPROACH-BLIND'
10, 9340, 40.91969035626189, 40.91969035626189, 'APPROACH-BLIND'
10, 9341, 40.924093793965525, 40.924093793965525, 'APPROACH-BLIND'
10, 9342, 40.92552354936877, 40.92552354936877, 'APPROACH-BLIND'
10, 9343, 40.92695330477201, 40.92695330477201, 'APPROACH-BLIND'
10, 9344, 40.92838306017526, 40.92838306017526, 'APPROACH-BLIND'
10, 9345, 40.9298128155785, 40.9298128155785, 'APPROACH-BLIND'
10, 9346, 40.931242570981745, 40.931242570981745, 'APPROACH-BLIND'
10, 9347, 40.93267232638499, 40.93267232638499, 'APPROACH-BLIND'
10, 9348, 40.93410208178823, 40.93410208178823, 'APPROACH-BLIND'
10, 9349, 40.935531837191476, 40.935531837191476, 'APPROACH-BLIND'
10, 9350, 40.93696159259472, 40.93696159259472, 'APPROACH-BLIND'
10, 9351, 40.938391347997964, 40.938391347997964, 'APPROACH-BLIND'
10, 9352, 40.93982110340121, 40.93982110340121, 'APPROACH-BLIND'
10, 9353, 40.94125085880445, 40.94125085880445, 'APPROACH-BLIND'
10, 9354, 40.942680614207696, 40.942680614207696, 'APPROACH-BLIND'
10, 9355, 40.94411036961094, 40.94411036961094, 'APPROACH-BLIND'
10, 9356, 40.94554012501418, 40.94554012501418, 'APPROACH-BLIND'
10, 9357, 40.94696988041743, 40.94696988041743, 'APPROACH-BLIND'
10, 9358, 40.94839963582067, 40.94839963582067, 'APPROACH-BLIND'
10, 9359, 40.949829391223915, 40.949829391223915, 'APPROACH-BLIND'
10, 9360, 40.95125914662716, 40.95125914662716, 'APPROACH-BLIND'
10, 9361, 40.9526889020304, 40.9526889020304, 'APPROACH-BLIND'
10, 9362, 40.954118657433646, 40.954118657433646, 'APPROACH-BLIND'
10, 9363, 40.95554841283689, 40.95554841283689, 'APPROACH-BLIND'
10, 9364, 40.956978168240134, 40.956978168240134, 'APPROACH-BLIND'
10, 9365, 40.95840792364338, 40.95840792364338, 'APPROACH-BLIND'
10, 9366, 40.95983767904662, 40.95983767904662, 'APPROACH-BLIND'
10, 9367, 40.961267434449866, 40.961267434449866, 'APPROACH-BLIND'
10, 9368, 40.96269718985311, 40.96269718985311, 'APPROACH-BLIND'
10, 9369, 40.96412694525635, 40.96412694525635, 'APPROACH-BLIND'
10, 9370, 40.9655567006596, 40.9655567006596, 'APPROACH-BLIND'
10, 9371, 40.96698645606285, 40.96698645606285, 'APPROACH-STEALTH'
10, 9372, 40.96841621146609, 40.96841621146609, 'APPROACH-STEALTH'
10, 9373, 40.96984596686934, 40.96984596686934, 'APPROACH-STEALTH'
10, 9374, 40.97127572227259, 40.97127572227259, 'APPROACH-STEALTH'
10, 9375, 40.97270547767584, 40.97270547767584, 'PURSUE'
10, 9376, 40.97413523307908, 40.97413523307908, 'PURSUE'
10, 9377, 40.97556498848233, 40.97556498848233, 'PURSUE'
10, 9378, 40.976025375114375, 40.976025375114375, 'APPROACH-BLIND'
10, 9379, 40.97648576174642, 40.97648576174642, 'APPROACH-BLIND'
10, 9380, 40.97694614837846, 40.97694614837846, 'APPROACH-BLIND'
10, 9381, 40.9774065350105, 40.9774065350105, 'APPROACH-BLIND'
10, 9382, 40.977866921642544, 40.977866921642544, 'APPROACH-BLIND'
10, 9383, 40.97832730827459, 40.97832730827459, 'APPROACH-BLIND'
10, 9384, 40.97878769490663, 40.97878769490663, 'APPROACH-BLIND'
10, 9385, 40.97924808153867, 40.97924808153867, 'APPROACH-BLIND'
10, 9386, 40.97970846817071, 40.97970846817071, 'APPROACH-BLIND'
10, 9387, 40.980168854802756, 40.980168854802756, 'APPROACH-BLIND'
10, 9388, 40.9806292414348, 40.9806292414348, 'APPROACH-BLIND'
10, 9389, 40.98108962806684, 40.98108962806684, 'APPROACH-BLIND'
10, 9390, 40.98155001469888, 40.98155001469888, 'APPROACH-BLIND'
10, 9391, 40.982010401330925, 40.982010401330925, 'APPROACH-BLIND'
10, 9392, 40.98247078796297, 40.98247078796297, 'APPROACH-BLIND'
10, 9393, 40.98293117459501, 40.98293117459501, 'APPROACH-BLIND'
10, 9394, 40.98339156122705, 40.98339156122705, 'APPROACH-BLIND'
10, 9395, 40.983851947859094, 40.983851947859094, 'APPROACH-BLIND'
10, 9396, 40.984312334491136, 40.984312334491136, 'APPROACH-BLIND'
10, 9397, 40.98477272112318, 40.98477272112318, 'APPROACH-BLIND'
10, 9398, 40.98523310775522, 40.98523310775522, 'APPROACH-BLIND'
10, 9399, 40.98569349438726, 40.98569349438726, 'APPROACH-BLIND'
10, 9400, 40.986153881019305, 40.986153881019305, 'APPROACH-BLIND'
10, 9401, 40.98661426765135, 40.98661426765135, 'APPROACH-BLIND'
10, 9402, 40.98707465428339, 40.98707465428339, 'APPROACH-BLIND'
10, 9403, 40.98753504091543, 40.98753504091543, 'APPROACH-BLIND'
10, 9404, 40.987995427547474, 40.987995427547474, 'APPROACH-BLIND'
10, 9405, 40.98845581417952, 40.98845581417952, 'APPROACH-BLIND'
10, 9406, 40.98891620081156, 40.98891620081156, 'APPROACH-BLIND'
10, 9407, 40.9893765874436, 40.9893765874436, 'APPROACH-BLIND'
10, 9408, 40.989836974075644, 40.989836974075644, 'APPROACH-BLIND'
10, 9409, 40.990297360707686, 40.990297360707686, 'APPROACH-BLIND'
10, 9410, 40.99075774733973, 40.99075774733973, 'APPROACH-BLIND'
10, 9411, 40.99121813397177, 40.99121813397177, 'APPROACH-BLIND'
10, 9412, 40.99167852060381, 40.99167852060381, 'APPROACH-BLIND'
10, 9413, 40.992138907235855, 40.992138907235855, 'APPROACH-BLIND'
10, 9414, 40.992287024641136, 40.992287024641136, 'APPROACH-BLIND'
10, 9415, 40.99243514204642, 40.99243514204642, 'APPROACH-BLIND'
10, 9416, 40.9925832594517, 40.9925832594517, 'APPROACH-BLIND'
10, 9417, 40.99273137685698, 40.99273137685698, 'APPROACH-BLIND'
10, 9418, 40.99287949426226, 40.99287949426226, 'APPROACH-BLIND'
10, 9419, 40.99302761166754, 40.99302761166754, 'APPROACH-BLIND'
10, 9420, 40.993175729072824, 40.993175729072824, 'APPROACH-BLIND'
10, 9421, 40.993323846478106, 40.993323846478106, 'APPROACH-BLIND'
10, 9422, 40.99347196388339, 40.99347196388339, 'APPROACH-BLIND'
10, 9423, 40.99362008128867, 40.99362008128867, 'APPROACH-BLIND'
10, 9424, 40.99376819869395, 40.99376819869395, 'APPROACH-BLIND'
10, 9425, 40.99391631609923, 40.99391631609923, 'APPROACH-BLIND'
10, 9426, 40.99406443350451, 40.99406443350451, 'APPROACH-BLIND'
10, 9427, 40.99421255090979, 40.99421255090979, 'APPROACH-BLIND'
10, 9428, 40.994360668315075, 40.994360668315075, 'APPROACH-BLIND'
10, 9429, 40.994508785720356, 40.994508785720356, 'APPROACH-BLIND'
10, 9430, 40.99465690312564, 40.99465690312564, 'APPROACH-BLIND'
10, 9431, 40.99480502053092, 40.99480502053092, 'APPROACH-BLIND'
10, 9432, 40.9949531379362, 40.9949531379362, 'APPROACH-BLIND'
10, 9433, 40.99510125534148, 40.99510125534148, 'APPROACH-BLIND'
10, 9434, 40.99524937274676, 40.99524937274676, 'APPROACH-BLIND'
10, 9435, 40.995397490152044, 40.995397490152044, 'APPROACH-BLIND'
10, 9436, 40.995545607557325, 40.995545607557325, 'APPROACH-BLIND'
10, 9437, 40.99569372496261, 40.99569372496261, 'APPROACH-BLIND'
10, 9438, 40.99584184236789, 40.99584184236789, 'APPROACH-BLIND'
10, 9439, 40.99598995977317, 40.99598995977317, 'APPROACH-BLIND'
10, 9440, 40.99613807717845, 40.99613807717845, 'APPROACH-BLIND'
10, 9441, 40.99628619458373, 40.99628619458373, 'APPROACH-BLIND'
10, 9442, 40.99643431198901, 40.99643431198901, 'APPROACH-BLIND'
10, 9443, 40.996582429394294, 40.996582429394294, 'APPROACH-BLIND'
10, 9444, 40.996730546799576, 40.996730546799576, 'APPROACH-BLIND'
10, 9445, 40.99687866420486, 40.99687866420486, 'APPROACH-BLIND'
10, 9446, 40.99702678161014, 40.99702678161014, 'APPROACH-BLIND'
10, 9447, 40.99717489901542, 40.99717489901542, 'APPROACH-BLIND'
10, 9448, 40.9973230164207, 40.9973230164207, 'APPROACH-BLIND'
10, 9449, 40.99747113382598, 40.99747113382598, 'APPROACH-BLIND'
10, 9450, 40.99751878245057, 40.99751878245057, 'APPROACH-BLIND'
10, 9451, 40.99756643107516, 40.99756643107516, 'APPROACH-BLIND'
10, 9452, 40.997614079699744, 40.997614079699744, 'APPROACH-BLIND'
10, 9453, 40.99766172832433, 40.99766172832433, 'APPROACH-BLIND'
10, 9454, 40.99770937694892, 40.99770937694892, 'APPROACH-BLIND'
10, 9455, 40.997757025573506, 40.997757025573506, 'APPROACH-BLIND'
10, 9456, 40.99780467419809, 40.99780467419809, 'APPROACH-BLIND'
10, 9457, 40.99785232282268, 40.99785232282268, 'APPROACH-BLIND'
10, 9458, 40.99789997144727, 40.99789997144727, 'APPROACH-BLIND'
10, 9459, 40.997947620071855, 40.997947620071855, 'APPROACH-BLIND'
10, 9460, 40.99799526869644, 40.99799526869644, 'APPROACH-BLIND'
10, 9461, 40.99804291732103, 40.99804291732103, 'APPROACH-BLIND'
10, 9462, 40.99809056594562, 40.99809056594562, 'APPROACH-BLIND'
10, 9463, 40.998138214570204, 40.998138214570204, 'APPROACH-BLIND'
10, 9464, 40.99818586319479, 40.99818586319479, 'APPROACH-BLIND'
10, 9465, 40.99823351181938, 40.99823351181938, 'APPROACH-BLIND'
10, 9466, 40.998281160443966, 40.998281160443966, 'APPROACH-BLIND'
10, 9467, 40.99832880906855, 40.99832880906855, 'APPROACH-BLIND'
10, 9468, 40.99837645769314, 40.99837645769314, 'APPROACH-BLIND'
10, 9469, 40.99842410631773, 40.99842410631773, 'APPROACH-BLIND'
10, 9470, 40.998471754942315, 40.998471754942315, 'APPROACH-BLIND'
10, 9471, 40.9985194035669, 40.9985194035669, 'APPROACH-BLIND'
10, 9472, 40.99856705219149, 40.99856705219149, 'APPROACH-BLIND'
10, 9473, 40.99861470081608, 40.99861470081608, 'APPROACH-BLIND'
10, 9474, 40.998662349440664, 40.998662349440664, 'APPROACH-BLIND'
10, 9475, 40.99870999806525, 40.99870999806525, 'APPROACH-BLIND'
10, 9476, 40.99875764668984, 40.99875764668984, 'APPROACH-BLIND'
10, 9477, 40.998805295314426, 40.998805295314426, 'APPROACH-BLIND'
10, 9478, 40.99885294393901, 40.99885294393901, 'APPROACH-BLIND'
10, 9479, 40.9989005925636, 40.9989005925636, 'APPROACH-BLIND'
10, 9480, 40.99894824118819, 40.99894824118819, 'APPROACH-BLIND'
10, 9481, 40.998995889812775, 40.998995889812775, 'APPROACH-BLIND'
10, 9482, 40.99904353843736, 40.99904353843736, 'APPROACH-BLIND'
10, 9483, 40.99909118706195, 40.99909118706195, 'APPROACH-BLIND'
10, 9484, 40.99913883568654, 40.99913883568654, 'APPROACH-BLIND'
10, 9485, 40.999186484311124, 40.999186484311124, 'APPROACH-BLIND'
10, 9486, 40.9992018124912, 40.9992018124912, 'APPROACH-BLIND'
10, 9487, 40.99921714067128, 40.99921714067128, 'APPROACH-BLIND'
10, 9488, 40.99923246885135, 40.99923246885135, 'APPROACH-BLIND'
10, 9489, 40.99924779703143, 40.99924779703143, 'APPROACH-BLIND'
10, 9490, 40.999263125211506, 40.999263125211506, 'APPROACH-BLIND'
10, 9491, 40.99927845339158, 40.99927845339158, 'APPROACH-BLIND'
10, 9492, 40.99929378157166, 40.99929378157166, 'APPROACH-BLIND'
10, 9493, 40.999309109751735, 40.999309109751735, 'APPROACH-BLIND'
10, 9494, 40.99932443793181, 40.99932443793181, 'APPROACH-BLIND'
10, 9495, 40.99933976611189, 40.99933976611189, 'APPROACH-BLIND'
10, 9496, 40.999355094291964, 40.999355094291964, 'APPROACH-BLIND'
10, 9497, 40.99937042247204, 40.99937042247204, 'APPROACH-BLIND'
10, 9498, 40.99938575065212, 40.99938575065212, 'APPROACH-BLIND'
10, 9499, 40.99940107883219, 40.99940107883219, 'APPROACH-BLIND'
10, 9500, 40.99941640701227, 40.99941640701227, 'APPROACH-BLIND'
10, 9501, 40.999431735192346, 40.999431735192346, 'APPROACH-BLIND'
10, 9502, 40.99944706337242, 40.99944706337242, 'APPROACH-BLIND'
10, 9503, 40.9994623915525, 40.9994623915525, 'APPROACH-BLIND'
10, 9504, 40.999477719732575, 40.999477719732575, 'APPROACH-BLIND'
10, 9505, 40.99949304791265, 40.99949304791265, 'APPROACH-BLIND'
10, 9506, 40.99950837609273, 40.99950837609273, 'APPROACH-BLIND'
10, 9507, 40.999523704272804, 40.999523704272804, 'APPROACH-BLIND'
10, 9508, 40.99953903245288, 40.99953903245288, 'APPROACH-BLIND'
10, 9509, 40.999554360632956, 40.999554360632956, 'APPROACH-BLIND'
10, 9510, 40.999569688813025, 40.999569688813025, 'APPROACH-BLIND'
10, 9511, 40.9995850169931, 40.9995850169931, 'APPROACH-BLIND'
10, 9512, 40.99960034517317, 40.99960034517317, 'APPROACH-BLIND'
10, 9513, 40.99961567335325, 40.99961567335325, 'APPROACH-BLIND'
10, 9514, 40.99963100153332, 40.99963100153332, 'APPROACH-BLIND'
10, 9515, 40.99964632971339, 40.99964632971339, 'APPROACH-BLIND'
10, 9516, 40.99966165789346, 40.99966165789346, 'APPROACH-BLIND'
10, 9517, 40.99967698607354, 40.99967698607354, 'APPROACH-BLIND'
10, 9518, 40.99969231425361, 40.99969231425361, 'APPROACH-BLIND'
10, 9519, 40.999707642433684, 40.999707642433684, 'APPROACH-STEALTH'
10, 9520, 40.99972297061375, 40.99972297061375, 'APPROACH-STEALTH'
10, 9521, 40.99973829879383, 40.99973829879383, 'APPROACH-STEALTH'
10, 9522, 41.024837781398745, 41.024837781398745, 'APPROACH-STEALTH'
10, 9523, 41.04993726400366, 41.04993726400366, 'APPROACH-STEALTH'
10, 9524, 41.075036746608575, 41.075036746608575, 'APPROACH-STEALTH'
10, 9525, 41.10013622921349, 41.10013622921349, 'APPROACH-STEALTH'
10, 9526, 41.125235711818405, 41.125235711818405, 'APPROACH-STEALTH'
10, 9527, 41.15033519442332, 41.15033519442332, 'APPROACH-STEALTH'
10, 9528, 41.175434677028235, 41.175434677028235, 'APPROACH-STEALTH'
10, 9529, 41.20053415963315, 41.20053415963315, 'APPROACH-STEALTH'
10, 9530, 41.225633642238066, 41.225633642238066, 'APPROACH-STEALTH'
10, 9531, 41.25073312484298, 41.25073312484298, 'APPROACH-STEALTH'
10, 9532, 41.275832607447896, 41.275832607447896, 'APPROACH-STEALTH'
10, 9533, 41.30093209005281, 41.30093209005281, 'APPROACH-STEALTH'
10, 9534, 41.326031572657726, 41.326031572657726, 'APPROACH-STEALTH'
10, 9535, 41.35113105526264, 41.35113105526264, 'APPROACH-STEALTH'
10, 9536, 41.376230537867556, 41.376230537867556, 'APPROACH-STEALTH'
10, 9537, 41.40133002047247, 41.40133002047247, 'APPROACH-STEALTH'
10, 9538, 41.42642950307739, 41.42642950307739, 'APPROACH-STEALTH'
10, 9539, 41.4515289856823, 41.4515289856823, 'APPROACH-STEALTH'
10, 9540, 41.47662846828722, 41.47662846828722, 'APPROACH-BLIND'
10, 9541, 41.50172795089213, 41.50172795089213, 'APPROACH-BLIND'
10, 9542, 41.5121121157821, 41.5121121157821, 'APPROACH-BLIND'
10, 9543, 41.52249628067207, 41.52249628067207, 'APPROACH-BLIND'
10, 9544, 41.53288044556204, 41.53288044556204, 'APPROACH-BLIND'
10, 9545, 41.54326461045201, 41.54326461045201, 'APPROACH-BLIND'
10, 9546, 41.55364877534198, 41.55364877534198, 'APPROACH-BLIND'
10, 9547, 41.564032940231954, 41.564032940231954, 'APPROACH-BLIND'
10, 9548, 41.574417105121924, 41.574417105121924, 'APPROACH-BLIND'
10, 9549, 41.584801270011894, 41.584801270011894, 'APPROACH-BLIND'
10, 9550, 41.595185434901865, 41.595185434901865, 'APPROACH-BLIND'
10, 9551, 41.605569599791835, 41.605569599791835, 'APPROACH-BLIND'
10, 9552, 41.615953764681805, 41.615953764681805, 'APPROACH-BLIND'
10, 9553, 41.626337929571775, 41.626337929571775, 'APPROACH-BLIND'
10, 9554, 41.636722094461746, 41.636722094461746, 'APPROACH-BLIND'
10, 9555, 41.647106259351716, 41.647106259351716, 'APPROACH-BLIND'
10, 9556, 41.657490424241686, 41.657490424241686, 'APPROACH-BLIND'
10, 9557, 41.66787458913166, 41.66787458913166, 'APPROACH-BLIND'
10, 9558, 41.67825875402163, 41.67825875402163, 'APPROACH-BLIND'
10, 9559, 41.6886429189116, 41.6886429189116, 'APPROACH-BLIND'
10, 9560, 41.69902708380157, 41.69902708380157, 'APPROACH-BLIND'
10, 9561, 41.70941124869154, 41.70941124869154, 'APPROACH-BLIND'
10, 9562, 41.71979541358151, 41.71979541358151, 'PURSUE'
10, 9563, 41.73017957847148, 41.73017957847148, 'PURSUE'
10, 9564, 41.74056374336145, 41.74056374336145, 'PURSUE'
10, 9565, 41.75094790825142, 41.75094790825142, 'PURSUE'
10, 9566, 41.76133207314139, 41.76133207314139, 'PURSUE'
10, 9567, 41.77171623803136, 41.77171623803136, 'PURSUE'
10, 9568, 41.78210040292133, 41.78210040292133, 'PURSUE'
10, 9569, 41.7924845678113, 41.7924845678113, 'PURSUE'
10, 9570, 41.80286873270127, 41.80286873270127, 'PURSUE'
10, 9571, 41.80651423786536, 41.80651423786536, 'PURSUE'
10, 9572, 41.810159743029445, 41.810159743029445, 'PURSUE'
10, 9573, 41.81380524819353, 41.81380524819353, 'PURSUE'
10, 9574, 41.81745075335762, 41.81745075335762, 'PURSUE'
10, 9575, 41.821096258521706, 41.821096258521706, 'APPROACH-BLIND'
10, 9576, 41.82474176368579, 41.82474176368579, 'APPROACH-BLIND'
10, 9577, 41.82838726884988, 41.82838726884988, 'APPROACH-BLIND'
10, 9578, 41.83203277401397, 41.83203277401397, 'APPROACH-BLIND'
10, 9579, 41.835678279178055, 41.835678279178055, 'APPROACH-BLIND'
10, 9580, 41.83932378434214, 41.83932378434214, 'APPROACH-BLIND'
10, 9581, 41.84296928950623, 41.84296928950623, 'APPROACH-BLIND'
10, 9582, 41.846614794670316, 41.846614794670316, 'APPROACH-BLIND'
10, 9583, 41.8502602998344, 41.8502602998344, 'APPROACH-BLIND'
10, 9584, 41.85390580499849, 41.85390580499849, 'APPROACH-BLIND'
10, 9585, 41.857551310162584, 41.857551310162584, 'APPROACH-BLIND'
10, 9586, 41.86119681532667, 41.86119681532667, 'APPROACH-BLIND'
10, 9587, 41.864842320490766, 41.864842320490766, 'APPROACH-BLIND'
10, 9588, 41.86848782565485, 41.86848782565485, 'APPROACH-STEALTH'
10, 9589, 41.87213333081895, 41.87213333081895, 'APPROACH-STEALTH'
10, 9590, 41.875778835983034, 41.875778835983034, 'APPROACH-STEALTH'
10, 9591, 41.87942434114713, 41.87942434114713, 'APPROACH-STEALTH'
10, 9592, 41.883069846311216, 41.883069846311216, 'APPROACH-STEALTH'
10, 9593, 41.88671535147531, 41.88671535147531, 'APPROACH-STEALTH'
10, 9594, 41.8903608566394, 41.8903608566394, 'APPROACH-STEALTH'
10, 9595, 41.89400636180349, 41.89400636180349, 'APPROACH-STEALTH'
10, 9596, 41.89765186696758, 41.89765186696758, 'APPROACH-STEALTH'
10, 9597, 41.90129737213167, 41.90129737213167, 'APPROACH-STEALTH'
10, 9598, 41.90494287729576, 41.90494287729576, 'APPROACH-STEALTH'
10, 9599, 41.908588382459854, 41.908588382459854, 'APPROACH-STEALTH'
10, 9600, 41.91223388762394, 41.91223388762394, 'APPROACH-BLIND'
10, 9601, 41.915879392788035, 41.915879392788035, 'APPROACH-BLIND'
10, 9602, 41.91952489795212, 41.91952489795212, 'APPROACH-BLIND'
10, 9603, 41.92317040311622, 41.92317040311622, 'APPROACH-BLIND'
10, 9604, 41.926815908280304, 41.926815908280304, 'APPROACH-BLIND'
10, 9605, 41.9304614134444, 41.9304614134444, 'APPROACH-BLIND'
10, 9606, 41.934106918608485, 41.934106918608485, 'APPROACH-BLIND'
10, 9607, 41.959275700785085, 41.959275700785085, 'APPROACH-BLIND'
10, 9608, 41.984444482961685, 41.984444482961685, 'APPROACH-BLIND'
10, 9609, 42.009613265138285, 42.009613265138285, 'APPROACH-BLIND'
10, 9610, 42.034782047314884, 42.034782047314884, 'APPROACH-BLIND'
10, 9611, 42.059950829491484, 42.059950829491484, 'APPROACH-BLIND'
10, 9612, 42.085119611668084, 42.085119611668084, 'APPROACH-BLIND'
10, 9613, 42.110288393844684, 42.110288393844684, 'APPROACH-BLIND'
10, 9614, 42.13545717602128, 42.13545717602128, 'APPROACH-BLIND'
10, 9615, 42.16062595819788, 42.16062595819788, 'APPROACH-BLIND'
10, 9616, 42.18579474037448, 42.18579474037448, 'APPROACH-BLIND'
10, 9617, 42.21096352255108, 42.21096352255108, 'APPROACH-BLIND'
10, 9618, 42.23613230472768, 42.23613230472768, 'APPROACH-BLIND'
10, 9619, 42.26130108690428, 42.26130108690428, 'APPROACH-BLIND'
10, 9620, 42.28646986908088, 42.28646986908088, 'APPROACH-STEALTH'
10, 9621, 42.31163865125748, 42.31163865125748, 'APPROACH-STEALTH'
10, 9622, 42.33680743343408, 42.33680743343408, 'APPROACH-STEALTH'
10, 9623, 42.36197621561068, 42.36197621561068, 'APPROACH-STEALTH'
10, 9624, 42.38714499778728, 42.38714499778728, 'APPROACH-STEALTH'
10, 9625, 42.41231377996388, 42.41231377996388, 'APPROACH-STEALTH'
10, 9626, 42.43748256214048, 42.43748256214048, 'APPROACH-STEALTH'
10, 9627, 42.46265134431708, 42.46265134431708, 'APPROACH-STEALTH'
10, 9628, 42.48782012649368, 42.48782012649368, 'APPROACH-BLIND'
10, 9629, 42.51298890867028, 42.51298890867028, 'APPROACH-BLIND'
10, 9630, 42.54044741119897, 42.54044741119897, 'APPROACH-BLIND'
10, 9631, 42.56790591372766, 42.56790591372766, 'APPROACH-BLIND'
10, 9632, 42.595364416256345, 42.595364416256345, 'APPROACH-BLIND'
10, 9633, 42.62282291878503, 42.62282291878503, 'APPROACH-BLIND'
10, 9634, 42.65028142131372, 42.65028142131372, 'APPROACH-BLIND'
10, 9635, 42.67773992384241, 42.67773992384241, 'APPROACH-BLIND'
10, 9636, 42.7051984263711, 42.7051984263711, 'APPROACH-STEALTH'
10, 9637, 42.732656928899786, 42.732656928899786, 'APPROACH-BLIND'
10, 9638, 42.760115431428474, 42.760115431428474, 'APPROACH-STEALTH'
10, 9639, 42.78757393395716, 42.78757393395716, 'APPROACH-BLIND'
10, 9640, 42.81503243648585, 42.81503243648585, 'APPROACH-STEALTH'
10, 9641, 42.84249093901454, 42.84249093901454, 'APPROACH-BLIND'
10, 9642, 42.86994944154323, 42.86994944154323, 'APPROACH-STEALTH'
10, 9643, 42.897407944071915, 42.897407944071915, 'APPROACH-BLIND'
10, 9644, 42.9248664466006, 42.9248664466006, 'APPROACH-STEALTH'
10, 9645, 42.95232494912929, 42.95232494912929, 'APPROACH-BLIND'
10, 9646, 42.97978345165798, 42.97978345165798, 'APPROACH-STEALTH'
10, 9647, 43.00724195418667, 43.00724195418667, 'APPROACH-BLIND'
10, 9648, 43.034700456715356, 43.034700456715356, 'APPROACH-STEALTH'
10, 9649, 43.062158959244044, 43.062158959244044, 'APPROACH-BLIND'
10, 9650, 43.08961746177273, 43.08961746177273, 'APPROACH-STEALTH'
10, 9651, 43.11707596430142, 43.11707596430142, 'APPROACH-BLIND'
10, 9652, 43.14453446683011, 43.14453446683011, 'APPROACH-BLIND'
10, 9653, 43.1719929693588, 43.1719929693588, 'APPROACH-BLIND'
10, 9654, 43.199451471887485, 43.199451471887485, 'APPROACH-BLIND'
10, 9655, 43.226909974416174, 43.226909974416174, 'APPROACH-BLIND'
10, 9656, 43.25436847694486, 43.25436847694486, 'APPROACH-BLIND'
10, 9657, 43.28182697947355, 43.28182697947355, 'APPROACH-BLIND'
10, 9658, 43.30928548200224, 43.30928548200224, 'APPROACH-BLIND'
10, 9659, 43.336743984530926, 43.336743984530926, 'APPROACH-BLIND'
10, 9660, 43.364202487059615, 43.364202487059615, 'APPROACH-BLIND'
10, 9661, 43.3916609895883, 43.3916609895883, 'APPROACH-BLIND'
10, 9662, 43.41911949211699, 43.41911949211699, 'APPROACH-BLIND'
10, 9663, 43.44657799464568, 43.44657799464568, 'APPROACH-STEALTH'
10, 9664, 43.47403649717437, 43.47403649717437, 'PURSUE'
10, 9665, 43.501494999703056, 43.501494999703056, 'PURSUE'
10, 9666, 43.51316983073587, 43.51316983073587, 'APPROACH-STEALTH'
10, 9667, 43.52484466176868, 43.52484466176868, 'APPROACH-STEALTH'
10, 9668, 43.536519492801496, 43.536519492801496, 'APPROACH-STEALTH'
10, 9669, 43.54819432383431, 43.54819432383431, 'APPROACH-STEALTH'
10, 9670, 43.55986915486712, 43.55986915486712, 'APPROACH-STEALTH'
10, 9671, 43.571543985899936, 43.571543985899936, 'APPROACH-STEALTH'
10, 9672, 43.58321881693275, 43.58321881693275, 'APPROACH-STEALTH'
10, 9673, 43.59489364796556, 43.59489364796556, 'APPROACH-STEALTH'
10, 9674, 43.606568478998376, 43.606568478998376, 'APPROACH-STEALTH'
10, 9675, 43.61824331003119, 43.61824331003119, 'APPROACH-STEALTH'
10, 9676, 43.629918141064, 43.629918141064, 'APPROACH-STEALTH'
10, 9677, 43.64159297209682, 43.64159297209682, 'APPROACH-STEALTH'
10, 9678, 43.65326780312963, 43.65326780312963, 'APPROACH-STEALTH'
10, 9679, 43.66494263416244, 43.66494263416244, 'APPROACH-STEALTH'
10, 9680, 43.67661746519526, 43.67661746519526, 'APPROACH-STEALTH'
10, 9681, 43.68829229622807, 43.68829229622807, 'APPROACH-STEALTH'
10, 9682, 43.699967127260884, 43.699967127260884, 'APPROACH-STEALTH'
10, 9683, 43.7116419582937, 43.7116419582937, 'APPROACH-STEALTH'
10, 9684, 43.72331678932651, 43.72331678932651, 'APPROACH-STEALTH'
10, 9685, 43.734991620359324, 43.734991620359324, 'APPROACH-STEALTH'
10, 9686, 43.74666645139214, 43.74666645139214, 'APPROACH-STEALTH'
10, 9687, 43.75834128242495, 43.75834128242495, 'APPROACH-STEALTH'
10, 9688, 43.770016113457764, 43.770016113457764, 'APPROACH-BLIND'
10, 9689, 43.79577431117754, 43.79577431117754, 'APPROACH-STEALTH'
10, 9690, 43.82153250889731, 43.82153250889731, 'APPROACH-STEALTH'
10, 9691, 43.84729070661709, 43.84729070661709, 'APPROACH-STEALTH'
10, 9692, 43.87304890433686, 43.87304890433686, 'APPROACH-STEALTH'
10, 9693, 43.89880710205664, 43.89880710205664, 'APPROACH-STEALTH'
10, 9694, 43.92456529977641, 43.92456529977641, 'APPROACH-STEALTH'
10, 9695, 43.950323497496186, 43.950323497496186, 'APPROACH-STEALTH'
10, 9696, 43.97608169521596, 43.97608169521596, 'APPROACH-BLIND'
10, 9697, 44.001839892935735, 44.001839892935735, 'APPROACH-BLIND'
10, 9698, 44.02759809065551, 44.02759809065551, 'APPROACH-BLIND'
10, 9699, 44.053356288375284, 44.053356288375284, 'APPROACH-BLIND'
10, 9700, 44.07911448609506, 44.07911448609506, 'APPROACH-BLIND'
10, 9701, 44.10487268381483, 44.10487268381483, 'APPROACH-BLIND'
10, 9702, 44.13063088153461, 44.13063088153461, 'APPROACH-BLIND'
10, 9703, 44.15638907925438, 44.15638907925438, 'APPROACH-BLIND'
10, 9704, 44.182147276974156, 44.182147276974156, 'APPROACH-BLIND'
10, 9705, 44.20790547469393, 44.20790547469393, 'APPROACH-BLIND'
10, 9706, 44.233663672413705, 44.233663672413705, 'APPROACH-STEALTH'
10, 9707, 44.25942187013348, 44.25942187013348, 'APPROACH-STEALTH'
10, 9708, 44.285180067853254, 44.285180067853254, 'APPROACH-STEALTH'
10, 9709, 44.31093826557303, 44.31093826557303, 'APPROACH-STEALTH'
10, 9710, 44.3366964632928, 44.3366964632928, 'APPROACH-STEALTH'
10, 9711, 44.36245466101258, 44.36245466101258, 'APPROACH-STEALTH'
10, 9712, 44.38821285873235, 44.38821285873235, 'APPROACH-STEALTH'
10, 9713, 44.41397105645213, 44.41397105645213, 'APPROACH-STEALTH'
10, 9714, 44.4397292541719, 44.4397292541719, 'APPROACH-STEALTH'
10, 9715, 44.465487451891676, 44.465487451891676, 'APPROACH-STEALTH'
10, 9716, 44.49124564961145, 44.49124564961145, 'APPROACH-STEALTH'
10, 9717, 44.517003847331225, 44.517003847331225, 'APPROACH-STEALTH'
10, 9718, 44.544544616290814, 44.544544616290814, 'APPROACH-STEALTH'
10, 9719, 44.5720853852504, 44.5720853852504, 'APPROACH-STEALTH'
10, 9720, 44.59962615420999, 44.59962615420999, 'APPROACH-STEALTH'
10, 9721, 44.62716692316958, 44.62716692316958, 'APPROACH-STEALTH'
10, 9722, 44.65470769212917, 44.65470769212917, 'APPROACH-STEALTH'
10, 9723, 44.68224846108876, 44.68224846108876, 'APPROACH-STEALTH'
10, 9724, 44.70978923004835, 44.70978923004835, 'APPROACH-STEALTH'
10, 9725, 44.73732999900794, 44.73732999900794, 'APPROACH-STEALTH'
10, 9726, 44.76487076796753, 44.76487076796753, 'APPROACH-STEALTH'
10, 9727, 44.79241153692712, 44.79241153692712, 'APPROACH-STEALTH'
10, 9728, 44.81995230588671, 44.81995230588671, 'APPROACH-STEALTH'
10, 9729, 44.8474930748463, 44.8474930748463, 'APPROACH-STEALTH'
10, 9730, 44.87503384380589, 44.87503384380589, 'APPROACH-STEALTH'
10, 9731, 44.90257461276548, 44.90257461276548, 'APPROACH-STEALTH'
10, 9732, 44.93011538172507, 44.93011538172507, 'APPROACH-STEALTH'
10, 9733, 44.957656150684656, 44.957656150684656, 'APPROACH-STEALTH'
10, 9734, 44.985196919644245, 44.985196919644245, 'APPROACH-STEALTH'
10, 9735, 45.012737688603835, 45.012737688603835, 'APPROACH-STEALTH'
10, 9736, 45.040278457563424, 45.040278457563424, 'APPROACH-STEALTH'
10, 9737, 45.067819226523014, 45.067819226523014, 'APPROACH-STEALTH'
10, 9738, 45.0953599954826, 45.0953599954826, 'APPROACH-STEALTH'
10, 9739, 45.12290076444219, 45.12290076444219, 'APPROACH-STEALTH'
10, 9740, 45.15044153340178, 45.15044153340178, 'APPROACH-STEALTH'
10, 9741, 45.17798230236137, 45.17798230236137, 'APPROACH-STEALTH'
10, 9742, 45.20552307132096, 45.20552307132096, 'APPROACH-STEALTH'
10, 9743, 45.23306384028055, 45.23306384028055, 'APPROACH-STEALTH'
10, 9744, 45.26060460924014, 45.26060460924014, 'APPROACH-STEALTH'
10, 9745, 45.28814537819973, 45.28814537819973, 'APPROACH-STEALTH'
10, 9746, 45.31568614715932, 45.31568614715932, 'APPROACH-STEALTH'
10, 9747, 45.34322691611891, 45.34322691611891, 'APPROACH-STEALTH'
10, 9748, 45.3707676850785, 45.3707676850785, 'APPROACH-STEALTH'
10, 9749, 45.39830845403809, 45.39830845403809, 'APPROACH-STEALTH'
10, 9750, 45.42584922299767, 45.42584922299767, 'APPROACH-STEALTH'
10, 9751, 45.45338999195725, 45.45338999195725, 'APPROACH-STEALTH'
10, 9752, 45.480930760916834, 45.480930760916834, 'APPROACH-STEALTH'
10, 9753, 45.50847152987642, 45.50847152987642, 'APPROACH-STEALTH'
10, 9754, 45.53622327167114, 45.53622327167114, 'APPROACH-STEALTH'
10, 9755, 45.563975013465864, 45.563975013465864, 'APPROACH-STEALTH'
10, 9756, 45.59172675526059, 45.59172675526059, 'APPROACH-STEALTH'
10, 9757, 45.61947849705531, 45.61947849705531, 'APPROACH-STEALTH'
10, 9758, 45.647230238850035, 45.647230238850035, 'APPROACH-STEALTH'
10, 9759, 45.67498198064476, 45.67498198064476, 'APPROACH-STEALTH'
10, 9760, 45.70273372243948, 45.70273372243948, 'APPROACH-STEALTH'
10, 9761, 45.73048546423421, 45.73048546423421, 'APPROACH-STEALTH'
10, 9762, 45.75823720602893, 45.75823720602893, 'APPROACH-STEALTH'
10, 9763, 45.785988947823654, 45.785988947823654, 'APPROACH-STEALTH'
10, 9764, 45.81374068961838, 45.81374068961838, 'APPROACH-STEALTH'
10, 9765, 45.8414924314131, 45.8414924314131, 'APPROACH-STEALTH'
10, 9766, 45.869244173207825, 45.869244173207825, 'APPROACH-BLIND'
10, 9767, 45.89699591500255, 45.89699591500255, 'APPROACH-BLIND'
10, 9768, 45.910871785899914, 45.910871785899914, 'APPROACH-STEALTH'
10, 9769, 45.92474765679728, 45.92474765679728, 'APPROACH-STEALTH'
10, 9770, 45.938623527694645, 45.938623527694645, 'APPROACH-STEALTH'
10, 9771, 45.95249939859201, 45.95249939859201, 'APPROACH-STEALTH'
10, 9772, 45.966375269489376, 45.966375269489376, 'APPROACH-STEALTH'
10, 9773, 45.98025114038674, 45.98025114038674, 'APPROACH-STEALTH'
10, 9774, 45.99412701128411, 45.99412701128411, 'APPROACH-STEALTH'
10, 9775, 46.00800288218147, 46.00800288218147, 'APPROACH-STEALTH'
10, 9776, 46.02187875307884, 46.02187875307884, 'APPROACH-STEALTH'
10, 9777, 46.0357546239762, 46.0357546239762, 'APPROACH-STEALTH'
10, 9778, 46.04963049487357, 46.04963049487357, 'APPROACH-STEALTH'
10, 9779, 46.063506365770934, 46.063506365770934, 'APPROACH-STEALTH'
10, 9780, 46.0773822366683, 46.0773822366683, 'APPROACH-STEALTH'
10, 9781, 46.091258107565665, 46.091258107565665, 'APPROACH-STEALTH'
10, 9782, 46.10513397846303, 46.10513397846303, 'APPROACH-STEALTH'
10, 9783, 46.119009849360395, 46.119009849360395, 'APPROACH-STEALTH'
10, 9784, 46.13288572025776, 46.13288572025776, 'APPROACH-STEALTH'
10, 9785, 46.146761591155126, 46.146761591155126, 'APPROACH-STEALTH'
10, 9786, 46.16063746205249, 46.16063746205249, 'APPROACH-STEALTH'
10, 9787, 46.17451333294986, 46.17451333294986, 'APPROACH-STEALTH'
10, 9788, 46.18838920384722, 46.18838920384722, 'APPROACH-STEALTH'
10, 9789, 46.20226507474459, 46.20226507474459, 'APPROACH-STEALTH'
10, 9790, 46.21614094564195, 46.21614094564195, 'APPROACH-STEALTH'
10, 9791, 46.23001681653932, 46.23001681653932, 'APPROACH-STEALTH'
10, 9792, 46.243892687436684, 46.243892687436684, 'APPROACH-STEALTH'
10, 9793, 46.25776855833405, 46.25776855833405, 'APPROACH-STEALTH'
10, 9794, 46.271644429231415, 46.271644429231415, 'APPROACH-STEALTH'
10, 9795, 46.28552030012878, 46.28552030012878, 'APPROACH-STEALTH'
10, 9796, 46.299396171026146, 46.299396171026146, 'APPROACH-STEALTH'
10, 9797, 46.31327204192351, 46.31327204192351, 'APPROACH-STEALTH'
10, 9798, 46.32714791282088, 46.32714791282088, 'APPROACH-STEALTH'
10, 9799, 46.34102378371824, 46.34102378371824, 'APPROACH-STEALTH'
10, 9800, 46.35489965461561, 46.35489965461561, 'APPROACH-STEALTH'
10, 9801, 46.36877552551297, 46.36877552551297, 'APPROACH-STEALTH'
10, 9802, 46.38265139641034, 46.38265139641034, 'APPROACH-STEALTH'
10, 9803, 46.396527267307704, 46.396527267307704, 'APPROACH-STEALTH'
10, 9804, 46.41040313820507, 46.41040313820507, 'APPROACH-STEALTH'
10, 9805, 46.424279009102435, 46.424279009102435, 'APPROACH-STEALTH'
10, 9806, 46.4381548799998, 46.4381548799998, 'APPROACH-STEALTH'
10, 9807, 46.452030750897165, 46.452030750897165, 'APPROACH-STEALTH'
10, 9808, 46.46590662179453, 46.46590662179453, 'APPROACH-STEALTH'
10, 9809, 46.479782492691896, 46.479782492691896, 'APPROACH-STEALTH'
10, 9810, 46.49365836358926, 46.49365836358926, 'APPROACH-STEALTH'
10, 9811, 46.50753423448663, 46.50753423448663, 'APPROACH-STEALTH'
10, 9812, 46.51356651938405, 46.51356651938405, 'APPROACH-STEALTH'
10, 9813, 46.51959880428147, 46.51959880428147, 'APPROACH-STEALTH'
10, 9814, 46.525631089178894, 46.525631089178894, 'APPROACH-STEALTH'
10, 9815, 46.53166337407632, 46.53166337407632, 'APPROACH-STEALTH'
10, 9816, 46.53769565897374, 46.53769565897374, 'APPROACH-STEALTH'
10, 9817, 46.54372794387116, 46.54372794387116, 'APPROACH-STEALTH'
10, 9818, 46.549760228768584, 46.549760228768584, 'APPROACH-STEALTH'
10, 9819, 46.555792513666006, 46.555792513666006, 'APPROACH-STEALTH'
10, 9820, 46.56182479856343, 46.56182479856343, 'APPROACH-STEALTH'
10, 9821, 46.56785708346085, 46.56785708346085, 'APPROACH-STEALTH'
10, 9822, 46.57388936835827, 46.57388936835827, 'APPROACH-STEALTH'
10, 9823, 46.579921653255695, 46.579921653255695, 'APPROACH-STEALTH'
10, 9824, 46.58595393815312, 46.58595393815312, 'APPROACH-STEALTH'
10, 9825, 46.59198622305054, 46.59198622305054, 'APPROACH-STEALTH'
10, 9826, 46.59801850794796, 46.59801850794796, 'APPROACH-STEALTH'
10, 9827, 46.604050792845385, 46.604050792845385, 'APPROACH-STEALTH'
10, 9828, 46.61008307774281, 46.61008307774281, 'APPROACH-STEALTH'
10, 9829, 46.62214764753765, 46.62214764753765, 'APPROACH-BLIND'
10, 9830, 46.634212217332504, 46.634212217332504, 'APPROACH-BLIND'
10, 9831, 46.64627678712735, 46.64627678712735, 'APPROACH-BLIND'
10, 9832, 46.6583413569222, 46.6583413569222, 'APPROACH-BLIND'
10, 9833, 46.670405926717045, 46.670405926717045, 'APPROACH-STEALTH'
10, 9834, 46.6824704965119, 46.6824704965119, 'APPROACH-STEALTH'
10, 9835, 46.69453506630674, 46.69453506630674, 'APPROACH-STEALTH'
10, 9836, 46.70659963610159, 46.70659963610159, 'APPROACH-STEALTH'
10, 9837, 46.71866420589644, 46.71866420589644, 'APPROACH-STEALTH'
10, 9838, 46.73072877569129, 46.73072877569129, 'APPROACH-STEALTH'
10, 9839, 46.742793345486135, 46.742793345486135, 'APPROACH-STEALTH'
10, 9840, 46.754857915280986, 46.754857915280986, 'APPROACH-STEALTH'
10, 9841, 46.76692248507583, 46.76692248507583, 'APPROACH-STEALTH'
10, 9842, 46.79278409558948, 46.79278409558948, 'APPROACH-STEALTH'
10, 9843, 46.81864570610313, 46.81864570610313, 'APPROACH-STEALTH'
10, 9844, 46.844507316616784, 46.844507316616784, 'APPROACH-STEALTH'
10, 9845, 46.870368927130436, 46.870368927130436, 'APPROACH-STEALTH'
10, 9846, 46.89623053764409, 46.89623053764409, 'APPROACH-STEALTH'
10, 9847, 46.92209214815774, 46.92209214815774, 'APPROACH-STEALTH'
10, 9848, 46.94795375867139, 46.94795375867139, 'APPROACH-BLIND'
10, 9849, 46.97381536918504, 46.97381536918504, 'APPROACH-STEALTH'
10, 9850, 46.99967697969869, 46.99967697969869, 'APPROACH-BLIND'
10, 9851, 47.02553859021234, 47.02553859021234, 'APPROACH-STEALTH'
10, 9852, 47.05140020072599, 47.05140020072599, 'APPROACH-BLIND'
10, 9853, 47.077261811239644, 47.077261811239644, 'APPROACH-BLIND'
10, 9854, 47.103123421753295, 47.103123421753295, 'APPROACH-BLIND'
10, 9855, 47.12898503226695, 47.12898503226695, 'APPROACH-BLIND'
10, 9856, 47.1548466427806, 47.1548466427806, 'APPROACH-BLIND'
10, 9857, 47.18070825329425, 47.18070825329425, 'APPROACH-STEALTH'
10, 9858, 47.2065698638079, 47.2065698638079, 'APPROACH-STEALTH'
10, 9859, 47.23243147432155, 47.23243147432155, 'APPROACH-STEALTH'
10, 9860, 47.2582930848352, 47.2582930848352, 'APPROACH-STEALTH'
10, 9861, 47.28415469534885, 47.28415469534885, 'APPROACH-BLIND'
10, 9862, 47.310016305862504, 47.310016305862504, 'APPROACH-BLIND'
10, 9863, 47.335877916376155, 47.335877916376155, 'APPROACH-BLIND'
10, 9864, 47.36173952688981, 47.36173952688981, 'APPROACH-BLIND'
10, 9865, 47.38760113740346, 47.38760113740346, 'APPROACH-BLIND'
10, 9866, 47.40053194266029, 47.40053194266029, 'APPROACH-STEALTH'
10, 9867, 47.413462747917116, 47.413462747917116, 'APPROACH-STEALTH'
10, 9868, 47.426393553173945, 47.426393553173945, 'APPROACH-STEALTH'
10, 9869, 47.439324358430774, 47.439324358430774, 'APPROACH-STEALTH'
10, 9870, 47.4522551636876, 47.4522551636876, 'APPROACH-STEALTH'
10, 9871, 47.46518596894443, 47.46518596894443, 'APPROACH-STEALTH'
10, 9872, 47.47811677420126, 47.47811677420126, 'APPROACH-STEALTH'
10, 9873, 47.49104757945809, 47.49104757945809, 'APPROACH-STEALTH'
10, 9874, 47.50397838471492, 47.50397838471492, 'APPROACH-STEALTH'
10, 9875, 47.50930502550883, 47.50930502550883, 'APPROACH-STEALTH'
10, 9876, 47.51463166630274, 47.51463166630274, 'APPROACH-STEALTH'
10, 9877, 47.51995830709665, 47.51995830709665, 'APPROACH-STEALTH'
10, 9878, 47.53061158868447, 47.53061158868447, 'APPROACH-BLIND'
10, 9879, 47.54126487027229, 47.54126487027229, 'APPROACH-BLIND'
10, 9880, 47.551918151860114, 47.551918151860114, 'APPROACH-BLIND'
10, 9881, 47.562571433447935, 47.562571433447935, 'APPROACH-BLIND'
10, 9882, 47.57322471503576, 47.57322471503576, 'APPROACH-BLIND'
10, 9883, 47.58387799662358, 47.58387799662358, 'APPROACH-BLIND'
10, 9884, 47.5945312782114, 47.5945312782114, 'APPROACH-BLIND'
10, 9885, 47.60518455979922, 47.60518455979922, 'APPROACH-BLIND'
10, 9886, 47.61583784138704, 47.61583784138704, 'APPROACH-BLIND'
10, 9887, 47.62649112297486, 47.62649112297486, 'APPROACH-BLIND'
10, 9888, 47.63714440456268, 47.63714440456268, 'APPROACH-BLIND'
10, 9889, 47.647797686150504, 47.647797686150504, 'APPROACH-BLIND'
10, 9890, 47.658450967738325, 47.658450967738325, 'APPROACH-BLIND'
10, 9891, 47.669104249326146, 47.669104249326146, 'APPROACH-BLIND'
10, 9892, 47.67975753091397, 47.67975753091397, 'APPROACH-BLIND'
10, 9893, 47.69041081250179, 47.69041081250179, 'APPROACH-BLIND'
10, 9894, 47.70106409408961, 47.70106409408961, 'APPROACH-BLIND'
10, 9895, 47.71171737567743, 47.71171737567743, 'APPROACH-STEALTH'
10, 9896, 47.72237065726525, 47.72237065726525, 'APPROACH-BLIND'
10, 9897, 47.73302393885307, 47.73302393885307, 'APPROACH-BLIND'
10, 9898, 47.743677220440894, 47.743677220440894, 'APPROACH-BLIND'
10, 9899, 47.754330502028715, 47.754330502028715, 'APPROACH-BLIND'
10, 9900, 47.764983783616536, 47.764983783616536, 'APPROACH-BLIND'
10, 9901, 47.775637065204364, 47.775637065204364, 'APPROACH-BLIND'
10, 9902, 47.78629034679219, 47.78629034679219, 'APPROACH-BLIND'
10, 9903, 47.79694362838001, 47.79694362838001, 'APPROACH-BLIND'
10, 9904, 47.82267709846522, 47.82267709846522, 'APPROACH-BLIND'
10, 9905, 47.84841056855043, 47.84841056855043, 'APPROACH-BLIND'
10, 9906, 47.874144038635635, 47.874144038635635, 'APPROACH-BLIND'
10, 9907, 47.89987750872084, 47.89987750872084, 'APPROACH-BLIND'
10, 9908, 47.92561097880605, 47.92561097880605, 'APPROACH-BLIND'
10, 9909, 47.951344448891255, 47.951344448891255, 'APPROACH-BLIND'
10, 9910, 47.97707791897646, 47.97707791897646, 'APPROACH-BLIND'
10, 9911, 48.00281138906167, 48.00281138906167, 'APPROACH-BLIND'
10, 9912, 48.028544859146876, 48.028544859146876, 'APPROACH-BLIND'
10, 9913, 48.05427832923208, 48.05427832923208, 'APPROACH-BLIND'
10, 9914, 48.08001179931729, 48.08001179931729, 'APPROACH-BLIND'
10, 9915, 48.1057452694025, 48.1057452694025, 'APPROACH-STEALTH'
10, 9916, 48.131478739487704, 48.131478739487704, 'APPROACH-STEALTH'
10, 9917, 48.15721220957291, 48.15721220957291, 'APPROACH-STEALTH'
10, 9918, 48.18294567965812, 48.18294567965812, 'APPROACH-STEALTH'
10, 9919, 48.19581241470072, 48.19581241470072, 'APPROACH-STEALTH'
10, 9920, 48.20867914974332, 48.20867914974332, 'APPROACH-STEALTH'
10, 9921, 48.22154588478592, 48.22154588478592, 'APPROACH-STEALTH'
10, 9922, 48.23441261982852, 48.23441261982852, 'APPROACH-STEALTH'
10, 9923, 48.24727935487112, 48.24727935487112, 'APPROACH-STEALTH'
10, 9924, 48.26014608991372, 48.26014608991372, 'APPROACH-STEALTH'
10, 9925, 48.27301282495632, 48.27301282495632, 'APPROACH-STEALTH'
10, 9926, 48.28587955999892, 48.28587955999892, 'APPROACH-STEALTH'
10, 9927, 48.29874629504152, 48.29874629504152, 'APPROACH-STEALTH'
10, 9928, 48.31161303008412, 48.31161303008412, 'APPROACH-STEALTH'
10, 9929, 48.32447976512672, 48.32447976512672, 'APPROACH-STEALTH'
10, 9930, 48.33734650016932, 48.33734650016932, 'APPROACH-STEALTH'
10, 9931, 48.35021323521192, 48.35021323521192, 'APPROACH-STEALTH'
10, 9932, 48.36307997025452, 48.36307997025452, 'APPROACH-STEALTH'
10, 9933, 48.37594670529712, 48.37594670529712, 'APPROACH-STEALTH'
10, 9934, 48.38881344033972, 48.38881344033972, 'APPROACH-STEALTH'
10, 9935, 48.40168017538232, 48.40168017538232, 'APPROACH-STEALTH'
10, 9936, 48.41454691042492, 48.41454691042492, 'APPROACH-STEALTH'
10, 9937, 48.42741364546752, 48.42741364546752, 'APPROACH-STEALTH'
10, 9938, 48.44028038051012, 48.44028038051012, 'APPROACH-STEALTH'
10, 9939, 48.45314711555272, 48.45314711555272, 'APPROACH-STEALTH'
10, 9940, 48.46601385059532, 48.46601385059532, 'APPROACH-STEALTH'
10, 9941, 48.47888058563792, 48.47888058563792, 'APPROACH-STEALTH'
10, 9942, 48.49174732068052, 48.49174732068052, 'APPROACH-STEALTH'
10, 9943, 48.50461405572312, 48.50461405572312, 'APPROACH-STEALTH'
10, 9944, 48.50990877582237, 48.50990877582237, 'APPROACH-STEALTH'
10, 9945, 48.51520349592162, 48.51520349592162, 'APPROACH-STEALTH'
10, 9946, 48.52049821602087, 48.52049821602087, 'APPROACH-STEALTH'
10, 9947, 48.52579293612012, 48.52579293612012, 'APPROACH-STEALTH'
10, 9948, 48.53108765621937, 48.53108765621937, 'APPROACH-STEALTH'
10, 9949, 48.53638237631862, 48.53638237631862, 'APPROACH-STEALTH'
10, 9950, 48.54167709641787, 48.54167709641787, 'APPROACH-STEALTH'
10, 9951, 48.54697181651712, 48.54697181651712, 'APPROACH-STEALTH'
10, 9952, 48.55226653661637, 48.55226653661637, 'APPROACH-STEALTH'
10, 9953, 48.55756125671562, 48.55756125671562, 'APPROACH-STEALTH'
10, 9954, 48.56285597681487, 48.56285597681487, 'APPROACH-STEALTH'
10, 9955, 48.568150696914124, 48.568150696914124, 'APPROACH-STEALTH'
10, 9956, 48.573445417013374, 48.573445417013374, 'APPROACH-STEALTH'
10, 9957, 48.578740137112625, 48.578740137112625, 'APPROACH-STEALTH'
10, 9958, 48.584034857211876, 48.584034857211876, 'APPROACH-STEALTH'
10, 9959, 48.589329577311126, 48.589329577311126, 'APPROACH-STEALTH'
10, 9960, 48.59462429741038, 48.59462429741038, 'APPROACH-STEALTH'
10, 9961, 48.59991901750963, 48.59991901750963, 'APPROACH-STEALTH'
10, 9962, 48.60521373760888, 48.60521373760888, 'APPROACH-STEALTH'
10, 9963, 48.61050845770813, 48.61050845770813, 'APPROACH-STEALTH'
10, 9964, 48.61580317780738, 48.61580317780738, 'APPROACH-STEALTH'
10, 9965, 48.62109789790663, 48.62109789790663, 'APPROACH-STEALTH'
10, 9966, 48.62639261800588, 48.62639261800588, 'APPROACH-STEALTH'
10, 9967, 48.63168733810513, 48.63168733810513, 'APPROACH-STEALTH'
10, 9968, 48.63698205820438, 48.63698205820438, 'APPROACH-STEALTH'
10, 9969, 48.64227677830363, 48.64227677830363, 'APPROACH-STEALTH'
10, 9970, 48.64757149840288, 48.64757149840288, 'APPROACH-STEALTH'
10, 9971, 48.65286621850213, 48.65286621850213, 'APPROACH-STEALTH'
10, 9972, 48.658160938601384, 48.658160938601384, 'APPROACH-STEALTH'
10, 9973, 48.663455658700634, 48.663455658700634, 'APPROACH-STEALTH'
10, 9974, 48.668750378799885, 48.668750378799885, 'APPROACH-STEALTH'
10, 9975, 48.674045098899136, 48.674045098899136, 'APPROACH-STEALTH'
10, 9976, 48.679339818998386, 48.679339818998386, 'APPROACH-STEALTH'
10, 9977, 48.68463453909764, 48.68463453909764, 'APPROACH-STEALTH'
10, 9978, 48.68992925919689, 48.68992925919689, 'APPROACH-STEALTH'
10, 9979, 48.69522397929614, 48.69522397929614, 'APPROACH-STEALTH'
10, 9980, 48.70051869939539, 48.70051869939539, 'APPROACH-STEALTH'
10, 9981, 48.70581341949464, 48.70581341949464, 'APPROACH-STEALTH'
10, 9982, 48.71110813959389, 48.71110813959389, 'APPROACH-STEALTH'
10, 9983, 48.71640285969314, 48.71640285969314, 'APPROACH-STEALTH'
10, 9984, 48.72169757979239, 48.72169757979239, 'APPROACH-STEALTH'
10, 9985, 48.72699229989164, 48.72699229989164, 'APPROACH-STEALTH'
10, 9986, 48.73228701999089, 48.73228701999089, 'APPROACH-STEALTH'
10, 9987, 48.73758174009014, 48.73758174009014, 'APPROACH-STEALTH'
10, 9988, 48.74287646018939, 48.74287646018939, 'APPROACH-STEALTH'
10, 9989, 48.748171180288644, 48.748171180288644, 'APPROACH-STEALTH'
10, 9990, 48.753465900387894, 48.753465900387894, 'APPROACH-STEALTH'
10, 9991, 48.758760620487145, 48.758760620487145, 'APPROACH-STEALTH'
10, 9992, 48.764055340586395, 48.764055340586395, 'APPROACH-STEALTH'
10, 9993, 48.769350060685646, 48.769350060685646, 'APPROACH-STEALTH'
10, 9994, 48.7746447807849, 48.7746447807849, 'APPROACH-STEALTH'
10, 9995, 48.77993950088415, 48.77993950088415, 'APPROACH-STEALTH'
10, 9996, 48.7852342209834, 48.7852342209834, 'APPROACH-STEALTH'
10, 9997, 48.79052894108265, 48.79052894108265, 'APPROACH-STEALTH'
10, 9998, 48.7958236611819, 48.7958236611819, 'APPROACH-STEALTH'
10, 9999, 48.808669023487404, 48.808669023487404, 'APPROACH-STEALTH'
10, 10000, 48.82151438579291, 48.82151438579291, 'APPROACH-STEALTH'
10, 10001, 48.834359748098414, 48.834359748098414, 'APPROACH-STEALTH'
10, 10002, 48.84720511040392, 48.84720511040392, 'APPROACH-STEALTH'
10, 10003, 48.860050472709425, 48.860050472709425, 'APPROACH-STEALTH'
10, 10004, 48.87289583501493, 48.87289583501493, 'APPROACH-STEALTH'
10, 10005, 48.885741197320435, 48.885741197320435, 'APPROACH-STEALTH'
10, 10006, 48.89858655962594, 48.89858655962594, 'APPROACH-STEALTH'
10, 10007, 48.911431921931445, 48.911431921931445, 'APPROACH-STEALTH'
10, 10008, 48.92427728423695, 48.92427728423695, 'APPROACH-STEALTH'
10, 10009, 48.937122646542456, 48.937122646542456, 'APPROACH-STEALTH'
10, 10010, 48.94996800884796, 48.94996800884796, 'APPROACH-STEALTH'
10, 10011, 48.962813371153466, 48.962813371153466, 'APPROACH-STEALTH'
10, 10012, 48.97565873345897, 48.97565873345897, 'APPROACH-STEALTH'
10, 10013, 48.988504095764476, 48.988504095764476, 'APPROACH-STEALTH'
10, 10014, 49.00134945806998, 49.00134945806998, 'APPROACH-STEALTH'
10, 10015, 49.01419482037549, 49.01419482037549, 'APPROACH-STEALTH'
10, 10016, 49.02704018268099, 49.02704018268099, 'APPROACH-STEALTH'
10, 10017, 49.0398855449865, 49.0398855449865, 'APPROACH-STEALTH'
10, 10018, 49.052730907292, 49.052730907292, 'APPROACH-STEALTH'
10, 10019, 49.06557626959751, 49.06557626959751, 'APPROACH-STEALTH'
10, 10020, 49.07842163190301, 49.07842163190301, 'APPROACH-STEALTH'
10, 10021, 49.09126699420852, 49.09126699420852, 'APPROACH-STEALTH'
10, 10022, 49.10411235651402, 49.10411235651402, 'APPROACH-STEALTH'
10, 10023, 49.11695771881953, 49.11695771881953, 'APPROACH-STEALTH'
10, 10024, 49.12980308112503, 49.12980308112503, 'APPROACH-STEALTH'
10, 10025, 49.14264844343054, 49.14264844343054, 'APPROACH-STEALTH'
10, 10026, 49.15549380573604, 49.15549380573604, 'APPROACH-STEALTH'
10, 10027, 49.16833916804155, 49.16833916804155, 'APPROACH-STEALTH'
10, 10028, 49.18118453034705, 49.18118453034705, 'APPROACH-STEALTH'
10, 10029, 49.19402989265256, 49.19402989265256, 'APPROACH-STEALTH'
10, 10030, 49.206875254958064, 49.206875254958064, 'APPROACH-STEALTH'
10, 10031, 49.21972061726357, 49.21972061726357, 'APPROACH-STEALTH'
10, 10032, 49.232565979569074, 49.232565979569074, 'APPROACH-STEALTH'
10, 10033, 49.24541134187458, 49.24541134187458, 'APPROACH-STEALTH'
10, 10034, 49.258256704180084, 49.258256704180084, 'APPROACH-STEALTH'
10, 10035, 49.27110206648559, 49.27110206648559, 'APPROACH-STEALTH'
10, 10036, 49.283947428791095, 49.283947428791095, 'APPROACH-STEALTH'
10, 10037, 49.2967927910966, 49.2967927910966, 'APPROACH-STEALTH'
10, 10038, 49.309638153402105, 49.309638153402105, 'APPROACH-STEALTH'
10, 10039, 49.32248351570761, 49.32248351570761, 'APPROACH-STEALTH'
10, 10040, 49.335328878013115, 49.335328878013115, 'APPROACH-STEALTH'
10, 10041, 49.34817424031862, 49.34817424031862, 'APPROACH-STEALTH'
10, 10042, 49.361019602624125, 49.361019602624125, 'APPROACH-STEALTH'
10, 10043, 49.37386496492963, 49.37386496492963, 'APPROACH-STEALTH'
10, 10044, 49.386710327235136, 49.386710327235136, 'APPROACH-STEALTH'
10, 10045, 49.39955568954064, 49.39955568954064, 'APPROACH-STEALTH'
10, 10046, 49.412401051846146, 49.412401051846146, 'APPROACH-STEALTH'
10, 10047, 49.42524641415165, 49.42524641415165, 'APPROACH-STEALTH'
10, 10048, 49.438091776457156, 49.438091776457156, 'APPROACH-STEALTH'
10, 10049, 49.45093713876266, 49.45093713876266, 'APPROACH-STEALTH'
10, 10050, 49.46378250106817, 49.46378250106817, 'APPROACH-STEALTH'
10, 10051, 49.47662786337367, 49.47662786337367, 'APPROACH-STEALTH'
10, 10052, 49.48947322567918, 49.48947322567918, 'APPROACH-STEALTH'
10, 10053, 49.50231858798468, 49.50231858798468, 'APPROACH-STEALTH'
10, 10054, 49.51607961221166, 49.51607961221166, 'APPROACH-STEALTH'
10, 10055, 49.52984063643864, 49.52984063643864, 'APPROACH-STEALTH'
10, 10056, 49.5573626848926, 49.5573626848926, 'APPROACH-BLIND'
10, 10057, 49.58488473334656, 49.58488473334656, 'APPROACH-BLIND'
10, 10058, 49.59864575757354, 49.59864575757354, 'APPROACH-STEALTH'
10, 10059, 49.61240678180052, 49.61240678180052, 'APPROACH-STEALTH'
10, 10060, 49.6261678060275, 49.6261678060275, 'APPROACH-STEALTH'
10, 10061, 49.63992883025448, 49.63992883025448, 'APPROACH-STEALTH'
10, 10062, 49.65368985448146, 49.65368985448146, 'APPROACH-STEALTH'
10, 10063, 49.66745087870844, 49.66745087870844, 'APPROACH-STEALTH'
10, 10064, 49.68121190293542, 49.68121190293542, 'APPROACH-STEALTH'
10, 10065, 49.694972927162404, 49.694972927162404, 'APPROACH-STEALTH'
10, 10066, 49.708733951389384, 49.708733951389384, 'APPROACH-STEALTH'
10, 10067, 49.736255999843344, 49.736255999843344, 'APPROACH-BLIND'
10, 10068, 49.763778048297304, 49.763778048297304, 'APPROACH-BLIND'
10, 10069, 49.791300096751264, 49.791300096751264, 'APPROACH-BLIND'
10, 10070, 49.818822145205225, 49.818822145205225, 'APPROACH-BLIND'
10, 10071, 49.832583169432205, 49.832583169432205, 'APPROACH-STEALTH'
10, 10072, 49.846344193659185, 49.846344193659185, 'APPROACH-STEALTH'
10, 10073, 49.860105217886165, 49.860105217886165, 'APPROACH-STEALTH'
10, 10074, 49.873866242113145, 49.873866242113145, 'APPROACH-STEALTH'
10, 10075, 49.887627266340125, 49.887627266340125, 'APPROACH-STEALTH'
10, 10076, 49.901388290567105, 49.901388290567105, 'APPROACH-STEALTH'
10, 10077, 49.915149314794085, 49.915149314794085, 'APPROACH-STEALTH'
10, 10078, 49.928910339021066, 49.928910339021066, 'APPROACH-STEALTH'
10, 10079, 49.942671363248046, 49.942671363248046, 'APPROACH-STEALTH'
10, 10080, 49.956432387475026, 49.956432387475026, 'APPROACH-STEALTH'
10, 10081, 49.970193411702006, 49.970193411702006, 'APPROACH-STEALTH'
10, 10082, 49.983954435928986, 49.983954435928986, 'APPROACH-STEALTH'
10, 10083, 49.997715460155966, 49.997715460155966, 'APPROACH-STEALTH'
10, 10084, 50.011476484382946, 50.011476484382946, 'APPROACH-STEALTH'
10, 10085, 50.025237508609926, 50.025237508609926, 'APPROACH-STEALTH'
10, 10086, 50.03899853283691, 50.03899853283691, 'APPROACH-STEALTH'
10, 10087, 50.05275955706389, 50.05275955706389, 'APPROACH-STEALTH'
10, 10088, 50.06652058129087, 50.06652058129087, 'APPROACH-STEALTH'
10, 10089, 50.08028160551785, 50.08028160551785, 'APPROACH-STEALTH'
10, 10090, 50.09404262974483, 50.09404262974483, 'APPROACH-STEALTH'
10, 10091, 50.10780365397181, 50.10780365397181, 'APPROACH-STEALTH'
10, 10092, 50.12156467819879, 50.12156467819879, 'APPROACH-STEALTH'
10, 10093, 50.13532570242577, 50.13532570242577, 'APPROACH-STEALTH'
10, 10094, 50.14908672665275, 50.14908672665275, 'APPROACH-STEALTH'
10, 10095, 50.16284775087973, 50.16284775087973, 'APPROACH-STEALTH'
10, 10096, 50.17660877510671, 50.17660877510671, 'APPROACH-STEALTH'
10, 10097, 50.19036979933369, 50.19036979933369, 'APPROACH-STEALTH'
10, 10098, 50.20413082356067, 50.20413082356067, 'APPROACH-STEALTH'
10, 10099, 50.21789184778765, 50.21789184778765, 'APPROACH-STEALTH'
10, 10100, 50.23165287201463, 50.23165287201463, 'APPROACH-STEALTH'
10, 10101, 50.24541389624161, 50.24541389624161, 'APPROACH-STEALTH'
10, 10102, 50.25917492046859, 50.25917492046859, 'APPROACH-STEALTH'
10, 10103, 50.27293594469557, 50.27293594469557, 'APPROACH-STEALTH'
10, 10104, 50.30045799314953, 50.30045799314953, 'APPROACH-STEALTH'
10, 10105, 50.32798004160349, 50.32798004160349, 'APPROACH-STEALTH'
10, 10106, 50.35550209005745, 50.35550209005745, 'APPROACH-STEALTH'
10, 10107, 50.38302413851141, 50.38302413851141, 'APPROACH-STEALTH'
10, 10108, 50.39678516273839, 50.39678516273839, 'APPROACH-STEALTH'
10, 10109, 50.41054618696537, 50.41054618696537, 'APPROACH-STEALTH'
10, 10110, 50.42430721119235, 50.42430721119235, 'APPROACH-STEALTH'
10, 10111, 50.43806823541933, 50.43806823541933, 'APPROACH-STEALTH'
10, 10112, 50.45182925964631, 50.45182925964631, 'APPROACH-STEALTH'
10, 10113, 50.46559028387329, 50.46559028387329, 'APPROACH-STEALTH'
10, 10114, 50.47935130810027, 50.47935130810027, 'APPROACH-STEALTH'
10, 10115, 50.49311233232725, 50.49311233232725, 'APPROACH-STEALTH'
10, 10116, 50.50687335655423, 50.50687335655423, 'APPROACH-STEALTH'
10, 10117, 50.51269837832198, 50.51269837832198, 'APPROACH-STEALTH'
10, 10118, 50.51852340008973, 50.51852340008973, 'APPROACH-STEALTH'
10, 10119, 50.524348421857475, 50.524348421857475, 'APPROACH-STEALTH'
10, 10120, 50.53017344362522, 50.53017344362522, 'APPROACH-STEALTH'
10, 10121, 50.53599846539297, 50.53599846539297, 'APPROACH-STEALTH'
10, 10122, 50.54182348716072, 50.54182348716072, 'APPROACH-STEALTH'
10, 10123, 50.54764850892847, 50.54764850892847, 'APPROACH-STEALTH'
10, 10124, 50.553473530696216, 50.553473530696216, 'APPROACH-STEALTH'
10, 10125, 50.559298552463964, 50.559298552463964, 'APPROACH-STEALTH'
10, 10126, 50.56512357423171, 50.56512357423171, 'APPROACH-STEALTH'
10, 10127, 50.57094859599946, 50.57094859599946, 'APPROACH-STEALTH'
10, 10128, 50.57677361776721, 50.57677361776721, 'APPROACH-STEALTH'
10, 10129, 50.58259863953496, 50.58259863953496, 'APPROACH-STEALTH'
10, 10130, 50.588423661302706, 50.588423661302706, 'APPROACH-STEALTH'
10, 10131, 50.594248683070454, 50.594248683070454, 'APPROACH-STEALTH'
10, 10132, 50.6000737048382, 50.6000737048382, 'APPROACH-STEALTH'
10, 10133, 50.60589872660595, 50.60589872660595, 'APPROACH-STEALTH'
10, 10134, 50.6117237483737, 50.6117237483737, 'APPROACH-STEALTH'
10, 10135, 50.61754877014145, 50.61754877014145, 'APPROACH-STEALTH'
10, 10136, 50.623373791909195, 50.623373791909195, 'APPROACH-STEALTH'
10, 10137, 50.62919881367694, 50.62919881367694, 'APPROACH-STEALTH'
10, 10138, 50.63502383544469, 50.63502383544469, 'APPROACH-STEALTH'
10, 10139, 50.64084885721244, 50.64084885721244, 'APPROACH-STEALTH'
10, 10140, 50.64667387898019, 50.64667387898019, 'APPROACH-STEALTH'
10, 10141, 50.652498900747936, 50.652498900747936, 'APPROACH-STEALTH'
10, 10142, 50.658323922515685, 50.658323922515685, 'APPROACH-STEALTH'
10, 10143, 50.66414894428343, 50.66414894428343, 'APPROACH-STEALTH'
10, 10144, 50.66997396605118, 50.66997396605118, 'APPROACH-STEALTH'
10, 10145, 50.67579898781893, 50.67579898781893, 'APPROACH-STEALTH'
10, 10146, 50.68162400958668, 50.68162400958668, 'APPROACH-STEALTH'
10, 10147, 50.687449031354426, 50.687449031354426, 'APPROACH-STEALTH'
10, 10148, 50.693274053122174, 50.693274053122174, 'APPROACH-STEALTH'
10, 10149, 50.69909907488992, 50.69909907488992, 'APPROACH-STEALTH'
10, 10150, 50.70492409665767, 50.70492409665767, 'APPROACH-STEALTH'
10, 10151, 50.71074911842542, 50.71074911842542, 'APPROACH-STEALTH'
10, 10152, 50.72239916196091, 50.72239916196091, 'APPROACH-BLIND'
10, 10153, 50.7340492054964, 50.7340492054964, 'APPROACH-BLIND'
10, 10154, 50.74569924903189, 50.74569924903189, 'APPROACH-BLIND'
10, 10155, 50.757349292567376, 50.757349292567376, 'APPROACH-BLIND'
10, 10156, 50.763174314335124, 50.763174314335124, 'APPROACH-STEALTH'
10, 10157, 50.76899933610287, 50.76899933610287, 'APPROACH-STEALTH'
10, 10158, 50.77482435787062, 50.77482435787062, 'APPROACH-STEALTH'
10, 10159, 50.80063475838811, 50.80063475838811, 'APPROACH-BLIND'
10, 10160, 50.82644515890559, 50.82644515890559, 'APPROACH-BLIND'
10, 10161, 50.85225555942308, 50.85225555942308, 'APPROACH-BLIND'
10, 10162, 50.86516075968182, 50.86516075968182, 'APPROACH-STEALTH'
10, 10163, 50.878065959940564, 50.878065959940564, 'APPROACH-STEALTH'
10, 10164, 50.89097116019931, 50.89097116019931, 'APPROACH-STEALTH'
10, 10165, 50.90387636045805, 50.90387636045805, 'APPROACH-STEALTH'
10, 10166, 50.91678156071679, 50.91678156071679, 'APPROACH-STEALTH'
10, 10167, 50.929686760975535, 50.929686760975535, 'APPROACH-STEALTH'
10, 10168, 50.94259196123428, 50.94259196123428, 'APPROACH-STEALTH'
10, 10169, 50.95549716149302, 50.95549716149302, 'APPROACH-STEALTH'
10, 10170, 50.968402361751764, 50.968402361751764, 'APPROACH-STEALTH'
10, 10171, 50.98130756201051, 50.98130756201051, 'APPROACH-STEALTH'
10, 10172, 50.99421276226925, 50.99421276226925, 'APPROACH-STEALTH'
10, 10173, 51.00711796252799, 51.00711796252799, 'APPROACH-STEALTH'
10, 10174, 51.020023162786735, 51.020023162786735, 'APPROACH-STEALTH'
10, 10175, 51.03292836304548, 51.03292836304548, 'APPROACH-STEALTH'
10, 10176, 51.04583356330422, 51.04583356330422, 'APPROACH-STEALTH'
10, 10177, 51.058738763562964, 51.058738763562964, 'APPROACH-STEALTH'
10, 10178, 51.07164396382171, 51.07164396382171, 'APPROACH-STEALTH'
10, 10179, 51.08454916408045, 51.08454916408045, 'APPROACH-STEALTH'
10, 10180, 51.09745436433919, 51.09745436433919, 'APPROACH-STEALTH'
10, 10181, 51.110359564597935, 51.110359564597935, 'APPROACH-STEALTH'
10, 10182, 51.12326476485668, 51.12326476485668, 'APPROACH-STEALTH'
10, 10183, 51.13616996511542, 51.13616996511542, 'APPROACH-STEALTH'
10, 10184, 51.149075165374164, 51.149075165374164, 'APPROACH-STEALTH'
10, 10185, 51.16198036563291, 51.16198036563291, 'APPROACH-STEALTH'
10, 10186, 51.17488556589165, 51.17488556589165, 'APPROACH-STEALTH'
10, 10187, 51.18779076615039, 51.18779076615039, 'APPROACH-STEALTH'
10, 10188, 51.200695966409135, 51.200695966409135, 'APPROACH-STEALTH'
10, 10189, 51.21360116666788, 51.21360116666788, 'APPROACH-STEALTH'
10, 10190, 51.22650636692662, 51.22650636692662, 'APPROACH-STEALTH'
10, 10191, 51.239411567185364, 51.239411567185364, 'APPROACH-STEALTH'
10, 10192, 51.25231676744411, 51.25231676744411, 'APPROACH-STEALTH'
10, 10193, 51.26522196770285, 51.26522196770285, 'APPROACH-STEALTH'
10, 10194, 51.27812716796159, 51.27812716796159, 'APPROACH-STEALTH'
10, 10195, 51.291032368220336, 51.291032368220336, 'APPROACH-STEALTH'
10, 10196, 51.30393756847908, 51.30393756847908, 'APPROACH-STEALTH'
10, 10197, 51.329747968996564, 51.329747968996564, 'APPROACH-BLIND'
10, 10198, 51.35555836951405, 51.35555836951405, 'APPROACH-BLIND'
10, 10199, 51.381368770031536, 51.381368770031536, 'APPROACH-BLIND'
10, 10200, 51.40717917054902, 51.40717917054902, 'APPROACH-BLIND'
10, 10201, 51.43298957106651, 51.43298957106651, 'APPROACH-BLIND'
10, 10202, 51.45879997158399, 51.45879997158399, 'APPROACH-STEALTH'
10, 10203, 51.48461037210148, 51.48461037210148, 'APPROACH-STEALTH'
10, 10204, 51.49751557236022, 51.49751557236022, 'APPROACH-STEALTH'
10, 10205, 51.510420772618964, 51.510420772618964, 'APPROACH-STEALTH'
10, 10206, 51.5241924424677, 51.5241924424677, 'APPROACH-STEALTH'
10, 10207, 51.53796411231644, 51.53796411231644, 'APPROACH-STEALTH'
10, 10208, 51.551735782165174, 51.551735782165174, 'APPROACH-STEALTH'
10, 10209, 51.56550745201391, 51.56550745201391, 'APPROACH-STEALTH'
10, 10210, 51.57927912186265, 51.57927912186265, 'APPROACH-STEALTH'
10, 10211, 51.593050791711384, 51.593050791711384, 'APPROACH-STEALTH'
10, 10212, 51.60682246156012, 51.60682246156012, 'APPROACH-STEALTH'
10, 10213, 51.62059413140886, 51.62059413140886, 'APPROACH-STEALTH'
10, 10214, 51.634365801257594, 51.634365801257594, 'APPROACH-STEALTH'
10, 10215, 51.64813747110633, 51.64813747110633, 'APPROACH-STEALTH'
10, 10216, 51.66190914095507, 51.66190914095507, 'APPROACH-STEALTH'
10, 10217, 51.675680810803804, 51.675680810803804, 'APPROACH-STEALTH'
10, 10218, 51.68945248065254, 51.68945248065254, 'APPROACH-STEALTH'
10, 10219, 51.70322415050128, 51.70322415050128, 'APPROACH-STEALTH'
10, 10220, 51.716995820350014, 51.716995820350014, 'APPROACH-STEALTH'
10, 10221, 51.73076749019875, 51.73076749019875, 'APPROACH-STEALTH'
10, 10222, 51.74453916004749, 51.74453916004749, 'APPROACH-STEALTH'
10, 10223, 51.758310829896224, 51.758310829896224, 'APPROACH-STEALTH'
10, 10224, 51.77208249974496, 51.77208249974496, 'APPROACH-STEALTH'
10, 10225, 51.7858541695937, 51.7858541695937, 'APPROACH-STEALTH'
10, 10226, 51.799625839442434, 51.799625839442434, 'APPROACH-STEALTH'
10, 10227, 51.81339750929117, 51.81339750929117, 'APPROACH-STEALTH'
10, 10228, 51.82716917913991, 51.82716917913991, 'APPROACH-STEALTH'
10, 10229, 51.85471251883738, 51.85471251883738, 'APPROACH-BLIND'
10, 10230, 51.882255858534855, 51.882255858534855, 'APPROACH-BLIND'
10, 10231, 51.90979919823233, 51.90979919823233, 'APPROACH-BLIND'
10, 10232, 51.9373425379298, 51.9373425379298, 'APPROACH-BLIND'
10, 10233, 51.964885877627275, 51.964885877627275, 'APPROACH-BLIND'
10, 10234, 51.99242921732475, 51.99242921732475, 'APPROACH-BLIND'
10, 10235, 52.01997255702222, 52.01997255702222, 'APPROACH-BLIND'
10, 10236, 52.047515896719695, 52.047515896719695, 'APPROACH-BLIND'
10, 10237, 52.07505923641717, 52.07505923641717, 'APPROACH-BLIND'
10, 10238, 52.10260257611464, 52.10260257611464, 'APPROACH-BLIND'
10, 10239, 52.130145915812115, 52.130145915812115, 'APPROACH-STEALTH'
10, 10240, 52.15768925550959, 52.15768925550959, 'APPROACH-STEALTH'
10, 10241, 52.18523259520706, 52.18523259520706, 'APPROACH-STEALTH'
10, 10242, 52.212775934904535, 52.212775934904535, 'APPROACH-STEALTH'
10, 10243, 52.24031927460201, 52.24031927460201, 'APPROACH-STEALTH'
10, 10244, 52.26786261429948, 52.26786261429948, 'APPROACH-STEALTH'
10, 10245, 52.295405953996955, 52.295405953996955, 'APPROACH-STEALTH'
10, 10246, 52.32294929369443, 52.32294929369443, 'APPROACH-STEALTH'
10, 10247, 52.3504926333919, 52.3504926333919, 'APPROACH-STEALTH'
10, 10248, 52.378035973089375, 52.378035973089375, 'APPROACH-STEALTH'
10, 10249, 52.40557931278685, 52.40557931278685, 'APPROACH-STEALTH'
10, 10250, 52.43312265248432, 52.43312265248432, 'APPROACH-STEALTH'
10, 10251, 52.460665992181795, 52.460665992181795, 'APPROACH-STEALTH'
10, 10252, 52.48820933187927, 52.48820933187927, 'APPROACH-STEALTH'
10, 10253, 52.51575267157674, 52.51575267157674, 'APPROACH-STEALTH'
10, 10254, 52.52726536322075, 52.52726536322075, 'APPROACH-STEALTH'
10, 10255, 52.53877805486476, 52.53877805486476, 'APPROACH-STEALTH'
10, 10256, 52.550290746508765, 52.550290746508765, 'APPROACH-STEALTH'
10, 10257, 52.56180343815277, 52.56180343815277, 'APPROACH-STEALTH'
10, 10258, 52.57331612979678, 52.57331612979678, 'APPROACH-STEALTH'
10, 10259, 52.58482882144079, 52.58482882144079, 'APPROACH-STEALTH'
10, 10260, 52.596341513084795, 52.596341513084795, 'APPROACH-BLIND'
10, 10261, 52.6078542047288, 52.6078542047288, 'APPROACH-BLIND'
10, 10262, 52.61936689637281, 52.61936689637281, 'APPROACH-BLIND'
10, 10263, 52.63087958801682, 52.63087958801682, 'APPROACH-BLIND'
10, 10264, 52.642392279660825, 52.642392279660825, 'APPROACH-BLIND'
10, 10265, 52.65390497130483, 52.65390497130483, 'APPROACH-BLIND'
10, 10266, 52.66541766294884, 52.66541766294884, 'APPROACH-BLIND'
10, 10267, 52.67693035459285, 52.67693035459285, 'APPROACH-BLIND'
10, 10268, 52.688443046236856, 52.688443046236856, 'APPROACH-BLIND'
10, 10269, 52.69995573788086, 52.69995573788086, 'APPROACH-BLIND'
10, 10270, 52.71146842952487, 52.71146842952487, 'APPROACH-BLIND'
10, 10271, 52.72298112116888, 52.72298112116888, 'APPROACH-BLIND'
10, 10272, 52.734493812812886, 52.734493812812886, 'APPROACH-BLIND'
10, 10273, 52.74600650445689, 52.74600650445689, 'APPROACH-BLIND'
10, 10274, 52.75751919610091, 52.75751919610091, 'APPROACH-BLIND'
10, 10275, 52.769031887744916, 52.769031887744916, 'APPROACH-BLIND'
10, 10276, 52.78054457938892, 52.78054457938892, 'APPROACH-BLIND'
10, 10277, 52.80637847054214, 52.80637847054214, 'APPROACH-BLIND'
10, 10278, 52.83221236169536, 52.83221236169536, 'APPROACH-BLIND'
10, 10279, 52.85804625284858, 52.85804625284858, 'APPROACH-BLIND'
10, 10280, 52.8838801440018, 52.8838801440018, 'APPROACH-BLIND'
10, 10281, 52.90971403515502, 52.90971403515502, 'APPROACH-BLIND'
10, 10282, 52.93554792630824, 52.93554792630824, 'APPROACH-BLIND'
10, 10283, 52.96138181746146, 52.96138181746146, 'APPROACH-BLIND'
10, 10284, 52.98721570861468, 52.98721570861468, 'APPROACH-BLIND'
10, 10285, 53.013049599767896, 53.013049599767896, 'APPROACH-BLIND'
10, 10286, 53.038883490921116, 53.038883490921116, 'APPROACH-BLIND'
10, 10287, 53.064717382074335, 53.064717382074335, 'APPROACH-BLIND'
10, 10288, 53.090551273227554, 53.090551273227554, 'APPROACH-BLIND'
10, 10289, 53.11638516438077, 53.11638516438077, 'APPROACH-BLIND'
10, 10290, 53.14221905553399, 53.14221905553399, 'APPROACH-BLIND'
10, 10291, 53.155136001110606, 53.155136001110606, 'APPROACH-STEALTH'
10, 10292, 53.16805294668722, 53.16805294668722, 'APPROACH-STEALTH'
10, 10293, 53.19388683784044, 53.19388683784044, 'APPROACH-BLIND'
10, 10294, 53.20680378341705, 53.20680378341705, 'APPROACH-STEALTH'
10, 10295, 53.219720728993664, 53.219720728993664, 'APPROACH-STEALTH'
10, 10296, 53.23263767457028, 53.23263767457028, 'APPROACH-STEALTH'
10, 10297, 53.24555462014689, 53.24555462014689, 'APPROACH-STEALTH'
10, 10298, 53.258471565723504, 53.258471565723504, 'APPROACH-STEALTH'
10, 10299, 53.27138851130012, 53.27138851130012, 'APPROACH-STEALTH'
10, 10300, 53.28430545687673, 53.28430545687673, 'APPROACH-STEALTH'
10, 10301, 53.29722240245334, 53.29722240245334, 'APPROACH-STEALTH'
10, 10302, 53.310139348029956, 53.310139348029956, 'APPROACH-STEALTH'
10, 10303, 53.32305629360657, 53.32305629360657, 'APPROACH-STEALTH'
10, 10304, 53.335973239183176, 53.335973239183176, 'APPROACH-STEALTH'
10, 10305, 53.34889018475978, 53.34889018475978, 'APPROACH-STEALTH'
10, 10306, 53.36180713033639, 53.36180713033639, 'APPROACH-STEALTH'
10, 10307, 53.374724075912994, 53.374724075912994, 'APPROACH-STEALTH'
10, 10308, 53.3876410214896, 53.3876410214896, 'APPROACH-STEALTH'
10, 10309, 53.400557967066206, 53.400557967066206, 'APPROACH-STEALTH'
10, 10310, 53.41347491264281, 53.41347491264281, 'APPROACH-STEALTH'
10, 10311, 53.42639185821942, 53.42639185821942, 'APPROACH-STEALTH'
10, 10312, 53.439308803796024, 53.439308803796024, 'APPROACH-STEALTH'
10, 10313, 53.45222574937263, 53.45222574937263, 'APPROACH-STEALTH'
10, 10314, 53.465142694949236, 53.465142694949236, 'APPROACH-STEALTH'
10, 10315, 53.47805964052584, 53.47805964052584, 'APPROACH-STEALTH'
10, 10316, 53.49097658610245, 53.49097658610245, 'APPROACH-STEALTH'
10, 10317, 53.503893531679054, 53.503893531679054, 'APPROACH-STEALTH'
10, 10318, 53.51766469691267, 53.51766469691267, 'APPROACH-STEALTH'
10, 10319, 53.53143586214628, 53.53143586214628, 'APPROACH-STEALTH'
10, 10320, 53.545207027379895, 53.545207027379895, 'APPROACH-STEALTH'
10, 10321, 53.55897819261351, 53.55897819261351, 'APPROACH-STEALTH'
10, 10322, 53.57274935784712, 53.57274935784712, 'APPROACH-STEALTH'
10, 10323, 53.586520523080736, 53.586520523080736, 'APPROACH-STEALTH'
10, 10324, 53.60029168831435, 53.60029168831435, 'APPROACH-STEALTH'
10, 10325, 53.61406285354796, 53.61406285354796, 'APPROACH-STEALTH'
10, 10326, 53.62783401878158, 53.62783401878158, 'APPROACH-STEALTH'
10, 10327, 53.64160518401519, 53.64160518401519, 'APPROACH-STEALTH'
10, 10328, 53.655376349248805, 53.655376349248805, 'APPROACH-STEALTH'
10, 10329, 53.66914751448242, 53.66914751448242, 'APPROACH-STEALTH'
10, 10330, 53.68291867971603, 53.68291867971603, 'APPROACH-STEALTH'
10, 10331, 53.696689844949645, 53.696689844949645, 'APPROACH-STEALTH'
10, 10332, 53.71046101018326, 53.71046101018326, 'APPROACH-STEALTH'
10, 10333, 53.72423217541687, 53.72423217541687, 'APPROACH-STEALTH'
10, 10334, 53.73800334065049, 53.73800334065049, 'APPROACH-STEALTH'
10, 10335, 53.7517745058841, 53.7517745058841, 'APPROACH-STEALTH'
10, 10336, 53.765545671117714, 53.765545671117714, 'APPROACH-STEALTH'
10, 10337, 53.77931683635133, 53.77931683635133, 'APPROACH-STEALTH'
10, 10338, 53.79308800158494, 53.79308800158494, 'APPROACH-STEALTH'
10, 10339, 53.806859166818555, 53.806859166818555, 'APPROACH-STEALTH'
10, 10340, 53.82063033205217, 53.82063033205217, 'APPROACH-STEALTH'
10, 10341, 53.83440149728578, 53.83440149728578, 'APPROACH-STEALTH'
10, 10342, 53.848172662519396, 53.848172662519396, 'APPROACH-STEALTH'
10, 10343, 53.86194382775301, 53.86194382775301, 'APPROACH-STEALTH'
10, 10344, 53.87571499298662, 53.87571499298662, 'APPROACH-STEALTH'
10, 10345, 53.88948615822024, 53.88948615822024, 'APPROACH-STEALTH'
10, 10346, 53.90325732345385, 53.90325732345385, 'APPROACH-STEALTH'
10, 10347, 53.917028488687464, 53.917028488687464, 'APPROACH-STEALTH'
10, 10348, 53.93079965392108, 53.93079965392108, 'APPROACH-STEALTH'
10, 10349, 53.94457081915469, 53.94457081915469, 'APPROACH-STEALTH'
10, 10350, 53.958341984388305, 53.958341984388305, 'APPROACH-STEALTH'
10, 10351, 53.97211314962192, 53.97211314962192, 'APPROACH-STEALTH'
10, 10352, 53.98588431485553, 53.98588431485553, 'APPROACH-STEALTH'
10, 10353, 53.999655480089146, 53.999655480089146, 'APPROACH-STEALTH'
10, 10354, 54.01342664532276, 54.01342664532276, 'APPROACH-STEALTH'
10, 10355, 54.02719781055637, 54.02719781055637, 'APPROACH-STEALTH'
10, 10356, 54.04096897578999, 54.04096897578999, 'APPROACH-STEALTH'
10, 10357, 54.0547401410236, 54.0547401410236, 'APPROACH-STEALTH'
10, 10358, 54.068511306257214, 54.068511306257214, 'APPROACH-STEALTH'
10, 10359, 54.08228247149083, 54.08228247149083, 'APPROACH-STEALTH'
10, 10360, 54.09605363672444, 54.09605363672444, 'APPROACH-STEALTH'
10, 10361, 54.109824801958055, 54.109824801958055, 'APPROACH-STEALTH'
10, 10362, 54.12359596719167, 54.12359596719167, 'APPROACH-STEALTH'
10, 10363, 54.13736713242528, 54.13736713242528, 'APPROACH-STEALTH'
10, 10364, 54.151138297658896, 54.151138297658896, 'APPROACH-STEALTH'
10, 10365, 54.16490946289251, 54.16490946289251, 'APPROACH-STEALTH'
10, 10366, 54.17868062812612, 54.17868062812612, 'APPROACH-STEALTH'
10, 10367, 54.19245179335974, 54.19245179335974, 'APPROACH-STEALTH'
10, 10368, 54.20622295859335, 54.20622295859335, 'APPROACH-STEALTH'
10, 10369, 54.219994123826964, 54.219994123826964, 'APPROACH-STEALTH'
10, 10370, 54.23376528906058, 54.23376528906058, 'APPROACH-STEALTH'
10, 10371, 54.24753645429419, 54.24753645429419, 'APPROACH-STEALTH'
10, 10372, 54.261307619527805, 54.261307619527805, 'APPROACH-STEALTH'
10, 10373, 54.27507878476142, 54.27507878476142, 'APPROACH-STEALTH'
10, 10374, 54.28884994999503, 54.28884994999503, 'APPROACH-STEALTH'
10, 10375, 54.302621115228646, 54.302621115228646, 'APPROACH-STEALTH'
10, 10376, 54.31639228046226, 54.31639228046226, 'APPROACH-STEALTH'
10, 10377, 54.330163445695874, 54.330163445695874, 'APPROACH-STEALTH'
10, 10378, 54.34393461092949, 54.34393461092949, 'APPROACH-STEALTH'
10, 10379, 54.3577057761631, 54.3577057761631, 'APPROACH-STEALTH'
10, 10380, 54.371476941396715, 54.371476941396715, 'APPROACH-STEALTH'
10, 10381, 54.38524810663033, 54.38524810663033, 'APPROACH-STEALTH'
10, 10382, 54.39901927186394, 54.39901927186394, 'APPROACH-STEALTH'
10, 10383, 54.412790437097556, 54.412790437097556, 'APPROACH-STEALTH'
10, 10384, 54.42656160233117, 54.42656160233117, 'APPROACH-STEALTH'
10, 10385, 54.44033276756478, 54.44033276756478, 'APPROACH-STEALTH'
10, 10386, 54.4541039327984, 54.4541039327984, 'APPROACH-STEALTH'
10, 10387, 54.46787509803201, 54.46787509803201, 'APPROACH-STEALTH'
10, 10388, 54.481646263265624, 54.481646263265624, 'APPROACH-STEALTH'
10, 10389, 54.49541742849924, 54.49541742849924, 'APPROACH-STEALTH'
10, 10390, 54.50918859373285, 54.50918859373285, 'APPROACH-STEALTH'
10, 10391, 54.52306457663824, 54.52306457663824, 'APPROACH-STEALTH'
10, 10392, 54.53694055954363, 54.53694055954363, 'APPROACH-STEALTH'
10, 10393, 54.55081654244902, 54.55081654244902, 'APPROACH-STEALTH'
10, 10394, 54.56469252535441, 54.56469252535441, 'APPROACH-STEALTH'
10, 10395, 54.5785685082598, 54.5785685082598, 'APPROACH-STEALTH'
10, 10396, 54.59244449116519, 54.59244449116519, 'APPROACH-STEALTH'
10, 10397, 54.60632047407058, 54.60632047407058, 'APPROACH-STEALTH'
10, 10398, 54.62019645697597, 54.62019645697597, 'APPROACH-STEALTH'
10, 10399, 54.63407243988136, 54.63407243988136, 'APPROACH-STEALTH'
10, 10400, 54.64794842278675, 54.64794842278675, 'APPROACH-STEALTH'
10, 10401, 54.66182440569214, 54.66182440569214, 'APPROACH-STEALTH'
10, 10402, 54.67570038859753, 54.67570038859753, 'APPROACH-STEALTH'
10, 10403, 54.689576371502916, 54.689576371502916, 'APPROACH-STEALTH'
10, 10404, 54.703452354408306, 54.703452354408306, 'APPROACH-STEALTH'
10, 10405, 54.717328337313695, 54.717328337313695, 'APPROACH-STEALTH'
10, 10406, 54.731204320219085, 54.731204320219085, 'APPROACH-STEALTH'
10, 10407, 54.745080303124475, 54.745080303124475, 'APPROACH-STEALTH'
10, 10408, 54.758956286029864, 54.758956286029864, 'APPROACH-STEALTH'
10, 10409, 54.772832268935254, 54.772832268935254, 'APPROACH-STEALTH'
10, 10410, 54.78670825184064, 54.78670825184064, 'APPROACH-STEALTH'
10, 10411, 54.80058423474603, 54.80058423474603, 'APPROACH-STEALTH'
10, 10412, 54.81446021765142, 54.81446021765142, 'APPROACH-STEALTH'
10, 10413, 54.82833620055681, 54.82833620055681, 'APPROACH-STEALTH'
10, 10414, 54.8422121834622, 54.8422121834622, 'APPROACH-STEALTH'
10, 10415, 54.85608816636759, 54.85608816636759, 'APPROACH-STEALTH'
10, 10416, 54.86996414927298, 54.86996414927298, 'APPROACH-STEALTH'
10, 10417, 54.88384013217837, 54.88384013217837, 'APPROACH-STEALTH'
10, 10418, 54.89771611508376, 54.89771611508376, 'APPROACH-STEALTH'
10, 10419, 54.91159209798915, 54.91159209798915, 'APPROACH-STEALTH'
10, 10420, 54.92546808089454, 54.92546808089454, 'APPROACH-STEALTH'
10, 10421, 54.93934406379993, 54.93934406379993, 'APPROACH-STEALTH'
10, 10422, 54.95322004670532, 54.95322004670532, 'APPROACH-STEALTH'
10, 10423, 54.96709602961071, 54.96709602961071, 'APPROACH-STEALTH'
10, 10424, 54.9809720125161, 54.9809720125161, 'APPROACH-STEALTH'
10, 10425, 54.99484799542149, 54.99484799542149, 'APPROACH-STEALTH'
10, 10426, 55.00872397832688, 55.00872397832688, 'APPROACH-STEALTH'
10, 10427, 55.02259996123227, 55.02259996123227, 'APPROACH-STEALTH'
10, 10428, 55.036475944137656, 55.036475944137656, 'APPROACH-STEALTH'
10, 10429, 55.050351927043046, 55.050351927043046, 'APPROACH-STEALTH'
10, 10430, 55.064227909948436, 55.064227909948436, 'APPROACH-STEALTH'
10, 10431, 55.078103892853825, 55.078103892853825, 'APPROACH-STEALTH'
10, 10432, 55.091979875759215, 55.091979875759215, 'APPROACH-STEALTH'
10, 10433, 55.105855858664604, 55.105855858664604, 'APPROACH-STEALTH'
10, 10434, 55.119731841569994, 55.119731841569994, 'APPROACH-STEALTH'
10, 10435, 55.13360782447538, 55.13360782447538, 'APPROACH-STEALTH'
10, 10436, 55.14748380738077, 55.14748380738077, 'APPROACH-STEALTH'
10, 10437, 55.16135979028616, 55.16135979028616, 'APPROACH-STEALTH'
10, 10438, 55.17523577319155, 55.17523577319155, 'APPROACH-STEALTH'
10, 10439, 55.18911175609694, 55.18911175609694, 'APPROACH-STEALTH'
10, 10440, 55.20298773900233, 55.20298773900233, 'APPROACH-STEALTH'
10, 10441, 55.21686372190772, 55.21686372190772, 'APPROACH-STEALTH'
10, 10442, 55.23073970481311, 55.23073970481311, 'APPROACH-STEALTH'
10, 10443, 55.2446156877185, 55.2446156877185, 'APPROACH-STEALTH'
10, 10444, 55.25849167062389, 55.25849167062389, 'APPROACH-STEALTH'
10, 10445, 55.27236765352928, 55.27236765352928, 'APPROACH-STEALTH'
10, 10446, 55.28624363643467, 55.28624363643467, 'APPROACH-STEALTH'
10, 10447, 55.30011961934006, 55.30011961934006, 'APPROACH-STEALTH'
10, 10448, 55.31399560224545, 55.31399560224545, 'APPROACH-STEALTH'
10, 10449, 55.32787158515084, 55.32787158515084, 'APPROACH-STEALTH'
10, 10450, 55.34174756805623, 55.34174756805623, 'APPROACH-STEALTH'
10, 10451, 55.35562355096162, 55.35562355096162, 'APPROACH-STEALTH'
10, 10452, 55.36949953386701, 55.36949953386701, 'APPROACH-STEALTH'
10, 10453, 55.3833755167724, 55.3833755167724, 'APPROACH-STEALTH'
10, 10454, 55.397251499677786, 55.397251499677786, 'APPROACH-STEALTH'
10, 10455, 55.411127482583176, 55.411127482583176, 'APPROACH-STEALTH'
10, 10456, 55.425003465488565, 55.425003465488565, 'APPROACH-STEALTH'
10, 10457, 55.438879448393955, 55.438879448393955, 'APPROACH-STEALTH'
10, 10458, 55.452755431299344, 55.452755431299344, 'APPROACH-STEALTH'
10, 10459, 55.466631414204734, 55.466631414204734, 'APPROACH-STEALTH'
10, 10460, 55.480507397110124, 55.480507397110124, 'APPROACH-STEALTH'
10, 10461, 55.49438338001551, 55.49438338001551, 'APPROACH-STEALTH'
10, 10462, 55.5082593629209, 55.5082593629209, 'APPROACH-STEALTH'
10, 10463, 55.51428502916085, 55.51428502916085, 'APPROACH-STEALTH'
10, 10464, 55.5203106954008, 55.5203106954008, 'APPROACH-STEALTH'
10, 10465, 55.52633636164075, 55.52633636164075, 'APPROACH-STEALTH'
10, 10466, 55.5323620278807, 55.5323620278807, 'APPROACH-STEALTH'
10, 10467, 55.53838769412065, 55.53838769412065, 'APPROACH-STEALTH'
10, 10468, 55.5444133603606, 55.5444133603606, 'APPROACH-STEALTH'
10, 10469, 55.55043902660055, 55.55043902660055, 'APPROACH-STEALTH'
10, 10470, 55.5564646928405, 55.5564646928405, 'APPROACH-STEALTH'
10, 10471, 55.56249035908045, 55.56249035908045, 'APPROACH-STEALTH'
10, 10472, 55.5685160253204, 55.5685160253204, 'APPROACH-STEALTH'
10, 10473, 55.57454169156035, 55.57454169156035, 'APPROACH-STEALTH'
10, 10474, 55.5805673578003, 55.5805673578003, 'APPROACH-STEALTH'
10, 10475, 55.58659302404025, 55.58659302404025, 'APPROACH-STEALTH'
10, 10476, 55.5926186902802, 55.5926186902802, 'APPROACH-STEALTH'
10, 10477, 55.59864435652015, 55.59864435652015, 'APPROACH-STEALTH'
10, 10478, 55.6046700227601, 55.6046700227601, 'APPROACH-STEALTH'
10, 10479, 55.610695689000046, 55.610695689000046, 'APPROACH-STEALTH'
10, 10480, 55.616721355239996, 55.616721355239996, 'APPROACH-STEALTH'
10, 10481, 55.622747021479945, 55.622747021479945, 'APPROACH-STEALTH'
10, 10482, 55.628772687719895, 55.628772687719895, 'APPROACH-STEALTH'
10, 10483, 55.634798353959845, 55.634798353959845, 'APPROACH-STEALTH'
10, 10484, 55.640824020199794, 55.640824020199794, 'APPROACH-STEALTH'
10, 10485, 55.646849686439744, 55.646849686439744, 'APPROACH-STEALTH'
10, 10486, 55.65287535267969, 55.65287535267969, 'APPROACH-STEALTH'
10, 10487, 55.65890101891964, 55.65890101891964, 'APPROACH-STEALTH'
10, 10488, 55.66492668515959, 55.66492668515959, 'APPROACH-STEALTH'
10, 10489, 55.67095235139954, 55.67095235139954, 'APPROACH-STEALTH'
10, 10490, 55.67697801763949, 55.67697801763949, 'APPROACH-STEALTH'
10, 10491, 55.68300368387944, 55.68300368387944, 'APPROACH-STEALTH'
10, 10492, 55.68902935011939, 55.68902935011939, 'APPROACH-STEALTH'
10, 10493, 55.69505501635934, 55.69505501635934, 'APPROACH-STEALTH'
10, 10494, 55.70108068259929, 55.70108068259929, 'APPROACH-STEALTH'
10, 10495, 55.70710634883924, 55.70710634883924, 'APPROACH-STEALTH'
10, 10496, 55.71313201507919, 55.71313201507919, 'APPROACH-STEALTH'
10, 10497, 55.71915768131914, 55.71915768131914, 'APPROACH-STEALTH'
10, 10498, 55.72518334755909, 55.72518334755909, 'APPROACH-STEALTH'
10, 10499, 55.73120901379904, 55.73120901379904, 'APPROACH-STEALTH'
10, 10500, 55.73723468003899, 55.73723468003899, 'APPROACH-STEALTH'
10, 10501, 55.74326034627894, 55.74326034627894, 'APPROACH-STEALTH'
10, 10502, 55.74928601251889, 55.74928601251889, 'APPROACH-STEALTH'
10, 10503, 55.75531167875884, 55.75531167875884, 'APPROACH-STEALTH'
10, 10504, 55.761337344998786, 55.761337344998786, 'APPROACH-STEALTH'
10, 10505, 55.77423223209408, 55.77423223209408, 'APPROACH-STEALTH'
10, 10506, 55.78712711918937, 55.78712711918937, 'APPROACH-STEALTH'
10, 10507, 55.800022006284664, 55.800022006284664, 'APPROACH-STEALTH'
10, 10508, 55.812916893379956, 55.812916893379956, 'APPROACH-STEALTH'
10, 10509, 55.82581178047525, 55.82581178047525, 'APPROACH-STEALTH'
10, 10510, 55.83870666757054, 55.83870666757054, 'APPROACH-STEALTH'
10, 10511, 55.86449644176113, 55.86449644176113, 'APPROACH-STEALTH'
10, 10512, 55.890286215951726, 55.890286215951726, 'APPROACH-STEALTH'
10, 10513, 55.91607599014232, 55.91607599014232, 'APPROACH-STEALTH'
10, 10514, 55.92897087723761, 55.92897087723761, 'APPROACH-STEALTH'
10, 10515, 55.9418657643329, 55.9418657643329, 'APPROACH-STEALTH'
10, 10516, 55.954760651428195, 55.954760651428195, 'APPROACH-STEALTH'
10, 10517, 55.96765553852349, 55.96765553852349, 'APPROACH-STEALTH'
10, 10518, 55.98055042561878, 55.98055042561878, 'APPROACH-STEALTH'
10, 10519, 55.99344531271407, 55.99344531271407, 'APPROACH-STEALTH'
10, 10520, 56.006340199809365, 56.006340199809365, 'APPROACH-STEALTH'
10, 10521, 56.01923508690466, 56.01923508690466, 'APPROACH-STEALTH'
10, 10522, 56.03212997399995, 56.03212997399995, 'APPROACH-STEALTH'
10, 10523, 56.04502486109524, 56.04502486109524, 'APPROACH-STEALTH'
10, 10524, 56.057919748190535, 56.057919748190535, 'APPROACH-STEALTH'
10, 10525, 56.07081463528583, 56.07081463528583, 'APPROACH-STEALTH'
10, 10526, 56.08370952238112, 56.08370952238112, 'APPROACH-STEALTH'
10, 10527, 56.09660440947641, 56.09660440947641, 'APPROACH-STEALTH'
10, 10528, 56.109499296571705, 56.109499296571705, 'APPROACH-STEALTH'
10, 10529, 56.122394183667, 56.122394183667, 'APPROACH-STEALTH'
10, 10530, 56.13528907076229, 56.13528907076229, 'APPROACH-STEALTH'
10, 10531, 56.14818395785758, 56.14818395785758, 'APPROACH-STEALTH'
10, 10532, 56.161078844952875, 56.161078844952875, 'APPROACH-STEALTH'
10, 10533, 56.17397373204817, 56.17397373204817, 'APPROACH-STEALTH'
10, 10534, 56.18686861914346, 56.18686861914346, 'APPROACH-STEALTH'
10, 10535, 56.19976350623875, 56.19976350623875, 'APPROACH-STEALTH'
10, 10536, 56.212658393334046, 56.212658393334046, 'APPROACH-STEALTH'
10, 10537, 56.22555328042934, 56.22555328042934, 'APPROACH-STEALTH'
10, 10538, 56.23844816752463, 56.23844816752463, 'APPROACH-STEALTH'
10, 10539, 56.25134305461992, 56.25134305461992, 'APPROACH-STEALTH'
10, 10540, 56.264237941715216, 56.264237941715216, 'APPROACH-STEALTH'
10, 10541, 56.27713282881051, 56.27713282881051, 'APPROACH-STEALTH'
10, 10542, 56.2900277159058, 56.2900277159058, 'APPROACH-STEALTH'
10, 10543, 56.30292260300109, 56.30292260300109, 'APPROACH-STEALTH'
10, 10544, 56.315817490096386, 56.315817490096386, 'APPROACH-STEALTH'
10, 10545, 56.32871237719168, 56.32871237719168, 'APPROACH-STEALTH'
10, 10546, 56.34160726428697, 56.34160726428697, 'APPROACH-STEALTH'
10, 10547, 56.35450215138226, 56.35450215138226, 'APPROACH-STEALTH'
10, 10548, 56.367397038477556, 56.367397038477556, 'APPROACH-STEALTH'
10, 10549, 56.38029192557285, 56.38029192557285, 'APPROACH-STEALTH'
10, 10550, 56.39318681266814, 56.39318681266814, 'APPROACH-STEALTH'
10, 10551, 56.40608169976343, 56.40608169976343, 'APPROACH-STEALTH'
10, 10552, 56.418976586858726, 56.418976586858726, 'APPROACH-STEALTH'
10, 10553, 56.43187147395402, 56.43187147395402, 'APPROACH-STEALTH'
10, 10554, 56.44476636104931, 56.44476636104931, 'APPROACH-STEALTH'
10, 10555, 56.4576612481446, 56.4576612481446, 'APPROACH-STEALTH'
10, 10556, 56.470556135239896, 56.470556135239896, 'APPROACH-STEALTH'
10, 10557, 56.48345102233519, 56.48345102233519, 'APPROACH-STEALTH'
10, 10558, 56.49634590943048, 56.49634590943048, 'APPROACH-STEALTH'
10, 10559, 56.52213568362107, 56.52213568362107, 'APPROACH-BLIND'
10, 10560, 56.532477819546614, 56.532477819546614, 'APPROACH-BLIND'
10, 10561, 56.542819955472154, 56.542819955472154, 'APPROACH-BLIND'
10, 10562, 56.553162091397695, 56.553162091397695, 'APPROACH-BLIND'
10, 10563, 56.563504227323236, 56.563504227323236, 'APPROACH-BLIND'
10, 10564, 56.568675295286006, 56.568675295286006, 'APPROACH-STEALTH'
10, 10565, 56.57384636324878, 56.57384636324878, 'APPROACH-STEALTH'
10, 10566, 56.57901743121155, 56.57901743121155, 'APPROACH-STEALTH'
10, 10567, 56.58418849917432, 56.58418849917432, 'APPROACH-STEALTH'
10, 10568, 56.58935956713709, 56.58935956713709, 'APPROACH-STEALTH'
10, 10569, 56.59453063509986, 56.59453063509986, 'APPROACH-STEALTH'
10, 10570, 56.59970170306263, 56.59970170306263, 'APPROACH-STEALTH'
10, 10571, 56.6048727710254, 56.6048727710254, 'APPROACH-STEALTH'
10, 10572, 56.61004383898817, 56.61004383898817, 'APPROACH-STEALTH'
10, 10573, 56.61521490695094, 56.61521490695094, 'APPROACH-STEALTH'
10, 10574, 56.62038597491371, 56.62038597491371, 'APPROACH-STEALTH'
10, 10575, 56.62555704287648, 56.62555704287648, 'APPROACH-STEALTH'
10, 10576, 56.63072811083925, 56.63072811083925, 'APPROACH-STEALTH'
10, 10577, 56.63589917880202, 56.63589917880202, 'APPROACH-STEALTH'
10, 10578, 56.64107024676479, 56.64107024676479, 'APPROACH-STEALTH'
10, 10579, 56.64624131472756, 56.64624131472756, 'APPROACH-STEALTH'
10, 10580, 56.65141238269033, 56.65141238269033, 'APPROACH-STEALTH'
10, 10581, 56.6565834506531, 56.6565834506531, 'APPROACH-STEALTH'
10, 10582, 56.66175451861587, 56.66175451861587, 'APPROACH-STEALTH'
10, 10583, 56.66692558657864, 56.66692558657864, 'APPROACH-STEALTH'
10, 10584, 56.67209665454141, 56.67209665454141, 'APPROACH-STEALTH'
10, 10585, 56.67726772250418, 56.67726772250418, 'APPROACH-STEALTH'
10, 10586, 56.68243879046695, 56.68243879046695, 'APPROACH-STEALTH'
10, 10587, 56.687609858429724, 56.687609858429724, 'APPROACH-STEALTH'
10, 10588, 56.692780926392494, 56.692780926392494, 'APPROACH-STEALTH'
10, 10589, 56.697951994355265, 56.697951994355265, 'APPROACH-STEALTH'
10, 10590, 56.703123062318035, 56.703123062318035, 'APPROACH-STEALTH'
10, 10591, 56.708294130280805, 56.708294130280805, 'APPROACH-STEALTH'
10, 10592, 56.713465198243576, 56.713465198243576, 'APPROACH-STEALTH'
10, 10593, 56.718636266206346, 56.718636266206346, 'APPROACH-STEALTH'
10, 10594, 56.723807334169116, 56.723807334169116, 'APPROACH-STEALTH'
10, 10595, 56.72897840213189, 56.72897840213189, 'APPROACH-STEALTH'
10, 10596, 56.73414947009466, 56.73414947009466, 'APPROACH-STEALTH'
10, 10597, 56.73932053805743, 56.73932053805743, 'APPROACH-STEALTH'
10, 10598, 56.7444916060202, 56.7444916060202, 'APPROACH-STEALTH'
10, 10599, 56.74966267398297, 56.74966267398297, 'APPROACH-STEALTH'
10, 10600, 56.75483374194574, 56.75483374194574, 'APPROACH-STEALTH'
10, 10601, 56.76000480990851, 56.76000480990851, 'APPROACH-STEALTH'
10, 10602, 56.76517587787128, 56.76517587787128, 'APPROACH-STEALTH'
10, 10603, 56.77034694583405, 56.77034694583405, 'APPROACH-STEALTH'
10, 10604, 56.77551801379682, 56.77551801379682, 'APPROACH-STEALTH'
10, 10605, 56.78068908175959, 56.78068908175959, 'APPROACH-STEALTH'
10, 10606, 56.78586014972236, 56.78586014972236, 'APPROACH-STEALTH'
10, 10607, 56.79103121768513, 56.79103121768513, 'APPROACH-STEALTH'
10, 10608, 56.7962022856479, 56.7962022856479, 'APPROACH-STEALTH'
10, 10609, 56.80137335361067, 56.80137335361067, 'APPROACH-STEALTH'
10, 10610, 56.81421013479019, 56.81421013479019, 'APPROACH-STEALTH'
10, 10611, 56.8270469159697, 56.8270469159697, 'APPROACH-STEALTH'
10, 10612, 56.83988369714922, 56.83988369714922, 'APPROACH-STEALTH'
10, 10613, 56.852720478328735, 56.852720478328735, 'APPROACH-STEALTH'
10, 10614, 56.86555725950825, 56.86555725950825, 'APPROACH-STEALTH'
10, 10615, 56.878394040687766, 56.878394040687766, 'APPROACH-STEALTH'
10, 10616, 56.89123082186728, 56.89123082186728, 'APPROACH-STEALTH'
10, 10617, 56.9040676030468, 56.9040676030468, 'APPROACH-STEALTH'
10, 10618, 56.92974116540583, 56.92974116540583, 'APPROACH-BLIND'
10, 10619, 56.95541472776486, 56.95541472776486, 'APPROACH-BLIND'
10, 10620, 56.98108829012389, 56.98108829012389, 'APPROACH-BLIND'
10, 10621, 57.006761852482924, 57.006761852482924, 'APPROACH-BLIND'
10, 10622, 57.032435414841956, 57.032435414841956, 'APPROACH-BLIND'
10, 10623, 57.05810897720099, 57.05810897720099, 'APPROACH-BLIND'
10, 10624, 57.08378253956002, 57.08378253956002, 'APPROACH-BLIND'
10, 10625, 57.10945610191905, 57.10945610191905, 'APPROACH-BLIND'
10, 10626, 57.13512966427808, 57.13512966427808, 'APPROACH-BLIND'
10, 10627, 57.160803226637114, 57.160803226637114, 'APPROACH-BLIND'
10, 10628, 57.186476788996146, 57.186476788996146, 'APPROACH-BLIND'
10, 10629, 57.21215035135518, 57.21215035135518, 'APPROACH-BLIND'
10, 10630, 57.23782391371421, 57.23782391371421, 'APPROACH-BLIND'
10, 10631, 57.26349747607324, 57.26349747607324, 'APPROACH-BLIND'
10, 10632, 57.28917103843227, 57.28917103843227, 'APPROACH-BLIND'
10, 10633, 57.314844600791304, 57.314844600791304, 'APPROACH-BLIND'
10, 10634, 57.340518163150335, 57.340518163150335, 'APPROACH-BLIND'
10, 10635, 57.35335494432985, 57.35335494432985, 'APPROACH-STEALTH'
10, 10636, 57.36619172550937, 57.36619172550937, 'APPROACH-STEALTH'
10, 10637, 57.37902850668888, 57.37902850668888, 'APPROACH-STEALTH'
10, 10638, 57.3918652878684, 57.3918652878684, 'APPROACH-STEALTH'
10, 10639, 57.404702069047914, 57.404702069047914, 'APPROACH-STEALTH'
10, 10640, 57.41753885022743, 57.41753885022743, 'APPROACH-STEALTH'
10, 10641, 57.430375631406946, 57.430375631406946, 'APPROACH-STEALTH'
10, 10642, 57.44321241258646, 57.44321241258646, 'APPROACH-STEALTH'
10, 10643, 57.45604919376598, 57.45604919376598, 'APPROACH-STEALTH'
10, 10644, 57.46888597494549, 57.46888597494549, 'APPROACH-STEALTH'
10, 10645, 57.48172275612501, 57.48172275612501, 'APPROACH-STEALTH'
10, 10646, 57.494559537304525, 57.494559537304525, 'APPROACH-STEALTH'
10, 10647, 57.50739631848404, 57.50739631848404, 'APPROACH-STEALTH'
10, 10648, 57.512657562069606, 57.512657562069606, 'APPROACH-STEALTH'
10, 10649, 57.51791880565517, 57.51791880565517, 'APPROACH-STEALTH'
10, 10650, 57.523180049240736, 57.523180049240736, 'APPROACH-STEALTH'
10, 10651, 57.5284412928263, 57.5284412928263, 'APPROACH-STEALTH'
10, 10652, 57.533702536411866, 57.533702536411866, 'APPROACH-STEALTH'
10, 10653, 57.53896377999743, 57.53896377999743, 'APPROACH-STEALTH'
10, 10654, 57.544225023582996, 57.544225023582996, 'APPROACH-STEALTH'
10, 10655, 57.54948626716856, 57.54948626716856, 'APPROACH-STEALTH'
10, 10656, 57.554747510754126, 57.554747510754126, 'APPROACH-STEALTH'
10, 10657, 57.56000875433969, 57.56000875433969, 'APPROACH-STEALTH'
10, 10658, 57.565269997925256, 57.565269997925256, 'APPROACH-STEALTH'
10, 10659, 57.57053124151082, 57.57053124151082, 'APPROACH-STEALTH'
10, 10660, 57.575792485096386, 57.575792485096386, 'APPROACH-STEALTH'
10, 10661, 57.58105372868195, 57.58105372868195, 'APPROACH-STEALTH'
10, 10662, 57.586314972267516, 57.586314972267516, 'APPROACH-STEALTH'
10, 10663, 57.59157621585308, 57.59157621585308, 'APPROACH-STEALTH'
10, 10664, 57.596837459438646, 57.596837459438646, 'APPROACH-STEALTH'
10, 10665, 57.60209870302421, 57.60209870302421, 'APPROACH-STEALTH'
10, 10666, 57.607359946609776, 57.607359946609776, 'APPROACH-STEALTH'
10, 10667, 57.61262119019534, 57.61262119019534, 'APPROACH-STEALTH'
10, 10668, 57.617882433780906, 57.617882433780906, 'APPROACH-STEALTH'
10, 10669, 57.62314367736647, 57.62314367736647, 'APPROACH-STEALTH'
10, 10670, 57.628404920952036, 57.628404920952036, 'APPROACH-STEALTH'
10, 10671, 57.6336661645376, 57.6336661645376, 'APPROACH-STEALTH'
10, 10672, 57.638927408123166, 57.638927408123166, 'APPROACH-STEALTH'
10, 10673, 57.64418865170873, 57.64418865170873, 'APPROACH-STEALTH'
10, 10674, 57.649449895294296, 57.649449895294296, 'APPROACH-STEALTH'
10, 10675, 57.65471113887986, 57.65471113887986, 'APPROACH-STEALTH'
10, 10676, 57.659972382465426, 57.659972382465426, 'APPROACH-STEALTH'
10, 10677, 57.66523362605099, 57.66523362605099, 'APPROACH-STEALTH'
10, 10678, 57.670494869636556, 57.670494869636556, 'APPROACH-STEALTH'
10, 10679, 57.67575611322212, 57.67575611322212, 'APPROACH-STEALTH'
10, 10680, 57.681017356807686, 57.681017356807686, 'APPROACH-STEALTH'
10, 10681, 57.68627860039325, 57.68627860039325, 'APPROACH-STEALTH'
10, 10682, 57.691539843978816, 57.691539843978816, 'APPROACH-STEALTH'
10, 10683, 57.69680108756438, 57.69680108756438, 'APPROACH-STEALTH'
10, 10684, 57.702062331149946, 57.702062331149946, 'APPROACH-STEALTH'
10, 10685, 57.70732357473551, 57.70732357473551, 'APPROACH-STEALTH'
10, 10686, 57.712584818321076, 57.712584818321076, 'APPROACH-STEALTH'
10, 10687, 57.723107305492206, 57.723107305492206, 'APPROACH-BLIND'
10, 10688, 57.733629792663336, 57.733629792663336, 'APPROACH-BLIND'
10, 10689, 57.744152279834466, 57.744152279834466, 'APPROACH-BLIND'
10, 10690, 57.754674767005596, 57.754674767005596, 'APPROACH-BLIND'
10, 10691, 57.76519725417673, 57.76519725417673, 'APPROACH-BLIND'
10, 10692, 57.77571974134786, 57.77571974134786, 'APPROACH-BLIND'
10, 10693, 57.78624222851899, 57.78624222851899, 'APPROACH-BLIND'
10, 10694, 57.79676471569012, 57.79676471569012, 'APPROACH-BLIND'
10, 10695, 57.82244211892776, 57.82244211892776, 'APPROACH-BLIND'
10, 10696, 57.848119522165405, 57.848119522165405, 'APPROACH-BLIND'
10, 10697, 57.87379692540305, 57.87379692540305, 'APPROACH-BLIND'
10, 10698, 57.89947432864069, 57.89947432864069, 'APPROACH-BLIND'
10, 10699, 57.92515173187834, 57.92515173187834, 'APPROACH-STEALTH'
10, 10700, 57.95082913511598, 57.95082913511598, 'APPROACH-STEALTH'
10, 10701, 57.976506538353625, 57.976506538353625, 'APPROACH-STEALTH'
10, 10702, 58.00218394159127, 58.00218394159127, 'APPROACH-STEALTH'
10, 10703, 58.027861344828914, 58.027861344828914, 'APPROACH-STEALTH'
10, 10704, 58.05353874806656, 58.05353874806656, 'APPROACH-STEALTH'
10, 10705, 58.0792161513042, 58.0792161513042, 'APPROACH-STEALTH'
10, 10706, 58.104893554541846, 58.104893554541846, 'APPROACH-STEALTH'
10, 10707, 58.13057095777949, 58.13057095777949, 'APPROACH-STEALTH'
10, 10708, 58.156248361017134, 58.156248361017134, 'APPROACH-STEALTH'
10, 10709, 58.18192576425478, 58.18192576425478, 'APPROACH-STEALTH'
10, 10710, 58.20760316749242, 58.20760316749242, 'APPROACH-STEALTH'
10, 10711, 58.233280570730074, 58.233280570730074, 'APPROACH-STEALTH'
10, 10712, 58.258957973967725, 58.258957973967725, 'APPROACH-STEALTH'
10, 10713, 58.284635377205376, 58.284635377205376, 'APPROACH-STEALTH'
10, 10714, 58.31031278044303, 58.31031278044303, 'APPROACH-STEALTH'
10, 10715, 58.33599018368068, 58.33599018368068, 'APPROACH-STEALTH'
10, 10716, 58.36166758691833, 58.36166758691833, 'APPROACH-STEALTH'
10, 10717, 58.38734499015598, 58.38734499015598, 'APPROACH-BLIND'
10, 10718, 58.41302239339363, 58.41302239339363, 'APPROACH-BLIND'
10, 10719, 58.43869979663128, 58.43869979663128, 'APPROACH-BLIND'
10, 10720, 58.464377199868935, 58.464377199868935, 'APPROACH-BLIND'
10, 10721, 58.490054603106586, 58.490054603106586, 'APPROACH-BLIND'
10, 10722, 58.51573200634424, 58.51573200634424, 'APPROACH-BLIND'
10, 10723, 58.52612855335081, 58.52612855335081, 'APPROACH-BLIND'
10, 10724, 58.53652510035738, 58.53652510035738, 'APPROACH-BLIND'
10, 10725, 58.54692164736395, 58.54692164736395, 'APPROACH-BLIND'
10, 10726, 58.557318194370524, 58.557318194370524, 'APPROACH-BLIND'
10, 10727, 58.567714741377095, 58.567714741377095, 'APPROACH-BLIND'
10, 10728, 58.57811128838367, 58.57811128838367, 'APPROACH-BLIND'
10, 10729, 58.58850783539024, 58.58850783539024, 'APPROACH-BLIND'
10, 10730, 58.59890438239681, 58.59890438239681, 'APPROACH-BLIND'
10, 10731, 58.60930092940338, 58.60930092940338, 'APPROACH-BLIND'
10, 10732, 58.619697476409954, 58.619697476409954, 'APPROACH-STEALTH'
10, 10733, 58.630094023416525, 58.630094023416525, 'APPROACH-STEALTH'
10, 10734, 58.6404905704231, 58.6404905704231, 'APPROACH-STEALTH'
10, 10735, 58.65088711742967, 58.65088711742967, 'APPROACH-STEALTH'
10, 10736, 58.66128366443624, 58.66128366443624, 'APPROACH-STEALTH'
10, 10737, 58.67168021144281, 58.67168021144281, 'APPROACH-STEALTH'
10, 10738, 58.682076758449384, 58.682076758449384, 'APPROACH-STEALTH'
10, 10739, 58.692473305455955, 58.692473305455955, 'APPROACH-STEALTH'
10, 10740, 58.70286985246253, 58.70286985246253, 'APPROACH-STEALTH'
10, 10741, 58.7132663994691, 58.7132663994691, 'APPROACH-STEALTH'
10, 10742, 58.72366294647567, 58.72366294647567, 'APPROACH-STEALTH'
10, 10743, 58.73405949348224, 58.73405949348224, 'APPROACH-STEALTH'
10, 10744, 58.744456040488814, 58.744456040488814, 'APPROACH-STEALTH'
10, 10745, 58.754852587495385, 58.754852587495385, 'APPROACH-STEALTH'
10, 10746, 58.76524913450196, 58.76524913450196, 'APPROACH-STEALTH'
10, 10747, 58.77564568150853, 58.77564568150853, 'APPROACH-STEALTH'
10, 10748, 58.7860422285151, 58.7860422285151, 'APPROACH-STEALTH'
10, 10749, 58.79643877552167, 58.79643877552167, 'APPROACH-BLIND'
10, 10750, 58.806835322528244, 58.806835322528244, 'APPROACH-BLIND'
10, 10751, 58.8326164565434, 58.8326164565434, 'APPROACH-BLIND'
10, 10752, 58.85839759055855, 58.85839759055855, 'APPROACH-BLIND'
10, 10753, 58.88417872457371, 58.88417872457371, 'APPROACH-BLIND'
10, 10754, 58.90995985858886, 58.90995985858886, 'APPROACH-BLIND'
10, 10755, 58.93574099260402, 58.93574099260402, 'APPROACH-BLIND'
10, 10756, 58.96152212661917, 58.96152212661917, 'APPROACH-BLIND'
10, 10757, 58.98730326063433, 58.98730326063433, 'APPROACH-STEALTH'
10, 10758, 59.01308439464948, 59.01308439464948, 'APPROACH-STEALTH'
10, 10759, 59.03886552866464, 59.03886552866464, 'APPROACH-STEALTH'
10, 10760, 59.06464666267979, 59.06464666267979, 'APPROACH-BLIND'
10, 10761, 59.09042779669495, 59.09042779669495, 'APPROACH-BLIND'
10, 10762, 59.08950959757737, 59.08950959757737, 'APPROACH-STEALTH'
10, 10763, 59.08859139845979, 59.08859139845979, 'APPROACH-STEALTH'
10, 10764, 59.08767319934221, 59.08767319934221, 'APPROACH-STEALTH'
10, 10765, 59.086755000224635, 59.086755000224635, 'APPROACH-STEALTH'
10, 10766, 59.08583680110706, 59.08583680110706, 'APPROACH-STEALTH'
10, 10767, 59.08491860198948, 59.08491860198948, 'APPROACH-STEALTH'
10, 10768, 59.0840004028719, 59.0840004028719, 'APPROACH-STEALTH'
10, 10769, 59.08308220375432, 59.08308220375432, 'APPROACH-STEALTH'
10, 10770, 59.082164004636745, 59.082164004636745, 'APPROACH-STEALTH'
10, 10771, 59.08124580551917, 59.08124580551917, 'APPROACH-STEALTH'
10, 10772, 59.08032760640159, 59.08032760640159, 'APPROACH-STEALTH'
10, 10773, 59.07940940728401, 59.07940940728401, 'APPROACH-STEALTH'
10, 10774, 59.07849120816643, 59.07849120816643, 'APPROACH-STEALTH'
10, 10775, 59.077573009048855, 59.077573009048855, 'APPROACH-STEALTH'
10, 10776, 59.07665480993128, 59.07665480993128, 'APPROACH-STEALTH'
10, 10777, 59.0757366108137, 59.0757366108137, 'APPROACH-STEALTH'
10, 10778, 59.07481841169612, 59.07481841169612, 'APPROACH-STEALTH'
10, 10779, 59.07390021257854, 59.07390021257854, 'APPROACH-STEALTH'
10, 10780, 59.072982013460965, 59.072982013460965, 'APPROACH-STEALTH'
10, 10781, 59.07206381434339, 59.07206381434339, 'APPROACH-STEALTH'
10, 10782, 59.07114561522581, 59.07114561522581, 'APPROACH-STEALTH'
10, 10783, 59.07022741610823, 59.07022741610823, 'APPROACH-STEALTH'
10, 10784, 59.06930921699065, 59.06930921699065, 'APPROACH-STEALTH'
10, 10785, 59.068391017873076, 59.068391017873076, 'APPROACH-STEALTH'
10, 10786, 59.0674728187555, 59.0674728187555, 'APPROACH-STEALTH'
10, 10787, 59.06655461963792, 59.06655461963792, 'APPROACH-STEALTH'
10, 10788, 59.06563642052034, 59.06563642052034, 'APPROACH-STEALTH'
10, 10789, 59.064718221402764, 59.064718221402764, 'APPROACH-STEALTH'
10, 10790, 59.063800022285186, 59.063800022285186, 'APPROACH-STEALTH'
10, 10791, 59.06288182316761, 59.06288182316761, 'APPROACH-STEALTH'
10, 10792, 59.06104542493245, 59.06104542493245, 'APPROACH-STEALTH'
10, 10793, 59.059209026697296, 59.059209026697296, 'APPROACH-STEALTH'
10, 10794, 59.05737262846214, 59.05737262846214, 'APPROACH-STEALTH'
10, 10795, 59.055536230226984, 59.055536230226984, 'APPROACH-STEALTH'
10, 10796, 59.05369983199183, 59.05369983199183, 'APPROACH-BLIND'
10, 10797, 59.05186343375667, 59.05186343375667, 'APPROACH-BLIND'
10, 10798, 59.05002703552152, 59.05002703552152, 'APPROACH-BLIND'
10, 10799, 59.04819063728637, 59.04819063728637, 'APPROACH-BLIND'
10, 10800, 59.04635423905122, 59.04635423905122, 'APPROACH-BLIND'
10, 10801, 59.04451784081606, 59.04451784081606, 'APPROACH-BLIND'
10, 10802, 59.042681442580914, 59.042681442580914, 'APPROACH-BLIND'
10, 10803, 59.04084504434576, 59.04084504434576, 'APPROACH-BLIND'
10, 10804, 59.03900864611061, 59.03900864611061, 'APPROACH-BLIND'
10, 10805, 59.03717224787545, 59.03717224787545, 'APPROACH-BLIND'
10, 10806, 59.035335849640305, 59.035335849640305, 'APPROACH-BLIND'
10, 10807, 59.03349945140515, 59.03349945140515, 'APPROACH-BLIND'
10, 10808, 59.03166305316999, 59.03166305316999, 'APPROACH-BLIND'
10, 10809, 59.031068066650526, 59.031068066650526, 'APPROACH-BLIND'
10, 10810, 59.03047308013106, 59.03047308013106, 'APPROACH-BLIND'
10, 10811, 59.02987809361159, 59.02987809361159, 'APPROACH-BLIND'
10, 10812, 59.02928310709213, 59.02928310709213, 'APPROACH-BLIND'
10, 10813, 59.02868812057266, 59.02868812057266, 'APPROACH-BLIND'
10, 10814, 59.028093134053194, 59.028093134053194, 'APPROACH-BLIND'
10, 10815, 59.02749814753373, 59.02749814753373, 'APPROACH-BLIND'
10, 10816, 59.02690316101426, 59.02690316101426, 'APPROACH-BLIND'
10, 10817, 59.026308174494794, 59.026308174494794, 'APPROACH-BLIND'
10, 10818, 59.02571318797533, 59.02571318797533, 'APPROACH-BLIND'
10, 10819, 59.02511820145586, 59.02511820145586, 'APPROACH-BLIND'
10, 10820, 59.024523214936394, 59.024523214936394, 'APPROACH-BLIND'
10, 10821, 59.02392822841693, 59.02392822841693, 'APPROACH-BLIND'
10, 10822, 59.02333324189746, 59.02333324189746, 'APPROACH-BLIND'
10, 10823, 59.022738255377995, 59.022738255377995, 'APPROACH-BLIND'
10, 10824, 59.02214326885853, 59.02214326885853, 'APPROACH-BLIND'
10, 10825, 59.02154828233906, 59.02154828233906, 'APPROACH-BLIND'
10, 10826, 59.020953295819595, 59.020953295819595, 'APPROACH-BLIND'
10, 10827, 59.02035830930013, 59.02035830930013, 'APPROACH-BLIND'
10, 10828, 59.01976332278066, 59.01976332278066, 'APPROACH-BLIND'
10, 10829, 59.01946582952093, 59.01946582952093, 'APPROACH-STEALTH'
10, 10830, 59.0191683362612, 59.0191683362612, 'APPROACH-STEALTH'
10, 10831, 59.01887084300147, 59.01887084300147, 'APPROACH-STEALTH'
10, 10832, 59.01857334974174, 59.01857334974174, 'APPROACH-STEALTH'
10, 10833, 59.01827585648201, 59.01827585648201, 'APPROACH-STEALTH'
10, 10834, 59.017978363222284, 59.017978363222284, 'APPROACH-STEALTH'
10, 10835, 59.017680869962554, 59.017680869962554, 'APPROACH-STEALTH'
10, 10836, 59.017383376702824, 59.017383376702824, 'APPROACH-STEALTH'
10, 10837, 59.017085883443094, 59.017085883443094, 'APPROACH-STEALTH'
10, 10838, 59.016788390183365, 59.016788390183365, 'APPROACH-STEALTH'
10, 10839, 59.016490896923635, 59.016490896923635, 'APPROACH-STEALTH'
10, 10840, 59.016193403663905, 59.016193403663905, 'APPROACH-STEALTH'
10, 10841, 59.015895910404176, 59.015895910404176, 'APPROACH-STEALTH'
10, 10842, 59.015598417144446, 59.015598417144446, 'APPROACH-STEALTH'
10, 10843, 59.015300923884716, 59.015300923884716, 'APPROACH-STEALTH'
10, 10844, 59.015003430624986, 59.015003430624986, 'APPROACH-STEALTH'
10, 10845, 59.01470593736526, 59.01470593736526, 'APPROACH-STEALTH'
10, 10846, 59.01440844410553, 59.01440844410553, 'APPROACH-STEALTH'
10, 10847, 59.0141109508458, 59.0141109508458, 'APPROACH-STEALTH'
10, 10848, 59.01381345758607, 59.01381345758607, 'APPROACH-STEALTH'
10, 10849, 59.01351596432634, 59.01351596432634, 'APPROACH-STEALTH'
10, 10850, 59.01321847106661, 59.01321847106661, 'APPROACH-STEALTH'
10, 10851, 59.01292097780688, 59.01292097780688, 'APPROACH-STEALTH'
10, 10852, 59.01262348454715, 59.01262348454715, 'APPROACH-STEALTH'
10, 10853, 59.01232599128742, 59.01232599128742, 'APPROACH-STEALTH'
10, 10854, 59.01202849802769, 59.01202849802769, 'APPROACH-STEALTH'
10, 10855, 59.01173100476796, 59.01173100476796, 'APPROACH-STEALTH'
10, 10856, 59.01143351150822, 59.01143351150822, 'APPROACH-STEALTH'
10, 10857, 59.01113601824849, 59.01113601824849, 'APPROACH-STEALTH'
10, 10858, 59.010838524988756, 59.010838524988756, 'APPROACH-STEALTH'
10, 10859, 59.010541031729026, 59.010541031729026, 'APPROACH-STEALTH'
10, 10860, 59.02297727417636, 59.02297727417636, 'APPROACH-STEALTH'
10, 10861, 59.0354135166237, 59.0354135166237, 'APPROACH-STEALTH'
10, 10862, 59.047849759071035, 59.047849759071035, 'APPROACH-STEALTH'
10, 10863, 59.06028600151837, 59.06028600151837, 'APPROACH-STEALTH'
10, 10864, 59.07272224396571, 59.07272224396571, 'APPROACH-STEALTH'
10, 10865, 59.097594728860386, 59.097594728860386, 'APPROACH-STEALTH'
10, 10866, 59.11003097130772, 59.11003097130772, 'APPROACH-STEALTH'
10, 10867, 59.12246721375506, 59.12246721375506, 'APPROACH-STEALTH'
10, 10868, 59.134903456202395, 59.134903456202395, 'APPROACH-STEALTH'
10, 10869, 59.14733969864973, 59.14733969864973, 'APPROACH-STEALTH'
10, 10870, 59.15977594109707, 59.15977594109707, 'APPROACH-STEALTH'
10, 10871, 59.1722121835444, 59.1722121835444, 'APPROACH-STEALTH'
10, 10872, 59.18464842599174, 59.18464842599174, 'APPROACH-STEALTH'
10, 10873, 59.197084668439075, 59.197084668439075, 'APPROACH-STEALTH'
10, 10874, 59.20952091088641, 59.20952091088641, 'APPROACH-STEALTH'
10, 10875, 59.22195715333375, 59.22195715333375, 'APPROACH-STEALTH'
10, 10876, 59.23439339578108, 59.23439339578108, 'APPROACH-STEALTH'
10, 10877, 59.24682963822842, 59.24682963822842, 'APPROACH-STEALTH'
10, 10878, 59.259265880675756, 59.259265880675756, 'APPROACH-STEALTH'
10, 10879, 59.27170212312309, 59.27170212312309, 'APPROACH-STEALTH'
10, 10880, 59.28413836557043, 59.28413836557043, 'APPROACH-STEALTH'
10, 10881, 59.296574608017764, 59.296574608017764, 'APPROACH-STEALTH'
10, 10882, 59.3090108504651, 59.3090108504651, 'APPROACH-STEALTH'
10, 10883, 59.321447092912436, 59.321447092912436, 'APPROACH-STEALTH'
10, 10884, 59.33388333535977, 59.33388333535977, 'APPROACH-STEALTH'
10, 10885, 59.34631957780711, 59.34631957780711, 'APPROACH-STEALTH'
10, 10886, 59.358755820254444, 59.358755820254444, 'APPROACH-STEALTH'
10, 10887, 59.37119206270178, 59.37119206270178, 'APPROACH-STEALTH'
10, 10888, 59.38362830514912, 59.38362830514912, 'APPROACH-STEALTH'
10, 10889, 59.39606454759645, 59.39606454759645, 'APPROACH-STEALTH'
10, 10890, 59.40850079004379, 59.40850079004379, 'APPROACH-STEALTH'
10, 10891, 59.420937032491125, 59.420937032491125, 'APPROACH-STEALTH'
10, 10892, 59.43337327493846, 59.43337327493846, 'APPROACH-STEALTH'
10, 10893, 59.4458095173858, 59.4458095173858, 'APPROACH-STEALTH'
10, 10894, 59.45824575983313, 59.45824575983313, 'APPROACH-STEALTH'
10, 10895, 59.47068200228047, 59.47068200228047, 'APPROACH-STEALTH'
10, 10896, 59.483118244727805, 59.483118244727805, 'APPROACH-STEALTH'
10, 10897, 59.49555448717514, 59.49555448717514, 'APPROACH-STEALTH'
10, 10898, 59.50799072962248, 59.50799072962248, 'APPROACH-STEALTH'
10, 10899, 59.513096541464236, 59.513096541464236, 'APPROACH-STEALTH'
10, 10900, 59.518202353305995, 59.518202353305995, 'APPROACH-STEALTH'
10, 10901, 59.52330816514775, 59.52330816514775, 'APPROACH-STEALTH'
10, 10902, 59.53351978883128, 59.53351978883128, 'APPROACH-BLIND'
10, 10903, 59.5437314125148, 59.5437314125148, 'APPROACH-BLIND'
10, 10904, 59.553943036198326, 59.553943036198326, 'APPROACH-BLIND'
10, 10905, 59.56415465988185, 59.56415465988185, 'APPROACH-BLIND'
10, 10906, 59.574366283565375, 59.574366283565375, 'APPROACH-BLIND'
10, 10907, 59.5845779072489, 59.5845779072489, 'APPROACH-BLIND'
10, 10908, 59.594789530932424, 59.594789530932424, 'APPROACH-BLIND'
10, 10909, 59.60500115461595, 59.60500115461595, 'APPROACH-BLIND'
10, 10910, 59.61521277829947, 59.61521277829947, 'APPROACH-BLIND'
10, 10911, 59.625424401983, 59.625424401983, 'APPROACH-BLIND'
10, 10912, 59.63563602566652, 59.63563602566652, 'APPROACH-BLIND'
10, 10913, 59.645847649350046, 59.645847649350046, 'APPROACH-BLIND'
10, 10914, 59.65605927303357, 59.65605927303357, 'APPROACH-BLIND'
10, 10915, 59.666270896717094, 59.666270896717094, 'APPROACH-BLIND'
10, 10916, 59.67648252040062, 59.67648252040062, 'APPROACH-BLIND'
10, 10917, 59.68669414408414, 59.68669414408414, 'APPROACH-BLIND'
10, 10918, 59.69690576776767, 59.69690576776767, 'APPROACH-BLIND'
10, 10919, 59.70711739145119, 59.70711739145119, 'APPROACH-BLIND'
10, 10920, 59.717329015134716, 59.717329015134716, 'APPROACH-BLIND'
10, 10921, 59.72754063881824, 59.72754063881824, 'APPROACH-BLIND'
10, 10922, 59.737752262501765, 59.737752262501765, 'APPROACH-BLIND'
10, 10923, 59.74796388618529, 59.74796388618529, 'APPROACH-BLIND'
10, 10924, 59.75817550986881, 59.75817550986881, 'APPROACH-BLIND'
10, 10925, 59.76838713355234, 59.76838713355234, 'APPROACH-BLIND'
10, 10926, 59.77859875723586, 59.77859875723586, 'APPROACH-BLIND'
10, 10927, 59.78881038091939, 59.78881038091939, 'APPROACH-BLIND'
10, 10928, 59.79902200460291, 59.79902200460291, 'APPROACH-BLIND'
10, 10929, 59.809233628286435, 59.809233628286435, 'APPROACH-BLIND'
10, 10930, 59.81277860268504, 59.81277860268504, 'APPROACH-BLIND'
10, 10931, 59.81632357708365, 59.81632357708365, 'APPROACH-BLIND'
10, 10932, 59.81986855148226, 59.81986855148226, 'APPROACH-BLIND'
10, 10933, 59.823413525880866, 59.823413525880866, 'APPROACH-BLIND'
10, 10934, 59.826958500279474, 59.826958500279474, 'APPROACH-BLIND'
10, 10935, 59.83050347467808, 59.83050347467808, 'APPROACH-BLIND'
10, 10936, 59.83404844907669, 59.83404844907669, 'APPROACH-BLIND'
10, 10937, 59.8375934234753, 59.8375934234753, 'APPROACH-BLIND'
10, 10938, 59.841138397873905, 59.841138397873905, 'APPROACH-BLIND'
10, 10939, 59.84468337227251, 59.84468337227251, 'APPROACH-BLIND'
10, 10940, 59.84822834667112, 59.84822834667112, 'APPROACH-BLIND'
10, 10941, 59.85177332106973, 59.85177332106973, 'APPROACH-BLIND'
10, 10942, 59.85531829546834, 59.85531829546834, 'APPROACH-BLIND'
10, 10943, 59.858863269866944, 59.858863269866944, 'APPROACH-BLIND'
10, 10944, 59.86240824426555, 59.86240824426555, 'APPROACH-BLIND'
10, 10945, 59.86595321866416, 59.86595321866416, 'APPROACH-BLIND'
10, 10946, 59.86949819306277, 59.86949819306277, 'APPROACH-BLIND'
10, 10947, 59.873043167461375, 59.873043167461375, 'APPROACH-BLIND'
10, 10948, 59.87658814185998, 59.87658814185998, 'APPROACH-BLIND'
10, 10949, 59.88013311625859, 59.88013311625859, 'APPROACH-BLIND'
10, 10950, 59.8836780906572, 59.8836780906572, 'APPROACH-BLIND'
10, 10951, 59.88722306505581, 59.88722306505581, 'APPROACH-BLIND'
10, 10952, 59.890768039454414, 59.890768039454414, 'APPROACH-BLIND'
10, 10953, 59.89431301385302, 59.89431301385302, 'APPROACH-BLIND'
10, 10954, 59.89785798825163, 59.89785798825163, 'APPROACH-BLIND'
10, 10955, 59.90140296265024, 59.90140296265024, 'APPROACH-BLIND'
10, 10956, 59.904947937048846, 59.904947937048846, 'APPROACH-BLIND'
10, 10957, 59.90849291144745, 59.90849291144745, 'APPROACH-BLIND'
10, 10958, 59.912037885846054, 59.912037885846054, 'APPROACH-BLIND'
10, 10959, 59.91558286024466, 59.91558286024466, 'APPROACH-BLIND'
10, 10960, 59.91912783464326, 59.91912783464326, 'APPROACH-BLIND'
10, 10961, 59.92267280904187, 59.92267280904187, 'APPROACH-BLIND'
10, 10962, 59.92621778344047, 59.92621778344047, 'APPROACH-BLIND'
10, 10963, 59.92976275783908, 59.92976275783908, 'APPROACH-BLIND'
10, 10964, 59.93330773223768, 59.93330773223768, 'APPROACH-BLIND'
10, 10965, 59.93685270663629, 59.93685270663629, 'APPROACH-BLIND'
10, 10966, 59.93802829107679, 59.93802829107679, 'APPROACH-BLIND'
10, 10967, 59.93920387551729, 59.93920387551729, 'APPROACH-BLIND'
10, 10968, 59.940379459957796, 59.940379459957796, 'APPROACH-BLIND'
10, 10969, 59.9415550443983, 59.9415550443983, 'APPROACH-BLIND'
10, 10970, 59.9427306288388, 59.9427306288388, 'APPROACH-BLIND'
10, 10971, 59.943906213279305, 59.943906213279305, 'APPROACH-BLIND'
10, 10972, 59.94508179771981, 59.94508179771981, 'APPROACH-BLIND'
10, 10973, 59.94625738216031, 59.94625738216031, 'APPROACH-BLIND'
10, 10974, 59.947432966600815, 59.947432966600815, 'APPROACH-BLIND'
10, 10975, 59.94860855104131, 59.94860855104131, 'APPROACH-BLIND'
10, 10976, 59.94978413548181, 59.94978413548181, 'APPROACH-BLIND'
10, 10977, 59.95095971992231, 59.95095971992231, 'APPROACH-BLIND'
10, 10978, 59.95213530436281, 59.95213530436281, 'APPROACH-BLIND'
10, 10979, 59.95331088880331, 59.95331088880331, 'APPROACH-BLIND'
10, 10980, 59.95448647324381, 59.95448647324381, 'APPROACH-BLIND'
10, 10981, 59.95566205768431, 59.95566205768431, 'APPROACH-BLIND'
10, 10982, 59.95683764212481, 59.95683764212481, 'APPROACH-BLIND'
10, 10983, 59.958013226565306, 59.958013226565306, 'APPROACH-BLIND'
10, 10984, 59.95918881100581, 59.95918881100581, 'APPROACH-BLIND'
10, 10985, 59.960364395446305, 59.960364395446305, 'APPROACH-BLIND'
10, 10986, 59.96153997988681, 59.96153997988681, 'APPROACH-BLIND'
10, 10987, 59.962715564327304, 59.962715564327304, 'APPROACH-BLIND'
10, 10988, 59.96389114876781, 59.96389114876781, 'APPROACH-BLIND'
10, 10989, 59.9650667332083, 59.9650667332083, 'APPROACH-BLIND'
10, 10990, 59.966242317648806, 59.966242317648806, 'APPROACH-BLIND'
10, 10991, 59.9674179020893, 59.9674179020893, 'APPROACH-BLIND'
10, 10992, 59.968593486529805, 59.968593486529805, 'APPROACH-BLIND'
10, 10993, 59.9697690709703, 59.9697690709703, 'APPROACH-BLIND'
10, 10994, 59.970944655410804, 59.970944655410804, 'APPROACH-BLIND'
10, 10995, 59.9721202398513, 59.9721202398513, 'APPROACH-BLIND'
10, 10996, 59.9732958242918, 59.9732958242918, 'APPROACH-BLIND'
10, 10997, 59.9744714087323, 59.9744714087323, 'APPROACH-BLIND'
10, 10998, 59.9756469931728, 59.9756469931728, 'APPROACH-BLIND'
10, 10999, 59.9768225776133, 59.9768225776133, 'APPROACH-BLIND'
10, 11000, 59.9779981620538, 59.9779981620538, 'APPROACH-BLIND'
10, 11001, 59.9791737464943, 59.9791737464943, 'APPROACH-BLIND'
10, 11002, 59.97956153618617, 59.97956153618617, 'APPROACH-BLIND'
10, 11003, 59.97994932587804, 59.97994932587804, 'APPROACH-BLIND'
10, 11004, 59.98033711556991, 59.98033711556991, 'APPROACH-BLIND'
10, 11005, 59.98072490526178, 59.98072490526178, 'APPROACH-BLIND'
10, 11006, 59.98111269495365, 59.98111269495365, 'APPROACH-BLIND'
10, 11007, 59.98150048464552, 59.98150048464552, 'APPROACH-BLIND'
10, 11008, 59.98188827433739, 59.98188827433739, 'APPROACH-BLIND'
10, 11009, 59.982276064029264, 59.982276064029264, 'APPROACH-BLIND'
10, 11010, 59.982663853721135, 59.982663853721135, 'APPROACH-BLIND'
10, 11011, 59.983051643413006, 59.983051643413006, 'APPROACH-BLIND'
10, 11012, 59.98343943310488, 59.98343943310488, 'APPROACH-BLIND'
10, 11013, 59.98382722279675, 59.98382722279675, 'APPROACH-BLIND'
10, 11014, 59.98421501248862, 59.98421501248862, 'APPROACH-BLIND'
10, 11015, 59.98460280218049, 59.98460280218049, 'APPROACH-BLIND'
10, 11016, 59.98499059187236, 59.98499059187236, 'APPROACH-BLIND'
10, 11017, 59.98537838156423, 59.98537838156423, 'APPROACH-BLIND'
10, 11018, 59.9857661712561, 59.9857661712561, 'APPROACH-BLIND'
10, 11019, 59.98615396094797, 59.98615396094797, 'APPROACH-BLIND'
10, 11020, 59.986541750639844, 59.986541750639844, 'APPROACH-BLIND'
10, 11021, 59.986929540331715, 59.986929540331715, 'APPROACH-BLIND'
10, 11022, 59.987317330023586, 59.987317330023586, 'APPROACH-BLIND'
10, 11023, 59.98770511971546, 59.98770511971546, 'APPROACH-BLIND'
10, 11024, 59.98809290940733, 59.98809290940733, 'APPROACH-BLIND'
10, 11025, 59.9884806990992, 59.9884806990992, 'APPROACH-BLIND'
10, 11026, 59.98886848879107, 59.98886848879107, 'APPROACH-BLIND'
10, 11027, 59.98925627848294, 59.98925627848294, 'APPROACH-BLIND'
10, 11028, 59.98964406817481, 59.98964406817481, 'APPROACH-BLIND'
10, 11029, 59.99003185786668, 59.99003185786668, 'APPROACH-BLIND'
10, 11030, 59.990419647558554, 59.990419647558554, 'APPROACH-BLIND'
10, 11031, 59.990807437250425, 59.990807437250425, 'APPROACH-BLIND'
10, 11032, 59.991195226942295, 59.991195226942295, 'APPROACH-BLIND'
10, 11033, 59.991583016634166, 59.991583016634166, 'APPROACH-BLIND'
10, 11034, 59.99197080632604, 59.99197080632604, 'APPROACH-BLIND'
10, 11035, 59.99235859601791, 59.99235859601791, 'APPROACH-BLIND'
10, 11036, 59.99274638570978, 59.99274638570978, 'APPROACH-BLIND'
10, 11037, 59.99313417540165, 59.99313417540165, 'APPROACH-BLIND'
10, 11038, 59.99326202140838, 59.99326202140838, 'APPROACH-BLIND'
10, 11039, 59.993389867415104, 59.993389867415104, 'APPROACH-BLIND'
10, 11040, 59.99351771342183, 59.99351771342183, 'APPROACH-BLIND'
10, 11041, 59.99364555942856, 59.99364555942856, 'APPROACH-BLIND'
10, 11042, 59.993773405435284, 59.993773405435284, 'APPROACH-BLIND'
10, 11043, 59.99390125144201, 59.99390125144201, 'APPROACH-BLIND'
10, 11044, 59.99402909744874, 59.99402909744874, 'APPROACH-BLIND'
10, 11045, 59.994156943455465, 59.994156943455465, 'APPROACH-BLIND'
10, 11046, 59.99428478946219, 59.99428478946219, 'APPROACH-BLIND'
10, 11047, 59.99441263546892, 59.99441263546892, 'APPROACH-BLIND'
10, 11048, 59.994540481475646, 59.994540481475646, 'APPROACH-BLIND'
10, 11049, 59.99466832748238, 59.99466832748238, 'APPROACH-BLIND'
10, 11050, 59.99479617348911, 59.99479617348911, 'APPROACH-BLIND'
10, 11051, 59.99492401949584, 59.99492401949584, 'APPROACH-BLIND'
10, 11052, 59.99505186550257, 59.99505186550257, 'APPROACH-BLIND'
10, 11053, 59.9951797115093, 59.9951797115093, 'APPROACH-BLIND'
10, 11054, 59.99530755751603, 59.99530755751603, 'APPROACH-BLIND'
10, 11055, 59.99543540352276, 59.99543540352276, 'APPROACH-BLIND'
10, 11056, 59.99556324952949, 59.99556324952949, 'APPROACH-BLIND'
10, 11057, 59.99569109553622, 59.99569109553622, 'APPROACH-BLIND'
10, 11058, 59.99581894154295, 59.99581894154295, 'APPROACH-BLIND'
10, 11059, 59.995946787549684, 59.995946787549684, 'APPROACH-BLIND'
10, 11060, 59.99607463355641, 59.99607463355641, 'APPROACH-BLIND'
10, 11061, 59.996202479563145, 59.996202479563145, 'APPROACH-BLIND'
10, 11062, 59.99633032556987, 59.99633032556987, 'APPROACH-BLIND'
10, 11063, 59.996458171576606, 59.996458171576606, 'APPROACH-BLIND'
10, 11064, 59.99658601758333, 59.99658601758333, 'APPROACH-BLIND'
10, 11065, 59.99671386359007, 59.99671386359007, 'APPROACH-BLIND'
10, 11066, 59.996841709596794, 59.996841709596794, 'APPROACH-BLIND'
10, 11067, 59.99696955560353, 59.99696955560353, 'APPROACH-BLIND'
10, 11068, 59.997097401610255, 59.997097401610255, 'APPROACH-BLIND'
10, 11069, 59.99722524761699, 59.99722524761699, 'APPROACH-BLIND'
10, 11070, 59.997353093623715, 59.997353093623715, 'APPROACH-BLIND'
10, 11071, 59.99748093963045, 59.99748093963045, 'APPROACH-BLIND'
10, 11072, 59.997608785637176, 59.997608785637176, 'APPROACH-BLIND'
10, 11073, 59.99773663164391, 59.99773663164391, 'APPROACH-BLIND'
10, 11074, 59.97282092043096, 59.97282092043096, 'APPROACH-BLIND'
10, 11075, 59.947905209218014, 59.947905209218014, 'APPROACH-BLIND'
10, 11076, 59.922989498005066, 59.922989498005066, 'APPROACH-BLIND'
10, 11077, 59.89807378679212, 59.89807378679212, 'APPROACH-BLIND'
10, 11078, 59.87315807557917, 59.87315807557917, 'APPROACH-BLIND'
10, 11079, 59.84824236436622, 59.84824236436622, 'APPROACH-BLIND'
10, 11080, 59.82332665315327, 59.82332665315327, 'APPROACH-BLIND'
10, 11081, 59.798410941940325, 59.798410941940325, 'APPROACH-BLIND'
10, 11082, 59.77349523072738, 59.77349523072738, 'APPROACH-BLIND'
10, 11083, 59.74857951951443, 59.74857951951443, 'APPROACH-BLIND'
10, 11084, 59.72366380830148, 59.72366380830148, 'APPROACH-BLIND'
10, 11085, 59.69874809708853, 59.69874809708853, 'APPROACH-BLIND'
10, 11086, 59.673832385875585, 59.673832385875585, 'APPROACH-BLIND'
10, 11087, 59.64891667466264, 59.64891667466264, 'APPROACH-BLIND'
10, 11088, 59.62400096344969, 59.62400096344969, 'APPROACH-BLIND'
10, 11089, 59.59908525223674, 59.59908525223674, 'APPROACH-BLIND'
10, 11090, 59.57416954102379, 59.57416954102379, 'APPROACH-BLIND'
10, 11091, 59.549253829810844, 59.549253829810844, 'APPROACH-BLIND'
10, 11092, 59.524338118597896, 59.524338118597896, 'APPROACH-BLIND'
10, 11093, 59.49942240738495, 59.49942240738495, 'APPROACH-BLIND'
10, 11094, 59.489088889036964, 59.489088889036964, 'APPROACH-BLIND'
10, 11095, 59.47875537068898, 59.47875537068898, 'APPROACH-BLIND'
10, 11096, 59.468421852340995, 59.468421852340995, 'APPROACH-BLIND'
10, 11097, 59.45808833399301, 59.45808833399301, 'APPROACH-BLIND'
10, 11098, 59.44775481564503, 59.44775481564503, 'APPROACH-BLIND'
10, 11099, 59.43742129729704, 59.43742129729704, 'APPROACH-BLIND'
10, 11100, 59.42708777894906, 59.42708777894906, 'APPROACH-BLIND'
10, 11101, 59.416754260601074, 59.416754260601074, 'APPROACH-BLIND'
10, 11102, 59.40642074225309, 59.40642074225309, 'APPROACH-BLIND'
10, 11103, 59.396087223905106, 59.396087223905106, 'APPROACH-BLIND'
10, 11104, 59.38575370555712, 59.38575370555712, 'APPROACH-BLIND'
10, 11105, 59.37542018720914, 59.37542018720914, 'APPROACH-BLIND'
10, 11106, 59.36508666886115, 59.36508666886115, 'APPROACH-BLIND'
10, 11107, 59.35475315051317, 59.35475315051317, 'APPROACH-BLIND'
10, 11108, 59.344419632165184, 59.344419632165184, 'APPROACH-BLIND'
10, 11109, 59.3340861138172, 59.3340861138172, 'APPROACH-BLIND'
10, 11110, 59.323752595469216, 59.323752595469216, 'APPROACH-BLIND'
10, 11111, 59.31341907712123, 59.31341907712123, 'APPROACH-BLIND'
10, 11112, 59.30308555877325, 59.30308555877325, 'APPROACH-BLIND'
10, 11113, 59.29275204042526, 59.29275204042526, 'APPROACH-BLIND'
10, 11114, 59.28241852207728, 59.28241852207728, 'APPROACH-BLIND'
10, 11115, 59.272085003729295, 59.272085003729295, 'APPROACH-BLIND'
10, 11116, 59.26175148538131, 59.26175148538131, 'APPROACH-BLIND'
10, 11117, 59.251417967033326, 59.251417967033326, 'APPROACH-BLIND'
10, 11118, 59.24108444868534, 59.24108444868534, 'APPROACH-BLIND'
10, 11119, 59.23075093033736, 59.23075093033736, 'APPROACH-BLIND'
10, 11120, 59.220417411989374, 59.220417411989374, 'APPROACH-BLIND'
10, 11121, 59.21008389364139, 59.21008389364139, 'APPROACH-BLIND'
10, 11122, 59.199750375293405, 59.199750375293405, 'APPROACH-BLIND'
10, 11123, 59.223328888353876, 59.223328888353876, 'APPROACH-BLIND'
10, 11124, 59.24690740141435, 59.24690740141435, 'APPROACH-BLIND'
10, 11125, 59.27048591447482, 59.27048591447482, 'APPROACH-BLIND'
10, 11126, 59.29406442753529, 59.29406442753529, 'APPROACH-BLIND'
10, 11127, 59.31764294059576, 59.31764294059576, 'APPROACH-BLIND'
10, 11128, 59.34122145365623, 59.34122145365623, 'APPROACH-BLIND'
10, 11129, 59.3647999667167, 59.3647999667167, 'APPROACH-BLIND'
10, 11130, 59.388378479777174, 59.388378479777174, 'APPROACH-BLIND'
10, 11131, 59.411956992837645, 59.411956992837645, 'APPROACH-BLIND'
10, 11132, 59.435535505898116, 59.435535505898116, 'APPROACH-BLIND'
10, 11133, 59.45911401895859, 59.45911401895859, 'APPROACH-BLIND'
10, 11134, 59.48269253201906, 59.48269253201906, 'APPROACH-BLIND'
10, 11135, 59.50627104507953, 59.50627104507953, 'APPROACH-BLIND'
10, 11136, 59.51608393055101, 59.51608393055101, 'APPROACH-BLIND'
10, 11137, 59.525896816022495, 59.525896816022495, 'APPROACH-BLIND'
10, 11138, 59.53570970149398, 59.53570970149398, 'APPROACH-BLIND'
10, 11139, 59.54552258696546, 59.54552258696546, 'APPROACH-BLIND'
10, 11140, 59.555335472436944, 59.555335472436944, 'APPROACH-BLIND'
10, 11141, 59.56514835790843, 59.56514835790843, 'APPROACH-BLIND'
10, 11142, 59.57496124337991, 59.57496124337991, 'APPROACH-BLIND'
10, 11143, 59.58477412885139, 59.58477412885139, 'APPROACH-BLIND'
10, 11144, 59.594587014322876, 59.594587014322876, 'APPROACH-BLIND'
10, 11145, 59.60439989979436, 59.60439989979436, 'APPROACH-BLIND'
10, 11146, 59.61421278526584, 59.61421278526584, 'APPROACH-BLIND'
10, 11147, 59.624025670737325, 59.624025670737325, 'APPROACH-BLIND'
10, 11148, 59.63383855620881, 59.63383855620881, 'APPROACH-BLIND'
10, 11149, 59.64365144168029, 59.64365144168029, 'APPROACH-BLIND'
10, 11150, 59.653464327151774, 59.653464327151774, 'APPROACH-BLIND'
10, 11151, 59.66327721262326, 59.66327721262326, 'APPROACH-BLIND'
10, 11152, 59.67309009809474, 59.67309009809474, 'APPROACH-BLIND'
10, 11153, 59.68290298356622, 59.68290298356622, 'APPROACH-BLIND'
10, 11154, 59.692715869037706, 59.692715869037706, 'APPROACH-BLIND'
10, 11155, 59.70252875450919, 59.70252875450919, 'APPROACH-BLIND'
10, 11156, 59.71234163998067, 59.71234163998067, 'APPROACH-BLIND'
10, 11157, 59.722154525452154, 59.722154525452154, 'APPROACH-BLIND'
10, 11158, 59.73196741092364, 59.73196741092364, 'APPROACH-BLIND'
10, 11159, 59.74178029639512, 59.74178029639512, 'APPROACH-BLIND'
10, 11160, 59.7515931818666, 59.7515931818666, 'APPROACH-BLIND'
10, 11161, 59.761406067338086, 59.761406067338086, 'APPROACH-BLIND'
10, 11162, 59.77121895280957, 59.77121895280957, 'APPROACH-BLIND'
10, 11163, 59.78103183828105, 59.78103183828105, 'APPROACH-BLIND'
10, 11164, 59.790844723752535, 59.790844723752535, 'APPROACH-BLIND'
10, 11165, 59.80065760922402, 59.80065760922402, 'APPROACH-BLIND'
10, 11166, 59.8104704946955, 59.8104704946955, 'APPROACH-BLIND'
10, 11167, 59.820283380166984, 59.820283380166984, 'APPROACH-BLIND'
10, 11168, 59.84604383570934, 59.84604383570934, 'APPROACH-BLIND'
10, 11169, 59.87180429125169, 59.87180429125169, 'APPROACH-BLIND'
10, 11170, 59.897564746794046, 59.897564746794046, 'APPROACH-BLIND'
10, 11171, 59.9233252023364, 59.9233252023364, 'APPROACH-BLIND'
10, 11172, 59.949085657878754, 59.949085657878754, 'APPROACH-BLIND'
10, 11173, 59.97484611342111, 59.97484611342111, 'APPROACH-BLIND'
10, 11174, 60.00060656896346, 60.00060656896346, 'APPROACH-BLIND'
10, 11175, 60.02636702450582, 60.02636702450582, 'APPROACH-BLIND'
10, 11176, 60.05212748004817, 60.05212748004817, 'APPROACH-BLIND'
10, 11177, 60.077887935590525, 60.077887935590525, 'APPROACH-BLIND'
10, 11178, 60.10364839113288, 60.10364839113288, 'APPROACH-BLIND'
10, 11179, 60.12940884667523, 60.12940884667523, 'APPROACH-BLIND'
10, 11180, 60.15516930221759, 60.15516930221759, 'APPROACH-BLIND'
10, 11181, 60.18092975775994, 60.18092975775994, 'APPROACH-BLIND'
10, 11182, 60.206690213302295, 60.206690213302295, 'APPROACH-BLIND'
10, 11183, 60.23245066884465, 60.23245066884465, 'APPROACH-BLIND'
10, 11184, 60.258211124387, 60.258211124387, 'APPROACH-BLIND'
10, 11185, 60.28397157992936, 60.28397157992936, 'APPROACH-BLIND'
10, 11186, 60.30973203547171, 60.30973203547171, 'APPROACH-BLIND'
10, 11187, 60.335492491014065, 60.335492491014065, 'APPROACH-BLIND'
10, 11188, 60.36125294655642, 60.36125294655642, 'APPROACH-BLIND'
10, 11189, 60.38701340209877, 60.38701340209877, 'APPROACH-BLIND'
10, 11190, 60.41277385764113, 60.41277385764113, 'APPROACH-BLIND'
10, 11191, 60.43853431318348, 60.43853431318348, 'APPROACH-BLIND'
10, 11192, 60.464294768725836, 60.464294768725836, 'APPROACH-BLIND'
10, 11193, 60.49005522426819, 60.49005522426819, 'APPROACH-BLIND'
10, 11194, 60.515815679810544, 60.515815679810544, 'APPROACH-BLIND'
10, 11195, 60.54335596616635, 60.54335596616635, 'APPROACH-BLIND'
10, 11196, 60.57089625252216, 60.57089625252216, 'APPROACH-BLIND'
10, 11197, 60.59843653887797, 60.59843653887797, 'APPROACH-BLIND'
10, 11198, 60.62597682523378, 60.62597682523378, 'APPROACH-BLIND'
10, 11199, 60.653517111589586, 60.653517111589586, 'APPROACH-BLIND'
10, 11200, 60.681057397945395, 60.681057397945395, 'APPROACH-BLIND'
10, 11201, 60.7085976843012, 60.7085976843012, 'APPROACH-BLIND'
10, 11202, 60.73613797065701, 60.73613797065701, 'APPROACH-BLIND'
10, 11203, 60.76367825701282, 60.76367825701282, 'APPROACH-BLIND'
10, 11204, 60.79121854336863, 60.79121854336863, 'APPROACH-BLIND'
10, 11205, 60.81875882972444, 60.81875882972444, 'APPROACH-BLIND'
10, 11206, 60.846299116080246, 60.846299116080246, 'APPROACH-BLIND'
10, 11207, 60.873839402436055, 60.873839402436055, 'APPROACH-BLIND'
10, 11208, 60.90137968879186, 60.90137968879186, 'APPROACH-BLIND'
10, 11209, 60.92891997514767, 60.92891997514767, 'APPROACH-BLIND'
10, 11210, 60.95646026150348, 60.95646026150348, 'APPROACH-BLIND'
10, 11211, 60.98400054785929, 60.98400054785929, 'APPROACH-BLIND'
10, 11212, 61.0115408342151, 61.0115408342151, 'APPROACH-BLIND'
10, 11213, 61.039081120570906, 61.039081120570906, 'APPROACH-BLIND'
10, 11214, 61.066621406926714, 61.066621406926714, 'APPROACH-BLIND'
10, 11215, 61.09416169328252, 61.09416169328252, 'APPROACH-BLIND'
10, 11216, 61.12170197963833, 61.12170197963833, 'APPROACH-BLIND'
10, 11217, 61.14924226599414, 61.14924226599414, 'APPROACH-BLIND'
10, 11218, 61.17678255234995, 61.17678255234995, 'APPROACH-BLIND'
10, 11219, 61.20432283870576, 61.20432283870576, 'APPROACH-BLIND'
10, 11220, 61.231863125061565, 61.231863125061565, 'APPROACH-BLIND'
10, 11221, 61.259403411417374, 61.259403411417374, 'APPROACH-BLIND'
10, 11222, 61.28694369777318, 61.28694369777318, 'APPROACH-BLIND'
10, 11223, 61.31448398412899, 61.31448398412899, 'APPROACH-BLIND'
10, 11224, 61.3420242704848, 61.3420242704848, 'APPROACH-BLIND'
10, 11225, 61.36956455684061, 61.36956455684061, 'APPROACH-BLIND'
10, 11226, 61.397104843196416, 61.397104843196416, 'APPROACH-BLIND'
10, 11227, 61.424645129552225, 61.424645129552225, 'APPROACH-BLIND'
10, 11228, 61.45218541590803, 61.45218541590803, 'APPROACH-BLIND'
10, 11229, 61.47972570226384, 61.47972570226384, 'APPROACH-BLIND'
10, 11230, 61.50726598861965, 61.50726598861965, 'APPROACH-BLIND'
10, 11231, 61.5350175911058, 61.5350175911058, 'APPROACH-BLIND'
10, 11232, 61.56276919359195, 61.56276919359195, 'APPROACH-BLIND'
10, 11233, 61.590520796078096, 61.590520796078096, 'APPROACH-BLIND'
10, 11234, 61.618272398564244, 61.618272398564244, 'APPROACH-BLIND'
10, 11235, 61.64602400105039, 61.64602400105039, 'APPROACH-BLIND'
10, 11236, 61.67377560353654, 61.67377560353654, 'APPROACH-BLIND'
10, 11237, 61.70152720602269, 61.70152720602269, 'APPROACH-BLIND'
10, 11238, 61.72927880850884, 61.72927880850884, 'APPROACH-BLIND'
10, 11239, 61.757030410994986, 61.757030410994986, 'APPROACH-BLIND'
10, 11240, 61.784782013481134, 61.784782013481134, 'APPROACH-BLIND'
10, 11241, 61.81253361596728, 61.81253361596728, 'APPROACH-BLIND'
10, 11242, 61.84028521845343, 61.84028521845343, 'APPROACH-BLIND'
10, 11243, 61.86803682093958, 61.86803682093958, 'APPROACH-BLIND'
10, 11244, 61.89578842342573, 61.89578842342573, 'APPROACH-BLIND'
10, 11245, 61.923540025911876, 61.923540025911876, 'APPROACH-BLIND'
10, 11246, 61.951291628398025, 61.951291628398025, 'APPROACH-BLIND'
10, 11247, 61.97904323088417, 61.97904323088417, 'APPROACH-BLIND'
10, 11248, 62.00679483337032, 62.00679483337032, 'APPROACH-BLIND'
10, 11249, 62.03454643585647, 62.03454643585647, 'APPROACH-BLIND'
10, 11250, 62.06229803834262, 62.06229803834262, 'APPROACH-BLIND'
10, 11251, 62.09004964082877, 62.09004964082877, 'APPROACH-BLIND'
10, 11252, 62.117801243314915, 62.117801243314915, 'APPROACH-BLIND'
10, 11253, 62.14555284580106, 62.14555284580106, 'APPROACH-BLIND'
10, 11254, 62.17330444828721, 62.17330444828721, 'APPROACH-BLIND'
10, 11255, 62.20105605077336, 62.20105605077336, 'APPROACH-BLIND'
10, 11256, 62.22880765325951, 62.22880765325951, 'APPROACH-BLIND'
10, 11257, 62.25655925574566, 62.25655925574566, 'APPROACH-BLIND'
10, 11258, 62.284310858231805, 62.284310858231805, 'APPROACH-BLIND'
10, 11259, 62.312062460717954, 62.312062460717954, 'APPROACH-BLIND'
10, 11260, 62.3398140632041, 62.3398140632041, 'APPROACH-BLIND'
10, 11261, 62.36756566569025, 62.36756566569025, 'APPROACH-BLIND'
10, 11262, 62.3953172681764, 62.3953172681764, 'APPROACH-BLIND'
10, 11263, 62.42306887066255, 62.42306887066255, 'APPROACH-BLIND'
10, 11264, 62.450820473148696, 62.450820473148696, 'APPROACH-BLIND'
10, 11265, 62.478572075634844, 62.478572075634844, 'APPROACH-BLIND'
10, 11266, 62.50632367812099, 62.50632367812099, 'APPROACH-BLIND'
10, 11267, 62.53409859297236, 62.53409859297236, 'APPROACH-BLIND'
10, 11268, 62.561873507823734, 62.561873507823734, 'APPROACH-BLIND'
10, 11269, 62.589648422675104, 62.589648422675104, 'APPROACH-BLIND'
10, 11270, 62.617423337526475, 62.617423337526475, 'APPROACH-BLIND'
10, 11271, 62.645198252377845, 62.645198252377845, 'APPROACH-BLIND'
10, 11272, 62.672973167229216, 62.672973167229216, 'APPROACH-BLIND'
10, 11273, 62.70074808208059, 62.70074808208059, 'APPROACH-BLIND'
10, 11274, 62.72852299693196, 62.72852299693196, 'APPROACH-BLIND'
10, 11275, 62.75629791178333, 62.75629791178333, 'APPROACH-BLIND'
10, 11276, 62.7840728266347, 62.7840728266347, 'APPROACH-BLIND'
10, 11277, 62.81184774148607, 62.81184774148607, 'APPROACH-BLIND'
10, 11278, 62.83962265633744, 62.83962265633744, 'APPROACH-BLIND'
10, 11279, 62.86739757118881, 62.86739757118881, 'APPROACH-BLIND'
10, 11280, 62.89517248604018, 62.89517248604018, 'APPROACH-BLIND'
10, 11281, 62.92294740089155, 62.92294740089155, 'APPROACH-BLIND'
10, 11282, 62.95072231574292, 62.95072231574292, 'APPROACH-BLIND'
10, 11283, 62.97849723059429, 62.97849723059429, 'APPROACH-BLIND'
10, 11284, 63.006272145445664, 63.006272145445664, 'APPROACH-BLIND'
10, 11285, 63.034047060297034, 63.034047060297034, 'APPROACH-BLIND'
10, 11286, 63.061821975148405, 63.061821975148405, 'APPROACH-BLIND'
10, 11287, 63.089596889999775, 63.089596889999775, 'APPROACH-BLIND'
10, 11288, 63.117371804851146, 63.117371804851146, 'APPROACH-BLIND'
10, 11289, 63.14514671970252, 63.14514671970252, 'APPROACH-BLIND'
10, 11290, 63.17292163455389, 63.17292163455389, 'APPROACH-BLIND'
10, 11291, 63.20069654940526, 63.20069654940526, 'APPROACH-BLIND'
10, 11292, 63.22847146425663, 63.22847146425663, 'APPROACH-BLIND'
10, 11293, 63.256246379108, 63.256246379108, 'APPROACH-BLIND'
10, 11294, 63.28402129395937, 63.28402129395937, 'APPROACH-BLIND'
10, 11295, 63.31179620881074, 63.31179620881074, 'APPROACH-BLIND'
10, 11296, 63.33957112366211, 63.33957112366211, 'APPROACH-BLIND'
10, 11297, 63.36734603851348, 63.36734603851348, 'APPROACH-BLIND'
10, 11298, 63.39512095336485, 63.39512095336485, 'APPROACH-BLIND'
10, 11299, 63.42289586821622, 63.42289586821622, 'APPROACH-BLIND'
10, 11300, 63.450670783067594, 63.450670783067594, 'APPROACH-BLIND'
10, 11301, 63.478445697918964, 63.478445697918964, 'APPROACH-BLIND'
10, 11302, 63.506220612770335, 63.506220612770335, 'APPROACH-BLIND'
10, 11303, 63.51844935629704, 63.51844935629704, 'APPROACH-BLIND'
10, 11304, 63.530678099823746, 63.530678099823746, 'APPROACH-BLIND'
10, 11305, 63.54290684335045, 63.54290684335045, 'APPROACH-BLIND'
10, 11306, 63.55513558687716, 63.55513558687716, 'APPROACH-BLIND'
10, 11307, 63.56736433040386, 63.56736433040386, 'APPROACH-BLIND'
10, 11308, 63.57959307393057, 63.57959307393057, 'APPROACH-BLIND'
10, 11309, 63.59182181745727, 63.59182181745727, 'APPROACH-BLIND'
10, 11310, 63.60405056098398, 63.60405056098398, 'APPROACH-BLIND'
10, 11311, 63.616279304510684, 63.616279304510684, 'APPROACH-BLIND'
10, 11312, 63.62850804803739, 63.62850804803739, 'APPROACH-BLIND'
10, 11313, 63.640736791564095, 63.640736791564095, 'APPROACH-BLIND'
10, 11314, 63.6529655350908, 63.6529655350908, 'APPROACH-BLIND'
10, 11315, 63.665194278617506, 63.665194278617506, 'APPROACH-BLIND'
10, 11316, 63.67742302214421, 63.67742302214421, 'APPROACH-BLIND'
10, 11317, 63.68965176567092, 63.68965176567092, 'APPROACH-BLIND'
10, 11318, 63.70188050919762, 63.70188050919762, 'APPROACH-BLIND'
10, 11319, 63.714109252724334, 63.714109252724334, 'APPROACH-BLIND'
10, 11320, 63.72633799625104, 63.72633799625104, 'APPROACH-BLIND'
10, 11321, 63.738566739777745, 63.738566739777745, 'APPROACH-BLIND'
10, 11322, 63.75079548330445, 63.75079548330445, 'APPROACH-BLIND'
10, 11323, 63.76302422683116, 63.76302422683116, 'APPROACH-BLIND'
10, 11324, 63.78889711129275, 63.78889711129275, 'APPROACH-BLIND'
10, 11325, 63.81476999575433, 63.81476999575433, 'APPROACH-BLIND'
10, 11326, 63.84064288021592, 63.84064288021592, 'APPROACH-BLIND'
10, 11327, 63.8665157646775, 63.8665157646775, 'APPROACH-BLIND'
10, 11328, 63.892388649139086, 63.892388649139086, 'APPROACH-BLIND'
10, 11329, 63.91826153360067, 63.91826153360067, 'APPROACH-BLIND'
10, 11330, 63.944134418062255, 63.944134418062255, 'APPROACH-BLIND'
10, 11331, 63.97000730252384, 63.97000730252384, 'APPROACH-BLIND'
10, 11332, 63.995880186985424, 63.995880186985424, 'APPROACH-BLIND'
10, 11333, 64.02175307144701, 64.02175307144701, 'APPROACH-BLIND'
10, 11334, 64.04762595590859, 64.04762595590859, 'APPROACH-BLIND'
10, 11335, 64.07349884037016, 64.07349884037016, 'APPROACH-BLIND'
10, 11336, 64.09937172483174, 64.09937172483174, 'APPROACH-BLIND'
10, 11337, 64.12524460929332, 64.12524460929332, 'APPROACH-BLIND'
10, 11338, 64.1511174937549, 64.1511174937549, 'APPROACH-BLIND'
10, 11339, 64.17699037821647, 64.17699037821647, 'APPROACH-BLIND'
10, 11340, 64.20286326267805, 64.20286326267805, 'APPROACH-BLIND'
10, 11341, 64.22873614713963, 64.22873614713963, 'APPROACH-BLIND'
10, 11342, 64.2546090316012, 64.2546090316012, 'APPROACH-BLIND'
10, 11343, 64.28048191606278, 64.28048191606278, 'APPROACH-BLIND'
10, 11344, 64.30635480052436, 64.30635480052436, 'APPROACH-BLIND'
10, 11345, 64.33222768498594, 64.33222768498594, 'APPROACH-BLIND'
10, 11346, 64.35810056944752, 64.35810056944752, 'APPROACH-BLIND'
10, 11347, 64.38397345390909, 64.38397345390909, 'APPROACH-BLIND'
10, 11348, 64.40984633837067, 64.40984633837067, 'APPROACH-BLIND'
10, 11349, 64.43571922283225, 64.43571922283225, 'APPROACH-BLIND'
10, 11350, 64.46159210729382, 64.46159210729382, 'APPROACH-BLIND'
10, 11351, 64.4874649917554, 64.4874649917554, 'APPROACH-BLIND'
10, 11352, 64.51333787621698, 64.51333787621698, 'APPROACH-BLIND'
10, 11353, 64.52385140085005, 64.52385140085005, 'APPROACH-BLIND'
10, 11354, 64.53436492548312, 64.53436492548312, 'APPROACH-BLIND'
10, 11355, 64.54487845011619, 64.54487845011619, 'APPROACH-BLIND'
10, 11356, 64.55539197474926, 64.55539197474926, 'APPROACH-BLIND'
10, 11357, 64.56590549938234, 64.56590549938234, 'APPROACH-BLIND'
10, 11358, 64.57641902401541, 64.57641902401541, 'APPROACH-BLIND'
10, 11359, 64.58693254864849, 64.58693254864849, 'APPROACH-BLIND'
10, 11360, 64.59744607328156, 64.59744607328156, 'APPROACH-BLIND'
10, 11361, 64.60795959791464, 64.60795959791464, 'APPROACH-BLIND'
10, 11362, 64.61847312254771, 64.61847312254771, 'APPROACH-BLIND'
10, 11363, 64.6289866471808, 64.6289866471808, 'APPROACH-BLIND'
10, 11364, 64.63950017181386, 64.63950017181386, 'APPROACH-BLIND'
10, 11365, 64.65001369644695, 64.65001369644695, 'APPROACH-BLIND'
10, 11366, 64.66052722108002, 64.66052722108002, 'APPROACH-BLIND'
10, 11367, 64.6710407457131, 64.6710407457131, 'APPROACH-BLIND'
10, 11368, 64.68155427034617, 64.68155427034617, 'APPROACH-BLIND'
10, 11369, 64.69206779497925, 64.69206779497925, 'APPROACH-BLIND'
10, 11370, 64.70258131961232, 64.70258131961232, 'APPROACH-BLIND'
10, 11371, 64.7130948442454, 64.7130948442454, 'APPROACH-BLIND'
10, 11372, 64.72360836887847, 64.72360836887847, 'APPROACH-BLIND'
10, 11373, 64.73412189351154, 64.73412189351154, 'APPROACH-BLIND'
10, 11374, 64.74463541814463, 64.74463541814463, 'APPROACH-BLIND'
10, 11375, 64.7551489427777, 64.7551489427777, 'APPROACH-BLIND'
10, 11376, 64.76566246741078, 64.76566246741078, 'APPROACH-BLIND'
10, 11377, 64.77617599204385, 64.77617599204385, 'APPROACH-BLIND'
10, 11378, 64.78668951667693, 64.78668951667693, 'APPROACH-BLIND'
10, 11379, 64.79720304131, 64.79720304131, 'APPROACH-BLIND'
10, 11380, 64.8009345779433, 64.8009345779433, 'APPROACH-BLIND'
10, 11381, 64.80466611457659, 64.80466611457659, 'APPROACH-BLIND'
10, 11382, 64.80839765120989, 64.80839765120989, 'APPROACH-BLIND'
10, 11383, 64.81212918784318, 64.81212918784318, 'APPROACH-BLIND'
10, 11384, 64.81586072447648, 64.81586072447648, 'APPROACH-BLIND'
10, 11385, 64.81959226110978, 64.81959226110978, 'APPROACH-BLIND'
10, 11386, 64.82332379774307, 64.82332379774307, 'APPROACH-BLIND'
10, 11387, 64.82705533437637, 64.82705533437637, 'APPROACH-BLIND'
10, 11388, 64.83078687100966, 64.83078687100966, 'APPROACH-BLIND'
10, 11389, 64.83451840764296, 64.83451840764296, 'APPROACH-BLIND'
10, 11390, 64.83824994427626, 64.83824994427626, 'APPROACH-BLIND'
10, 11391, 64.84198148090955, 64.84198148090955, 'APPROACH-BLIND'
10, 11392, 64.84571301754285, 64.84571301754285, 'APPROACH-BLIND'
10, 11393, 64.84944455417615, 64.84944455417615, 'APPROACH-BLIND'
10, 11394, 64.85317609080944, 64.85317609080944, 'APPROACH-BLIND'
10, 11395, 64.85690762744274, 64.85690762744274, 'APPROACH-BLIND'
10, 11396, 64.86063916407603, 64.86063916407603, 'APPROACH-BLIND'
10, 11397, 64.86437070070933, 64.86437070070933, 'APPROACH-BLIND'
10, 11398, 64.86810223734263, 64.86810223734263, 'APPROACH-BLIND'
10, 11399, 64.87183377397592, 64.87183377397592, 'APPROACH-BLIND'
10, 11400, 64.87556531060922, 64.87556531060922, 'APPROACH-BLIND'
10, 11401, 64.87929684724251, 64.87929684724251, 'APPROACH-BLIND'
10, 11402, 64.88302838387581, 64.88302838387581, 'APPROACH-BLIND'
10, 11403, 64.8867599205091, 64.8867599205091, 'APPROACH-BLIND'
10, 11404, 64.8904914571424, 64.8904914571424, 'APPROACH-BLIND'
10, 11405, 64.8942229937757, 64.8942229937757, 'APPROACH-BLIND'
10, 11406, 64.897954530409, 64.897954530409, 'APPROACH-BLIND'
10, 11407, 64.90168606704229, 64.90168606704229, 'APPROACH-BLIND'
10, 11408, 64.90541760367559, 64.90541760367559, 'APPROACH-BLIND'
10, 11409, 64.90914914030888, 64.90914914030888, 'APPROACH-BLIND'
10, 11410, 64.91288067694218, 64.91288067694218, 'APPROACH-BLIND'
10, 11411, 64.91661221357548, 64.91661221357548, 'APPROACH-BLIND'
10, 11412, 64.92034375020877, 64.92034375020877, 'APPROACH-BLIND'
10, 11413, 64.92407528684208, 64.92407528684208, 'APPROACH-BLIND'
10, 11414, 64.92780682347538, 64.92780682347538, 'APPROACH-BLIND'
10, 11415, 64.93153836010869, 64.93153836010869, 'APPROACH-BLIND'
10, 11416, 64.935269896742, 64.935269896742, 'APPROACH-BLIND'
10, 11417, 64.93648570111516, 64.93648570111516, 'APPROACH-BLIND'
10, 11418, 64.93770150548832, 64.93770150548832, 'APPROACH-BLIND'
10, 11419, 64.93891730986148, 64.93891730986148, 'APPROACH-BLIND'
10, 11420, 64.94013311423464, 64.94013311423464, 'APPROACH-BLIND'
10, 11421, 64.9413489186078, 64.9413489186078, 'APPROACH-BLIND'
10, 11422, 64.94256472298096, 64.94256472298096, 'APPROACH-BLIND'
10, 11423, 64.94378052735412, 64.94378052735412, 'APPROACH-BLIND'
10, 11424, 64.94499633172728, 64.94499633172728, 'APPROACH-BLIND'
10, 11425, 64.94621213610044, 64.94621213610044, 'APPROACH-BLIND'
10, 11426, 64.9474279404736, 64.9474279404736, 'APPROACH-BLIND'
10, 11427, 64.94864374484676, 64.94864374484676, 'APPROACH-BLIND'
10, 11428, 64.94985954921992, 64.94985954921992, 'APPROACH-BLIND'
10, 11429, 64.95107535359308, 64.95107535359308, 'APPROACH-BLIND'
10, 11430, 64.95229115796624, 64.95229115796624, 'APPROACH-BLIND'
10, 11431, 64.9535069623394, 64.9535069623394, 'APPROACH-BLIND'
10, 11432, 64.95472276671256, 64.95472276671256, 'APPROACH-BLIND'
10, 11433, 64.95593857108572, 64.95593857108572, 'APPROACH-BLIND'
10, 11434, 64.95715437545888, 64.95715437545888, 'APPROACH-BLIND'
10, 11435, 64.95837017983204, 64.95837017983204, 'APPROACH-BLIND'
10, 11436, 64.9595859842052, 64.9595859842052, 'APPROACH-BLIND'
10, 11437, 64.96080178857837, 64.96080178857837, 'APPROACH-BLIND'
10, 11438, 64.96201759295153, 64.96201759295153, 'APPROACH-BLIND'
10, 11439, 64.96323339732469, 64.96323339732469, 'APPROACH-BLIND'
10, 11440, 64.96444920169785, 64.96444920169785, 'APPROACH-BLIND'
10, 11441, 64.965665006071, 64.965665006071, 'APPROACH-BLIND'
10, 11442, 64.96688081044417, 64.96688081044417, 'APPROACH-BLIND'
10, 11443, 64.96809661481733, 64.96809661481733, 'APPROACH-BLIND'
10, 11444, 64.96931241919049, 64.96931241919049, 'APPROACH-BLIND'
10, 11445, 64.97052822356365, 64.97052822356365, 'APPROACH-BLIND'
10, 11446, 64.97174402793681, 64.97174402793681, 'APPROACH-BLIND'
10, 11447, 64.97295983230997, 64.97295983230997, 'APPROACH-BLIND'
10, 11448, 64.97417563668313, 64.97417563668313, 'APPROACH-BLIND'
10, 11449, 64.97539144105629, 64.97539144105629, 'APPROACH-BLIND'
10, 11450, 64.97660724542945, 64.97660724542945, 'APPROACH-BLIND'
10, 11451, 64.97782304980261, 64.97782304980261, 'APPROACH-BLIND'
10, 11452, 64.97903885417577, 64.97903885417577, 'APPROACH-BLIND'
10, 11453, 64.97943264316649, 64.97943264316649, 'APPROACH-BLIND'
10, 11454, 64.97982643215721, 64.97982643215721, 'APPROACH-BLIND'
10, 11455, 64.98022022114793, 64.98022022114793, 'APPROACH-BLIND'
10, 11456, 64.98061401013865, 64.98061401013865, 'APPROACH-BLIND'
10, 11457, 64.98100779912937, 64.98100779912937, 'APPROACH-BLIND'
10, 11458, 64.9814015881201, 64.9814015881201, 'APPROACH-BLIND'
10, 11459, 64.98179537711081, 64.98179537711081, 'APPROACH-BLIND'
10, 11460, 64.98218916610153, 64.98218916610153, 'APPROACH-BLIND'
10, 11461, 64.98258295509225, 64.98258295509225, 'APPROACH-BLIND'
10, 11462, 64.98297674408296, 64.98297674408296, 'APPROACH-BLIND'
10, 11463, 64.98337053307368, 64.98337053307368, 'APPROACH-BLIND'
10, 11464, 64.98376432206439, 64.98376432206439, 'APPROACH-BLIND'
10, 11465, 64.98415811105511, 64.98415811105511, 'APPROACH-BLIND'
10, 11466, 64.98455190004582, 64.98455190004582, 'APPROACH-BLIND'
10, 11467, 64.98494568903654, 64.98494568903654, 'APPROACH-BLIND'
10, 11468, 64.98533947802724, 64.98533947802724, 'APPROACH-BLIND'
10, 11469, 64.98573326701796, 64.98573326701796, 'APPROACH-BLIND'
10, 11470, 64.98612705600867, 64.98612705600867, 'APPROACH-BLIND'
10, 11471, 64.98652084499939, 64.98652084499939, 'APPROACH-BLIND'
10, 11472, 64.9869146339901, 64.9869146339901, 'APPROACH-BLIND'
10, 11473, 64.98730842298082, 64.98730842298082, 'APPROACH-BLIND'
10, 11474, 64.98770221197152, 64.98770221197152, 'APPROACH-BLIND'
10, 11475, 64.98809600096224, 64.98809600096224, 'APPROACH-BLIND'
10, 11476, 64.98848978995295, 64.98848978995295, 'APPROACH-BLIND'
10, 11477, 64.98888357894367, 64.98888357894367, 'APPROACH-BLIND'
10, 11478, 64.98927736793438, 64.98927736793438, 'APPROACH-BLIND'
10, 11479, 64.9896711569251, 64.9896711569251, 'APPROACH-BLIND'
10, 11480, 64.9900649459158, 64.9900649459158, 'APPROACH-BLIND'
10, 11481, 64.99045873490653, 64.99045873490653, 'APPROACH-BLIND'
10, 11482, 64.99085252389723, 64.99085252389723, 'APPROACH-BLIND'
10, 11483, 64.99124631288795, 64.99124631288795, 'APPROACH-BLIND'
10, 11484, 64.99164010187866, 64.99164010187866, 'APPROACH-BLIND'
10, 11485, 64.99203389086938, 64.99203389086938, 'APPROACH-BLIND'
10, 11486, 64.99242767986009, 64.99242767986009, 'APPROACH-BLIND'
10, 11487, 64.9928214688508, 64.9928214688508, 'APPROACH-BLIND'
10, 11488, 64.99321525784151, 64.99321525784151, 'APPROACH-BLIND'
10, 11489, 64.99334272298897, 64.99334272298897, 'APPROACH-BLIND'
10, 11490, 64.99347018813643, 64.99347018813643, 'APPROACH-BLIND'
10, 11491, 64.99359765328389, 64.99359765328389, 'APPROACH-BLIND'
10, 11492, 64.99372511843134, 64.99372511843134, 'APPROACH-BLIND'
10, 11493, 64.9938525835788, 64.9938525835788, 'APPROACH-BLIND'
10, 11494, 64.99398004872626, 64.99398004872626, 'APPROACH-BLIND'
10, 11495, 64.99410751387371, 64.99410751387371, 'APPROACH-BLIND'
10, 11496, 64.99423497902117, 64.99423497902117, 'APPROACH-BLIND'
10, 11497, 64.99436244416863, 64.99436244416863, 'APPROACH-BLIND'
10, 11498, 64.99448990931609, 64.99448990931609, 'APPROACH-BLIND'
10, 11499, 64.99461737446354, 64.99461737446354, 'APPROACH-BLIND'
10, 11500, 64.994744839611, 64.994744839611, 'APPROACH-BLIND'
10, 11501, 64.99487230475846, 64.99487230475846, 'APPROACH-BLIND'
10, 11502, 64.99499976990592, 64.99499976990592, 'APPROACH-BLIND'
10, 11503, 64.99512723505337, 64.99512723505337, 'APPROACH-BLIND'
10, 11504, 64.99525470020083, 64.99525470020083, 'APPROACH-BLIND'
10, 11505, 64.9953821653483, 64.9953821653483, 'APPROACH-BLIND'
10, 11506, 64.99550963049576, 64.99550963049576, 'APPROACH-BLIND'
10, 11507, 64.99563709564323, 64.99563709564323, 'APPROACH-BLIND'
10, 11508, 64.99576456079069, 64.99576456079069, 'APPROACH-BLIND'
10, 11509, 64.99589202593816, 64.99589202593816, 'APPROACH-BLIND'
10, 11510, 64.99601949108562, 64.99601949108562, 'APPROACH-BLIND'
10, 11511, 64.99614695623309, 64.99614695623309, 'APPROACH-BLIND'
10, 11512, 64.99627442138055, 64.99627442138055, 'APPROACH-BLIND'
10, 11513, 64.99640188652802, 64.99640188652802, 'APPROACH-BLIND'
10, 11514, 64.99652935167548, 64.99652935167548, 'APPROACH-BLIND'
10, 11515, 64.99665681682295, 64.99665681682295, 'APPROACH-BLIND'
10, 11516, 64.9967842819704, 64.9967842819704, 'APPROACH-BLIND'
10, 11517, 64.99691174711788, 64.99691174711788, 'APPROACH-BLIND'
10, 11518, 64.99703921226534, 64.99703921226534, 'APPROACH-BLIND'
10, 11519, 64.9971666774128, 64.9971666774128, 'APPROACH-BLIND'
10, 11520, 64.99729414256026, 64.99729414256026, 'APPROACH-BLIND'
10, 11521, 64.99742160770774, 64.99742160770774, 'APPROACH-BLIND'
10, 11522, 64.9975490728552, 64.9975490728552, 'APPROACH-BLIND'
10, 11523, 64.99767653800266, 64.99767653800266, 'APPROACH-BLIND'
10, 11524, 64.99780400315012, 64.99780400315012, 'APPROACH-BLIND'
10, 11525, 65.02287062928202, 65.02287062928202, 'APPROACH-BLIND'
10, 11526, 65.04793725541393, 65.04793725541393, 'APPROACH-BLIND'
10, 11527, 65.07300388154583, 65.07300388154583, 'APPROACH-BLIND'
10, 11528, 65.09807050767773, 65.09807050767773, 'APPROACH-BLIND'
10, 11529, 65.12313713380964, 65.12313713380964, 'APPROACH-BLIND'
10, 11530, 65.14820375994154, 65.14820375994154, 'APPROACH-BLIND'
10, 11531, 65.17327038607344, 65.17327038607344, 'APPROACH-BLIND'
10, 11532, 65.19833701220534, 65.19833701220534, 'APPROACH-BLIND'
10, 11533, 65.22340363833725, 65.22340363833725, 'APPROACH-BLIND'
10, 11534, 65.24847026446915, 65.24847026446915, 'APPROACH-BLIND'
10, 11535, 65.27353689060105, 65.27353689060105, 'APPROACH-BLIND'
10, 11536, 65.29860351673295, 65.29860351673295, 'APPROACH-BLIND'
10, 11537, 65.32367014286486, 65.32367014286486, 'APPROACH-BLIND'
10, 11538, 65.34873676899676, 65.34873676899676, 'APPROACH-BLIND'
10, 11539, 65.37380339512866, 65.37380339512866, 'APPROACH-BLIND'
10, 11540, 65.39887002126056, 65.39887002126056, 'APPROACH-BLIND'
10, 11541, 65.42393664739247, 65.42393664739247, 'APPROACH-BLIND'
10, 11542, 65.44900327352437, 65.44900327352437, 'APPROACH-BLIND'
10, 11543, 65.47406989965627, 65.47406989965627, 'APPROACH-BLIND'
10, 11544, 65.49913652578817, 65.49913652578817, 'APPROACH-BLIND'
10, 11545, 65.52420315192008, 65.52420315192008, 'APPROACH-BLIND'
10, 11546, 65.5342445842598, 65.5342445842598, 'APPROACH-BLIND'
10, 11547, 65.54428601659951, 65.54428601659951, 'APPROACH-BLIND'
10, 11548, 65.55432744893923, 65.55432744893923, 'APPROACH-BLIND'
10, 11549, 65.56436888127895, 65.56436888127895, 'APPROACH-BLIND'
10, 11550, 65.57441031361867, 65.57441031361867, 'APPROACH-BLIND'
10, 11551, 65.58445174595839, 65.58445174595839, 'APPROACH-BLIND'
10, 11552, 65.59449317829811, 65.59449317829811, 'APPROACH-BLIND'
10, 11553, 65.60453461063783, 65.60453461063783, 'APPROACH-BLIND'
10, 11554, 65.61457604297755, 65.61457604297755, 'APPROACH-BLIND'
10, 11555, 65.62461747531727, 65.62461747531727, 'APPROACH-BLIND'
10, 11556, 65.63465890765698, 65.63465890765698, 'APPROACH-BLIND'
10, 11557, 65.6447003399967, 65.6447003399967, 'APPROACH-BLIND'
10, 11558, 65.65474177233642, 65.65474177233642, 'APPROACH-BLIND'
10, 11559, 65.66478320467614, 65.66478320467614, 'APPROACH-BLIND'
10, 11560, 65.67482463701586, 65.67482463701586, 'APPROACH-BLIND'
10, 11561, 65.68486606935558, 65.68486606935558, 'APPROACH-BLIND'
10, 11562, 65.6949075016953, 65.6949075016953, 'APPROACH-BLIND'
10, 11563, 65.70494893403502, 65.70494893403502, 'APPROACH-BLIND'
10, 11564, 65.71499036637474, 65.71499036637474, 'APPROACH-BLIND'
10, 11565, 65.72503179871445, 65.72503179871445, 'APPROACH-BLIND'
10, 11566, 65.73507323105417, 65.73507323105417, 'APPROACH-BLIND'
10, 11567, 65.74511466339389, 65.74511466339389, 'APPROACH-BLIND'
10, 11568, 65.75515609573361, 65.75515609573361, 'APPROACH-BLIND'
10, 11569, 65.76519752807333, 65.76519752807333, 'APPROACH-BLIND'
10, 11570, 65.77523896041305, 65.77523896041305, 'APPROACH-BLIND'
10, 11571, 65.78528039275277, 65.78528039275277, 'APPROACH-BLIND'
10, 11572, 65.79532182509249, 65.79532182509249, 'APPROACH-BLIND'
10, 11573, 65.8053632574322, 65.8053632574322, 'APPROACH-BLIND'
10, 11574, 65.81540468977192, 65.81540468977192, 'APPROACH-BLIND'
10, 11575, 65.8411785793059, 65.8411785793059, 'APPROACH-BLIND'
10, 11576, 65.86695246883988, 65.86695246883988, 'APPROACH-BLIND'
10, 11577, 65.89272635837386, 65.89272635837386, 'APPROACH-BLIND'
10, 11578, 65.91850024790784, 65.91850024790784, 'APPROACH-BLIND'
10, 11579, 65.94427413744182, 65.94427413744182, 'APPROACH-BLIND'
10, 11580, 65.9700480269758, 65.9700480269758, 'APPROACH-BLIND'
10, 11581, 65.99582191650978, 65.99582191650978, 'APPROACH-BLIND'
10, 11582, 66.02159580604376, 66.02159580604376, 'APPROACH-BLIND'
10, 11583, 66.04736969557774, 66.04736969557774, 'APPROACH-BLIND'
10, 11584, 66.07314358511172, 66.07314358511172, 'APPROACH-BLIND'
10, 11585, 66.0989174746457, 66.0989174746457, 'APPROACH-BLIND'
10, 11586, 66.12469136417968, 66.12469136417968, 'APPROACH-BLIND'
10, 11587, 66.15046525371366, 66.15046525371366, 'APPROACH-BLIND'
10, 11588, 66.17623914324764, 66.17623914324764, 'APPROACH-BLIND'
10, 11589, 66.20201303278162, 66.20201303278162, 'APPROACH-BLIND'
10, 11590, 66.2277869223156, 66.2277869223156, 'APPROACH-BLIND'
10, 11591, 66.25356081184958, 66.25356081184958, 'APPROACH-BLIND'
10, 11592, 66.27933470138356, 66.27933470138356, 'APPROACH-BLIND'
10, 11593, 66.30510859091754, 66.30510859091754, 'APPROACH-BLIND'
10, 11594, 66.33088248045152, 66.33088248045152, 'APPROACH-BLIND'
10, 11595, 66.3566563699855, 66.3566563699855, 'APPROACH-BLIND'
10, 11596, 66.38243025951948, 66.38243025951948, 'APPROACH-BLIND'
10, 11597, 66.40820414905346, 66.40820414905346, 'APPROACH-BLIND'
10, 11598, 66.43397803858744, 66.43397803858744, 'APPROACH-BLIND'
10, 11599, 66.45975192812142, 66.45975192812142, 'APPROACH-BLIND'
10, 11600, 66.4855258176554, 66.4855258176554, 'APPROACH-BLIND'
10, 11601, 66.51129970718938, 66.51129970718938, 'APPROACH-BLIND'
10, 11602, 66.52180358087115, 66.52180358087115, 'APPROACH-BLIND'
10, 11603, 66.53230745455292, 66.53230745455292, 'APPROACH-BLIND'
10, 11604, 66.54281132823469, 66.54281132823469, 'APPROACH-BLIND'
10, 11605, 66.55331520191645, 66.55331520191645, 'APPROACH-BLIND'
10, 11606, 66.56381907559822, 66.56381907559822, 'APPROACH-BLIND'
10, 11607, 66.57432294927997, 66.57432294927997, 'APPROACH-BLIND'
10, 11608, 66.58482682296174, 66.58482682296174, 'APPROACH-BLIND'
10, 11609, 66.5953306966435, 66.5953306966435, 'APPROACH-BLIND'
10, 11610, 66.60583457032526, 66.60583457032526, 'APPROACH-BLIND'
10, 11611, 66.61633844400703, 66.61633844400703, 'APPROACH-BLIND'
10, 11612, 66.62684231768878, 66.62684231768878, 'APPROACH-BLIND'
10, 11613, 66.63734619137055, 66.63734619137055, 'APPROACH-BLIND'
10, 11614, 66.64785006505231, 66.64785006505231, 'APPROACH-BLIND'
10, 11615, 66.65835393873408, 66.65835393873408, 'APPROACH-BLIND'
10, 11616, 66.66885781241584, 66.66885781241584, 'APPROACH-BLIND'
10, 11617, 66.67936168609761, 66.67936168609761, 'APPROACH-BLIND'
10, 11618, 66.68986555977936, 66.68986555977936, 'APPROACH-BLIND'
10, 11619, 66.70036943346113, 66.70036943346113, 'APPROACH-BLIND'
10, 11620, 66.71087330714289, 66.71087330714289, 'APPROACH-BLIND'
10, 11621, 66.72137718082466, 66.72137718082466, 'APPROACH-BLIND'
10, 11622, 66.73188105450642, 66.73188105450642, 'APPROACH-BLIND'
10, 11623, 66.74238492818819, 66.74238492818819, 'APPROACH-BLIND'
10, 11624, 66.75288880186994, 66.75288880186994, 'APPROACH-BLIND'
10, 11625, 66.76339267555171, 66.76339267555171, 'APPROACH-BLIND'
10, 11626, 66.77389654923347, 66.77389654923347, 'APPROACH-BLIND'
10, 11627, 66.78440042291524, 66.78440042291524, 'APPROACH-BLIND'
10, 11628, 66.794904296597, 66.794904296597, 'APPROACH-BLIND'
10, 11629, 66.80540817027875, 66.80540817027875, 'APPROACH-BLIND'
10, 11630, 66.83120992553557, 66.83120992553557, 'APPROACH-BLIND'
10, 11631, 66.8570116807924, 66.8570116807924, 'APPROACH-BLIND'
10, 11632, 66.88281343604922, 66.88281343604922, 'APPROACH-BLIND'
10, 11633, 66.90861519130604, 66.90861519130604, 'APPROACH-BLIND'
10, 11634, 66.93441694656286, 66.93441694656286, 'APPROACH-BLIND'
10, 11635, 66.96021870181968, 66.96021870181968, 'APPROACH-BLIND'
10, 11636, 66.9860204570765, 66.9860204570765, 'APPROACH-BLIND'
10, 11637, 67.01182221233333, 67.01182221233333, 'APPROACH-BLIND'
10, 11638, 67.03762396759015, 67.03762396759015, 'APPROACH-BLIND'
10, 11639, 67.06342572284697, 67.06342572284697, 'APPROACH-BLIND'
10, 11640, 67.0892274781038, 67.0892274781038, 'APPROACH-BLIND'
10, 11641, 67.11502923336062, 67.11502923336062, 'APPROACH-BLIND'
10, 11642, 67.14083098861744, 67.14083098861744, 'APPROACH-BLIND'
10, 11643, 67.16663274387426, 67.16663274387426, 'APPROACH-BLIND'
10, 11644, 67.19243449913108, 67.19243449913108, 'APPROACH-BLIND'
10, 11645, 67.2182362543879, 67.2182362543879, 'APPROACH-BLIND'
10, 11646, 67.24403800964473, 67.24403800964473, 'APPROACH-BLIND'
10, 11647, 67.26983976490155, 67.26983976490155, 'APPROACH-BLIND'
10, 11648, 67.29564152015837, 67.29564152015837, 'APPROACH-BLIND'
10, 11649, 67.32144327541519, 67.32144327541519, 'APPROACH-BLIND'
10, 11650, 67.34724503067201, 67.34724503067201, 'APPROACH-BLIND'
10, 11651, 67.37304678592884, 67.37304678592884, 'APPROACH-BLIND'
10, 11652, 67.39884854118566, 67.39884854118566, 'APPROACH-BLIND'
10, 11653, 67.42465029644248, 67.42465029644248, 'APPROACH-BLIND'
10, 11654, 67.4504520516993, 67.4504520516993, 'APPROACH-BLIND'
10, 11655, 67.47625380695612, 67.47625380695612, 'APPROACH-BLIND'
10, 11656, 67.50205556221295, 67.50205556221295, 'APPROACH-BLIND'
10, 11657, 67.5295924317482, 67.5295924317482, 'APPROACH-BLIND'
10, 11658, 67.55712930128345, 67.55712930128345, 'APPROACH-BLIND'
10, 11659, 67.5846661708187, 67.5846661708187, 'APPROACH-BLIND'
10, 11660, 67.61220304035396, 67.61220304035396, 'APPROACH-BLIND'
10, 11661, 67.63973990988922, 67.63973990988922, 'APPROACH-BLIND'
10, 11662, 67.66727677942447, 67.66727677942447, 'APPROACH-BLIND'
10, 11663, 67.69481364895972, 67.69481364895972, 'APPROACH-BLIND'
10, 11664, 67.72235051849498, 67.72235051849498, 'APPROACH-BLIND'
10, 11665, 67.74988738803023, 67.74988738803023, 'APPROACH-BLIND'
10, 11666, 67.77742425756549, 67.77742425756549, 'APPROACH-BLIND'
10, 11667, 67.80496112710074, 67.80496112710074, 'APPROACH-BLIND'
10, 11668, 67.832497996636, 67.832497996636, 'APPROACH-BLIND'
10, 11669, 67.86003486617125, 67.86003486617125, 'APPROACH-BLIND'
10, 11670, 67.8875717357065, 67.8875717357065, 'APPROACH-BLIND'
10, 11671, 67.91510860524176, 67.91510860524176, 'APPROACH-BLIND'
10, 11672, 67.94264547477701, 67.94264547477701, 'APPROACH-BLIND'
10, 11673, 67.97018234431226, 67.97018234431226, 'APPROACH-BLIND'
10, 11674, 67.99771921384752, 67.99771921384752, 'APPROACH-BLIND'
10, 11675, 68.02525608338277, 68.02525608338277, 'APPROACH-BLIND'
10, 11676, 68.05279295291803, 68.05279295291803, 'APPROACH-BLIND'
10, 11677, 68.08032982245328, 68.08032982245328, 'APPROACH-BLIND'
10, 11678, 68.10786669198853, 68.10786669198853, 'APPROACH-BLIND'
10, 11679, 68.13540356152379, 68.13540356152379, 'APPROACH-BLIND'
10, 11680, 68.16294043105904, 68.16294043105904, 'APPROACH-BLIND'
10, 11681, 68.1904773005943, 68.1904773005943, 'APPROACH-BLIND'
10, 11682, 68.21801417012955, 68.21801417012955, 'APPROACH-BLIND'
10, 11683, 68.2455510396648, 68.2455510396648, 'APPROACH-BLIND'
10, 11684, 68.27308790920006, 68.27308790920006, 'APPROACH-BLIND'
10, 11685, 68.30062477873531, 68.30062477873531, 'APPROACH-BLIND'
10, 11686, 68.32816164827057, 68.32816164827057, 'APPROACH-BLIND'
10, 11687, 68.35569851780582, 68.35569851780582, 'APPROACH-BLIND'
10, 11688, 68.38323538734107, 68.38323538734107, 'APPROACH-BLIND'
10, 11689, 68.41077225687633, 68.41077225687633, 'APPROACH-BLIND'
10, 11690, 68.43830912641158, 68.43830912641158, 'APPROACH-BLIND'
10, 11691, 68.46584599594684, 68.46584599594684, 'APPROACH-BLIND'
10, 11692, 68.49338286548209, 68.49338286548209, 'APPROACH-BLIND'
10, 11693, 68.52091973501734, 68.52091973501734, 'APPROACH-BLIND'
10, 11694, 68.54867194088192, 68.54867194088192, 'APPROACH-BLIND'
10, 11695, 68.57642414674649, 68.57642414674649, 'APPROACH-BLIND'
10, 11696, 68.60417635261106, 68.60417635261106, 'APPROACH-BLIND'
10, 11697, 68.63192855847564, 68.63192855847564, 'APPROACH-BLIND'
10, 11698, 68.65968076434021, 68.65968076434021, 'APPROACH-BLIND'
10, 11699, 68.68743297020478, 68.68743297020478, 'APPROACH-BLIND'
10, 11700, 68.71518517606935, 68.71518517606935, 'APPROACH-BLIND'
10, 11701, 68.74293738193393, 68.74293738193393, 'APPROACH-BLIND'
10, 11702, 68.7706895877985, 68.7706895877985, 'APPROACH-BLIND'
10, 11703, 68.79844179366307, 68.79844179366307, 'APPROACH-BLIND'
10, 11704, 68.82619399952765, 68.82619399952765, 'APPROACH-BLIND'
10, 11705, 68.85394620539222, 68.85394620539222, 'APPROACH-BLIND'
10, 11706, 68.88169841125679, 68.88169841125679, 'APPROACH-BLIND'
10, 11707, 68.90945061712137, 68.90945061712137, 'APPROACH-BLIND'
10, 11708, 68.93720282298594, 68.93720282298594, 'APPROACH-BLIND'
10, 11709, 68.96495502885051, 68.96495502885051, 'APPROACH-BLIND'
10, 11710, 68.99270723471508, 68.99270723471508, 'APPROACH-BLIND'
10, 11711, 69.02045944057966, 69.02045944057966, 'APPROACH-BLIND'
10, 11712, 69.04821164644423, 69.04821164644423, 'APPROACH-BLIND'
10, 11713, 69.0759638523088, 69.0759638523088, 'APPROACH-BLIND'
10, 11714, 69.10371605817338, 69.10371605817338, 'APPROACH-BLIND'
10, 11715, 69.13146826403795, 69.13146826403795, 'APPROACH-BLIND'
10, 11716, 69.15922046990252, 69.15922046990252, 'APPROACH-BLIND'
10, 11717, 69.1869726757671, 69.1869726757671, 'APPROACH-BLIND'
10, 11718, 69.21472488163167, 69.21472488163167, 'APPROACH-BLIND'
10, 11719, 69.24247708749624, 69.24247708749624, 'APPROACH-BLIND'
10, 11720, 69.27022929336081, 69.27022929336081, 'APPROACH-BLIND'
10, 11721, 69.29798149922539, 69.29798149922539, 'APPROACH-BLIND'
10, 11722, 69.32573370508996, 69.32573370508996, 'APPROACH-BLIND'
10, 11723, 69.35348591095453, 69.35348591095453, 'APPROACH-BLIND'
10, 11724, 69.3812381168191, 69.3812381168191, 'APPROACH-BLIND'
10, 11725, 69.40899032268368, 69.40899032268368, 'APPROACH-BLIND'
10, 11726, 69.43674252854825, 69.43674252854825, 'APPROACH-BLIND'
10, 11727, 69.46449473441282, 69.46449473441282, 'APPROACH-BLIND'
10, 11728, 69.4922469402774, 69.4922469402774, 'APPROACH-BLIND'
10, 11729, 69.51999914614197, 69.51999914614197, 'APPROACH-BLIND'
10, 11730, 69.53182106499143, 69.53182106499143, 'APPROACH-BLIND'
10, 11731, 69.5436429838409, 69.5436429838409, 'APPROACH-BLIND'
10, 11732, 69.55546490269036, 69.55546490269036, 'APPROACH-BLIND'
10, 11733, 69.56728682153982, 69.56728682153982, 'APPROACH-BLIND'
10, 11734, 69.57910874038929, 69.57910874038929, 'APPROACH-BLIND'
10, 11735, 69.59093065923875, 69.59093065923875, 'APPROACH-BLIND'
10, 11736, 69.60275257808821, 69.60275257808821, 'APPROACH-BLIND'
10, 11737, 69.61457449693768, 69.61457449693768, 'APPROACH-BLIND'
10, 11738, 69.62639641578714, 69.62639641578714, 'APPROACH-BLIND'
10, 11739, 69.6382183346366, 69.6382183346366, 'APPROACH-BLIND'
10, 11740, 69.65004025348607, 69.65004025348607, 'APPROACH-BLIND'
10, 11741, 69.66186217233553, 69.66186217233553, 'APPROACH-BLIND'
10, 11742, 69.673684091185, 69.673684091185, 'APPROACH-BLIND'
10, 11743, 69.68550601003446, 69.68550601003446, 'APPROACH-BLIND'
10, 11744, 69.69732792888392, 69.69732792888392, 'APPROACH-BLIND'
10, 11745, 69.70914984773339, 69.70914984773339, 'APPROACH-BLIND'
10, 11746, 69.72097176658285, 69.72097176658285, 'APPROACH-BLIND'
10, 11747, 69.73279368543233, 69.73279368543233, 'APPROACH-BLIND'
10, 11748, 69.74461560428179, 69.74461560428179, 'APPROACH-BLIND'
10, 11749, 69.75643752313127, 69.75643752313127, 'APPROACH-BLIND'
10, 11750, 69.76825944198073, 69.76825944198073, 'APPROACH-BLIND'
10, 11751, 69.77252075306167, 69.77252075306167, 'APPROACH-BLIND'
10, 11752, 69.77678206414261, 69.77678206414261, 'APPROACH-BLIND'
10, 11753, 69.78104337522355, 69.78104337522355, 'APPROACH-BLIND'
10, 11754, 69.78530468630449, 69.78530468630449, 'APPROACH-BLIND'
10, 11755, 69.78956599738542, 69.78956599738542, 'APPROACH-BLIND'
10, 11756, 69.79382730846636, 69.79382730846636, 'APPROACH-BLIND'
10, 11757, 69.7980886195473, 69.7980886195473, 'APPROACH-BLIND'
10, 11758, 69.80234993062824, 69.80234993062824, 'APPROACH-BLIND'
10, 11759, 69.80661124170918, 69.80661124170918, 'APPROACH-BLIND'
10, 11760, 69.81087255279012, 69.81087255279012, 'APPROACH-BLIND'
10, 11761, 69.81513386387105, 69.81513386387105, 'APPROACH-BLIND'
10, 11762, 69.81939517495199, 69.81939517495199, 'APPROACH-BLIND'
10, 11763, 69.82365648603293, 69.82365648603293, 'APPROACH-BLIND'
10, 11764, 69.82791779711387, 69.82791779711387, 'APPROACH-BLIND'
10, 11765, 69.83217910819481, 69.83217910819481, 'APPROACH-BLIND'
10, 11766, 69.83644041927575, 69.83644041927575, 'APPROACH-BLIND'
10, 11767, 69.84070173035668, 69.84070173035668, 'APPROACH-BLIND'
10, 11768, 69.84496304143762, 69.84496304143762, 'APPROACH-BLIND'
10, 11769, 69.84922435251856, 69.84922435251856, 'APPROACH-BLIND'
10, 11770, 69.8534856635995, 69.8534856635995, 'APPROACH-BLIND'
10, 11771, 69.85774697468044, 69.85774697468044, 'APPROACH-BLIND'
10, 11772, 69.86200828576138, 69.86200828576138, 'APPROACH-BLIND'
10, 11773, 69.86626959684232, 69.86626959684232, 'APPROACH-BLIND'
10, 11774, 69.87053090792325, 69.87053090792325, 'APPROACH-BLIND'
10, 11775, 69.87479221900419, 69.87479221900419, 'APPROACH-BLIND'
10, 11776, 69.87905353008513, 69.87905353008513, 'APPROACH-BLIND'
10, 11777, 69.88331484116607, 69.88331484116607, 'APPROACH-BLIND'
10, 11778, 69.88757615224701, 69.88757615224701, 'APPROACH-BLIND'
10, 11779, 69.89183746332795, 69.89183746332795, 'APPROACH-BLIND'
10, 11780, 69.89609877440888, 69.89609877440888, 'APPROACH-BLIND'
10, 11781, 69.90036008548982, 69.90036008548982, 'APPROACH-BLIND'
10, 11782, 69.90462139657076, 69.90462139657076, 'APPROACH-BLIND'
10, 11783, 69.9088827076517, 69.9088827076517, 'APPROACH-BLIND'
10, 11784, 69.91314401873264, 69.91314401873264, 'APPROACH-BLIND'
10, 11785, 69.91740532981358, 69.91740532981358, 'APPROACH-BLIND'
10, 11786, 69.92166664089451, 69.92166664089451, 'APPROACH-BLIND'
10, 11787, 69.92592795197545, 69.92592795197545, 'APPROACH-BLIND'
10, 11788, 69.92731914571694, 69.92731914571694, 'APPROACH-BLIND'
10, 11789, 69.92871033945842, 69.92871033945842, 'APPROACH-BLIND'
10, 11790, 69.9301015331999, 69.9301015331999, 'APPROACH-BLIND'
10, 11791, 69.93149272694139, 69.93149272694139, 'APPROACH-BLIND'
10, 11792, 69.93288392068287, 69.93288392068287, 'APPROACH-BLIND'
10, 11793, 69.93427511442435, 69.93427511442435, 'APPROACH-BLIND'
10, 11794, 69.93566630816584, 69.93566630816584, 'APPROACH-BLIND'
10, 11795, 69.93705750190732, 69.93705750190732, 'APPROACH-BLIND'
10, 11796, 69.9384486956488, 69.9384486956488, 'APPROACH-BLIND'
10, 11797, 69.93983988939029, 69.93983988939029, 'APPROACH-BLIND'
10, 11798, 69.94123108313177, 69.94123108313177, 'APPROACH-BLIND'
10, 11799, 69.94262227687325, 69.94262227687325, 'APPROACH-BLIND'
10, 11800, 69.94401347061473, 69.94401347061473, 'APPROACH-BLIND'
10, 11801, 69.94540466435622, 69.94540466435622, 'APPROACH-BLIND'
10, 11802, 69.9467958580977, 69.9467958580977, 'APPROACH-BLIND'
10, 11803, 69.94818705183918, 69.94818705183918, 'APPROACH-BLIND'
10, 11804, 69.94957824558067, 69.94957824558067, 'APPROACH-BLIND'
10, 11805, 69.95096943932215, 69.95096943932215, 'APPROACH-BLIND'
10, 11806, 69.95236063306363, 69.95236063306363, 'APPROACH-BLIND'
10, 11807, 69.95375182680512, 69.95375182680512, 'APPROACH-BLIND'
10, 11808, 69.9551430205466, 69.9551430205466, 'APPROACH-BLIND'
10, 11809, 69.95653421428808, 69.95653421428808, 'APPROACH-BLIND'
10, 11810, 69.95792540802957, 69.95792540802957, 'APPROACH-BLIND'
10, 11811, 69.95931660177105, 69.95931660177105, 'APPROACH-BLIND'
10, 11812, 69.96070779551253, 69.96070779551253, 'APPROACH-BLIND'
10, 11813, 69.96209898925402, 69.96209898925402, 'APPROACH-BLIND'
10, 11814, 69.9634901829955, 69.9634901829955, 'APPROACH-BLIND'
10, 11815, 69.96488137673698, 69.96488137673698, 'APPROACH-BLIND'
10, 11816, 69.96627257047847, 69.96627257047847, 'APPROACH-BLIND'
10, 11817, 69.96766376421995, 69.96766376421995, 'APPROACH-BLIND'
10, 11818, 69.96905495796143, 69.96905495796143, 'APPROACH-BLIND'
10, 11819, 69.97044615170292, 69.97044615170292, 'APPROACH-BLIND'
10, 11820, 69.9718373454444, 69.9718373454444, 'APPROACH-BLIND'
10, 11821, 69.97322853918588, 69.97322853918588, 'APPROACH-BLIND'
10, 11822, 69.97461973292737, 69.97461973292737, 'APPROACH-BLIND'
10, 11823, 69.97601092666885, 69.97601092666885, 'APPROACH-BLIND'
10, 11824, 70.00117774386773, 70.00117774386773, 'APPROACH-BLIND'
10, 11825, 70.02634456106661, 70.02634456106661, 'APPROACH-BLIND'
10, 11826, 70.05151137826549, 70.05151137826549, 'APPROACH-BLIND'
10, 11827, 70.07667819546437, 70.07667819546437, 'APPROACH-BLIND'
10, 11828, 70.10184501266325, 70.10184501266325, 'APPROACH-BLIND'
10, 11829, 70.12701182986213, 70.12701182986213, 'APPROACH-BLIND'
10, 11830, 70.152178647061, 70.152178647061, 'APPROACH-BLIND'
10, 11831, 70.17734546425989, 70.17734546425989, 'APPROACH-BLIND'
10, 11832, 70.20251228145877, 70.20251228145877, 'APPROACH-BLIND'
10, 11833, 70.22767909865765, 70.22767909865765, 'APPROACH-BLIND'
10, 11834, 70.25284591585653, 70.25284591585653, 'APPROACH-BLIND'
10, 11835, 70.2780127330554, 70.2780127330554, 'APPROACH-BLIND'
10, 11836, 70.30317955025428, 70.30317955025428, 'APPROACH-BLIND'
10, 11837, 70.32834636745316, 70.32834636745316, 'APPROACH-BLIND'
10, 11838, 70.35351318465204, 70.35351318465204, 'APPROACH-BLIND'
10, 11839, 70.37868000185092, 70.37868000185092, 'APPROACH-BLIND'
10, 11840, 70.4038468190498, 70.4038468190498, 'APPROACH-BLIND'
10, 11841, 70.42901363624868, 70.42901363624868, 'APPROACH-BLIND'
10, 11842, 70.45418045344756, 70.45418045344756, 'APPROACH-BLIND'
10, 11843, 70.47934727064644, 70.47934727064644, 'APPROACH-BLIND'
10, 11844, 70.50451408784532, 70.50451408784532, 'APPROACH-BLIND'
10, 11845, 70.51488267784545, 70.51488267784545, 'APPROACH-BLIND'
10, 11846, 70.52525126784559, 70.52525126784559, 'APPROACH-BLIND'
10, 11847, 70.53561985784572, 70.53561985784572, 'APPROACH-BLIND'
10, 11848, 70.54598844784586, 70.54598844784586, 'APPROACH-BLIND'
10, 11849, 70.55635703784598, 70.55635703784598, 'APPROACH-BLIND'
10, 11850, 70.56672562784611, 70.56672562784611, 'APPROACH-BLIND'
10, 11851, 70.57709421784625, 70.57709421784625, 'APPROACH-BLIND'
10, 11852, 70.58746280784638, 70.58746280784638, 'APPROACH-BLIND'
10, 11853, 70.59783139784652, 70.59783139784652, 'APPROACH-BLIND'
10, 11854, 70.60819998784665, 70.60819998784665, 'APPROACH-BLIND'
10, 11855, 70.61856857784679, 70.61856857784679, 'APPROACH-BLIND'
10, 11856, 70.62893716784691, 70.62893716784691, 'APPROACH-BLIND'
10, 11857, 70.63930575784705, 70.63930575784705, 'APPROACH-BLIND'
10, 11858, 70.64967434784718, 70.64967434784718, 'APPROACH-BLIND'
10, 11859, 70.66004293784732, 70.66004293784732, 'APPROACH-BLIND'
10, 11860, 70.67041152784745, 70.67041152784745, 'APPROACH-BLIND'
10, 11861, 70.68078011784759, 70.68078011784759, 'APPROACH-BLIND'
10, 11862, 70.69114870784772, 70.69114870784772, 'APPROACH-BLIND'
10, 11863, 70.70151729784784, 70.70151729784784, 'APPROACH-BLIND'
10, 11864, 70.71188588784798, 70.71188588784798, 'APPROACH-BLIND'
10, 11865, 70.72225447784811, 70.72225447784811, 'APPROACH-BLIND'
10, 11866, 70.73262306784825, 70.73262306784825, 'APPROACH-BLIND'
10, 11867, 70.74299165784838, 70.74299165784838, 'APPROACH-BLIND'
10, 11868, 70.75336024784852, 70.75336024784852, 'APPROACH-BLIND'
10, 11869, 70.76372883784865, 70.76372883784865, 'APPROACH-BLIND'
10, 11870, 70.77409742784879, 70.77409742784879, 'APPROACH-BLIND'
10, 11871, 70.78446601784891, 70.78446601784891, 'APPROACH-BLIND'
10, 11872, 70.79483460784905, 70.79483460784905, 'APPROACH-BLIND'
10, 11873, 70.80520319784918, 70.80520319784918, 'APPROACH-BLIND'
10, 11874, 70.78139734146302, 70.78139734146302, 'APPROACH-BLIND'
10, 11875, 70.75759148507686, 70.75759148507686, 'APPROACH-BLIND'
10, 11876, 70.7337856286907, 70.7337856286907, 'APPROACH-BLIND'
10, 11877, 70.70997977230454, 70.70997977230454, 'APPROACH-BLIND'
10, 11878, 70.68617391591837, 70.68617391591837, 'APPROACH-BLIND'
10, 11879, 70.66236805953221, 70.66236805953221, 'APPROACH-BLIND'
10, 11880, 70.63856220314605, 70.63856220314605, 'APPROACH-BLIND'
10, 11881, 70.61475634675989, 70.61475634675989, 'APPROACH-BLIND'
10, 11882, 70.59095049037373, 70.59095049037373, 'APPROACH-BLIND'
10, 11883, 70.56714463398757, 70.56714463398757, 'APPROACH-BLIND'
10, 11884, 70.5433387776014, 70.5433387776014, 'APPROACH-BLIND'
10, 11885, 70.51953292121524, 70.51953292121524, 'APPROACH-BLIND'
10, 11886, 70.49572706482908, 70.49572706482908, 'APPROACH-BLIND'
10, 11887, 70.48581692295512, 70.48581692295512, 'APPROACH-BLIND'
10, 11888, 70.47590678108116, 70.47590678108116, 'APPROACH-BLIND'
10, 11889, 70.4659966392072, 70.4659966392072, 'APPROACH-BLIND'
10, 11890, 70.45608649733325, 70.45608649733325, 'APPROACH-BLIND'
10, 11891, 70.44617635545929, 70.44617635545929, 'APPROACH-BLIND'
10, 11892, 70.43626621358533, 70.43626621358533, 'APPROACH-BLIND'
10, 11893, 70.42635607171137, 70.42635607171137, 'APPROACH-BLIND'
10, 11894, 70.41644592983741, 70.41644592983741, 'APPROACH-BLIND'
10, 11895, 70.40653578796345, 70.40653578796345, 'APPROACH-BLIND'
10, 11896, 70.39662564608949, 70.39662564608949, 'APPROACH-BLIND'
10, 11897, 70.38671550421553, 70.38671550421553, 'APPROACH-BLIND'
10, 11898, 70.37680536234157, 70.37680536234157, 'APPROACH-BLIND'
10, 11899, 70.36689522046761, 70.36689522046761, 'APPROACH-BLIND'
10, 11900, 70.35698507859365, 70.35698507859365, 'APPROACH-BLIND'
10, 11901, 70.3470749367197, 70.3470749367197, 'APPROACH-BLIND'
10, 11902, 70.33716479484573, 70.33716479484573, 'APPROACH-BLIND'
10, 11903, 70.32725465297177, 70.32725465297177, 'APPROACH-BLIND'
10, 11904, 70.31734451109782, 70.31734451109782, 'APPROACH-BLIND'
10, 11905, 70.30743436922386, 70.30743436922386, 'APPROACH-BLIND'
10, 11906, 70.2975242273499, 70.2975242273499, 'APPROACH-BLIND'
10, 11907, 70.28761408547594, 70.28761408547594, 'APPROACH-BLIND'
10, 11908, 70.27770394360198, 70.27770394360198, 'APPROACH-BLIND'
10, 11909, 70.26779380172802, 70.26779380172802, 'APPROACH-BLIND'
10, 11910, 70.25788365985406, 70.25788365985406, 'APPROACH-BLIND'
10, 11911, 70.24797351798009, 70.24797351798009, 'APPROACH-BLIND'
10, 11912, 70.23806337610613, 70.23806337610613, 'APPROACH-BLIND'
10, 11913, 70.22815323423217, 70.22815323423217, 'APPROACH-BLIND'
10, 11914, 70.2182430923582, 70.2182430923582, 'APPROACH-BLIND'
10, 11915, 70.20833295048423, 70.20833295048423, 'APPROACH-BLIND'
10, 11916, 70.19842280861026, 70.19842280861026, 'APPROACH-BLIND'
10, 11917, 70.1885126667363, 70.1885126667363, 'APPROACH-BLIND'
10, 11918, 70.21224463664437, 70.21224463664437, 'APPROACH-BLIND'
10, 11919, 70.23597660655244, 70.23597660655244, 'APPROACH-BLIND'
10, 11920, 70.25970857646051, 70.25970857646051, 'APPROACH-BLIND'
10, 11921, 70.28344054636858, 70.28344054636858, 'APPROACH-BLIND'
10, 11922, 70.30717251627665, 70.30717251627665, 'APPROACH-BLIND'
10, 11923, 70.33090448618472, 70.33090448618472, 'APPROACH-BLIND'
10, 11924, 70.35463645609279, 70.35463645609279, 'APPROACH-BLIND'
10, 11925, 70.37836842600086, 70.37836842600086, 'APPROACH-BLIND'
10, 11926, 70.40210039590893, 70.40210039590893, 'APPROACH-BLIND'
10, 11927, 70.425832365817, 70.425832365817, 'APPROACH-BLIND'
10, 11928, 70.44956433572507, 70.44956433572507, 'APPROACH-BLIND'
10, 11929, 70.47329630563314, 70.47329630563314, 'APPROACH-BLIND'
10, 11930, 70.49702827554121, 70.49702827554121, 'APPROACH-BLIND'
10, 11931, 70.52076024544928, 70.52076024544928, 'APPROACH-BLIND'
10, 11932, 70.54801382856083, 70.54801382856083, 'APPROACH-BLIND'
10, 11933, 70.57526741167237, 70.57526741167237, 'APPROACH-BLIND'
10, 11934, 70.60252099478392, 70.60252099478392, 'APPROACH-BLIND'
10, 11935, 70.62977457789546, 70.62977457789546, 'APPROACH-BLIND'
10, 11936, 70.657028161007, 70.657028161007, 'APPROACH-BLIND'
10, 11937, 70.68428174411855, 70.68428174411855, 'APPROACH-BLIND'
10, 11938, 70.7115353272301, 70.7115353272301, 'APPROACH-BLIND'
10, 11939, 70.73878891034164, 70.73878891034164, 'APPROACH-BLIND'
10, 11940, 70.76604249345318, 70.76604249345318, 'APPROACH-BLIND'
10, 11941, 70.79329607656473, 70.79329607656473, 'APPROACH-BLIND'
10, 11942, 70.82054965967627, 70.82054965967627, 'APPROACH-BLIND'
10, 11943, 70.84780324278782, 70.84780324278782, 'APPROACH-BLIND'
10, 11944, 70.87505682589936, 70.87505682589936, 'APPROACH-BLIND'
10, 11945, 70.90231040901091, 70.90231040901091, 'APPROACH-BLIND'
10, 11946, 70.92956399212245, 70.92956399212245, 'APPROACH-BLIND'
10, 11947, 70.956817575234, 70.956817575234, 'APPROACH-BLIND'
10, 11948, 70.98407115834554, 70.98407115834554, 'APPROACH-BLIND'
10, 11949, 71.01132474145709, 71.01132474145709, 'APPROACH-BLIND'
10, 11950, 71.03857832456863, 71.03857832456863, 'APPROACH-BLIND'
10, 11951, 71.06583190768018, 71.06583190768018, 'APPROACH-BLIND'
10, 11952, 71.09308549079172, 71.09308549079172, 'APPROACH-BLIND'
10, 11953, 71.12033907390327, 71.12033907390327, 'APPROACH-BLIND'
10, 11954, 71.14759265701481, 71.14759265701481, 'APPROACH-BLIND'
10, 11955, 71.17484624012636, 71.17484624012636, 'APPROACH-BLIND'
10, 11956, 71.2020998232379, 71.2020998232379, 'APPROACH-BLIND'
10, 11957, 71.22935340634945, 71.22935340634945, 'APPROACH-BLIND'
10, 11958, 71.25660698946099, 71.25660698946099, 'APPROACH-BLIND'
10, 11959, 71.28386057257254, 71.28386057257254, 'APPROACH-BLIND'
10, 11960, 71.31111415568408, 71.31111415568408, 'APPROACH-BLIND'
10, 11961, 71.33836773879563, 71.33836773879563, 'APPROACH-BLIND'
10, 11962, 71.36562132190717, 71.36562132190717, 'APPROACH-BLIND'
10, 11963, 71.39287490501872, 71.39287490501872, 'APPROACH-BLIND'
10, 11964, 71.42012848813026, 71.42012848813026, 'APPROACH-BLIND'
10, 11965, 71.4473820712418, 71.4473820712418, 'APPROACH-BLIND'
10, 11966, 71.47463565435335, 71.47463565435335, 'APPROACH-BLIND'
10, 11967, 71.5018892374649, 71.5018892374649, 'APPROACH-BLIND'
10, 11968, 71.52960757352155, 71.52960757352155, 'APPROACH-BLIND'
10, 11969, 71.5573259095782, 71.5573259095782, 'APPROACH-BLIND'
10, 11970, 71.58504424563485, 71.58504424563485, 'APPROACH-BLIND'
10, 11971, 71.6127625816915, 71.6127625816915, 'APPROACH-BLIND'
10, 11972, 71.64048091774815, 71.64048091774815, 'APPROACH-BLIND'
10, 11973, 71.6681992538048, 71.6681992538048, 'APPROACH-BLIND'
10, 11974, 71.69591758986145, 71.69591758986145, 'APPROACH-BLIND'
10, 11975, 71.7236359259181, 71.7236359259181, 'APPROACH-BLIND'
10, 11976, 71.75135426197475, 71.75135426197475, 'APPROACH-BLIND'
10, 11977, 71.7790725980314, 71.7790725980314, 'APPROACH-BLIND'
10, 11978, 71.80679093408806, 71.80679093408806, 'APPROACH-BLIND'
10, 11979, 71.83450927014471, 71.83450927014471, 'APPROACH-BLIND'
10, 11980, 71.86222760620136, 71.86222760620136, 'APPROACH-BLIND'
10, 11981, 71.88994594225801, 71.88994594225801, 'APPROACH-BLIND'
10, 11982, 71.91766427831466, 71.91766427831466, 'APPROACH-BLIND'
10, 11983, 71.94538261437131, 71.94538261437131, 'APPROACH-BLIND'
10, 11984, 71.97310095042796, 71.97310095042796, 'APPROACH-BLIND'
10, 11985, 72.00081928648461, 72.00081928648461, 'APPROACH-BLIND'
10, 11986, 72.02853762254126, 72.02853762254126, 'APPROACH-BLIND'
10, 11987, 72.05625595859792, 72.05625595859792, 'APPROACH-BLIND'
10, 11988, 72.08397429465457, 72.08397429465457, 'APPROACH-BLIND'
10, 11989, 72.11169263071122, 72.11169263071122, 'APPROACH-BLIND'
10, 11990, 72.13941096676787, 72.13941096676787, 'APPROACH-BLIND'
10, 11991, 72.16712930282452, 72.16712930282452, 'APPROACH-BLIND'
10, 11992, 72.19484763888117, 72.19484763888117, 'APPROACH-BLIND'
10, 11993, 72.22256597493782, 72.22256597493782, 'APPROACH-BLIND'
10, 11994, 72.25028431099447, 72.25028431099447, 'APPROACH-BLIND'
10, 11995, 72.27800264705112, 72.27800264705112, 'APPROACH-BLIND'
10, 11996, 72.30572098310778, 72.30572098310778, 'APPROACH-BLIND'
10, 11997, 72.33343931916443, 72.33343931916443, 'APPROACH-BLIND'
10, 11998, 72.36115765522108, 72.36115765522108, 'APPROACH-BLIND'
10, 11999, 72.38887599127773, 72.38887599127773, 'APPROACH-BLIND'
10, 12000, 72.41659432733438, 72.41659432733438, 'APPROACH-BLIND'
10, 12001, 72.44431266339103, 72.44431266339103, 'APPROACH-BLIND'
10, 12002, 72.47203099944768, 72.47203099944768, 'APPROACH-BLIND'
10, 12003, 72.49974933550433, 72.49974933550433, 'APPROACH-BLIND'
10, 12004, 72.52746767156098, 72.52746767156098, 'APPROACH-BLIND'
10, 12005, 72.55523931063702, 72.55523931063702, 'APPROACH-BLIND'
10, 12006, 72.58301094971306, 72.58301094971306, 'APPROACH-BLIND'
10, 12007, 72.61078258878909, 72.61078258878909, 'APPROACH-BLIND'
10, 12008, 72.63855422786513, 72.63855422786513, 'APPROACH-BLIND'
10, 12009, 72.66632586694116, 72.66632586694116, 'APPROACH-BLIND'
10, 12010, 72.6940975060172, 72.6940975060172, 'APPROACH-BLIND'
10, 12011, 72.72186914509324, 72.72186914509324, 'APPROACH-BLIND'
10, 12012, 72.74964078416927, 72.74964078416927, 'APPROACH-BLIND'
10, 12013, 72.77741242324531, 72.77741242324531, 'APPROACH-BLIND'
10, 12014, 72.80518406232135, 72.80518406232135, 'APPROACH-BLIND'
10, 12015, 72.83295570139738, 72.83295570139738, 'APPROACH-BLIND'
10, 12016, 72.86072734047342, 72.86072734047342, 'APPROACH-BLIND'
10, 12017, 72.88849897954945, 72.88849897954945, 'APPROACH-BLIND'
10, 12018, 72.91627061862549, 72.91627061862549, 'APPROACH-BLIND'
10, 12019, 72.94404225770153, 72.94404225770153, 'APPROACH-BLIND'
10, 12020, 72.97181389677756, 72.97181389677756, 'APPROACH-BLIND'
10, 12021, 72.9995855358536, 72.9995855358536, 'APPROACH-BLIND'
10, 12022, 73.02735717492963, 73.02735717492963, 'APPROACH-BLIND'
10, 12023, 73.05512881400567, 73.05512881400567, 'APPROACH-BLIND'
10, 12024, 73.0829004530817, 73.0829004530817, 'APPROACH-BLIND'
10, 12025, 73.11067209215774, 73.11067209215774, 'APPROACH-BLIND'
10, 12026, 73.13844373123378, 73.13844373123378, 'APPROACH-BLIND'
10, 12027, 73.16621537030981, 73.16621537030981, 'APPROACH-BLIND'
10, 12028, 73.19398700938585, 73.19398700938585, 'APPROACH-BLIND'
10, 12029, 73.22175864846189, 73.22175864846189, 'APPROACH-BLIND'
10, 12030, 73.24953028753792, 73.24953028753792, 'APPROACH-BLIND'
10, 12031, 73.27730192661396, 73.27730192661396, 'APPROACH-BLIND'
10, 12032, 73.30507356569, 73.30507356569, 'APPROACH-BLIND'
10, 12033, 73.33284520476603, 73.33284520476603, 'APPROACH-BLIND'
10, 12034, 73.36061684384207, 73.36061684384207, 'APPROACH-BLIND'
10, 12035, 73.3883884829181, 73.3883884829181, 'APPROACH-BLIND'
10, 12036, 73.41616012199414, 73.41616012199414, 'APPROACH-BLIND'
10, 12037, 73.44393176107017, 73.44393176107017, 'APPROACH-BLIND'
10, 12038, 73.47170340014621, 73.47170340014621, 'APPROACH-BLIND'
10, 12039, 73.49947503922225, 73.49947503922225, 'APPROACH-BLIND'
10, 12040, 73.52724667829828, 73.52724667829828, 'APPROACH-BLIND'
10, 12041, 73.53921602765013, 73.53921602765013, 'APPROACH-BLIND'
10, 12042, 73.55118537700197, 73.55118537700197, 'APPROACH-BLIND'
10, 12043, 73.56315472635382, 73.56315472635382, 'APPROACH-BLIND'
10, 12044, 73.57512407570566, 73.57512407570566, 'APPROACH-BLIND'
10, 12045, 73.5870934250575, 73.5870934250575, 'APPROACH-BLIND'
10, 12046, 73.59906277440935, 73.59906277440935, 'APPROACH-BLIND'
10, 12047, 73.61103212376119, 73.61103212376119, 'APPROACH-BLIND'
10, 12048, 73.62300147311304, 73.62300147311304, 'APPROACH-BLIND'
10, 12049, 73.63497082246488, 73.63497082246488, 'APPROACH-BLIND'
10, 12050, 73.64694017181672, 73.64694017181672, 'APPROACH-BLIND'
10, 12051, 73.65890952116857, 73.65890952116857, 'APPROACH-BLIND'
10, 12052, 73.67087887052041, 73.67087887052041, 'APPROACH-BLIND'
10, 12053, 73.68284821987226, 73.68284821987226, 'APPROACH-BLIND'
10, 12054, 73.6948175692241, 73.6948175692241, 'APPROACH-BLIND'
10, 12055, 73.70678691857594, 73.70678691857594, 'APPROACH-BLIND'
10, 12056, 73.71875626792779, 73.71875626792779, 'APPROACH-BLIND'
10, 12057, 73.73072561727963, 73.73072561727963, 'APPROACH-BLIND'
10, 12058, 73.74269496663148, 73.74269496663148, 'APPROACH-BLIND'
10, 12059, 73.75466431598332, 73.75466431598332, 'APPROACH-BLIND'
10, 12060, 73.76663366533516, 73.76663366533516, 'APPROACH-BLIND'
10, 12061, 73.77093546115441, 73.77093546115441, 'APPROACH-BLIND'
10, 12062, 73.77523725697365, 73.77523725697365, 'APPROACH-BLIND'
10, 12063, 73.7795390527929, 73.7795390527929, 'APPROACH-BLIND'
10, 12064, 73.78384084861214, 73.78384084861214, 'APPROACH-BLIND'
10, 12065, 73.78814264443139, 73.78814264443139, 'APPROACH-BLIND'
10, 12066, 73.79244444025063, 73.79244444025063, 'APPROACH-BLIND'
10, 12067, 73.79674623606988, 73.79674623606988, 'APPROACH-BLIND'
10, 12068, 73.80104803188912, 73.80104803188912, 'APPROACH-BLIND'
10, 12069, 73.80534982770837, 73.80534982770837, 'APPROACH-BLIND'
10, 12070, 73.80965162352761, 73.80965162352761, 'APPROACH-BLIND'
10, 12071, 73.81395341934686, 73.81395341934686, 'APPROACH-BLIND'
10, 12072, 73.8182552151661, 73.8182552151661, 'APPROACH-BLIND'
10, 12073, 73.82255701098535, 73.82255701098535, 'APPROACH-BLIND'
10, 12074, 73.8268588068046, 73.8268588068046, 'APPROACH-BLIND'
10, 12075, 73.83116060262384, 73.83116060262384, 'APPROACH-BLIND'
10, 12076, 73.83546239844308, 73.83546239844308, 'APPROACH-BLIND'
10, 12077, 73.83976419426233, 73.83976419426233, 'APPROACH-BLIND'
10, 12078, 73.84406599008157, 73.84406599008157, 'APPROACH-BLIND'
10, 12079, 73.84836778590082, 73.84836778590082, 'APPROACH-BLIND'
10, 12080, 73.85266958172006, 73.85266958172006, 'APPROACH-BLIND'
10, 12081, 73.85697137753931, 73.85697137753931, 'APPROACH-BLIND'
10, 12082, 73.86127317335855, 73.86127317335855, 'APPROACH-BLIND'
10, 12083, 73.8655749691778, 73.8655749691778, 'APPROACH-BLIND'
10, 12084, 73.86987676499704, 73.86987676499704, 'APPROACH-BLIND'
10, 12085, 73.87417856081629, 73.87417856081629, 'APPROACH-BLIND'
10, 12086, 73.87848035663554, 73.87848035663554, 'APPROACH-BLIND'
10, 12087, 73.88278215245477, 73.88278215245477, 'APPROACH-BLIND'
10, 12088, 73.88708394827401, 73.88708394827401, 'APPROACH-BLIND'
10, 12089, 73.89138574409324, 73.89138574409324, 'APPROACH-BLIND'
10, 12090, 73.89568753991249, 73.89568753991249, 'APPROACH-BLIND'
10, 12091, 73.89998933573172, 73.89998933573172, 'APPROACH-BLIND'
10, 12092, 73.90429113155096, 73.90429113155096, 'APPROACH-BLIND'
10, 12093, 73.9085929273702, 73.9085929273702, 'APPROACH-BLIND'
10, 12094, 73.91289472318944, 73.91289472318944, 'APPROACH-BLIND'
10, 12095, 73.91719651900867, 73.91719651900867, 'APPROACH-BLIND'
10, 12096, 73.92149831482791, 73.92149831482791, 'APPROACH-BLIND'
10, 12097, 73.92580011064715, 73.92580011064715, 'APPROACH-BLIND'
10, 12098, 73.9512194264213, 73.9512194264213, 'APPROACH-BLIND'
10, 12099, 73.97663874219546, 73.97663874219546, 'APPROACH-BLIND'
10, 12100, 74.00205805796962, 74.00205805796962, 'APPROACH-BLIND'
10, 12101, 74.02747737374378, 74.02747737374378, 'APPROACH-BLIND'
10, 12102, 74.05289668951794, 74.05289668951794, 'APPROACH-BLIND'
10, 12103, 74.0783160052921, 74.0783160052921, 'APPROACH-BLIND'
10, 12104, 74.10373532106625, 74.10373532106625, 'APPROACH-BLIND'
10, 12105, 74.12915463684041, 74.12915463684041, 'APPROACH-BLIND'
10, 12106, 74.15457395261457, 74.15457395261457, 'APPROACH-BLIND'
10, 12107, 74.17999326838873, 74.17999326838873, 'APPROACH-BLIND'
10, 12108, 74.20541258416289, 74.20541258416289, 'APPROACH-BLIND'
10, 12109, 74.23083189993704, 74.23083189993704, 'APPROACH-BLIND'
10, 12110, 74.2562512157112, 74.2562512157112, 'APPROACH-BLIND'
10, 12111, 74.28167053148536, 74.28167053148536, 'APPROACH-BLIND'
10, 12112, 74.30708984725952, 74.30708984725952, 'APPROACH-BLIND'
10, 12113, 74.33250916303368, 74.33250916303368, 'APPROACH-BLIND'
10, 12114, 74.35792847880784, 74.35792847880784, 'APPROACH-BLIND'
10, 12115, 74.383347794582, 74.383347794582, 'APPROACH-BLIND'
10, 12116, 74.40876711035615, 74.40876711035615, 'APPROACH-BLIND'
10, 12117, 74.43418642613031, 74.43418642613031, 'APPROACH-BLIND'
10, 12118, 74.45960574190447, 74.45960574190447, 'APPROACH-BLIND'
10, 12119, 74.48502505767863, 74.48502505767863, 'APPROACH-BLIND'
10, 12120, 74.51044437345278, 74.51044437345278, 'APPROACH-BLIND'
10, 12121, 74.5251532233299, 74.5251532233299, 'APPROACH-BLIND'
10, 12122, 74.539862073207, 74.539862073207, 'APPROACH-BLIND'
10, 12123, 74.55457092308411, 74.55457092308411, 'APPROACH-BLIND'
10, 12124, 74.56927977296121, 74.56927977296121, 'APPROACH-BLIND'
10, 12125, 74.58398862283832, 74.58398862283832, 'APPROACH-BLIND'
10, 12126, 74.59869747271541, 74.59869747271541, 'APPROACH-BLIND'
10, 12127, 74.61340632259252, 74.61340632259252, 'APPROACH-BLIND'
10, 12128, 74.62811517246963, 74.62811517246963, 'APPROACH-BLIND'
10, 12129, 74.64282402234673, 74.64282402234673, 'APPROACH-BLIND'
10, 12130, 74.65753287222384, 74.65753287222384, 'APPROACH-BLIND'
10, 12131, 74.67224172210094, 74.67224172210094, 'APPROACH-BLIND'
10, 12132, 74.68695057197804, 74.68695057197804, 'APPROACH-BLIND'
10, 12133, 74.70165942185514, 74.70165942185514, 'APPROACH-BLIND'
10, 12134, 74.70715581977142, 74.70715581977142, 'APPROACH-BLIND'
10, 12135, 74.71265221768769, 74.71265221768769, 'APPROACH-BLIND'
10, 12136, 74.71814861560397, 74.71814861560397, 'APPROACH-BLIND'
10, 12137, 74.72364501352024, 74.72364501352024, 'APPROACH-BLIND'
10, 12138, 74.72914141143652, 74.72914141143652, 'APPROACH-BLIND'
10, 12139, 74.73463780935279, 74.73463780935279, 'APPROACH-BLIND'
10, 12140, 74.74013420726907, 74.74013420726907, 'APPROACH-BLIND'
10, 12141, 74.74563060518534, 74.74563060518534, 'APPROACH-BLIND'
10, 12142, 74.75112700310162, 74.75112700310162, 'APPROACH-BLIND'
10, 12143, 74.75662340101789, 74.75662340101789, 'APPROACH-BLIND'
10, 12144, 74.76211979893417, 74.76211979893417, 'APPROACH-BLIND'
10, 12145, 74.76761619685044, 74.76761619685044, 'APPROACH-BLIND'
10, 12146, 74.77311259476672, 74.77311259476672, 'APPROACH-BLIND'
10, 12147, 74.77860899268299, 74.77860899268299, 'APPROACH-BLIND'
10, 12148, 74.78410539059927, 74.78410539059927, 'APPROACH-BLIND'
10, 12149, 74.78960178851554, 74.78960178851554, 'APPROACH-BLIND'
10, 12150, 74.79509818643182, 74.79509818643182, 'APPROACH-BLIND'
10, 12151, 74.80059458434809, 74.80059458434809, 'APPROACH-BLIND'
10, 12152, 74.80609098226437, 74.80609098226437, 'APPROACH-BLIND'
10, 12153, 74.81158738018064, 74.81158738018064, 'APPROACH-BLIND'
10, 12154, 74.81708377809692, 74.81708377809692, 'APPROACH-BLIND'
10, 12155, 74.82258017601319, 74.82258017601319, 'APPROACH-BLIND'
10, 12156, 74.82807657392947, 74.82807657392947, 'APPROACH-BLIND'
10, 12157, 74.83357297184574, 74.83357297184574, 'APPROACH-BLIND'
10, 12158, 74.83906936976202, 74.83906936976202, 'APPROACH-BLIND'
10, 12159, 74.8445657676783, 74.8445657676783, 'APPROACH-BLIND'
10, 12160, 74.85006216559458, 74.85006216559458, 'APPROACH-BLIND'
10, 12161, 74.85555856351087, 74.85555856351087, 'APPROACH-BLIND'
10, 12162, 74.86105496142714, 74.86105496142714, 'APPROACH-BLIND'
10, 12163, 74.86655135934343, 74.86655135934343, 'APPROACH-BLIND'
10, 12164, 74.87204775725971, 74.87204775725971, 'APPROACH-BLIND'
10, 12165, 74.877544155176, 74.877544155176, 'APPROACH-BLIND'
10, 12166, 74.8592588050437, 74.8592588050437, 'SEARCH'
10, 12167, 74.85916511140195, 74.85916511140195, 'SEARCH'
10, 12168, 74.86599029651346, 74.86599029651346, 'SEARCH'
10, 12169, 74.83835504532853, 74.83835504532853, 'SEARCH'
10, 12170, 74.8403893117572, 74.8403893117572, 'SEARCH'
10, 12171, 74.81287056689062, 74.81287056689062, 'SEARCH'
10, 12172, 74.78752925242851, 74.78752925242851, 'SEARCH'
10, 12173, 74.7598643592125, 74.7598643592125, 'SEARCH'
10, 12174, 74.73214869363662, 74.73214869363662, 'SEARCH'
10, 12175, 74.70916688410396, 74.70916688410396, 'SEARCH'
10, 12176, 74.68531715675825, 74.68531715675825, 'SEARCH'
10, 12177, 74.660388409092, 74.660388409092, 'SEARCH'
10, 12178, 74.63524743478176, 74.63524743478176, 'SEARCH'
10, 12179, 74.60964828103769, 74.60964828103769, 'SEARCH'
10, 12180, 74.58215252886923, 74.58215252886923, 'SEARCH'
10, 12181, 74.56903875905283, 74.56903875905283, 'SEARCH'
10, 12182, 74.55944765749639, 74.55944765749639, 'SEARCH'
10, 12183, 74.53855639270128, 74.53855639270128, 'SEARCH'
10, 12184, 74.51864593894786, 74.51864593894786, 'SEARCH'
10, 12185, 74.49669952869162, 74.49669952869162, 'SEARCH'
10, 12186, 74.47967949266302, 74.47967949266302, 'SEARCH'
10, 12187, 74.4648809190182, 74.4648809190182, 'SEARCH'
10, 12188, 74.44430919913785, 74.44430919913785, 'SEARCH'
10, 12189, 74.4257947380617, 74.4257947380617, 'SEARCH'
10, 12190, 74.4010049899743, 74.4010049899743, 'SEARCH'
10, 12191, 74.37714571537813, 74.37714571537813, 'SEARCH'
10, 12192, 74.36531165996871, 74.36531165996871, 'SEARCH'
10, 12193, 74.34458954028851, 74.34458954028851, 'SEARCH'
10, 12194, 74.3279762671241, 74.3279762671241, 'SEARCH'
10, 12195, 74.33003246764063, 74.33003246764063, 'SEARCH'
10, 12196, 74.30396561097993, 74.30396561097993, 'SEARCH'
10, 12197, 74.28933076626859, 74.28933076626859, 'SEARCH'
10, 12198, 74.26156696256487, 74.26156696256487, 'SEARCH'
10, 12199, 74.23876090964595, 74.23876090964595, 'SEARCH'
10, 12200, 74.2172368430778, 74.2172368430778, 'SEARCH'
10, 12201, 74.20285124609508, 74.20285124609508, 'SEARCH'
10, 12202, 74.18003649510555, 74.18003649510555, 'SEARCH'
10, 12203, 74.16907649340399, 74.16907649340399, 'SEARCH'
10, 12204, 74.14652764428006, 74.14652764428006, 'SEARCH'
10, 12205, 74.1519652690264, 74.1519652690264, 'SEARCH'
10, 12206, 74.12574185156713, 74.12574185156713, 'SEARCH'
10, 12207, 74.10305765214487, 74.10305765214487, 'SEARCH'
10, 12208, 74.09436509430844, 74.09436509430844, 'SEARCH'
10, 12209, 74.07024453852848, 74.07024453852848, 'SEARCH'
10, 12210, 74.04246710322705, 74.04246710322705, 'SEARCH'
10, 12211, 74.02704981916642, 74.02704981916642, 'SEARCH'
10, 12212, 74.01812737433009, 74.01812737433009, 'SEARCH'
10, 12213, 73.99167402054228, 73.99167402054228, 'SEARCH'
10, 12214, 73.96458133691107, 73.96458133691107, 'SEARCH'
10, 12215, 73.93709162088159, 73.93709162088159, 'SEARCH'
10, 12216, 73.91111434791198, 73.91111434791198, 'SEARCH'
10, 12217, 73.89628284755584, 73.89628284755584, 'SEARCH'
10, 12218, 73.88574258545083, 73.88574258545083, 'SEARCH'
10, 12219, 73.88348075338567, 73.88348075338567, 'SEARCH'
10, 12220, 73.88652842144789, 73.88652842144789, 'SEARCH'
10, 12221, 73.8591503993958, 73.8591503993958, 'SEARCH'
10, 12222, 73.83552276360668, 73.83552276360668, 'SEARCH'
10, 12223, 73.83566606932156, 73.83566606932156, 'SEARCH'
10, 12224, 73.8369917054412, 73.8369917054412, 'SEARCH'
10, 12225, 73.82994070493477, 73.82994070493477, 'SEARCH'
10, 12226, 73.8067148726273, 73.8067148726273, 'SEARCH'
10, 12227, 73.81070182543324, 73.81070182543324, 'SEARCH'
10, 12228, 73.78328300802806, 73.78328300802806, 'SEARCH'
10, 12229, 73.77835471612926, 73.77835471612926, 'SEARCH'
10, 12230, 73.75283283606186, 73.75283283606186, 'SEARCH'
10, 12231, 73.7311719887907, 73.7311719887907, 'SEARCH'
10, 12232, 73.70555277437715, 73.70555277437715, 'SEARCH'
10, 12233, 73.68244870251074, 73.68244870251074, 'SEARCH'
10, 12234, 73.67465303871982, 73.67465303871982, 'SEARCH'
10, 12235, 73.66048354034294, 73.66048354034294, 'SEARCH'
10, 12236, 73.63318834072084, 73.63318834072084, 'SEARCH'
10, 12237, 73.61582562626907, 73.61582562626907, 'SEARCH'
10, 12238, 73.5883382025225, 73.5883382025225, 'SEARCH'
10, 12239, 73.56119705495958, 73.56119705495958, 'SEARCH'
10, 12240, 73.5404612619163, 73.5404612619163, 'SEARCH'
10, 12241, 73.51476290087028, 73.51476290087028, 'SEARCH'
10, 12242, 73.49209290035964, 73.49209290035964, 'SEARCH'
10, 12243, 73.4686099219261, 73.4686099219261, 'SEARCH'
10, 12244, 73.46487502116558, 73.46487502116558, 'SEARCH'
10, 12245, 73.45757215738611, 73.45757215738611, 'SEARCH'
10, 12246, 73.45770468507425, 73.45770468507425, 'SEARCH'
10, 12247, 73.4443405602831, 73.4443405602831, 'SEARCH'
10, 12248, 73.42180633624886, 73.42180633624886, 'SEARCH'
10, 12249, 73.40801727438811, 73.40801727438811, 'SEARCH'
10, 12250, 73.38108967477093, 73.38108967477093, 'SEARCH'
10, 12251, 73.35698322032404, 73.35698322032404, 'SEARCH'
10, 12252, 73.36427850168705, 73.36427850168705, 'SEARCH'
10, 12253, 73.36340363171738, 73.36340363171738, 'SEARCH'
10, 12254, 73.33884007377556, 73.33884007377556, 'SEARCH'
10, 12255, 73.3168967870246, 73.3168967870246, 'SEARCH'
10, 12256, 73.28916241505861, 73.28916241505861, 'SEARCH'
10, 12257, 73.2866423775208, 73.2866423775208, 'SEARCH'
10, 12258, 73.2588777552326, 73.2588777552326, 'SEARCH'
10, 12259, 73.25996391943224, 73.25996391943224, 'SEARCH'
10, 12260, 73.23406770931648, 73.23406770931648, 'SEARCH'
10, 12261, 73.2073392482639, 73.2073392482639, 'SEARCH'
10, 12262, 73.18409929853198, 73.18409929853198, 'SEARCH'
10, 12263, 73.18516508452608, 73.18516508452608, 'SEARCH'
10, 12264, 73.16616140162577, 73.16616140162577, 'SEARCH'
10, 12265, 73.13986674253213, 73.13986674253213, 'SEARCH'
10, 12266, 73.13466454125087, 73.13466454125087, 'SEARCH'
10, 12267, 73.12463036665208, 73.12463036665208, 'SEARCH'
10, 12268, 73.0984937616022, 73.0984937616022, 'SEARCH'
10, 12269, 73.07145213072525, 73.07145213072525, 'SEARCH'
10, 12270, 73.06389637370671, 73.06389637370671, 'SEARCH'
10, 12271, 73.03716981932318, 73.03716981932318, 'SEARCH'
10, 12272, 73.02534314464413, 73.02534314464413, 'SEARCH'
10, 12273, 72.99775912535134, 72.99775912535134, 'SEARCH'
10, 12274, 72.97116190308738, 72.97116190308738, 'SEARCH'
10, 12275, 72.95230568232262, 72.95230568232262, 'SEARCH'
10, 12276, 72.93126936114746, 72.93126936114746, 'SEARCH'
10, 12277, 72.90574749470034, 72.90574749470034, 'SEARCH'
10, 12278, 72.88470677185543, 72.88470677185543, 'SEARCH'
10, 12279, 72.88628859411143, 72.88628859411143, 'SEARCH'
10, 12280, 72.88040290150363, 72.88040290150363, 'SEARCH'
10, 12281, 72.87286959918339, 72.87286959918339, 'SEARCH'
10, 12282, 72.87970012635027, 72.87970012635027, 'SEARCH'
10, 12283, 72.85224907439087, 72.85224907439087, 'SEARCH'
10, 12284, 72.8419385990856, 72.8419385990856, 'SEARCH'
10, 12285, 72.81521246913617, 72.81521246913617, 'SEARCH'
10, 12286, 72.8095299527999, 72.8095299527999, 'SEARCH'
10, 12287, 72.80148524581064, 72.80148524581064, 'SEARCH'
10, 12288, 72.77385281470707, 72.77385281470707, 'SEARCH'
10, 12289, 72.74688349250195, 72.74688349250195, 'SEARCH'
10, 12290, 72.74405402491043, 72.74405402491043, 'SEARCH'
10, 12291, 72.74012927993087, 72.74012927993087, 'SEARCH'
10, 12292, 72.71953651166265, 72.71953651166265, 'SEARCH'
10, 12293, 72.70570460873623, 72.70570460873623, 'SEARCH'
10, 12294, 72.69012733875448, 72.69012733875448, 'SEARCH'
10, 12295, 72.68428659124044, 72.68428659124044, 'SEARCH'
10, 12296, 72.66686947164666, 72.66686947164666, 'SEARCH'
10, 12297, 72.63916442658514, 72.63916442658514, 'SEARCH'
10, 12298, 72.61262150851748, 72.61262150851748, 'SEARCH'
10, 12299, 72.59867297265846, 72.59867297265846, 'SEARCH'
10, 12300, 72.57465834564037, 72.57465834564037, 'SEARCH'
10, 12301, 72.56373408736259, 72.56373408736259, 'SEARCH'
10, 12302, 72.54131533283204, 72.54131533283204, 'SEARCH'
10, 12303, 72.51851313705077, 72.51851313705077, 'SEARCH'
10, 12304, 72.49117384231204, 72.49117384231204, 'SEARCH'
10, 12305, 72.46575993581166, 72.46575993581166, 'SEARCH'
10, 12306, 72.43883180392578, 72.43883180392578, 'SEARCH'
10, 12307, 72.41215740660495, 72.41215740660495, 'SEARCH'
10, 12308, 72.38907515245724, 72.38907515245724, 'SEARCH'
10, 12309, 72.36610565010295, 72.36610565010295, 'SEARCH'
10, 12310, 72.35651260342831, 72.35651260342831, 'SEARCH'
10, 12311, 72.33159609459419, 72.33159609459419, 'SEARCH'
10, 12312, 72.3110257711464, 72.3110257711464, 'SEARCH'
10, 12313, 72.29722279707113, 72.29722279707113, 'SEARCH'
10, 12314, 72.29153212440666, 72.29153212440666, 'SEARCH'
10, 12315, 72.27770538669772, 72.27770538669772, 'SEARCH'
10, 12316, 72.2747430316932, 72.2747430316932, 'SEARCH'
10, 12317, 72.24974388048037, 72.24974388048037, 'SEARCH'
10, 12318, 72.22265950852086, 72.22265950852086, 'SEARCH'
10, 12319, 72.21399203991533, 72.21399203991533, 'SEARCH'
10, 12320, 72.20690241297251, 72.20690241297251, 'SEARCH'
10, 12321, 72.18004831810016, 72.18004831810016, 'SEARCH'
10, 12322, 72.15870881645628, 72.15870881645628, 'SEARCH'
10, 12323, 72.14190758119531, 72.14190758119531, 'SEARCH'
10, 12324, 72.12962385096716, 72.12962385096716, 'SEARCH'
10, 12325, 72.11820372061197, 72.11820372061197, 'SEARCH'
10, 12326, 72.09733723594016, 72.09733723594016, 'SEARCH'
10, 12327, 72.0833277476586, 72.0833277476586, 'SEARCH'
10, 12328, 72.06634744447973, 72.06634744447973, 'SEARCH'
10, 12329, 72.03905319340747, 72.03905319340747, 'SEARCH'
10, 12330, 72.02631149083338, 72.02631149083338, 'SEARCH'
10, 12331, 72.00724917915066, 72.00724917915066, 'SEARCH'
10, 12332, 71.99067151473466, 71.99067151473466, 'SEARCH'
10, 12333, 71.9637985890131, 71.9637985890131, 'SEARCH'
10, 12334, 71.9706818434891, 71.9706818434891, 'SEARCH'
10, 12335, 71.95149599699428, 71.95149599699428, 'SEARCH'
10, 12336, 71.94605569357171, 71.94605569357171, 'SEARCH'
10, 12337, 71.94091097512505, 71.94091097512505, 'SEARCH'
10, 12338, 71.91717492981581, 71.91717492981581, 'SEARCH'
10, 12339, 71.89763000438157, 71.89763000438157, 'SEARCH'
10, 12340, 71.87271938020474, 71.87271938020474, 'SEARCH'
10, 12341, 71.86086997671242, 71.86086997671242, 'SEARCH'
10, 12342, 71.84046185357076, 71.84046185357076, 'SEARCH'
10, 12343, 71.82712472670791, 71.82712472670791, 'SEARCH'
10, 12344, 71.82747420142917, 71.82747420142917, 'SEARCH'
10, 12345, 71.80738799819788, 71.80738799819788, 'SEARCH'
10, 12346, 71.77985834619572, 71.77985834619572, 'SEARCH'
10, 12347, 71.75720018148618, 71.75720018148618, 'SEARCH'
10, 12348, 71.72973995057498, 71.72973995057498, 'SEARCH'
10, 12349, 71.71367385616648, 71.71367385616648, 'SEARCH'
10, 12350, 71.68601776714483, 71.68601776714483, 'SEARCH'
10, 12351, 71.69005913190904, 71.69005913190904, 'SEARCH'
10, 12352, 71.68587332340971, 71.68587332340971, 'SEARCH'
10, 12353, 71.66599356264919, 71.66599356264919, 'SEARCH'
10, 12354, 71.66951435290586, 71.66951435290586, 'SEARCH'
10, 12355, 71.64551873557602, 71.64551873557602, 'SEARCH'
10, 12356, 71.63257899565069, 71.63257899565069, 'SEARCH'
10, 12357, 71.60533109251043, 71.60533109251043, 'SEARCH'
10, 12358, 71.58755257630678, 71.58755257630678, 'SEARCH'
10, 12359, 71.57951629294962, 71.57951629294962, 'SEARCH'
10, 12360, 71.5568048618746, 71.5568048618746, 'SEARCH'
10, 12361, 71.53254232743284, 71.53254232743284, 'SEARCH'
10, 12362, 71.52298481955464, 71.52298481955464, 'SEARCH'
10, 12363, 71.5023928172421, 71.5023928172421, 'SEARCH'
10, 12364, 71.48016843811824, 71.48016843811824, 'SEARCH'
10, 12365, 71.45691431307647, 71.45691431307647, 'SEARCH'
10, 12366, 71.42920919137045, 71.42920919137045, 'SEARCH'
10, 12367, 71.41093193437851, 71.41093193437851, 'SEARCH'
10, 12368, 71.4050746592349, 71.4050746592349, 'SEARCH'
10, 12369, 71.38404531617483, 71.38404531617483, 'SEARCH'
10, 12370, 71.39087317570966, 71.39087317570966, 'SEARCH'
10, 12371, 71.38406053346796, 71.38406053346796, 'SEARCH'
10, 12372, 71.36180949125855, 71.36180949125855, 'SEARCH'
10, 12373, 71.3340911370092, 71.3340911370092, 'SEARCH'
10, 12374, 71.30820331019169, 71.30820331019169, 'SEARCH'
10, 12375, 71.30905217850473, 71.30905217850473, 'SEARCH'
10, 12376, 71.28492803299406, 71.28492803299406, 'SEARCH'
10, 12377, 71.26609044139806, 71.26609044139806, 'SEARCH'
10, 12378, 71.2500471535893, 71.2500471535893, 'SEARCH'
10, 12379, 71.2293047310943, 71.2293047310943, 'SEARCH'
10, 12380, 71.21207645840731, 71.21207645840731, 'SEARCH'
10, 12381, 71.1843100608741, 71.1843100608741, 'SEARCH'
10, 12382, 71.17285064286393, 71.17285064286393, 'SEARCH'
10, 12383, 71.16688782783082, 71.16688782783082, 'SEARCH'
10, 12384, 71.17047909577012, 71.17047909577012, 'SEARCH'
10, 12385, 71.15352888484146, 71.15352888484146, 'SEARCH'
10, 12386, 71.14698389859439, 71.14698389859439, 'SEARCH'
10, 12387, 71.12816073734878, 71.12816073734878, 'SEARCH'
10, 12388, 71.10046185785936, 71.10046185785936, 'SEARCH'
10, 12389, 71.09156538754414, 71.09156538754414, 'SEARCH'
10, 12390, 71.06743895520754, 71.06743895520754, 'SEARCH'
10, 12391, 71.04625689117886, 71.04625689117886, 'SEARCH'
10, 12392, 71.01951654452884, 71.01951654452884, 'SEARCH'
10, 12393, 71.01550471734373, 71.01550471734373, 'SEARCH'
10, 12394, 71.01615283148723, 71.01615283148723, 'SEARCH'
10, 12395, 71.02254505164744, 71.02254505164744, 'SEARCH'
10, 12396, 71.01616825943924, 71.01616825943924, 'SEARCH'
10, 12397, 71.00930523333761, 71.00930523333761, 'SEARCH'
10, 12398, 70.99965141800806, 70.99965141800806, 'SEARCH'
10, 12399, 70.97600028209608, 70.97600028209608, 'SEARCH'
10, 12400, 70.94823066687758, 70.94823066687758, 'SEARCH'
10, 12401, 70.9295029420911, 70.9295029420911, 'SEARCH'
10, 12402, 70.90317316631663, 70.90317316631663, 'SEARCH'
10, 12403, 70.87594653570599, 70.87594653570599, 'SEARCH'
10, 12404, 70.86266217409319, 70.86266217409319, 'SEARCH'
10, 12405, 70.84095248295871, 70.84095248295871, 'SEARCH'
10, 12406, 70.8163298828661, 70.8163298828661, 'SEARCH'
10, 12407, 70.80795127679005, 70.80795127679005, 'SEARCH'
10, 12408, 70.80775044065606, 70.80775044065606, 'SEARCH'
10, 12409, 70.78512125321359, 70.78512125321359, 'SEARCH'
10, 12410, 70.76941528239841, 70.76941528239841, 'SEARCH'
10, 12411, 70.76915365256482, 70.76915365256482, 'SEARCH'
10, 12412, 70.77418117670727, 70.77418117670727, 'SEARCH'
10, 12413, 70.74974521547198, 70.74974521547198, 'SEARCH'
10, 12414, 70.72228106342179, 70.72228106342179, 'SEARCH'
10, 12415, 70.71956590330008, 70.71956590330008, 'SEARCH'
10, 12416, 70.71220888353781, 70.71220888353781, 'SEARCH'
10, 12417, 70.68472845540471, 70.68472845540471, 'SEARCH'
10, 12418, 70.65886398731831, 70.65886398731831, 'SEARCH'
10, 12419, 70.63842301789764, 70.63842301789764, 'SEARCH'
10, 12420, 70.62686241871754, 70.62686241871754, 'SEARCH'
10, 12421, 70.59945587951535, 70.59945587951535, 'SEARCH'
10, 12422, 70.59770010850394, 70.59770010850394, 'SEARCH'
10, 12423, 70.58625001658945, 70.58625001658945, 'SEARCH'
10, 12424, 70.56540556238063, 70.56540556238063, 'SEARCH'
10, 12425, 70.53936249936602, 70.53936249936602, 'SEARCH'
10, 12426, 70.52289901520086, 70.52289901520086, 'SEARCH'
10, 12427, 70.50312847074525, 70.50312847074525, 'SEARCH'
10, 12428, 70.49482062272496, 70.49482062272496, 'SEARCH'
10, 12429, 70.47469297514422, 70.47469297514422, 'SEARCH'
10, 12430, 70.45630113303018, 70.45630113303018, 'SEARCH'
10, 12431, 70.42966890345457, 70.42966890345457, 'SEARCH'
10, 12432, 70.40459687416957, 70.40459687416957, 'SEARCH'
10, 12433, 70.38090768679639, 70.38090768679639, 'SEARCH'
10, 12434, 70.3643695364949, 70.3643695364949, 'SEARCH'
10, 12435, 70.33690177782063, 70.33690177782063, 'SEARCH'
10, 12436, 70.3224156346205, 70.3224156346205, 'SEARCH'
10, 12437, 70.29565339802556, 70.29565339802556, 'SEARCH'
10, 12438, 70.2739249826712, 70.2739249826712, 'SEARCH'
10, 12439, 70.25551243875812, 70.25551243875812, 'SEARCH'
10, 12440, 70.23236102541411, 70.23236102541411, 'SEARCH'
10, 12441, 70.21661556438447, 70.21661556438447, 'SEARCH'
10, 12442, 70.19934607300678, 70.19934607300678, 'SEARCH'
10, 12443, 70.18095296468, 70.18095296468, 'SEARCH'
10, 12444, 70.17032886169898, 70.17032886169898, 'SEARCH'
10, 12445, 70.1436971765324, 70.1436971765324, 'SEARCH'
10, 12446, 70.14007008519523, 70.14007008519523, 'SEARCH'
10, 12447, 70.1470084737647, 70.1470084737647, 'SEARCH'
10, 12448, 70.11953091424613, 70.11953091424613, 'SEARCH'
10, 12449, 70.09751393175338, 70.09751393175338, 'SEARCH'
10, 12450, 70.07028932010957, 70.07028932010957, 'SEARCH'
10, 12451, 70.04502255543682, 70.04502255543682, 'SEARCH'
10, 12452, 70.03573548909021, 70.03573548909021, 'SEARCH'
10, 12453, 70.01624425992271, 70.01624425992271, 'SEARCH'
10, 12454, 69.99360646780804, 69.99360646780804, 'SEARCH'
10, 12455, 70.00144939074958, 70.00144939074958, 'SEARCH'
10, 12456, 70.00501122017847, 70.00501122017847, 'SEARCH'
10, 12457, 69.98180325281031, 69.98180325281031, 'SEARCH'
10, 12458, 69.96444226950443, 69.96444226950443, 'SEARCH'
10, 12459, 69.95127557214192, 69.95127557214192, 'SEARCH'
10, 12460, 69.92843118270284, 69.92843118270284, 'SEARCH'
10, 12461, 69.90925672459262, 69.90925672459262, 'SEARCH'
10, 12462, 69.9050674994251, 69.9050674994251, 'SEARCH'
10, 12463, 69.88622739014191, 69.88622739014191, 'SEARCH'
10, 12464, 69.87245256210804, 69.87245256210804, 'SEARCH'
10, 12465, 69.85238891267687, 69.85238891267687, 'SEARCH'
10, 12466, 69.82505616319389, 69.82505616319389, 'SEARCH'
10, 12467, 69.79993602863091, 69.79993602863091, 'SEARCH'
10, 12468, 69.77320030701415, 69.77320030701415, 'SEARCH'
10, 12469, 69.75381058574793, 69.75381058574793, 'SEARCH'
10, 12470, 69.74601623163151, 69.74601623163151, 'SEARCH'
10, 12471, 69.73666578030422, 69.73666578030422, 'SEARCH'
10, 12472, 69.70891886842416, 69.70891886842416, 'SEARCH'
10, 12473, 69.70635107595356, 69.70635107595356, 'SEARCH'
10, 12474, 69.68350328992432, 69.68350328992432, 'SEARCH'
10, 12475, 69.66121433877194, 69.66121433877194, 'SEARCH'
10, 12476, 69.63489003231759, 69.63489003231759, 'SEARCH'
10, 12477, 69.61718290145278, 69.61718290145278, 'SEARCH'
10, 12478, 69.59993867787648, 69.59993867787648, 'SEARCH'
10, 12479, 69.58758649334229, 69.58758649334229, 'SEARCH'
10, 12480, 69.5615789286474, 69.5615789286474, 'SEARCH'
10, 12481, 69.53398245952387, 69.53398245952387, 'SEARCH'
10, 12482, 69.53468911807126, 69.53468911807126, 'SEARCH'
10, 12483, 69.53971492923623, 69.53971492923623, 'SEARCH'
10, 12484, 69.51293321242287, 69.51293321242287, 'SEARCH'
10, 12485, 69.51021517769767, 69.51021517769767, 'SEARCH'
10, 12486, 69.49186308444092, 69.49186308444092, 'SEARCH'
10, 12487, 69.49167921145947, 69.49167921145947, 'SEARCH'
10, 12488, 69.47975860962502, 69.47975860962502, 'SEARCH'
10, 12489, 69.45235742067355, 69.45235742067355, 'SEARCH'
10, 12490, 69.42948055534187, 69.42948055534187, 'SEARCH'
10, 12491, 69.41883515957502, 69.41883515957502, 'SEARCH'
10, 12492, 69.39623886130296, 69.39623886130296, 'SEARCH'
10, 12493, 69.38930317991952, 69.38930317991952, 'SEARCH'
10, 12494, 69.36296199446986, 69.36296199446986, 'SEARCH'
10, 12495, 69.34529053049337, 69.34529053049337, 'SEARCH'
10, 12496, 69.35084545461625, 69.35084545461625, 'SEARCH'
10, 12497, 69.32307717474427, 69.32307717474427, 'SEARCH'
10, 12498, 69.29800402685198, 69.29800402685198, 'SEARCH'
10, 12499, 69.29971167179885, 69.29971167179885, 'SEARCH'
10, 12500, 69.27710005907959, 69.27710005907959, 'SEARCH'
10, 12501, 69.26177383290054, 69.26177383290054, 'SEARCH'
10, 12502, 69.23611291331515, 69.23611291331515, 'SEARCH'
10, 12503, 69.22915620266704, 69.22915620266704, 'SEARCH'
10, 12504, 69.20203293839113, 69.20203293839113, 'SEARCH'
10, 12505, 69.17491872034515, 69.17491872034515, 'SEARCH'
10, 12506, 69.14719142813726, 69.14719142813726, 'SEARCH'
10, 12507, 69.12808842011115, 69.12808842011115, 'SEARCH'
10, 12508, 69.11116723100494, 69.11116723100494, 'SEARCH'
10, 12509, 69.0916773501563, 69.0916773501563, 'SEARCH'
10, 12510, 69.06467677172424, 69.06467677172424, 'SEARCH'
10, 12511, 69.04326782755054, 69.04326782755054, 'SEARCH'
10, 12512, 69.04354054534372, 69.04354054534372, 'SEARCH'
10, 12513, 69.019863287276, 69.019863287276, 'SEARCH'
10, 12514, 68.99971862335161, 68.99971862335161, 'SEARCH'
10, 12515, 68.9922985279962, 68.9922985279962, 'SEARCH'
10, 12516, 68.97946051526975, 68.97946051526975, 'SEARCH'
10, 12517, 68.95198362289302, 68.95198362289302, 'SEARCH'
10, 12518, 68.9264965787337, 68.9264965787337, 'SEARCH'
10, 12519, 68.92669760746699, 68.92669760746699, 'SEARCH'
10, 12520, 68.92494398575501, 68.92494398575501, 'SEARCH'
10, 12521, 68.9183868710207, 68.9183868710207, 'SEARCH'
10, 12522, 68.9052126550958, 68.9052126550958, 'SEARCH'
10, 12523, 68.88824120013989, 68.88824120013989, 'SEARCH'
10, 12524, 68.86132536959211, 68.86132536959211, 'SEARCH'
10, 12525, 68.84144443212158, 68.84144443212158, 'SEARCH'
10, 12526, 68.84421707204964, 68.84421707204964, 'SEARCH'
10, 12527, 68.85079310450759, 68.85079310450759, 'SEARCH'
10, 12528, 68.84282952578948, 68.84282952578948, 'SEARCH'
10, 12529, 68.84845955415281, 68.84845955415281, 'SEARCH'
10, 12530, 68.82068361613031, 68.82068361613031, 'SEARCH'
10, 12531, 68.81697953548827, 68.81697953548827, 'SEARCH'
10, 12532, 68.80853531120573, 68.80853531120573, 'SEARCH'
10, 12533, 68.7807578386509, 68.7807578386509, 'SEARCH'
10, 12534, 68.7748571981859, 68.7748571981859, 'SEARCH'
10, 12535, 68.74897636463153, 68.74897636463153, 'SEARCH'
10, 12536, 68.74052214257092, 68.74052214257092, 'SEARCH'
10, 12537, 68.74161119051598, 68.74161119051598, 'SEARCH'
10, 12538, 68.73784744900513, 68.73784744900513, 'SEARCH'
10, 12539, 68.72473034239479, 68.72473034239479, 'SEARCH'
10, 12540, 68.70415456687736, 68.70415456687736, 'SEARCH'
10, 12541, 68.68479566748202, 68.68479566748202, 'SEARCH'
10, 12542, 68.6662816770697, 68.6662816770697, 'SEARCH'
10, 12543, 68.65624836285025, 68.65624836285025, 'SEARCH'
10, 12544, 68.64822175834422, 68.64822175834422, 'SEARCH'
10, 12545, 68.62579770410386, 68.62579770410386, 'SEARCH'
10, 12546, 68.61239302711408, 68.61239302711408, 'SEARCH'
10, 12547, 68.59731079149276, 68.59731079149276, 'SEARCH'
10, 12548, 68.58473600846644, 68.58473600846644, 'SEARCH'
10, 12549, 68.59048719845514, 68.59048719845514, 'SEARCH'
10, 12550, 68.56949589982445, 68.56949589982445, 'SEARCH'
10, 12551, 68.5447688269366, 68.5447688269366, 'SEARCH'
10, 12552, 68.52651373686052, 68.52651373686052, 'SEARCH'
10, 12553, 68.50196273497603, 68.50196273497603, 'SEARCH'
10, 12554, 68.49803869872203, 68.49803869872203, 'SEARCH'
10, 12555, 68.49893321028146, 68.49893321028146, 'SEARCH'
10, 12556, 68.4868387521205, 68.4868387521205, 'SEARCH'
10, 12557, 68.486914563355, 68.486914563355, 'SEARCH'
10, 12558, 68.46440718436125, 68.46440718436125, 'SEARCH'
10, 12559, 68.44277752877053, 68.44277752877053, 'SEARCH'
10, 12560, 68.41507283585767, 68.41507283585767, 'SEARCH'
10, 12561, 68.42219173592136, 68.42219173592136, 'SEARCH'
10, 12562, 68.41186920400442, 68.41186920400442, 'SEARCH'
10, 12563, 68.38652287936173, 68.38652287936173, 'SEARCH'
10, 12564, 68.3624343360913, 68.3624343360913, 'SEARCH'
10, 12565, 68.33614680687639, 68.33614680687639, 'SEARCH'
10, 12566, 68.30838344052216, 68.30838344052216, 'SEARCH'
10, 12567, 68.28225587731626, 68.28225587731626, 'SEARCH'
10, 12568, 68.25491360690083, 68.25491360690083, 'SEARCH'
10, 12569, 68.23984533909271, 68.23984533909271, 'SEARCH'
10, 12570, 68.21924059123693, 68.21924059123693, 'SEARCH'
10, 12571, 68.22591776219251, 68.22591776219251, 'SEARCH'
10, 12572, 68.19886571385685, 68.19886571385685, 'SEARCH'
10, 12573, 68.17291319306725, 68.17291319306725, 'SEARCH'
10, 12574, 68.14756110923253, 68.14756110923253, 'SEARCH'
10, 12575, 68.1436451231097, 68.1436451231097, 'SEARCH'
10, 12576, 68.13733126028829, 68.13733126028829, 'SEARCH'
10, 12577, 68.11219119383958, 68.11219119383958, 'SEARCH'
10, 12578, 68.08698483210789, 68.08698483210789, 'SEARCH'
10, 12579, 68.06005143253672, 68.06005143253672, 'SEARCH'
10, 12580, 68.04526954112977, 68.04526954112977, 'SEARCH'
10, 12581, 68.0189771719577, 68.0189771719577, 'SEARCH'
10, 12582, 68.01217000118594, 68.01217000118594, 'SEARCH'
10, 12583, 67.98594020322908, 67.98594020322908, 'SEARCH'
10, 12584, 67.96243552183897, 67.96243552183897, 'SEARCH'
10, 12585, 67.9346913696195, 67.9346913696195, 'SEARCH'
10, 12586, 67.90705687048408, 67.90705687048408, 'SEARCH'
10, 12587, 67.88257105767804, 67.88257105767804, 'SEARCH'
10, 12588, 67.85479628454334, 67.85479628454334, 'SEARCH'
10, 12589, 67.85244947755558, 67.85244947755558, 'SEARCH'
10, 12590, 67.83023066598558, 67.83023066598558, 'SEARCH'
10, 12591, 67.80286352249216, 67.80286352249216, 'SEARCH'
10, 12592, 67.78458927551168, 67.78458927551168, 'SEARCH'
10, 12593, 67.76073885145723, 67.76073885145723, 'SEARCH'
10, 12594, 67.75647765978508, 67.75647765978508, 'SEARCH'
10, 12595, 67.72876287791911, 67.72876287791911, 'SEARCH'
10, 12596, 67.70285425969328, 67.70285425969328, 'SEARCH'
10, 12597, 67.70521628082304, 67.70521628082304, 'SEARCH'
10, 12598, 67.69951562802993, 67.69951562802993, 'SEARCH'
10, 12599, 67.68484592483435, 67.68484592483435, 'SEARCH'
10, 12600, 67.66011561779209, 67.66011561779209, 'SEARCH'
10, 12601, 67.63356159209117, 67.63356159209117, 'SEARCH'
10, 12602, 67.60798142116678, 67.60798142116678, 'SEARCH'
10, 12603, 67.60504615777873, 67.60504615777873, 'SEARCH'
10, 12604, 67.60451277223011, 67.60451277223011, 'SEARCH'
10, 12605, 67.57673507194184, 67.57673507194184, 'SEARCH'
10, 12606, 67.5724524173687, 67.5724524173687, 'SEARCH'
10, 12607, 67.56428667470976, 67.56428667470976, 'SEARCH'
10, 12608, 67.5496193503043, 67.5496193503043, 'SEARCH'
10, 12609, 67.52243896142252, 67.52243896142252, 'SEARCH'
10, 12610, 67.5272152808413, 67.5272152808413, 'SEARCH'
10, 12611, 67.52424693375964, 67.52424693375964, 'SEARCH'
10, 12612, 67.50432225856427, 67.50432225856427, 'SEARCH'
10, 12613, 67.47819632591134, 67.47819632591134, 'SEARCH'
10, 12614, 67.45467788396631, 67.45467788396631, 'SEARCH'
10, 12615, 67.42691494735979, 67.42691494735979, 'SEARCH'
10, 12616, 67.41143163861815, 67.41143163861815, 'SEARCH'
10, 12617, 67.38391800807672, 67.38391800807672, 'SEARCH'
10, 12618, 67.3757535562031, 67.3757535562031, 'SEARCH'
10, 12619, 67.37051296534268, 67.37051296534268, 'SEARCH'
10, 12620, 67.36708449343219, 67.36708449343219, 'SEARCH'
10, 12621, 67.35231341593057, 67.35231341593057, 'SEARCH'
10, 12622, 67.32455008465794, 67.32455008465794, 'SEARCH'
10, 12623, 67.30701290267913, 67.30701290267913, 'SEARCH'
10, 12624, 67.28122636335416, 67.28122636335416, 'SEARCH'
10, 12625, 67.25712587406612, 67.25712587406612, 'SEARCH'
10, 12626, 67.23220136962377, 67.23220136962377, 'SEARCH'
10, 12627, 67.22634192048942, 67.22634192048942, 'SEARCH'
10, 12628, 67.20932103126225, 67.20932103126225, 'SEARCH'
10, 12629, 67.19620291021911, 67.19620291021911, 'SEARCH'
10, 12630, 67.18752238401883, 67.18752238401883, 'SEARCH'
10, 12631, 67.1739528248166, 67.1739528248166, 'SEARCH'
10, 12632, 67.15406274125989, 67.15406274125989, 'SEARCH'
10, 12633, 67.14007176740562, 67.14007176740562, 'SEARCH'
10, 12634, 67.12403123281875, 67.12403123281875, 'SEARCH'
10, 12635, 67.1025352597237, 67.1025352597237, 'SEARCH'
10, 12636, 67.0781764055758, 67.0781764055758, 'SEARCH'
10, 12637, 67.05165329960825, 67.05165329960825, 'SEARCH'
10, 12638, 67.05275437115108, 67.05275437115108, 'SEARCH'
10, 12639, 67.02733173133261, 67.02733173133261, 'SEARCH'
10, 12640, 67.01504733504166, 67.01504733504166, 'SEARCH'
10, 12641, 66.98738728323697, 66.98738728323697, 'SEARCH'
10, 12642, 66.98173978846853, 66.98173978846853, 'SEARCH'
10, 12643, 66.95651691342579, 66.95651691342579, 'SEARCH'
10, 12644, 66.92877124741864, 66.92877124741864, 'SEARCH'
10, 12645, 66.92937344964464, 66.92937344964464, 'SEARCH'
10, 12646, 66.92492914537688, 66.92492914537688, 'SEARCH'
10, 12647, 66.89980356988411, 66.89980356988411, 'SEARCH'
10, 12648, 66.87532798645302, 66.87532798645302, 'SEARCH'
10, 12649, 66.86665134697212, 66.86665134697212, 'SEARCH'
10, 12650, 66.8653109249425, 66.8653109249425, 'SEARCH'
10, 12651, 66.83877515217593, 66.83877515217593, 'SEARCH'
10, 12652, 66.81281061307256, 66.81281061307256, 'SEARCH'
10, 12653, 66.79147181509914, 66.79147181509914, 'SEARCH'
10, 12654, 66.79039972834018, 66.79039972834018, 'SEARCH'
10, 12655, 66.79124921474332, 66.79124921474332, 'SEARCH'
10, 12656, 66.76352985406409, 66.76352985406409, 'SEARCH'
10, 12657, 66.74615504237195, 66.74615504237195, 'SEARCH'
10, 12658, 66.7285795328732, 66.7285795328732, 'SEARCH'
10, 12659, 66.71499569369847, 66.71499569369847, 'SEARCH'
10, 12660, 66.68770041457421, 66.68770041457421, 'SEARCH'
10, 12661, 66.67164570836053, 66.67164570836053, 'SEARCH'
10, 12662, 66.66414524889534, 66.66414524889534, 'SEARCH'
10, 12663, 66.65038208435834, 66.65038208435834, 'SEARCH'
10, 12664, 66.62364515651952, 66.62364515651952, 'SEARCH'
10, 12665, 66.59598485669642, 66.59598485669642, 'SEARCH'
10, 12666, 66.57343722880736, 66.57343722880736, 'SEARCH'
10, 12667, 66.54706146564986, 66.54706146564986, 'SEARCH'
10, 12668, 66.52019709963216, 66.52019709963216, 'SEARCH'
10, 12669, 66.4939757781063, 66.4939757781063, 'SEARCH'
10, 12670, 66.49409948490074, 66.49409948490074, 'SEARCH'
10, 12671, 66.49929542571728, 66.49929542571728, 'SEARCH'
10, 12672, 66.49129245530922, 66.49129245530922, 'SEARCH'
10, 12673, 66.46627947504696, 66.46627947504696, 'SEARCH'
10, 12674, 66.47336047310964, 66.47336047310964, 'SEARCH'
10, 12675, 66.4524815969935, 66.4524815969935, 'SEARCH'
10, 12676, 66.43362259247317, 66.43362259247317, 'SEARCH'
10, 12677, 66.40643074830105, 66.40643074830105, 'SEARCH'
10, 12678, 66.37909319326077, 66.37909319326077, 'SEARCH'
10, 12679, 66.37580585699871, 66.37580585699871, 'SEARCH'
10, 12680, 66.34802819724563, 66.34802819724563, 'SEARCH'
10, 12681, 66.32531927521224, 66.32531927521224, 'SEARCH'
10, 12682, 66.29764144222506, 66.29764144222506, 'SEARCH'
10, 12683, 66.28245695917074, 66.28245695917074, 'SEARCH'
10, 12684, 66.2566720159666, 66.2566720159666, 'SEARCH'
10, 12685, 66.26093392293913, 66.26093392293913, 'SEARCH'
10, 12686, 66.2531791258542, 66.2531791258542, 'SEARCH'
10, 12687, 66.22703625363233, 66.22703625363233, 'SEARCH'
10, 12688, 66.20089203384843, 66.20089203384843, 'SEARCH'
10, 12689, 66.19127270179935, 66.19127270179935, 'SEARCH'
10, 12690, 66.18469081865067, 66.18469081865067, 'SEARCH'
10, 12691, 66.17530753167402, 66.17530753167402, 'SEARCH'
10, 12692, 66.16480228615097, 66.16480228615097, 'SEARCH'
10, 12693, 66.15656336938258, 66.15656336938258, 'SEARCH'
10, 12694, 66.14765149465258, 66.14765149465258, 'SEARCH'
10, 12695, 66.12496734126319, 66.12496734126319, 'SEARCH'
10, 12696, 66.10833815299938, 66.10833815299938, 'SEARCH'
10, 12697, 66.08795843996518, 66.08795843996518, 'SEARCH'
10, 12698, 66.06839093868085, 66.06839093868085, 'SEARCH'
10, 12699, 66.04951314747777, 66.04951314747777, 'SEARCH'
10, 12700, 66.04862021257381, 66.04862021257381, 'SEARCH'
10, 12701, 66.03826902603726, 66.03826902603726, 'SEARCH'
10, 12702, 66.02441619651702, 66.02441619651702, 'SEARCH'
10, 12703, 66.03251349938164, 66.03251349938164, 'SEARCH'
10, 12704, 66.0153781146395, 66.0153781146395, 'SEARCH'
10, 12705, 65.99949081169383, 65.99949081169383, 'SEARCH'
10, 12706, 65.98235789543945, 65.98235789543945, 'SEARCH'
10, 12707, 65.97326496868516, 65.97326496868516, 'SEARCH'
10, 12708, 65.94730779833607, 65.94730779833607, 'SEARCH'
10, 12709, 65.93911699412496, 65.93911699412496, 'SEARCH'
10, 12710, 65.9132161841348, 65.9132161841348, 'SEARCH'
10, 12711, 65.92079537787822, 65.92079537787822, 'SEARCH'
10, 12712, 65.89896673329552, 65.89896673329552, 'SEARCH'
10, 12713, 65.88270860383057, 65.88270860383057, 'SEARCH'
10, 12714, 65.85692740695319, 65.85692740695319, 'SEARCH'
10, 12715, 65.8493424455732, 65.8493424455732, 'SEARCH'
10, 12716, 65.84794542661776, 65.84794542661776, 'SEARCH'
10, 12717, 65.82549567763782, 65.82549567763782, 'SEARCH'
10, 12718, 65.82112380630602, 65.82112380630602, 'SEARCH'
10, 12719, 65.80256956443256, 65.80256956443256, 'SEARCH'
10, 12720, 65.7750662165121, 65.7750662165121, 'SEARCH'
10, 12721, 65.76115593902398, 65.76115593902398, 'SEARCH'
10, 12722, 65.75353685198083, 65.75353685198083, 'SEARCH'
10, 12723, 65.7302520634096, 65.7302520634096, 'SEARCH'
10, 12724, 65.73026185770911, 65.73026185770911, 'SEARCH'
10, 12725, 65.72353404834719, 65.72353404834719, 'SEARCH'
10, 12726, 65.69618276666435, 65.69618276666435, 'SEARCH'
10, 12727, 65.68711571813937, 65.68711571813937, 'SEARCH'
10, 12728, 65.67154745574528, 65.67154745574528, 'SEARCH'
10, 12729, 65.65449178909068, 65.65449178909068, 'SEARCH'
10, 12730, 65.62972090052642, 65.62972090052642, 'SEARCH'
10, 12731, 65.60317322659694, 65.60317322659694, 'SEARCH'
10, 12732, 65.58808851263709, 65.58808851263709, 'SEARCH'
10, 12733, 65.56045887206609, 65.56045887206609, 'SEARCH'
10, 12734, 65.54529406404036, 65.54529406404036, 'SEARCH'
10, 12735, 65.51766234514062, 65.51766234514062, 'SEARCH'
10, 12736, 65.49158142382022, 65.49158142382022, 'SEARCH'
10, 12737, 65.46549910779271, 65.46549910779271, 'SEARCH'
10, 12738, 65.43772465528853, 65.43772465528853, 'SEARCH'
10, 12739, 65.41016099657331, 65.41016099657331, 'SEARCH'
10, 12740, 65.39717092555105, 65.39717092555105, 'SEARCH'
10, 12741, 65.38080901938835, 65.38080901938835, 'SEARCH'
10, 12742, 65.35754453658117, 65.35754453658117, 'SEARCH'
10, 12743, 65.33010088053383, 65.33010088053383, 'SEARCH'
10, 12744, 65.30577899275396, 65.30577899275396, 'SEARCH'
10, 12745, 65.27802052618868, 65.27802052618868, 'SEARCH'
10, 12746, 65.25120687933844, 65.25120687933844, 'SEARCH'
10, 12747, 65.23737455544186, 65.23737455544186, 'SEARCH'
10, 12748, 65.21009748737195, 65.21009748737195, 'SEARCH'
10, 12749, 65.18253369107931, 65.18253369107931, 'SEARCH'
10, 12750, 65.15679976454426, 65.15679976454426, 'SEARCH'
10, 12751, 65.1371944996881, 65.1371944996881, 'SEARCH'
10, 12752, 65.10951892344985, 65.10951892344985, 'SEARCH'
10, 12753, 65.099522921599, 65.099522921599, 'SEARCH'
10, 12754, 65.09380819499228, 65.09380819499228, 'SEARCH'
10, 12755, 65.07674176353164, 65.07674176353164, 'SEARCH'
10, 12756, 65.05158003243207, 65.05158003243207, 'SEARCH'
10, 12757, 65.02704140134949, 65.02704140134949, 'SEARCH'
10, 12758, 65.00092630165321, 65.00092630165321, 'SEARCH'
10, 12759, 64.9874200543948, 64.9874200543948, 'SEARCH'
10, 12760, 64.96016450687013, 64.96016450687013, 'SEARCH'
10, 12761, 64.939481092438, 64.939481092438, 'SEARCH'
10, 12762, 64.91388254198925, 64.91388254198925, 'SEARCH'
10, 12763, 64.88611057793098, 64.88611057793098, 'SEARCH'
10, 12764, 64.8650904790246, 64.8650904790246, 'SEARCH'
10, 12765, 64.84406149929923, 64.84406149929923, 'SEARCH'
10, 12766, 64.8240017791445, 64.8240017791445, 'SEARCH'
10, 12767, 64.82290560697147, 64.82290560697147, 'SEARCH'
10, 12768, 64.81129783902965, 64.81129783902965, 'SEARCH'
10, 12769, 64.8104578748839, 64.8104578748839, 'SEARCH'
10, 12770, 64.81083122486548, 64.81083122486548, 'SEARCH'
10, 12771, 64.81814572946882, 64.81814572946882, 'SEARCH'
10, 12772, 64.79037435108064, 64.79037435108064, 'SEARCH'
10, 12773, 64.76392130176681, 64.76392130176681, 'SEARCH'
10, 12774, 64.73623893407238, 64.73623893407238, 'SEARCH'
10, 12775, 64.73708350389208, 64.73708350389208, 'SEARCH'
10, 12776, 64.71056165552176, 64.71056165552176, 'SEARCH'
10, 12777, 64.71788606923998, 64.71788606923998, 'SEARCH'
10, 12778, 64.71318238955175, 64.71318238955175, 'SEARCH'
10, 12779, 64.71715140220263, 64.71715140220263, 'SEARCH'
10, 12780, 64.69689462403537, 64.69689462403537, 'SEARCH'
10, 12781, 64.67765257410032, 64.67765257410032, 'SEARCH'
10, 12782, 64.65911280068889, 64.65911280068889, 'SEARCH'
10, 12783, 64.63456240186058, 64.63456240186058, 'SEARCH'
10, 12784, 64.62189641301967, 64.62189641301967, 'SEARCH'
10, 12785, 64.5974073758867, 64.5974073758867, 'SEARCH'
10, 12786, 64.57307726466546, 64.57307726466546, 'SEARCH'
10, 12787, 64.58034724188585, 64.58034724188585, 'SEARCH'
10, 12788, 64.55426704093753, 64.55426704093753, 'SEARCH'
10, 12789, 64.52971211413954, 64.52971211413954, 'SEARCH'
10, 12790, 64.51001967443005, 64.51001967443005, 'SEARCH'
10, 12791, 64.4875977335373, 64.4875977335373, 'SEARCH'
10, 12792, 64.4685969352432, 64.4685969352432, 'SEARCH'
10, 12793, 64.44155197861203, 64.44155197861203, 'SEARCH'
10, 12794, 64.41450658144001, 64.41450658144001, 'SEARCH'
10, 12795, 64.40225031364051, 64.40225031364051, 'SEARCH'
10, 12796, 64.38186294536084, 64.38186294536084, 'SEARCH'
10, 12797, 64.35836983158659, 64.35836983158659, 'SEARCH'
10, 12798, 64.3546149700516, 64.3546149700516, 'SEARCH'
10, 12799, 64.33860518844654, 64.33860518844654, 'SEARCH'
10, 12800, 64.32546677283023, 64.32546677283023, 'SEARCH'
10, 12801, 64.31630239791694, 64.31630239791694, 'SEARCH'
10, 12802, 64.29432362793786, 64.29432362793786, 'SEARCH'
10, 12803, 64.26908158538235, 64.26908158538235, 'SEARCH'
10, 12804, 64.25838364250562, 64.25838364250562, 'SEARCH'
10, 12805, 64.24590918880537, 64.24590918880537, 'SEARCH'
10, 12806, 64.24846710875515, 64.24846710875515, 'SEARCH'
10, 12807, 64.2207214291755, 64.2207214291755, 'SEARCH'
10, 12808, 64.21294748326889, 64.21294748326889, 'SEARCH'
10, 12809, 64.20894247942392, 64.20894247942392, 'SEARCH'
10, 12810, 64.20301165607252, 64.20301165607252, 'SEARCH'
10, 12811, 64.1760165894831, 64.1760165894831, 'SEARCH'
10, 12812, 64.1579321688564, 64.1579321688564, 'SEARCH'
10, 12813, 64.15616589703387, 64.15616589703387, 'SEARCH'
10, 12814, 64.1315678689621, 64.1315678689621, 'SEARCH'
10, 12815, 64.12041983728179, 64.12041983728179, 'SEARCH'
10, 12816, 64.09704301951868, 64.09704301951868, 'SEARCH'
10, 12817, 64.08861173862293, 64.08861173862293, 'SEARCH'
10, 12818, 64.06083433069263, 64.06083433069263, 'SEARCH'
10, 12819, 64.05119706966774, 64.05119706966774, 'SEARCH'
10, 12820, 64.02520603809963, 64.02520603809963, 'SEARCH'
10, 12821, 64.00759116863644, 64.00759116863644, 'SEARCH'
10, 12822, 64.00681000466244, 64.00681000466244, 'SEARCH'
10, 12823, 63.99153891270871, 63.99153891270871, 'SEARCH'
10, 12824, 63.972108978408315, 63.972108978408315, 'SEARCH'
10, 12825, 63.954471629466575, 63.954471629466575, 'SEARCH'
10, 12826, 63.92699529084355, 63.92699529084355, 'SEARCH'
10, 12827, 63.899227704781424, 63.899227704781424, 'SEARCH'
10, 12828, 63.87175174828808, 63.87175174828808, 'SEARCH'
10, 12829, 63.84462751716295, 63.84462751716295, 'SEARCH'
10, 12830, 63.82620321041122, 63.82620321041122, 'SEARCH'
10, 12831, 63.81696530419885, 63.81696530419885, 'SEARCH'
10, 12832, 63.8138026251867, 63.8138026251867, 'SEARCH'
10, 12833, 63.78607890787013, 63.78607890787013, 'SEARCH'
10, 12834, 63.76241165207259, 63.76241165207259, 'SEARCH'
10, 12835, 63.73657444636175, 63.73657444636175, 'SEARCH'
10, 12836, 63.73634399942289, 63.73634399942289, 'SEARCH'
10, 12837, 63.70933216485728, 63.70933216485728, 'SEARCH'
10, 12838, 63.6902209379353, 63.6902209379353, 'SEARCH'
10, 12839, 63.66310126161398, 63.66310126161398, 'SEARCH'
10, 12840, 63.63942100310266, 63.63942100310266, 'SEARCH'
10, 12841, 63.635315543909634, 63.635315543909634, 'SEARCH'
10, 12842, 63.62515145875366, 63.62515145875366, 'SEARCH'
10, 12843, 63.61726265643748, 63.61726265643748, 'SEARCH'
10, 12844, 63.603178736753165, 63.603178736753165, 'SEARCH'
10, 12845, 63.57628557886663, 63.57628557886663, 'SEARCH'
10, 12846, 63.55312635277531, 63.55312635277531, 'SEARCH'
10, 12847, 63.52581361865941, 63.52581361865941, 'SEARCH'
10, 12848, 63.50377695403491, 63.50377695403491, 'SEARCH'
10, 12849, 63.488455237297764, 63.488455237297764, 'SEARCH'
10, 12850, 63.46764930162639, 63.46764930162639, 'SEARCH'
10, 12851, 63.45836463395443, 63.45836463395443, 'SEARCH'
10, 12852, 63.4325306570766, 63.4325306570766, 'SEARCH'
10, 12853, 63.43993401743823, 63.43993401743823, 'SEARCH'
10, 12854, 63.412156981364845, 63.412156981364845, 'SEARCH'
10, 12855, 63.401561177779925, 63.401561177779925, 'SEARCH'
10, 12856, 63.402307124055824, 63.402307124055824, 'SEARCH'
10, 12857, 63.38862859270679, 63.38862859270679, 'SEARCH'
10, 12858, 63.361153681062014, 63.361153681062014, 'SEARCH'
10, 12859, 63.350063038578796, 63.350063038578796, 'SEARCH'
10, 12860, 63.34036487307605, 63.34036487307605, 'SEARCH'
10, 12861, 63.34397736683861, 63.34397736683861, 'SEARCH'
10, 12862, 63.31780368482074, 63.31780368482074, 'SEARCH'
10, 12863, 63.29462711874453, 63.29462711874453, 'SEARCH'
10, 12864, 63.27449988598708, 63.27449988598708, 'SEARCH'
10, 12865, 63.24866128372378, 63.24866128372378, 'SEARCH'
10, 12866, 63.24697351924373, 63.24697351924373, 'SEARCH'
10, 12867, 63.221124587616096, 63.221124587616096, 'SEARCH'
10, 12868, 63.221346854678124, 63.221346854678124, 'SEARCH'
10, 12869, 63.21442958880873, 63.21442958880873, 'SEARCH'
10, 12870, 63.191525118561685, 63.191525118561685, 'SEARCH'
10, 12871, 63.165022756925765, 63.165022756925765, 'SEARCH'
10, 12872, 63.144514402345955, 63.144514402345955, 'SEARCH'
10, 12873, 63.11690882207462, 63.11690882207462, 'SEARCH'
10, 12874, 63.09371153850695, 63.09371153850695, 'SEARCH'
10, 12875, 63.06734588002346, 63.06734588002346, 'SEARCH'
10, 12876, 63.039737477327144, 63.039737477327144, 'SEARCH'
10, 12877, 63.030090864310026, 63.030090864310026, 'SEARCH'
10, 12878, 63.01163241898867, 63.01163241898867, 'SEARCH'
10, 12879, 62.98790325434842, 62.98790325434842, 'SEARCH'
10, 12880, 62.96592535357365, 62.96592535357365, 'SEARCH'
10, 12881, 62.967225176842454, 62.967225176842454, 'SEARCH'
10, 12882, 62.948870950888086, 62.948870950888086, 'SEARCH'
10, 12883, 62.92361779067953, 62.92361779067953, 'SEARCH'
10, 12884, 62.896487455546925, 62.896487455546925, 'SEARCH'
10, 12885, 62.87572134010805, 62.87572134010805, 'SEARCH'
10, 12886, 62.854317168806475, 62.854317168806475, 'SEARCH'
10, 12887, 62.82654015268437, 62.82654015268437, 'SEARCH'
10, 12888, 62.8026260176972, 62.8026260176972, 'SEARCH'
10, 12889, 62.79807279426825, 62.79807279426825, 'SEARCH'
10, 12890, 62.77414549803341, 62.77414549803341, 'SEARCH'
10, 12891, 62.74692655826005, 62.74692655826005, 'SEARCH'
10, 12892, 62.71991736338648, 62.71991736338648, 'SEARCH'
10, 12893, 62.69848501031854, 62.69848501031854, 'SEARCH'
10, 12894, 62.672824598396225, 62.672824598396225, 'SEARCH'
10, 12895, 62.64528473019439, 62.64528473019439, 'SEARCH'
10, 12896, 62.618793207310205, 62.618793207310205, 'SEARCH'
10, 12897, 62.60188212891926, 62.60188212891926, 'SEARCH'
10, 12898, 62.58312677378955, 62.58312677378955, 'SEARCH'
10, 12899, 62.561088656497496, 62.561088656497496, 'SEARCH'
10, 12900, 62.53622288695463, 62.53622288695463, 'SEARCH'
10, 12901, 62.525169778721775, 62.525169778721775, 'SEARCH'
10, 12902, 62.49950981322051, 62.49950981322051, 'SEARCH'
10, 12903, 62.475096437286695, 62.475096437286695, 'SEARCH'
10, 12904, 62.44731985345488, 62.44731985345488, 'SEARCH'
10, 12905, 62.43200286995906, 62.43200286995906, 'SEARCH'
10, 12906, 62.41359890145677, 62.41359890145677, 'SEARCH'
10, 12907, 62.41334662607242, 62.41334662607242, 'SEARCH'
10, 12908, 62.401414252240414, 62.401414252240414, 'SEARCH'
10, 12909, 62.38449578105692, 62.38449578105692, 'SEARCH'
10, 12910, 62.37388820070763, 62.37388820070763, 'SEARCH'
10, 12911, 62.35340449318015, 62.35340449318015, 'SEARCH'
10, 12912, 62.34785008347115, 62.34785008347115, 'SEARCH'
10, 12913, 62.32096591198771, 62.32096591198771, 'SEARCH'
10, 12914, 62.29321337183515, 62.29321337183515, 'SEARCH'
10, 12915, 62.291491480054695, 62.291491480054695, 'SEARCH'
10, 12916, 62.264280409868576, 62.264280409868576, 'SEARCH'
10, 12917, 62.249799760270626, 62.249799760270626, 'SEARCH'
10, 12918, 62.22215189746307, 62.22215189746307, 'SEARCH'
10, 12919, 62.19708728896463, 62.19708728896463, 'SEARCH'
10, 12920, 62.17727904922908, 62.17727904922908, 'SEARCH'
10, 12921, 62.15180145481346, 62.15180145481346, 'SEARCH'
10, 12922, 62.12502877661862, 62.12502877661862, 'SEARCH'
10, 12923, 62.097278627641955, 62.097278627641955, 'SEARCH'
10, 12924, 62.07142319117161, 62.07142319117161, 'SEARCH'
10, 12925, 62.04970786918861, 62.04970786918861, 'SEARCH'
10, 12926, 62.0427800776438, 62.0427800776438, 'SEARCH'
10, 12927, 62.01530594823599, 62.01530594823599, 'SEARCH'
10, 12928, 61.99270053851448, 61.99270053851448, 'SEARCH'
10, 12929, 61.97323520769489, 61.97323520769489, 'SEARCH'
10, 12930, 61.94756960807826, 61.94756960807826, 'SEARCH'
10, 12931, 61.92209131634004, 61.92209131634004, 'SEARCH'
10, 12932, 61.90226727071017, 61.90226727071017, 'SEARCH'
10, 12933, 61.91059321921299, 61.91059321921299, 'SEARCH'
10, 12934, 61.90274961480849, 61.90274961480849, 'SEARCH'
10, 12935, 61.87498210928292, 61.87498210928292, 'SEARCH'
10, 12936, 61.84721320308276, 61.84721320308276, 'SEARCH'
10, 12937, 61.83067178498052, 61.83067178498052, 'SEARCH'
10, 12938, 61.811228686155644, 61.811228686155644, 'SEARCH'
10, 12939, 61.78345216229836, 61.78345216229836, 'SEARCH'
10, 12940, 61.7590495447439, 61.7590495447439, 'SEARCH'
10, 12941, 61.73338347642821, 61.73338347642821, 'SEARCH'
10, 12942, 61.71460801868834, 61.71460801868834, 'SEARCH'
10, 12943, 61.6893209603855, 61.6893209603855, 'SEARCH'
10, 12944, 61.686627941645874, 61.686627941645874, 'SEARCH'
10, 12945, 61.65941783394254, 61.65941783394254, 'SEARCH'
10, 12946, 61.63306170550337, 61.63306170550337, 'SEARCH'
10, 12947, 61.62700323844177, 61.62700323844177, 'SEARCH'
10, 12948, 61.630082183730245, 61.630082183730245, 'SEARCH'
10, 12949, 61.60231181090791, 61.60231181090791, 'SEARCH'
10, 12950, 61.5931183768162, 61.5931183768162, 'SEARCH'
10, 12951, 61.59668030032572, 61.59668030032572, 'SEARCH'
10, 12952, 61.58887172815406, 61.58887172815406, 'SEARCH'
10, 12953, 61.569797668969564, 61.569797668969564, 'SEARCH'
10, 12954, 61.54202818178635, 61.54202818178635, 'SEARCH'
10, 12955, 61.54752064329525, 61.54752064329525, 'SEARCH'
10, 12956, 61.544924228949036, 61.544924228949036, 'SEARCH'
10, 12957, 61.52228298092862, 61.52228298092862, 'SEARCH'
10, 12958, 61.49580766154438, 61.49580766154438, 'SEARCH'
10, 12959, 61.47855267081265, 61.47855267081265, 'SEARCH'
10, 12960, 61.466566681600355, 61.466566681600355, 'SEARCH'
10, 12961, 61.44776566924794, 61.44776566924794, 'SEARCH'
10, 12962, 61.42172612109851, 61.42172612109851, 'SEARCH'
10, 12963, 61.39705732369859, 61.39705732369859, 'SEARCH'
10, 12964, 61.37058664704052, 61.37058664704052, 'SEARCH'
10, 12965, 61.34299459138635, 61.34299459138635, 'SEARCH'
10, 12966, 61.31861064882473, 61.31861064882473, 'SEARCH'
10, 12967, 61.303240656285794, 61.303240656285794, 'SEARCH'
10, 12968, 61.286668674137324, 61.286668674137324, 'SEARCH'
10, 12969, 61.264098305288734, 61.264098305288734, 'SEARCH'
10, 12970, 61.24713919655492, 61.24713919655492, 'SEARCH'
10, 12971, 61.22401776387168, 61.22401776387168, 'SEARCH'
10, 12972, 61.19648591184173, 61.19648591184173, 'SEARCH'
10, 12973, 61.18318079432516, 61.18318079432516, 'SEARCH'
10, 12974, 61.16298067614558, 61.16298067614558, 'SEARCH'
10, 12975, 61.15943996625567, 61.15943996625567, 'SEARCH'
10, 12976, 61.1425820814325, 61.1425820814325, 'SEARCH'
10, 12977, 61.124950543495544, 61.124950543495544, 'SEARCH'
10, 12978, 61.12564640347441, 61.12564640347441, 'SEARCH'
10, 12979, 61.10449076861507, 61.10449076861507, 'SEARCH'
10, 12980, 61.07674221116251, 61.07674221116251, 'SEARCH'
10, 12981, 61.05190916877767, 61.05190916877767, 'SEARCH'
10, 12982, 61.02724810440123, 61.02724810440123, 'SEARCH'
10, 12983, 61.00014058265556, 61.00014058265556, 'SEARCH'
10, 12984, 61.00515602120717, 61.00515602120717, 'SEARCH'
10, 12985, 60.97767345443371, 60.97767345443371, 'SEARCH'
10, 12986, 60.952844540334, 60.952844540334, 'SEARCH'
10, 12987, 60.93636724302143, 60.93636724302143, 'SEARCH'
10, 12988, 60.9432844871562, 60.9432844871562, 'SEARCH'
10, 12989, 60.91550834468017, 60.91550834468017, 'SEARCH'
10, 12990, 60.90273186997294, 60.90273186997294, 'SEARCH'
10, 12991, 60.89621108113702, 60.89621108113702, 'SEARCH'
10, 12992, 60.894459315586495, 60.894459315586495, 'SEARCH'
10, 12993, 60.89656305607902, 60.89656305607902, 'SEARCH'
10, 12994, 60.89332308612981, 60.89332308612981, 'SEARCH'
10, 12995, 60.87276519099904, 60.87276519099904, 'SEARCH'
10, 12996, 60.85653111478158, 60.85653111478158, 'SEARCH'
10, 12997, 60.83696034816528, 60.83696034816528, 'SEARCH'
10, 12998, 60.82737724061862, 60.82737724061862, 'SEARCH'
10, 12999, 60.80313460329037, 60.80313460329037, 'SEARCH'
10, 13000, 60.779128512112855, 60.779128512112855, 'SEARCH'
10, 13001, 60.75268195705338, 60.75268195705338, 'SEARCH'
10, 13002, 60.73115807096845, 60.73115807096845, 'SEARCH'
10, 13003, 60.7276835712593, 60.7276835712593, 'SEARCH'
10, 13004, 60.71920465655216, 60.71920465655216, 'SEARCH'
10, 13005, 60.70581810688007, 60.70581810688007, 'SEARCH'
10, 13006, 60.69593386739284, 60.69593386739284, 'SEARCH'
10, 13007, 60.677666676528844, 60.677666676528844, 'SEARCH'
10, 13008, 60.65523774029191, 60.65523774029191, 'SEARCH'
10, 13009, 60.63051688599862, 60.63051688599862, 'SEARCH'
10, 13010, 60.624212240103724, 60.624212240103724, 'SEARCH'
10, 13011, 60.61979008314262, 60.61979008314262, 'SEARCH'
10, 13012, 60.60858150068701, 60.60858150068701, 'SEARCH'
10, 13013, 60.60131424336396, 60.60131424336396, 'SEARCH'
10, 13014, 60.587338170508595, 60.587338170508595, 'SEARCH'
10, 13015, 60.57549055906992, 60.57549055906992, 'SEARCH'
10, 13016, 60.575629453152324, 60.575629453152324, 'SEARCH'
10, 13017, 60.55253447944186, 60.55253447944186, 'SEARCH'
10, 13018, 60.527626145869064, 60.527626145869064, 'SEARCH'
10, 13019, 60.49989328255071, 60.49989328255071, 'SEARCH'
10, 13020, 60.49928168728369, 60.49928168728369, 'SEARCH'
10, 13021, 60.47529932755879, 60.47529932755879, 'SEARCH'
10, 13022, 60.46521488120268, 60.46521488120268, 'SEARCH'
10, 13023, 60.44862502856526, 60.44862502856526, 'SEARCH'
10, 13024, 60.43486126575958, 60.43486126575958, 'SEARCH'
10, 13025, 60.43521813142506, 60.43521813142506, 'SEARCH'
10, 13026, 60.407837018055226, 60.407837018055226, 'SEARCH'
10, 13027, 60.3966797881905, 60.3966797881905, 'SEARCH'
10, 13028, 60.371248263481775, 60.371248263481775, 'SEARCH'
10, 13029, 60.344215914034415, 60.344215914034415, 'SEARCH'
10, 13030, 60.32761488141453, 60.32761488141453, 'SEARCH'
10, 13031, 60.30019977570174, 60.30019977570174, 'SEARCH'
10, 13032, 60.296943147968115, 60.296943147968115, 'SEARCH'
10, 13033, 60.291535307206075, 60.291535307206075, 'SEARCH'
10, 13034, 60.263759793910474, 60.263759793910474, 'SEARCH'
10, 13035, 60.23672418291285, 60.23672418291285, 'SEARCH'
10, 13036, 60.217875678187674, 60.217875678187674, 'SEARCH'
10, 13037, 60.19017401822527, 60.19017401822527, 'SEARCH'
10, 13038, 60.16821195838137, 60.16821195838137, 'SEARCH'
10, 13039, 60.17506122541048, 60.17506122541048, 'SEARCH'
10, 13040, 60.153403020332306, 60.153403020332306, 'SEARCH'
10, 13041, 60.1338516220365, 60.1338516220365, 'SEARCH'
10, 13042, 60.106238264955124, 60.106238264955124, 'SEARCH'
10, 13043, 60.07904375988331, 60.07904375988331, 'SEARCH'
10, 13044, 60.071504535491684, 60.071504535491684, 'SEARCH'
10, 13045, 60.06255843974373, 60.06255843974373, 'SEARCH'
10, 13046, 60.03481443892495, 60.03481443892495, 'SEARCH'
10, 13047, 60.031823328988416, 60.031823328988416, 'SEARCH'
10, 13048, 60.01030451735336, 60.01030451735336, 'SEARCH'
10, 13049, 59.99980821526645, 59.99980821526645, 'SEARCH'
10, 13050, 59.98752553505475, 59.98752553505475, 'SEARCH'
10, 13051, 59.96919827910609, 59.96919827910609, 'SEARCH'
10, 13052, 59.96422268422395, 59.96422268422395, 'SEARCH'
10, 13053, 59.941647498279444, 59.941647498279444, 'SEARCH'
10, 13054, 59.92120351731025, 59.92120351731025, 'SEARCH'
10, 13055, 59.89654713810456, 59.89654713810456, 'SEARCH'
10, 13056, 59.869900689470285, 59.869900689470285, 'SEARCH'
10, 13057, 59.842124425698216, 59.842124425698216, 'SEARCH'
10, 13058, 59.83427800276791, 59.83427800276791, 'SEARCH'
10, 13059, 59.82020057881828, 59.82020057881828, 'SEARCH'
10, 13060, 59.81277239284795, 59.81277239284795, 'SEARCH'
10, 13061, 59.790749548900465, 59.790749548900465, 'SEARCH'
10, 13062, 59.76812970774657, 59.76812970774657, 'SEARCH'
10, 13063, 59.743943673095046, 59.743943673095046, 'SEARCH'
10, 13064, 59.73885495190092, 59.73885495190092, 'SEARCH'
10, 13065, 59.71137539781557, 59.71137539781557, 'SEARCH'
10, 13066, 59.69765586034828, 59.69765586034828, 'SEARCH'
10, 13067, 59.691233422638874, 59.691233422638874, 'SEARCH'
10, 13068, 59.671451188493734, 59.671451188493734, 'SEARCH'
10, 13069, 59.651320305150925, 59.651320305150925, 'SEARCH'
10, 13070, 59.62871208534852, 59.62871208534852, 'SEARCH'
10, 13071, 59.60363866134778, 59.60363866134778, 'SEARCH'
10, 13072, 59.57856034077764, 59.57856034077764, 'SEARCH'
10, 13073, 59.56835508796573, 59.56835508796573, 'SEARCH'
10, 13074, 59.56333901994686, 59.56333901994686, 'SEARCH'
10, 13075, 59.54099366626783, 59.54099366626783, 'SEARCH'
10, 13076, 59.521152122788976, 59.521152122788976, 'SEARCH'
10, 13077, 59.52338931101645, 59.52338931101645, 'SEARCH'
10, 13078, 59.508907055951006, 59.508907055951006, 'SEARCH'
10, 13079, 59.481130524753034, 59.481130524753034, 'SEARCH'
10, 13080, 59.47188008994174, 59.47188008994174, 'SEARCH'
10, 13081, 59.45992562137217, 59.45992562137217, 'SEARCH'
10, 13082, 59.44010401683521, 59.44010401683521, 'SEARCH'
10, 13083, 59.41256723635572, 59.41256723635572, 'SEARCH'
10, 13084, 59.38487351278541, 59.38487351278541, 'SEARCH'
10, 13085, 59.38465018033588, 59.38465018033588, 'SEARCH'
10, 13086, 59.362321891785044, 59.362321891785044, 'SEARCH'
10, 13087, 59.346997317066744, 59.346997317066744, 'SEARCH'
10, 13088, 59.340995369555316, 59.340995369555316, 'SEARCH'
10, 13089, 59.337378832210725, 59.337378832210725, 'SEARCH'
10, 13090, 59.3096022174431, 59.3096022174431, 'SEARCH'
10, 13091, 59.30789210187728, 59.30789210187728, 'SEARCH'
10, 13092, 59.285019757158, 59.285019757158, 'SEARCH'
10, 13093, 59.25882667222352, 59.25882667222352, 'SEARCH'
10, 13094, 59.2590337058395, 59.2590337058395, 'SEARCH'
10, 13095, 59.23378038578314, 59.23378038578314, 'SEARCH'
10, 13096, 59.21930926677396, 59.21930926677396, 'SEARCH'
10, 13097, 59.1978538460801, 59.1978538460801, 'SEARCH'
10, 13098, 59.193317652003564, 59.193317652003564, 'SEARCH'
10, 13099, 59.18407250358065, 59.18407250358065, 'SEARCH'
10, 13100, 59.16755775335934, 59.16755775335934, 'SEARCH'
10, 13101, 59.14291619318909, 59.14291619318909, 'SEARCH'
10, 13102, 59.1296509100124, 59.1296509100124, 'SEARCH'
10, 13103, 59.13751192938615, 59.13751192938615, 'SEARCH'
10, 13104, 59.12648182272317, 59.12648182272317, 'SEARCH'
10, 13105, 59.10360646912333, 59.10360646912333, 'SEARCH'
10, 13106, 59.07606841164663, 59.07606841164663, 'SEARCH'
10, 13107, 59.04866987584028, 59.04866987584028, 'SEARCH'
10, 13108, 59.03136909013305, 59.03136909013305, 'SEARCH'
10, 13109, 59.00390026522045, 59.00390026522045, 'SEARCH'
10, 13110, 59.006059718067455, 59.006059718067455, 'SEARCH'
10, 13111, 58.98265436690169, 58.98265436690169, 'SEARCH'
10, 13112, 58.970720625889726, 58.970720625889726, 'SEARCH'
10, 13113, 58.94564564720037, 58.94564564720037, 'SEARCH'
10, 13114, 58.931955091491695, 58.931955091491695, 'SEARCH'
10, 13115, 58.90686997485487, 58.90686997485487, 'SEARCH'
10, 13116, 58.87910272336888, 58.87910272336888, 'SEARCH'
10, 13117, 58.876889225203364, 58.876889225203364, 'SEARCH'
10, 13118, 58.851793762071644, 58.851793762071644, 'SEARCH'
10, 13119, 58.83001632584275, 58.83001632584275, 'SEARCH'
10, 13120, 58.80369714252674, 58.80369714252674, 'SEARCH'
10, 13121, 58.794823141993675, 58.794823141993675, 'SEARCH'
10, 13122, 58.76761957745641, 58.76761957745641, 'SEARCH'
10, 13123, 58.74130131567734, 58.74130131567734, 'SEARCH'
10, 13124, 58.713531404025616, 58.713531404025616, 'SEARCH'
10, 13125, 58.70195403116433, 58.70195403116433, 'SEARCH'
10, 13126, 58.68242587180107, 58.68242587180107, 'SEARCH'
10, 13127, 58.68975729808925, 58.68975729808925, 'SEARCH'
10, 13128, 58.68842924870795, 58.68842924870795, 'SEARCH'
10, 13129, 58.68687086458398, 58.68687086458398, 'SEARCH'
10, 13130, 58.6652043060903, 58.6652043060903, 'SEARCH'
10, 13131, 58.644147529516744, 58.644147529516744, 'SEARCH'
10, 13132, 58.63404593921311, 58.63404593921311, 'SEARCH'
10, 13133, 58.61352281663007, 58.61352281663007, 'SEARCH'
10, 13134, 58.60020136364729, 58.60020136364729, 'SEARCH'
10, 13135, 58.58414713059034, 58.58414713059034, 'SEARCH'
10, 13136, 58.57901155421143, 58.57901155421143, 'SEARCH'
10, 13137, 58.57983386141275, 58.57983386141275, 'SEARCH'
10, 13138, 58.55875958350624, 58.55875958350624, 'SEARCH'
10, 13139, 58.53100577579811, 58.53100577579811, 'SEARCH'
10, 13140, 58.52213858040732, 58.52213858040732, 'SEARCH'
10, 13141, 58.494390634699876, 58.494390634699876, 'SEARCH'
10, 13142, 58.5022111635055, 58.5022111635055, 'SEARCH'
10, 13143, 58.475603846155984, 58.475603846155984, 'SEARCH'
10, 13144, 58.47399213484411, 58.47399213484411, 'SEARCH'
10, 13145, 58.46386991934562, 58.46386991934562, 'SEARCH'
10, 13146, 58.44408671126835, 58.44408671126835, 'SEARCH'
10, 13147, 58.431282334795256, 58.431282334795256, 'SEARCH'
10, 13148, 58.413238706589, 58.413238706589, 'SEARCH'
10, 13149, 58.40579717500678, 58.40579717500678, 'SEARCH'
10, 13150, 58.382133035886866, 58.382133035886866, 'SEARCH'
10, 13151, 58.37063673144504, 58.37063673144504, 'SEARCH'
10, 13152, 58.36091299615336, 58.36091299615336, 'SEARCH'
10, 13153, 58.351656179602784, 58.351656179602784, 'SEARCH'
10, 13154, 58.324116402080186, 58.324116402080186, 'SEARCH'
10, 13155, 58.310859472503026, 58.310859472503026, 'SEARCH'
10, 13156, 58.29358547622433, 58.29358547622433, 'SEARCH'
10, 13157, 58.28947171339383, 58.28947171339383, 'SEARCH'
10, 13158, 58.27624341698991, 58.27624341698991, 'SEARCH'
10, 13159, 58.25419842227415, 58.25419842227415, 'SEARCH'
10, 13160, 58.24768708753422, 58.24768708753422, 'SEARCH'
10, 13161, 58.22223280859481, 58.22223280859481, 'SEARCH'
10, 13162, 58.223487514458206, 58.223487514458206, 'SEARCH'
10, 13163, 58.20777170243498, 58.20777170243498, 'SEARCH'
10, 13164, 58.18291004212056, 58.18291004212056, 'SEARCH'
10, 13165, 58.15805855697932, 58.15805855697932, 'SEARCH'
10, 13166, 58.131877541980984, 58.131877541980984, 'SEARCH'
10, 13167, 58.10410087369741, 58.10410087369741, 'SEARCH'
10, 13168, 58.10048359427344, 58.10048359427344, 'SEARCH'
10, 13169, 58.07481548058518, 58.07481548058518, 'SEARCH'
10, 13170, 58.05191279527223, 58.05191279527223, 'SEARCH'
10, 13171, 58.042613910797286, 58.042613910797286, 'SEARCH'
10, 13172, 58.03247757103545, 58.03247757103545, 'SEARCH'
10, 13173, 58.017530363436606, 58.017530363436606, 'SEARCH'
10, 13174, 58.02491211912437, 58.02491211912437, 'SEARCH'
10, 13175, 58.00539630400629, 58.00539630400629, 'SEARCH'
10, 13176, 57.99164987637173, 57.99164987637173, 'SEARCH'
10, 13177, 57.964551406908214, 57.964551406908214, 'SEARCH'
10, 13178, 57.950529157821926, 57.950529157821926, 'SEARCH'
10, 13179, 57.926085191515234, 57.926085191515234, 'SEARCH'
10, 13180, 57.90269850113668, 57.90269850113668, 'SEARCH'
10, 13181, 57.89580332315799, 57.89580332315799, 'SEARCH'
10, 13182, 57.895116182110684, 57.895116182110684, 'SEARCH'
10, 13183, 57.867892427849796, 57.867892427849796, 'SEARCH'
10, 13184, 57.84742583993731, 57.84742583993731, 'SEARCH'
10, 13185, 57.820659107319685, 57.820659107319685, 'SEARCH'
10, 13186, 57.81654768668485, 57.81654768668485, 'SEARCH'
10, 13187, 57.793399454300236, 57.793399454300236, 'SEARCH'
10, 13188, 57.79027280007957, 57.79027280007957, 'SEARCH'
10, 13189, 57.76350618070848, 57.76350618070848, 'SEARCH'
10, 13190, 57.751116501469504, 57.751116501469504, 'SEARCH'
10, 13191, 57.72823147021891, 57.72823147021891, 'SEARCH'
10, 13192, 57.702955491864955, 57.702955491864955, 'SEARCH'
10, 13193, 57.68886125426451, 57.68886125426451, 'SEARCH'
10, 13194, 57.68666628516769, 57.68666628516769, 'SEARCH'
10, 13195, 57.676001444415746, 57.676001444415746, 'SEARCH'
10, 13196, 57.65116850358023, 57.65116850358023, 'SEARCH'
10, 13197, 57.6254854290219, 57.6254854290219, 'SEARCH'
10, 13198, 57.597708232025866, 57.597708232025866, 'SEARCH'
10, 13199, 57.57718387163209, 57.57718387163209, 'SEARCH'
10, 13200, 57.56968082974176, 57.56968082974176, 'SEARCH'
10, 13201, 57.56424546978377, 57.56424546978377, 'SEARCH'
10, 13202, 57.56391928798851, 57.56391928798851, 'SEARCH'
10, 13203, 57.536279728557744, 57.536279728557744, 'SEARCH'
10, 13204, 57.521037076951615, 57.521037076951615, 'SEARCH'
10, 13205, 57.494882701843345, 57.494882701843345, 'SEARCH'
10, 13206, 57.47020429371631, 57.47020429371631, 'SEARCH'
10, 13207, 57.452611112776516, 57.452611112776516, 'SEARCH'
10, 13208, 57.426563569230524, 57.426563569230524, 'SEARCH'
10, 13209, 57.40635024067211, 57.40635024067211, 'SEARCH'
10, 13210, 57.380129086576595, 57.380129086576595, 'SEARCH'
10, 13211, 57.37470928507939, 57.37470928507939, 'SEARCH'
10, 13212, 57.35531070006017, 57.35531070006017, 'SEARCH'
10, 13213, 57.33757571696759, 57.33757571696759, 'SEARCH'
10, 13214, 57.32356775326831, 57.32356775326831, 'SEARCH'
10, 13215, 57.30177448798599, 57.30177448798599, 'SEARCH'
10, 13216, 57.29852744701182, 57.29852744701182, 'SEARCH'
10, 13217, 57.30699997258095, 57.30699997258095, 'SEARCH'
10, 13218, 57.2837794960384, 57.2837794960384, 'SEARCH'
10, 13219, 57.27577695682782, 57.27577695682782, 'SEARCH'
10, 13220, 57.24816222008794, 57.24816222008794, 'SEARCH'
10, 13221, 57.221487354468984, 57.221487354468984, 'SEARCH'
10, 13222, 57.19440191937019, 57.19440191937019, 'SEARCH'
10, 13223, 57.16698030390242, 57.16698030390242, 'SEARCH'
10, 13224, 57.142725726583805, 57.142725726583805, 'SEARCH'
10, 13225, 57.12567896892638, 57.12567896892638, 'SEARCH'
10, 13226, 57.12080591145524, 57.12080591145524, 'SEARCH'
10, 13227, 57.1168691274033, 57.1168691274033, 'SEARCH'
10, 13228, 57.090798547676656, 57.090798547676656, 'SEARCH'
10, 13229, 57.075333946930165, 57.075333946930165, 'SEARCH'
10, 13230, 57.07588115060822, 57.07588115060822, 'SEARCH'
10, 13231, 57.05032733436854, 57.05032733436854, 'SEARCH'
10, 13232, 57.03599611579038, 57.03599611579038, 'SEARCH'
10, 13233, 57.008815788370605, 57.008815788370605, 'SEARCH'
10, 13234, 57.00451753800676, 57.00451753800676, 'SEARCH'
10, 13235, 56.99324238136045, 56.99324238136045, 'SEARCH'
10, 13236, 56.97935665820934, 56.97935665820934, 'SEARCH'
10, 13237, 56.96503531092661, 56.96503531092661, 'SEARCH'
10, 13238, 56.96072734324699, 56.96072734324699, 'SEARCH'
10, 13239, 56.95262157476756, 56.95262157476756, 'SEARCH'
10, 13240, 56.93915112986554, 56.93915112986554, 'SEARCH'
10, 13241, 56.91417499368196, 56.91417499368196, 'SEARCH'
10, 13242, 56.890349888338854, 56.890349888338854, 'SEARCH'
10, 13243, 56.876010912216465, 56.876010912216465, 'SEARCH'
10, 13244, 56.848495823415284, 56.848495823415284, 'SEARCH'
10, 13245, 56.82078190794843, 56.82078190794843, 'SEARCH'
10, 13246, 56.79326703547529, 56.79326703547529, 'SEARCH'
10, 13247, 56.77332273475173, 56.77332273475173, 'SEARCH'
10, 13248, 56.76516697657895, 56.76516697657895, 'SEARCH'
10, 13249, 56.742661170190495, 56.742661170190495, 'SEARCH'
10, 13250, 56.71745769186845, 56.71745769186845, 'SEARCH'
10, 13251, 56.72220867946245, 56.72220867946245, 'SEARCH'
10, 13252, 56.717290280709676, 56.717290280709676, 'SEARCH'
10, 13253, 56.70126117072702, 56.70126117072702, 'SEARCH'
10, 13254, 56.704030953304475, 56.704030953304475, 'SEARCH'
10, 13255, 56.68903414122072, 56.68903414122072, 'SEARCH'
10, 13256, 56.6744301773538, 56.6744301773538, 'SEARCH'
10, 13257, 56.66712891692592, 56.66712891692592, 'SEARCH'
10, 13258, 56.64201180216531, 56.64201180216531, 'SEARCH'
10, 13259, 56.632850729043916, 56.632850729043916, 'SEARCH'
10, 13260, 56.6089663553592, 56.6089663553592, 'SEARCH'
10, 13261, 56.592908157921826, 56.592908157921826, 'SEARCH'
10, 13262, 56.56558245111507, 56.56558245111507, 'SEARCH'
10, 13263, 56.55964765500994, 56.55964765500994, 'SEARCH'
10, 13264, 56.53953823558536, 56.53953823558536, 'SEARCH'
10, 13265, 56.513709627709346, 56.513709627709346, 'SEARCH'
10, 13266, 56.50048944318629, 56.50048944318629, 'SEARCH'
10, 13267, 56.48807675468463, 56.48807675468463, 'SEARCH'
10, 13268, 56.47318724955093, 56.47318724955093, 'SEARCH'
10, 13269, 56.448998624164005, 56.448998624164005, 'SEARCH'
10, 13270, 56.45218121747534, 56.45218121747534, 'SEARCH'
10, 13271, 56.42984267639188, 56.42984267639188, 'SEARCH'
10, 13272, 56.42769450136444, 56.42769450136444, 'SEARCH'
10, 13273, 56.403059447907374, 56.403059447907374, 'SEARCH'
10, 13274, 56.375940357302774, 56.375940357302774, 'SEARCH'
10, 13275, 56.36712550889621, 56.36712550889621, 'SEARCH'
10, 13276, 56.34699101547759, 56.34699101547759, 'SEARCH'
10, 13277, 56.34050286764212, 56.34050286764212, 'SEARCH'
10, 13278, 56.323230428602116, 56.323230428602116, 'SEARCH'
10, 13279, 56.32298262444404, 56.32298262444404, 'SEARCH'
10, 13280, 56.298135904241896, 56.298135904241896, 'SEARCH'
10, 13281, 56.270442560683854, 56.270442560683854, 'SEARCH'
10, 13282, 56.24603769859298, 56.24603769859298, 'SEARCH'
10, 13283, 56.23451793159095, 56.23451793159095, 'SEARCH'
10, 13284, 56.22801381147401, 56.22801381147401, 'SEARCH'
10, 13285, 56.21037707686376, 56.21037707686376, 'SEARCH'
10, 13286, 56.19883776430922, 56.19883776430922, 'SEARCH'
10, 13287, 56.171934391200956, 56.171934391200956, 'SEARCH'
10, 13288, 56.146288095109355, 56.146288095109355, 'SEARCH'
10, 13289, 56.12341432869104, 56.12341432869104, 'SEARCH'
10, 13290, 56.11461681686437, 56.11461681686437, 'SEARCH'
10, 13291, 56.11003736154819, 56.11003736154819, 'SEARCH'
10, 13292, 56.083689704149805, 56.083689704149805, 'SEARCH'
10, 13293, 56.06714978226879, 56.06714978226879, 'SEARCH'
10, 13294, 56.06070202998527, 56.06070202998527, 'SEARCH'
10, 13295, 56.04538284712528, 56.04538284712528, 'SEARCH'
10, 13296, 56.01773352258574, 56.01773352258574, 'SEARCH'
10, 13297, 56.02562930719052, 56.02562930719052, 'SEARCH'
10, 13298, 56.00420555640471, 56.00420555640471, 'SEARCH'
10, 13299, 55.99493391571065, 55.99493391571065, 'SEARCH'
10, 13300, 55.995680887503454, 55.995680887503454, 'SEARCH'
10, 13301, 56.003573134528004, 56.003573134528004, 'SEARCH'
10, 13302, 55.97644951411317, 55.97644951411317, 'SEARCH'
10, 13303, 55.97860713973557, 55.97860713973557, 'SEARCH'
10, 13304, 55.96496791803118, 55.96496791803118, 'SEARCH'
10, 13305, 55.937240526005425, 55.937240526005425, 'SEARCH'
10, 13306, 55.92396688190526, 55.92396688190526, 'SEARCH'
10, 13307, 55.8988775767768, 55.8988775767768, 'SEARCH'
10, 13308, 55.89376840836748, 55.89376840836748, 'SEARCH'
10, 13309, 55.884562015146386, 55.884562015146386, 'SEARCH'
10, 13310, 55.88957765134974, 55.88957765134974, 'SEARCH'
10, 13311, 55.874187344623806, 55.874187344623806, 'SEARCH'
10, 13312, 55.881992195265596, 55.881992195265596, 'SEARCH'
10, 13313, 55.858001885449546, 55.858001885449546, 'SEARCH'
10, 13314, 55.83760331864539, 55.83760331864539, 'SEARCH'
10, 13315, 55.80999270814292, 55.80999270814292, 'SEARCH'
10, 13316, 55.81399773496859, 55.81399773496859, 'SEARCH'
10, 13317, 55.78707366936489, 55.78707366936489, 'SEARCH'
10, 13318, 55.77746573077167, 55.77746573077167, 'SEARCH'
10, 13319, 55.75059929846139, 55.75059929846139, 'SEARCH'
10, 13320, 55.74735886060202, 55.74735886060202, 'SEARCH'
10, 13321, 55.731723753756434, 55.731723753756434, 'SEARCH'
10, 13322, 55.7050620953029, 55.7050620953029, 'SEARCH'
10, 13323, 55.69275912324073, 55.69275912324073, 'SEARCH'
10, 13324, 55.67300270720315, 55.67300270720315, 'SEARCH'
10, 13325, 55.65042413325671, 55.65042413325671, 'SEARCH'
10, 13326, 55.62723556802668, 55.62723556802668, 'SEARCH'
10, 13327, 55.60198204006444, 55.60198204006444, 'SEARCH'
10, 13328, 55.58289252786987, 55.58289252786987, 'SEARCH'
10, 13329, 55.5563930856563, 55.5563930856563, 'SEARCH'
10, 13330, 55.53223053921993, 55.53223053921993, 'SEARCH'
10, 13331, 55.51896360454649, 55.51896360454649, 'SEARCH'
10, 13332, 55.49453615161587, 55.49453615161587, 'SEARCH'
10, 13333, 55.499557215315214, 55.499557215315214, 'SEARCH'
10, 13334, 55.48048363180093, 55.48048363180093, 'SEARCH'
10, 13335, 55.461329198270384, 55.461329198270384, 'SEARCH'
10, 13336, 55.44728351893976, 55.44728351893976, 'SEARCH'
10, 13337, 55.43896807999916, 55.43896807999916, 'SEARCH'
10, 13338, 55.421286832190596, 55.421286832190596, 'SEARCH'
10, 13339, 55.417149192089305, 55.417149192089305, 'SEARCH'
10, 13340, 55.392484714324965, 55.392484714324965, 'SEARCH'
10, 13341, 55.391335957366024, 55.391335957366024, 'SEARCH'
10, 13342, 55.36667859139223, 55.36667859139223, 'SEARCH'
10, 13343, 55.339923812599196, 55.339923812599196, 'SEARCH'
10, 13344, 55.316475738284836, 55.316475738284836, 'SEARCH'
10, 13345, 55.30192075826868, 55.30192075826868, 'SEARCH'
10, 13346, 55.307393402958404, 55.307393402958404, 'SEARCH'
10, 13347, 55.30803026031914, 55.30803026031914, 'SEARCH'
10, 13348, 55.305964376563246, 55.305964376563246, 'SEARCH'
10, 13349, 55.28785565119086, 55.28785565119086, 'SEARCH'
10, 13350, 55.27512348185915, 55.27512348185915, 'SEARCH'
10, 13351, 55.24753387459955, 55.24753387459955, 'SEARCH'
10, 13352, 55.23652913152374, 55.23652913152374, 'SEARCH'
10, 13353, 55.21049116833216, 55.21049116833216, 'SEARCH'
10, 13354, 55.18294319199064, 55.18294319199064, 'SEARCH'
10, 13355, 55.16637168144626, 55.16637168144626, 'SEARCH'
10, 13356, 55.1475480808919, 55.1475480808919, 'SEARCH'
10, 13357, 55.13270160496821, 55.13270160496821, 'SEARCH'
10, 13358, 55.10591509763262, 55.10591509763262, 'SEARCH'
10, 13359, 55.081310501689146, 55.081310501689146, 'SEARCH'
10, 13360, 55.06726484596017, 55.06726484596017, 'SEARCH'
10, 13361, 55.047767288798845, 55.047767288798845, 'SEARCH'
10, 13362, 55.03585721169648, 55.03585721169648, 'SEARCH'
10, 13363, 55.01193885100027, 55.01193885100027, 'SEARCH'
10, 13364, 54.98544180059844, 54.98544180059844, 'SEARCH'
10, 13365, 54.95855395238084, 54.95855395238084, 'SEARCH'
10, 13366, 54.941653068730815, 54.941653068730815, 'SEARCH'
10, 13367, 54.91396020016256, 54.91396020016256, 'SEARCH'
10, 13368, 54.88793656400613, 54.88793656400613, 'SEARCH'
10, 13369, 54.87955936011936, 54.87955936011936, 'SEARCH'
10, 13370, 54.85178985984742, 54.85178985984742, 'SEARCH'
10, 13371, 54.83806547230126, 54.83806547230126, 'SEARCH'
10, 13372, 54.82517255490711, 54.82517255490711, 'SEARCH'
10, 13373, 54.79779202331795, 54.79779202331795, 'SEARCH'
10, 13374, 54.77319769777532, 54.77319769777532, 'SEARCH'
10, 13375, 54.780706331810926, 54.780706331810926, 'SEARCH'
10, 13376, 54.76583601525805, 54.76583601525805, 'SEARCH'
10, 13377, 54.761205669014075, 54.761205669014075, 'SEARCH'
10, 13378, 54.735899855635466, 54.735899855635466, 'SEARCH'
10, 13379, 54.7326727062801, 54.7326727062801, 'SEARCH'
10, 13380, 54.729634762393424, 54.729634762393424, 'SEARCH'
10, 13381, 54.736670930785614, 54.736670930785614, 'SEARCH'
10, 13382, 54.71136942543478, 54.71136942543478, 'SEARCH'
10, 13383, 54.69160795984877, 54.69160795984877, 'SEARCH'
10, 13384, 54.665784418003035, 54.665784418003035, 'SEARCH'
10, 13385, 54.64010110348443, 54.64010110348443, 'SEARCH'
10, 13386, 54.617172265048445, 54.617172265048445, 'SEARCH'
10, 13387, 54.621836431290475, 54.621836431290475, 'SEARCH'
10, 13388, 54.621537565399784, 54.621537565399784, 'SEARCH'
10, 13389, 54.62810037591749, 54.62810037591749, 'SEARCH'
10, 13390, 54.601221567616676, 54.601221567616676, 'SEARCH'
10, 13391, 54.57756510034594, 54.57756510034594, 'SEARCH'
10, 13392, 54.55464802886221, 54.55464802886221, 'SEARCH'
10, 13393, 54.55495026549609, 54.55495026549609, 'SEARCH'
10, 13394, 54.54749250761214, 54.54749250761214, 'SEARCH'
10, 13395, 54.53053507772245, 54.53053507772245, 'SEARCH'
10, 13396, 54.509152539003715, 54.509152539003715, 'SEARCH'
10, 13397, 54.48390408081629, 54.48390408081629, 'SEARCH'
10, 13398, 54.46153859797665, 54.46153859797665, 'SEARCH'
10, 13399, 54.44456697453488, 54.44456697453488, 'SEARCH'
10, 13400, 54.43182831277163, 54.43182831277163, 'SEARCH'
10, 13401, 54.41300386834886, 54.41300386834886, 'SEARCH'
10, 13402, 54.40976121231311, 54.40976121231311, 'SEARCH'
10, 13403, 54.415893560867815, 54.415893560867815, 'SEARCH'
10, 13404, 54.39065801886911, 54.39065801886911, 'SEARCH'
10, 13405, 54.36324620359886, 54.36324620359886, 'SEARCH'
10, 13406, 54.35733056039218, 54.35733056039218, 'SEARCH'
10, 13407, 54.33862023750136, 54.33862023750136, 'SEARCH'
10, 13408, 54.31108803421565, 54.31108803421565, 'SEARCH'
10, 13409, 54.28343242819639, 54.28343242819639, 'SEARCH'
10, 13410, 54.286160270011585, 54.286160270011585, 'SEARCH'
10, 13411, 54.26736341857807, 54.26736341857807, 'SEARCH'
10, 13412, 54.242752628210404, 54.242752628210404, 'SEARCH'
10, 13413, 54.24256322424575, 54.24256322424575, 'SEARCH'
10, 13414, 54.215437681078924, 54.215437681078924, 'SEARCH'
10, 13415, 54.19280181545494, 54.19280181545494, 'SEARCH'
10, 13416, 54.16547941540805, 54.16547941540805, 'SEARCH'
10, 13417, 54.16566037863785, 54.16566037863785, 'SEARCH'
10, 13418, 54.13833224760736, 54.13833224760736, 'SEARCH'
10, 13419, 54.111539945236004, 54.111539945236004, 'SEARCH'
10, 13420, 54.084672911735026, 54.084672911735026, 'SEARCH'
10, 13421, 54.08983323678201, 54.08983323678201, 'SEARCH'
10, 13422, 54.096391093622366, 54.096391093622366, 'SEARCH'
10, 13423, 54.07723323687609, 54.07723323687609, 'SEARCH'
10, 13424, 54.05044688609425, 54.05044688609425, 'SEARCH'
10, 13425, 54.032467905591474, 54.032467905591474, 'SEARCH'
10, 13426, 54.02498301253006, 54.02498301253006, 'SEARCH'
10, 13427, 53.99819202281112, 53.99819202281112, 'SEARCH'
10, 13428, 53.971159038644565, 53.971159038644565, 'SEARCH'
10, 13429, 53.94354792960282, 53.94354792960282, 'SEARCH'
10, 13430, 53.933472394371584, 53.933472394371584, 'SEARCH'
10, 13431, 53.91945276350944, 53.91945276350944, 'SEARCH'
10, 13432, 53.916861770675524, 53.916861770675524, 'SEARCH'
10, 13433, 53.907544495898605, 53.907544495898605, 'SEARCH'
10, 13434, 53.89820442457484, 53.89820442457484, 'SEARCH'
10, 13435, 53.8800912984774, 53.8800912984774, 'SEARCH'
10, 13436, 53.8711666131289, 53.8711666131289, 'SEARCH'
10, 13437, 53.8659658548736, 53.8659658548736, 'SEARCH'
10, 13438, 53.85372008879603, 53.85372008879603, 'SEARCH'
10, 13439, 53.848039805078365, 53.848039805078365, 'SEARCH'
10, 13440, 53.82610611178991, 53.82610611178991, 'SEARCH'
10, 13441, 53.82505192863107, 53.82505192863107, 'SEARCH'
10, 13442, 53.830720362151546, 53.830720362151546, 'SEARCH'
10, 13443, 53.80303693253567, 53.80303693253567, 'SEARCH'
10, 13444, 53.790308015806616, 53.790308015806616, 'SEARCH'
10, 13445, 53.789007068881475, 53.789007068881475, 'SEARCH'
10, 13446, 53.778482502830094, 53.778482502830094, 'SEARCH'
10, 13447, 53.76929744104617, 53.76929744104617, 'SEARCH'
10, 13448, 53.76574158864976, 53.76574158864976, 'SEARCH'
10, 13449, 53.75734435791819, 53.75734435791819, 'SEARCH'
10, 13450, 53.72956710935685, 53.72956710935685, 'SEARCH'
10, 13451, 53.73752773522724, 53.73752773522724, 'SEARCH'
10, 13452, 53.72959065765065, 53.72959065765065, 'SEARCH'
10, 13453, 53.72555844452363, 53.72555844452363, 'SEARCH'
10, 13454, 53.725366518014766, 53.725366518014766, 'SEARCH'
10, 13455, 53.72461356370937, 53.72461356370937, 'SEARCH'
10, 13456, 53.704167844579956, 53.704167844579956, 'SEARCH'
10, 13457, 53.700987252849714, 53.700987252849714, 'SEARCH'
10, 13458, 53.69694197437281, 53.69694197437281, 'SEARCH'
10, 13459, 53.68816328844691, 53.68816328844691, 'SEARCH'
10, 13460, 53.6639794345311, 53.6639794345311, 'SEARCH'
10, 13461, 53.64671073791691, 53.64671073791691, 'SEARCH'
10, 13462, 53.64355376664072, 53.64355376664072, 'SEARCH'
10, 13463, 53.64721664497537, 53.64721664497537, 'SEARCH'
10, 13464, 53.629934367485525, 53.629934367485525, 'SEARCH'
10, 13465, 53.61012524449444, 53.61012524449444, 'SEARCH'
10, 13466, 53.59359044873024, 53.59359044873024, 'SEARCH'
10, 13467, 53.5683289977947, 53.5683289977947, 'SEARCH'
10, 13468, 53.55634382012059, 53.55634382012059, 'SEARCH'
10, 13469, 53.56193395184164, 53.56193395184164, 'SEARCH'
10, 13470, 53.55263491892893, 53.55263491892893, 'SEARCH'
10, 13471, 53.54954278249392, 53.54954278249392, 'SEARCH'
10, 13472, 53.52587320382494, 53.52587320382494, 'SEARCH'
10, 13473, 53.505405607712646, 53.505405607712646, 'SEARCH'
10, 13474, 53.47765410010594, 53.47765410010594, 'SEARCH'
10, 13475, 53.454230976948025, 53.454230976948025, 'SEARCH'
10, 13476, 53.42788789259581, 53.42788789259581, 'SEARCH'
10, 13477, 53.42092592712897, 53.42092592712897, 'SEARCH'
10, 13478, 53.40442761101648, 53.40442761101648, 'SEARCH'
10, 13479, 53.404678521585595, 53.404678521585595, 'SEARCH'
10, 13480, 53.39361720649696, 53.39361720649696, 'SEARCH'
10, 13481, 53.390949679776966, 53.390949679776966, 'SEARCH'
10, 13482, 53.383555014573744, 53.383555014573744, 'SEARCH'
10, 13483, 53.37204009412234, 53.37204009412234, 'SEARCH'
10, 13484, 53.364132256695925, 53.364132256695925, 'SEARCH'
10, 13485, 53.34965611161807, 53.34965611161807, 'SEARCH'
10, 13486, 53.32380216899789, 53.32380216899789, 'SEARCH'
10, 13487, 53.30542366465505, 53.30542366465505, 'SEARCH'
10, 13488, 53.29261530729967, 53.29261530729967, 'SEARCH'
10, 13489, 53.29956991472936, 53.29956991472936, 'SEARCH'
10, 13490, 53.30317039022513, 53.30317039022513, 'SEARCH'
10, 13491, 53.28233249160963, 53.28233249160963, 'SEARCH'
10, 13492, 53.26325862399615, 53.26325862399615, 'SEARCH'
10, 13493, 53.25919672006138, 53.25919672006138, 'SEARCH'
10, 13494, 53.23602268003139, 53.23602268003139, 'SEARCH'
10, 13495, 53.21491992322252, 53.21491992322252, 'SEARCH'
10, 13496, 53.202535735358744, 53.202535735358744, 'SEARCH'
10, 13497, 53.180505788473674, 53.180505788473674, 'SEARCH'
10, 13498, 53.16811129940148, 53.16811129940148, 'SEARCH'
10, 13499, 53.157500740355, 53.157500740355, 'SEARCH'
10, 13500, 53.135763716444984, 53.135763716444984, 'SEARCH'
10, 13501, 53.114965829739596, 53.114965829739596, 'SEARCH'
10, 13502, 53.087567448456134, 53.087567448456134, 'SEARCH'
10, 13503, 53.06067869201097, 53.06067869201097, 'SEARCH'
10, 13504, 53.06670436345076, 53.06670436345076, 'SEARCH'
10, 13505, 53.060208529373035, 53.060208529373035, 'SEARCH'
10, 13506, 53.034748744150065, 53.034748744150065, 'SEARCH'
10, 13507, 53.04261676751369, 53.04261676751369, 'SEARCH'
10, 13508, 53.02605586597193, 53.02605586597193, 'SEARCH'
10, 13509, 52.99830746955963, 52.99830746955963, 'SEARCH'
10, 13510, 52.99945791154245, 52.99945791154245, 'SEARCH'
10, 13511, 52.98935801709265, 52.98935801709265, 'SEARCH'
10, 13512, 52.97923506257456, 52.97923506257456, 'SEARCH'
10, 13513, 52.980893768980664, 52.980893768980664, 'SEARCH'
10, 13514, 52.97434830628326, 52.97434830628326, 'SEARCH'
10, 13515, 52.947739107492865, 52.947739107492865, 'SEARCH'
10, 13516, 52.93977689547882, 52.93977689547882, 'SEARCH'
10, 13517, 52.91267925224671, 52.91267925224671, 'SEARCH'
10, 13518, 52.91380032072313, 52.91380032072313, 'SEARCH'
10, 13519, 52.88602926397574, 52.88602926397574, 'SEARCH'
10, 13520, 52.86051033796811, 52.86051033796811, 'SEARCH'
10, 13521, 52.832754001912456, 52.832754001912456, 'SEARCH'
10, 13522, 52.81139543021918, 52.81139543021918, 'SEARCH'
10, 13523, 52.79165280435754, 52.79165280435754, 'SEARCH'
10, 13524, 52.76705032453225, 52.76705032453225, 'SEARCH'
10, 13525, 52.750475633349645, 52.750475633349645, 'SEARCH'
10, 13526, 52.735891042685914, 52.735891042685914, 'SEARCH'
10, 13527, 52.71077503901001, 52.71077503901001, 'SEARCH'
10, 13528, 52.70870630231026, 52.70870630231026, 'SEARCH'
10, 13529, 52.68255040771798, 52.68255040771798, 'SEARCH'
10, 13530, 52.68092806148975, 52.68092806148975, 'SEARCH'
10, 13531, 52.653717513082874, 52.653717513082874, 'SEARCH'
10, 13532, 52.62751988158949, 52.62751988158949, 'SEARCH'
10, 13533, 52.60433167355594, 52.60433167355594, 'SEARCH'
10, 13534, 52.576562001169876, 52.576562001169876, 'SEARCH'
10, 13535, 52.55848116258105, 52.55848116258105, 'SEARCH'
10, 13536, 52.53433954755687, 52.53433954755687, 'SEARCH'
10, 13537, 52.51561387834921, 52.51561387834921, 'SEARCH'
10, 13538, 52.48898965981713, 52.48898965981713, 'SEARCH'
10, 13539, 52.4896934050289, 52.4896934050289, 'SEARCH'
10, 13540, 52.471690625727874, 52.471690625727874, 'SEARCH'
10, 13541, 52.44467395925709, 52.44467395925709, 'SEARCH'
10, 13542, 52.44011904177726, 52.44011904177726, 'SEARCH'
10, 13543, 52.4206463593564, 52.4206463593564, 'SEARCH'
10, 13544, 52.40958851413105, 52.40958851413105, 'SEARCH'
10, 13545, 52.388780998721856, 52.388780998721856, 'SEARCH'
10, 13546, 52.383219036086174, 52.383219036086174, 'SEARCH'
10, 13547, 52.37678348343209, 52.37678348343209, 'SEARCH'
10, 13548, 52.37265184023816, 52.37265184023816, 'SEARCH'
10, 13549, 52.353493085824795, 52.353493085824795, 'SEARCH'
10, 13550, 52.33588081085385, 52.33588081085385, 'SEARCH'
10, 13551, 52.3307642053143, 52.3307642053143, 'SEARCH'
10, 13552, 52.31931914369819, 52.31931914369819, 'SEARCH'
10, 13553, 52.29229507224049, 52.29229507224049, 'SEARCH'
10, 13554, 52.270006657870205, 52.270006657870205, 'SEARCH'
10, 13555, 52.244753250736025, 52.244753250736025, 'SEARCH'
10, 13556, 52.2179987140032, 52.2179987140032, 'SEARCH'
10, 13557, 52.19274060658683, 52.19274060658683, 'SEARCH'
10, 13558, 52.18528157444357, 52.18528157444357, 'SEARCH'
10, 13559, 52.18171836568915, 52.18171836568915, 'SEARCH'
10, 13560, 52.153994728099924, 52.153994728099924, 'SEARCH'
10, 13561, 52.127349637483846, 52.127349637483846, 'SEARCH'
10, 13562, 52.09959615188005, 52.09959615188005, 'SEARCH'
10, 13563, 52.07493170367722, 52.07493170367722, 'SEARCH'
10, 13564, 52.069325234117294, 52.069325234117294, 'SEARCH'
10, 13565, 52.05351259668703, 52.05351259668703, 'SEARCH'
10, 13566, 52.042102259377735, 52.042102259377735, 'SEARCH'
10, 13567, 52.016866041853014, 52.016866041853014, 'SEARCH'
10, 13568, 51.99020686607979, 51.99020686607979, 'SEARCH'
10, 13569, 51.97209051066275, 51.97209051066275, 'SEARCH'
10, 13570, 51.96270280265513, 51.96270280265513, 'SEARCH'
10, 13571, 51.963578102679165, 51.963578102679165, 'SEARCH'
10, 13572, 51.95839612443349, 51.95839612443349, 'SEARCH'
10, 13573, 51.9317204936792, 51.9317204936792, 'SEARCH'
10, 13574, 51.91049513805904, 51.91049513805904, 'SEARCH'
10, 13575, 51.899255101086275, 51.899255101086275, 'SEARCH'
10, 13576, 51.88792192116142, 51.88792192116142, 'SEARCH'
10, 13577, 51.88737644637683, 51.88737644637683, 'SEARCH'
10, 13578, 51.862164656039916, 51.862164656039916, 'SEARCH'
10, 13579, 51.85839241499661, 51.85839241499661, 'SEARCH'
10, 13580, 51.831048549983166, 51.831048549983166, 'SEARCH'
10, 13581, 51.813239264573845, 51.813239264573845, 'SEARCH'
10, 13582, 51.79137312526251, 51.79137312526251, 'SEARCH'
10, 13583, 51.79377587523225, 51.79377587523225, 'SEARCH'
10, 13584, 51.77522224475258, 51.77522224475258, 'SEARCH'
10, 13585, 51.748514254963084, 51.748514254963084, 'SEARCH'
10, 13586, 51.72423212221789, 51.72423212221789, 'SEARCH'
10, 13587, 51.70148391805198, 51.70148391805198, 'SEARCH'
10, 13588, 51.681496933764286, 51.681496933764286, 'SEARCH'
10, 13589, 51.67294038470632, 51.67294038470632, 'SEARCH'
10, 13590, 51.649641418873706, 51.649641418873706, 'SEARCH'
10, 13591, 51.62307091615424, 51.62307091615424, 'SEARCH'
10, 13592, 51.61631838445395, 51.61631838445395, 'SEARCH'
10, 13593, 51.59916941612058, 51.59916941612058, 'SEARCH'
10, 13594, 51.582774848657216, 51.582774848657216, 'SEARCH'
10, 13595, 51.5843352121264, 51.5843352121264, 'SEARCH'
10, 13596, 51.557083192455096, 51.557083192455096, 'SEARCH'
10, 13597, 51.533568113744565, 51.533568113744565, 'SEARCH'
10, 13598, 51.54035396882669, 51.54035396882669, 'SEARCH'
10, 13599, 51.53312474591458, 51.53312474591458, 'SEARCH'
10, 13600, 51.53222306479734, 51.53222306479734, 'SEARCH'
10, 13601, 51.52783675766136, 51.52783675766136, 'SEARCH'
10, 13602, 51.51106526440048, 51.51106526440048, 'SEARCH'
10, 13603, 51.50119618752299, 51.50119618752299, 'SEARCH'
10, 13604, 51.475600045262006, 51.475600045262006, 'SEARCH'
10, 13605, 51.447825188173766, 51.447825188173766, 'SEARCH'
10, 13606, 51.43359252668012, 51.43359252668012, 'SEARCH'
10, 13607, 51.40677823317919, 51.40677823317919, 'SEARCH'
10, 13608, 51.38924894072796, 51.38924894072796, 'SEARCH'
10, 13609, 51.38244634701965, 51.38244634701965, 'SEARCH'
10, 13610, 51.356733351832176, 51.356733351832176, 'SEARCH'
10, 13611, 51.34642536086407, 51.34642536086407, 'SEARCH'
10, 13612, 51.329773845270424, 51.329773845270424, 'SEARCH'
10, 13613, 51.31754032675625, 51.31754032675625, 'SEARCH'
10, 13614, 51.29049455871301, 51.29049455871301, 'SEARCH'
10, 13615, 51.28702371674288, 51.28702371674288, 'SEARCH'
10, 13616, 51.26113172195962, 51.26113172195962, 'SEARCH'
10, 13617, 51.24818555469317, 51.24818555469317, 'SEARCH'
10, 13618, 51.22046962384378, 51.22046962384378, 'SEARCH'
10, 13619, 51.193280101775606, 51.193280101775606, 'SEARCH'
10, 13620, 51.17990086862873, 51.17990086862873, 'SEARCH'
10, 13621, 51.154175281109715, 51.154175281109715, 'SEARCH'
10, 13622, 51.13980703116927, 51.13980703116927, 'SEARCH'
10, 13623, 51.11276316896838, 51.11276316896838, 'SEARCH'
10, 13624, 51.0864681246639, 51.0864681246639, 'SEARCH'
10, 13625, 51.05873421674533, 51.05873421674533, 'SEARCH'
10, 13626, 51.031071881624726, 51.031071881624726, 'SEARCH'
10, 13627, 51.01644591499639, 51.01644591499639, 'SEARCH'
10, 13628, 50.99903470126495, 50.99903470126495, 'SEARCH'
10, 13629, 50.99702596880984, 50.99702596880984, 'SEARCH'
10, 13630, 50.97079377917249, 50.97079377917249, 'SEARCH'
10, 13631, 50.96973117668104, 50.96973117668104, 'SEARCH'
10, 13632, 50.9485297470304, 50.9485297470304, 'SEARCH'
10, 13633, 50.9360133549557, 50.9360133549557, 'SEARCH'
10, 13634, 50.929683372023206, 50.929683372023206, 'SEARCH'
10, 13635, 50.931731515909284, 50.931731515909284, 'SEARCH'
10, 13636, 50.92634935172354, 50.92634935172354, 'SEARCH'
10, 13637, 50.901431611634884, 50.901431611634884, 'SEARCH'
10, 13638, 50.8915725394165, 50.8915725394165, 'SEARCH'
10, 13639, 50.87817420393574, 50.87817420393574, 'SEARCH'
10, 13640, 50.86638363649137, 50.86638363649137, 'SEARCH'
10, 13641, 50.84896686098183, 50.84896686098183, 'SEARCH'
10, 13642, 50.821541157232076, 50.821541157232076, 'SEARCH'
10, 13643, 50.79435725633445, 50.79435725633445, 'SEARCH'
10, 13644, 50.788510632165924, 50.788510632165924, 'SEARCH'
10, 13645, 50.76131918328894, 50.76131918328894, 'SEARCH'
10, 13646, 50.74092912106508, 50.74092912106508, 'SEARCH'
10, 13647, 50.72103877147522, 50.72103877147522, 'SEARCH'
10, 13648, 50.69342541381211, 50.69342541381211, 'SEARCH'
10, 13649, 50.673363417027524, 50.673363417027524, 'SEARCH'
10, 13650, 50.648772777838765, 50.648772777838765, 'SEARCH'
10, 13651, 50.62211388638262, 50.62211388638262, 'SEARCH'
10, 13652, 50.617916725272984, 50.617916725272984, 'SEARCH'
10, 13653, 50.59888213045829, 50.59888213045829, 'SEARCH'
10, 13654, 50.58128759689163, 50.58128759689163, 'SEARCH'
10, 13655, 50.5862784552619, 50.5862784552619, 'SEARCH'
10, 13656, 50.58662095002622, 50.58662095002622, 'SEARCH'
10, 13657, 50.559295147323375, 50.559295147323375, 'SEARCH'
10, 13658, 50.55946382282125, 50.55946382282125, 'SEARCH'
10, 13659, 50.53533725239418, 50.53533725239418, 'SEARCH'
10, 13660, 50.53404159302807, 50.53404159302807, 'SEARCH'
10, 13661, 50.51067405202734, 50.51067405202734, 'SEARCH'
10, 13662, 50.48347263746745, 50.48347263746745, 'SEARCH'
10, 13663, 50.45626929909638, 50.45626929909638, 'SEARCH'
10, 13664, 50.433895945334726, 50.433895945334726, 'SEARCH'
10, 13665, 50.415424641047395, 50.415424641047395, 'SEARCH'
10, 13666, 50.418946174525956, 50.418946174525956, 'SEARCH'
10, 13667, 50.39904072799583, 50.39904072799583, 'SEARCH'
10, 13668, 50.37606410107016, 50.37606410107016, 'SEARCH'
10, 13669, 50.37566017914796, 50.37566017914796, 'SEARCH'
10, 13670, 50.34788245253908, 50.34788245253908, 'SEARCH'
10, 13671, 50.32116502770178, 50.32116502770178, 'SEARCH'
10, 13672, 50.29400860150379, 50.29400860150379, 'SEARCH'
10, 13673, 50.279644921937276, 50.279644921937276, 'SEARCH'
10, 13674, 50.25335058169189, 50.25335058169189, 'SEARCH'
10, 13675, 50.225828702995, 50.225828702995, 'SEARCH'
10, 13676, 50.219690068979126, 50.219690068979126, 'SEARCH'
10, 13677, 50.203042269644165, 50.203042269644165, 'SEARCH'
10, 13678, 50.18089821357187, 50.18089821357187, 'SEARCH'
10, 13679, 50.15904180209906, 50.15904180209906, 'SEARCH'
10, 13680, 50.14867233389582, 50.14867233389582, 'SEARCH'
10, 13681, 50.13873142683916, 50.13873142683916, 'SEARCH'
10, 13682, 50.13874131760728, 50.13874131760728, 'SEARCH'
10, 13683, 50.11102995614085, 50.11102995614085, 'SEARCH'
10, 13684, 50.09592109933612, 50.09592109933612, 'SEARCH'
10, 13685, 50.07433209763132, 50.07433209763132, 'SEARCH'
10, 13686, 50.082937966997825, 50.082937966997825, 'SEARCH'
10, 13687, 50.061045958349915, 50.061045958349915, 'SEARCH'
10, 13688, 50.03528385123934, 50.03528385123934, 'SEARCH'
10, 13689, 50.030008674613995, 50.030008674613995, 'SEARCH'
10, 13690, 50.0044380447767, 50.0044380447767, 'SEARCH'
10, 13691, 49.9766602723618, 49.9766602723618, 'SEARCH'
10, 13692, 49.961549196540496, 49.961549196540496, 'SEARCH'
10, 13693, 49.937739089649014, 49.937739089649014, 'SEARCH'
10, 13694, 49.945877415481405, 49.945877415481405, 'SEARCH'
10, 13695, 49.91904882213485, 49.91904882213485, 'SEARCH'
10, 13696, 49.92243482094921, 49.92243482094921, 'SEARCH'
10, 13697, 49.91758404652274, 49.91758404652274, 'SEARCH'
10, 13698, 49.91763868724251, 49.91763868724251, 'SEARCH'
10, 13699, 49.89187365479758, 49.89187365479758, 'SEARCH'
10, 13700, 49.88418495920605, 49.88418495920605, 'SEARCH'
10, 13701, 49.859034892993954, 49.859034892993954, 'SEARCH'
10, 13702, 49.831855037738826, 49.831855037738826, 'SEARCH'
10, 13703, 49.8064601552289, 49.8064601552289, 'SEARCH'
10, 13704, 49.81453020122764, 49.81453020122764, 'SEARCH'
10, 13705, 49.80404859113184, 49.80404859113184, 'SEARCH'
10, 13706, 49.804911500157836, 49.804911500157836, 'SEARCH'
10, 13707, 49.78010034605474, 49.78010034605474, 'SEARCH'
10, 13708, 49.754864509295736, 49.754864509295736, 'SEARCH'
10, 13709, 49.727223366971614, 49.727223366971614, 'SEARCH'
10, 13710, 49.70888536175511, 49.70888536175511, 'SEARCH'
10, 13711, 49.68659891898622, 49.68659891898622, 'SEARCH'
10, 13712, 49.65929693521566, 49.65929693521566, 'SEARCH'
10, 13713, 49.631527251606634, 49.631527251606634, 'SEARCH'
10, 13714, 49.60387156626783, 49.60387156626783, 'SEARCH'
10, 13715, 49.57862296577704, 49.57862296577704, 'SEARCH'
10, 13716, 49.55843299260878, 49.55843299260878, 'SEARCH'
10, 13717, 49.536445137925504, 49.536445137925504, 'SEARCH'
10, 13718, 49.51279583773007, 49.51279583773007, 'SEARCH'
10, 13719, 49.49268472824754, 49.49268472824754, 'SEARCH'
10, 13720, 49.492888697678914, 49.492888697678914, 'SEARCH'
10, 13721, 49.48919653289846, 49.48919653289846, 'SEARCH'
10, 13722, 49.46582065267235, 49.46582065267235, 'SEARCH'
10, 13723, 49.43983140296471, 49.43983140296471, 'SEARCH'
10, 13724, 49.429579051962925, 49.429579051962925, 'SEARCH'
10, 13725, 49.41336285158477, 49.41336285158477, 'SEARCH'
10, 13726, 49.409386440855265, 49.409386440855265, 'SEARCH'
10, 13727, 49.40422313541552, 49.40422313541552, 'SEARCH'
10, 13728, 49.40072820133706, 49.40072820133706, 'SEARCH'
10, 13729, 49.39273931442578, 49.39273931442578, 'SEARCH'
10, 13730, 49.38898224600094, 49.38898224600094, 'SEARCH'
10, 13731, 49.36140177446105, 49.36140177446105, 'SEARCH'
10, 13732, 49.35475977872598, 49.35475977872598, 'SEARCH'
10, 13733, 49.348934014772915, 49.348934014772915, 'SEARCH'
10, 13734, 49.335823581463025, 49.335823581463025, 'SEARCH'
10, 13735, 49.30922982477512, 49.30922982477512, 'SEARCH'
10, 13736, 49.29585645869349, 49.29585645869349, 'SEARCH'
10, 13737, 49.278313447766905, 49.278313447766905, 'SEARCH'
10, 13738, 49.274066417131905, 49.274066417131905, 'SEARCH'
10, 13739, 49.257405676122325, 49.257405676122325, 'SEARCH'
10, 13740, 49.24740899009421, 49.24740899009421, 'SEARCH'
10, 13741, 49.22913198392435, 49.22913198392435, 'SEARCH'
10, 13742, 49.237630515628055, 49.237630515628055, 'SEARCH'
10, 13743, 49.20985298980847, 49.20985298980847, 'SEARCH'
10, 13744, 49.21504104205285, 49.21504104205285, 'SEARCH'
10, 13745, 49.1956420945899, 49.1956420945899, 'SEARCH'
10, 13746, 49.184196642885105, 49.184196642885105, 'SEARCH'
10, 13747, 49.15660385285152, 49.15660385285152, 'SEARCH'
10, 13748, 49.15112152033144, 49.15112152033144, 'SEARCH'
10, 13749, 49.13457525091224, 49.13457525091224, 'SEARCH'
10, 13750, 49.131485105037214, 49.131485105037214, 'SEARCH'
10, 13751, 49.10946355180327, 49.10946355180327, 'SEARCH'
10, 13752, 49.114537136125534, 49.114537136125534, 'SEARCH'
10, 13753, 49.08926772703313, 49.08926772703313, 'SEARCH'
10, 13754, 49.072743235827936, 49.072743235827936, 'SEARCH'
10, 13755, 49.04768139474526, 49.04768139474526, 'SEARCH'
10, 13756, 49.02260650501063, 49.02260650501063, 'SEARCH'
10, 13757, 49.02812859546988, 49.02812859546988, 'SEARCH'
10, 13758, 49.00397451508125, 49.00397451508125, 'SEARCH'
10, 13759, 49.00225092330826, 49.00225092330826, 'SEARCH'
10, 13760, 48.99395211539591, 48.99395211539591, 'SEARCH'
10, 13761, 48.98285030682792, 48.98285030682792, 'SEARCH'
10, 13762, 48.98013517721187, 48.98013517721187, 'SEARCH'
10, 13763, 48.958649287162494, 48.958649287162494, 'SEARCH'
10, 13764, 48.932432475204756, 48.932432475204756, 'SEARCH'
10, 13765, 48.90523315961792, 48.90523315961792, 'SEARCH'
10, 13766, 48.87745577913622, 48.87745577913622, 'SEARCH'
10, 13767, 48.85058552424142, 48.85058552424142, 'SEARCH'
10, 13768, 48.8308285662209, 48.8308285662209, 'SEARCH'
10, 13769, 48.82160877354221, 48.82160877354221, 'SEARCH'
10, 13770, 48.803919247842956, 48.803919247842956, 'SEARCH'
10, 13771, 48.79062351473679, 48.79062351473679, 'SEARCH'
10, 13772, 48.764303821002876, 48.764303821002876, 'SEARCH'
10, 13773, 48.739919976460875, 48.739919976460875, 'SEARCH'
10, 13774, 48.73300424755616, 48.73300424755616, 'SEARCH'
10, 13775, 48.71097338158513, 48.71097338158513, 'SEARCH'
10, 13776, 48.69116787324823, 48.69116787324823, 'SEARCH'
10, 13777, 48.66589446072901, 48.66589446072901, 'SEARCH'
10, 13778, 48.66612900023595, 48.66612900023595, 'SEARCH'
10, 13779, 48.663021604295125, 48.663021604295125, 'SEARCH'
10, 13780, 48.63860598589967, 48.63860598589967, 'SEARCH'
10, 13781, 48.63209612496995, 48.63209612496995, 'SEARCH'
10, 13782, 48.639573036383844, 48.639573036383844, 'SEARCH'
10, 13783, 48.61179655651349, 48.61179655651349, 'SEARCH'
10, 13784, 48.62017787260833, 48.62017787260833, 'SEARCH'
10, 13785, 48.59248569670623, 48.59248569670623, 'SEARCH'
10, 13786, 48.58885345716634, 48.58885345716634, 'SEARCH'
10, 13787, 48.563561657647526, 48.563561657647526, 'SEARCH'
10, 13788, 48.53645369485768, 48.53645369485768, 'SEARCH'
10, 13789, 48.510999663654786, 48.510999663654786, 'SEARCH'
10, 13790, 48.49262460760078, 48.49262460760078, 'SEARCH'
10, 13791, 48.47089904061144, 48.47089904061144, 'SEARCH'
10, 13792, 48.46583076305778, 48.46583076305778, 'SEARCH'
10, 13793, 48.44473195449003, 48.44473195449003, 'SEARCH'
10, 13794, 48.42328528210822, 48.42328528210822, 'SEARCH'
10, 13795, 48.425989376525365, 48.425989376525365, 'SEARCH'
10, 13796, 48.40394457744231, 48.40394457744231, 'SEARCH'
10, 13797, 48.38053485526091, 48.38053485526091, 'SEARCH'
10, 13798, 48.35314140636606, 48.35314140636606, 'SEARCH'
10, 13799, 48.34806029245602, 48.34806029245602, 'SEARCH'
10, 13800, 48.32821313563144, 48.32821313563144, 'SEARCH'
10, 13801, 48.32998205077198, 48.32998205077198, 'SEARCH'
10, 13802, 48.33123680114092, 48.33123680114092, 'SEARCH'
10, 13803, 48.321976700330744, 48.321976700330744, 'SEARCH'
10, 13804, 48.31692823093799, 48.31692823093799, 'SEARCH'
10, 13805, 48.30676282128469, 48.30676282128469, 'SEARCH'
10, 13806, 48.29225760791532, 48.29225760791532, 'SEARCH'
10, 13807, 48.285755997039466, 48.285755997039466, 'SEARCH'
10, 13808, 48.273754424329674, 48.273754424329674, 'SEARCH'
10, 13809, 48.27984116377494, 48.27984116377494, 'SEARCH'
10, 13810, 48.26792425730185, 48.26792425730185, 'SEARCH'
10, 13811, 48.24027237398395, 48.24027237398395, 'SEARCH'
10, 13812, 48.21480952085445, 48.21480952085445, 'SEARCH'
10, 13813, 48.19336324141646, 48.19336324141646, 'SEARCH'
10, 13814, 48.18636807971876, 48.18636807971876, 'SEARCH'
10, 13815, 48.159233333243115, 48.159233333243115, 'SEARCH'
10, 13816, 48.154729595968575, 48.154729595968575, 'SEARCH'
10, 13817, 48.14238261952279, 48.14238261952279, 'SEARCH'
10, 13818, 48.139210539537544, 48.139210539537544, 'SEARCH'
10, 13819, 48.11876993965689, 48.11876993965689, 'SEARCH'
10, 13820, 48.1190530201341, 48.1190530201341, 'SEARCH'
10, 13821, 48.11069011367813, 48.11069011367813, 'SEARCH'
10, 13822, 48.083384877476696, 48.083384877476696, 'SEARCH'
10, 13823, 48.06192616889029, 48.06192616889029, 'SEARCH'
10, 13824, 48.04347428717782, 48.04347428717782, 'SEARCH'
10, 13825, 48.01958415398901, 48.01958415398901, 'SEARCH'
10, 13826, 48.02183787732773, 48.02183787732773, 'SEARCH'
10, 13827, 48.01921931258817, 48.01921931258817, 'SEARCH'
10, 13828, 48.00812990525357, 48.00812990525357, 'SEARCH'
10, 13829, 47.98325118284416, 47.98325118284416, 'SEARCH'
10, 13830, 47.95761116902441, 47.95761116902441, 'SEARCH'
10, 13831, 47.939983111939206, 47.939983111939206, 'SEARCH'
10, 13832, 47.929323556517055, 47.929323556517055, 'SEARCH'
10, 13833, 47.90511677114256, 47.90511677114256, 'SEARCH'
10, 13834, 47.91167913321814, 47.91167913321814, 'SEARCH'
10, 13835, 47.892949243634376, 47.892949243634376, 'SEARCH'
10, 13836, 47.86677469410364, 47.86677469410364, 'SEARCH'
10, 13837, 47.845050107268484, 47.845050107268484, 'SEARCH'
10, 13838, 47.81856021647775, 47.81856021647775, 'SEARCH'
10, 13839, 47.826451560337965, 47.826451560337965, 'SEARCH'
10, 13840, 47.80918166179798, 47.80918166179798, 'SEARCH'
10, 13841, 47.78714522050291, 47.78714522050291, 'SEARCH'
10, 13842, 47.76096739410573, 47.76096739410573, 'SEARCH'
10, 13843, 47.76886965882849, 47.76886965882849, 'SEARCH'
10, 13844, 47.772958660616496, 47.772958660616496, 'SEARCH'
10, 13845, 47.76502344508296, 47.76502344508296, 'SEARCH'
10, 13846, 47.7595600535626, 47.7595600535626, 'SEARCH'
10, 13847, 47.75493073967056, 47.75493073967056, 'SEARCH'
10, 13848, 47.731207268457005, 47.731207268457005, 'SEARCH'
10, 13849, 47.70352211755107, 47.70352211755107, 'SEARCH'
10, 13850, 47.69062397907981, 47.69062397907981, 'SEARCH'
10, 13851, 47.67054807062062, 47.67054807062062, 'SEARCH'
10, 13852, 47.65679808614429, 47.65679808614429, 'SEARCH'
10, 13853, 47.65306623144039, 47.65306623144039, 'SEARCH'
10, 13854, 47.65655602512781, 47.65655602512781, 'SEARCH'
10, 13855, 47.628938281497646, 47.628938281497646, 'SEARCH'
10, 13856, 47.63525981702249, 47.63525981702249, 'SEARCH'
10, 13857, 47.622609848511466, 47.622609848511466, 'SEARCH'
10, 13858, 47.59621430590955, 47.59621430590955, 'SEARCH'
10, 13859, 47.581850130028975, 47.581850130028975, 'SEARCH'
10, 13860, 47.55442946884963, 47.55442946884963, 'SEARCH'
10, 13861, 47.53384995282773, 47.53384995282773, 'SEARCH'
10, 13862, 47.53150534356309, 47.53150534356309, 'SEARCH'
10, 13863, 47.527685115915205, 47.527685115915205, 'SEARCH'
10, 13864, 47.50947331539907, 47.50947331539907, 'SEARCH'
10, 13865, 47.509963035134746, 47.509963035134746, 'SEARCH'
10, 13866, 47.49139540935925, 47.49139540935925, 'SEARCH'
10, 13867, 47.47667077186941, 47.47667077186941, 'SEARCH'
10, 13868, 47.45666561405357, 47.45666561405357, 'SEARCH'
10, 13869, 47.435739671872334, 47.435739671872334, 'SEARCH'
10, 13870, 47.409462059744975, 47.409462059744975, 'SEARCH'
10, 13871, 47.39083470418175, 47.39083470418175, 'SEARCH'
10, 13872, 47.387048136400495, 47.387048136400495, 'SEARCH'
10, 13873, 47.363991510807224, 47.363991510807224, 'SEARCH'
10, 13874, 47.34499568256396, 47.34499568256396, 'SEARCH'
10, 13875, 47.34538464007831, 47.34538464007831, 'SEARCH'
10, 13876, 47.33760606881035, 47.33760606881035, 'SEARCH'
10, 13877, 47.324277573197456, 47.324277573197456, 'SEARCH'
10, 13878, 47.3068996830427, 47.3068996830427, 'SEARCH'
10, 13879, 47.290876448718876, 47.290876448718876, 'SEARCH'
10, 13880, 47.29004546857683, 47.29004546857683, 'SEARCH'
10, 13881, 47.2832212596589, 47.2832212596589, 'SEARCH'
10, 13882, 47.26757334606435, 47.26757334606435, 'SEARCH'
10, 13883, 47.2417562272869, 47.2417562272869, 'SEARCH'
10, 13884, 47.23533030712878, 47.23533030712878, 'SEARCH'
10, 13885, 47.22517663794743, 47.22517663794743, 'SEARCH'
10, 13886, 47.23119052163498, 47.23119052163498, 'SEARCH'
10, 13887, 47.20397633625784, 47.20397633625784, 'SEARCH'
10, 13888, 47.19423013616029, 47.19423013616029, 'SEARCH'
10, 13889, 47.19355035938496, 47.19355035938496, 'SEARCH'
10, 13890, 47.19039000199685, 47.19039000199685, 'SEARCH'
10, 13891, 47.195406255228065, 47.195406255228065, 'SEARCH'
10, 13892, 47.171268313471835, 47.171268313471835, 'SEARCH'
10, 13893, 47.15141438585009, 47.15141438585009, 'SEARCH'
10, 13894, 47.136833899627064, 47.136833899627064, 'SEARCH'
10, 13895, 47.1142794683761, 47.1142794683761, 'SEARCH'
10, 13896, 47.08883807290297, 47.08883807290297, 'SEARCH'
10, 13897, 47.06247524083789, 47.06247524083789, 'SEARCH'
10, 13898, 47.03908588633825, 47.03908588633825, 'SEARCH'
10, 13899, 47.016164945170715, 47.016164945170715, 'SEARCH'
10, 13900, 47.02116318392071, 47.02116318392071, 'SEARCH'
10, 13901, 46.99355318066651, 46.99355318066651, 'SEARCH'
10, 13902, 46.968651120507786, 46.968651120507786, 'SEARCH'
10, 13903, 46.974559224487805, 46.974559224487805, 'SEARCH'
10, 13904, 46.94894918512523, 46.94894918512523, 'SEARCH'
10, 13905, 46.92165912277663, 46.92165912277663, 'SEARCH'
10, 13906, 46.894047392301864, 46.894047392301864, 'SEARCH'
10, 13907, 46.889830867878295, 46.889830867878295, 'SEARCH'
10, 13908, 46.874380431523036, 46.874380431523036, 'SEARCH'
10, 13909, 46.84944708944902, 46.84944708944902, 'SEARCH'
10, 13910, 46.82759796760514, 46.82759796760514, 'SEARCH'
10, 13911, 46.830067202317586, 46.830067202317586, 'SEARCH'
10, 13912, 46.827662461428446, 46.827662461428446, 'SEARCH'
10, 13913, 46.799991709031005, 46.799991709031005, 'SEARCH'
10, 13914, 46.78567786467304, 46.78567786467304, 'SEARCH'
10, 13915, 46.7756916395316, 46.7756916395316, 'SEARCH'
10, 13916, 46.74973660234786, 46.74973660234786, 'SEARCH'
10, 13917, 46.723658076421934, 46.723658076421934, 'SEARCH'
10, 13918, 46.718889089987975, 46.718889089987975, 'SEARCH'
10, 13919, 46.708912807921365, 46.708912807921365, 'SEARCH'
10, 13920, 46.68124528562317, 46.68124528562317, 'SEARCH'
10, 13921, 46.688391265174054, 46.688391265174054, 'SEARCH'
10, 13922, 46.66429660267538, 46.66429660267538, 'SEARCH'
10, 13923, 46.66903186227876, 46.66903186227876, 'SEARCH'
10, 13924, 46.64767465629341, 46.64767465629341, 'SEARCH'
10, 13925, 46.63650410450477, 46.63650410450477, 'SEARCH'
10, 13926, 46.60884170762803, 46.60884170762803, 'SEARCH'
10, 13927, 46.591659841329715, 46.591659841329715, 'SEARCH'
10, 13928, 46.56754140519389, 46.56754140519389, 'SEARCH'
10, 13929, 46.56546654379526, 46.56546654379526, 'SEARCH'
10, 13930, 46.568201521466726, 46.568201521466726, 'SEARCH'
10, 13931, 46.540734862480015, 46.540734862480015, 'SEARCH'
10, 13932, 46.539968453295124, 46.539968453295124, 'SEARCH'
10, 13933, 46.531547141607476, 46.531547141607476, 'SEARCH'
10, 13934, 46.52754390130111, 46.52754390130111, 'SEARCH'
10, 13935, 46.52019023336065, 46.52019023336065, 'SEARCH'
10, 13936, 46.497600331947055, 46.497600331947055, 'SEARCH'
10, 13937, 46.48028777027008, 46.48028777027008, 'SEARCH'
10, 13938, 46.47142267997829, 46.47142267997829, 'SEARCH'
10, 13939, 46.45938664441418, 46.45938664441418, 'SEARCH'
10, 13940, 46.464086353480994, 46.464086353480994, 'SEARCH'
10, 13941, 46.44124168621416, 46.44124168621416, 'SEARCH'
10, 13942, 46.42585283904319, 46.42585283904319, 'SEARCH'
10, 13943, 46.39886557968169, 46.39886557968169, 'SEARCH'
10, 13944, 46.404495545421206, 46.404495545421206, 'SEARCH'
10, 13945, 46.402377203225605, 46.402377203225605, 'SEARCH'
10, 13946, 46.40119463371203, 46.40119463371203, 'SEARCH'
10, 13947, 46.401918521423916, 46.401918521423916, 'SEARCH'
10, 13948, 46.37431526328523, 46.37431526328523, 'SEARCH'
10, 13949, 46.34863822951354, 46.34863822951354, 'SEARCH'
10, 13950, 46.32424811994497, 46.32424811994497, 'SEARCH'
10, 13951, 46.29694024984925, 46.29694024984925, 'SEARCH'
10, 13952, 46.295712149856, 46.295712149856, 'SEARCH'
10, 13953, 46.296874867440074, 46.296874867440074, 'SEARCH'
10, 13954, 46.269773359558656, 46.269773359558656, 'SEARCH'
10, 13955, 46.2577505960985, 46.2577505960985, 'SEARCH'
10, 13956, 46.2551868260979, 46.2551868260979, 'SEARCH'
10, 13957, 46.25018971675952, 46.25018971675952, 'SEARCH'
10, 13958, 46.23570417125882, 46.23570417125882, 'SEARCH'
10, 13959, 46.23016295931161, 46.23016295931161, 'SEARCH'
10, 13960, 46.20285666254949, 46.20285666254949, 'SEARCH'
10, 13961, 46.19872611219669, 46.19872611219669, 'SEARCH'
10, 13962, 46.1872586909587, 46.1872586909587, 'SEARCH'
10, 13963, 46.175716244423306, 46.175716244423306, 'SEARCH'
10, 13964, 46.18261909604046, 46.18261909604046, 'SEARCH'
10, 13965, 46.15484326677969, 46.15484326677969, 'SEARCH'
10, 13966, 46.12953243373875, 46.12953243373875, 'SEARCH'
10, 13967, 46.10898991371903, 46.10898991371903, 'SEARCH'
10, 13968, 46.09626330495515, 46.09626330495515, 'SEARCH'
10, 13969, 46.09303797765352, 46.09303797765352, 'SEARCH'
10, 13970, 46.07471716943387, 46.07471716943387, 'SEARCH'
10, 13971, 46.07021781657933, 46.07021781657933, 'SEARCH'
10, 13972, 46.049773919615504, 46.049773919615504, 'SEARCH'
10, 13973, 46.02327332507846, 46.02327332507846, 'SEARCH'
10, 13974, 45.9986500956006, 45.9986500956006, 'SEARCH'
10, 13975, 46.0003300354765, 46.0003300354765, 'SEARCH'
10, 13976, 45.99771660635234, 45.99771660635234, 'SEARCH'
10, 13977, 45.995521393871904, 45.995521393871904, 'SEARCH'
10, 13978, 45.98440050144965, 45.98440050144965, 'SEARCH'
10, 13979, 45.966301439063805, 45.966301439063805, 'SEARCH'
10, 13980, 45.947253318674946, 45.947253318674946, 'SEARCH'
10, 13981, 45.921435435235374, 45.921435435235374, 'SEARCH'
10, 13982, 45.8941334005033, 45.8941334005033, 'SEARCH'
10, 13983, 45.86951643817699, 45.86951643817699, 'SEARCH'
10, 13984, 45.860271659369296, 45.860271659369296, 'SEARCH'
10, 13985, 45.84576068060062, 45.84576068060062, 'SEARCH'
10, 13986, 45.818158859192486, 45.818158859192486, 'SEARCH'
10, 13987, 45.809783911486, 45.809783911486, 'SEARCH'
10, 13988, 45.80184303507987, 45.80184303507987, 'SEARCH'
10, 13989, 45.77409552154447, 45.77409552154447, 'SEARCH'
10, 13990, 45.76721750144209, 45.76721750144209, 'SEARCH'
10, 13991, 45.75928396530872, 45.75928396530872, 'SEARCH'
10, 13992, 45.76138646569316, 45.76138646569316, 'SEARCH'
10, 13993, 45.73568093889196, 45.73568093889196, 'SEARCH'
10, 13994, 45.73458930962708, 45.73458930962708, 'SEARCH'
10, 13995, 45.723148795297206, 45.723148795297206, 'SEARCH'
10, 13996, 45.69537260296972, 45.69537260296972, 'SEARCH'
10, 13997, 45.694110742448515, 45.694110742448515, 'SEARCH'
10, 13998, 45.66829658046225, 45.66829658046225, 'SEARCH'
10, 13999, 45.673292042152745, 45.673292042152745, 'SEARCH'
10, 14000, 45.67585337393201, 45.67585337393201, 'SEARCH'
10, 14001, 45.67450654593056, 45.67450654593056, 'SEARCH'
10, 14002, 45.66692079346103, 45.66692079346103, 'SEARCH'
10, 14003, 45.66024177592048, 45.66024177592048, 'SEARCH'
10, 14004, 45.63527069000633, 45.63527069000633, 'SEARCH'
10, 14005, 45.60843207399682, 45.60843207399682, 'SEARCH'
10, 14006, 45.59665590555628, 45.59665590555628, 'SEARCH'
10, 14007, 45.57366780965209, 45.57366780965209, 'SEARCH'
10, 14008, 45.566423607555755, 45.566423607555755, 'SEARCH'
10, 14009, 45.556838237264515, 45.556838237264515, 'SEARCH'
10, 14010, 45.52920001281408, 45.52920001281408, 'SEARCH'
10, 14011, 45.50151687944008, 45.50151687944008, 'SEARCH'
10, 14012, 45.47418521001598, 45.47418521001598, 'SEARCH'
10, 14013, 45.45192020521666, 45.45192020521666, 'SEARCH'
10, 14014, 45.449173616127176, 45.449173616127176, 'SEARCH'
10, 14015, 45.435392580524436, 45.435392580524436, 'SEARCH'
10, 14016, 45.40853643814912, 45.40853643814912, 'SEARCH'
10, 14017, 45.38076120279883, 45.38076120279883, 'SEARCH'
10, 14018, 45.36374880852048, 45.36374880852048, 'SEARCH'
10, 14019, 45.35371158523589, 45.35371158523589, 'SEARCH'
10, 14020, 45.3454739124026, 45.3454739124026, 'SEARCH'
10, 14021, 45.32941425289043, 45.32941425289043, 'SEARCH'
10, 14022, 45.331053097043295, 45.331053097043295, 'SEARCH'
10, 14023, 45.30999014899535, 45.30999014899535, 'SEARCH'
10, 14024, 45.31546325116661, 45.31546325116661, 'SEARCH'
10, 14025, 45.3044790767893, 45.3044790767893, 'SEARCH'
10, 14026, 45.290022882363914, 45.290022882363914, 'SEARCH'
10, 14027, 45.27466096553851, 45.27466096553851, 'SEARCH'
10, 14028, 45.24693890137926, 45.24693890137926, 'SEARCH'
10, 14029, 45.226750571175266, 45.226750571175266, 'SEARCH'
10, 14030, 45.20059207187294, 45.20059207187294, 'SEARCH'
10, 14031, 45.174952696320666, 45.174952696320666, 'SEARCH'
10, 14032, 45.15839317753201, 45.15839317753201, 'SEARCH'
10, 14033, 45.13372130783351, 45.13372130783351, 'SEARCH'
10, 14034, 45.113297794733946, 45.113297794733946, 'SEARCH'
10, 14035, 45.087473878809426, 45.087473878809426, 'SEARCH'
10, 14036, 45.06221416368171, 45.06221416368171, 'SEARCH'
10, 14037, 45.059528890937706, 45.059528890937706, 'SEARCH'
10, 14038, 45.04665200850732, 45.04665200850732, 'SEARCH'
10, 14039, 45.022281496978025, 45.022281496978025, 'SEARCH'
10, 14040, 44.994533108508016, 44.994533108508016, 'SEARCH'
10, 14041, 44.98846193193928, 44.98846193193928, 'SEARCH'
10, 14042, 44.963779758749965, 44.963779758749965, 'SEARCH'
10, 14043, 44.93607950272431, 44.93607950272431, 'SEARCH'
10, 14044, 44.93427923354111, 44.93427923354111, 'SEARCH'
10, 14045, 44.938247403658195, 44.938247403658195, 'SEARCH'
10, 14046, 44.93240525553574, 44.93240525553574, 'SEARCH'
10, 14047, 44.90916517281894, 44.90916517281894, 'SEARCH'
10, 14048, 44.88344286627245, 44.88344286627245, 'SEARCH'
10, 14049, 44.87163322422824, 44.87163322422824, 'SEARCH'
10, 14050, 44.8565973381896, 44.8565973381896, 'SEARCH'
10, 14051, 44.85169162563587, 44.85169162563587, 'SEARCH'
10, 14052, 44.8260759939365, 44.8260759939365, 'SEARCH'
10, 14053, 44.80259118320603, 44.80259118320603, 'SEARCH'
10, 14054, 44.78539501763897, 44.78539501763897, 'SEARCH'
10, 14055, 44.76918917989877, 44.76918917989877, 'SEARCH'
10, 14056, 44.75777800765384, 44.75777800765384, 'SEARCH'
10, 14057, 44.7360919961293, 44.7360919961293, 'SEARCH'
10, 14058, 44.723212281907415, 44.723212281907415, 'SEARCH'
10, 14059, 44.70065003117429, 44.70065003117429, 'SEARCH'
10, 14060, 44.67718719254445, 44.67718719254445, 'SEARCH'
10, 14061, 44.649803910550716, 44.649803910550716, 'SEARCH'
10, 14062, 44.63134426113931, 44.63134426113931, 'SEARCH'
10, 14063, 44.63867568360899, 44.63867568360899, 'SEARCH'
10, 14064, 44.63348552436513, 44.63348552436513, 'SEARCH'
10, 14065, 44.606551889354, 44.606551889354, 'SEARCH'
10, 14066, 44.606625143618274, 44.606625143618274, 'SEARCH'
10, 14067, 44.58304816988602, 44.58304816988602, 'SEARCH'
10, 14068, 44.555289465741346, 44.555289465741346, 'SEARCH'
10, 14069, 44.53629954715695, 44.53629954715695, 'SEARCH'
10, 14070, 44.52447796412159, 44.52447796412159, 'SEARCH'
10, 14071, 44.51285147117726, 44.51285147117726, 'SEARCH'
10, 14072, 44.49260023291814, 44.49260023291814, 'SEARCH'
10, 14073, 44.47266893232978, 44.47266893232978, 'SEARCH'
10, 14074, 44.47213375047967, 44.47213375047967, 'SEARCH'
10, 14075, 44.44942895888747, 44.44942895888747, 'SEARCH'
10, 14076, 44.421750985060285, 44.421750985060285, 'SEARCH'
10, 14077, 44.415575918020714, 44.415575918020714, 'SEARCH'
10, 14078, 44.41513273307457, 44.41513273307457, 'SEARCH'
10, 14079, 44.40252727174552, 44.40252727174552, 'SEARCH'
10, 14080, 44.40780393260911, 44.40780393260911, 'SEARCH'
10, 14081, 44.40244504693279, 44.40244504693279, 'SEARCH'
10, 14082, 44.374781327201596, 44.374781327201596, 'SEARCH'
10, 14083, 44.37856088297498, 44.37856088297498, 'SEARCH'
10, 14084, 44.35883218850659, 44.35883218850659, 'SEARCH'
10, 14085, 44.33380215814593, 44.33380215814593, 'SEARCH'
10, 14086, 44.30728476567792, 44.30728476567792, 'SEARCH'
10, 14087, 44.28130074274605, 44.28130074274605, 'SEARCH'
10, 14088, 44.26712572723226, 44.26712572723226, 'SEARCH'
10, 14089, 44.240202487093434, 44.240202487093434, 'SEARCH'
10, 14090, 44.21242726243247, 44.21242726243247, 'SEARCH'
10, 14091, 44.195027896932864, 44.195027896932864, 'SEARCH'
10, 14092, 44.167323093058414, 44.167323093058414, 'SEARCH'
10, 14093, 44.14832874861154, 44.14832874861154, 'SEARCH'
10, 14094, 44.15162249272546, 44.15162249272546, 'SEARCH'
10, 14095, 44.12442530515417, 44.12442530515417, 'SEARCH'
10, 14096, 44.09919447278955, 44.09919447278955, 'SEARCH'
10, 14097, 44.08671220829638, 44.08671220829638, 'SEARCH'
10, 14098, 44.058978480958345, 44.058978480958345, 'SEARCH'
10, 14099, 44.03906950472755, 44.03906950472755, 'SEARCH'
10, 14100, 44.02553572901647, 44.02553572901647, 'SEARCH'
10, 14101, 44.007027967852466, 44.007027967852466, 'SEARCH'
10, 14102, 43.98548901294639, 43.98548901294639, 'SEARCH'
10, 14103, 43.957868778824526, 43.957868778824526, 'SEARCH'
10, 14104, 43.95444049278658, 43.95444049278658, 'SEARCH'
10, 14105, 43.943659657313496, 43.943659657313496, 'SEARCH'
10, 14106, 43.91588691301362, 43.91588691301362, 'SEARCH'
10, 14107, 43.90551783657499, 43.90551783657499, 'SEARCH'
10, 14108, 43.90164771384937, 43.90164771384937, 'SEARCH'
10, 14109, 43.88169377152707, 43.88169377152707, 'SEARCH'
10, 14110, 43.85402272056634, 43.85402272056634, 'SEARCH'
10, 14111, 43.84729810837037, 43.84729810837037, 'SEARCH'
10, 14112, 43.825686013688504, 43.825686013688504, 'SEARCH'
10, 14113, 43.82368911587601, 43.82368911587601, 'SEARCH'
10, 14114, 43.80411502707203, 43.80411502707203, 'SEARCH'
10, 14115, 43.778334896876096, 43.778334896876096, 'SEARCH'
10, 14116, 43.75448503481839, 43.75448503481839, 'SEARCH'
10, 14117, 43.73265311034867, 43.73265311034867, 'SEARCH'
10, 14118, 43.71627150924163, 43.71627150924163, 'SEARCH'
10, 14119, 43.69909532988248, 43.69909532988248, 'SEARCH'
10, 14120, 43.671393943911454, 43.671393943911454, 'SEARCH'
10, 14121, 43.64479656738433, 43.64479656738433, 'SEARCH'
10, 14122, 43.64177173662853, 43.64177173662853, 'SEARCH'
10, 14123, 43.62531653180537, 43.62531653180537, 'SEARCH'
10, 14124, 43.60723346219302, 43.60723346219302, 'SEARCH'
10, 14125, 43.59039246066417, 43.59039246066417, 'SEARCH'
10, 14126, 43.563368324310254, 43.563368324310254, 'SEARCH'
10, 14127, 43.56111733499191, 43.56111733499191, 'SEARCH'
10, 14128, 43.54279310032133, 43.54279310032133, 'SEARCH'
10, 14129, 43.54602072418985, 43.54602072418985, 'SEARCH'
10, 14130, 43.53624941332492, 43.53624941332492, 'SEARCH'
10, 14131, 43.51286624257919, 43.51286624257919, 'SEARCH'
10, 14132, 43.49718667100831, 43.49718667100831, 'SEARCH'
10, 14133, 43.48886873259312, 43.48886873259312, 'SEARCH'
10, 14134, 43.48005264204372, 43.48005264204372, 'SEARCH'
10, 14135, 43.455857050988506, 43.455857050988506, 'SEARCH'
10, 14136, 43.44483596965134, 43.44483596965134, 'SEARCH'
10, 14137, 43.43378473880139, 43.43378473880139, 'SEARCH'
10, 14138, 43.40603363871273, 43.40603363871273, 'SEARCH'
10, 14139, 43.39235499956609, 43.39235499956609, 'SEARCH'
10, 14140, 43.39974832060204, 43.39974832060204, 'SEARCH'
10, 14141, 43.372091974717975, 43.372091974717975, 'SEARCH'
10, 14142, 43.34448512143359, 43.34448512143359, 'SEARCH'
10, 14143, 43.31684190987872, 43.31684190987872, 'SEARCH'
10, 14144, 43.29269576753533, 43.29269576753533, 'SEARCH'
10, 14145, 43.28815048142474, 43.28815048142474, 'SEARCH'
10, 14146, 43.28645683164493, 43.28645683164493, 'SEARCH'
10, 14147, 43.26731000156423, 43.26731000156423, 'SEARCH'
10, 14148, 43.24969178453502, 43.24969178453502, 'SEARCH'
10, 14149, 43.231681025218855, 43.231681025218855, 'SEARCH'
10, 14150, 43.23864798602288, 43.23864798602288, 'SEARCH'
10, 14151, 43.227594674092614, 43.227594674092614, 'SEARCH'
10, 14152, 43.2114550988389, 43.2114550988389, 'SEARCH'
10, 14153, 43.18415049391498, 43.18415049391498, 'SEARCH'
10, 14154, 43.18877515685855, 43.18877515685855, 'SEARCH'
10, 14155, 43.16275740187915, 43.16275740187915, 'SEARCH'
10, 14156, 43.15395025112506, 43.15395025112506, 'SEARCH'
10, 14157, 43.12811628737086, 43.12811628737086, 'SEARCH'
10, 14158, 43.100365799545216, 43.100365799545216, 'SEARCH'
10, 14159, 43.07957564020603, 43.07957564020603, 'SEARCH'
10, 14160, 43.064244985654824, 43.064244985654824, 'SEARCH'
10, 14161, 43.055399980604975, 43.055399980604975, 'SEARCH'
10, 14162, 43.03095507644074, 43.03095507644074, 'SEARCH'
10, 14163, 43.03419042732337, 43.03419042732337, 'SEARCH'
10, 14164, 43.01648064853569, 43.01648064853569, 'SEARCH'
10, 14165, 43.01085948133212, 43.01085948133212, 'SEARCH'
10, 14166, 42.98348323764043, 42.98348323764043, 'SEARCH'
10, 14167, 42.98336120557843, 42.98336120557843, 'SEARCH'
10, 14168, 42.98850406681799, 42.98850406681799, 'SEARCH'
10, 14169, 42.98676446932005, 42.98676446932005, 'SEARCH'
10, 14170, 42.97218052690822, 42.97218052690822, 'SEARCH'
10, 14171, 42.969401874546435, 42.969401874546435, 'SEARCH'
10, 14172, 42.9632381660446, 42.9632381660446, 'SEARCH'
10, 14173, 42.93549593673425, 42.93549593673425, 'SEARCH'
10, 14174, 42.913938132361196, 42.913938132361196, 'SEARCH'
10, 14175, 42.887230992667234, 42.887230992667234, 'SEARCH'
10, 14176, 42.86318794757748, 42.86318794757748, 'SEARCH'
10, 14177, 42.839379651755294, 42.839379651755294, 'SEARCH'
10, 14178, 42.83505358405623, 42.83505358405623, 'SEARCH'
10, 14179, 42.80864085286527, 42.80864085286527, 'SEARCH'
10, 14180, 42.784583571067806, 42.784583571067806, 'SEARCH'
10, 14181, 42.76183957245947, 42.76183957245947, 'SEARCH'
10, 14182, 42.74152941440632, 42.74152941440632, 'SEARCH'
10, 14183, 42.726413753844504, 42.726413753844504, 'SEARCH'
10, 14184, 42.711677732217865, 42.711677732217865, 'SEARCH'
10, 14185, 42.70690726531334, 42.70690726531334, 'SEARCH'
10, 14186, 42.68833255037271, 42.68833255037271, 'SEARCH'
10, 14187, 42.66358673187863, 42.66358673187863, 'SEARCH'
10, 14188, 42.645740444414756, 42.645740444414756, 'SEARCH'
10, 14189, 42.62143794750154, 42.62143794750154, 'SEARCH'
10, 14190, 42.61898630210141, 42.61898630210141, 'SEARCH'
10, 14191, 42.59320536095289, 42.59320536095289, 'SEARCH'
10, 14192, 42.58941865427246, 42.58941865427246, 'SEARCH'
10, 14193, 42.58511357453081, 42.58511357453081, 'SEARCH'
10, 14194, 42.57250122003706, 42.57250122003706, 'SEARCH'
10, 14195, 42.55467251052388, 42.55467251052388, 'SEARCH'
10, 14196, 42.53572960639251, 42.53572960639251, 'SEARCH'
10, 14197, 42.510341430778254, 42.510341430778254, 'SEARCH'
10, 14198, 42.517109003872385, 42.517109003872385, 'SEARCH'
10, 14199, 42.489369822465584, 42.489369822465584, 'SEARCH'
10, 14200, 42.46531961978072, 42.46531961978072, 'SEARCH'
10, 14201, 42.454024963153024, 42.454024963153024, 'SEARCH'
10, 14202, 42.438119809574424, 42.438119809574424, 'SEARCH'
10, 14203, 42.42218402318255, 42.42218402318255, 'SEARCH'
10, 14204, 42.40362557577435, 42.40362557577435, 'SEARCH'
10, 14205, 42.38972639658437, 42.38972639658437, 'SEARCH'
10, 14206, 42.36564615533144, 42.36564615533144, 'SEARCH'
10, 14207, 42.352542352384184, 42.352542352384184, 'SEARCH'
10, 14208, 42.3480902472055, 42.3480902472055, 'SEARCH'
10, 14209, 42.34503987766928, 42.34503987766928, 'SEARCH'
10, 14210, 42.34533739504069, 42.34533739504069, 'SEARCH'
10, 14211, 42.324543528709036, 42.324543528709036, 'SEARCH'
10, 14212, 42.32528436221303, 42.32528436221303, 'SEARCH'
10, 14213, 42.30722451051831, 42.30722451051831, 'SEARCH'
10, 14214, 42.27944830253553, 42.27944830253553, 'SEARCH'
10, 14215, 42.263356817255286, 42.263356817255286, 'SEARCH'
10, 14216, 42.25638898786006, 42.25638898786006, 'SEARCH'
10, 14217, 42.25571226229189, 42.25571226229189, 'SEARCH'
10, 14218, 42.257397311166706, 42.257397311166706, 'SEARCH'
10, 14219, 42.25672068545581, 42.25672068545581, 'SEARCH'
10, 14220, 42.230539828669635, 42.230539828669635, 'SEARCH'
10, 14221, 42.2221931939564, 42.2221931939564, 'SEARCH'
10, 14222, 42.22343464433667, 42.22343464433667, 'SEARCH'
10, 14223, 42.22754991446785, 42.22754991446785, 'SEARCH'
10, 14224, 42.20066452558009, 42.20066452558009, 'SEARCH'
10, 14225, 42.17698843242599, 42.17698843242599, 'SEARCH'
10, 14226, 42.17145888835447, 42.17145888835447, 'SEARCH'
10, 14227, 42.168767234009536, 42.168767234009536, 'SEARCH'
10, 14228, 42.14240324220806, 42.14240324220806, 'SEARCH'
10, 14229, 42.12479378510809, 42.12479378510809, 'SEARCH'
10, 14230, 42.10302777551205, 42.10302777551205, 'SEARCH'
10, 14231, 42.08940553295062, 42.08940553295062, 'SEARCH'
10, 14232, 42.06830104428553, 42.06830104428553, 'SEARCH'
10, 14233, 42.043023571353686, 42.043023571353686, 'SEARCH'
10, 14234, 42.03703341834481, 42.03703341834481, 'SEARCH'
10, 14235, 42.00934005934632, 42.00934005934632, 'SEARCH'
10, 14236, 41.98222377677555, 41.98222377677555, 'SEARCH'
10, 14237, 41.96531447577406, 41.96531447577406, 'SEARCH'
10, 14238, 41.93841306430444, 41.93841306430444, 'SEARCH'
10, 14239, 41.92818762714638, 41.92818762714638, 'SEARCH'
10, 14240, 41.921787979310004, 41.921787979310004, 'SEARCH'
10, 14241, 41.92401650453442, 41.92401650453442, 'SEARCH'
10, 14242, 41.89641629427406, 41.89641629427406, 'SEARCH'
10, 14243, 41.86978750254803, 41.86978750254803, 'SEARCH'
10, 14244, 41.87342398372842, 41.87342398372842, 'SEARCH'
10, 14245, 41.84588775058832, 41.84588775058832, 'SEARCH'
10, 14246, 41.83304372512668, 41.83304372512668, 'SEARCH'
10, 14247, 41.81157560068348, 41.81157560068348, 'SEARCH'
10, 14248, 41.78393308306807, 41.78393308306807, 'SEARCH'
10, 14249, 41.78313857025221, 41.78313857025221, 'SEARCH'
10, 14250, 41.758909104158064, 41.758909104158064, 'SEARCH'
10, 14251, 41.741714099516564, 41.741714099516564, 'SEARCH'
10, 14252, 41.71393829998279, 41.71393829998279, 'SEARCH'
10, 14253, 41.699352796732306, 41.699352796732306, 'SEARCH'
10, 14254, 41.699963529405174, 41.699963529405174, 'SEARCH'
10, 14255, 41.698594744270466, 41.698594744270466, 'SEARCH'
10, 14256, 41.67404752753127, 41.67404752753127, 'SEARCH'
10, 14257, 41.64723381641788, 41.64723381641788, 'SEARCH'
10, 14258, 41.653541986524125, 41.653541986524125, 'SEARCH'
10, 14259, 41.6307761355965, 41.6307761355965, 'SEARCH'
10, 14260, 41.60372097984345, 41.60372097984345, 'SEARCH'
10, 14261, 41.610951222675205, 41.610951222675205, 'SEARCH'
10, 14262, 41.589061081476906, 41.589061081476906, 'SEARCH'
10, 14263, 41.57691127570352, 41.57691127570352, 'SEARCH'
10, 14264, 41.57401249095765, 41.57401249095765, 'SEARCH'
10, 14265, 41.5492789012427, 41.5492789012427, 'SEARCH'
10, 14266, 41.5478034802869, 41.5478034802869, 'SEARCH'
10, 14267, 41.54835123935326, 41.54835123935326, 'SEARCH'
10, 14268, 41.52058963181245, 41.52058963181245, 'SEARCH'
10, 14269, 41.49285137725599, 41.49285137725599, 'SEARCH'
10, 14270, 41.48704699769593, 41.48704699769593, 'SEARCH'
10, 14271, 41.46951077284956, 41.46951077284956, 'SEARCH'
10, 14272, 41.473001027748374, 41.473001027748374, 'SEARCH'
10, 14273, 41.46164409082474, 41.46164409082474, 'SEARCH'
10, 14274, 41.43406090678637, 41.43406090678637, 'SEARCH'
10, 14275, 41.41519942557697, 41.41519942557697, 'SEARCH'
10, 14276, 41.38959643142295, 41.38959643142295, 'SEARCH'
10, 14277, 41.38728110613436, 41.38728110613436, 'SEARCH'
10, 14278, 41.36272429051583, 41.36272429051583, 'SEARCH'
10, 14279, 41.3407807542683, 41.3407807542683, 'SEARCH'
10, 14280, 41.34235186500834, 41.34235186500834, 'SEARCH'
10, 14281, 41.33430289094197, 41.33430289094197, 'SEARCH'
10, 14282, 41.31299997347379, 41.31299997347379, 'SEARCH'
10, 14283, 41.28591906643101, 41.28591906643101, 'SEARCH'
10, 14284, 41.27323608983663, 41.27323608983663, 'SEARCH'
10, 14285, 41.25473862843974, 41.25473862843974, 'SEARCH'
10, 14286, 41.23351892195928, 41.23351892195928, 'SEARCH'
10, 14287, 41.22592825002447, 41.22592825002447, 'SEARCH'
10, 14288, 41.21159634113525, 41.21159634113525, 'SEARCH'
10, 14289, 41.21696303061688, 41.21696303061688, 'SEARCH'
10, 14290, 41.2026343607159, 41.2026343607159, 'SEARCH'
10, 14291, 41.1819487209984, 41.1819487209984, 'SEARCH'
10, 14292, 41.17073759981402, 41.17073759981402, 'SEARCH'
10, 14293, 41.14401975876697, 41.14401975876697, 'SEARCH'
10, 14294, 41.1301954946132, 41.1301954946132, 'SEARCH'
10, 14295, 41.106406087023636, 41.106406087023636, 'SEARCH'
10, 14296, 41.08511267185788, 41.08511267185788, 'SEARCH'
10, 14297, 41.0831221903901, 41.0831221903901, 'SEARCH'
10, 14298, 41.055971403659136, 41.055971403659136, 'SEARCH'
10, 14299, 41.03856100837365, 41.03856100837365, 'SEARCH'
10, 14300, 41.01478218412398, 41.01478218412398, 'SEARCH'
10, 14301, 40.987522964155346, 40.987522964155346, 'SEARCH'
10, 14302, 40.970452082235255, 40.970452082235255, 'SEARCH'
10, 14303, 40.94301498524658, 40.94301498524658, 'SEARCH'
10, 14304, 40.938210579191896, 40.938210579191896, 'SEARCH'
10, 14305, 40.918243981864784, 40.918243981864784, 'SEARCH'
10, 14306, 40.89088628056097, 40.89088628056097, 'SEARCH'
10, 14307, 40.8663491920969, 40.8663491920969, 'SEARCH'
10, 14308, 40.85818285506361, 40.85818285506361, 'SEARCH'
10, 14309, 40.85567308270204, 40.85567308270204, 'SEARCH'
10, 14310, 40.83593805574099, 40.83593805574099, 'SEARCH'
10, 14311, 40.82537905914561, 40.82537905914561, 'SEARCH'
10, 14312, 40.799372863379084, 40.799372863379084, 'SEARCH'
10, 14313, 40.777033987415656, 40.777033987415656, 'SEARCH'
10, 14314, 40.77344551665482, 40.77344551665482, 'SEARCH'
10, 14315, 40.74778432140198, 40.74778432140198, 'SEARCH'
10, 14316, 40.75520148544304, 40.75520148544304, 'SEARCH'
10, 14317, 40.72807158628168, 40.72807158628168, 'SEARCH'
10, 14318, 40.72933671463907, 40.72933671463907, 'SEARCH'
10, 14319, 40.70491996678663, 40.70491996678663, 'SEARCH'
10, 14320, 40.712783348315305, 40.712783348315305, 'SEARCH'
10, 14321, 40.69739370847742, 40.69739370847742, 'SEARCH'
10, 14322, 40.670870816524726, 40.670870816524726, 'SEARCH'
10, 14323, 40.643673065577815, 40.643673065577815, 'SEARCH'
10, 14324, 40.61954479153746, 40.61954479153746, 'SEARCH'
10, 14325, 40.600023697806066, 40.600023697806066, 'SEARCH'
10, 14326, 40.572990351867546, 40.572990351867546, 'SEARCH'
10, 14327, 40.553445977607225, 40.553445977607225, 'SEARCH'
10, 14328, 40.54709018760434, 40.54709018760434, 'SEARCH'
10, 14329, 40.52540659211056, 40.52540659211056, 'SEARCH'
10, 14330, 40.498382819874415, 40.498382819874415, 'SEARCH'
10, 14331, 40.48381494389736, 40.48381494389736, 'SEARCH'
10, 14332, 40.459930675778715, 40.459930675778715, 'SEARCH'
10, 14333, 40.44413826090983, 40.44413826090983, 'SEARCH'
10, 14334, 40.450048186814826, 40.450048186814826, 'SEARCH'
10, 14335, 40.42504063807865, 40.42504063807865, 'SEARCH'
10, 14336, 40.397894499231775, 40.397894499231775, 'SEARCH'
10, 14337, 40.37129775235664, 40.37129775235664, 'SEARCH'
10, 14338, 40.35771732496666, 40.35771732496666, 'SEARCH'
10, 14339, 40.330806445911726, 40.330806445911726, 'SEARCH'
10, 14340, 40.32534486920896, 40.32534486920896, 'SEARCH'
10, 14341, 40.29988450573484, 40.29988450573484, 'SEARCH'
10, 14342, 40.28837591359389, 40.28837591359389, 'SEARCH'
10, 14343, 40.26189294853059, 40.26189294853059, 'SEARCH'
10, 14344, 40.23477838009687, 40.23477838009687, 'SEARCH'
10, 14345, 40.21788209033662, 40.21788209033662, 'SEARCH'
10, 14346, 40.20419086227055, 40.20419086227055, 'SEARCH'
10, 14347, 40.19441534786782, 40.19441534786782, 'SEARCH'
10, 14348, 40.19087936938733, 40.19087936938733, 'SEARCH'
10, 14349, 40.18065608129554, 40.18065608129554, 'SEARCH'
10, 14350, 40.18129792500627, 40.18129792500627, 'SEARCH'
10, 14351, 40.17947259933282, 40.17947259933282, 'SEARCH'
10, 14352, 40.15191032151638, 40.15191032151638, 'SEARCH'
10, 14353, 40.157277162916884, 40.157277162916884, 'SEARCH'
10, 14354, 40.15972136835041, 40.15972136835041, 'SEARCH'
10, 14355, 40.13200977028206, 40.13200977028206, 'SEARCH'
10, 14356, 40.13053617019874, 40.13053617019874, 'SEARCH'
10, 14357, 40.135773477688815, 40.135773477688815, 'SEARCH'
10, 14358, 40.13469538519215, 40.13469538519215, 'SEARCH'
10, 14359, 40.130677905064516, 40.130677905064516, 'SEARCH'
10, 14360, 40.11789219760474, 40.11789219760474, 'SEARCH'
10, 14361, 40.09371162761081, 40.09371162761081, 'SEARCH'
10, 14362, 40.08766628462754, 40.08766628462754, 'SEARCH'
10, 14363, 40.0609198681629, 40.0609198681629, 'SEARCH'
10, 14364, 40.05832789464686, 40.05832789464686, 'SEARCH'
10, 14365, 40.032473250066374, 40.032473250066374, 'SEARCH'
10, 14366, 40.0058260578396, 40.0058260578396, 'SEARCH'
10, 14367, 39.98640199522035, 39.98640199522035, 'SEARCH'
10, 14368, 39.97233375035183, 39.97233375035183, 'SEARCH'
10, 14369, 39.94570036763012, 39.94570036763012, 'SEARCH'
10, 14370, 39.94350577372253, 39.94350577372253, 'SEARCH'
10, 14371, 39.91627363884063, 39.91627363884063, 'SEARCH'
10, 14372, 39.897206283326675, 39.897206283326675, 'SEARCH'
10, 14373, 39.89740469797918, 39.89740469797918, 'SEARCH'
10, 14374, 39.87010845437342, 39.87010845437342, 'SEARCH'
10, 14375, 39.846217673161505, 39.846217673161505, 'SEARCH'
10, 14376, 39.82077015182201, 39.82077015182201, 'SEARCH'
10, 14377, 39.811546624927736, 39.811546624927736, 'SEARCH'
10, 14378, 39.798301390086074, 39.798301390086074, 'SEARCH'
10, 14379, 39.787696678536385, 39.787696678536385, 'SEARCH'
10, 14380, 39.764524202051405, 39.764524202051405, 'SEARCH'
10, 14381, 39.76578091416463, 39.76578091416463, 'SEARCH'
10, 14382, 39.73928896941972, 39.73928896941972, 'SEARCH'
10, 14383, 39.72053532288017, 39.72053532288017, 'SEARCH'
10, 14384, 39.69434634976092, 39.69434634976092, 'SEARCH'
10, 14385, 39.69601760486349, 39.69601760486349, 'SEARCH'
10, 14386, 39.69618944251422, 39.69618944251422, 'SEARCH'
10, 14387, 39.67861058495901, 39.67861058495901, 'SEARCH'
10, 14388, 39.68359574750503, 39.68359574750503, 'SEARCH'
10, 14389, 39.663032181494465, 39.663032181494465, 'SEARCH'
10, 14390, 39.63535236186515, 39.63535236186515, 'SEARCH'
10, 14391, 39.634769022606235, 39.634769022606235, 'SEARCH'
10, 14392, 39.62913525758428, 39.62913525758428, 'SEARCH'
10, 14393, 39.60689062912111, 39.60689062912111, 'SEARCH'
10, 14394, 39.57974748825858, 39.57974748825858, 'SEARCH'
10, 14395, 39.561618727476, 39.561618727476, 'SEARCH'
10, 14396, 39.53801240518463, 39.53801240518463, 'SEARCH'
10, 14397, 39.51969702619538, 39.51969702619538, 'SEARCH'
10, 14398, 39.51034614287464, 39.51034614287464, 'SEARCH'
10, 14399, 39.50326974197103, 39.50326974197103, 'SEARCH'
10, 14400, 39.494755565171324, 39.494755565171324, 'SEARCH'
10, 14401, 39.47092977682827, 39.47092977682827, 'SEARCH'
10, 14402, 39.45090806715197, 39.45090806715197, 'SEARCH'
10, 14403, 39.44839447421584, 39.44839447421584, 'SEARCH'
10, 14404, 39.42073492285465, 39.42073492285465, 'SEARCH'
10, 14405, 39.415297628258024, 39.415297628258024, 'SEARCH'
10, 14406, 39.3947797849518, 39.3947797849518, 'SEARCH'
10, 14407, 39.40212171989456, 39.40212171989456, 'SEARCH'
10, 14408, 39.40200983706918, 39.40200983706918, 'SEARCH'
10, 14409, 39.39420096611325, 39.39420096611325, 'SEARCH'
10, 14410, 39.36784665130901, 39.36784665130901, 'SEARCH'
10, 14411, 39.34216483854063, 39.34216483854063, 'SEARCH'
10, 14412, 39.31470143360483, 39.31470143360483, 'SEARCH'
10, 14413, 39.287096513296696, 39.287096513296696, 'SEARCH'
10, 14414, 39.28066210623326, 39.28066210623326, 'SEARCH'
10, 14415, 39.2823627733573, 39.2823627733573, 'SEARCH'
10, 14416, 39.26580641611144, 39.26580641611144, 'SEARCH'
10, 14417, 39.256914519825855, 39.256914519825855, 'SEARCH'
10, 14418, 39.250554628937444, 39.250554628937444, 'SEARCH'
10, 14419, 39.25378211194477, 39.25378211194477, 'SEARCH'
10, 14420, 39.242229870059184, 39.242229870059184, 'SEARCH'
10, 14421, 39.22105499380647, 39.22105499380647, 'SEARCH'
10, 14422, 39.19693528460436, 39.19693528460436, 'SEARCH'
10, 14423, 39.197758108339954, 39.197758108339954, 'SEARCH'
10, 14424, 39.17036932094417, 39.17036932094417, 'SEARCH'
10, 14425, 39.16059909101878, 39.16059909101878, 'SEARCH'
10, 14426, 39.135699328563476, 39.135699328563476, 'SEARCH'
10, 14427, 39.10792386582764, 39.10792386582764, 'SEARCH'
10, 14428, 39.09763137147999, 39.09763137147999, 'SEARCH'
10, 14429, 39.09240593499832, 39.09240593499832, 'SEARCH'
10, 14430, 39.069361085921734, 39.069361085921734, 'SEARCH'
10, 14431, 39.047207560996746, 39.047207560996746, 'SEARCH'
10, 14432, 39.020795044642284, 39.020795044642284, 'SEARCH'
10, 14433, 39.02176546461361, 39.02176546461361, 'SEARCH'
10, 14434, 39.01140313063633, 39.01140313063633, 'SEARCH'
10, 14435, 38.98457166950654, 38.98457166950654, 'SEARCH'
10, 14436, 38.99175313044546, 38.99175313044546, 'SEARCH'
10, 14437, 38.978663150640806, 38.978663150640806, 'SEARCH'
10, 14438, 38.95147269490338, 38.95147269490338, 'SEARCH'
10, 14439, 38.955718804237364, 38.955718804237364, 'SEARCH'
10, 14440, 38.929255039287234, 38.929255039287234, 'SEARCH'
10, 14441, 38.92571243973058, 38.92571243973058, 'SEARCH'
10, 14442, 38.89985402677734, 38.89985402677734, 'SEARCH'
10, 14443, 38.88872379346652, 38.88872379346652, 'SEARCH'
10, 14444, 38.87151380237164, 38.87151380237164, 'SEARCH'
10, 14445, 38.867477154625504, 38.867477154625504, 'SEARCH'
10, 14446, 38.84484950847698, 38.84484950847698, 'SEARCH'
10, 14447, 38.82307634825537, 38.82307634825537, 'SEARCH'
10, 14448, 38.79531054579465, 38.79531054579465, 'SEARCH'
10, 14449, 38.77142315368716, 38.77142315368716, 'SEARCH'
10, 14450, 38.749943868382104, 38.749943868382104, 'SEARCH'
10, 14451, 38.7312555762961, 38.7312555762961, 'SEARCH'
10, 14452, 38.72659885013885, 38.72659885013885, 'SEARCH'
10, 14453, 38.708651406915145, 38.708651406915145, 'SEARCH'
10, 14454, 38.68727336626037, 38.68727336626037, 'SEARCH'
10, 14455, 38.666111762552774, 38.666111762552774, 'SEARCH'
10, 14456, 38.65831426754742, 38.65831426754742, 'SEARCH'
10, 14457, 38.64954791120465, 38.64954791120465, 'SEARCH'
10, 14458, 38.62750702573034, 38.62750702573034, 'SEARCH'
10, 14459, 38.610952897872885, 38.610952897872885, 'SEARCH'
10, 14460, 38.59636997552772, 38.59636997552772, 'SEARCH'
10, 14461, 38.575648904757486, 38.575648904757486, 'SEARCH'
10, 14462, 38.557170740365216, 38.557170740365216, 'SEARCH'
10, 14463, 38.53049847592339, 38.53049847592339, 'SEARCH'
10, 14464, 38.524637476446216, 38.524637476446216, 'SEARCH'
10, 14465, 38.51825770897841, 38.51825770897841, 'SEARCH'
10, 14466, 38.50026388902438, 38.50026388902438, 'SEARCH'
10, 14467, 38.47440923781967, 38.47440923781967, 'SEARCH'
10, 14468, 38.44738754709197, 38.44738754709197, 'SEARCH'
10, 14469, 38.44575690020673, 38.44575690020673, 'SEARCH'
10, 14470, 38.42700241732003, 38.42700241732003, 'SEARCH'
10, 14471, 38.428196919713564, 38.428196919713564, 'SEARCH'
10, 14472, 38.40526670567817, 38.40526670567817, 'SEARCH'
10, 14473, 38.386079790192134, 38.386079790192134, 'SEARCH'
10, 14474, 38.37924474517858, 38.37924474517858, 'SEARCH'
10, 14475, 38.36648451615479, 38.36648451615479, 'SEARCH'
10, 14476, 38.36718351810484, 38.36718351810484, 'SEARCH'
10, 14477, 38.36701912861905, 38.36701912861905, 'SEARCH'
10, 14478, 38.37205347537851, 38.37205347537851, 'SEARCH'
10, 14479, 38.355859393475164, 38.355859393475164, 'SEARCH'
10, 14480, 38.36175852575254, 38.36175852575254, 'SEARCH'
10, 14481, 38.33494728038474, 38.33494728038474, 'SEARCH'
10, 14482, 38.33294149244497, 38.33294149244497, 'SEARCH'
10, 14483, 38.313383526704875, 38.313383526704875, 'SEARCH'
10, 14484, 38.287847723611534, 38.287847723611534, 'SEARCH'
10, 14485, 38.27157752094734, 38.27157752094734, 'SEARCH'
10, 14486, 38.249085673187956, 38.249085673187956, 'SEARCH'
10, 14487, 38.23431003877086, 38.23431003877086, 'SEARCH'
10, 14488, 38.22537114038389, 38.22537114038389, 'SEARCH'
10, 14489, 38.20314806057815, 38.20314806057815, 'SEARCH'
10, 14490, 38.17725066994716, 38.17725066994716, 'SEARCH'
10, 14491, 38.178304413440024, 38.178304413440024, 'SEARCH'
10, 14492, 38.15736244954892, 38.15736244954892, 'SEARCH'
10, 14493, 38.133803442001415, 38.133803442001415, 'SEARCH'
10, 14494, 38.130383885428145, 38.130383885428145, 'SEARCH'
10, 14495, 38.10262018259808, 38.10262018259808, 'SEARCH'
10, 14496, 38.088652113768916, 38.088652113768916, 'SEARCH'
10, 14497, 38.09550566032263, 38.09550566032263, 'SEARCH'
10, 14498, 38.07029363737339, 38.07029363737339, 'SEARCH'
10, 14499, 38.06798511501717, 38.06798511501717, 'SEARCH'
10, 14500, 38.059341745899594, 38.059341745899594, 'SEARCH'
10, 14501, 38.03464278125434, 38.03464278125434, 'SEARCH'
10, 14502, 38.03164651817017, 38.03164651817017, 'SEARCH'
10, 14503, 38.004058574942796, 38.004058574942796, 'SEARCH'
10, 14504, 38.0039036027757, 38.0039036027757, 'SEARCH'
10, 14505, 37.99558541694072, 37.99558541694072, 'SEARCH'
10, 14506, 37.97544553761103, 37.97544553761103, 'SEARCH'
10, 14507, 37.96757339921557, 37.96757339921557, 'SEARCH'
10, 14508, 37.94018195197457, 37.94018195197457, 'SEARCH'
10, 14509, 37.9394836725271, 37.9394836725271, 'SEARCH'
10, 14510, 37.91285609443509, 37.91285609443509, 'SEARCH'
10, 14511, 37.90496953181481, 37.90496953181481, 'SEARCH'
10, 14512, 37.877200064988195, 37.877200064988195, 'SEARCH'
10, 14513, 37.857013647577695, 37.857013647577695, 'SEARCH'
10, 14514, 37.85138455006924, 37.85138455006924, 'SEARCH'
10, 14515, 37.83181211584819, 37.83181211584819, 'SEARCH'
10, 14516, 37.81663482314404, 37.81663482314404, 'SEARCH'
10, 14517, 37.8189581238913, 37.8189581238913, 'SEARCH'
10, 14518, 37.8250606602152, 37.8250606602152, 'SEARCH'
10, 14519, 37.821475722699894, 37.821475722699894, 'SEARCH'
10, 14520, 37.80821309146104, 37.80821309146104, 'SEARCH'
10, 14521, 37.78159412911607, 37.78159412911607, 'SEARCH'
10, 14522, 37.77235273209003, 37.77235273209003, 'SEARCH'
10, 14523, 37.753599279667526, 37.753599279667526, 'SEARCH'
10, 14524, 37.72725147572953, 37.72725147572953, 'SEARCH'
10, 14525, 37.70998212312953, 37.70998212312953, 'SEARCH'
10, 14526, 37.68709809658268, 37.68709809658268, 'SEARCH'
10, 14527, 37.663169327953476, 37.663169327953476, 'SEARCH'
10, 14528, 37.66825128581766, 37.66825128581766, 'SEARCH'
10, 14529, 37.6680408495652, 37.6680408495652, 'SEARCH'
10, 14530, 37.640273126408566, 37.640273126408566, 'SEARCH'
10, 14531, 37.622251045241306, 37.622251045241306, 'SEARCH'
10, 14532, 37.597833430331896, 37.597833430331896, 'SEARCH'
10, 14533, 37.58951216051687, 37.58951216051687, 'SEARCH'
10, 14534, 37.56173560606906, 37.56173560606906, 'SEARCH'
10, 14535, 37.546020966977714, 37.546020966977714, 'SEARCH'
10, 14536, 37.52990463114335, 37.52990463114335, 'SEARCH'
10, 14537, 37.51297221937518, 37.51297221937518, 'SEARCH'
10, 14538, 37.51265674021164, 37.51265674021164, 'SEARCH'
10, 14539, 37.488786678744226, 37.488786678744226, 'SEARCH'
10, 14540, 37.461329486983686, 37.461329486983686, 'SEARCH'
10, 14541, 37.44336588121006, 37.44336588121006, 'SEARCH'
10, 14542, 37.417202718328426, 37.417202718328426, 'SEARCH'
10, 14543, 37.39839891133424, 37.39839891133424, 'SEARCH'
10, 14544, 37.38813150255423, 37.38813150255423, 'SEARCH'
10, 14545, 37.36291513290137, 37.36291513290137, 'SEARCH'
10, 14546, 37.33587543288588, 37.33587543288588, 'SEARCH'
10, 14547, 37.311627964124646, 37.311627964124646, 'SEARCH'
10, 14548, 37.31542757201249, 37.31542757201249, 'SEARCH'
10, 14549, 37.288137405396434, 37.288137405396434, 'SEARCH'
10, 14550, 37.26806895463537, 37.26806895463537, 'SEARCH'
10, 14551, 37.24700124559751, 37.24700124559751, 'SEARCH'
10, 14552, 37.234559338075464, 37.234559338075464, 'SEARCH'
10, 14553, 37.22610776369732, 37.22610776369732, 'SEARCH'
10, 14554, 37.200571966429166, 37.200571966429166, 'SEARCH'
10, 14555, 37.20389772532251, 37.20389772532251, 'SEARCH'
10, 14556, 37.20860899702171, 37.20860899702171, 'SEARCH'
10, 14557, 37.18224312347204, 37.18224312347204, 'SEARCH'
10, 14558, 37.161502890589254, 37.161502890589254, 'SEARCH'
10, 14559, 37.13391106747398, 37.13391106747398, 'SEARCH'
10, 14560, 37.13998546987777, 37.13998546987777, 'SEARCH'
10, 14561, 37.1363500204084, 37.1363500204084, 'SEARCH'
10, 14562, 37.127475245253244, 37.127475245253244, 'SEARCH'
10, 14563, 37.100611799126575, 37.100611799126575, 'SEARCH'
10, 14564, 37.081064840317985, 37.081064840317985, 'SEARCH'
10, 14565, 37.07193480084664, 37.07193480084664, 'SEARCH'
10, 14566, 37.04757178154161, 37.04757178154161, 'SEARCH'
10, 14567, 37.032307044724135, 37.032307044724135, 'SEARCH'
10, 14568, 37.00528802688098, 37.00528802688098, 'SEARCH'
10, 14569, 37.00848760357873, 37.00848760357873, 'SEARCH'
10, 14570, 37.00872942117273, 37.00872942117273, 'SEARCH'
10, 14571, 36.98757128888639, 36.98757128888639, 'SEARCH'
10, 14572, 36.96311471073429, 36.96311471073429, 'SEARCH'
10, 14573, 36.96226229125727, 36.96226229125727, 'SEARCH'
10, 14574, 36.93748391841229, 36.93748391841229, 'SEARCH'
10, 14575, 36.931788798937745, 36.931788798937745, 'SEARCH'
10, 14576, 36.91052727198078, 36.91052727198078, 'SEARCH'
10, 14577, 36.90860205609551, 36.90860205609551, 'SEARCH'
10, 14578, 36.88365392857538, 36.88365392857538, 'SEARCH'
10, 14579, 36.876009407649896, 36.876009407649896, 'SEARCH'
10, 14580, 36.852690211465195, 36.852690211465195, 'SEARCH'
10, 14581, 36.82512894335865, 36.82512894335865, 'SEARCH'
10, 14582, 36.8314513967961, 36.8314513967961, 'SEARCH'
10, 14583, 36.80588991893781, 36.80588991893781, 'SEARCH'
10, 14584, 36.800585286137526, 36.800585286137526, 'SEARCH'
10, 14585, 36.796778638727865, 36.796778638727865, 'SEARCH'
10, 14586, 36.76903923772217, 36.76903923772217, 'SEARCH'
10, 14587, 36.744068882002104, 36.744068882002104, 'SEARCH'
10, 14588, 36.71690612055376, 36.71690612055376, 'SEARCH'
10, 14589, 36.713970200996584, 36.713970200996584, 'SEARCH'
10, 14590, 36.68800583874475, 36.68800583874475, 'SEARCH'
10, 14591, 36.671586454034134, 36.671586454034134, 'SEARCH'
10, 14592, 36.65672892982539, 36.65672892982539, 'SEARCH'
10, 14593, 36.649745414163284, 36.649745414163284, 'SEARCH'
10, 14594, 36.63599575049381, 36.63599575049381, 'SEARCH'
10, 14595, 36.635141246606956, 36.635141246606956, 'SEARCH'
10, 14596, 36.62754164428584, 36.62754164428584, 'SEARCH'
10, 14597, 36.61579584961397, 36.61579584961397, 'SEARCH'
10, 14598, 36.60589753722216, 36.60589753722216, 'SEARCH'
10, 14599, 36.58259564099191, 36.58259564099191, 'SEARCH'
10, 14600, 36.55619154187665, 36.55619154187665, 'SEARCH'
10, 14601, 36.53291359960268, 36.53291359960268, 'SEARCH'
10, 14602, 36.50698372249333, 36.50698372249333, 'SEARCH'
10, 14603, 36.480721460816405, 36.480721460816405, 'SEARCH'
10, 14604, 36.479250233609925, 36.479250233609925, 'SEARCH'
10, 14605, 36.453122338375394, 36.453122338375394, 'SEARCH'
10, 14606, 36.4305914168928, 36.4305914168928, 'SEARCH'
10, 14607, 36.41742927923286, 36.41742927923286, 'SEARCH'
10, 14608, 36.40551750282423, 36.40551750282423, 'SEARCH'
10, 14609, 36.38347858761649, 36.38347858761649, 'SEARCH'
10, 14610, 36.37462479005173, 36.37462479005173, 'SEARCH'
10, 14611, 36.38260802312235, 36.38260802312235, 'SEARCH'
10, 14612, 36.36177615832069, 36.36177615832069, 'SEARCH'
10, 14613, 36.33695456351584, 36.33695456351584, 'SEARCH'
10, 14614, 36.321676861857604, 36.321676861857604, 'SEARCH'
10, 14615, 36.29639167221729, 36.29639167221729, 'SEARCH'
10, 14616, 36.286616708805106, 36.286616708805106, 'SEARCH'
10, 14617, 36.270008656492095, 36.270008656492095, 'SEARCH'
10, 14618, 36.25968295713701, 36.25968295713701, 'SEARCH'
10, 14619, 36.23842354575587, 36.23842354575587, 'SEARCH'
10, 14620, 36.243735411218935, 36.243735411218935, 'SEARCH'
10, 14621, 36.23427796353178, 36.23427796353178, 'SEARCH'
10, 14622, 36.208010136128046, 36.208010136128046, 'SEARCH'
10, 14623, 36.18324366249883, 36.18324366249883, 'SEARCH'
10, 14624, 36.18861104735543, 36.18861104735543, 'SEARCH'
10, 14625, 36.16672831514844, 36.16672831514844, 'SEARCH'
10, 14626, 36.14710023756081, 36.14710023756081, 'SEARCH'
10, 14627, 36.130751501844344, 36.130751501844344, 'SEARCH'
10, 14628, 36.13660252801072, 36.13660252801072, 'SEARCH'
10, 14629, 36.128000328176896, 36.128000328176896, 'SEARCH'
10, 14630, 36.12565564224776, 36.12565564224776, 'SEARCH'
10, 14631, 36.12081285814914, 36.12081285814914, 'SEARCH'
10, 14632, 36.111842886048095, 36.111842886048095, 'SEARCH'
10, 14633, 36.08477137122777, 36.08477137122777, 'SEARCH'
10, 14634, 36.079515608766144, 36.079515608766144, 'SEARCH'
10, 14635, 36.08622559168515, 36.08622559168515, 'SEARCH'
10, 14636, 36.08712657860553, 36.08712657860553, 'SEARCH'
10, 14637, 36.07169873532869, 36.07169873532869, 'SEARCH'
10, 14638, 36.04427471567012, 36.04427471567012, 'SEARCH'
10, 14639, 36.02991807200894, 36.02991807200894, 'SEARCH'
10, 14640, 36.02262753259722, 36.02262753259722, 'SEARCH'
10, 14641, 35.996017371982155, 35.996017371982155, 'SEARCH'
10, 14642, 35.987134289512355, 35.987134289512355, 'SEARCH'
10, 14643, 35.9819438649937, 35.9819438649937, 'SEARCH'
10, 14644, 35.97995334406215, 35.97995334406215, 'SEARCH'
10, 14645, 35.97645801816285, 35.97645801816285, 'SEARCH'
10, 14646, 35.948815332112545, 35.948815332112545, 'SEARCH'
10, 14647, 35.94849771997031, 35.94849771997031, 'SEARCH'
10, 14648, 35.920752551365474, 35.920752551365474, 'SEARCH'
10, 14649, 35.904118809174754, 35.904118809174754, 'SEARCH'
10, 14650, 35.88003619241451, 35.88003619241451, 'SEARCH'
10, 14651, 35.8760949887004, 35.8760949887004, 'SEARCH'
10, 14652, 35.88408864184391, 35.88408864184391, 'SEARCH'
10, 14653, 35.86231825227966, 35.86231825227966, 'SEARCH'
10, 14654, 35.85716530445362, 35.85716530445362, 'SEARCH'
10, 14655, 35.82971549995493, 35.82971549995493, 'SEARCH'
10, 14656, 35.8056130622956, 35.8056130622956, 'SEARCH'
10, 14657, 35.802342967678946, 35.802342967678946, 'SEARCH'
10, 14658, 35.796512717842816, 35.796512717842816, 'SEARCH'
10, 14659, 35.78467120531701, 35.78467120531701, 'SEARCH'
10, 14660, 35.76128609286803, 35.76128609286803, 'SEARCH'
10, 14661, 35.73351925659221, 35.73351925659221, 'SEARCH'
10, 14662, 35.71665503439674, 35.71665503439674, 'SEARCH'
10, 14663, 35.71301508834277, 35.71301508834277, 'SEARCH'
10, 14664, 35.68702264196834, 35.68702264196834, 'SEARCH'
10, 14665, 35.66311900811216, 35.66311900811216, 'SEARCH'
10, 14666, 35.66629869365319, 35.66629869365319, 'SEARCH'
10, 14667, 35.65796974494445, 35.65796974494445, 'SEARCH'
10, 14668, 35.65098154824339, 35.65098154824339, 'SEARCH'
10, 14669, 35.632869737169976, 35.632869737169976, 'SEARCH'
10, 14670, 35.60627727383461, 35.60627727383461, 'SEARCH'
10, 14671, 35.580048360339475, 35.580048360339475, 'SEARCH'
10, 14672, 35.56176291544164, 35.56176291544164, 'SEARCH'
10, 14673, 35.53893863928491, 35.53893863928491, 'SEARCH'
10, 14674, 35.5191901523651, 35.5191901523651, 'SEARCH'
10, 14675, 35.501856240928454, 35.501856240928454, 'SEARCH'
10, 14676, 35.48980247880676, 35.48980247880676, 'SEARCH'
10, 14677, 35.496915630505555, 35.496915630505555, 'SEARCH'
10, 14678, 35.48399822203172, 35.48399822203172, 'SEARCH'
10, 14679, 35.48969296364186, 35.48969296364186, 'SEARCH'
10, 14680, 35.47194790283506, 35.47194790283506, 'SEARCH'
10, 14681, 35.4795160557625, 35.4795160557625, 'SEARCH'
10, 14682, 35.47580132286627, 35.47580132286627, 'SEARCH'
10, 14683, 35.44805698945761, 35.44805698945761, 'SEARCH'
10, 14684, 35.42133144840959, 35.42133144840959, 'SEARCH'
10, 14685, 35.41330240939432, 35.41330240939432, 'SEARCH'
10, 14686, 35.397004017142756, 35.397004017142756, 'SEARCH'
10, 14687, 35.380272379297026, 35.380272379297026, 'SEARCH'
10, 14688, 35.3827648746322, 35.3827648746322, 'SEARCH'
10, 14689, 35.38616003540819, 35.38616003540819, 'SEARCH'
10, 14690, 35.35859567836343, 35.35859567836343, 'SEARCH'
10, 14691, 35.33285440780131, 35.33285440780131, 'SEARCH'
10, 14692, 35.31653251608843, 35.31653251608843, 'SEARCH'
10, 14693, 35.29198388109991, 35.29198388109991, 'SEARCH'
10, 14694, 35.26479591182515, 35.26479591182515, 'SEARCH'
10, 14695, 35.247020223593516, 35.247020223593516, 'SEARCH'
10, 14696, 35.22911831766636, 35.22911831766636, 'SEARCH'
10, 14697, 35.21408477660477, 35.21408477660477, 'SEARCH'
10, 14698, 35.18682992633152, 35.18682992633152, 'SEARCH'
10, 14699, 35.16058547903316, 35.16058547903316, 'SEARCH'
10, 14700, 35.153442450270525, 35.153442450270525, 'SEARCH'
10, 14701, 35.15151516026592, 35.15151516026592, 'SEARCH'
10, 14702, 35.130585491865666, 35.130585491865666, 'SEARCH'
10, 14703, 35.13872338244947, 35.13872338244947, 'SEARCH'
10, 14704, 35.14061623145161, 35.14061623145161, 'SEARCH'
10, 14705, 35.119096949764256, 35.119096949764256, 'SEARCH'
10, 14706, 35.10785582797515, 35.10785582797515, 'SEARCH'
10, 14707, 35.108338614189606, 35.108338614189606, 'SEARCH'
10, 14708, 35.098444588480845, 35.098444588480845, 'SEARCH'
10, 14709, 35.07716332516439, 35.07716332516439, 'SEARCH'
10, 14710, 35.05654589003141, 35.05654589003141, 'SEARCH'
10, 14711, 35.02928035768137, 35.02928035768137, 'SEARCH'
10, 14712, 35.019774675069186, 35.019774675069186, 'SEARCH'
10, 14713, 35.00008513673765, 35.00008513673765, 'SEARCH'
10, 14714, 34.97517049163291, 34.97517049163291, 'SEARCH'
10, 14715, 34.968356391413806, 34.968356391413806, 'SEARCH'
10, 14716, 34.957355248739965, 34.957355248739965, 'SEARCH'
10, 14717, 34.959030613609414, 34.959030613609414, 'SEARCH'
10, 14718, 34.93765031981567, 34.93765031981567, 'SEARCH'
10, 14719, 34.9104227519164, 34.9104227519164, 'SEARCH'
10, 14720, 34.905319452291955, 34.905319452291955, 'SEARCH'
10, 14721, 34.88557930542485, 34.88557930542485, 'SEARCH'
10, 14722, 34.862716585687004, 34.862716585687004, 'SEARCH'
10, 14723, 34.866333225312616, 34.866333225312616, 'SEARCH'
10, 14724, 34.86747128398002, 34.86747128398002, 'SEARCH'
10, 14725, 34.84276871601366, 34.84276871601366, 'SEARCH'
10, 14726, 34.81716706004376, 34.81716706004376, 'SEARCH'
10, 14727, 34.8170522908179, 34.8170522908179, 'SEARCH'
10, 14728, 34.80603406457519, 34.80603406457519, 'SEARCH'
10, 14729, 34.802409403276776, 34.802409403276776, 'SEARCH'
10, 14730, 34.804652342820006, 34.804652342820006, 'SEARCH'
10, 14731, 34.80538047431497, 34.80538047431497, 'SEARCH'
10, 14732, 34.77777419641217, 34.77777419641217, 'SEARCH'
10, 14733, 34.76934623598281, 34.76934623598281, 'SEARCH'
10, 14734, 34.75083351649958, 34.75083351649958, 'SEARCH'
10, 14735, 34.72810560567304, 34.72810560567304, 'SEARCH'
10, 14736, 34.72858900732469, 34.72858900732469, 'SEARCH'
10, 14737, 34.712602250930395, 34.712602250930395, 'SEARCH'
10, 14738, 34.686538822461365, 34.686538822461365, 'SEARCH'
10, 14739, 34.68323606060726, 34.68323606060726, 'SEARCH'
10, 14740, 34.67151271311048, 34.67151271311048, 'SEARCH'
10, 14741, 34.66522034454964, 34.66522034454964, 'SEARCH'
10, 14742, 34.64146703576126, 34.64146703576126, 'SEARCH'
10, 14743, 34.614183622849104, 34.614183622849104, 'SEARCH'
10, 14744, 34.58699104084575, 34.58699104084575, 'SEARCH'
10, 14745, 34.58347836034292, 34.58347836034292, 'SEARCH'
10, 14746, 34.58512613608641, 34.58512613608641, 'SEARCH'
10, 14747, 34.5881576103101, 34.5881576103101, 'SEARCH'
10, 14748, 34.58435385549558, 34.58435385549558, 'SEARCH'
10, 14749, 34.55859898770178, 34.55859898770178, 'SEARCH'
10, 14750, 34.556210282131694, 34.556210282131694, 'SEARCH'
10, 14751, 34.54905180445688, 34.54905180445688, 'SEARCH'
10, 14752, 34.52153969789506, 34.52153969789506, 'SEARCH'
10, 14753, 34.50888262505899, 34.50888262505899, 'SEARCH'
10, 14754, 34.50899726751237, 34.50899726751237, 'SEARCH'
10, 14755, 34.50279629715308, 34.50279629715308, 'SEARCH'
10, 14756, 34.476228447572936, 34.476228447572936, 'SEARCH'
10, 14757, 34.46720713124617, 34.46720713124617, 'SEARCH'
10, 14758, 34.47443698741249, 34.47443698741249, 'SEARCH'
10, 14759, 34.461804556191225, 34.461804556191225, 'SEARCH'
10, 14760, 34.443889006835306, 34.443889006835306, 'SEARCH'
10, 14761, 34.41886858572409, 34.41886858572409, 'SEARCH'
10, 14762, 34.413426801343896, 34.413426801343896, 'SEARCH'
10, 14763, 34.40690838880228, 34.40690838880228, 'SEARCH'
10, 14764, 34.41254576360464, 34.41254576360464, 'SEARCH'
10, 14765, 34.40150113287272, 34.40150113287272, 'SEARCH'
10, 14766, 34.3992988583904, 34.3992988583904, 'SEARCH'
10, 14767, 34.37989244743483, 34.37989244743483, 'SEARCH'
10, 14768, 34.357833625907716, 34.357833625907716, 'SEARCH'
10, 14769, 34.34987857058139, 34.34987857058139, 'SEARCH'
10, 14770, 34.357642960294136, 34.357642960294136, 'SEARCH'
10, 14771, 34.336708762228696, 34.336708762228696, 'SEARCH'
10, 14772, 34.328594827377735, 34.328594827377735, 'SEARCH'
10, 14773, 34.32622756362469, 34.32622756362469, 'SEARCH'
10, 14774, 34.3127725635323, 34.3127725635323, 'SEARCH'
10, 14775, 34.285697504458106, 34.285697504458106, 'SEARCH'
10, 14776, 34.27143225486666, 34.27143225486666, 'SEARCH'
10, 14777, 34.27863503776803, 34.27863503776803, 'SEARCH'
10, 14778, 34.25092125006944, 34.25092125006944, 'SEARCH'
10, 14779, 34.25329257142408, 34.25329257142408, 'SEARCH'
10, 14780, 34.257521479319344, 34.257521479319344, 'SEARCH'
10, 14781, 34.233083004472725, 34.233083004472725, 'SEARCH'
10, 14782, 34.22435968574501, 34.22435968574501, 'SEARCH'
10, 14783, 34.210232377299, 34.210232377299, 'SEARCH'
10, 14784, 34.21586455566634, 34.21586455566634, 'SEARCH'
10, 14785, 34.2151654669148, 34.2151654669148, 'SEARCH'
10, 14786, 34.18762018512835, 34.18762018512835, 'SEARCH'
10, 14787, 34.18636773384718, 34.18636773384718, 'SEARCH'
10, 14788, 34.17519189814419, 34.17519189814419, 'SEARCH'
10, 14789, 34.15814887495733, 34.15814887495733, 'SEARCH'
10, 14790, 34.15140463796504, 34.15140463796504, 'SEARCH'
10, 14791, 34.14619575607176, 34.14619575607176, 'SEARCH'
10, 14792, 34.14912639036108, 34.14912639036108, 'SEARCH'
10, 14793, 34.136986838229625, 34.136986838229625, 'SEARCH'
10, 14794, 34.11071491546773, 34.11071491546773, 'SEARCH'
10, 14795, 34.10026070123741, 34.10026070123741, 'SEARCH'
10, 14796, 34.07249595505043, 34.07249595505043, 'SEARCH'
10, 14797, 34.044884059690155, 34.044884059690155, 'SEARCH'
10, 14798, 34.017900633947065, 34.017900633947065, 'SEARCH'
10, 14799, 33.99021571153167, 33.99021571153167, 'SEARCH'
10, 14800, 33.967009850770424, 33.967009850770424, 'SEARCH'
10, 14801, 33.943268803653076, 33.943268803653076, 'SEARCH'
10, 14802, 33.91646466583055, 33.91646466583055, 'SEARCH'
10, 14803, 33.9189784120081, 33.9189784120081, 'SEARCH'
10, 14804, 33.90945637534997, 33.90945637534997, 'SEARCH'
10, 14805, 33.90264797834348, 33.90264797834348, 'SEARCH'
10, 14806, 33.87551108661144, 33.87551108661144, 'SEARCH'
10, 14807, 33.850612199060414, 33.850612199060414, 'SEARCH'
10, 14808, 33.8228660282776, 33.8228660282776, 'SEARCH'
10, 14809, 33.79553496556741, 33.79553496556741, 'SEARCH'
10, 14810, 33.77564754565384, 33.77564754565384, 'SEARCH'
10, 14811, 33.75539467551599, 33.75539467551599, 'SEARCH'
10, 14812, 33.73186355594545, 33.73186355594545, 'SEARCH'
10, 14813, 33.73478425182196, 33.73478425182196, 'SEARCH'
10, 14814, 33.707284411936634, 33.707284411936634, 'SEARCH'
10, 14815, 33.7062780680494, 33.7062780680494, 'SEARCH'
10, 14816, 33.682412450258525, 33.682412450258525, 'SEARCH'
10, 14817, 33.66091237596562, 33.66091237596562, 'SEARCH'
10, 14818, 33.63766368982222, 33.63766368982222, 'SEARCH'
10, 14819, 33.61408456945673, 33.61408456945673, 'SEARCH'
10, 14820, 33.61498034100425, 33.61498034100425, 'SEARCH'
10, 14821, 33.602499625024635, 33.602499625024635, 'SEARCH'
10, 14822, 33.58690166541799, 33.58690166541799, 'SEARCH'
10, 14823, 33.56267183190199, 33.56267183190199, 'SEARCH'
10, 14824, 33.56354917908439, 33.56354917908439, 'SEARCH'
10, 14825, 33.53644678249496, 33.53644678249496, 'SEARCH'
10, 14826, 33.53275277528443, 33.53275277528443, 'SEARCH'
10, 14827, 33.522704175858586, 33.522704175858586, 'SEARCH'
10, 14828, 33.504976218428844, 33.504976218428844, 'SEARCH'
10, 14829, 33.5087380130598, 33.5087380130598, 'SEARCH'
10, 14830, 33.506978084480785, 33.506978084480785, 'SEARCH'
10, 14831, 33.483739102995614, 33.483739102995614, 'SEARCH'
10, 14832, 33.460150971460635, 33.460150971460635, 'SEARCH'
10, 14833, 33.432729602652465, 33.432729602652465, 'SEARCH'
10, 14834, 33.41807088570052, 33.41807088570052, 'SEARCH'
10, 14835, 33.39913085765268, 33.39913085765268, 'SEARCH'
10, 14836, 33.37987291276875, 33.37987291276875, 'SEARCH'
10, 14837, 33.35684712576971, 33.35684712576971, 'SEARCH'
10, 14838, 33.32922460227482, 33.32922460227482, 'SEARCH'
10, 14839, 33.30151352250751, 33.30151352250751, 'SEARCH'
10, 14840, 33.29956455415309, 33.29956455415309, 'SEARCH'
10, 14841, 33.28617177484271, 33.28617177484271, 'SEARCH'
10, 14842, 33.27441784623711, 33.27441784623711, 'SEARCH'
10, 14843, 33.25589047048264, 33.25589047048264, 'SEARCH'
10, 14844, 33.25013425892072, 33.25013425892072, 'SEARCH'
10, 14845, 33.251158554811695, 33.251158554811695, 'SEARCH'
10, 14846, 33.23520967707708, 33.23520967707708, 'SEARCH'
10, 14847, 33.209426054871955, 33.209426054871955, 'SEARCH'
10, 14848, 33.18319342491274, 33.18319342491274, 'SEARCH'
10, 14849, 33.167606236518296, 33.167606236518296, 'SEARCH'
10, 14850, 33.1416295892782, 33.1416295892782, 'SEARCH'
10, 14851, 33.13935077134231, 33.13935077134231, 'SEARCH'
10, 14852, 33.126680267089164, 33.126680267089164, 'SEARCH'
10, 14853, 33.105802011123295, 33.105802011123295, 'SEARCH'
10, 14854, 33.09443527012744, 33.09443527012744, 'SEARCH'
10, 14855, 33.073065964284915, 33.073065964284915, 'SEARCH'
10, 14856, 33.05254630559623, 33.05254630559623, 'SEARCH'
10, 14857, 33.03711842874152, 33.03711842874152, 'SEARCH'
10, 14858, 33.02074316265046, 33.02074316265046, 'SEARCH'
10, 14859, 33.01460778368661, 33.01460778368661, 'SEARCH'
10, 14860, 33.014163107647846, 33.014163107647846, 'SEARCH'
10, 14861, 33.00554487312844, 33.00554487312844, 'SEARCH'
10, 14862, 32.99593990009741, 32.99593990009741, 'SEARCH'
10, 14863, 32.97307971222081, 32.97307971222081, 'SEARCH'
10, 14864, 32.98049688816457, 32.98049688816457, 'SEARCH'
10, 14865, 32.957834912277775, 32.957834912277775, 'SEARCH'
10, 14866, 32.93348061036411, 32.93348061036411, 'SEARCH'
10, 14867, 32.93089319019659, 32.93089319019659, 'SEARCH'
10, 14868, 32.93210672495905, 32.93210672495905, 'SEARCH'
10, 14869, 32.90589725361787, 32.90589725361787, 'SEARCH'
10, 14870, 32.890087558943854, 32.890087558943854, 'SEARCH'
10, 14871, 32.86293592463831, 32.86293592463831, 'SEARCH'
10, 14872, 32.83793306921649, 32.83793306921649, 'SEARCH'
10, 14873, 32.81231510075812, 32.81231510075812, 'SEARCH'
10, 14874, 32.81634176417348, 32.81634176417348, 'SEARCH'
10, 14875, 32.80237994156001, 32.80237994156001, 'SEARCH'
10, 14876, 32.79980381614623, 32.79980381614623, 'SEARCH'
10, 14877, 32.8029399827042, 32.8029399827042, 'SEARCH'
10, 14878, 32.78808814956561, 32.78808814956561, 'SEARCH'
10, 14879, 32.777443041033905, 32.777443041033905, 'SEARCH'
10, 14880, 32.75535389513307, 32.75535389513307, 'SEARCH'
10, 14881, 32.731115869076476, 32.731115869076476, 'SEARCH'
10, 14882, 32.7201828812488, 32.7201828812488, 'SEARCH'
10, 14883, 32.696207879455365, 32.696207879455365, 'SEARCH'
10, 14884, 32.68038147882367, 32.68038147882367, 'SEARCH'
10, 14885, 32.67514968429413, 32.67514968429413, 'SEARCH'
10, 14886, 32.67611298761296, 32.67611298761296, 'SEARCH'
10, 14887, 32.657462746512365, 32.657462746512365, 'SEARCH'
10, 14888, 32.629851955043485, 32.629851955043485, 'SEARCH'
10, 14889, 32.607307832192696, 32.607307832192696, 'SEARCH'
10, 14890, 32.589952788097314, 32.589952788097314, 'SEARCH'
10, 14891, 32.57354888679136, 32.57354888679136, 'SEARCH'
10, 14892, 32.55205894782567, 32.55205894782567, 'SEARCH'
10, 14893, 32.52434220529197, 32.52434220529197, 'SEARCH'
10, 14894, 32.506189904468826, 32.506189904468826, 'SEARCH'
10, 14895, 32.484318303632556, 32.484318303632556, 'SEARCH'
10, 14896, 32.45658005528272, 32.45658005528272, 'SEARCH'
10, 14897, 32.44704952711975, 32.44704952711975, 'SEARCH'
10, 14898, 32.45387692004334, 32.45387692004334, 'SEARCH'
10, 14899, 32.45873032717553, 32.45873032717553, 'SEARCH'
10, 14900, 32.454814270015405, 32.454814270015405, 'SEARCH'
10, 14901, 32.4465691511543, 32.4465691511543, 'SEARCH'
10, 14902, 32.44878659940281, 32.44878659940281, 'SEARCH'
10, 14903, 32.421786426545125, 32.421786426545125, 'SEARCH'
10, 14904, 32.400971108103626, 32.400971108103626, 'SEARCH'
10, 14905, 32.379806804921266, 32.379806804921266, 'SEARCH'
10, 14906, 32.35754401724581, 32.35754401724581, 'SEARCH'
10, 14907, 32.34970906470421, 32.34970906470421, 'SEARCH'
10, 14908, 32.3235325835881, 32.3235325835881, 'SEARCH'
10, 14909, 32.32329420196398, 32.32329420196398, 'SEARCH'
10, 14910, 32.325067770915076, 32.325067770915076, 'SEARCH'
10, 14911, 32.30332652593315, 32.30332652593315, 'SEARCH'
10, 14912, 32.27572049578172, 32.27572049578172, 'SEARCH'
10, 14913, 32.24794456551052, 32.24794456551052, 'SEARCH'
10, 14914, 32.24013698337824, 32.24013698337824, 'SEARCH'
10, 14915, 32.24472966536663, 32.24472966536663, 'SEARCH'
10, 14916, 32.22179500916183, 32.22179500916183, 'SEARCH'
10, 14917, 32.20536486371523, 32.20536486371523, 'SEARCH'
10, 14918, 32.20459411610265, 32.20459411610265, 'SEARCH'
10, 14919, 32.20567939206445, 32.20567939206445, 'SEARCH'
10, 14920, 32.19758908758291, 32.19758908758291, 'SEARCH'
10, 14921, 32.17659547020721, 32.17659547020721, 'SEARCH'
10, 14922, 32.18227862082206, 32.18227862082206, 'SEARCH'
10, 14923, 32.16503752258206, 32.16503752258206, 'SEARCH'
10, 14924, 32.14970901841003, 32.14970901841003, 'SEARCH'
10, 14925, 32.147108923739346, 32.147108923739346, 'SEARCH'
10, 14926, 32.129085060771274, 32.129085060771274, 'SEARCH'
10, 14927, 32.105637082538074, 32.105637082538074, 'SEARCH'
10, 14928, 32.10644193851225, 32.10644193851225, 'SEARCH'
10, 14929, 32.08663381307695, 32.08663381307695, 'SEARCH'
10, 14930, 32.05940412095387, 32.05940412095387, 'SEARCH'
10, 14931, 32.031759896169966, 32.031759896169966, 'SEARCH'
10, 14932, 32.003982828949184, 32.003982828949184, 'SEARCH'
10, 14933, 31.97629366916743, 31.97629366916743, 'SEARCH'
10, 14934, 31.9485260583694, 31.9485260583694, 'SEARCH'
10, 14935, 31.942498842303383, 31.942498842303383, 'SEARCH'
10, 14936, 31.917385143280182, 31.917385143280182, 'SEARCH'
10, 14937, 31.922797086807474, 31.922797086807474, 'SEARCH'
10, 14938, 31.89687442148387, 31.89687442148387, 'SEARCH'
10, 14939, 31.869366569027896, 31.869366569027896, 'SEARCH'
10, 14940, 31.84169267503155, 31.84169267503155, 'SEARCH'
10, 14941, 31.8156019491918, 31.8156019491918, 'SEARCH'
10, 14942, 31.814158671034246, 31.814158671034246, 'SEARCH'
10, 14943, 31.78638655793614, 31.78638655793614, 'SEARCH'
10, 14944, 31.77458507510523, 31.77458507510523, 'SEARCH'
10, 14945, 31.77974262741589, 31.77974262741589, 'SEARCH'
10, 14946, 31.78094424001324, 31.78094424001324, 'SEARCH'
10, 14947, 31.753168538881713, 31.753168538881713, 'SEARCH'
10, 14948, 31.759280154828588, 31.759280154828588, 'SEARCH'
10, 14949, 31.73612495277391, 31.73612495277391, 'SEARCH'
10, 14950, 31.734400152104637, 31.734400152104637, 'SEARCH'
10, 14951, 31.73355645757355, 31.73355645757355, 'SEARCH'
10, 14952, 31.707126528738378, 31.707126528738378, 'SEARCH'
10, 14953, 31.704636181933374, 31.704636181933374, 'SEARCH'
10, 14954, 31.67864716650786, 31.67864716650786, 'SEARCH'
10, 14955, 31.672115674101345, 31.672115674101345, 'SEARCH'
10, 14956, 31.65832147285076, 31.65832147285076, 'SEARCH'
10, 14957, 31.636453591490746, 31.636453591490746, 'SEARCH'
10, 14958, 31.62385753437069, 31.62385753437069, 'SEARCH'
10, 14959, 31.59643199349217, 31.59643199349217, 'SEARCH'
10, 14960, 31.57343433759896, 31.57343433759896, 'SEARCH'
10, 14961, 31.547166886354322, 31.547166886354322, 'SEARCH'
10, 14962, 31.519590936864006, 31.519590936864006, 'SEARCH'
10, 14963, 31.497738020315065, 31.497738020315065, 'SEARCH'
10, 14964, 31.486878095897637, 31.486878095897637, 'SEARCH'
10, 14965, 31.459506477777214, 31.459506477777214, 'SEARCH'
10, 14966, 31.432975599688962, 31.432975599688962, 'SEARCH'
10, 14967, 31.426638801193878, 31.426638801193878, 'SEARCH'
10, 14968, 31.399337508517448, 31.399337508517448, 'SEARCH'
10, 14969, 31.371609147135214, 31.371609147135214, 'SEARCH'
10, 14970, 31.345105101416653, 31.345105101416653, 'SEARCH'
10, 14971, 31.318321081270064, 31.318321081270064, 'SEARCH'
10, 14972, 31.309125320189022, 31.309125320189022, 'SEARCH'
10, 14973, 31.303594988474234, 31.303594988474234, 'SEARCH'
10, 14974, 31.277226828777653, 31.277226828777653, 'SEARCH'
10, 14975, 31.26406555577979, 31.26406555577979, 'SEARCH'
10, 14976, 31.24036993041896, 31.24036993041896, 'SEARCH'
10, 14977, 31.21450114130159, 31.21450114130159, 'SEARCH'
10, 14978, 31.19462267100135, 31.19462267100135, 'SEARCH'
10, 14979, 31.19422433215175, 31.19422433215175, 'SEARCH'
10, 14980, 31.16739115867943, 31.16739115867943, 'SEARCH'
10, 14981, 31.164943306611157, 31.164943306611157, 'SEARCH'
10, 14982, 31.152225267460125, 31.152225267460125, 'SEARCH'
10, 14983, 31.154847747969185, 31.154847747969185, 'SEARCH'
10, 14984, 31.145245084034737, 31.145245084034737, 'SEARCH'
10, 14985, 31.122657834025443, 31.122657834025443, 'SEARCH'
10, 14986, 31.09576612831856, 31.09576612831856, 'SEARCH'
10, 14987, 31.07807977060265, 31.07807977060265, 'SEARCH'
10, 14988, 31.072164162707352, 31.072164162707352, 'SEARCH'
10, 14989, 31.075315321144885, 31.075315321144885, 'SEARCH'
10, 14990, 31.07160179704995, 31.07160179704995, 'SEARCH'
10, 14991, 31.04382935710602, 31.04382935710602, 'SEARCH'
10, 14992, 31.038589420209, 31.038589420209, 'SEARCH'
10, 14993, 31.037652016533695, 31.037652016533695, 'SEARCH'
10, 14994, 31.01514182995021, 31.01514182995021, 'SEARCH'
10, 14995, 31.003075623251803, 31.003075623251803, 'SEARCH'
10, 14996, 30.984516946811794, 30.984516946811794, 'SEARCH'
10, 14997, 30.96389508444048, 30.96389508444048, 'SEARCH'
10, 14998, 30.940357195128314, 30.940357195128314, 'SEARCH'
10, 14999, 30.914782641835476, 30.914782641835476, 'SEARCH'
10, 15000, 30.91483029648217, 30.91483029648217, 'SEARCH'
10, 15001, 30.91381118882772, 30.91381118882772, 'SEARCH'
10, 15002, 30.88677883060109, 30.88677883060109, 'SEARCH'
10, 15003, 30.86040057843844, 30.86040057843844, 'SEARCH'
10, 15004, 30.845186741993547, 30.845186741993547, 'SEARCH'
10, 15005, 30.845485876076953, 30.845485876076953, 'SEARCH'
10, 15006, 30.829321566112707, 30.829321566112707, 'SEARCH'
10, 15007, 30.817915205027884, 30.817915205027884, 'SEARCH'
10, 15008, 30.79019146503249, 30.79019146503249, 'SEARCH'
10, 15009, 30.789014146468027, 30.789014146468027, 'SEARCH'
10, 15010, 30.78497187416921, 30.78497187416921, 'SEARCH'
10, 15011, 30.768421512816573, 30.768421512816573, 'SEARCH'
10, 15012, 30.768295590573512, 30.768295590573512, 'SEARCH'
10, 15013, 30.770940662352512, 30.770940662352512, 'SEARCH'
10, 15014, 30.743415855255165, 30.743415855255165, 'SEARCH'
10, 15015, 30.717610304190725, 30.717610304190725, 'SEARCH'
10, 15016, 30.700641288105178, 30.700641288105178, 'SEARCH'
10, 15017, 30.677038929866058, 30.677038929866058, 'SEARCH'
10, 15018, 30.650300405927563, 30.650300405927563, 'SEARCH'
10, 15019, 30.630547604375586, 30.630547604375586, 'SEARCH'
10, 15020, 30.602820577223238, 30.602820577223238, 'SEARCH'
10, 15021, 30.58298840763, 30.58298840763, 'SEARCH'
10, 15022, 30.555788876131793, 30.555788876131793, 'SEARCH'
10, 15023, 30.547518414262928, 30.547518414262928, 'SEARCH'
10, 15024, 30.545329484034074, 30.545329484034074, 'SEARCH'
10, 15025, 30.532835896427517, 30.532835896427517, 'SEARCH'
10, 15026, 30.510338590371713, 30.510338590371713, 'SEARCH'
10, 15027, 30.512864286389192, 30.512864286389192, 'SEARCH'
10, 15028, 30.518642173470813, 30.518642173470813, 'SEARCH'
10, 15029, 30.51015200318649, 30.51015200318649, 'SEARCH'
10, 15030, 30.497540884933915, 30.497540884933915, 'SEARCH'
10, 15031, 30.469958918954287, 30.469958918954287, 'SEARCH'
10, 15032, 30.472270655700594, 30.472270655700594, 'SEARCH'
10, 15033, 30.47199790144807, 30.47199790144807, 'SEARCH'
10, 15034, 30.444709890018515, 30.444709890018515, 'SEARCH'
10, 15035, 30.447481846277007, 30.447481846277007, 'SEARCH'
10, 15036, 30.45158014591885, 30.45158014591885, 'SEARCH'
10, 15037, 30.445675864230964, 30.445675864230964, 'SEARCH'
10, 15038, 30.44398859612727, 30.44398859612727, 'SEARCH'
10, 15039, 30.42410962443736, 30.42410962443736, 'SEARCH'
10, 15040, 30.417458975579855, 30.417458975579855, 'SEARCH'
10, 15041, 30.40753275595284, 30.40753275595284, 'SEARCH'
10, 15042, 30.39888755697953, 30.39888755697953, 'SEARCH'
10, 15043, 30.37147755134319, 30.37147755134319, 'SEARCH'
10, 15044, 30.360307436225686, 30.360307436225686, 'SEARCH'
10, 15045, 30.358327512321626, 30.358327512321626, 'SEARCH'
10, 15046, 30.333090810486368, 30.333090810486368, 'SEARCH'
10, 15047, 30.315378243849477, 30.315378243849477, 'SEARCH'
10, 15048, 30.302676997545714, 30.302676997545714, 'SEARCH'
10, 15049, 30.275771670303833, 30.275771670303833, 'SEARCH'
10, 15050, 30.25997195594654, 30.25997195594654, 'SEARCH'
10, 15051, 30.232690893401674, 30.232690893401674, 'SEARCH'
10, 15052, 30.23647084053196, 30.23647084053196, 'SEARCH'
10, 15053, 30.21142037557027, 30.21142037557027, 'SEARCH'
10, 15054, 30.18465079846086, 30.18465079846086, 'SEARCH'
10, 15055, 30.175875559889324, 30.175875559889324, 'SEARCH'
10, 15056, 30.17617737749375, 30.17617737749375, 'SEARCH'
10, 15057, 30.175402408643723, 30.175402408643723, 'SEARCH'
10, 15058, 30.14772287263541, 30.14772287263541, 'SEARCH'
10, 15059, 30.13146915776762, 30.13146915776762, 'SEARCH'
10, 15060, 30.121968894042134, 30.121968894042134, 'SEARCH'
10, 15061, 30.128317978045718, 30.128317978045718, 'SEARCH'
10, 15062, 30.105019762485146, 30.105019762485146, 'SEARCH'
10, 15063, 30.098243877345002, 30.098243877345002, 'SEARCH'
10, 15064, 30.071142192619472, 30.071142192619472, 'SEARCH'
10, 15065, 30.044819632958024, 30.044819632958024, 'SEARCH'
10, 15066, 30.03074885796326, 30.03074885796326, 'SEARCH'
10, 15067, 30.025269709657714, 30.025269709657714, 'SEARCH'
10, 15068, 30.02400978102196, 30.02400978102196, 'SEARCH'
10, 15069, 30.02731129306854, 30.02731129306854, 'SEARCH'
10, 15070, 30.005602480735487, 30.005602480735487, 'SEARCH'
10, 15071, 29.980750360449363, 29.980750360449363, 'SEARCH'
10, 15072, 29.95412714781143, 29.95412714781143, 'SEARCH'
10, 15073, 29.955328145183557, 29.955328145183557, 'SEARCH'
10, 15074, 29.938708139934285, 29.938708139934285, 'SEARCH'
10, 15075, 29.910966913338683, 29.910966913338683, 'SEARCH'
10, 15076, 29.89272095908237, 29.89272095908237, 'SEARCH'
10, 15077, 29.89261124111197, 29.89261124111197, 'SEARCH'
10, 15078, 29.870859055849817, 29.870859055849817, 'SEARCH'
10, 15079, 29.86241594408001, 29.86241594408001, 'SEARCH'
10, 15080, 29.834643111415563, 29.834643111415563, 'SEARCH'
10, 15081, 29.808721617959566, 29.808721617959566, 'SEARCH'
10, 15082, 29.785700938546732, 29.785700938546732, 'SEARCH'
10, 15083, 29.787198588113473, 29.787198588113473, 'SEARCH'
10, 15084, 29.77132244530662, 29.77132244530662, 'SEARCH'
10, 15085, 29.744910618322074, 29.744910618322074, 'SEARCH'
10, 15086, 29.73020779087992, 29.73020779087992, 'SEARCH'
10, 15087, 29.702542225702146, 29.702542225702146, 'SEARCH'
10, 15088, 29.706830751094643, 29.706830751094643, 'SEARCH'
10, 15089, 29.686730081079418, 29.686730081079418, 'SEARCH'
10, 15090, 29.67305608656211, 29.67305608656211, 'SEARCH'
10, 15091, 29.65155998585067, 29.65155998585067, 'SEARCH'
10, 15092, 29.639759839979618, 29.639759839979618, 'SEARCH'
10, 15093, 29.613551129175093, 29.613551129175093, 'SEARCH'
10, 15094, 29.60082822541734, 29.60082822541734, 'SEARCH'
10, 15095, 29.575763029055555, 29.575763029055555, 'SEARCH'
10, 15096, 29.560004440735558, 29.560004440735558, 'SEARCH'
10, 15097, 29.532226913994194, 29.532226913994194, 'SEARCH'
10, 15098, 29.504544455217957, 29.504544455217957, 'SEARCH'
10, 15099, 29.47902858243745, 29.47902858243745, 'SEARCH'
10, 15100, 29.466936173240285, 29.466936173240285, 'SEARCH'
10, 15101, 29.44136219071674, 29.44136219071674, 'SEARCH'
10, 15102, 29.440823230901707, 29.440823230901707, 'SEARCH'
10, 15103, 29.427936034730724, 29.427936034730724, 'SEARCH'
10, 15104, 29.422700520739678, 29.422700520739678, 'SEARCH'
10, 15105, 29.396013366033163, 29.396013366033163, 'SEARCH'
10, 15106, 29.382104148460808, 29.382104148460808, 'SEARCH'
10, 15107, 29.379071179901775, 29.379071179901775, 'SEARCH'
10, 15108, 29.37495716741419, 29.37495716741419, 'SEARCH'
10, 15109, 29.34776295090708, 29.34776295090708, 'SEARCH'
10, 15110, 29.34789583040941, 29.34789583040941, 'SEARCH'
10, 15111, 29.32213635880146, 29.32213635880146, 'SEARCH'
10, 15112, 29.29497631298748, 29.29497631298748, 'SEARCH'
10, 15113, 29.28687367876633, 29.28687367876633, 'SEARCH'
10, 15114, 29.26080521529826, 29.26080521529826, 'SEARCH'
10, 15115, 29.237741077411087, 29.237741077411087, 'SEARCH'
10, 15116, 29.218897533753164, 29.218897533753164, 'SEARCH'
10, 15117, 29.193700586522066, 29.193700586522066, 'SEARCH'
10, 15118, 29.16702937862558, 29.16702937862558, 'SEARCH'
10, 15119, 29.146441300187984, 29.146441300187984, 'SEARCH'
10, 15120, 29.140668830889183, 29.140668830889183, 'SEARCH'
10, 15121, 29.128163516364225, 29.128163516364225, 'SEARCH'
10, 15122, 29.10160050277971, 29.10160050277971, 'SEARCH'
10, 15123, 29.091608743339112, 29.091608743339112, 'SEARCH'
10, 15124, 29.070227233163557, 29.070227233163557, 'SEARCH'
10, 15125, 29.04262754770752, 29.04262754770752, 'SEARCH'
10, 15126, 29.032021719371446, 29.032021719371446, 'SEARCH'
10, 15127, 29.004244367862114, 29.004244367862114, 'SEARCH'
10, 15128, 28.98980033115022, 28.98980033115022, 'SEARCH'
10, 15129, 28.966889987133317, 28.966889987133317, 'SEARCH'
10, 15130, 28.94449468680743, 28.94449468680743, 'SEARCH'
10, 15131, 28.92892177790616, 28.92892177790616, 'SEARCH'
10, 15132, 28.914329512176835, 28.914329512176835, 'SEARCH'
10, 15133, 28.90811539046187, 28.90811539046187, 'SEARCH'
10, 15134, 28.882777189350282, 28.882777189350282, 'SEARCH'
10, 15135, 28.874239505237526, 28.874239505237526, 'SEARCH'
10, 15136, 28.873343067434064, 28.873343067434064, 'SEARCH'
10, 15137, 28.875706354049203, 28.875706354049203, 'SEARCH'
10, 15138, 28.850871727669773, 28.850871727669773, 'SEARCH'
10, 15139, 28.83934105173196, 28.83934105173196, 'SEARCH'
10, 15140, 28.81572809822545, 28.81572809822545, 'SEARCH'
10, 15141, 28.790834879649562, 28.790834879649562, 'SEARCH'
10, 15142, 28.774982384899275, 28.774982384899275, 'SEARCH'
10, 15143, 28.747209148710645, 28.747209148710645, 'SEARCH'
10, 15144, 28.721115763541025, 28.721115763541025, 'SEARCH'
10, 15145, 28.693355185739815, 28.693355185739815, 'SEARCH'
10, 15146, 28.67782910179711, 28.67782910179711, 'SEARCH'
10, 15147, 28.659678358265865, 28.659678358265865, 'SEARCH'
10, 15148, 28.656761726401623, 28.656761726401623, 'SEARCH'
10, 15149, 28.634781160431622, 28.634781160431622, 'SEARCH'
10, 15150, 28.619449151034473, 28.619449151034473, 'SEARCH'
10, 15151, 28.620069551332445, 28.620069551332445, 'SEARCH'
10, 15152, 28.626788826174767, 28.626788826174767, 'SEARCH'
10, 15153, 28.62692461077665, 28.62692461077665, 'SEARCH'
10, 15154, 28.601169390976647, 28.601169390976647, 'SEARCH'
10, 15155, 28.593452650627736, 28.593452650627736, 'SEARCH'
10, 15156, 28.591318099596425, 28.591318099596425, 'SEARCH'
10, 15157, 28.56994290905454, 28.56994290905454, 'SEARCH'
10, 15158, 28.576912615748295, 28.576912615748295, 'SEARCH'
10, 15159, 28.54976737390208, 28.54976737390208, 'SEARCH'
10, 15160, 28.545318647691385, 28.545318647691385, 'SEARCH'
10, 15161, 28.543139631771776, 28.543139631771776, 'SEARCH'
10, 15162, 28.522245365280757, 28.522245365280757, 'SEARCH'
10, 15163, 28.510090399392844, 28.510090399392844, 'SEARCH'
10, 15164, 28.509025904250088, 28.509025904250088, 'SEARCH'
10, 15165, 28.48127418699024, 28.48127418699024, 'SEARCH'
10, 15166, 28.463625257909623, 28.463625257909623, 'SEARCH'
10, 15167, 28.43587731439083, 28.43587731439083, 'SEARCH'
10, 15168, 28.41448040063473, 28.41448040063473, 'SEARCH'
10, 15169, 28.420532069421384, 28.420532069421384, 'SEARCH'
10, 15170, 28.41604621626206, 28.41604621626206, 'SEARCH'
10, 15171, 28.407732698293394, 28.407732698293394, 'SEARCH'
10, 15172, 28.402759707276697, 28.402759707276697, 'SEARCH'
10, 15173, 28.38325367727543, 28.38325367727543, 'SEARCH'
10, 15174, 28.355757765344876, 28.355757765344876, 'SEARCH'
10, 15175, 28.355807491725542, 28.355807491725542, 'SEARCH'
10, 15176, 28.328877532898993, 28.328877532898993, 'SEARCH'
10, 15177, 28.306363386670593, 28.306363386670593, 'SEARCH'
10, 15178, 28.294474088112576, 28.294474088112576, 'SEARCH'
10, 15179, 28.279498939897493, 28.279498939897493, 'SEARCH'
10, 15180, 28.255178124187914, 28.255178124187914, 'SEARCH'
10, 15181, 28.262728497657996, 28.262728497657996, 'SEARCH'
10, 15182, 28.237069680752736, 28.237069680752736, 'SEARCH'
10, 15183, 28.24360975898099, 28.24360975898099, 'SEARCH'
10, 15184, 28.220944440778556, 28.220944440778556, 'SEARCH'
10, 15185, 28.2037791385283, 28.2037791385283, 'SEARCH'
10, 15186, 28.190557970605287, 28.190557970605287, 'SEARCH'
10, 15187, 28.185876343227537, 28.185876343227537, 'SEARCH'
10, 15188, 28.164595045716467, 28.164595045716467, 'SEARCH'
10, 15189, 28.155198296256525, 28.155198296256525, 'SEARCH'
10, 15190, 28.133625648271995, 28.133625648271995, 'SEARCH'
10, 15191, 28.117625659211534, 28.117625659211534, 'SEARCH'
10, 15192, 28.089848700330514, 28.089848700330514, 'SEARCH'
10, 15193, 28.065215685698952, 28.065215685698952, 'SEARCH'
10, 15194, 28.037572710707583, 28.037572710707583, 'SEARCH'
10, 15195, 28.01046946792388, 28.01046946792388, 'SEARCH'
10, 15196, 27.999785894174487, 27.999785894174487, 'SEARCH'
10, 15197, 28.00787172089872, 28.00787172089872, 'SEARCH'
10, 15198, 27.986472379589213, 27.986472379589213, 'SEARCH'
10, 15199, 27.975369155827735, 27.975369155827735, 'SEARCH'
10, 15200, 27.96113081338534, 27.96113081338534, 'SEARCH'
10, 15201, 27.935736696790695, 27.935736696790695, 'SEARCH'
10, 15202, 27.920938748750732, 27.920938748750732, 'SEARCH'
10, 15203, 27.9047858183, 27.9047858183, 'SEARCH'
10, 15204, 27.877008154228484, 27.877008154228484, 'SEARCH'
10, 15205, 27.859104706103356, 27.859104706103356, 'SEARCH'
10, 15206, 27.848092208662777, 27.848092208662777, 'SEARCH'
10, 15207, 27.853562584879025, 27.853562584879025, 'SEARCH'
10, 15208, 27.842723598165815, 27.842723598165815, 'SEARCH'
10, 15209, 27.816418994112745, 27.816418994112745, 'SEARCH'
10, 15210, 27.794137014736254, 27.794137014736254, 'SEARCH'
10, 15211, 27.792446742717242, 27.792446742717242, 'SEARCH'
10, 15212, 27.780348494835366, 27.780348494835366, 'SEARCH'
10, 15213, 27.772167250886298, 27.772167250886298, 'SEARCH'
10, 15214, 27.770493821506406, 27.770493821506406, 'SEARCH'
10, 15215, 27.776641096349742, 27.776641096349742, 'SEARCH'
10, 15216, 27.75029205726077, 27.75029205726077, 'SEARCH'
10, 15217, 27.729132328385244, 27.729132328385244, 'SEARCH'
10, 15218, 27.71083940478581, 27.71083940478581, 'SEARCH'
10, 15219, 27.68939339906917, 27.68939339906917, 'SEARCH'
10, 15220, 27.66565141249844, 27.66565141249844, 'SEARCH'
10, 15221, 27.66280724335479, 27.66280724335479, 'SEARCH'
10, 15222, 27.63594971239415, 27.63594971239415, 'SEARCH'
10, 15223, 27.62611741703306, 27.62611741703306, 'SEARCH'
10, 15224, 27.607551831288912, 27.607551831288912, 'SEARCH'
10, 15225, 27.595016828937222, 27.595016828937222, 'SEARCH'
10, 15226, 27.570019715805774, 27.570019715805774, 'SEARCH'
10, 15227, 27.56361859272963, 27.56361859272963, 'SEARCH'
10, 15228, 27.54023456773117, 27.54023456773117, 'SEARCH'
10, 15229, 27.5191147814151, 27.5191147814151, 'SEARCH'
10, 15230, 27.517028594704506, 27.517028594704506, 'SEARCH'
10, 15231, 27.494653844516684, 27.494653844516684, 'SEARCH'
10, 15232, 27.46747237850852, 27.46747237850852, 'SEARCH'
10, 15233, 27.439757494797675, 27.439757494797675, 'SEARCH'
10, 15234, 27.41233173078182, 27.41233173078182, 'SEARCH'
10, 15235, 27.405160277821945, 27.405160277821945, 'SEARCH'
10, 15236, 27.377864009917708, 27.377864009917708, 'SEARCH'
10, 15237, 27.37379562357762, 27.37379562357762, 'SEARCH'
10, 15238, 27.37851557325618, 27.37851557325618, 'SEARCH'
10, 15239, 27.367850705516215, 27.367850705516215, 'SEARCH'
10, 15240, 27.344014210149822, 27.344014210149822, 'SEARCH'
10, 15241, 27.336976919436896, 27.336976919436896, 'SEARCH'
10, 15242, 27.317675231224797, 27.317675231224797, 'SEARCH'
10, 15243, 27.30648865422341, 27.30648865422341, 'SEARCH'
10, 15244, 27.30741078321592, 27.30741078321592, 'SEARCH'
10, 15245, 27.29090305438533, 27.29090305438533, 'SEARCH'
10, 15246, 27.275863685599166, 27.275863685599166, 'SEARCH'
10, 15247, 27.27978343815198, 27.27978343815198, 'SEARCH'
10, 15248, 27.264957899722187, 27.264957899722187, 'SEARCH'
10, 15249, 27.268561864336966, 27.268561864336966, 'SEARCH'
10, 15250, 27.255130574206298, 27.255130574206298, 'SEARCH'
10, 15251, 27.244824167474, 27.244824167474, 'SEARCH'
10, 15252, 27.21754410048768, 27.21754410048768, 'SEARCH'
10, 15253, 27.193547990832325, 27.193547990832325, 'SEARCH'
10, 15254, 27.16672851441592, 27.16672851441592, 'SEARCH'
10, 15255, 27.138968243506863, 27.138968243506863, 'SEARCH'
10, 15256, 27.12638374411615, 27.12638374411615, 'SEARCH'
10, 15257, 27.110158867278802, 27.110158867278802, 'SEARCH'
10, 15258, 27.102536108108, 27.102536108108, 'SEARCH'
10, 15259, 27.07841098144487, 27.07841098144487, 'SEARCH'
10, 15260, 27.068255972844586, 27.068255972844586, 'SEARCH'
10, 15261, 27.055554683840242, 27.055554683840242, 'SEARCH'
10, 15262, 27.02816362105509, 27.02816362105509, 'SEARCH'
10, 15263, 27.00104894178999, 27.00104894178999, 'SEARCH'
10, 15264, 26.976638275439175, 26.976638275439175, 'SEARCH'
10, 15265, 26.953685989485482, 26.953685989485482, 'SEARCH'
10, 15266, 26.951736731724, 26.951736731724, 'SEARCH'
10, 15267, 26.937604492832318, 26.937604492832318, 'SEARCH'
10, 15268, 26.91262645475786, 26.91262645475786, 'SEARCH'
10, 15269, 26.886492069183834, 26.886492069183834, 'SEARCH'
10, 15270, 26.88683563595251, 26.88683563595251, 'SEARCH'
10, 15271, 26.861519377860084, 26.861519377860084, 'SEARCH'
10, 15272, 26.83393879400043, 26.83393879400043, 'SEARCH'
10, 15273, 26.807338917505074, 26.807338917505074, 'SEARCH'
10, 15274, 26.781478150357454, 26.781478150357454, 'SEARCH'
10, 15275, 26.78786615196915, 26.78786615196915, 'SEARCH'
10, 15276, 26.768528492975374, 26.768528492975374, 'SEARCH'
10, 15277, 26.75315471388159, 26.75315471388159, 'SEARCH'
10, 15278, 26.728193755605517, 26.728193755605517, 'SEARCH'
10, 15279, 26.71610090234267, 26.71610090234267, 'SEARCH'
10, 15280, 26.715047695621465, 26.715047695621465, 'SEARCH'
10, 15281, 26.697415122691716, 26.697415122691716, 'SEARCH'
10, 15282, 26.68447944896194, 26.68447944896194, 'SEARCH'
10, 15283, 26.682131167688226, 26.682131167688226, 'SEARCH'
10, 15284, 26.679359594432196, 26.679359594432196, 'SEARCH'
10, 15285, 26.651601499792704, 26.651601499792704, 'SEARCH'
10, 15286, 26.65555370919215, 26.65555370919215, 'SEARCH'
10, 15287, 26.63467039535133, 26.63467039535133, 'SEARCH'
10, 15288, 26.62981807682047, 26.62981807682047, 'SEARCH'
10, 15289, 26.61069886352209, 26.61069886352209, 'SEARCH'
10, 15290, 26.58311882443607, 26.58311882443607, 'SEARCH'
10, 15291, 26.555374992397695, 26.555374992397695, 'SEARCH'
10, 15292, 26.538602271660697, 26.538602271660697, 'SEARCH'
10, 15293, 26.52709570373919, 26.52709570373919, 'SEARCH'
10, 15294, 26.502601215985347, 26.502601215985347, 'SEARCH'
10, 15295, 26.499679647671506, 26.499679647671506, 'SEARCH'
10, 15296, 26.502350539704295, 26.502350539704295, 'SEARCH'
10, 15297, 26.48639228804659, 26.48639228804659, 'SEARCH'
10, 15298, 26.461124733869525, 26.461124733869525, 'SEARCH'
10, 15299, 26.467692610283837, 26.467692610283837, 'SEARCH'
10, 15300, 26.44975410641473, 26.44975410641473, 'SEARCH'
10, 15301, 26.42310694962404, 26.42310694962404, 'SEARCH'
10, 15302, 26.40953952330782, 26.40953952330782, 'SEARCH'
10, 15303, 26.38724572599277, 26.38724572599277, 'SEARCH'
10, 15304, 26.383708507618778, 26.383708507618778, 'SEARCH'
10, 15305, 26.355933269171548, 26.355933269171548, 'SEARCH'
10, 15306, 26.337442520127208, 26.337442520127208, 'SEARCH'
10, 15307, 26.31956355078519, 26.31956355078519, 'SEARCH'
10, 15308, 26.313122237427855, 26.313122237427855, 'SEARCH'
10, 15309, 26.309320221881773, 26.309320221881773, 'SEARCH'
10, 15310, 26.310937858762305, 26.310937858762305, 'SEARCH'
10, 15311, 26.285534291515187, 26.285534291515187, 'SEARCH'
10, 15312, 26.270961947684558, 26.270961947684558, 'SEARCH'
10, 15313, 26.265680573276164, 26.265680573276164, 'SEARCH'
10, 15314, 26.249923936439483, 26.249923936439483, 'SEARCH'
10, 15315, 26.25188905232508, 26.25188905232508, 'SEARCH'
10, 15316, 26.224121674087904, 26.224121674087904, 'SEARCH'
10, 15317, 26.218073270914534, 26.218073270914534, 'SEARCH'
10, 15318, 26.20860134409735, 26.20860134409735, 'SEARCH'
10, 15319, 26.202167067085174, 26.202167067085174, 'SEARCH'
10, 15320, 26.20029190936162, 26.20029190936162, 'SEARCH'
10, 15321, 26.189722253683602, 26.189722253683602, 'SEARCH'
10, 15322, 26.190293876092593, 26.190293876092593, 'SEARCH'
10, 15323, 26.18514585728274, 26.18514585728274, 'SEARCH'
10, 15324, 26.16522230889001, 26.16522230889001, 'SEARCH'
10, 15325, 26.16513959731073, 26.16513959731073, 'SEARCH'
10, 15326, 26.138481966487692, 26.138481966487692, 'SEARCH'
10, 15327, 26.138391374937676, 26.138391374937676, 'SEARCH'
10, 15328, 26.122580466014607, 26.122580466014607, 'SEARCH'
10, 15329, 26.107094157228147, 26.107094157228147, 'SEARCH'
10, 15330, 26.087904079961888, 26.087904079961888, 'SEARCH'
10, 15331, 26.066294209902253, 26.066294209902253, 'SEARCH'
10, 15332, 26.039273476329672, 26.039273476329672, 'SEARCH'
10, 15333, 26.027843212761606, 26.027843212761606, 'SEARCH'
10, 15334, 26.00448943020248, 26.00448943020248, 'SEARCH'
10, 15335, 25.98305829032303, 25.98305829032303, 'SEARCH'
10, 15336, 25.973931841565562, 25.973931841565562, 'SEARCH'
10, 15337, 25.95619214090347, 25.95619214090347, 'SEARCH'
10, 15338, 25.92891426003213, 25.92891426003213, 'SEARCH'
10, 15339, 25.929513339883417, 25.929513339883417, 'SEARCH'
10, 15340, 25.93081837395035, 25.93081837395035, 'SEARCH'
10, 15341, 25.903321140186833, 25.903321140186833, 'SEARCH'
10, 15342, 25.881759149677308, 25.881759149677308, 'SEARCH'
10, 15343, 25.869259370531214, 25.869259370531214, 'SEARCH'
10, 15344, 25.851687370688644, 25.851687370688644, 'SEARCH'
10, 15345, 25.832155099889825, 25.832155099889825, 'SEARCH'
10, 15346, 25.820897596336625, 25.820897596336625, 'SEARCH'
10, 15347, 25.824001166790904, 25.824001166790904, 'SEARCH'
10, 15348, 25.80308247941948, 25.80308247941948, 'SEARCH'
10, 15349, 25.791437371430703, 25.791437371430703, 'SEARCH'
10, 15350, 25.791287075850175, 25.791287075850175, 'SEARCH'
10, 15351, 25.78322169380964, 25.78322169380964, 'SEARCH'
10, 15352, 25.771672887099715, 25.771672887099715, 'SEARCH'
10, 15353, 25.771637325375572, 25.771637325375572, 'SEARCH'
10, 15354, 25.76005355667573, 25.76005355667573, 'SEARCH'
10, 15355, 25.73247349317837, 25.73247349317837, 'SEARCH'
10, 15356, 25.705545715171002, 25.705545715171002, 'SEARCH'
10, 15357, 25.685887228534096, 25.685887228534096, 'SEARCH'
10, 15358, 25.667864516277916, 25.667864516277916, 'SEARCH'
10, 15359, 25.641285765237416, 25.641285765237416, 'SEARCH'
10, 15360, 25.639005049849395, 25.639005049849395, 'SEARCH'
10, 15361, 25.634033854424338, 25.634033854424338, 'SEARCH'
10, 15362, 25.61651602220035, 25.61651602220035, 'SEARCH'
10, 15363, 25.59777473333719, 25.59777473333719, 'SEARCH'
10, 15364, 25.584359614015348, 25.584359614015348, 'SEARCH'
10, 15365, 25.55703962896621, 25.55703962896621, 'SEARCH'
10, 15366, 25.5346551474508, 25.5346551474508, 'SEARCH'
10, 15367, 25.53902959727361, 25.53902959727361, 'SEARCH'
10, 15368, 25.527045393247697, 25.527045393247697, 'SEARCH'
10, 15369, 25.524562041651397, 25.524562041651397, 'SEARCH'
10, 15370, 25.52274154594738, 25.52274154594738, 'SEARCH'
10, 15371, 25.522929505385477, 25.522929505385477, 'SEARCH'
10, 15372, 25.511296752402696, 25.511296752402696, 'SEARCH'
10, 15373, 25.490224688638083, 25.490224688638083, 'SEARCH'
10, 15374, 25.464429061090648, 25.464429061090648, 'SEARCH'
10, 15375, 25.436893105328448, 25.436893105328448, 'SEARCH'
10, 15376, 25.41427628302302, 25.41427628302302, 'SEARCH'
10, 15377, 25.416172477946624, 25.416172477946624, 'SEARCH'
10, 15378, 25.388560124859012, 25.388560124859012, 'SEARCH'
10, 15379, 25.367036852586498, 25.367036852586498, 'SEARCH'
10, 15380, 25.3604084658712, 25.3604084658712, 'SEARCH'
10, 15381, 25.35253581327472, 25.35253581327472, 'SEARCH'
10, 15382, 25.33285299040814, 25.33285299040814, 'SEARCH'
10, 15383, 25.306530054373994, 25.306530054373994, 'SEARCH'
10, 15384, 25.298152775820853, 25.298152775820853, 'SEARCH'
10, 15385, 25.302881569659775, 25.302881569659775, 'SEARCH'
10, 15386, 25.280731159561125, 25.280731159561125, 'SEARCH'
10, 15387, 25.27201650546718, 25.27201650546718, 'SEARCH'
10, 15388, 25.25815190344455, 25.25815190344455, 'SEARCH'
10, 15389, 25.230608847676653, 25.230608847676653, 'SEARCH'
10, 15390, 25.205509290489566, 25.205509290489566, 'SEARCH'
10, 15391, 25.198290946766022, 25.198290946766022, 'SEARCH'
10, 15392, 25.187544032023272, 25.187544032023272, 'SEARCH'
10, 15393, 25.168800727599432, 25.168800727599432, 'SEARCH'
10, 15394, 25.164450032092464, 25.164450032092464, 'SEARCH'
10, 15395, 25.159976683586372, 25.159976683586372, 'SEARCH'
10, 15396, 25.132215768800023, 25.132215768800023, 'SEARCH'
10, 15397, 25.106838823985292, 25.106838823985292, 'SEARCH'
10, 15398, 25.103591383042005, 25.103591383042005, 'SEARCH'
10, 15399, 25.07670243837207, 25.07670243837207, 'SEARCH'
10, 15400, 25.050094939534855, 25.050094939534855, 'SEARCH'
10, 15401, 25.042673006873624, 25.042673006873624, 'SEARCH'
10, 15402, 25.042303485344018, 25.042303485344018, 'SEARCH'
10, 15403, 25.022167766878788, 25.022167766878788, 'SEARCH'
10, 15404, 25.010439184937553, 25.010439184937553, 'SEARCH'
10, 15405, 24.983338934865124, 24.983338934865124, 'SEARCH'
10, 15406, 24.95579965393489, 24.95579965393489, 'SEARCH'
10, 15407, 24.94343632354706, 24.94343632354706, 'SEARCH'
10, 15408, 24.920184948506275, 24.920184948506275, 'SEARCH'
10, 15409, 24.91644223590924, 24.91644223590924, 'SEARCH'
10, 15410, 24.889817815185445, 24.889817815185445, 'SEARCH'
10, 15411, 24.872199526070023, 24.872199526070023, 'SEARCH'
10, 15412, 24.8450330992533, 24.8450330992533, 'SEARCH'
10, 15413, 24.82641309124457, 24.82641309124457, 'SEARCH'
10, 15414, 24.81307036623484, 24.81307036623484, 'SEARCH'
10, 15415, 24.7854186048668, 24.7854186048668, 'SEARCH'
10, 15416, 24.75764854973867, 24.75764854973867, 'SEARCH'
10, 15417, 24.746215954356295, 24.746215954356295, 'SEARCH'
10, 15418, 24.719497887646284, 24.719497887646284, 'SEARCH'
10, 15419, 24.71247831163833, 24.71247831163833, 'SEARCH'
10, 15420, 24.708871384414543, 24.708871384414543, 'SEARCH'
10, 15421, 24.689360490116375, 24.689360490116375, 'SEARCH'
10, 15422, 24.691441675863143, 24.691441675863143, 'SEARCH'
10, 15423, 24.669361977689192, 24.669361977689192, 'SEARCH'
10, 15424, 24.670436379340565, 24.670436379340565, 'SEARCH'
10, 15425, 24.64817512191751, 24.64817512191751, 'SEARCH'
10, 15426, 24.625467684338524, 24.625467684338524, 'SEARCH'
10, 15427, 24.598164486020377, 24.598164486020377, 'SEARCH'
10, 15428, 24.58361604636629, 24.58361604636629, 'SEARCH'
10, 15429, 24.578104210263646, 24.578104210263646, 'SEARCH'
10, 15430, 24.554660347758617, 24.554660347758617, 'SEARCH'
10, 15431, 24.555181150515946, 24.555181150515946, 'SEARCH'
10, 15432, 24.540852265061403, 24.540852265061403, 'SEARCH'
10, 15433, 24.529073068879008, 24.529073068879008, 'SEARCH'
10, 15434, 24.52571062844899, 24.52571062844899, 'SEARCH'
10, 15435, 24.50860101460324, 24.50860101460324, 'SEARCH'
10, 15436, 24.498138283603407, 24.498138283603407, 'SEARCH'
10, 15437, 24.473822362137764, 24.473822362137764, 'SEARCH'
10, 15438, 24.451761391712527, 24.451761391712527, 'SEARCH'
10, 15439, 24.45359090810581, 24.45359090810581, 'SEARCH'
10, 15440, 24.441552282601297, 24.441552282601297, 'SEARCH'
10, 15441, 24.432199836497976, 24.432199836497976, 'SEARCH'
10, 15442, 24.40540331251281, 24.40540331251281, 'SEARCH'
10, 15443, 24.3777805762287, 24.3777805762287, 'SEARCH'
10, 15444, 24.361857479568567, 24.361857479568567, 'SEARCH'
10, 15445, 24.33857303260715, 24.33857303260715, 'SEARCH'
10, 15446, 24.312701145997877, 24.312701145997877, 'SEARCH'
10, 15447, 24.29334822341921, 24.29334822341921, 'SEARCH'
10, 15448, 24.2727385086743, 24.2727385086743, 'SEARCH'
10, 15449, 24.24859741920684, 24.24859741920684, 'SEARCH'
10, 15450, 24.249112183983275, 24.249112183983275, 'SEARCH'
10, 15451, 24.235557767514653, 24.235557767514653, 'SEARCH'
10, 15452, 24.22823465627362, 24.22823465627362, 'SEARCH'
10, 15453, 24.208079446883296, 24.208079446883296, 'SEARCH'
10, 15454, 24.200703234328603, 24.200703234328603, 'SEARCH'
10, 15455, 24.182727033773546, 24.182727033773546, 'SEARCH'
10, 15456, 24.158279030001918, 24.158279030001918, 'SEARCH'
10, 15457, 24.13055906062274, 24.13055906062274, 'SEARCH'
10, 15458, 24.11105519246461, 24.11105519246461, 'SEARCH'
10, 15459, 24.112320986211834, 24.112320986211834, 'SEARCH'
10, 15460, 24.093312213450115, 24.093312213450115, 'SEARCH'
10, 15461, 24.09658723864674, 24.09658723864674, 'SEARCH'
10, 15462, 24.090182397112127, 24.090182397112127, 'SEARCH'
10, 15463, 24.07640232579411, 24.07640232579411, 'SEARCH'
10, 15464, 24.072046603128275, 24.072046603128275, 'SEARCH'
10, 15465, 24.069379621406494, 24.069379621406494, 'SEARCH'
10, 15466, 24.057647576612556, 24.057647576612556, 'SEARCH'
10, 15467, 24.055388843579692, 24.055388843579692, 'SEARCH'
10, 15468, 24.028234950530376, 24.028234950530376, 'SEARCH'
10, 15469, 24.00517120283262, 24.00517120283262, 'SEARCH'
10, 15470, 23.978001299474478, 23.978001299474478, 'SEARCH'
10, 15471, 23.954529521955784, 23.954529521955784, 'SEARCH'
10, 15472, 23.950929647845626, 23.950929647845626, 'SEARCH'
10, 15473, 23.92396489011473, 23.92396489011473, 'SEARCH'
10, 15474, 23.897324244874735, 23.897324244874735, 'SEARCH'
10, 15475, 23.89882494565531, 23.89882494565531, 'SEARCH'
10, 15476, 23.873129505973335, 23.873129505973335, 'SEARCH'
10, 15477, 23.84548636168088, 23.84548636168088, 'SEARCH'
10, 15478, 23.823763358142415, 23.823763358142415, 'SEARCH'
10, 15479, 23.79673775032392, 23.79673775032392, 'SEARCH'
10, 15480, 23.77518681333537, 23.77518681333537, 'SEARCH'
10, 15481, 23.76934283704658, 23.76934283704658, 'SEARCH'
10, 15482, 23.769908713919776, 23.769908713919776, 'SEARCH'
10, 15483, 23.76267249505227, 23.76267249505227, 'SEARCH'
10, 15484, 23.736426247776063, 23.736426247776063, 'SEARCH'
10, 15485, 23.70867455075741, 23.70867455075741, 'SEARCH'
10, 15486, 23.709374476565483, 23.709374476565483, 'SEARCH'
10, 15487, 23.683958949212645, 23.683958949212645, 'SEARCH'
10, 15488, 23.6561999902076, 23.6561999902076, 'SEARCH'
10, 15489, 23.63691247469672, 23.63691247469672, 'SEARCH'
10, 15490, 23.610460355312096, 23.610460355312096, 'SEARCH'
10, 15491, 23.58268636425203, 23.58268636425203, 'SEARCH'
10, 15492, 23.562091933472523, 23.562091933472523, 'SEARCH'
10, 15493, 23.53479790506076, 23.53479790506076, 'SEARCH'
10, 15494, 23.50835108351143, 23.50835108351143, 'SEARCH'
10, 15495, 23.483350863142224, 23.483350863142224, 'SEARCH'
10, 15496, 23.507147167534676, 23.507147167534676, 'SEARCH'
10, 15497, 23.531427391301097, 23.531427391301097, 'SEARCH'
10, 15498, 23.54043864713684, 23.54043864713684, 'SEARCH'
10, 15499, 23.541376063437124, 23.541376063437124, 'SEARCH'
10, 15500, 23.564657380462585, 23.564657380462585, 'SEARCH'
10, 15501, 23.592431449494775, 23.592431449494775, 'SEARCH'
10, 15502, 23.61697548625539, 23.61697548625539, 'SEARCH'
10, 15503, 23.591988874494493, 23.591988874494493, 'SEARCH'
10, 15504, 23.58617656452732, 23.58617656452732, 'SEARCH'
10, 15505, 23.597445650146366, 23.597445650146366, 'SEARCH'
10, 15506, 23.60271597888356, 23.60271597888356, 'SEARCH'
10, 15507, 23.628971494480627, 23.628971494480627, 'SEARCH'
10, 15508, 23.651463109017417, 23.651463109017417, 'SEARCH'
10, 15509, 23.648519330855752, 23.648519330855752, 'SEARCH'
10, 15510, 23.67614859075365, 23.67614859075365, 'SEARCH'
10, 15511, 23.699421869586963, 23.699421869586963, 'SEARCH'
10, 15512, 23.67974777815017, 23.67974777815017, 'SEARCH'
10, 15513, 23.6578354939593, 23.6578354939593, 'SEARCH'
10, 15514, 23.67042019454353, 23.67042019454353, 'SEARCH'
10, 15515, 23.662736369092972, 23.662736369092972, 'SEARCH'
10, 15516, 23.69009595616193, 23.69009595616193, 'SEARCH'
10, 15517, 23.717870003241764, 23.717870003241764, 'SEARCH'
10, 15518, 23.701123817607677, 23.701123817607677, 'SEARCH'
10, 15519, 23.720399250796376, 23.720399250796376, 'SEARCH'
10, 15520, 23.728026906177266, 23.728026906177266, 'SEARCH'
10, 15521, 23.713283568155955, 23.713283568155955, 'SEARCH'
10, 15522, 23.707963665809014, 23.707963665809014, 'SEARCH'
10, 15523, 23.732012828087964, 23.732012828087964, 'SEARCH'
10, 15524, 23.754186426769024, 23.754186426769024, 'SEARCH'
10, 15525, 23.731701693273333, 23.731701693273333, 'SEARCH'
10, 15526, 23.757072971756156, 23.757072971756156, 'SEARCH'
10, 15527, 23.77770475835035, 23.77770475835035, 'SEARCH'
10, 15528, 23.75983528898904, 23.75983528898904, 'SEARCH'
10, 15529, 23.775759215822106, 23.775759215822106, 'SEARCH'
10, 15530, 23.798794089821175, 23.798794089821175, 'SEARCH'
10, 15531, 23.803598855058752, 23.803598855058752, 'SEARCH'
10, 15532, 23.830304898849725, 23.830304898849725, 'SEARCH'
10, 15533, 23.819877300387837, 23.819877300387837, 'SEARCH'
10, 15534, 23.807251547686633, 23.807251547686633, 'SEARCH'
10, 15535, 23.782497052910884, 23.782497052910884, 'SEARCH'
10, 15536, 23.806791412699443, 23.806791412699443, 'SEARCH'
10, 15537, 23.82150710446633, 23.82150710446633, 'SEARCH'
10, 15538, 23.846035664226395, 23.846035664226395, 'SEARCH'
10, 15539, 23.837901807082385, 23.837901807082385, 'SEARCH'
10, 15540, 23.83451003336275, 23.83451003336275, 'SEARCH'
10, 15541, 23.8530961496275, 23.8530961496275, 'SEARCH'
10, 15542, 23.849227963960196, 23.849227963960196, 'SEARCH'
10, 15543, 23.838377311943088, 23.838377311943088, 'SEARCH'
10, 15544, 23.858699640598008, 23.858699640598008, 'SEARCH'
10, 15545, 23.886438912824346, 23.886438912824346, 'SEARCH'
10, 15546, 23.91400978913764, 23.91400978913764, 'SEARCH'
10, 15547, 23.907756257286888, 23.907756257286888, 'SEARCH'
10, 15548, 23.935023480997437, 23.935023480997437, 'SEARCH'
10, 15549, 23.948906664188204, 23.948906664188204, 'SEARCH'
10, 15550, 23.954676110264966, 23.954676110264966, 'SEARCH'
10, 15551, 23.982348438222814, 23.982348438222814, 'SEARCH'
10, 15552, 23.958287100828127, 23.958287100828127, 'SEARCH'
10, 15553, 23.985554882324145, 23.985554882324145, 'SEARCH'
10, 15554, 23.988930694976165, 23.988930694976165, 'SEARCH'
10, 15555, 23.964401672819154, 23.964401672819154, 'SEARCH'
10, 15556, 23.954449336935326, 23.954449336935326, 'SEARCH'
10, 15557, 23.943159583851745, 23.943159583851745, 'SEARCH'
10, 15558, 23.966464875565226, 23.966464875565226, 'SEARCH'
10, 15559, 23.951346986979797, 23.951346986979797, 'SEARCH'
10, 15560, 23.928329759348205, 23.928329759348205, 'SEARCH'
10, 15561, 23.92070106680573, 23.92070106680573, 'SEARCH'
10, 15562, 23.904402334423196, 23.904402334423196, 'SEARCH'
10, 15563, 23.900099586414257, 23.900099586414257, 'SEARCH'
10, 15564, 23.92525412186577, 23.92525412186577, 'SEARCH'
10, 15565, 23.910568624053766, 23.910568624053766, 'SEARCH'
10, 15566, 23.896721522987146, 23.896721522987146, 'SEARCH'
10, 15567, 23.92435289721254, 23.92435289721254, 'SEARCH'
10, 15568, 23.900822183509728, 23.900822183509728, 'SEARCH'
10, 15569, 23.928399874155193, 23.928399874155193, 'SEARCH'
10, 15570, 23.951399935535886, 23.951399935535886, 'SEARCH'
10, 15571, 23.977348122513447, 23.977348122513447, 'SEARCH'
10, 15572, 23.986427873102592, 23.986427873102592, 'SEARCH'
10, 15573, 23.98164414020948, 23.98164414020948, 'SEARCH'
10, 15574, 23.997614652407965, 23.997614652407965, 'SEARCH'
10, 15575, 24.02445781169121, 24.02445781169121, 'SEARCH'
10, 15576, 24.049850564755367, 24.049850564755367, 'SEARCH'
10, 15577, 24.06882142253449, 24.06882142253449, 'SEARCH'
10, 15578, 24.094563436338817, 24.094563436338817, 'SEARCH'
10, 15579, 24.121522555545997, 24.121522555545997, 'SEARCH'
10, 15580, 24.11388632756223, 24.11388632756223, 'SEARCH'
10, 15581, 24.09060494640674, 24.09060494640674, 'SEARCH'
10, 15582, 24.065654199110963, 24.065654199110963, 'SEARCH'
10, 15583, 24.083911348365913, 24.083911348365913, 'SEARCH'
10, 15584, 24.075368564244993, 24.075368564244993, 'SEARCH'
10, 15585, 24.055421450508714, 24.055421450508714, 'SEARCH'
10, 15586, 24.080572145748892, 24.080572145748892, 'SEARCH'
10, 15587, 24.0658943059083, 24.0658943059083, 'SEARCH'
10, 15588, 24.093600364170324, 24.093600364170324, 'SEARCH'
10, 15589, 24.103601745913323, 24.103601745913323, 'SEARCH'
10, 15590, 24.12832830684405, 24.12832830684405, 'SEARCH'
10, 15591, 24.124505624815082, 24.124505624815082, 'SEARCH'
10, 15592, 24.121651028886404, 24.121651028886404, 'SEARCH'
10, 15593, 24.114514363761604, 24.114514363761604, 'SEARCH'
10, 15594, 24.11651278640701, 24.11651278640701, 'SEARCH'
10, 15595, 24.1010336369288, 24.1010336369288, 'SEARCH'
10, 15596, 24.08980194783924, 24.08980194783924, 'SEARCH'
10, 15597, 24.11748087084132, 24.11748087084132, 'SEARCH'
10, 15598, 24.134640356627916, 24.134640356627916, 'SEARCH'
10, 15599, 24.155005326940284, 24.155005326940284, 'SEARCH'
10, 15600, 24.176548003218745, 24.176548003218745, 'SEARCH'
10, 15601, 24.20418008614679, 24.20418008614679, 'SEARCH'
10, 15602, 24.204236299247643, 24.204236299247643, 'SEARCH'
10, 15603, 24.220612886342074, 24.220612886342074, 'SEARCH'
10, 15604, 24.24216208930186, 24.24216208930186, 'SEARCH'
10, 15605, 24.269829559904768, 24.269829559904768, 'SEARCH'
10, 15606, 24.294102725687374, 24.294102725687374, 'SEARCH'
10, 15607, 24.28066783643363, 24.28066783643363, 'SEARCH'
10, 15608, 24.302529860701554, 24.302529860701554, 'SEARCH'
10, 15609, 24.32185161554333, 24.32185161554333, 'SEARCH'
10, 15610, 24.301231658321274, 24.301231658321274, 'SEARCH'
10, 15611, 24.32890741057405, 24.32890741057405, 'SEARCH'
10, 15612, 24.351401283297516, 24.351401283297516, 'SEARCH'
10, 15613, 24.379113691983072, 24.379113691983072, 'SEARCH'
10, 15614, 24.367398413373692, 24.367398413373692, 'SEARCH'
10, 15615, 24.39517617061091, 24.39517617061091, 'SEARCH'
10, 15616, 24.38801268068077, 24.38801268068077, 'SEARCH'
10, 15617, 24.393820436374856, 24.393820436374856, 'SEARCH'
10, 15618, 24.414487618543486, 24.414487618543486, 'SEARCH'
10, 15619, 24.405936412959548, 24.405936412959548, 'SEARCH'
10, 15620, 24.430211561916323, 24.430211561916323, 'SEARCH'
10, 15621, 24.45632524122185, 24.45632524122185, 'SEARCH'
10, 15622, 24.47228051904861, 24.47228051904861, 'SEARCH'
10, 15623, 24.499226523812418, 24.499226523812418, 'SEARCH'
10, 15624, 24.4845231446869, 24.4845231446869, 'SEARCH'
10, 15625, 24.51136145322254, 24.51136145322254, 'SEARCH'
10, 15626, 24.492790645464023, 24.492790645464023, 'SEARCH'
10, 15627, 24.518534548076456, 24.518534548076456, 'SEARCH'
10, 15628, 24.495792756740485, 24.495792756740485, 'SEARCH'
10, 15629, 24.510946813959414, 24.510946813959414, 'SEARCH'
10, 15630, 24.53613477795184, 24.53613477795184, 'SEARCH'
10, 15631, 24.56308116565842, 24.56308116565842, 'SEARCH'
10, 15632, 24.59085439305036, 24.59085439305036, 'SEARCH'
10, 15633, 24.617276008688698, 24.617276008688698, 'SEARCH'
10, 15634, 24.61009216437715, 24.61009216437715, 'SEARCH'
10, 15635, 24.631363389996093, 24.631363389996093, 'SEARCH'
10, 15636, 24.638087086567268, 24.638087086567268, 'SEARCH'
10, 15637, 24.63712428184971, 24.63712428184971, 'SEARCH'
10, 15638, 24.659871866750077, 24.659871866750077, 'SEARCH'
10, 15639, 24.651753458333165, 24.651753458333165, 'SEARCH'
10, 15640, 24.628730062339166, 24.628730062339166, 'SEARCH'
10, 15641, 24.654306711172364, 24.654306711172364, 'SEARCH'
10, 15642, 24.65674117925622, 24.65674117925622, 'SEARCH'
10, 15643, 24.635788578404334, 24.635788578404334, 'SEARCH'
10, 15644, 24.6598578062649, 24.6598578062649, 'SEARCH'
10, 15645, 24.663265164479675, 24.663265164479675, 'SEARCH'
10, 15646, 24.679219205253, 24.679219205253, 'SEARCH'
10, 15647, 24.702262522031436, 24.702262522031436, 'SEARCH'
10, 15648, 24.72226000428301, 24.72226000428301, 'SEARCH'
10, 15649, 24.744745055401378, 24.744745055401378, 'SEARCH'
10, 15650, 24.73172020842421, 24.73172020842421, 'SEARCH'
10, 15651, 24.708176888953606, 24.708176888953606, 'SEARCH'
10, 15652, 24.72453176358956, 24.72453176358956, 'SEARCH'
10, 15653, 24.75204388271066, 24.75204388271066, 'SEARCH'
10, 15654, 24.76111339723205, 24.76111339723205, 'SEARCH'
10, 15655, 24.756797270808256, 24.756797270808256, 'SEARCH'
10, 15656, 24.76021765497355, 24.76021765497355, 'SEARCH'
10, 15657, 24.785376270208904, 24.785376270208904, 'SEARCH'
10, 15658, 24.81014045865675, 24.81014045865675, 'SEARCH'
10, 15659, 24.83204613271491, 24.83204613271491, 'SEARCH'
10, 15660, 24.82629446746781, 24.82629446746781, 'SEARCH'
10, 15661, 24.854056363387695, 24.854056363387695, 'SEARCH'
10, 15662, 24.877098277017065, 24.877098277017065, 'SEARCH'
10, 15663, 24.904772110567187, 24.904772110567187, 'SEARCH'
10, 15664, 24.932481264410274, 24.932481264410274, 'SEARCH'
10, 15665, 24.957659174282398, 24.957659174282398, 'SEARCH'
10, 15666, 24.943354293334124, 24.943354293334124, 'SEARCH'
10, 15667, 24.958895456954913, 24.958895456954913, 'SEARCH'
10, 15668, 24.98192969221065, 24.98192969221065, 'SEARCH'
10, 15669, 25.005483130868058, 25.005483130868058, 'SEARCH'
10, 15670, 25.032653494033458, 25.032653494033458, 'SEARCH'
10, 15671, 25.026870521526238, 25.026870521526238, 'SEARCH'
10, 15672, 25.054644038360987, 25.054644038360987, 'SEARCH'
10, 15673, 25.06182508630564, 25.06182508630564, 'SEARCH'
10, 15674, 25.062303968270836, 25.062303968270836, 'SEARCH'
10, 15675, 25.04371604473697, 25.04371604473697, 'SEARCH'
10, 15676, 25.055461716013514, 25.055461716013514, 'SEARCH'
10, 15677, 25.032169805504477, 25.032169805504477, 'SEARCH'
10, 15678, 25.039375373998013, 25.039375373998013, 'SEARCH'
10, 15679, 25.062661162791027, 25.062661162791027, 'SEARCH'
10, 15680, 25.088226439405442, 25.088226439405442, 'SEARCH'
10, 15681, 25.07737526965086, 25.07737526965086, 'SEARCH'
10, 15682, 25.067429750455904, 25.067429750455904, 'SEARCH'
10, 15683, 25.061197423863458, 25.061197423863458, 'SEARCH'
10, 15684, 25.036240989195523, 25.036240989195523, 'SEARCH'
10, 15685, 25.014982136816812, 25.014982136816812, 'SEARCH'
10, 15686, 24.992532845610654, 24.992532845610654, 'SEARCH'
10, 15687, 25.013528625262044, 25.013528625262044, 'SEARCH'
10, 15688, 25.00732486955148, 25.00732486955148, 'SEARCH'
10, 15689, 25.02954060214956, 25.02954060214956, 'SEARCH'
10, 15690, 25.05404364692652, 25.05404364692652, 'SEARCH'
10, 15691, 25.05069914257785, 25.05069914257785, 'SEARCH'
10, 15692, 25.030749899672674, 25.030749899672674, 'SEARCH'
10, 15693, 25.056148478531796, 25.056148478531796, 'SEARCH'
10, 15694, 25.083885499658173, 25.083885499658173, 'SEARCH'
10, 15695, 25.10102123474037, 25.10102123474037, 'SEARCH'
10, 15696, 25.12858673526626, 25.12858673526626, 'SEARCH'
10, 15697, 25.15632825653275, 25.15632825653275, 'SEARCH'
10, 15698, 25.173452221322666, 25.173452221322666, 'SEARCH'
10, 15699, 25.20089232238728, 25.20089232238728, 'SEARCH'
10, 15700, 25.21352227244653, 25.21352227244653, 'SEARCH'
10, 15701, 25.223043953603977, 25.223043953603977, 'SEARCH'
10, 15702, 25.24464677582061, 25.24464677582061, 'SEARCH'
10, 15703, 25.25462202384953, 25.25462202384953, 'SEARCH'
10, 15704, 25.2503002942384, 25.2503002942384, 'SEARCH'
10, 15705, 25.226019750672677, 25.226019750672677, 'SEARCH'
10, 15706, 25.205080713827165, 25.205080713827165, 'SEARCH'
10, 15707, 25.23189985985511, 25.23189985985511, 'SEARCH'
10, 15708, 25.23387609943664, 25.23387609943664, 'SEARCH'
10, 15709, 25.256928891268462, 25.256928891268462, 'SEARCH'
10, 15710, 25.27209105246207, 25.27209105246207, 'SEARCH'
10, 15711, 25.260829248755453, 25.260829248755453, 'SEARCH'
10, 15712, 25.283831698235065, 25.283831698235065, 'SEARCH'
10, 15713, 25.259099054206114, 25.259099054206114, 'SEARCH'
10, 15714, 25.283371206896884, 25.283371206896884, 'SEARCH'
10, 15715, 25.307915601135083, 25.307915601135083, 'SEARCH'
10, 15716, 25.333277794838782, 25.333277794838782, 'SEARCH'
10, 15717, 25.33475767838128, 25.33475767838128, 'SEARCH'
10, 15718, 25.351499140005632, 25.351499140005632, 'SEARCH'
10, 15719, 25.36745645789701, 25.36745645789701, 'SEARCH'
10, 15720, 25.356185577060234, 25.356185577060234, 'SEARCH'
10, 15721, 25.3839451109075, 25.3839451109075, 'SEARCH'
10, 15722, 25.407486122967857, 25.407486122967857, 'SEARCH'
10, 15723, 25.390786140402174, 25.390786140402174, 'SEARCH'
10, 15724, 25.384094696721295, 25.384094696721295, 'SEARCH'
10, 15725, 25.403761869603613, 25.403761869603613, 'SEARCH'
10, 15726, 25.38380397941229, 25.38380397941229, 'SEARCH'
10, 15727, 25.358856187299928, 25.358856187299928, 'SEARCH'
10, 15728, 25.38135886306192, 25.38135886306192, 'SEARCH'
10, 15729, 25.374685539533505, 25.374685539533505, 'SEARCH'
10, 15730, 25.358797536382117, 25.358797536382117, 'SEARCH'
10, 15731, 25.385765243090624, 25.385765243090624, 'SEARCH'
10, 15732, 25.41352802236375, 25.41352802236375, 'SEARCH'
10, 15733, 25.400961604993338, 25.400961604993338, 'SEARCH'
10, 15734, 25.424742233575742, 25.424742233575742, 'SEARCH'
10, 15735, 25.449470230459404, 25.449470230459404, 'SEARCH'
10, 15736, 25.457165545852916, 25.457165545852916, 'SEARCH'
10, 15737, 25.48374208812976, 25.48374208812976, 'SEARCH'
10, 15738, 25.511104354387925, 25.511104354387925, 'SEARCH'
10, 15739, 25.528609860875783, 25.528609860875783, 'SEARCH'
10, 15740, 25.539936089745705, 25.539936089745705, 'SEARCH'
10, 15741, 25.56270872838914, 25.56270872838914, 'SEARCH'
10, 15742, 25.590446901520227, 25.590446901520227, 'SEARCH'
10, 15743, 25.576998965524165, 25.576998965524165, 'SEARCH'
10, 15744, 25.567071709215575, 25.567071709215575, 'SEARCH'
10, 15745, 25.590080170391726, 25.590080170391726, 'SEARCH'
10, 15746, 25.617788329595196, 25.617788329595196, 'SEARCH'
10, 15747, 25.64024903993232, 25.64024903993232, 'SEARCH'
10, 15748, 25.618977620853737, 25.618977620853737, 'SEARCH'
10, 15749, 25.627118502867813, 25.627118502867813, 'SEARCH'
10, 15750, 25.65321325374551, 25.65321325374551, 'SEARCH'
10, 15751, 25.659002782368006, 25.659002782368006, 'SEARCH'
10, 15752, 25.639373472459756, 25.639373472459756, 'SEARCH'
10, 15753, 25.661278754747915, 25.661278754747915, 'SEARCH'
10, 15754, 25.67723068267556, 25.67723068267556, 'SEARCH'
10, 15755, 25.689862335779956, 25.689862335779956, 'SEARCH'
10, 15756, 25.697542383279224, 25.697542383279224, 'SEARCH'
10, 15757, 25.676917585926457, 25.676917585926457, 'SEARCH'
10, 15758, 25.698828650840994, 25.698828650840994, 'SEARCH'
10, 15759, 25.723339506079146, 25.723339506079146, 'SEARCH'
10, 15760, 25.711184431174097, 25.711184431174097, 'SEARCH'
10, 15761, 25.72551829752937, 25.72551829752937, 'SEARCH'
10, 15762, 25.74959067019345, 25.74959067019345, 'SEARCH'
10, 15763, 25.77432790624602, 25.77432790624602, 'SEARCH'
10, 15764, 25.79622937049154, 25.79622937049154, 'SEARCH'
10, 15765, 25.786290850116366, 25.786290850116366, 'SEARCH'
10, 15766, 25.777730196152582, 25.777730196152582, 'SEARCH'
10, 15767, 25.79933715530867, 25.79933715530867, 'SEARCH'
10, 15768, 25.811102469195497, 25.811102469195497, 'SEARCH'
10, 15769, 25.811617204357077, 25.811617204357077, 'SEARCH'
10, 15770, 25.787107164802155, 25.787107164802155, 'SEARCH'
10, 15771, 25.79888570602496, 25.79888570602496, 'SEARCH'
10, 15772, 25.82645096707877, 25.82645096707877, 'SEARCH'
10, 15773, 25.851217868656228, 25.851217868656228, 'SEARCH'
10, 15774, 25.8750448963115, 25.8750448963115, 'SEARCH'
10, 15775, 25.90147209712933, 25.90147209712933, 'SEARCH'
10, 15776, 25.92527006083627, 25.92527006083627, 'SEARCH'
10, 15777, 25.916240812561387, 25.916240812561387, 'SEARCH'
10, 15778, 25.893499228244973, 25.893499228244973, 'SEARCH'
10, 15779, 25.92116861527614, 25.92116861527614, 'SEARCH'
10, 15780, 25.94890710590652, 25.94890710590652, 'SEARCH'
10, 15781, 25.975015046506197, 25.975015046506197, 'SEARCH'
10, 15782, 25.956078426182444, 25.956078426182444, 'SEARCH'
10, 15783, 25.983789860581865, 25.983789860581865, 'SEARCH'
10, 15784, 25.982832663816733, 25.982832663816733, 'SEARCH'
10, 15785, 25.974727788821987, 25.974727788821987, 'SEARCH'
10, 15786, 26.002487796180294, 26.002487796180294, 'SEARCH'
10, 15787, 26.022481056412417, 26.022481056412417, 'SEARCH'
10, 15788, 26.04407782200146, 26.04407782200146, 'SEARCH'
10, 15789, 26.069837563936005, 26.069837563936005, 'SEARCH'
10, 15790, 26.04578507619788, 26.04578507619788, 'SEARCH'
10, 15791, 26.02581465039644, 26.02581465039644, 'SEARCH'
10, 15792, 26.049097602534545, 26.049097602534545, 'SEARCH'
10, 15793, 26.070366301669555, 26.070366301669555, 'SEARCH'
10, 15794, 26.065550069481567, 26.065550069481567, 'SEARCH'
10, 15795, 26.047705161900204, 26.047705161900204, 'SEARCH'
10, 15796, 26.07544600155473, 26.07544600155473, 'SEARCH'
10, 15797, 26.10320633553051, 26.10320633553051, 'SEARCH'
10, 15798, 26.095556968070426, 26.095556968070426, 'SEARCH'
10, 15799, 26.12261961778134, 26.12261961778134, 'SEARCH'
10, 15800, 26.14691754999054, 26.14691754999054, 'SEARCH'
10, 15801, 26.135621261662006, 26.135621261662006, 'SEARCH'
10, 15802, 26.157811284272185, 26.157811284272185, 'SEARCH'
10, 15803, 26.178771070046228, 26.178771070046228, 'SEARCH'
10, 15804, 26.205036105207473, 26.205036105207473, 'SEARCH'
10, 15805, 26.212215572300785, 26.212215572300785, 'SEARCH'
10, 15806, 26.21703176527357, 26.21703176527357, 'SEARCH'
10, 15807, 26.240058374054872, 26.240058374054872, 'SEARCH'
10, 15808, 26.24053596068495, 26.24053596068495, 'SEARCH'
10, 15809, 26.240533479234006, 26.240533479234006, 'SEARCH'
10, 15810, 26.268294418083133, 26.268294418083133, 'SEARCH'
10, 15811, 26.290186467768887, 26.290186467768887, 'SEARCH'
10, 15812, 26.272695010282508, 26.272695010282508, 'SEARCH'
10, 15813, 26.300265126141213, 26.300265126141213, 'SEARCH'
10, 15814, 26.324554514172455, 26.324554514172455, 'SEARCH'
10, 15815, 26.305598786230544, 26.305598786230544, 'SEARCH'
10, 15816, 26.313713492047583, 26.313713492047583, 'SEARCH'
10, 15817, 26.31948441570809, 26.31948441570809, 'SEARCH'
10, 15818, 26.29592686384879, 26.29592686384879, 'SEARCH'
10, 15819, 26.321493537903496, 26.321493537903496, 'SEARCH'
10, 15820, 26.338209749497434, 26.338209749497434, 'SEARCH'
10, 15821, 26.323079590015915, 26.323079590015915, 'SEARCH'
10, 15822, 26.3488371129543, 26.3488371129543, 'SEARCH'
10, 15823, 26.376192607543576, 26.376192607543576, 'SEARCH'
10, 15824, 26.373282724497468, 26.373282724497468, 'SEARCH'
10, 15825, 26.368936571025742, 26.368936571025742, 'SEARCH'
10, 15826, 26.392749435986065, 26.392749435986065, 'SEARCH'
10, 15827, 26.415223008103418, 26.415223008103418, 'SEARCH'
10, 15828, 26.42783253443459, 26.42783253443459, 'SEARCH'
10, 15829, 26.451129168779975, 26.451129168779975, 'SEARCH'
10, 15830, 26.433266968790722, 26.433266968790722, 'SEARCH'
10, 15831, 26.457562327570134, 26.457562327570134, 'SEARCH'
10, 15832, 26.454649382411034, 26.454649382411034, 'SEARCH'
10, 15833, 26.456099332362825, 26.456099332362825, 'SEARCH'
10, 15834, 26.466953576603462, 26.466953576603462, 'SEARCH'
10, 15835, 26.448010871648087, 26.448010871648087, 'SEARCH'
10, 15836, 26.475771348753135, 26.475771348753135, 'SEARCH'
10, 15837, 26.499326430230575, 26.499326430230575, 'SEARCH'
10, 15838, 26.475766734043308, 26.475766734043308, 'SEARCH'
10, 15839, 26.456824833116297, 26.456824833116297, 'SEARCH'
10, 15840, 26.47468916384659, 26.47468916384659, 'SEARCH'
10, 15841, 26.462959733820572, 26.462959733820572, 'SEARCH'
10, 15842, 26.450799359883156, 26.450799359883156, 'SEARCH'
10, 15843, 26.478561112117603, 26.478561112117603, 'SEARCH'
10, 15844, 26.45638821077217, 26.45638821077217, 'SEARCH'
10, 15845, 26.44337177568777, 26.44337177568777, 'SEARCH'
10, 15846, 26.467914686151953, 26.467914686151953, 'SEARCH'
10, 15847, 26.49148813877817, 26.49148813877817, 'SEARCH'
10, 15848, 26.5160014300349, 26.5160014300349, 'SEARCH'
10, 15849, 26.49148405705253, 26.49148405705253, 'SEARCH'
10, 15850, 26.472917712377583, 26.472917712377583, 'SEARCH'
10, 15851, 26.475374764811125, 26.475374764811125, 'SEARCH'
10, 15852, 26.503152513162977, 26.503152513162977, 'SEARCH'
10, 15853, 26.481586029543525, 26.481586029543525, 'SEARCH'
10, 15854, 26.50350098371973, 26.50350098371973, 'SEARCH'
10, 15855, 26.529419702064896, 26.529419702064896, 'SEARCH'
10, 15856, 26.55718161217647, 26.55718161217647, 'SEARCH'
10, 15857, 26.546349708265428, 26.546349708265428, 'SEARCH'
10, 15858, 26.530047382063806, 26.530047382063806, 'SEARCH'
10, 15859, 26.50943068994984, 26.50943068994984, 'SEARCH'
10, 15860, 26.536249549126754, 26.536249549126754, 'SEARCH'
10, 15861, 26.54111204833859, 26.54111204833859, 'SEARCH'
10, 15862, 26.568075102001917, 26.568075102001917, 'SEARCH'
10, 15863, 26.59564126418097, 26.59564126418097, 'SEARCH'
10, 15864, 26.62341428159816, 26.62341428159816, 'SEARCH'
10, 15865, 26.65118743387992, 26.65118743387992, 'SEARCH'
10, 15866, 26.67894777048419, 26.67894777048419, 'SEARCH'
10, 15867, 26.660729461529943, 26.660729461529943, 'SEARCH'
10, 15868, 26.67069888614186, 26.67069888614186, 'SEARCH'
10, 15869, 26.64665152015761, 26.64665152015761, 'SEARCH'
10, 15870, 26.67257479611718, 26.67257479611718, 'SEARCH'
10, 15871, 26.696878501253995, 26.696878501253995, 'SEARCH'
10, 15872, 26.683849993615453, 26.683849993615453, 'SEARCH'
10, 15873, 26.666765423371476, 26.666765423371476, 'SEARCH'
10, 15874, 26.64272421248196, 26.64272421248196, 'SEARCH'
10, 15875, 26.61736376043773, 26.61736376043773, 'SEARCH'
10, 15876, 26.59436149928916, 26.59436149928916, 'SEARCH'
10, 15877, 26.619137142783, 26.619137142783, 'SEARCH'
10, 15878, 26.625436389968407, 26.625436389968407, 'SEARCH'
10, 15879, 26.637225691610766, 26.637225691610766, 'SEARCH'
10, 15880, 26.6631381936448, 26.6631381936448, 'SEARCH'
10, 15881, 26.69021476781139, 26.69021476781139, 'SEARCH'
10, 15882, 26.70734950309714, 26.70734950309714, 'SEARCH'
10, 15883, 26.732742546305243, 26.732742546305243, 'SEARCH'
10, 15884, 26.759905664060884, 26.759905664060884, 'SEARCH'
10, 15885, 26.786461327212344, 26.786461327212344, 'SEARCH'
10, 15886, 26.81002888784654, 26.81002888784654, 'SEARCH'
10, 15887, 26.7887605330094, 26.7887605330094, 'SEARCH'
10, 15888, 26.781128268431583, 26.781128268431583, 'SEARCH'
10, 15889, 26.769417911605938, 26.769417911605938, 'SEARCH'
10, 15890, 26.793732058454776, 26.793732058454776, 'SEARCH'
10, 15891, 26.820285657227295, 26.820285657227295, 'SEARCH'
10, 15892, 26.841855935817566, 26.841855935817566, 'SEARCH'
10, 15893, 26.82554347170404, 26.82554347170404, 'SEARCH'
10, 15894, 26.849825520122444, 26.849825520122444, 'SEARCH'
10, 15895, 26.869134473392368, 26.869134473392368, 'SEARCH'
10, 15896, 26.89270004880507, 26.89270004880507, 'SEARCH'
10, 15897, 26.92043908427251, 26.92043908427251, 'SEARCH'
10, 15898, 26.935572375007183, 26.935572375007183, 'SEARCH'
10, 15899, 26.96335015225337, 26.96335015225337, 'SEARCH'
10, 15900, 26.990617219124136, 26.990617219124136, 'SEARCH'
10, 15901, 26.969024745891055, 26.969024745891055, 'SEARCH'
10, 15902, 26.96660443507951, 26.96660443507951, 'SEARCH'
10, 15903, 26.992176445718805, 26.992176445718805, 'SEARCH'
10, 15904, 27.018877765632947, 27.018877765632947, 'SEARCH'
10, 15905, 27.038854601038167, 27.038854601038167, 'SEARCH'
10, 15906, 27.052735887800406, 27.052735887800406, 'SEARCH'
10, 15907, 27.058503227935987, 27.058503227935987, 'SEARCH'
10, 15908, 27.036611047939843, 27.036611047939843, 'SEARCH'
10, 15909, 27.06437204117853, 27.06437204117853, 'SEARCH'
10, 15910, 27.090125949163657, 27.090125949163657, 'SEARCH'
10, 15911, 27.11509601397066, 27.11509601397066, 'SEARCH'
10, 15912, 27.139853846752004, 27.139853846752004, 'SEARCH'
10, 15913, 27.12311631118569, 27.12311631118569, 'SEARCH'
10, 15914, 27.10214082490885, 27.10214082490885, 'SEARCH'
10, 15915, 27.128969890518352, 27.128969890518352, 'SEARCH'
10, 15916, 27.130893293476873, 27.130893293476873, 'SEARCH'
10, 15917, 27.127017571392972, 27.127017571392972, 'SEARCH'
10, 15918, 27.122190078590926, 27.122190078590926, 'SEARCH'
10, 15919, 27.14466403059908, 27.14466403059908, 'SEARCH'
10, 15920, 27.17149507562067, 27.17149507562067, 'SEARCH'
10, 15921, 27.152194208131334, 27.152194208131334, 'SEARCH'
10, 15922, 27.152680962005043, 27.152680962005043, 'SEARCH'
10, 15923, 27.173649562977076, 27.173649562977076, 'SEARCH'
10, 15924, 27.156551393728282, 27.156551393728282, 'SEARCH'
10, 15925, 27.17514793756544, 27.17514793756544, 'SEARCH'
10, 15926, 27.196419448839368, 27.196419448839368, 'SEARCH'
10, 15927, 27.186467465459284, 27.186467465459284, 'SEARCH'
10, 15928, 27.209227490416556, 27.209227490416556, 'SEARCH'
10, 15929, 27.220973182222718, 27.220973182222718, 'SEARCH'
10, 15930, 27.239923673346286, 27.239923673346286, 'SEARCH'
10, 15931, 27.267596352850767, 27.267596352850767, 'SEARCH'
10, 15932, 27.283129543429478, 27.283129543429478, 'SEARCH'
10, 15933, 27.258834583360102, 27.258834583360102, 'SEARCH'
10, 15934, 27.2493423767438, 27.2493423767438, 'SEARCH'
10, 15935, 27.248873640263156, 27.248873640263156, 'SEARCH'
10, 15936, 27.236715665445054, 27.236715665445054, 'SEARCH'
10, 15937, 27.21851355791853, 27.21851355791853, 'SEARCH'
10, 15938, 27.21468465081554, 27.21468465081554, 'SEARCH'
10, 15939, 27.242443962089588, 27.242443962089588, 'SEARCH'
10, 15940, 27.262783731304562, 27.262783731304562, 'SEARCH'
10, 15941, 27.272316036149014, 27.272316036149014, 'SEARCH'
10, 15942, 27.259306900290817, 27.259306900290817, 'SEARCH'
10, 15943, 27.28706924971538, 27.28706924971538, 'SEARCH'
10, 15944, 27.31246037333814, 27.31246037333814, 'SEARCH'
10, 15945, 27.308146468673264, 27.308146468673264, 'SEARCH'
10, 15946, 27.314903330524185, 27.314903330524185, 'SEARCH'
10, 15947, 27.306358509073036, 27.306358509073036, 'SEARCH'
10, 15948, 27.334132852108254, 27.334132852108254, 'SEARCH'
10, 15949, 27.359872684165012, 27.359872684165012, 'SEARCH'
10, 15950, 27.385793984999193, 27.385793984999193, 'SEARCH'
10, 15951, 27.409077663135577, 27.409077663135577, 'SEARCH'
10, 15952, 27.409576916459734, 27.409576916459734, 'SEARCH'
10, 15953, 27.408626782292178, 27.408626782292178, 'SEARCH'
10, 15954, 27.434372688719105, 27.434372688719105, 'SEARCH'
10, 15955, 27.419666141590557, 27.419666141590557, 'SEARCH'
10, 15956, 27.41534440702902, 27.41534440702902, 'SEARCH'
10, 15957, 27.400240736621534, 27.400240736621534, 'SEARCH'
10, 15958, 27.42560143141886, 27.42560143141886, 'SEARCH'
10, 15959, 27.43421324493358, 27.43421324493358, 'SEARCH'
10, 15960, 27.43569888438709, 27.43569888438709, 'SEARCH'
10, 15961, 27.42901424595804, 27.42901424595804, 'SEARCH'
10, 15962, 27.444982218583338, 27.444982218583338, 'SEARCH'
10, 15963, 27.438303851850833, 27.438303851850833, 'SEARCH'
10, 15964, 27.466078219897074, 27.466078219897074, 'SEARCH'
10, 15965, 27.49352058868243, 27.49352058868243, 'SEARCH'
10, 15966, 27.502597950303965, 27.502597950303965, 'SEARCH'
10, 15967, 27.496859863915283, 27.496859863915283, 'SEARCH'
10, 15968, 27.510787254981494, 27.510787254981494, 'SEARCH'
10, 15969, 27.525545463176783, 27.525545463176783, 'SEARCH'
10, 15970, 27.52945634818263, 27.52945634818263, 'SEARCH'
10, 15971, 27.519547747667744, 27.519547747667744, 'SEARCH'
10, 15972, 27.49799604796858, 27.49799604796858, 'SEARCH'
10, 15973, 27.524393960880918, 27.524393960880918, 'SEARCH'
10, 15974, 27.549793333414556, 27.549793333414556, 'SEARCH'
10, 15975, 27.52793633212013, 27.52793633212013, 'SEARCH'
10, 15976, 27.511268105369265, 27.511268105369265, 'SEARCH'
10, 15977, 27.53795055929154, 27.53795055929154, 'SEARCH'
10, 15978, 27.543310749123627, 27.543310749123627, 'SEARCH'
10, 15979, 27.520593620716877, 27.520593620716877, 'SEARCH'
10, 15980, 27.5017030424648, 27.5017030424648, 'SEARCH'
10, 15981, 27.52867547103282, 27.52867547103282, 'SEARCH'
10, 15982, 27.554964593732322, 27.554964593732322, 'SEARCH'
10, 15983, 27.545530638139276, 27.545530638139276, 'SEARCH'
10, 15984, 27.57176951901759, 27.57176951901759, 'SEARCH'
10, 15985, 27.584442199909844, 27.584442199909844, 'SEARCH'
10, 15986, 27.5628992688806, 27.5628992688806, 'SEARCH'
10, 15987, 27.5692252911729, 27.5692252911729, 'SEARCH'
10, 15988, 27.596988909050914, 27.596988909050914, 'SEARCH'
10, 15989, 27.571643411714124, 27.571643411714124, 'SEARCH'
10, 15990, 27.567381216180717, 27.567381216180717, 'SEARCH'
10, 15991, 27.59513877330049, 27.59513877330049, 'SEARCH'
10, 15992, 27.62288268959693, 27.62288268959693, 'SEARCH'
10, 15993, 27.618133582468392, 27.618133582468392, 'SEARCH'
10, 15994, 27.594620143558423, 27.594620143558423, 'SEARCH'
10, 15995, 27.57060938938304, 27.57060938938304, 'SEARCH'
10, 15996, 27.55436277905114, 27.55436277905114, 'SEARCH'
10, 15997, 27.550124188730454, 27.550124188730454, 'SEARCH'
10, 15998, 27.545891637545687, 27.545891637545687, 'SEARCH'
10, 15999, 27.571507994388078, 27.571507994388078, 'SEARCH'
10, 16000, 27.59916976821807, 27.59916976821807, 'SEARCH'
10, 16001, 27.596373240313756, 27.596373240313756, 'SEARCH'
10, 16002, 27.619062246342878, 27.619062246342878, 'SEARCH'
10, 16003, 27.60568672327943, 27.60568672327943, 'SEARCH'
10, 16004, 27.622104889456477, 27.622104889456477, 'SEARCH'
10, 16005, 27.625119904897847, 27.625119904897847, 'SEARCH'
10, 16006, 27.623298256759053, 27.623298256759053, 'SEARCH'
10, 16007, 27.648723826008567, 27.648723826008567, 'SEARCH'
10, 16008, 27.676495083360628, 27.676495083360628, 'SEARCH'
10, 16009, 27.69480147020238, 27.69480147020238, 'SEARCH'
10, 16010, 27.716320450353663, 27.716320450353663, 'SEARCH'
10, 16011, 27.738444753173194, 27.738444753173194, 'SEARCH'
10, 16012, 27.72298674301647, 27.72298674301647, 'SEARCH'
10, 16013, 27.744015616218036, 27.744015616218036, 'SEARCH'
10, 16014, 27.75671239004549, 27.75671239004549, 'SEARCH'
10, 16015, 27.7322320487124, 27.7322320487124, 'SEARCH'
10, 16016, 27.751254240862817, 27.751254240862817, 'SEARCH'
10, 16017, 27.778746855701915, 27.778746855701915, 'SEARCH'
10, 16018, 27.760966112390307, 27.760966112390307, 'SEARCH'
10, 16019, 27.776586778049914, 27.776586778049914, 'SEARCH'
10, 16020, 27.771867361720954, 27.771867361720954, 'SEARCH'
10, 16021, 27.74716821357084, 27.74716821357084, 'SEARCH'
10, 16022, 27.767400948444884, 27.767400948444884, 'SEARCH'
10, 16023, 27.791874484946526, 27.791874484946526, 'SEARCH'
10, 16024, 27.800094423223374, 27.800094423223374, 'SEARCH'
10, 16025, 27.78672002816712, 27.78672002816712, 'SEARCH'
10, 16026, 27.78973666468206, 27.78973666468206, 'SEARCH'
10, 16027, 27.773113925226454, 27.773113925226454, 'SEARCH'
10, 16028, 27.789150028659332, 27.789150028659332, 'SEARCH'
10, 16029, 27.816868665139445, 27.816868665139445, 'SEARCH'
10, 16030, 27.826024848631675, 27.826024848631675, 'SEARCH'
10, 16031, 27.84870914508412, 27.84870914508412, 'SEARCH'
10, 16032, 27.874506192023894, 27.874506192023894, 'SEARCH'
10, 16033, 27.89732189255053, 27.89732189255053, 'SEARCH'
10, 16034, 27.912538076653718, 27.912538076653718, 'SEARCH'
10, 16035, 27.94031565822703, 27.94031565822703, 'SEARCH'
10, 16036, 27.92253480257804, 27.92253480257804, 'SEARCH'
10, 16037, 27.94588855173721, 27.94588855173721, 'SEARCH'
10, 16038, 27.97297716504357, 27.97297716504357, 'SEARCH'
10, 16039, 27.993684131640205, 27.993684131640205, 'SEARCH'
10, 16040, 28.02013118106609, 28.02013118106609, 'SEARCH'
10, 16041, 28.025041542337693, 28.025041542337693, 'SEARCH'
10, 16042, 28.005123788191014, 28.005123788191014, 'SEARCH'
10, 16043, 28.032461885636366, 28.032461885636366, 'SEARCH'
10, 16044, 28.040207337242524, 28.040207337242524, 'SEARCH'
10, 16045, 28.067951869812745, 28.067951869812745, 'SEARCH'
10, 16046, 28.08948373448546, 28.08948373448546, 'SEARCH'
10, 16047, 28.077816025342525, 28.077816025342525, 'SEARCH'
10, 16048, 28.056283367149643, 28.056283367149643, 'SEARCH'
10, 16049, 28.080291580320175, 28.080291580320175, 'SEARCH'
10, 16050, 28.05652619191737, 28.05652619191737, 'SEARCH'
10, 16051, 28.05084462703407, 28.05084462703407, 'SEARCH'
10, 16052, 28.078182443315512, 28.078182443315512, 'SEARCH'
10, 16053, 28.105676641176867, 28.105676641176867, 'SEARCH'
10, 16054, 28.108665651962948, 28.108665651962948, 'SEARCH'
10, 16055, 28.10156337620102, 28.10156337620102, 'SEARCH'
10, 16056, 28.094000082281365, 28.094000082281365, 'SEARCH'
10, 16057, 28.12119227080368, 28.12119227080368, 'SEARCH'
10, 16058, 28.110877141162575, 28.110877141162575, 'SEARCH'
10, 16059, 28.133570880203248, 28.133570880203248, 'SEARCH'
10, 16060, 28.16065817295849, 28.16065817295849, 'SEARCH'
10, 16061, 28.142871943636568, 28.142871943636568, 'SEARCH'
10, 16062, 28.16697737303854, 28.16697737303854, 'SEARCH'
10, 16063, 28.192112435791746, 28.192112435791746, 'SEARCH'
10, 16064, 28.219876151204396, 28.219876151204396, 'SEARCH'
10, 16065, 28.239228518076775, 28.239228518076775, 'SEARCH'
10, 16066, 28.26422859050971, 28.26422859050971, 'SEARCH'
10, 16067, 28.26672156260714, 28.26672156260714, 'SEARCH'
10, 16068, 28.262931574443087, 28.262931574443087, 'SEARCH'
10, 16069, 28.290647335495215, 28.290647335495215, 'SEARCH'
10, 16070, 28.29602175906731, 28.29602175906731, 'SEARCH'
10, 16071, 28.281783032416577, 28.281783032416577, 'SEARCH'
10, 16072, 28.288116766875497, 28.288116766875497, 'SEARCH'
10, 16073, 28.310922847080384, 28.310922847080384, 'SEARCH'
10, 16074, 28.333344079478444, 28.333344079478444, 'SEARCH'
10, 16075, 28.313416874830722, 28.313416874830722, 'SEARCH'
10, 16076, 28.30678149523473, 28.30678149523473, 'SEARCH'
10, 16077, 28.2951273482143, 28.2951273482143, 'SEARCH'
10, 16078, 28.322830174697714, 28.322830174697714, 'SEARCH'
10, 16079, 28.346337169032534, 28.346337169032534, 'SEARCH'
10, 16080, 28.35591738549232, 28.35591738549232, 'SEARCH'
10, 16081, 28.382209991564924, 28.382209991564924, 'SEARCH'
10, 16082, 28.385676169169773, 28.385676169169773, 'SEARCH'
10, 16083, 28.362971194087724, 28.362971194087724, 'SEARCH'
10, 16084, 28.357764008914497, 28.357764008914497, 'SEARCH'
10, 16085, 28.385444721515167, 28.385444721515167, 'SEARCH'
10, 16086, 28.411833716771884, 28.411833716771884, 'SEARCH'
10, 16087, 28.42975424919397, 28.42975424919397, 'SEARCH'
10, 16088, 28.440685558180242, 28.440685558180242, 'SEARCH'
10, 16089, 28.467874109337753, 28.467874109337753, 'SEARCH'
10, 16090, 28.49220770550059, 28.49220770550059, 'SEARCH'
10, 16091, 28.51984112340163, 28.51984112340163, 'SEARCH'
10, 16092, 28.4944928843527, 28.4944928843527, 'SEARCH'
10, 16093, 28.471783310833708, 28.471783310833708, 'SEARCH'
10, 16094, 28.49785606590561, 28.49785606590561, 'SEARCH'
10, 16095, 28.524397189445292, 28.524397189445292, 'SEARCH'
10, 16096, 28.512282479094758, 28.512282479094758, 'SEARCH'
10, 16097, 28.50470006349638, 28.50470006349638, 'SEARCH'
10, 16098, 28.52148425731344, 28.52148425731344, 'SEARCH'
10, 16099, 28.547446906433496, 28.547446906433496, 'SEARCH'
10, 16100, 28.5743804886082, 28.5743804886082, 'SEARCH'
10, 16101, 28.55478807333551, 28.55478807333551, 'SEARCH'
10, 16102, 28.567035821291576, 28.567035821291576, 'SEARCH'
10, 16103, 28.594596675532173, 28.594596675532173, 'SEARCH'
10, 16104, 28.590322328484813, 28.590322328484813, 'SEARCH'
10, 16105, 28.61383770913429, 28.61383770913429, 'SEARCH'
10, 16106, 28.61390673412557, 28.61390673412557, 'SEARCH'
10, 16107, 28.612043017464195, 28.612043017464195, 'SEARCH'
10, 16108, 28.600817694183128, 28.600817694183128, 'SEARCH'
10, 16109, 28.62839895003325, 28.62839895003325, 'SEARCH'
10, 16110, 28.651739164577247, 28.651739164577247, 'SEARCH'
10, 16111, 28.627721517512516, 28.627721517512516, 'SEARCH'
10, 16112, 28.619219706869703, 28.619219706869703, 'SEARCH'
10, 16113, 28.646983665314824, 28.646983665314824, 'SEARCH'
10, 16114, 28.67417217753338, 28.67417217753338, 'SEARCH'
10, 16115, 28.698505668753704, 28.698505668753704, 'SEARCH'
10, 16116, 28.725929550331582, 28.725929550331582, 'SEARCH'
10, 16117, 28.750424272053007, 28.750424272053007, 'SEARCH'
10, 16118, 28.735344125954317, 28.735344125954317, 'SEARCH'
10, 16119, 28.754687958797824, 28.754687958797824, 'SEARCH'
10, 16120, 28.76194003545799, 28.76194003545799, 'SEARCH'
10, 16121, 28.774177980089913, 28.774177980089913, 'SEARCH'
10, 16122, 28.753909822734848, 28.753909822734848, 'SEARCH'
10, 16123, 28.77492520360404, 28.77492520360404, 'SEARCH'
10, 16124, 28.800524318112895, 28.800524318112895, 'SEARCH'
10, 16125, 28.823319097397647, 28.823319097397647, 'SEARCH'
10, 16126, 28.83890818627586, 28.83890818627586, 'SEARCH'
10, 16127, 28.826357560726358, 28.826357560726358, 'SEARCH'
10, 16128, 28.817845666500517, 28.817845666500517, 'SEARCH'
10, 16129, 28.844136917078977, 28.844136917078977, 'SEARCH'
10, 16130, 28.864831464271365, 28.864831464271365, 'SEARCH'
10, 16131, 28.88706087755123, 28.88706087755123, 'SEARCH'
10, 16132, 28.914246537136293, 28.914246537136293, 'SEARCH'
10, 16133, 28.890223184613102, 28.890223184613102, 'SEARCH'
10, 16134, 28.876821770113168, 28.876821770113168, 'SEARCH'
10, 16135, 28.86515769566003, 28.86515769566003, 'SEARCH'
10, 16136, 28.887102751139725, 28.887102751139725, 'SEARCH'
10, 16137, 28.91158759331494, 28.91158759331494, 'SEARCH'
10, 16138, 28.909245250252802, 28.909245250252802, 'SEARCH'
10, 16139, 28.935784374228696, 28.935784374228696, 'SEARCH'
10, 16140, 28.96078406775735, 28.96078406775735, 'SEARCH'
10, 16141, 28.988519952681905, 28.988519952681905, 'SEARCH'
10, 16142, 29.013075990493554, 29.013075990493554, 'SEARCH'
10, 16143, 28.99840617049044, 28.99840617049044, 'SEARCH'
10, 16144, 29.021397164787167, 29.021397164787167, 'SEARCH'
10, 16145, 29.042947808575352, 29.042947808575352, 'SEARCH'
10, 16146, 29.070462049962234, 29.070462049962234, 'SEARCH'
10, 16147, 29.045955608218605, 29.045955608218605, 'SEARCH'
10, 16148, 29.071545246582232, 29.071545246582232, 'SEARCH'
10, 16149, 29.091559132508753, 29.091559132508753, 'SEARCH'
10, 16150, 29.08630258426726, 29.08630258426726, 'SEARCH'
10, 16151, 29.091652921323487, 29.091652921323487, 'SEARCH'
10, 16152, 29.10255683759128, 29.10255683759128, 'SEARCH'
10, 16153, 29.128957591426396, 29.128957591426396, 'SEARCH'
10, 16154, 29.11595869821828, 29.11595869821828, 'SEARCH'
10, 16155, 29.093236455834123, 29.093236455834123, 'SEARCH'
10, 16156, 29.115381653227573, 29.115381653227573, 'SEARCH'
10, 16157, 29.106850828469938, 29.106850828469938, 'SEARCH'
10, 16158, 29.12548453339928, 29.12548453339928, 'SEARCH'
10, 16159, 29.153190275105025, 29.153190275105025, 'SEARCH'
10, 16160, 29.180821442763992, 29.180821442763992, 'SEARCH'
10, 16161, 29.207664739510534, 29.207664739510534, 'SEARCH'
10, 16162, 29.207220484400334, 29.207220484400334, 'SEARCH'
10, 16163, 29.234933756914263, 29.234933756914263, 'SEARCH'
10, 16164, 29.261210689094916, 29.261210689094916, 'SEARCH'
10, 16165, 29.28676735991883, 29.28676735991883, 'SEARCH'
10, 16166, 29.28872889269631, 29.28872889269631, 'SEARCH'
10, 16167, 29.30971175891735, 29.30971175891735, 'SEARCH'
10, 16168, 29.33507737734104, 29.33507737734104, 'SEARCH'
10, 16169, 29.361913052497098, 29.361913052497098, 'SEARCH'
10, 16170, 29.362893431368942, 29.362893431368942, 'SEARCH'
10, 16171, 29.37420616027016, 29.37420616027016, 'SEARCH'
10, 16172, 29.399164998081044, 29.399164998081044, 'SEARCH'
10, 16173, 29.42473133410592, 29.42473133410592, 'SEARCH'
10, 16174, 29.41255364241484, 29.41255364241484, 'SEARCH'
10, 16175, 29.439119775764127, 29.439119775764127, 'SEARCH'
10, 16176, 29.465821874202096, 29.465821874202096, 'SEARCH'
10, 16177, 29.47206606849474, 29.47206606849474, 'SEARCH'
10, 16178, 29.48678499657191, 29.48678499657191, 'SEARCH'
10, 16179, 29.48243868990238, 29.48243868990238, 'SEARCH'
10, 16180, 29.509610581207266, 29.509610581207266, 'SEARCH'
10, 16181, 29.53704620649293, 29.53704620649293, 'SEARCH'
10, 16182, 29.522319592385944, 29.522319592385944, 'SEARCH'
10, 16183, 29.498763049098304, 29.498763049098304, 'SEARCH'
10, 16184, 29.50311826358372, 29.50311826358372, 'SEARCH'
10, 16185, 29.519062293783907, 29.519062293783907, 'SEARCH'
10, 16186, 29.54462651777661, 29.54462651777661, 'SEARCH'
10, 16187, 29.56868506779699, 29.56868506779699, 'SEARCH'
10, 16188, 29.575405609932027, 29.575405609932027, 'SEARCH'
10, 16189, 29.58714834470694, 29.58714834470694, 'SEARCH'
10, 16190, 29.59845127890417, 29.59845127890417, 'SEARCH'
10, 16191, 29.622510916333425, 29.622510916333425, 'SEARCH'
10, 16192, 29.615793459105834, 29.615793459105834, 'SEARCH'
10, 16193, 29.64096462045957, 29.64096462045957, 'SEARCH'
10, 16194, 29.668742398234492, 29.668742398234492, 'SEARCH'
10, 16195, 29.69412163708401, 29.69412163708401, 'SEARCH'
10, 16196, 29.67516518326896, 29.67516518326896, 'SEARCH'
10, 16197, 29.700923067417218, 29.700923067417218, 'SEARCH'
10, 16198, 29.67902371087073, 29.67902371087073, 'SEARCH'
10, 16199, 29.70307635389074, 29.70307635389074, 'SEARCH'
10, 16200, 29.6792603239698, 29.6792603239698, 'SEARCH'
10, 16201, 29.704434687954834, 29.704434687954834, 'SEARCH'
10, 16202, 29.689300110760346, 29.689300110760346, 'SEARCH'
10, 16203, 29.716925903099416, 29.716925903099416, 'SEARCH'
10, 16204, 29.695643434708213, 29.695643434708213, 'SEARCH'
10, 16205, 29.71753022605729, 29.71753022605729, 'SEARCH'
10, 16206, 29.710804928629116, 29.710804928629116, 'SEARCH'
10, 16207, 29.710321661512218, 29.710321661512218, 'SEARCH'
10, 16208, 29.730641727209512, 29.730641727209512, 'SEARCH'
10, 16209, 29.724871070562617, 29.724871070562617, 'SEARCH'
10, 16210, 29.7162981874852, 29.7162981874852, 'SEARCH'
10, 16211, 29.716317024671255, 29.716317024671255, 'SEARCH'
10, 16212, 29.741703062692917, 29.741703062692917, 'SEARCH'
10, 16213, 29.730422282246188, 29.730422282246188, 'SEARCH'
10, 16214, 29.755400620316067, 29.755400620316067, 'SEARCH'
10, 16215, 29.7626116320645, 29.7626116320645, 'SEARCH'
10, 16216, 29.739068210422346, 29.739068210422346, 'SEARCH'
10, 16217, 29.7187765375273, 29.7187765375273, 'SEARCH'
10, 16218, 29.70577449904136, 29.70577449904136, 'SEARCH'
10, 16219, 29.688333991134872, 29.688333991134872, 'SEARCH'
10, 16220, 29.684528645356377, 29.684528645356377, 'SEARCH'
10, 16221, 29.698475876923045, 29.698475876923045, 'SEARCH'
10, 16222, 29.71027692835842, 29.71027692835842, 'SEARCH'
10, 16223, 29.700387207545255, 29.700387207545255, 'SEARCH'
10, 16224, 29.727883803961003, 29.727883803961003, 'SEARCH'
10, 16225, 29.753287966260938, 29.753287966260938, 'SEARCH'
10, 16226, 29.759598778486172, 29.759598778486172, 'SEARCH'
10, 16227, 29.74216991636799, 29.74216991636799, 'SEARCH'
10, 16228, 29.769538805463103, 29.769538805463103, 'SEARCH'
10, 16229, 29.774430694387082, 29.774430694387082, 'SEARCH'
10, 16230, 29.796860279373867, 29.796860279373867, 'SEARCH'
10, 16231, 29.82443871366125, 29.82443871366125, 'SEARCH'
10, 16232, 29.846292903905525, 29.846292903905525, 'SEARCH'
10, 16233, 29.873348032103745, 29.873348032103745, 'SEARCH'
10, 16234, 29.894286796641023, 29.894286796641023, 'SEARCH'
10, 16235, 29.90735359591773, 29.90735359591773, 'SEARCH'
10, 16236, 29.887393027810788, 29.887393027810788, 'SEARCH'
10, 16237, 29.864661530602785, 29.864661530602785, 'SEARCH'
10, 16238, 29.892008757721083, 29.892008757721083, 'SEARCH'
10, 16239, 29.90016881032354, 29.90016881032354, 'SEARCH'
10, 16240, 29.92773424698301, 29.92773424698301, 'SEARCH'
10, 16241, 29.955475754406276, 29.955475754406276, 'SEARCH'
10, 16242, 29.981587644197962, 29.981587644197962, 'SEARCH'
10, 16243, 29.965277885537144, 29.965277885537144, 'SEARCH'
10, 16244, 29.98684601423921, 29.98684601423921, 'SEARCH'
10, 16245, 29.975125862533673, 29.975125862533673, 'SEARCH'
10, 16246, 29.977092748444104, 29.977092748444104, 'SEARCH'
10, 16247, 29.956150898459722, 29.956150898459722, 'SEARCH'
10, 16248, 29.97892992852536, 29.97892992852536, 'SEARCH'
10, 16249, 29.97654871635306, 29.97654871635306, 'SEARCH'
10, 16250, 30.004124992278957, 30.004124992278957, 'SEARCH'
10, 16251, 30.029709687547044, 30.029709687547044, 'SEARCH'
10, 16252, 30.008452307138246, 30.008452307138246, 'SEARCH'
10, 16253, 30.036225070863534, 30.036225070863534, 'SEARCH'
10, 16254, 30.05623109371252, 30.05623109371252, 'SEARCH'
10, 16255, 30.07219090541241, 30.07219090541241, 'SEARCH'
10, 16256, 30.096501865673574, 30.096501865673574, 'SEARCH'
10, 16257, 30.11870344497826, 30.11870344497826, 'SEARCH'
10, 16258, 30.139965971653037, 30.139965971653037, 'SEARCH'
10, 16259, 30.162448224106733, 30.162448224106733, 'SEARCH'
10, 16260, 30.139701486127606, 30.139701486127606, 'SEARCH'
10, 16261, 30.14876628359642, 30.14876628359642, 'SEARCH'
10, 16262, 30.163094237324085, 30.163094237324085, 'SEARCH'
10, 16263, 30.165540529134542, 30.165540529134542, 'SEARCH'
10, 16264, 30.186524332587123, 30.186524332587123, 'SEARCH'
10, 16265, 30.166561802887156, 30.166561802887156, 'SEARCH'
10, 16266, 30.1670834017432, 30.1670834017432, 'SEARCH'
10, 16267, 30.188998394196318, 30.188998394196318, 'SEARCH'
10, 16268, 30.16363803473414, 30.16363803473414, 'SEARCH'
10, 16269, 30.182260885777744, 30.182260885777744, 'SEARCH'
10, 16270, 30.208033569348952, 30.208033569348952, 'SEARCH'
10, 16271, 30.23161255189976, 30.23161255189976, 'SEARCH'
10, 16272, 30.23599537854422, 30.23599537854422, 'SEARCH'
10, 16273, 30.257910330638637, 30.257910330638637, 'SEARCH'
10, 16274, 30.234374112125593, 30.234374112125593, 'SEARCH'
10, 16275, 30.262080805321077, 30.262080805321077, 'SEARCH'
10, 16276, 30.243165846581917, 30.243165846581917, 'SEARCH'
10, 16277, 30.265379884577893, 30.265379884577893, 'SEARCH'
10, 16278, 30.24682740162947, 30.24682740162947, 'SEARCH'
10, 16279, 30.273375131845235, 30.273375131845235, 'SEARCH'
10, 16280, 30.294308756135763, 30.294308756135763, 'SEARCH'
10, 16281, 30.31813804730398, 30.31813804730398, 'SEARCH'
10, 16282, 30.33526582952646, 30.33526582952646, 'SEARCH'
10, 16283, 30.35656568209429, 30.35656568209429, 'SEARCH'
10, 16284, 30.380391237046318, 30.380391237046318, 'SEARCH'
10, 16285, 30.380417068832497, 30.380417068832497, 'SEARCH'
10, 16286, 30.364114895250125, 30.364114895250125, 'SEARCH'
10, 16287, 30.390956501644787, 30.390956501644787, 'SEARCH'
10, 16288, 30.374656502774066, 30.374656502774066, 'SEARCH'
10, 16289, 30.35539119149683, 30.35539119149683, 'SEARCH'
10, 16290, 30.380940410229233, 30.380940410229233, 'SEARCH'
10, 16291, 30.38910266016082, 30.38910266016082, 'SEARCH'
10, 16292, 30.415922130984903, 30.415922130984903, 'SEARCH'
10, 16293, 30.42636169723597, 30.42636169723597, 'SEARCH'
10, 16294, 30.4531829886396, 30.4531829886396, 'SEARCH'
10, 16295, 30.47622829058434, 30.47622829058434, 'SEARCH'
10, 16296, 30.49752396732129, 30.49752396732129, 'SEARCH'
10, 16297, 30.525235696971045, 30.525235696971045, 'SEARCH'
10, 16298, 30.547717697856253, 30.547717697856253, 'SEARCH'
10, 16299, 30.573815961740856, 30.573815961740856, 'SEARCH'
10, 16300, 30.59811258852995, 30.59811258852995, 'SEARCH'
10, 16301, 30.624944105171775, 30.624944105171775, 'SEARCH'
10, 16302, 30.616813175378738, 30.616813175378738, 'SEARCH'
10, 16303, 30.60209104163568, 30.60209104163568, 'SEARCH'
10, 16304, 30.594907559732995, 30.594907559732995, 'SEARCH'
10, 16305, 30.591054833251132, 30.591054833251132, 'SEARCH'
10, 16306, 30.618012248250782, 30.618012248250782, 'SEARCH'
10, 16307, 30.64319309118114, 30.64319309118114, 'SEARCH'
10, 16308, 30.670954240026006, 30.670954240026006, 'SEARCH'
10, 16309, 30.688435919772058, 30.688435919772058, 'SEARCH'
10, 16310, 30.715871724562938, 30.715871724562938, 'SEARCH'
10, 16311, 30.73652048600265, 30.73652048600265, 'SEARCH'
10, 16312, 30.763791369741465, 30.763791369741465, 'SEARCH'
10, 16313, 30.753811556942352, 30.753811556942352, 'SEARCH'
10, 16314, 30.763748352918377, 30.763748352918377, 'SEARCH'
10, 16315, 30.769980433342134, 30.769980433342134, 'SEARCH'
10, 16316, 30.74459865092481, 30.74459865092481, 'SEARCH'
10, 16317, 30.748939913410933, 30.748939913410933, 'SEARCH'
10, 16318, 30.75844032149695, 30.75844032149695, 'SEARCH'
10, 16319, 30.7441355481217, 30.7441355481217, 'SEARCH'
10, 16320, 30.725199043568, 30.725199043568, 'SEARCH'
10, 16321, 30.708498006986037, 30.708498006986037, 'SEARCH'
10, 16322, 30.722829564159237, 30.722829564159237, 'SEARCH'
10, 16323, 30.717558382472536, 30.717558382472536, 'SEARCH'
10, 16324, 30.712770633669606, 30.712770633669606, 'SEARCH'
10, 16325, 30.699341318870573, 30.699341318870573, 'SEARCH'
10, 16326, 30.723661238315078, 30.723661238315078, 'SEARCH'
10, 16327, 30.71196460604569, 30.71196460604569, 'SEARCH'
10, 16328, 30.735230815025734, 30.735230815025734, 'SEARCH'
10, 16329, 30.762578595212787, 30.762578595212787, 'SEARCH'
10, 16330, 30.75731474091689, 30.75731474091689, 'SEARCH'
10, 16331, 30.736379367965995, 30.736379367965995, 'SEARCH'
10, 16332, 30.747282071477755, 30.747282071477755, 'SEARCH'
10, 16333, 30.764806014238196, 30.764806014238196, 'SEARCH'
10, 16334, 30.753115862672892, 30.753115862672892, 'SEARCH'
10, 16335, 30.77663956834675, 30.77663956834675, 'SEARCH'
10, 16336, 30.76997090482343, 30.76997090482343, 'SEARCH'
10, 16337, 30.793750117873728, 30.793750117873728, 'SEARCH'
10, 16338, 30.81825268890289, 30.81825268890289, 'SEARCH'
10, 16339, 30.800059779606993, 30.800059779606993, 'SEARCH'
10, 16340, 30.80011001131084, 30.80011001131084, 'SEARCH'
10, 16341, 30.82510082971074, 30.82510082971074, 'SEARCH'
10, 16342, 30.838186535739876, 30.838186535739876, 'SEARCH'
10, 16343, 30.821125675540696, 30.821125675540696, 'SEARCH'
10, 16344, 30.820701789236754, 30.820701789236754, 'SEARCH'
10, 16345, 30.843693409954614, 30.843693409954614, 'SEARCH'
10, 16346, 30.822766578703515, 30.822766578703515, 'SEARCH'
10, 16347, 30.824286597258165, 30.824286597258165, 'SEARCH'
10, 16348, 30.84877937700829, 30.84877937700829, 'SEARCH'
10, 16349, 30.874180688852096, 30.874180688852096, 'SEARCH'
10, 16350, 30.86162035011283, 30.86162035011283, 'SEARCH'
10, 16351, 30.872533838877235, 30.872533838877235, 'SEARCH'
10, 16352, 30.88477088930915, 30.88477088930915, 'SEARCH'
10, 16353, 30.880972531376468, 30.880972531376468, 'SEARCH'
10, 16354, 30.89008663030152, 30.89008663030152, 'SEARCH'
10, 16355, 30.904459296427234, 30.904459296427234, 'SEARCH'
10, 16356, 30.930364165863754, 30.930364165863754, 'SEARCH'
10, 16357, 30.95810021870235, 30.95810021870235, 'SEARCH'
10, 16358, 30.952858905508545, 30.952858905508545, 'SEARCH'
10, 16359, 30.9615062396462, 30.9615062396462, 'SEARCH'
10, 16360, 30.94563052096094, 30.94563052096094, 'SEARCH'
10, 16361, 30.95428890505637, 30.95428890505637, 'SEARCH'
10, 16362, 30.944409999621357, 30.944409999621357, 'SEARCH'
10, 16363, 30.97048200343645, 30.97048200343645, 'SEARCH'
10, 16364, 30.990851621171803, 30.990851621171803, 'SEARCH'
10, 16365, 30.986582766180444, 30.986582766180444, 'SEARCH'
10, 16366, 30.981365046756043, 30.981365046756043, 'SEARCH'
10, 16367, 30.98864219062847, 30.98864219062847, 'SEARCH'
10, 16368, 31.013980076067025, 31.013980076067025, 'SEARCH'
10, 16369, 31.03520466870839, 31.03520466870839, 'SEARCH'
10, 16370, 31.05079986602537, 31.05079986602537, 'SEARCH'
10, 16371, 31.07594332506406, 31.07594332506406, 'SEARCH'
10, 16372, 31.10185260266166, 31.10185260266166, 'SEARCH'
10, 16373, 31.127051441271636, 31.127051441271636, 'SEARCH'
10, 16374, 31.151553755151273, 31.151553755151273, 'SEARCH'
10, 16375, 31.16980888795202, 31.16980888795202, 'SEARCH'
10, 16376, 31.18025196801512, 31.18025196801512, 'SEARCH'
10, 16377, 31.207527427833174, 31.207527427833174, 'SEARCH'
10, 16378, 31.23084313050988, 31.23084313050988, 'SEARCH'
10, 16379, 31.231844236413163, 31.231844236413163, 'SEARCH'
10, 16380, 31.258665957956833, 31.258665957956833, 'SEARCH'
10, 16381, 31.27501571231196, 31.27501571231196, 'SEARCH'
10, 16382, 31.30095828849703, 31.30095828849703, 'SEARCH'
10, 16383, 31.322223281077594, 31.322223281077594, 'SEARCH'
10, 16384, 31.312734177102236, 31.312734177102236, 'SEARCH'
10, 16385, 31.304631878193668, 31.304631878193668, 'SEARCH'
10, 16386, 31.28011848942912, 31.28011848942912, 'SEARCH'
10, 16387, 31.30527798826407, 31.30527798826407, 'SEARCH'
10, 16388, 31.309650636714977, 31.309650636714977, 'SEARCH'
10, 16389, 31.31687064627055, 31.31687064627055, 'SEARCH'
10, 16390, 31.343424464469287, 31.343424464469287, 'SEARCH'
10, 16391, 31.32521991028454, 31.32521991028454, 'SEARCH'
10, 16392, 31.308530727229282, 31.308530727229282, 'SEARCH'
10, 16393, 31.284997218436132, 31.284997218436132, 'SEARCH'
10, 16394, 31.265052925944836, 31.265052925944836, 'SEARCH'
10, 16395, 31.268500976177034, 31.268500976177034, 'SEARCH'
10, 16396, 31.295469925165918, 31.295469925165918, 'SEARCH'
10, 16397, 31.321247890698498, 31.321247890698498, 'SEARCH'
10, 16398, 31.347648840027073, 31.347648840027073, 'SEARCH'
10, 16399, 31.37492508838565, 31.37492508838565, 'SEARCH'
10, 16400, 31.40269791599789, 31.40269791599789, 'SEARCH'
10, 16401, 31.37818638849186, 31.37818638849186, 'SEARCH'
10, 16402, 31.397857296339723, 31.397857296339723, 'SEARCH'
10, 16403, 31.424134459250514, 31.424134459250514, 'SEARCH'
10, 16404, 31.451496015739885, 31.451496015739885, 'SEARCH'
10, 16405, 31.453460085105768, 31.453460085105768, 'SEARCH'
10, 16406, 31.477531984008078, 31.477531984008078, 'SEARCH'
10, 16407, 31.470838182452198, 31.470838182452198, 'SEARCH'
10, 16408, 31.494413214035937, 31.494413214035937, 'SEARCH'
10, 16409, 31.500691389580645, 31.500691389580645, 'SEARCH'
10, 16410, 31.477956568102027, 31.477956568102027, 'SEARCH'
10, 16411, 31.500735719516634, 31.500735719516634, 'SEARCH'
10, 16412, 31.501260528983376, 31.501260528983376, 'SEARCH'
10, 16413, 31.52453221917668, 31.52453221917668, 'SEARCH'
10, 16414, 31.552044597834044, 31.552044597834044, 'SEARCH'
10, 16415, 31.57635333468218, 31.57635333468218, 'SEARCH'
10, 16416, 31.554781034869972, 31.554781034869972, 'SEARCH'
10, 16417, 31.579942011272784, 31.579942011272784, 'SEARCH'
10, 16418, 31.60325150279361, 31.60325150279361, 'SEARCH'
10, 16419, 31.623880863891458, 31.623880863891458, 'SEARCH'
10, 16420, 31.62871487191519, 31.62871487191519, 'SEARCH'
10, 16421, 31.655412566719225, 31.655412566719225, 'SEARCH'
10, 16422, 31.66400142288921, 31.66400142288921, 'SEARCH'
10, 16423, 31.655887632156524, 31.655887632156524, 'SEARCH'
10, 16424, 31.67222758807306, 31.67222758807306, 'SEARCH'
10, 16425, 31.669821760217236, 31.669821760217236, 'SEARCH'
10, 16426, 31.690478955127805, 31.690478955127805, 'SEARCH'
10, 16427, 31.712356442076235, 31.712356442076235, 'SEARCH'
10, 16428, 31.73299314787228, 31.73299314787228, 'SEARCH'
10, 16429, 31.759257676148973, 31.759257676148973, 'SEARCH'
10, 16430, 31.764071590446473, 31.764071590446473, 'SEARCH'
10, 16431, 31.745480298049134, 31.745480298049134, 'SEARCH'
10, 16432, 31.772916653451954, 31.772916653451954, 'SEARCH'
10, 16433, 31.79450183832979, 31.79450183832979, 'SEARCH'
10, 16434, 31.79979585177011, 31.79979585177011, 'SEARCH'
10, 16435, 31.82255153159386, 31.82255153159386, 'SEARCH'
10, 16436, 31.843523752927826, 31.843523752927826, 'SEARCH'
10, 16437, 31.819218109862195, 31.819218109862195, 'SEARCH'
10, 16438, 31.829612477549432, 31.829612477549432, 'SEARCH'
10, 16439, 31.85435801137599, 31.85435801137599, 'SEARCH'
10, 16440, 31.866521532951857, 31.866521532951857, 'SEARCH'
10, 16441, 31.894294839212133, 31.894294839212133, 'SEARCH'
10, 16442, 31.87331651150127, 31.87331651150127, 'SEARCH'
10, 16443, 31.853666234229514, 31.853666234229514, 'SEARCH'
10, 16444, 31.880836518385244, 31.880836518385244, 'SEARCH'
10, 16445, 31.85986638735081, 31.85986638735081, 'SEARCH'
10, 16446, 31.88145340267803, 31.88145340267803, 'SEARCH'
10, 16447, 31.89229862555037, 31.89229862555037, 'SEARCH'
10, 16448, 31.888906140158987, 31.888906140158987, 'SEARCH'
10, 16449, 31.888420487984003, 31.888420487984003, 'SEARCH'
10, 16450, 31.91294458031567, 31.91294458031567, 'SEARCH'
10, 16451, 31.902086351980532, 31.902086351980532, 'SEARCH'
10, 16452, 31.92304839087175, 31.92304839087175, 'SEARCH'
10, 16453, 31.936083539100572, 31.936083539100572, 'SEARCH'
10, 16454, 31.961052435291876, 31.961052435291876, 'SEARCH'
10, 16455, 31.969159373995755, 31.969159373995755, 'SEARCH'
10, 16456, 31.954428968696874, 31.954428968696874, 'SEARCH'
10, 16457, 31.959725932143986, 31.959725932143986, 'SEARCH'
10, 16458, 31.987233445340596, 31.987233445340596, 'SEARCH'
10, 16459, 32.014062956895835, 32.014062956895835, 'SEARCH'
10, 16460, 32.03836436168931, 32.03836436168931, 'SEARCH'
10, 16461, 32.061105385722854, 32.061105385722854, 'SEARCH'
10, 16462, 32.03833596537694, 32.03833596537694, 'SEARCH'
10, 16463, 32.063518238434554, 32.063518238434554, 'SEARCH'
10, 16464, 32.05914676920339, 32.05914676920339, 'SEARCH'
10, 16465, 32.06347270798523, 32.06347270798523, 'SEARCH'
10, 16466, 32.05911194072335, 32.05911194072335, 'SEARCH'
10, 16467, 32.03635263425483, 32.03635263425483, 'SEARCH'
10, 16468, 32.034415901513206, 32.034415901513206, 'SEARCH'
10, 16469, 32.01314138535641, 32.01314138535641, 'SEARCH'
10, 16470, 32.03588599272516, 32.03588599272516, 'SEARCH'
10, 16471, 32.06332069321834, 32.06332069321834, 'SEARCH'
10, 16472, 32.08521108615895, 32.08521108615895, 'SEARCH'
10, 16473, 32.10950037783178, 32.10950037783178, 'SEARCH'
10, 16474, 32.1277120010649, 32.1277120010649, 'SEARCH'
10, 16475, 32.11595682861875, 32.11595682861875, 'SEARCH'
10, 16476, 32.091202569142794, 32.091202569142794, 'SEARCH'
10, 16477, 32.07773630680977, 32.07773630680977, 'SEARCH'
10, 16478, 32.05951963472034, 32.05951963472034, 'SEARCH'
10, 16479, 32.087228413978934, 32.087228413978934, 'SEARCH'
10, 16480, 32.07638444280986, 32.07638444280986, 'SEARCH'
10, 16481, 32.08857827091541, 32.08857827091541, 'SEARCH'
10, 16482, 32.11540432901935, 32.11540432901935, 'SEARCH'
10, 16483, 32.11783610018484, 32.11783610018484, 'SEARCH'
10, 16484, 32.14424951483517, 32.14424951483517, 'SEARCH'
10, 16485, 32.12953473423524, 32.12953473423524, 'SEARCH'
10, 16486, 32.15710729952383, 32.15710729952383, 'SEARCH'
10, 16487, 32.13781676743659, 32.13781676743659, 'SEARCH'
10, 16488, 32.12787827634892, 32.12787827634892, 'SEARCH'
10, 16489, 32.12838845131693, 32.12838845131693, 'SEARCH'
10, 16490, 32.14872479450593, 32.14872479450593, 'SEARCH'
10, 16491, 32.176347405047096, 32.176347405047096, 'SEARCH'
10, 16492, 32.17202159615256, 32.17202159615256, 'SEARCH'
10, 16493, 32.14900763718274, 32.14900763718274, 'SEARCH'
10, 16494, 32.174167440793816, 32.174167440793816, 'SEARCH'
10, 16495, 32.1945010080663, 32.1945010080663, 'SEARCH'
10, 16496, 32.22092679351742, 32.22092679351742, 'SEARCH'
10, 16497, 32.21144351522302, 32.21144351522302, 'SEARCH'
10, 16498, 32.18898633158372, 32.18898633158372, 'SEARCH'
10, 16499, 32.19852093059832, 32.19852093059832, 'SEARCH'
10, 16500, 32.21408606977788, 32.21408606977788, 'SEARCH'
10, 16501, 32.19858496656884, 32.19858496656884, 'SEARCH'
10, 16502, 32.20948257227701, 32.20948257227701, 'SEARCH'
10, 16503, 32.23047927526217, 32.23047927526217, 'SEARCH'
10, 16504, 32.214585205216785, 32.214585205216785, 'SEARCH'
10, 16505, 32.22041561913757, 32.22041561913757, 'SEARCH'
10, 16506, 32.209172250913234, 32.209172250913234, 'SEARCH'
10, 16507, 32.217359095017486, 32.217359095017486, 'SEARCH'
10, 16508, 32.20568437041846, 32.20568437041846, 'SEARCH'
10, 16509, 32.18981712199926, 32.18981712199926, 'SEARCH'
10, 16510, 32.19280922146403, 32.19280922146403, 'SEARCH'
10, 16511, 32.208016564831375, 32.208016564831375, 'SEARCH'
10, 16512, 32.21529659733432, 32.21529659733432, 'SEARCH'
10, 16513, 32.19607048175475, 32.19607048175475, 'SEARCH'
10, 16514, 32.221681589790514, 32.221681589790514, 'SEARCH'
10, 16515, 32.23847952115991, 32.23847952115991, 'SEARCH'
10, 16516, 32.26621376941478, 32.26621376941478, 'SEARCH'
10, 16517, 32.29181929298863, 32.29181929298863, 'SEARCH'
10, 16518, 32.31959422153662, 32.31959422153662, 'SEARCH'
10, 16519, 32.295577470743304, 32.295577470743304, 'SEARCH'
10, 16520, 32.32328125295772, 32.32328125295772, 'SEARCH'
10, 16521, 32.34580095318243, 32.34580095318243, 'SEARCH'
10, 16522, 32.34587768920554, 32.34587768920554, 'SEARCH'
10, 16523, 32.35220648046408, 32.35220648046408, 'SEARCH'
10, 16524, 32.32895694219047, 32.32895694219047, 'SEARCH'
10, 16525, 32.31730441755251, 32.31730441755251, 'SEARCH'
10, 16526, 32.32552552844256, 32.32552552844256, 'SEARCH'
10, 16527, 32.33779875916928, 32.33779875916928, 'SEARCH'
10, 16528, 32.35178157241212, 32.35178157241212, 'SEARCH'
10, 16529, 32.37183898466216, 32.37183898466216, 'SEARCH'
10, 16530, 32.398642311713694, 32.398642311713694, 'SEARCH'
10, 16531, 32.42609322775756, 32.42609322775756, 'SEARCH'
10, 16532, 32.43658284012364, 32.43658284012364, 'SEARCH'
10, 16533, 32.45559484957314, 32.45559484957314, 'SEARCH'
10, 16534, 32.48227132812554, 32.48227132812554, 'SEARCH'
10, 16535, 32.50264224591461, 32.50264224591461, 'SEARCH'
10, 16536, 32.52893236796532, 32.52893236796532, 'SEARCH'
10, 16537, 32.54330178214403, 32.54330178214403, 'SEARCH'
10, 16538, 32.539989829692104, 32.539989829692104, 'SEARCH'
10, 16539, 32.531945301814446, 32.531945301814446, 'SEARCH'
10, 16540, 32.51236586811003, 32.51236586811003, 'SEARCH'
10, 16541, 32.506686366870674, 32.506686366870674, 'SEARCH'
10, 16542, 32.51808054310678, 32.51808054310678, 'SEARCH'
10, 16543, 32.53601746404736, 32.53601746404736, 'SEARCH'
10, 16544, 32.563774426889005, 32.563774426889005, 'SEARCH'
10, 16545, 32.54026925450061, 32.54026925450061, 'SEARCH'
10, 16546, 32.55340477789922, 32.55340477789922, 'SEARCH'
10, 16547, 32.53919114611193, 32.53919114611193, 'SEARCH'
10, 16548, 32.541245924878645, 32.541245924878645, 'SEARCH'
10, 16549, 32.56848972714188, 32.56848972714188, 'SEARCH'
10, 16550, 32.59401486379221, 32.59401486379221, 'SEARCH'
10, 16551, 32.59266434287268, 32.59266434287268, 'SEARCH'
10, 16552, 32.57344712551469, 32.57344712551469, 'SEARCH'
10, 16553, 32.60090130478012, 32.60090130478012, 'SEARCH'
10, 16554, 32.62161890489119, 32.62161890489119, 'SEARCH'
10, 16555, 32.62269771087714, 32.62269771087714, 'SEARCH'
10, 16556, 32.619908291647924, 32.619908291647924, 'SEARCH'
10, 16557, 32.64765407942601, 32.64765407942601, 'SEARCH'
10, 16558, 32.67019311924905, 32.67019311924905, 'SEARCH'
10, 16559, 32.67654866305083, 32.67654866305083, 'SEARCH'
10, 16560, 32.655659050923056, 32.655659050923056, 'SEARCH'
10, 16561, 32.68180353812359, 32.68180353812359, 'SEARCH'
10, 16562, 32.69537304090758, 32.69537304090758, 'SEARCH'
10, 16563, 32.6702480418087, 32.6702480418087, 'SEARCH'
10, 16564, 32.690318535931816, 32.690318535931816, 'SEARCH'
10, 16565, 32.71151627270185, 32.71151627270185, 'SEARCH'
10, 16566, 32.73487572112243, 32.73487572112243, 'SEARCH'
10, 16567, 32.761472331576115, 32.761472331576115, 'SEARCH'
10, 16568, 32.75071624183409, 32.75071624183409, 'SEARCH'
10, 16569, 32.77340470731138, 32.77340470731138, 'SEARCH'
10, 16570, 32.80106749920675, 32.80106749920675, 'SEARCH'
10, 16571, 32.80116299301504, 32.80116299301504, 'SEARCH'
10, 16572, 32.79548660622453, 32.79548660622453, 'SEARCH'
10, 16573, 32.78793420906894, 32.78793420906894, 'SEARCH'
10, 16574, 32.77946083038872, 32.77946083038872, 'SEARCH'
10, 16575, 32.78392861239352, 32.78392861239352, 'SEARCH'
10, 16576, 32.81084997057544, 32.81084997057544, 'SEARCH'
10, 16577, 32.833812177137716, 32.833812177137716, 'SEARCH'
10, 16578, 32.85851282145813, 32.85851282145813, 'SEARCH'
10, 16579, 32.85861153944141, 32.85861153944141, 'SEARCH'
10, 16580, 32.87088221160953, 32.87088221160953, 'SEARCH'
10, 16581, 32.890937182483604, 32.890937182483604, 'SEARCH'
10, 16582, 32.86941517368834, 32.86941517368834, 'SEARCH'
10, 16583, 32.89521264875401, 32.89521264875401, 'SEARCH'
10, 16584, 32.87497110902873, 32.87497110902873, 'SEARCH'
10, 16585, 32.90234712192969, 32.90234712192969, 'SEARCH'
10, 16586, 32.88940413167966, 32.88940413167966, 'SEARCH'
10, 16587, 32.87054740711351, 32.87054740711351, 'SEARCH'
10, 16588, 32.854720944019256, 32.854720944019256, 'SEARCH'
10, 16589, 32.87304937680759, 32.87304937680759, 'SEARCH'
10, 16590, 32.870282721336054, 32.870282721336054, 'SEARCH'
10, 16591, 32.88171246141579, 32.88171246141579, 'SEARCH'
10, 16592, 32.859616229633545, 32.859616229633545, 'SEARCH'
10, 16593, 32.87149676414249, 32.87149676414249, 'SEARCH'
10, 16594, 32.8983683726239, 32.8983683726239, 'SEARCH'
10, 16595, 32.908010583050796, 32.908010583050796, 'SEARCH'
10, 16596, 32.88290055161451, 32.88290055161451, 'SEARCH'
10, 16597, 32.90498620997444, 32.90498620997444, 'SEARCH'
10, 16598, 32.91325405029507, 32.91325405029507, 'SEARCH'
10, 16599, 32.90299327889681, 32.90299327889681, 'SEARCH'
10, 16600, 32.91702442651377, 32.91702442651377, 'SEARCH'
10, 16601, 32.89967203909083, 32.89967203909083, 'SEARCH'
10, 16602, 32.918743987052515, 32.918743987052515, 'SEARCH'
10, 16603, 32.92975697272628, 32.92975697272628, 'SEARCH'
10, 16604, 32.956371706923946, 32.956371706923946, 'SEARCH'
10, 16605, 32.96511598519531, 32.96511598519531, 'SEARCH'
10, 16606, 32.981188997260375, 32.981188997260375, 'SEARCH'
10, 16607, 33.00586084272119, 33.00586084272119, 'SEARCH'
10, 16608, 33.03222873792298, 33.03222873792298, 'SEARCH'
10, 16609, 33.024718114123814, 33.024718114123814, 'SEARCH'
10, 16610, 33.047096692440824, 33.047096692440824, 'SEARCH'
10, 16611, 33.05897129452933, 33.05897129452933, 'SEARCH'
10, 16612, 33.08588703628065, 33.08588703628065, 'SEARCH'
10, 16613, 33.091800631327125, 33.091800631327125, 'SEARCH'
10, 16614, 33.066898136774284, 33.066898136774284, 'SEARCH'
10, 16615, 33.05030531510539, 33.05030531510539, 'SEARCH'
10, 16616, 33.04421740796142, 33.04421740796142, 'SEARCH'
10, 16617, 33.07003655016675, 33.07003655016675, 'SEARCH'
10, 16618, 33.09749790468223, 33.09749790468223, 'SEARCH'
10, 16619, 33.08590296201275, 33.08590296201275, 'SEARCH'
10, 16620, 33.107595599230436, 33.107595599230436, 'SEARCH'
10, 16621, 33.12802308505628, 33.12802308505628, 'SEARCH'
10, 16622, 33.13990966283073, 33.13990966283073, 'SEARCH'
10, 16623, 33.16228544571045, 33.16228544571045, 'SEARCH'
10, 16624, 33.14275282882089, 33.14275282882089, 'SEARCH'
10, 16625, 33.153310470039536, 33.153310470039536, 'SEARCH'
10, 16626, 33.18069460156614, 33.18069460156614, 'SEARCH'
10, 16627, 33.208471925253264, 33.208471925253264, 'SEARCH'
10, 16628, 33.18928433388318, 33.18928433388318, 'SEARCH'
10, 16629, 33.204140049782175, 33.204140049782175, 'SEARCH'
10, 16630, 33.223201661220386, 33.223201661220386, 'SEARCH'
10, 16631, 33.199473796821025, 33.199473796821025, 'SEARCH'
10, 16632, 33.176270014661874, 33.176270014661874, 'SEARCH'
10, 16633, 33.20278101876473, 33.20278101876473, 'SEARCH'
10, 16634, 33.23054727974556, 33.23054727974556, 'SEARCH'
10, 16635, 33.25223592428798, 33.25223592428798, 'SEARCH'
10, 16636, 33.273922709336986, 33.273922709336986, 'SEARCH'
10, 16637, 33.28079356212654, 33.28079356212654, 'SEARCH'
10, 16638, 33.301542533474034, 33.301542533474034, 'SEARCH'
10, 16639, 33.28307220215091, 33.28307220215091, 'SEARCH'
10, 16640, 33.26190055184014, 33.26190055184014, 'SEARCH'
10, 16641, 33.28794220813539, 33.28794220813539, 'SEARCH'
10, 16642, 33.31571234630816, 33.31571234630816, 'SEARCH'
10, 16643, 33.2933329616975, 33.2933329616975, 'SEARCH'
10, 16644, 33.31502587780887, 33.31502587780887, 'SEARCH'
10, 16645, 33.34189946719484, 33.34189946719484, 'SEARCH'
10, 16646, 33.35289896396134, 33.35289896396134, 'SEARCH'
10, 16647, 33.365220073743956, 33.365220073743956, 'SEARCH'
10, 16648, 33.35587191558895, 33.35587191558895, 'SEARCH'
10, 16649, 33.347913461911396, 33.347913461911396, 'SEARCH'
10, 16650, 33.36477252364878, 33.36477252364878, 'SEARCH'
10, 16651, 33.390411001663736, 33.390411001663736, 'SEARCH'
10, 16652, 33.38338796329757, 33.38338796329757, 'SEARCH'
10, 16653, 33.364575473435515, 33.364575473435515, 'SEARCH'
10, 16654, 33.3512748393958, 33.3512748393958, 'SEARCH'
10, 16655, 33.360047580183526, 33.360047580183526, 'SEARCH'
10, 16656, 33.35590151842235, 33.35590151842235, 'SEARCH'
10, 16657, 33.360452914159566, 33.360452914159566, 'SEARCH'
10, 16658, 33.388180659720696, 33.388180659720696, 'SEARCH'
10, 16659, 33.415826869793975, 33.415826869793975, 'SEARCH'
10, 16660, 33.39702657817243, 33.39702657817243, 'SEARCH'
10, 16661, 33.42270366658492, 33.42270366658492, 'SEARCH'
10, 16662, 33.44641214422812, 33.44641214422812, 'SEARCH'
10, 16663, 33.427604296864914, 33.427604296864914, 'SEARCH'
10, 16664, 33.42154689333752, 33.42154689333752, 'SEARCH'
10, 16665, 33.43842612950334, 33.43842612950334, 'SEARCH'
10, 16666, 33.428208945130095, 33.428208945130095, 'SEARCH'
10, 16667, 33.43228425301808, 33.43228425301808, 'SEARCH'
10, 16668, 33.41652903710259, 33.41652903710259, 'SEARCH'
10, 16669, 33.3928358260596, 33.3928358260596, 'SEARCH'
10, 16670, 33.41901812881918, 33.41901812881918, 'SEARCH'
10, 16671, 33.39639651361529, 33.39639651361529, 'SEARCH'
10, 16672, 33.38188069398155, 33.38188069398155, 'SEARCH'
10, 16673, 33.404769088273696, 33.404769088273696, 'SEARCH'
10, 16674, 33.42940975466399, 33.42940975466399, 'SEARCH'
10, 16675, 33.4277006062807, 33.4277006062807, 'SEARCH'
10, 16676, 33.40892900498242, 33.40892900498242, 'SEARCH'
10, 16677, 33.401508547060054, 33.401508547060054, 'SEARCH'
10, 16678, 33.42923517096044, 33.42923517096044, 'SEARCH'
10, 16679, 33.43759069412851, 33.43759069412851, 'SEARCH'
10, 16680, 33.44170216106218, 33.44170216106218, 'SEARCH'
10, 16681, 33.468823704110925, 33.468823704110925, 'SEARCH'
10, 16682, 33.48994817513212, 33.48994817513212, 'SEARCH'
10, 16683, 33.51716841480931, 33.51716841480931, 'SEARCH'
10, 16684, 33.54366253537015, 33.54366253537015, 'SEARCH'
10, 16685, 33.57097816154214, 33.57097816154214, 'SEARCH'
10, 16686, 33.554826502238065, 33.554826502238065, 'SEARCH'
10, 16687, 33.5790110040785, 33.5790110040785, 'SEARCH'
10, 16688, 33.6044954151343, 33.6044954151343, 'SEARCH'
10, 16689, 33.631973451024486, 33.631973451024486, 'SEARCH'
10, 16690, 33.65969658640095, 33.65969658640095, 'SEARCH'
10, 16691, 33.68742578966874, 33.68742578966874, 'SEARCH'
10, 16692, 33.66791141943126, 33.66791141943126, 'SEARCH'
10, 16693, 33.64806208189272, 33.64806208189272, 'SEARCH'
10, 16694, 33.656374525965305, 33.656374525965305, 'SEARCH'
10, 16695, 33.67247304000717, 33.67247304000717, 'SEARCH'
10, 16696, 33.676539669819306, 33.676539669819306, 'SEARCH'
10, 16697, 33.70393067707992, 33.70393067707992, 'SEARCH'
10, 16698, 33.72508065225571, 33.72508065225571, 'SEARCH'
10, 16699, 33.75248613449613, 33.75248613449613, 'SEARCH'
10, 16700, 33.776388692714654, 33.776388692714654, 'SEARCH'
10, 16701, 33.76060044886157, 33.76060044886157, 'SEARCH'
10, 16702, 33.770275168543904, 33.770275168543904, 'SEARCH'
10, 16703, 33.757400637302204, 33.757400637302204, 'SEARCH'
10, 16704, 33.78053913609437, 33.78053913609437, 'SEARCH'
10, 16705, 33.757896338700206, 33.757896338700206, 'SEARCH'
10, 16706, 33.77991030411586, 33.77991030411586, 'SEARCH'
10, 16707, 33.791831051730064, 33.791831051730064, 'SEARCH'
10, 16708, 33.81747890283549, 33.81747890283549, 'SEARCH'
10, 16709, 33.83792773609905, 33.83792773609905, 'SEARCH'
10, 16710, 33.86138119640967, 33.86138119640967, 'SEARCH'
10, 16711, 33.85578574701986, 33.85578574701986, 'SEARCH'
10, 16712, 33.878707102912465, 33.878707102912465, 'SEARCH'
10, 16713, 33.89986940827947, 33.89986940827947, 'SEARCH'
10, 16714, 33.92195065392179, 33.92195065392179, 'SEARCH'
10, 16715, 33.904975509300634, 33.904975509300634, 'SEARCH'
10, 16716, 33.914635719441456, 33.914635719441456, 'SEARCH'
10, 16717, 33.93692347772474, 33.93692347772474, 'SEARCH'
10, 16718, 33.96296768968311, 33.96296768968311, 'SEARCH'
10, 16719, 33.95830096610532, 33.95830096610532, 'SEARCH'
10, 16720, 33.98576228700162, 33.98576228700162, 'SEARCH'
10, 16721, 33.999367885295435, 33.999367885295435, 'SEARCH'
10, 16722, 34.02666532806637, 34.02666532806637, 'SEARCH'
10, 16723, 34.05088608433821, 34.05088608433821, 'SEARCH'
10, 16724, 34.06884987528991, 34.06884987528991, 'SEARCH'
10, 16725, 34.087897123070384, 34.087897123070384, 'SEARCH'
10, 16726, 34.068701532258316, 34.068701532258316, 'SEARCH'
10, 16727, 34.09351921963254, 34.09351921963254, 'SEARCH'
10, 16728, 34.12121888081178, 34.12121888081178, 'SEARCH'
10, 16729, 34.1395447646464, 34.1395447646464, 'SEARCH'
10, 16730, 34.16713152446666, 34.16713152446666, 'SEARCH'
10, 16731, 34.19486433325537, 34.19486433325537, 'SEARCH'
10, 16732, 34.17190140246815, 34.17190140246815, 'SEARCH'
10, 16733, 34.19956204152659, 34.19956204152659, 'SEARCH'
10, 16734, 34.20962749158961, 34.20962749158961, 'SEARCH'
10, 16735, 34.196693665123064, 34.196693665123064, 'SEARCH'
10, 16736, 34.21676560529673, 34.21676560529673, 'SEARCH'
10, 16737, 34.20215443126972, 34.20215443126972, 'SEARCH'
10, 16738, 34.188808024324324, 34.188808024324324, 'SEARCH'
10, 16739, 34.207142485253016, 34.207142485253016, 'SEARCH'
10, 16740, 34.23475249299195, 34.23475249299195, 'SEARCH'
10, 16741, 34.255160671468936, 34.255160671468936, 'SEARCH'
10, 16742, 34.28290707506624, 34.28290707506624, 'SEARCH'
10, 16743, 34.295629854635045, 34.295629854635045, 'SEARCH'
10, 16744, 34.31885682522087, 34.31885682522087, 'SEARCH'
10, 16745, 34.33326327911095, 34.33326327911095, 'SEARCH'
10, 16746, 34.35986132096295, 34.35986132096295, 'SEARCH'
10, 16747, 34.37384589125623, 34.37384589125623, 'SEARCH'
10, 16748, 34.40007383709711, 34.40007383709711, 'SEARCH'
10, 16749, 34.4035595845604, 34.4035595845604, 'SEARCH'
10, 16750, 34.41795695418541, 34.41795695418541, 'SEARCH'
10, 16751, 34.43317506294001, 34.43317506294001, 'SEARCH'
10, 16752, 34.45529498758622, 34.45529498758622, 'SEARCH'
10, 16753, 34.4458849818477, 34.4458849818477, 'SEARCH'
10, 16754, 34.472862791026216, 34.472862791026216, 'SEARCH'
10, 16755, 34.46957458697421, 34.46957458697421, 'SEARCH'
10, 16756, 34.48996117228924, 34.48996117228924, 'SEARCH'
10, 16757, 34.50675981644833, 34.50675981644833, 'SEARCH'
10, 16758, 34.49212619826663, 34.49212619826663, 'SEARCH'
10, 16759, 34.47918367322224, 34.47918367322224, 'SEARCH'
10, 16760, 34.47164298980893, 34.47164298980893, 'SEARCH'
10, 16761, 34.49707125450882, 34.49707125450882, 'SEARCH'
10, 16762, 34.52268863307974, 34.52268863307974, 'SEARCH'
10, 16763, 34.53229930871142, 34.53229930871142, 'SEARCH'
10, 16764, 34.554411320757204, 34.554411320757204, 'SEARCH'
10, 16765, 34.534505775060516, 34.534505775060516, 'SEARCH'
10, 16766, 34.55661787429781, 34.55661787429781, 'SEARCH'
10, 16767, 34.53392646412688, 34.53392646412688, 'SEARCH'
10, 16768, 34.5321081860053, 34.5321081860053, 'SEARCH'
10, 16769, 34.53271907509992, 34.53271907509992, 'SEARCH'
10, 16770, 34.51282921656719, 34.51282921656719, 'SEARCH'
10, 16771, 34.49948678684833, 34.49948678684833, 'SEARCH'
10, 16772, 34.52640239657654, 34.52640239657654, 'SEARCH'
10, 16773, 34.50460069534062, 34.50460069534062, 'SEARCH'
10, 16774, 34.4872380361662, 34.4872380361662, 'SEARCH'
10, 16775, 34.48594618346002, 34.48594618346002, 'SEARCH'
10, 16776, 34.461272923865735, 34.461272923865735, 'SEARCH'
10, 16777, 34.46910127055702, 34.46910127055702, 'SEARCH'
10, 16778, 34.495424391161414, 34.495424391161414, 'SEARCH'
10, 16779, 34.52233398880189, 34.52233398880189, 'SEARCH'
10, 16780, 34.54946977720166, 34.54946977720166, 'SEARCH'
10, 16781, 34.57450434597775, 34.57450434597775, 'SEARCH'
10, 16782, 34.55790804213366, 34.55790804213366, 'SEARCH'
10, 16783, 34.5825094686861, 34.5825094686861, 'SEARCH'
10, 16784, 34.6044943061676, 34.6044943061676, 'SEARCH'
10, 16785, 34.59031877637245, 34.59031877637245, 'SEARCH'
10, 16786, 34.61074443011875, 34.61074443011875, 'SEARCH'
10, 16787, 34.6379479783724, 34.6379479783724, 'SEARCH'
10, 16788, 34.65591976442255, 34.65591976442255, 'SEARCH'
10, 16789, 34.65993558190158, 34.65993558190158, 'SEARCH'
10, 16790, 34.68726382469193, 34.68726382469193, 'SEARCH'
10, 16791, 34.68837957949618, 34.68837957949618, 'SEARCH'
10, 16792, 34.697566728855676, 34.697566728855676, 'SEARCH'
10, 16793, 34.718745950887644, 34.718745950887644, 'SEARCH'
10, 16794, 34.71598588928026, 34.71598588928026, 'SEARCH'
10, 16795, 34.74357461410794, 34.74357461410794, 'SEARCH'
10, 16796, 34.77095486716947, 34.77095486716947, 'SEARCH'
10, 16797, 34.79598046828192, 34.79598046828192, 'SEARCH'
10, 16798, 34.81536999616579, 34.81536999616579, 'SEARCH'
10, 16799, 34.84292478121541, 34.84292478121541, 'SEARCH'
10, 16800, 34.82371448699765, 34.82371448699765, 'SEARCH'
10, 16801, 34.79839109467738, 34.79839109467738, 'SEARCH'
10, 16802, 34.824198208809726, 34.824198208809726, 'SEARCH'
10, 16803, 34.85025471677589, 34.85025471677589, 'SEARCH'
10, 16804, 34.843184718116575, 34.843184718116575, 'SEARCH'
10, 16805, 34.86573446941884, 34.86573446941884, 'SEARCH'
10, 16806, 34.89265589756834, 34.89265589756834, 'SEARCH'
10, 16807, 34.9144722467055, 34.9144722467055, 'SEARCH'
10, 16808, 34.90461797129293, 34.90461797129293, 'SEARCH'
10, 16809, 34.91689919664688, 34.91689919664688, 'SEARCH'
10, 16810, 34.94439003304691, 34.94439003304691, 'SEARCH'
10, 16811, 34.97216148371902, 34.97216148371902, 'SEARCH'
10, 16812, 34.97226069372286, 34.97226069372286, 'SEARCH'
10, 16813, 34.9946714368773, 34.9946714368773, 'SEARCH'
10, 16814, 35.021646814667555, 35.021646814667555, 'SEARCH'
10, 16815, 35.03765107097724, 35.03765107097724, 'SEARCH'
10, 16816, 35.06072859167025, 35.06072859167025, 'SEARCH'
10, 16817, 35.03859451866988, 35.03859451866988, 'SEARCH'
10, 16818, 35.022343208919, 35.022343208919, 'SEARCH'
10, 16819, 35.010698012369886, 35.010698012369886, 'SEARCH'
10, 16820, 35.03323689631886, 35.03323689631886, 'SEARCH'
10, 16821, 35.02029262782887, 35.02029262782887, 'SEARCH'
10, 16822, 35.022348657491236, 35.022348657491236, 'SEARCH'
10, 16823, 35.0350698247992, 35.0350698247992, 'SEARCH'
10, 16824, 35.04514131817546, 35.04514131817546, 'SEARCH'
10, 16825, 35.07289742705721, 35.07289742705721, 'SEARCH'
10, 16826, 35.1003515230227, 35.1003515230227, 'SEARCH'
10, 16827, 35.12702246246006, 35.12702246246006, 'SEARCH'
10, 16828, 35.15309039380808, 35.15309039380808, 'SEARCH'
10, 16829, 35.18080667112332, 35.18080667112332, 'SEARCH'
10, 16830, 35.20580906130925, 35.20580906130925, 'SEARCH'
10, 16831, 35.219764414378545, 35.219764414378545, 'SEARCH'
10, 16832, 35.24469682328443, 35.24469682328443, 'SEARCH'
10, 16833, 35.272275638020076, 35.272275638020076, 'SEARCH'
10, 16834, 35.251034602424944, 35.251034602424944, 'SEARCH'
10, 16835, 35.23360760619999, 35.23360760619999, 'SEARCH'
10, 16836, 35.21507998053351, 35.21507998053351, 'SEARCH'
10, 16837, 35.24275975888342, 35.24275975888342, 'SEARCH'
10, 16838, 35.22122393808513, 35.22122393808513, 'SEARCH'
10, 16839, 35.22896929473034, 35.22896929473034, 'SEARCH'
10, 16840, 35.2362510816339, 35.2362510816339, 'SEARCH'
10, 16841, 35.242123339061294, 35.242123339061294, 'SEARCH'
10, 16842, 35.26562542126589, 35.26562542126589, 'SEARCH'
10, 16843, 35.27429713773105, 35.27429713773105, 'SEARCH'
10, 16844, 35.28909795146481, 35.28909795146481, 'SEARCH'
10, 16845, 35.27878109151248, 35.27878109151248, 'SEARCH'
10, 16846, 35.30060571002778, 35.30060571002778, 'SEARCH'
10, 16847, 35.2768440554551, 35.2768440554551, 'SEARCH'
10, 16848, 35.288237805599366, 35.288237805599366, 'SEARCH'
10, 16849, 35.31557488417361, 35.31557488417361, 'SEARCH'
10, 16850, 35.294674329302076, 35.294674329302076, 'SEARCH'
10, 16851, 35.31959359385286, 35.31959359385286, 'SEARCH'
10, 16852, 35.307069048186754, 35.307069048186754, 'SEARCH'
10, 16853, 35.32960394183987, 35.32960394183987, 'SEARCH'
10, 16854, 35.31375529391945, 35.31375529391945, 'SEARCH'
10, 16855, 35.335713508967714, 35.335713508967714, 'SEARCH'
10, 16856, 35.32027095083979, 35.32027095083979, 'SEARCH'
10, 16857, 35.34281339059824, 35.34281339059824, 'SEARCH'
10, 16858, 35.369793724626206, 35.369793724626206, 'SEARCH'
10, 16859, 35.39708158696388, 35.39708158696388, 'SEARCH'
10, 16860, 35.42032301767234, 35.42032301767234, 'SEARCH'
10, 16861, 35.446111694324436, 35.446111694324436, 'SEARCH'
10, 16862, 35.42520274239362, 35.42520274239362, 'SEARCH'
10, 16863, 35.42771796656826, 35.42771796656826, 'SEARCH'
10, 16864, 35.44169318528793, 35.44169318528793, 'SEARCH'
10, 16865, 35.46945736838327, 35.46945736838327, 'SEARCH'
10, 16866, 35.46954924835214, 35.46954924835214, 'SEARCH'
10, 16867, 35.481814108664224, 35.481814108664224, 'SEARCH'
10, 16868, 35.48288282629488, 35.48288282629488, 'SEARCH'
10, 16869, 35.49202562806181, 35.49202562806181, 'SEARCH'
10, 16870, 35.514841512473325, 35.514841512473325, 'SEARCH'
10, 16871, 35.51928956476739, 35.51928956476739, 'SEARCH'
10, 16872, 35.54376476606157, 35.54376476606157, 'SEARCH'
10, 16873, 35.55731717996123, 35.55731717996123, 'SEARCH'
10, 16874, 35.580401084066324, 35.580401084066324, 'SEARCH'
10, 16875, 35.57519386936343, 35.57519386936343, 'SEARCH'
10, 16876, 35.58387494148461, 35.58387494148461, 'SEARCH'
10, 16877, 35.56396656636002, 35.56396656636002, 'SEARCH'
10, 16878, 35.544754015379525, 35.544754015379525, 'SEARCH'
10, 16879, 35.561955125850766, 35.561955125850766, 'SEARCH'
10, 16880, 35.540143501038024, 35.540143501038024, 'SEARCH'
10, 16881, 35.56362786244305, 35.56362786244305, 'SEARCH'
10, 16882, 35.57886190649612, 35.57886190649612, 'SEARCH'
10, 16883, 35.55462814650597, 35.55462814650597, 'SEARCH'
10, 16884, 35.5817243588571, 35.5817243588571, 'SEARCH'
10, 16885, 35.58088402140883, 35.58088402140883, 'SEARCH'
10, 16886, 35.59005557356513, 35.59005557356513, 'SEARCH'
10, 16887, 35.59737845609505, 35.59737845609505, 'SEARCH'
10, 16888, 35.61712030045298, 35.61712030045298, 'SEARCH'
10, 16889, 35.61435571754327, 35.61435571754327, 'SEARCH'
10, 16890, 35.63662797542618, 35.63662797542618, 'SEARCH'
10, 16891, 35.6634218478305, 35.6634218478305, 'SEARCH'
10, 16892, 35.69040635999017, 35.69040635999017, 'SEARCH'
10, 16893, 35.68287070703278, 35.68287070703278, 'SEARCH'
10, 16894, 35.70947359363902, 35.70947359363902, 'SEARCH'
10, 16895, 35.726292092045455, 35.726292092045455, 'SEARCH'
10, 16896, 35.7500368231721, 35.7500368231721, 'SEARCH'
10, 16897, 35.74437488506041, 35.74437488506041, 'SEARCH'
10, 16898, 35.7700834246999, 35.7700834246999, 'SEARCH'
10, 16899, 35.75122188079608, 35.75122188079608, 'SEARCH'
10, 16900, 35.74604300214994, 35.74604300214994, 'SEARCH'
10, 16901, 35.75657029142502, 35.75657029142502, 'SEARCH'
10, 16902, 35.74719525924887, 35.74719525924887, 'SEARCH'
10, 16903, 35.77483536984475, 35.77483536984475, 'SEARCH'
10, 16904, 35.770622298429046, 35.770622298429046, 'SEARCH'
10, 16905, 35.75727912117124, 35.75727912117124, 'SEARCH'
10, 16906, 35.784022042293486, 35.784022042293486, 'SEARCH'
10, 16907, 35.771539650803994, 35.771539650803994, 'SEARCH'
10, 16908, 35.778408479725485, 35.778408479725485, 'SEARCH'
10, 16909, 35.804284541847714, 35.804284541847714, 'SEARCH'
10, 16910, 35.82534458013743, 35.82534458013743, 'SEARCH'
10, 16911, 35.849328621827546, 35.849328621827546, 'SEARCH'
10, 16912, 35.87642406483859, 35.87642406483859, 'SEARCH'
10, 16913, 35.90362067059862, 35.90362067059862, 'SEARCH'
10, 16914, 35.93120553980931, 35.93120553980931, 'SEARCH'
10, 16915, 35.90650545435692, 35.90650545435692, 'SEARCH'
10, 16916, 35.933840013252635, 35.933840013252635, 'SEARCH'
10, 16917, 35.95535751791685, 35.95535751791685, 'SEARCH'
10, 16918, 35.93135140336498, 35.93135140336498, 'SEARCH'
10, 16919, 35.94095599326868, 35.94095599326868, 'SEARCH'
10, 16920, 35.92394379541571, 35.92394379541571, 'SEARCH'
10, 16921, 35.93957934243236, 35.93957934243236, 'SEARCH'
10, 16922, 35.96691335904795, 35.96691335904795, 'SEARCH'
10, 16923, 35.982540717455194, 35.982540717455194, 'SEARCH'
10, 16924, 36.00734235949952, 36.00734235949952, 'SEARCH'
10, 16925, 35.984105252730274, 35.984105252730274, 'SEARCH'
10, 16926, 36.00933069644809, 36.00933069644809, 'SEARCH'
10, 16927, 36.03158332125762, 36.03158332125762, 'SEARCH'
10, 16928, 36.05935857401899, 36.05935857401899, 'SEARCH'
10, 16929, 36.07802074826877, 36.07802074826877, 'SEARCH'
10, 16930, 36.05451692848522, 36.05451692848522, 'SEARCH'
10, 16931, 36.03239941920739, 36.03239941920739, 'SEARCH'
10, 16932, 36.059984697568275, 36.059984697568275, 'SEARCH'
10, 16933, 36.08770248759881, 36.08770248759881, 'SEARCH'
10, 16934, 36.067458727676666, 36.067458727676666, 'SEARCH'
10, 16935, 36.09498201635617, 36.09498201635617, 'SEARCH'
10, 16936, 36.10768851707843, 36.10768851707843, 'SEARCH'
10, 16937, 36.13358212237107, 36.13358212237107, 'SEARCH'
10, 16938, 36.16095477210453, 36.16095477210453, 'SEARCH'
10, 16939, 36.18810660875223, 36.18810660875223, 'SEARCH'
10, 16940, 36.199918701073905, 36.199918701073905, 'SEARCH'
10, 16941, 36.21746344861262, 36.21746344861262, 'SEARCH'
10, 16942, 36.204494163206284, 36.204494163206284, 'SEARCH'
10, 16943, 36.219698960847985, 36.219698960847985, 'SEARCH'
10, 16944, 36.23648849473425, 36.23648849473425, 'SEARCH'
10, 16945, 36.259466722775365, 36.259466722775365, 'SEARCH'
10, 16946, 36.25809219856146, 36.25809219856146, 'SEARCH'
10, 16947, 36.28572665559222, 36.28572665559222, 'SEARCH'
10, 16948, 36.31309578834613, 36.31309578834613, 'SEARCH'
10, 16949, 36.334941987922306, 36.334941987922306, 'SEARCH'
10, 16950, 36.341247933239394, 36.341247933239394, 'SEARCH'
10, 16951, 36.36451010857601, 36.36451010857601, 'SEARCH'
10, 16952, 36.34861990935416, 36.34861990935416, 'SEARCH'
10, 16953, 36.374165193042394, 36.374165193042394, 'SEARCH'
10, 16954, 36.401907539807546, 36.401907539807546, 'SEARCH'
10, 16955, 36.42645382160295, 36.42645382160295, 'SEARCH'
10, 16956, 36.40938163879063, 36.40938163879063, 'SEARCH'
10, 16957, 36.418927138478374, 36.418927138478374, 'SEARCH'
10, 16958, 36.446354983030986, 36.446354983030986, 'SEARCH'
10, 16959, 36.47190868084633, 36.47190868084633, 'SEARCH'
10, 16960, 36.485401708652915, 36.485401708652915, 'SEARCH'
10, 16961, 36.49493120179915, 36.49493120179915, 'SEARCH'
10, 16962, 36.477855860550335, 36.477855860550335, 'SEARCH'
10, 16963, 36.467042596656476, 36.467042596656476, 'SEARCH'
10, 16964, 36.44431883165176, 36.44431883165176, 'SEARCH'
10, 16965, 36.45698664665718, 36.45698664665718, 'SEARCH'
10, 16966, 36.48424153162758, 36.48424153162758, 'SEARCH'
10, 16967, 36.46956841693752, 36.46956841693752, 'SEARCH'
10, 16968, 36.49701433333333, 36.49701433333333, 'SEARCH'
10, 16969, 36.49707155446081, 36.49707155446081, 'SEARCH'
10, 16970, 36.50243397624576, 36.50243397624576, 'SEARCH'
10, 16971, 36.48119850091145, 36.48119850091145, 'SEARCH'
10, 16972, 36.46909216209735, 36.46909216209735, 'SEARCH'
10, 16973, 36.46579429752495, 36.46579429752495, 'SEARCH'
10, 16974, 36.48372235492014, 36.48372235492014, 'SEARCH'
10, 16975, 36.490533657979405, 36.490533657979405, 'SEARCH'
10, 16976, 36.47130809076229, 36.47130809076229, 'SEARCH'
10, 16977, 36.478133443820994, 36.478133443820994, 'SEARCH'
10, 16978, 36.48728314287904, 36.48728314287904, 'SEARCH'
10, 16979, 36.51358481989577, 36.51358481989577, 'SEARCH'
10, 16980, 36.541362385527286, 36.541362385527286, 'SEARCH'
10, 16981, 36.568648608350415, 36.568648608350415, 'SEARCH'
10, 16982, 36.58967279274432, 36.58967279274432, 'SEARCH'
10, 16983, 36.564745358289116, 36.564745358289116, 'SEARCH'
10, 16984, 36.54177244760044, 36.54177244760044, 'SEARCH'
10, 16985, 36.51880572227364, 36.51880572227364, 'SEARCH'
10, 16986, 36.54176625863779, 36.54176625863779, 'SEARCH'
10, 16987, 36.56600737994353, 36.56600737994353, 'SEARCH'
10, 16988, 36.577837114457665, 36.577837114457665, 'SEARCH'
10, 16989, 36.59905075318944, 36.59905075318944, 'SEARCH'
10, 16990, 36.61259680264827, 36.61259680264827, 'SEARCH'
10, 16991, 36.635574333973366, 36.635574333973366, 'SEARCH'
10, 16992, 36.6266069171212, 36.6266069171212, 'SEARCH'
10, 16993, 36.605701445831876, 36.605701445831876, 'SEARCH'
10, 16994, 36.629311288835396, 36.629311288835396, 'SEARCH'
10, 16995, 36.641574236724175, 36.641574236724175, 'SEARCH'
10, 16996, 36.65637661249043, 36.65637661249043, 'SEARCH'
10, 16997, 36.68382750617534, 36.68382750617534, 'SEARCH'
10, 16998, 36.672169363939304, 36.672169363939304, 'SEARCH'
10, 16999, 36.69738627643438, 36.69738627643438, 'SEARCH'
10, 17000, 36.71796660305564, 36.71796660305564, 'SEARCH'
10, 17001, 36.70674371897788, 36.70674371897788, 'SEARCH'
10, 17002, 36.73281475494923, 36.73281475494923, 'SEARCH'
10, 17003, 36.741013696631015, 36.741013696631015, 'SEARCH'
10, 17004, 36.73390574973096, 36.73390574973096, 'SEARCH'
10, 17005, 36.71687714228013, 36.71687714228013, 'SEARCH'
10, 17006, 36.742944256314736, 36.742944256314736, 'SEARCH'
10, 17007, 36.767513836406714, 36.767513836406714, 'SEARCH'
10, 17008, 36.76760108047061, 36.76760108047061, 'SEARCH'
10, 17009, 36.794940473648886, 36.794940473648886, 'SEARCH'
10, 17010, 36.818541415213765, 36.818541415213765, 'SEARCH'
10, 17011, 36.840381983316604, 36.840381983316604, 'SEARCH'
10, 17012, 36.83279058331411, 36.83279058331411, 'SEARCH'
10, 17013, 36.84144689341288, 36.84144689341288, 'SEARCH'
10, 17014, 36.869210404764935, 36.869210404764935, 'SEARCH'
10, 17015, 36.883160187745254, 36.883160187745254, 'SEARCH'
10, 17016, 36.89181162149885, 36.89181162149885, 'SEARCH'
10, 17017, 36.87756865373731, 36.87756865373731, 'SEARCH'
10, 17018, 36.87093036168273, 36.87093036168273, 'SEARCH'
10, 17019, 36.89401076230575, 36.89401076230575, 'SEARCH'
10, 17020, 36.92073668379457, 36.92073668379457, 'SEARCH'
10, 17021, 36.94132518316855, 36.94132518316855, 'SEARCH'
10, 17022, 36.92072931432006, 36.92072931432006, 'SEARCH'
10, 17023, 36.90114495103561, 36.90114495103561, 'SEARCH'
10, 17024, 36.92562791274267, 36.92562791274267, 'SEARCH'
10, 17025, 36.93336237739374, 36.93336237739374, 'SEARCH'
10, 17026, 36.95792824313908, 36.95792824313908, 'SEARCH'
10, 17027, 36.98226156285574, 36.98226156285574, 'SEARCH'
10, 17028, 36.95754516572313, 36.95754516572313, 'SEARCH'
10, 17029, 36.95714560609654, 36.95714560609654, 'SEARCH'
10, 17030, 36.98255899189193, 36.98255899189193, 'SEARCH'
10, 17031, 37.008281863933064, 37.008281863933064, 'SEARCH'
10, 17032, 37.032053426694574, 37.032053426694574, 'SEARCH'
10, 17033, 37.05660961799281, 37.05660961799281, 'SEARCH'
10, 17034, 37.08180951974506, 37.08180951974506, 'SEARCH'
10, 17035, 37.105592476803146, 37.105592476803146, 'SEARCH'
10, 17036, 37.13309408668644, 37.13309408668644, 'SEARCH'
10, 17037, 37.160597100648936, 37.160597100648936, 'SEARCH'
10, 17038, 37.18279448663985, 37.18279448663985, 'SEARCH'
10, 17039, 37.16934338650903, 37.16934338650903, 'SEARCH'
10, 17040, 37.18684627192305, 37.18684627192305, 'SEARCH'
10, 17041, 37.214349941236996, 37.214349941236996, 'SEARCH'
10, 17042, 37.22155581489213, 37.22155581489213, 'SEARCH'
10, 17043, 37.23710607813585, 37.23710607813585, 'SEARCH'
10, 17044, 37.213306524736886, 37.213306524736886, 'SEARCH'
10, 17045, 37.238042256467196, 37.238042256467196, 'SEARCH'
10, 17046, 37.2625588388711, 37.2625588388711, 'SEARCH'
10, 17047, 37.286364071035486, 37.286364071035486, 'SEARCH'
10, 17048, 37.313065376566364, 37.313065376566364, 'SEARCH'
10, 17049, 37.288766193889934, 37.288766193889934, 'SEARCH'
10, 17050, 37.29070632610911, 37.29070632610911, 'SEARCH'
10, 17051, 37.299297771999775, 37.299297771999775, 'SEARCH'
10, 17052, 37.31993324880831, 37.31993324880831, 'SEARCH'
10, 17053, 37.295406956130165, 37.295406956130165, 'SEARCH'
10, 17054, 37.32057745569127, 37.32057745569127, 'SEARCH'
10, 17055, 37.30272235005754, 37.30272235005754, 'SEARCH'
10, 17056, 37.284506687459064, 37.284506687459064, 'SEARCH'
10, 17057, 37.31226678012222, 37.31226678012222, 'SEARCH'
10, 17058, 37.32820943103203, 37.32820943103203, 'SEARCH'
10, 17059, 37.35527256856869, 37.35527256856869, 'SEARCH'
10, 17060, 37.37774434807556, 37.37774434807556, 'SEARCH'
10, 17061, 37.4041655505219, 37.4041655505219, 'SEARCH'
10, 17062, 37.40220758324619, 37.40220758324619, 'SEARCH'
10, 17063, 37.42674022153215, 37.42674022153215, 'SEARCH'
10, 17064, 37.43845734500184, 37.43845734500184, 'SEARCH'
10, 17065, 37.43456882706555, 37.43456882706555, 'SEARCH'
10, 17066, 37.43649120230083, 37.43649120230083, 'SEARCH'
10, 17067, 37.45358522561473, 37.45358522561473, 'SEARCH'
10, 17068, 37.47811648970052, 37.47811648970052, 'SEARCH'
10, 17069, 37.47567392281692, 37.47567392281692, 'SEARCH'
10, 17070, 37.49996182619969, 37.49996182619969, 'SEARCH'
10, 17071, 37.52703208534941, 37.52703208534941, 'SEARCH'
10, 17072, 37.55454371158434, 37.55454371158434, 'SEARCH'
10, 17073, 37.53818382541774, 37.53818382541774, 'SEARCH'
10, 17074, 37.56575091772435, 37.56575091772435, 'SEARCH'
10, 17075, 37.54325582296903, 37.54325582296903, 'SEARCH'
10, 17076, 37.56862111251084, 37.56862111251084, 'SEARCH'
10, 17077, 37.5950291675298, 37.5950291675298, 'SEARCH'
10, 17078, 37.60403509549455, 37.60403509549455, 'SEARCH'
10, 17079, 37.61789202646372, 37.61789202646372, 'SEARCH'
10, 17080, 37.64429908364531, 37.64429908364531, 'SEARCH'
10, 17081, 37.670577461310735, 37.670577461310735, 'SEARCH'
10, 17082, 37.697543098918075, 37.697543098918075, 'SEARCH'
10, 17083, 37.70513776030687, 37.70513776030687, 'SEARCH'
10, 17084, 37.732189822738846, 37.732189822738846, 'SEARCH'
10, 17085, 37.75498332258518, 37.75498332258518, 'SEARCH'
10, 17086, 37.758770173694394, 37.758770173694394, 'SEARCH'
10, 17087, 37.778012288709924, 37.778012288709924, 'SEARCH'
10, 17088, 37.76981738659681, 37.76981738659681, 'SEARCH'
10, 17089, 37.7810533656247, 37.7810533656247, 'SEARCH'
10, 17090, 37.781472000847394, 37.781472000847394, 'SEARCH'
10, 17091, 37.7571479609207, 37.7571479609207, 'SEARCH'
10, 17092, 37.74580513607779, 37.74580513607779, 'SEARCH'
10, 17093, 37.722227453908836, 37.722227453908836, 'SEARCH'
10, 17094, 37.743832470260884, 37.743832470260884, 'SEARCH'
10, 17095, 37.74040826498976, 37.74040826498976, 'SEARCH'
10, 17096, 37.76776954955688, 37.76776954955688, 'SEARCH'
10, 17097, 37.78968465728976, 37.78968465728976, 'SEARCH'
10, 17098, 37.8159663907814, 37.8159663907814, 'SEARCH'
10, 17099, 37.833772334448106, 37.833772334448106, 'SEARCH'
10, 17100, 37.854043035771575, 37.854043035771575, 'SEARCH'
10, 17101, 37.88180618092214, 37.88180618092214, 'SEARCH'
10, 17102, 37.90852915935715, 37.90852915935715, 'SEARCH'
10, 17103, 37.893326363769354, 37.893326363769354, 'SEARCH'
10, 17104, 37.91555745803814, 37.91555745803814, 'SEARCH'
10, 17105, 37.89121938146132, 37.89121938146132, 'SEARCH'
10, 17106, 37.90668787859075, 37.90668787859075, 'SEARCH'
10, 17107, 37.931177534624126, 37.931177534624126, 'SEARCH'
10, 17108, 37.9432796833752, 37.9432796833752, 'SEARCH'
10, 17109, 37.97000377981318, 37.97000377981318, 'SEARCH'
10, 17110, 37.99772018176062, 37.99772018176062, 'SEARCH'
10, 17111, 37.97835077467461, 37.97835077467461, 'SEARCH'
10, 17112, 38.00584539562759, 38.00584539562759, 'SEARCH'
10, 17113, 37.9994998590405, 37.9994998590405, 'SEARCH'
10, 17114, 38.02563349100701, 38.02563349100701, 'SEARCH'
10, 17115, 38.0322543465947, 38.0322543465947, 'SEARCH'
10, 17116, 38.0575904597459, 38.0575904597459, 'SEARCH'
10, 17117, 38.070108274335844, 38.070108274335844, 'SEARCH'
10, 17118, 38.08933016284652, 38.08933016284652, 'SEARCH'
10, 17119, 38.11652254566809, 38.11652254566809, 'SEARCH'
10, 17120, 38.143120075603235, 38.143120075603235, 'SEARCH'
10, 17121, 38.14589808488348, 38.14589808488348, 'SEARCH'
10, 17122, 38.173232601912076, 38.173232601912076, 'SEARCH'
10, 17123, 38.149866161590495, 38.149866161590495, 'SEARCH'
10, 17124, 38.17122065596828, 38.17122065596828, 'SEARCH'
10, 17125, 38.14811995152037, 38.14811995152037, 'SEARCH'
10, 17126, 38.16625484740563, 38.16625484740563, 'SEARCH'
10, 17127, 38.17332921016105, 38.17332921016105, 'SEARCH'
10, 17128, 38.194217504838285, 38.194217504838285, 'SEARCH'
10, 17129, 38.17085688605897, 38.17085688605897, 'SEARCH'
10, 17130, 38.19124505654518, 38.19124505654518, 'SEARCH'
10, 17131, 38.21473912431735, 38.21473912431735, 'SEARCH'
10, 17132, 38.23135800018093, 38.23135800018093, 'SEARCH'
10, 17133, 38.25484928892399, 38.25484928892399, 'SEARCH'
10, 17134, 38.27752986625143, 38.27752986625143, 'SEARCH'
10, 17135, 38.29045400492163, 38.29045400492163, 'SEARCH'
10, 17136, 38.28838580584332, 38.28838580584332, 'SEARCH'
10, 17137, 38.311876826264275, 38.311876826264275, 'SEARCH'
10, 17138, 38.31609527677332, 38.31609527677332, 'SEARCH'
10, 17139, 38.336326106574575, 38.336326106574575, 'SEARCH'
10, 17140, 38.3122069740643, 38.3122069740643, 'SEARCH'
10, 17141, 38.31257688761549, 38.31257688761549, 'SEARCH'
10, 17142, 38.339951322883536, 38.339951322883536, 'SEARCH'
10, 17143, 38.363312374278095, 38.363312374278095, 'SEARCH'
10, 17144, 38.37992507427632, 38.37992507427632, 'SEARCH'
10, 17145, 38.38414097332953, 38.38414097332953, 'SEARCH'
10, 17146, 38.38401472019615, 38.38401472019615, 'SEARCH'
10, 17147, 38.39944832668748, 38.39944832668748, 'SEARCH'
10, 17148, 38.37938357597071, 38.37938357597071, 'SEARCH'
10, 17149, 38.40653154503246, 38.40653154503246, 'SEARCH'
10, 17150, 38.431548929129875, 38.431548929129875, 'SEARCH'
10, 17151, 38.45896442249613, 38.45896442249613, 'SEARCH'
10, 17152, 38.47478532983658, 38.47478532983658, 'SEARCH'
10, 17153, 38.47610286272258, 38.47610286272258, 'SEARCH'
10, 17154, 38.50308680280055, 38.50308680280055, 'SEARCH'
10, 17155, 38.506812783601625, 38.506812783601625, 'SEARCH'
10, 17156, 38.520583504736635, 38.520583504736635, 'SEARCH'
10, 17157, 38.547503073025176, 38.547503073025176, 'SEARCH'
10, 17158, 38.55955126318154, 38.55955126318154, 'SEARCH'
10, 17159, 38.55892498576425, 38.55892498576425, 'SEARCH'
10, 17160, 38.57980035557049, 38.57980035557049, 'SEARCH'
10, 17161, 38.55972313603704, 38.55972313603704, 'SEARCH'
10, 17162, 38.56442192646162, 38.56442192646162, 'SEARCH'
10, 17163, 38.58397733455654, 38.58397733455654, 'SEARCH'
10, 17164, 38.58143266607214, 38.58143266607214, 'SEARCH'
10, 17165, 38.573663710570365, 38.573663710570365, 'SEARCH'
10, 17166, 38.574525018899735, 38.574525018899735, 'SEARCH'
10, 17167, 38.58704480500629, 38.58704480500629, 'SEARCH'
10, 17168, 38.569863851760545, 38.569863851760545, 'SEARCH'
10, 17169, 38.591697640994575, 38.591697640994575, 'SEARCH'
10, 17170, 38.58966685691789, 38.58966685691789, 'SEARCH'
10, 17171, 38.586677500579526, 38.586677500579526, 'SEARCH'
10, 17172, 38.61444955878251, 38.61444955878251, 'SEARCH'
10, 17173, 38.59011187994284, 38.59011187994284, 'SEARCH'
10, 17174, 38.56490427777089, 38.56490427777089, 'SEARCH'
10, 17175, 38.590051736084156, 38.590051736084156, 'SEARCH'
10, 17176, 38.57527122662276, 38.57527122662276, 'SEARCH'
10, 17177, 38.60255020969224, 38.60255020969224, 'SEARCH'
10, 17178, 38.602478695065024, 38.602478695065024, 'SEARCH'
10, 17179, 38.58570967750016, 38.58570967750016, 'SEARCH'
10, 17180, 38.57988133556738, 38.57988133556738, 'SEARCH'
10, 17181, 38.557669399510594, 38.557669399510594, 'SEARCH'
10, 17182, 38.540924813766544, 38.540924813766544, 'SEARCH'
10, 17183, 38.52829296587377, 38.52829296587377, 'SEARCH'
10, 17184, 38.55546653843712, 38.55546653843712, 'SEARCH'
10, 17185, 38.565398624846345, 38.565398624846345, 'SEARCH'
10, 17186, 38.5928377814304, 38.5928377814304, 'SEARCH'
10, 17187, 38.620099073959345, 38.620099073959345, 'SEARCH'
10, 17188, 38.646187879836695, 38.646187879836695, 'SEARCH'
10, 17189, 38.67396056796793, 38.67396056796793, 'SEARCH'
10, 17190, 38.696682403395144, 38.696682403395144, 'SEARCH'
10, 17191, 38.718231655530126, 38.718231655530126, 'SEARCH'
10, 17192, 38.74249560914856, 38.74249560914856, 'SEARCH'
10, 17193, 38.73069359885337, 38.73069359885337, 'SEARCH'
10, 17194, 38.73257218361946, 38.73257218361946, 'SEARCH'
10, 17195, 38.73493991285804, 38.73493991285804, 'SEARCH'
10, 17196, 38.75709539465754, 38.75709539465754, 'SEARCH'
10, 17197, 38.77135773189753, 38.77135773189753, 'SEARCH'
10, 17198, 38.788419206338816, 38.788419206338816, 'SEARCH'
10, 17199, 38.81377434507889, 38.81377434507889, 'SEARCH'
10, 17200, 38.820438148324094, 38.820438148324094, 'SEARCH'
10, 17201, 38.84778449079829, 38.84778449079829, 'SEARCH'
10, 17202, 38.841003981403134, 38.841003981403134, 'SEARCH'
10, 17203, 38.86863515328155, 38.86863515328155, 'SEARCH'
10, 17204, 38.89436623764826, 38.89436623764826, 'SEARCH'
10, 17205, 38.91621199778089, 38.91621199778089, 'SEARCH'
10, 17206, 38.94318246459111, 38.94318246459111, 'SEARCH'
10, 17207, 38.919083867407934, 38.919083867407934, 'SEARCH'
10, 17208, 38.91135680728665, 38.91135680728665, 'SEARCH'
10, 17209, 38.92391019227912, 38.92391019227912, 'SEARCH'
10, 17210, 38.89891612046762, 38.89891612046762, 'SEARCH'
10, 17211, 38.87760400592764, 38.87760400592764, 'SEARCH'
10, 17212, 38.90496669790068, 38.90496669790068, 'SEARCH'
10, 17213, 38.91964372689524, 38.91964372689524, 'SEARCH'
10, 17214, 38.939924829424804, 38.939924829424804, 'SEARCH'
10, 17215, 38.933153533845676, 38.933153533845676, 'SEARCH'
10, 17216, 38.911237165379774, 38.911237165379774, 'SEARCH'
10, 17217, 38.92024988658582, 38.92024988658582, 'SEARCH'
10, 17218, 38.91492058157197, 38.91492058157197, 'SEARCH'
10, 17219, 38.93822862611399, 38.93822862611399, 'SEARCH'
10, 17220, 38.96150703896605, 38.96150703896605, 'SEARCH'
10, 17221, 38.94289219191822, 38.94289219191822, 'SEARCH'
10, 17222, 38.92576979480476, 38.92576979480476, 'SEARCH'
10, 17223, 38.91625494824717, 38.91625494824717, 'SEARCH'
10, 17224, 38.912383289960125, 38.912383289960125, 'SEARCH'
10, 17225, 38.891105556961804, 38.891105556961804, 'SEARCH'
10, 17226, 38.91584957815868, 38.91584957815868, 'SEARCH'
10, 17227, 38.94241418750631, 38.94241418750631, 'SEARCH'
10, 17228, 38.923823278395915, 38.923823278395915, 'SEARCH'
10, 17229, 38.91524516307923, 38.91524516307923, 'SEARCH'
10, 17230, 38.937726763969735, 38.937726763969735, 'SEARCH'
10, 17231, 38.950777506037035, 38.950777506037035, 'SEARCH'
10, 17232, 38.93732141221519, 38.93732141221519, 'SEARCH'
10, 17233, 38.96268840173705, 38.96268840173705, 'SEARCH'
10, 17234, 38.939398152512226, 38.939398152512226, 'SEARCH'
10, 17235, 38.92193487453943, 38.92193487453943, 'SEARCH'
10, 17236, 38.94836362928653, 38.94836362928653, 'SEARCH'
10, 17237, 38.959242048615025, 38.959242048615025, 'SEARCH'
10, 17238, 38.97519859550141, 38.97519859550141, 'SEARCH'
10, 17239, 38.998770812561986, 38.998770812561986, 'SEARCH'
10, 17240, 38.97782253915171, 38.97782253915171, 'SEARCH'
10, 17241, 39.00559668773003, 39.00559668773003, 'SEARCH'
10, 17242, 39.032956999140154, 39.032956999140154, 'SEARCH'
10, 17243, 39.00843904522238, 39.00843904522238, 'SEARCH'
10, 17244, 39.00749902964089, 39.00749902964089, 'SEARCH'
10, 17245, 39.029109244233396, 39.029109244233396, 'SEARCH'
10, 17246, 39.010546732972095, 39.010546732972095, 'SEARCH'
10, 17247, 39.0048146773206, 39.0048146773206, 'SEARCH'
10, 17248, 39.00728810700354, 39.00728810700354, 'SEARCH'
10, 17249, 39.012169084744336, 39.012169084744336, 'SEARCH'
10, 17250, 39.019419409390146, 39.019419409390146, 'SEARCH'
10, 17251, 39.00052398319827, 39.00052398319827, 'SEARCH'
10, 17252, 39.02485683759906, 39.02485683759906, 'SEARCH'
10, 17253, 39.01103119782549, 39.01103119782549, 'SEARCH'
10, 17254, 39.03073201423337, 39.03073201423337, 'SEARCH'
10, 17255, 39.05267114473221, 39.05267114473221, 'SEARCH'
10, 17256, 39.078576006043164, 39.078576006043164, 'SEARCH'
10, 17257, 39.10551256790517, 39.10551256790517, 'SEARCH'
10, 17258, 39.12682702028654, 39.12682702028654, 'SEARCH'
10, 17259, 39.11383204960943, 39.11383204960943, 'SEARCH'
10, 17260, 39.13210290562748, 39.13210290562748, 'SEARCH'
10, 17261, 39.155627469723264, 39.155627469723264, 'SEARCH'
10, 17262, 39.15277279989916, 39.15277279989916, 'SEARCH'
10, 17263, 39.17868521132313, 39.17868521132313, 'SEARCH'
10, 17264, 39.15332739436464, 39.15332739436464, 'SEARCH'
10, 17265, 39.13372576874503, 39.13372576874503, 'SEARCH'
10, 17266, 39.15163329704147, 39.15163329704147, 'SEARCH'
10, 17267, 39.139516698753624, 39.139516698753624, 'SEARCH'
10, 17268, 39.133343417222065, 39.133343417222065, 'SEARCH'
10, 17269, 39.10863235896462, 39.10863235896462, 'SEARCH'
10, 17270, 39.11591599141001, 39.11591599141001, 'SEARCH'
10, 17271, 39.10515577253322, 39.10515577253322, 'SEARCH'
10, 17272, 39.0905302812367, 39.0905302812367, 'SEARCH'
10, 17273, 39.11605193361242, 39.11605193361242, 'SEARCH'
10, 17274, 39.13845951326209, 39.13845951326209, 'SEARCH'
10, 17275, 39.164251437953475, 39.164251437953475, 'SEARCH'
10, 17276, 39.18025950195265, 39.18025950195265, 'SEARCH'
10, 17277, 39.176004921958196, 39.176004921958196, 'SEARCH'
10, 17278, 39.16797913388043, 39.16797913388043, 'SEARCH'
10, 17279, 39.160895173668614, 39.160895173668614, 'SEARCH'
10, 17280, 39.14388661780309, 39.14388661780309, 'SEARCH'
10, 17281, 39.162925321648544, 39.162925321648544, 'SEARCH'
10, 17282, 39.144433218554845, 39.144433218554845, 'SEARCH'
10, 17283, 39.1298311528149, 39.1298311528149, 'SEARCH'
10, 17284, 39.157578289305306, 39.157578289305306, 'SEARCH'
10, 17285, 39.18518889318972, 39.18518889318972, 'SEARCH'
10, 17286, 39.16669856365783, 39.16669856365783, 'SEARCH'
10, 17287, 39.18153810561501, 39.18153810561501, 'SEARCH'
10, 17288, 39.16948857635791, 39.16948857635791, 'SEARCH'
10, 17289, 39.1782166707824, 39.1782166707824, 'SEARCH'
10, 17290, 39.15376354890537, 39.15376354890537, 'SEARCH'
10, 17291, 39.18089913426106, 39.18089913426106, 'SEARCH'
10, 17292, 39.20768963483306, 39.20768963483306, 'SEARCH'
10, 17293, 39.18300549371792, 39.18300549371792, 'SEARCH'
10, 17294, 39.20698314595697, 39.20698314595697, 'SEARCH'
10, 17295, 39.197163673274424, 39.197163673274424, 'SEARCH'
10, 17296, 39.1734333335662, 39.1734333335662, 'SEARCH'
10, 17297, 39.1957172495203, 39.1957172495203, 'SEARCH'
10, 17298, 39.21993314071457, 39.21993314071457, 'SEARCH'
10, 17299, 39.237530984112865, 39.237530984112865, 'SEARCH'
10, 17300, 39.24345245007022, 39.24345245007022, 'SEARCH'
10, 17301, 39.250321752325554, 39.250321752325554, 'SEARCH'
10, 17302, 39.25482311330675, 39.25482311330675, 'SEARCH'
10, 17303, 39.26968105430823, 39.26968105430823, 'SEARCH'
10, 17304, 39.29646957374151, 39.29646957374151, 'SEARCH'
10, 17305, 39.29227455173253, 39.29227455173253, 'SEARCH'
10, 17306, 39.3120294099681, 39.3120294099681, 'SEARCH'
10, 17307, 39.297858469368, 39.297858469368, 'SEARCH'
10, 17308, 39.321998666830126, 39.321998666830126, 'SEARCH'
10, 17309, 39.31129576903866, 39.31129576903866, 'SEARCH'
10, 17310, 39.2992749825312, 39.2992749825312, 'SEARCH'
10, 17311, 39.28231848065686, 39.28231848065686, 'SEARCH'
10, 17312, 39.28202875940708, 39.28202875940708, 'SEARCH'
10, 17313, 39.30181285905102, 39.30181285905102, 'SEARCH'
10, 17314, 39.31373287898397, 39.31373287898397, 'SEARCH'
10, 17315, 39.33603787499605, 39.33603787499605, 'SEARCH'
10, 17316, 39.36291961642261, 39.36291961642261, 'SEARCH'
10, 17317, 39.34596788382902, 39.34596788382902, 'SEARCH'
10, 17318, 39.369154134865575, 39.369154134865575, 'SEARCH'
10, 17319, 39.373207356826136, 39.373207356826136, 'SEARCH'
10, 17320, 39.34975408595425, 39.34975408595425, 'SEARCH'
10, 17321, 39.37234744725777, 39.37234744725777, 'SEARCH'
10, 17322, 39.38883802525707, 39.38883802525707, 'SEARCH'
10, 17323, 39.41594855388094, 39.41594855388094, 'SEARCH'
10, 17324, 39.443078380695006, 39.443078380695006, 'SEARCH'
10, 17325, 39.418411670565185, 39.418411670565185, 'SEARCH'
10, 17326, 39.44458012970881, 39.44458012970881, 'SEARCH'
10, 17327, 39.43434847776767, 39.43434847776767, 'SEARCH'
10, 17328, 39.40991544312067, 39.40991544312067, 'SEARCH'
10, 17329, 39.43383274005918, 39.43383274005918, 'SEARCH'
10, 17330, 39.46031336561744, 39.46031336561744, 'SEARCH'
10, 17331, 39.48731297236882, 39.48731297236882, 'SEARCH'
10, 17332, 39.51509010802771, 39.51509010802771, 'SEARCH'
10, 17333, 39.54053863971398, 39.54053863971398, 'SEARCH'
10, 17334, 39.55110425222808, 39.55110425222808, 'SEARCH'
10, 17335, 39.57186393885704, 39.57186393885704, 'SEARCH'
10, 17336, 39.56864969922054, 39.56864969922054, 'SEARCH'
10, 17337, 39.58981250917945, 39.58981250917945, 'SEARCH'
10, 17338, 39.58047017280262, 39.58047017280262, 'SEARCH'
10, 17339, 39.602249405441924, 39.602249405441924, 'SEARCH'
10, 17340, 39.592904945844694, 39.592904945844694, 'SEARCH'
10, 17341, 39.61232695305289, 39.61232695305289, 'SEARCH'
10, 17342, 39.63670560327116, 39.63670560327116, 'SEARCH'
10, 17343, 39.62874507255773, 39.62874507255773, 'SEARCH'
10, 17344, 39.65399475142602, 39.65399475142602, 'SEARCH'
10, 17345, 39.680743157571186, 39.680743157571186, 'SEARCH'
10, 17346, 39.70820405197268, 39.70820405197268, 'SEARCH'
10, 17347, 39.73519373471291, 39.73519373471291, 'SEARCH'
10, 17348, 39.719381485307046, 39.719381485307046, 'SEARCH'
10, 17349, 39.72483668945572, 39.72483668945572, 'SEARCH'
10, 17350, 39.72790194675111, 39.72790194675111, 'SEARCH'
10, 17351, 39.72807021085365, 39.72807021085365, 'SEARCH'
10, 17352, 39.75043960985386, 39.75043960985386, 'SEARCH'
10, 17353, 39.760093156181895, 39.760093156181895, 'SEARCH'
10, 17354, 39.776942423645245, 39.776942423645245, 'SEARCH'
10, 17355, 39.776138165695656, 39.776138165695656, 'SEARCH'
10, 17356, 39.796335632409665, 39.796335632409665, 'SEARCH'
10, 17357, 39.82371880878399, 39.82371880878399, 'SEARCH'
10, 17358, 39.84769881030498, 39.84769881030498, 'SEARCH'
10, 17359, 39.83608627060463, 39.83608627060463, 'SEARCH'
10, 17360, 39.82149381087585, 39.82149381087585, 'SEARCH'
10, 17361, 39.8482394817704, 39.8482394817704, 'SEARCH'
10, 17362, 39.87498306288452, 39.87498306288452, 'SEARCH'
10, 17363, 39.892199295487366, 39.892199295487366, 'SEARCH'
10, 17364, 39.90579268483358, 39.90579268483358, 'SEARCH'
10, 17365, 39.93320527913113, 39.93320527913113, 'SEARCH'
10, 17366, 39.926146270948195, 39.926146270948195, 'SEARCH'
10, 17367, 39.95373417825401, 39.95373417825401, 'SEARCH'
10, 17368, 39.938313078776794, 39.938313078776794, 'SEARCH'
10, 17369, 39.94657411844169, 39.94657411844169, 'SEARCH'
10, 17370, 39.95530010253861, 39.95530010253861, 'SEARCH'
10, 17371, 39.98307589798012, 39.98307589798012, 'SEARCH'
10, 17372, 39.968067220868356, 39.968067220868356, 'SEARCH'
10, 17373, 39.96531703072004, 39.96531703072004, 'SEARCH'
10, 17374, 39.989291912575936, 39.989291912575936, 'SEARCH'
10, 17375, 39.985574483788966, 39.985574483788966, 'SEARCH'
10, 17376, 39.98959678042097, 39.98959678042097, 'SEARCH'
10, 17377, 39.99787421726489, 39.99787421726489, 'SEARCH'
10, 17378, 40.0256403946055, 40.0256403946055, 'SEARCH'
10, 17379, 40.04650119633502, 40.04650119633502, 'SEARCH'
10, 17380, 40.0728742583995, 40.0728742583995, 'SEARCH'
10, 17381, 40.05265008804211, 40.05265008804211, 'SEARCH'
10, 17382, 40.07710783989017, 40.07710783989017, 'SEARCH'
10, 17383, 40.07481968061496, 40.07481968061496, 'SEARCH'
10, 17384, 40.054936173503535, 40.054936173503535, 'SEARCH'
10, 17385, 40.06895722025291, 40.06895722025291, 'SEARCH'
10, 17386, 40.044277191681154, 40.044277191681154, 'SEARCH'
10, 17387, 40.02407518359573, 40.02407518359573, 'SEARCH'
10, 17388, 40.04636597006486, 40.04636597006486, 'SEARCH'
10, 17389, 40.06956730433599, 40.06956730433599, 'SEARCH'
10, 17390, 40.09268610734953, 40.09268610734953, 'SEARCH'
10, 17391, 40.099087693369306, 40.099087693369306, 'SEARCH'
10, 17392, 40.11311613747879, 40.11311613747879, 'SEARCH'
10, 17393, 40.10331312592558, 40.10331312592558, 'SEARCH'
10, 17394, 40.130447568667606, 40.130447568667606, 'SEARCH'
10, 17395, 40.15434026660739, 40.15434026660739, 'SEARCH'
10, 17396, 40.17476159636469, 40.17476159636469, 'SEARCH'
10, 17397, 40.20249287236342, 40.20249287236342, 'SEARCH'
10, 17398, 40.22978715873666, 40.22978715873666, 'SEARCH'
10, 17399, 40.25437614553985, 40.25437614553985, 'SEARCH'
10, 17400, 40.2381528154192, 40.2381528154192, 'SEARCH'
10, 17401, 40.264947564488914, 40.264947564488914, 'SEARCH'
10, 17402, 40.260250416177676, 40.260250416177676, 'SEARCH'
10, 17403, 40.250878481766186, 40.250878481766186, 'SEARCH'
10, 17404, 40.2471577875311, 40.2471577875311, 'SEARCH'
10, 17405, 40.27297046153166, 40.27297046153166, 'SEARCH'
10, 17406, 40.281694838120984, 40.281694838120984, 'SEARCH'
10, 17407, 40.27512168095105, 40.27512168095105, 'SEARCH'
10, 17408, 40.299722870284604, 40.299722870284604, 'SEARCH'
10, 17409, 40.28946065496504, 40.28946065496504, 'SEARCH'
10, 17410, 40.31582752395487, 40.31582752395487, 'SEARCH'
10, 17411, 40.29261480688087, 40.29261480688087, 'SEARCH'
10, 17412, 40.2675098506176, 40.2675098506176, 'SEARCH'
10, 17413, 40.294162168324725, 40.294162168324725, 'SEARCH'
10, 17414, 40.317806417382094, 40.317806417382094, 'SEARCH'
10, 17415, 40.3350344569409, 40.3350344569409, 'SEARCH'
10, 17416, 40.361501646218706, 40.361501646218706, 'SEARCH'
10, 17417, 40.34816813275017, 40.34816813275017, 'SEARCH'
10, 17418, 40.370544517207385, 40.370544517207385, 'SEARCH'
10, 17419, 40.36210444092149, 40.36210444092149, 'SEARCH'
10, 17420, 40.36708609517452, 40.36708609517452, 'SEARCH'
10, 17421, 40.38993488885423, 40.38993488885423, 'SEARCH'
10, 17422, 40.41537629163148, 40.41537629163148, 'SEARCH'
10, 17423, 40.42897834234559, 40.42897834234559, 'SEARCH'
10, 17424, 40.454290839965886, 40.454290839965886, 'SEARCH'
10, 17425, 40.48143135645835, 40.48143135645835, 'SEARCH'
10, 17426, 40.50919651820087, 40.50919651820087, 'SEARCH'
10, 17427, 40.533890843418064, 40.533890843418064, 'SEARCH'
10, 17428, 40.54870429500112, 40.54870429500112, 'SEARCH'
10, 17429, 40.546393684268786, 40.546393684268786, 'SEARCH'
10, 17430, 40.57358883955496, 40.57358883955496, 'SEARCH'
10, 17431, 40.549835468071706, 40.549835468071706, 'SEARCH'
10, 17432, 40.56921926145816, 40.56921926145816, 'SEARCH'
10, 17433, 40.54681736257909, 40.54681736257909, 'SEARCH'
10, 17434, 40.539755852620196, 40.539755852620196, 'SEARCH'
10, 17435, 40.56125385580174, 40.56125385580174, 'SEARCH'
10, 17436, 40.57041964456705, 40.57041964456705, 'SEARCH'
10, 17437, 40.586062492698574, 40.586062492698574, 'SEARCH'
10, 17438, 40.567574246727496, 40.567574246727496, 'SEARCH'
10, 17439, 40.588313539544146, 40.588313539544146, 'SEARCH'
10, 17440, 40.61606909793146, 40.61606909793146, 'SEARCH'
10, 17441, 40.612813972188846, 40.612813972188846, 'SEARCH'
10, 17442, 40.6201376907721, 40.6201376907721, 'SEARCH'
10, 17443, 40.60986480020683, 40.60986480020683, 'SEARCH'
10, 17444, 40.63716106188849, 40.63716106188849, 'SEARCH'
10, 17445, 40.65399342458862, 40.65399342458862, 'SEARCH'
10, 17446, 40.66085309456608, 40.66085309456608, 'SEARCH'
10, 17447, 40.66197061434777, 40.66197061434777, 'SEARCH'
10, 17448, 40.68917312703071, 40.68917312703071, 'SEARCH'
10, 17449, 40.716585669581235, 40.716585669581235, 'SEARCH'
10, 17450, 40.708130358145425, 40.708130358145425, 'SEARCH'
10, 17451, 40.72457457616703, 40.72457457616703, 'SEARCH'
10, 17452, 40.7024773844308, 40.7024773844308, 'SEARCH'
10, 17453, 40.72971449474092, 40.72971449474092, 'SEARCH'
10, 17454, 40.7546169861197, 40.7546169861197, 'SEARCH'
10, 17455, 40.777447251737605, 40.777447251737605, 'SEARCH'
10, 17456, 40.80296630486344, 40.80296630486344, 'SEARCH'
10, 17457, 40.78595655254925, 40.78595655254925, 'SEARCH'
10, 17458, 40.79603082931893, 40.79603082931893, 'SEARCH'
10, 17459, 40.82340904583456, 40.82340904583456, 'SEARCH'
10, 17460, 40.809207257151755, 40.809207257151755, 'SEARCH'
10, 17461, 40.83692635053484, 40.83692635053484, 'SEARCH'
10, 17462, 40.82442574631801, 40.82442574631801, 'SEARCH'
10, 17463, 40.799307621864145, 40.799307621864145, 'SEARCH'
10, 17464, 40.809399006462044, 40.809399006462044, 'SEARCH'
10, 17465, 40.80616205722979, 40.80616205722979, 'SEARCH'
10, 17466, 40.803897989411205, 40.803897989411205, 'SEARCH'
10, 17467, 40.8016416786651, 40.8016416786651, 'SEARCH'
10, 17468, 40.829248661736926, 40.829248661736926, 'SEARCH'
10, 17469, 40.85679916009672, 40.85679916009672, 'SEARCH'
10, 17470, 40.8328188052142, 40.8328188052142, 'SEARCH'
10, 17471, 40.810442571460214, 40.810442571460214, 'SEARCH'
10, 17472, 40.81352093371287, 40.81352093371287, 'SEARCH'
10, 17473, 40.838618852710475, 40.838618852710475, 'SEARCH'
10, 17474, 40.84024176835424, 40.84024176835424, 'SEARCH'
10, 17475, 40.85592031995503, 40.85592031995503, 'SEARCH'
10, 17476, 40.87938359181837, 40.87938359181837, 'SEARCH'
10, 17477, 40.90671051656584, 40.90671051656584, 'SEARCH'
10, 17478, 40.93448787808458, 40.93448787808458, 'SEARCH'
10, 17479, 40.960471143574836, 40.960471143574836, 'SEARCH'
10, 17480, 40.98820347830576, 40.98820347830576, 'SEARCH'
10, 17481, 41.01529694766739, 41.01529694766739, 'SEARCH'
10, 17482, 41.016866135444246, 41.016866135444246, 'SEARCH'
10, 17483, 41.03001458472415, 41.03001458472415, 'SEARCH'
10, 17484, 41.04273514570193, 41.04273514570193, 'SEARCH'
10, 17485, 41.01761292121566, 41.01761292121566, 'SEARCH'
10, 17486, 41.04109689565836, 41.04109689565836, 'SEARCH'
10, 17487, 41.03639613276643, 41.03639613276643, 'SEARCH'
10, 17488, 41.01170674246065, 41.01170674246065, 'SEARCH'
10, 17489, 40.992869096926185, 40.992869096926185, 'SEARCH'
10, 17490, 41.01790433613811, 41.01790433613811, 'SEARCH'
10, 17491, 40.99552102811542, 40.99552102811542, 'SEARCH'
10, 17492, 41.00098210431228, 41.00098210431228, 'SEARCH'
10, 17493, 41.027191071412425, 41.027191071412425, 'SEARCH'
10, 17494, 41.01138706839521, 41.01138706839521, 'SEARCH'
10, 17495, 40.98990604862412, 40.98990604862412, 'SEARCH'
10, 17496, 41.01766000765401, 41.01766000765401, 'SEARCH'
10, 17497, 41.0384164386439, 41.0384164386439, 'SEARCH'
10, 17498, 41.063309183623886, 41.063309183623886, 'SEARCH'
10, 17499, 41.08967914643283, 41.08967914643283, 'SEARCH'
10, 17500, 41.1145826665563, 41.1145826665563, 'SEARCH'
10, 17501, 41.12189813946204, 41.12189813946204, 'SEARCH'
10, 17502, 41.14958162402924, 41.14958162402924, 'SEARCH'
10, 17503, 41.16561649856134, 41.16561649856134, 'SEARCH'
10, 17504, 41.191840028183854, 41.191840028183854, 'SEARCH'
10, 17505, 41.21933156449111, 41.21933156449111, 'SEARCH'
10, 17506, 41.20553065389227, 41.20553065389227, 'SEARCH'
10, 17507, 41.183414337738206, 41.183414337738206, 'SEARCH'
10, 17508, 41.16221598779903, 41.16221598779903, 'SEARCH'
10, 17509, 41.13899478931563, 41.13899478931563, 'SEARCH'
10, 17510, 41.16545900353619, 41.16545900353619, 'SEARCH'
10, 17511, 41.140999832968866, 41.140999832968866, 'SEARCH'
10, 17512, 41.15064567331634, 41.15064567331634, 'SEARCH'
10, 17513, 41.17634125874998, 41.17634125874998, 'SEARCH'
10, 17514, 41.18688182339372, 41.18688182339372, 'SEARCH'
10, 17515, 41.214522526141835, 41.214522526141835, 'SEARCH'
10, 17516, 41.242076019073785, 41.242076019073785, 'SEARCH'
10, 17517, 41.26966198849225, 41.26966198849225, 'SEARCH'
10, 17518, 41.281944933181165, 41.281944933181165, 'SEARCH'
10, 17519, 41.26043311567787, 41.26043311567787, 'SEARCH'
10, 17520, 41.28623746283017, 41.28623746283017, 'SEARCH'
10, 17521, 41.2688538380495, 41.2688538380495, 'SEARCH'
10, 17522, 41.245369935583255, 41.245369935583255, 'SEARCH'
10, 17523, 41.22298555921138, 41.22298555921138, 'SEARCH'
10, 17524, 41.24497423790855, 41.24497423790855, 'SEARCH'
10, 17525, 41.24755292674672, 41.24755292674672, 'SEARCH'
10, 17526, 41.23096743901123, 41.23096743901123, 'SEARCH'
10, 17527, 41.25511134261254, 41.25511134261254, 'SEARCH'
10, 17528, 41.28202218181115, 41.28202218181115, 'SEARCH'
10, 17529, 41.30430181642276, 41.30430181642276, 'SEARCH'
10, 17530, 41.309277849313126, 41.309277849313126, 'SEARCH'
10, 17531, 41.301309559076614, 41.301309559076614, 'SEARCH'
10, 17532, 41.32661630292837, 41.32661630292837, 'SEARCH'
10, 17533, 41.30640859233697, 41.30640859233697, 'SEARCH'
10, 17534, 41.32906500281678, 41.32906500281678, 'SEARCH'
10, 17535, 41.35134359866182, 41.35134359866182, 'SEARCH'
10, 17536, 41.36451950619215, 41.36451950619215, 'SEARCH'
10, 17537, 41.38983254825653, 41.38983254825653, 'SEARCH'
10, 17538, 41.40704600773754, 41.40704600773754, 'SEARCH'
10, 17539, 41.434376902092566, 41.434376902092566, 'SEARCH'
10, 17540, 41.460083126720356, 41.460083126720356, 'SEARCH'
10, 17541, 41.481124144991384, 41.481124144991384, 'SEARCH'
10, 17542, 41.47037570655894, 41.47037570655894, 'SEARCH'
10, 17543, 41.448266680502876, 41.448266680502876, 'SEARCH'
10, 17544, 41.456980962156315, 41.456980962156315, 'SEARCH'
10, 17545, 41.48071835736652, 41.48071835736652, 'SEARCH'
10, 17546, 41.504950936768935, 41.504950936768935, 'SEARCH'
10, 17547, 41.48951382573535, 41.48951382573535, 'SEARCH'
10, 17548, 41.51191143782262, 41.51191143782262, 'SEARCH'
10, 17549, 41.517324290225616, 41.517324290225616, 'SEARCH'
10, 17550, 41.54321395096499, 41.54321395096499, 'SEARCH'
10, 17551, 41.570550866636104, 41.570550866636104, 'SEARCH'
10, 17552, 41.59296705943142, 41.59296705943142, 'SEARCH'
10, 17553, 41.62038969073376, 41.62038969073376, 'SEARCH'
10, 17554, 41.64629662975557, 41.64629662975557, 'SEARCH'
10, 17555, 41.62602195335003, 41.62602195335003, 'SEARCH'
10, 17556, 41.646386410789354, 41.646386410789354, 'SEARCH'
10, 17557, 41.66793016698853, 41.66793016698853, 'SEARCH'
10, 17558, 41.695666852838606, 41.695666852838606, 'SEARCH'
10, 17559, 41.69041162701659, 41.69041162701659, 'SEARCH'
10, 17560, 41.685642021610974, 41.685642021610974, 'SEARCH'
10, 17561, 41.70162670949094, 41.70162670949094, 'SEARCH'
10, 17562, 41.72936303269832, 41.72936303269832, 'SEARCH'
10, 17563, 41.73753466026662, 41.73753466026662, 'SEARCH'
10, 17564, 41.72286236498994, 41.72286236498994, 'SEARCH'
10, 17565, 41.74688468775783, 41.74688468775783, 'SEARCH'
10, 17566, 41.76723762755153, 41.76723762755153, 'SEARCH'
10, 17567, 41.79218116318462, 41.79218116318462, 'SEARCH'
10, 17568, 41.79222093378537, 41.79222093378537, 'SEARCH'
10, 17569, 41.79992254308789, 41.79992254308789, 'SEARCH'
10, 17570, 41.8274870385508, 41.8274870385508, 'SEARCH'
10, 17571, 41.8194033623829, 41.8194033623829, 'SEARCH'
10, 17572, 41.83615980301299, 41.83615980301299, 'SEARCH'
10, 17573, 41.85513975332057, 41.85513975332057, 'SEARCH'
10, 17574, 41.87644873348932, 41.87644873348932, 'SEARCH'
10, 17575, 41.87552245300395, 41.87552245300395, 'SEARCH'
10, 17576, 41.900466719306344, 41.900466719306344, 'SEARCH'
10, 17577, 41.92715791407279, 41.92715791407279, 'SEARCH'
10, 17578, 41.90558690512949, 41.90558690512949, 'SEARCH'
10, 17579, 41.93013134586773, 41.93013134586773, 'SEARCH'
10, 17580, 41.949450912451226, 41.949450912451226, 'SEARCH'
10, 17581, 41.952384796589925, 41.952384796589925, 'SEARCH'
10, 17582, 41.975159904741204, 41.975159904741204, 'SEARCH'
10, 17583, 41.992286733332634, 41.992286733332634, 'SEARCH'
10, 17584, 42.01869537183, 42.01869537183, 'SEARCH'
10, 17585, 42.046406788647566, 42.046406788647566, 'SEARCH'
10, 17586, 42.04207004942576, 42.04207004942576, 'SEARCH'
10, 17587, 42.062373529231664, 42.062373529231664, 'SEARCH'
10, 17588, 42.067678572773346, 42.067678572773346, 'SEARCH'
10, 17589, 42.095389370954756, 42.095389370954756, 'SEARCH'
10, 17590, 42.10021276035488, 42.10021276035488, 'SEARCH'
10, 17591, 42.11614953840476, 42.11614953840476, 'SEARCH'
10, 17592, 42.12381072854622, 42.12381072854622, 'SEARCH'
10, 17593, 42.15158850495529, 42.15158850495529, 'SEARCH'
10, 17594, 42.17936201974835, 42.17936201974835, 'SEARCH'
10, 17595, 42.206196471121096, 42.206196471121096, 'SEARCH'
10, 17596, 42.217472464578385, 42.217472464578385, 'SEARCH'
10, 17597, 42.22275098742057, 42.22275098742057, 'SEARCH'
10, 17598, 42.2160143000521, 42.2160143000521, 'SEARCH'
10, 17599, 42.23194070516525, 42.23194070516525, 'SEARCH'
10, 17600, 42.25412976684587, 42.25412976684587, 'SEARCH'
10, 17601, 42.27841474778693, 42.27841474778693, 'SEARCH'
10, 17602, 42.27214035169529, 42.27214035169529, 'SEARCH'
10, 17603, 42.274544320612755, 42.274544320612755, 'SEARCH'
10, 17604, 42.30211637203276, 42.30211637203276, 'SEARCH'
10, 17605, 42.32306590024215, 42.32306590024215, 'SEARCH'
10, 17606, 42.35068882119029, 42.35068882119029, 'SEARCH'
10, 17607, 42.35307454641114, 42.35307454641114, 'SEARCH'
10, 17608, 42.37948374723772, 42.37948374723772, 'SEARCH'
10, 17609, 42.40674406977369, 42.40674406977369, 'SEARCH'
10, 17610, 42.39409213033793, 42.39409213033793, 'SEARCH'
10, 17611, 42.40264270867919, 42.40264270867919, 'SEARCH'
10, 17612, 42.4280061853164, 42.4280061853164, 'SEARCH'
10, 17613, 42.45295592043725, 42.45295592043725, 'SEARCH'
10, 17614, 42.45339610741686, 42.45339610741686, 'SEARCH'
10, 17615, 42.435885767421624, 42.435885767421624, 'SEARCH'
10, 17616, 42.44490536380766, 42.44490536380766, 'SEARCH'
10, 17617, 42.466198521108566, 42.466198521108566, 'SEARCH'
10, 17618, 42.46519432386259, 42.46519432386259, 'SEARCH'
10, 17619, 42.492625837108356, 42.492625837108356, 'SEARCH'
10, 17620, 42.46831310477408, 42.46831310477408, 'SEARCH'
10, 17621, 42.49235744022984, 42.49235744022984, 'SEARCH'
10, 17622, 42.51365538339021, 42.51365538339021, 'SEARCH'
10, 17623, 42.54128537652654, 42.54128537652654, 'SEARCH'
10, 17624, 42.562838986840134, 42.562838986840134, 'SEARCH'
10, 17625, 42.5834434663909, 42.5834434663909, 'SEARCH'
10, 17626, 42.60922117008776, 42.60922117008776, 'SEARCH'
10, 17627, 42.63512768253142, 42.63512768253142, 'SEARCH'
10, 17628, 42.64977936656716, 42.64977936656716, 'SEARCH'
10, 17629, 42.67363067889608, 42.67363067889608, 'SEARCH'
10, 17630, 42.70007746781673, 42.70007746781673, 'SEARCH'
10, 17631, 42.72688130473037, 42.72688130473037, 'SEARCH'
10, 17632, 42.749846343917596, 42.749846343917596, 'SEARCH'
10, 17633, 42.735854917214446, 42.735854917214446, 'SEARCH'
10, 17634, 42.739133994076425, 42.739133994076425, 'SEARCH'
10, 17635, 42.745284086924805, 42.745284086924805, 'SEARCH'
10, 17636, 42.73523941779118, 42.73523941779118, 'SEARCH'
10, 17637, 42.76002847626034, 42.76002847626034, 'SEARCH'
10, 17638, 42.73461222440335, 42.73461222440335, 'SEARCH'
10, 17639, 42.75277109692844, 42.75277109692844, 'SEARCH'
10, 17640, 42.74738491204681, 42.74738491204681, 'SEARCH'
10, 17641, 42.769903618828415, 42.769903618828415, 'SEARCH'
10, 17642, 42.758521990443825, 42.758521990443825, 'SEARCH'
10, 17643, 42.78203618508745, 42.78203618508745, 'SEARCH'
10, 17644, 42.804271942023014, 42.804271942023014, 'SEARCH'
10, 17645, 42.801752782403376, 42.801752782403376, 'SEARCH'
10, 17646, 42.79779734598948, 42.79779734598948, 'SEARCH'
10, 17647, 42.813262632999056, 42.813262632999056, 'SEARCH'
10, 17648, 42.84082327599795, 42.84082327599795, 'SEARCH'
10, 17649, 42.818877854407106, 42.818877854407106, 'SEARCH'
10, 17650, 42.80576761720893, 42.80576761720893, 'SEARCH'
10, 17651, 42.80521566085903, 42.80521566085903, 'SEARCH'
10, 17652, 42.82581854623343, 42.82581854623343, 'SEARCH'
10, 17653, 42.849596300792015, 42.849596300792015, 'SEARCH'
10, 17654, 42.87028489436847, 42.87028489436847, 'SEARCH'
10, 17655, 42.864430163985155, 42.864430163985155, 'SEARCH'
10, 17656, 42.89219343572611, 42.89219343572611, 'SEARCH'
10, 17657, 42.89356444230108, 42.89356444230108, 'SEARCH'
10, 17658, 42.898312950216166, 42.898312950216166, 'SEARCH'
10, 17659, 42.876681007437995, 42.876681007437995, 'SEARCH'
10, 17660, 42.89009720703369, 42.89009720703369, 'SEARCH'
10, 17661, 42.905583187061225, 42.905583187061225, 'SEARCH'
10, 17662, 42.93030751101329, 42.93030751101329, 'SEARCH'
10, 17663, 42.95806609184091, 42.95806609184091, 'SEARCH'
10, 17664, 42.93673980117469, 42.93673980117469, 'SEARCH'
10, 17665, 42.95973460663539, 42.95973460663539, 'SEARCH'
10, 17666, 42.9874400653437, 42.9874400653437, 'SEARCH'
10, 17667, 43.00813366345757, 43.00813366345757, 'SEARCH'
10, 17668, 43.00756013633949, 43.00756013633949, 'SEARCH'
10, 17669, 43.02919858629315, 43.02919858629315, 'SEARCH'
10, 17670, 43.05353913474547, 43.05353913474547, 'SEARCH'
10, 17671, 43.08125652064786, 43.08125652064786, 'SEARCH'
10, 17672, 43.06294338594287, 43.06294338594287, 'SEARCH'
10, 17673, 43.08953818340416, 43.08953818340416, 'SEARCH'
10, 17674, 43.07682197003111, 43.07682197003111, 'SEARCH'
10, 17675, 43.0551674132254, 43.0551674132254, 'SEARCH'
10, 17676, 43.06503425975414, 43.06503425975414, 'SEARCH'
10, 17677, 43.060121035942835, 43.060121035942835, 'SEARCH'
10, 17678, 43.08254542595393, 43.08254542595393, 'SEARCH'
10, 17679, 43.10552577910684, 43.10552577910684, 'SEARCH'
10, 17680, 43.11168536179888, 43.11168536179888, 'SEARCH'
10, 17681, 43.13722094570741, 43.13722094570741, 'SEARCH'
10, 17682, 43.1484334300408, 43.1484334300408, 'SEARCH'
10, 17683, 43.17528824737068, 43.17528824737068, 'SEARCH'
10, 17684, 43.18190744810908, 43.18190744810908, 'SEARCH'
10, 17685, 43.20964177659688, 43.20964177659688, 'SEARCH'
10, 17686, 43.233989842187285, 43.233989842187285, 'SEARCH'
10, 17687, 43.21116535044206, 43.21116535044206, 'SEARCH'
10, 17688, 43.19044911775949, 43.19044911775949, 'SEARCH'
10, 17689, 43.18889862082958, 43.18889862082958, 'SEARCH'
10, 17690, 43.211318895400005, 43.211318895400005, 'SEARCH'
10, 17691, 43.21461136862579, 43.21461136862579, 'SEARCH'
10, 17692, 43.23703251018226, 43.23703251018226, 'SEARCH'
10, 17693, 43.26160188865138, 43.26160188865138, 'SEARCH'
10, 17694, 43.28702069062845, 43.28702069062845, 'SEARCH'
10, 17695, 43.2676399596726, 43.2676399596726, 'SEARCH'
10, 17696, 43.295223299448004, 43.295223299448004, 'SEARCH'
10, 17697, 43.316736991543635, 43.316736991543635, 'SEARCH'
10, 17698, 43.30712316148955, 43.30712316148955, 'SEARCH'
10, 17699, 43.314673935782835, 43.314673935782835, 'SEARCH'
10, 17700, 43.336497725721756, 43.336497725721756, 'SEARCH'
10, 17701, 43.36342355646308, 43.36342355646308, 'SEARCH'
10, 17702, 43.373719038684584, 43.373719038684584, 'SEARCH'
10, 17703, 43.37890529471812, 43.37890529471812, 'SEARCH'
10, 17704, 43.3869205710542, 43.3869205710542, 'SEARCH'
10, 17705, 43.37869677794639, 43.37869677794639, 'SEARCH'
10, 17706, 43.35968164731857, 43.35968164731857, 'SEARCH'
10, 17707, 43.365374733729965, 43.365374733729965, 'SEARCH'
10, 17708, 43.36384195480673, 43.36384195480673, 'SEARCH'
10, 17709, 43.357997014215094, 43.357997014215094, 'SEARCH'
10, 17710, 43.364185507576835, 43.364185507576835, 'SEARCH'
10, 17711, 43.38724614885994, 43.38724614885994, 'SEARCH'
10, 17712, 43.40816420101554, 43.40816420101554, 'SEARCH'
10, 17713, 43.4287578034865, 43.4287578034865, 'SEARCH'
10, 17714, 43.455438253203916, 43.455438253203916, 'SEARCH'
10, 17715, 43.435397460833734, 43.435397460833734, 'SEARCH'
10, 17716, 43.46194026513279, 43.46194026513279, 'SEARCH'
10, 17717, 43.4757593204649, 43.4757593204649, 'SEARCH'
10, 17718, 43.50047324055226, 43.50047324055226, 'SEARCH'
10, 17719, 43.51970731115151, 43.51970731115151, 'SEARCH'
10, 17720, 43.54380762603337, 43.54380762603337, 'SEARCH'
10, 17721, 43.57073554017989, 43.57073554017989, 'SEARCH'
10, 17722, 43.59298611948478, 43.59298611948478, 'SEARCH'
10, 17723, 43.59720940123942, 43.59720940123942, 'SEARCH'
10, 17724, 43.61932250257185, 43.61932250257185, 'SEARCH'
10, 17725, 43.6305088914149, 43.6305088914149, 'SEARCH'
10, 17726, 43.657107753961114, 43.657107753961114, 'SEARCH'
10, 17727, 43.68253769455964, 43.68253769455964, 'SEARCH'
10, 17728, 43.68045466681808, 43.68045466681808, 'SEARCH'
10, 17729, 43.70705858386248, 43.70705858386248, 'SEARCH'
10, 17730, 43.729619261524306, 43.729619261524306, 'SEARCH'
10, 17731, 43.73187734359231, 43.73187734359231, 'SEARCH'
10, 17732, 43.75866753677349, 43.75866753677349, 'SEARCH'
10, 17733, 43.782806252009195, 43.782806252009195, 'SEARCH'
10, 17734, 43.79075634427885, 43.79075634427885, 'SEARCH'
10, 17735, 43.76550762068869, 43.76550762068869, 'SEARCH'
10, 17736, 43.78397386831824, 43.78397386831824, 'SEARCH'
10, 17737, 43.811659743012726, 43.811659743012726, 'SEARCH'
10, 17738, 43.81487077070593, 43.81487077070593, 'SEARCH'
10, 17739, 43.841618692059065, 43.841618692059065, 'SEARCH'
10, 17740, 43.86301428425981, 43.86301428425981, 'SEARCH'
10, 17741, 43.89054822992429, 43.89054822992429, 'SEARCH'
10, 17742, 43.86767577543074, 43.86767577543074, 'SEARCH'
10, 17743, 43.89515555906271, 43.89515555906271, 'SEARCH'
10, 17744, 43.87470171670691, 43.87470171670691, 'SEARCH'
10, 17745, 43.89936474075589, 43.89936474075589, 'SEARCH'
10, 17746, 43.87390893181718, 43.87390893181718, 'SEARCH'
10, 17747, 43.90139015998992, 43.90139015998992, 'SEARCH'
10, 17748, 43.90554391091047, 43.90554391091047, 'SEARCH'
10, 17749, 43.89586661773668, 43.89586661773668, 'SEARCH'
10, 17750, 43.909601469908225, 43.909601469908225, 'SEARCH'
10, 17751, 43.92161946436761, 43.92161946436761, 'SEARCH'
10, 17752, 43.94809118045816, 43.94809118045816, 'SEARCH'
10, 17753, 43.97497038723076, 43.97497038723076, 'SEARCH'
10, 17754, 44.002098831246585, 44.002098831246585, 'SEARCH'
10, 17755, 44.02874205946664, 44.02874205946664, 'SEARCH'
10, 17756, 44.00894665787674, 44.00894665787674, 'SEARCH'
10, 17757, 43.984104123308676, 43.984104123308676, 'SEARCH'
10, 17758, 44.00611079367833, 44.00611079367833, 'SEARCH'
10, 17759, 44.033013130861555, 44.033013130861555, 'SEARCH'
10, 17760, 44.04411562538197, 44.04411562538197, 'SEARCH'
10, 17761, 44.06803411201617, 44.06803411201617, 'SEARCH'
10, 17762, 44.09195937483752, 44.09195937483752, 'SEARCH'
10, 17763, 44.09462589384781, 44.09462589384781, 'SEARCH'
10, 17764, 44.10390813419862, 44.10390813419862, 'SEARCH'
10, 17765, 44.10850626086901, 44.10850626086901, 'SEARCH'
10, 17766, 44.1001715361537, 44.1001715361537, 'SEARCH'
10, 17767, 44.1108288687677, 44.1108288687677, 'SEARCH'
10, 17768, 44.13522515055311, 44.13522515055311, 'SEARCH'
10, 17769, 44.135970994168794, 44.135970994168794, 'SEARCH'
10, 17770, 44.15711013218191, 44.15711013218191, 'SEARCH'
10, 17771, 44.168206771923685, 44.168206771923685, 'SEARCH'
10, 17772, 44.14428504244378, 44.14428504244378, 'SEARCH'
10, 17773, 44.14746714892182, 44.14746714892182, 'SEARCH'
10, 17774, 44.12307654176601, 44.12307654176601, 'SEARCH'
10, 17775, 44.11116960207131, 44.11116960207131, 'SEARCH'
10, 17776, 44.135613915632554, 44.135613915632554, 'SEARCH'
10, 17777, 44.117254620631066, 44.117254620631066, 'SEARCH'
10, 17778, 44.13904059578025, 44.13904059578025, 'SEARCH'
10, 17779, 44.16595133862288, 44.16595133862288, 'SEARCH'
10, 17780, 44.19285985347078, 44.19285985347078, 'SEARCH'
10, 17781, 44.21544318622995, 44.21544318622995, 'SEARCH'
10, 17782, 44.20055183862082, 44.20055183862082, 'SEARCH'
10, 17783, 44.21711657743696, 44.21711657743696, 'SEARCH'
10, 17784, 44.20743679026422, 44.20743679026422, 'SEARCH'
10, 17785, 44.234900173986325, 44.234900173986325, 'SEARCH'
10, 17786, 44.26106788476391, 44.26106788476391, 'SEARCH'
10, 17787, 44.28370371724425, 44.28370371724425, 'SEARCH'
10, 17788, 44.285915295515856, 44.285915295515856, 'SEARCH'
10, 17789, 44.28957947166336, 44.28957947166336, 'SEARCH'
10, 17790, 44.26474015463718, 44.26474015463718, 'SEARCH'
10, 17791, 44.292516307522014, 44.292516307522014, 'SEARCH'
10, 17792, 44.31022119857766, 44.31022119857766, 'SEARCH'
10, 17793, 44.30331010926835, 44.30331010926835, 'SEARCH'
10, 17794, 44.3310638084486, 44.3310638084486, 'SEARCH'
10, 17795, 44.33945913418966, 44.33945913418966, 'SEARCH'
10, 17796, 44.36720833069311, 44.36720833069311, 'SEARCH'
10, 17797, 44.368456553791155, 44.368456553791155, 'SEARCH'
10, 17798, 44.37545371793277, 44.37545371793277, 'SEARCH'
10, 17799, 44.40309897476568, 44.40309897476568, 'SEARCH'
10, 17800, 44.42705138546997, 44.42705138546997, 'SEARCH'
10, 17801, 44.4525132555148, 44.4525132555148, 'SEARCH'
10, 17802, 44.428109690933844, 44.428109690933844, 'SEARCH'
10, 17803, 44.44725259152821, 44.44725259152821, 'SEARCH'
10, 17804, 44.45186477706675, 44.45186477706675, 'SEARCH'
10, 17805, 44.47876611421627, 44.47876611421627, 'SEARCH'
10, 17806, 44.46149311441366, 44.46149311441366, 'SEARCH'
10, 17807, 44.47685573049027, 44.47685573049027, 'SEARCH'
10, 17808, 44.481477103104574, 44.481477103104574, 'SEARCH'
10, 17809, 44.464218499162705, 44.464218499162705, 'SEARCH'
10, 17810, 44.46789936621989, 44.46789936621989, 'SEARCH'
10, 17811, 44.44264825614215, 44.44264825614215, 'SEARCH'
10, 17812, 44.440543560281036, 44.440543560281036, 'SEARCH'
10, 17813, 44.45344373401985, 44.45344373401985, 'SEARCH'
10, 17814, 44.4347398812129, 44.4347398812129, 'SEARCH'
10, 17815, 44.437016855798795, 44.437016855798795, 'SEARCH'
10, 17816, 44.45586012571681, 44.45586012571681, 'SEARCH'
10, 17817, 44.47659650733026, 44.47659650733026, 'SEARCH'
10, 17818, 44.48685974258453, 44.48685974258453, 'SEARCH'
10, 17819, 44.49530009765222, 44.49530009765222, 'SEARCH'
10, 17820, 44.477332562480164, 44.477332562480164, 'SEARCH'
10, 17821, 44.50478897621381, 44.50478897621381, 'SEARCH'
10, 17822, 44.529012747408686, 44.529012747408686, 'SEARCH'
10, 17823, 44.549876614229845, 44.549876614229845, 'SEARCH'
10, 17824, 44.57531588949609, 44.57531588949609, 'SEARCH'
10, 17825, 44.56937506758241, 44.56937506758241, 'SEARCH'
10, 17826, 44.57356284808208, 44.57356284808208, 'SEARCH'
10, 17827, 44.596228530454916, 44.596228530454916, 'SEARCH'
10, 17828, 44.57366295587794, 44.57366295587794, 'SEARCH'
10, 17829, 44.565867058976856, 44.565867058976856, 'SEARCH'
10, 17830, 44.59098510090558, 44.59098510090558, 'SEARCH'
10, 17831, 44.6187505385408, 44.6187505385408, 'SEARCH'
10, 17832, 44.61811260712492, 44.61811260712492, 'SEARCH'
10, 17833, 44.64490589387322, 44.64490589387322, 'SEARCH'
10, 17834, 44.67251494695086, 44.67251494695086, 'SEARCH'
10, 17835, 44.69203995408265, 44.69203995408265, 'SEARCH'
10, 17836, 44.71641564528841, 44.71641564528841, 'SEARCH'
10, 17837, 44.6925127403404, 44.6925127403404, 'SEARCH'
10, 17838, 44.66706887782671, 44.66706887782671, 'SEARCH'
10, 17839, 44.69120171129376, 44.69120171129376, 'SEARCH'
10, 17840, 44.69538158926232, 44.69538158926232, 'SEARCH'
10, 17841, 44.7024146636305, 44.7024146636305, 'SEARCH'
10, 17842, 44.730135303382845, 44.730135303382845, 'SEARCH'
10, 17843, 44.73669113159351, 44.73669113159351, 'SEARCH'
10, 17844, 44.717982289682304, 44.717982289682304, 'SEARCH'
10, 17845, 44.716861795817465, 44.716861795817465, 'SEARCH'
10, 17846, 44.70543295460094, 44.70543295460094, 'SEARCH'
10, 17847, 44.73045682832571, 44.73045682832571, 'SEARCH'
10, 17848, 44.7375060185462, 44.7375060185462, 'SEARCH'
10, 17849, 44.73785020948992, 44.73785020948992, 'SEARCH'
10, 17850, 44.76551036175176, 44.76551036175176, 'SEARCH'
10, 17851, 44.793287767300725, 44.793287767300725, 'SEARCH'
10, 17852, 44.81742123822886, 44.81742123822886, 'SEARCH'
10, 17853, 44.79870914136497, 44.79870914136497, 'SEARCH'
10, 17854, 44.77861974466693, 44.77861974466693, 'SEARCH'
10, 17855, 44.758207761313095, 44.758207761313095, 'SEARCH'
10, 17856, 44.78554092768375, 44.78554092768375, 'SEARCH'
10, 17857, 44.787824058215314, 44.787824058215314, 'SEARCH'
10, 17858, 44.806312935389606, 44.806312935389606, 'SEARCH'
10, 17859, 44.81100485464176, 44.81100485464176, 'SEARCH'
10, 17860, 44.80653304818255, 44.80653304818255, 'SEARCH'
10, 17861, 44.78549124081382, 44.78549124081382, 'SEARCH'
10, 17862, 44.80744492297085, 44.80744492297085, 'SEARCH'
10, 17863, 44.81023039337324, 44.81023039337324, 'SEARCH'
10, 17864, 44.83772199062141, 44.83772199062141, 'SEARCH'
10, 17865, 44.85233795095473, 44.85233795095473, 'SEARCH'
10, 17866, 44.873062303057765, 44.873062303057765, 'SEARCH'
10, 17867, 44.870023876853715, 44.870023876853715, 'SEARCH'
10, 17868, 44.892981560286714, 44.892981560286714, 'SEARCH'
10, 17869, 44.91990199467699, 44.91990199467699, 'SEARCH'
10, 17870, 44.93571883209466, 44.93571883209466, 'SEARCH'
10, 17871, 44.96123282847294, 44.96123282847294, 'SEARCH'
10, 17872, 44.98901020707837, 44.98901020707837, 'SEARCH'
10, 17873, 44.980735560577386, 44.980735560577386, 'SEARCH'
10, 17874, 45.00222847074448, 45.00222847074448, 'SEARCH'
10, 17875, 45.029780048258296, 45.029780048258296, 'SEARCH'
10, 17876, 45.03106993718102, 45.03106993718102, 'SEARCH'
10, 17877, 45.04953994897711, 45.04953994897711, 'SEARCH'
10, 17878, 45.043609295578655, 45.043609295578655, 'SEARCH'
10, 17879, 45.02192848140826, 45.02192848140826, 'SEARCH'
10, 17880, 45.04215143294346, 45.04215143294346, 'SEARCH'
10, 17881, 45.065257297673455, 45.065257297673455, 'SEARCH'
10, 17882, 45.04065992719727, 45.04065992719727, 'SEARCH'
10, 17883, 45.06757877894048, 45.06757877894048, 'SEARCH'
10, 17884, 45.09289463979309, 45.09289463979309, 'SEARCH'
10, 17885, 45.118771493544486, 45.118771493544486, 'SEARCH'
10, 17886, 45.134169309782564, 45.134169309782564, 'SEARCH'
10, 17887, 45.161890309326516, 45.161890309326516, 'SEARCH'
10, 17888, 45.18328132767449, 45.18328132767449, 'SEARCH'
10, 17889, 45.20794527416178, 45.20794527416178, 'SEARCH'
10, 17890, 45.19305993940385, 45.19305993940385, 'SEARCH'
10, 17891, 45.21001727335189, 45.21001727335189, 'SEARCH'
10, 17892, 45.23692489921638, 45.23692489921638, 'SEARCH'
10, 17893, 45.21929421073694, 45.21929421073694, 'SEARCH'
10, 17894, 45.240768043357704, 45.240768043357704, 'SEARCH'
10, 17895, 45.267091707546655, 45.267091707546655, 'SEARCH'
10, 17896, 45.24731090488281, 45.24731090488281, 'SEARCH'
10, 17897, 45.26539583103039, 45.26539583103039, 'SEARCH'
10, 17898, 45.292928448597046, 45.292928448597046, 'SEARCH'
10, 17899, 45.31469533215242, 45.31469533215242, 'SEARCH'
10, 17900, 45.34209878571197, 45.34209878571197, 'SEARCH'
10, 17901, 45.36715759278101, 45.36715759278101, 'SEARCH'
10, 17902, 45.36886975218767, 45.36886975218767, 'SEARCH'
10, 17903, 45.3624078737117, 45.3624078737117, 'SEARCH'
10, 17904, 45.380839094785, 45.380839094785, 'SEARCH'
10, 17905, 45.40526574542951, 45.40526574542951, 'SEARCH'
10, 17906, 45.429665364467645, 45.429665364467645, 'SEARCH'
10, 17907, 45.40793320629541, 45.40793320629541, 'SEARCH'
10, 17908, 45.43562730939983, 45.43562730939983, 'SEARCH'
10, 17909, 45.44715936964598, 45.44715936964598, 'SEARCH'
10, 17910, 45.47004255321435, 45.47004255321435, 'SEARCH'
10, 17911, 45.44861000347886, 45.44861000347886, 'SEARCH'
10, 17912, 45.46738832476803, 45.46738832476803, 'SEARCH'
10, 17913, 45.491329569219765, 45.491329569219765, 'SEARCH'
10, 17914, 45.490610304413444, 45.490610304413444, 'SEARCH'
10, 17915, 45.511404098399616, 45.511404098399616, 'SEARCH'
10, 17916, 45.488512868132325, 45.488512868132325, 'SEARCH'
10, 17917, 45.512205685025855, 45.512205685025855, 'SEARCH'
10, 17918, 45.50715353400292, 45.50715353400292, 'SEARCH'
10, 17919, 45.52888030049668, 45.52888030049668, 'SEARCH'
10, 17920, 45.541279964599475, 45.541279964599475, 'SEARCH'
10, 17921, 45.55621136743548, 45.55621136743548, 'SEARCH'
10, 17922, 45.53541224397817, 45.53541224397817, 'SEARCH'
10, 17923, 45.54332237200008, 45.54332237200008, 'SEARCH'
10, 17924, 45.569672871890894, 45.569672871890894, 'SEARCH'
10, 17925, 45.59336629234848, 45.59336629234848, 'SEARCH'
10, 17926, 45.618230600580965, 45.618230600580965, 'SEARCH'
10, 17927, 45.63804608869524, 45.63804608869524, 'SEARCH'
10, 17928, 45.658196291720806, 45.658196291720806, 'SEARCH'
10, 17929, 45.68366945375084, 45.68366945375084, 'SEARCH'
10, 17930, 45.705712813220636, 45.705712813220636, 'SEARCH'
10, 17931, 45.72834076044548, 45.72834076044548, 'SEARCH'
10, 17932, 45.712977910771926, 45.712977910771926, 'SEARCH'
10, 17933, 45.72621070920345, 45.72621070920345, 'SEARCH'
10, 17934, 45.748526162742195, 45.748526162742195, 'SEARCH'
10, 17935, 45.773610090283874, 45.773610090283874, 'SEARCH'
10, 17936, 45.78596679259762, 45.78596679259762, 'SEARCH'
10, 17937, 45.79381738677959, 45.79381738677959, 'SEARCH'
10, 17938, 45.780531121045485, 45.780531121045485, 'SEARCH'
10, 17939, 45.8081330272064, 45.8081330272064, 'SEARCH'
10, 17940, 45.8164512650091, 45.8164512650091, 'SEARCH'
10, 17941, 45.79354048098972, 45.79354048098972, 'SEARCH'
10, 17942, 45.770915473684184, 45.770915473684184, 'SEARCH'
10, 17943, 45.76028137225916, 45.76028137225916, 'SEARCH'
10, 17944, 45.7857523339032, 45.7857523339032, 'SEARCH'
10, 17945, 45.774227133470156, 45.774227133470156, 'SEARCH'
10, 17946, 45.78071699727948, 45.78071699727948, 'SEARCH'
10, 17947, 45.75586228154909, 45.75586228154909, 'SEARCH'
10, 17948, 45.760948209458064, 45.760948209458064, 'SEARCH'
10, 17949, 45.783545240761, 45.783545240761, 'SEARCH'
10, 17950, 45.774287583687176, 45.774287583687176, 'SEARCH'
10, 17951, 45.79823537930831, 45.79823537930831, 'SEARCH'
10, 17952, 45.82308540933045, 45.82308540933045, 'SEARCH'
10, 17953, 45.848364897326704, 45.848364897326704, 'SEARCH'
10, 17954, 45.84094087243471, 45.84094087243471, 'SEARCH'
10, 17955, 45.849764277135634, 45.849764277135634, 'SEARCH'
10, 17956, 45.841887961766005, 45.841887961766005, 'SEARCH'
10, 17957, 45.83173006813823, 45.83173006813823, 'SEARCH'
10, 17958, 45.85612446810626, 45.85612446810626, 'SEARCH'
10, 17959, 45.881779405707256, 45.881779405707256, 'SEARCH'
10, 17960, 45.90841101459216, 45.90841101459216, 'SEARCH'
10, 17961, 45.90816307875086, 45.90816307875086, 'SEARCH'
10, 17962, 45.92864139492984, 45.92864139492984, 'SEARCH'
10, 17963, 45.95603630086896, 45.95603630086896, 'SEARCH'
10, 17964, 45.982521829343604, 45.982521829343604, 'SEARCH'
10, 17965, 45.96409261210096, 45.96409261210096, 'SEARCH'
10, 17966, 45.99184469572795, 45.99184469572795, 'SEARCH'
10, 17967, 46.01886180250813, 46.01886180250813, 'SEARCH'
10, 17968, 46.040873409142755, 46.040873409142755, 'SEARCH'
10, 17969, 46.06808407822266, 46.06808407822266, 'SEARCH'
10, 17970, 46.08085958458165, 46.08085958458165, 'SEARCH'
10, 17971, 46.10590732212125, 46.10590732212125, 'SEARCH'
10, 17972, 46.088189824411664, 46.088189824411664, 'SEARCH'
10, 17973, 46.0869286841356, 46.0869286841356, 'SEARCH'
10, 17974, 46.09885013500796, 46.09885013500796, 'SEARCH'
10, 17975, 46.1266031572534, 46.1266031572534, 'SEARCH'
10, 17976, 46.153384359466855, 46.153384359466855, 'SEARCH'
10, 17977, 46.15549905272509, 46.15549905272509, 'SEARCH'
10, 17978, 46.17236302204479, 46.17236302204479, 'SEARCH'
10, 17979, 46.20014019445016, 46.20014019445016, 'SEARCH'
10, 17980, 46.22782668511645, 46.22782668511645, 'SEARCH'
10, 17981, 46.23088955562566, 46.23088955562566, 'SEARCH'
10, 17982, 46.25788205678993, 46.25788205678993, 'SEARCH'
10, 17983, 46.27232299631988, 46.27232299631988, 'SEARCH'
10, 17984, 46.28420492352472, 46.28420492352472, 'SEARCH'
10, 17985, 46.276236112783984, 46.276236112783984, 'SEARCH'
10, 17986, 46.30337094183007, 46.30337094183007, 'SEARCH'
10, 17987, 46.324437806180775, 46.324437806180775, 'SEARCH'
10, 17988, 46.30560568693919, 46.30560568693919, 'SEARCH'
10, 17989, 46.297180851747946, 46.297180851747946, 'SEARCH'
10, 17990, 46.31403982236733, 46.31403982236733, 'SEARCH'
10, 17991, 46.34152206291217, 46.34152206291217, 'SEARCH'
10, 17992, 46.34313972521166, 46.34313972521166, 'SEARCH'
10, 17993, 46.37054819545366, 46.37054819545366, 'SEARCH'
10, 17994, 46.38199079144834, 46.38199079144834, 'SEARCH'
10, 17995, 46.408647831757094, 46.408647831757094, 'SEARCH'
10, 17996, 46.42839319180609, 46.42839319180609, 'SEARCH'
10, 17997, 46.45518689026912, 46.45518689026912, 'SEARCH'
10, 17998, 46.449538947205866, 46.449538947205866, 'SEARCH'
10, 17999, 46.45064857642558, 46.45064857642558, 'SEARCH'
10, 18000, 46.47702080364426, 46.47702080364426, 'SEARCH'
10, 18001, 46.452557595632, 46.452557595632, 'SEARCH'
10, 18002, 46.46399098447085, 46.46399098447085, 'SEARCH'
10, 18003, 46.46268738196589, 46.46268738196589, 'SEARCH'
10, 18004, 46.484174484136474, 46.484174484136474, 'SEARCH'
10, 18005, 46.511940008453, 46.511940008453, 'SEARCH'
10, 18006, 46.53880533634212, 46.53880533634212, 'SEARCH'
10, 18007, 46.56403235172927, 46.56403235172927, 'SEARCH'
10, 18008, 46.57717513031594, 46.57717513031594, 'SEARCH'
10, 18009, 46.56642909104634, 46.56642909104634, 'SEARCH'
10, 18010, 46.59185743348654, 46.59185743348654, 'SEARCH'
10, 18011, 46.61621079798894, 46.61621079798894, 'SEARCH'
10, 18012, 46.60681755725706, 46.60681755725706, 'SEARCH'
10, 18013, 46.6293638585501, 46.6293638585501, 'SEARCH'
10, 18014, 46.617295262653606, 46.617295262653606, 'SEARCH'
10, 18015, 46.640922261692815, 46.640922261692815, 'SEARCH'
10, 18016, 46.66858300479971, 46.66858300479971, 'SEARCH'
10, 18017, 46.69630083517528, 46.69630083517528, 'SEARCH'
10, 18018, 46.67360553886749, 46.67360553886749, 'SEARCH'
10, 18019, 46.6948092336473, 46.6948092336473, 'SEARCH'
10, 18020, 46.7225734802157, 46.7225734802157, 'SEARCH'
10, 18021, 46.745099395497355, 46.745099395497355, 'SEARCH'
10, 18022, 46.766433314450204, 46.766433314450204, 'SEARCH'
10, 18023, 46.789507530155255, 46.789507530155255, 'SEARCH'
10, 18024, 46.769243859003424, 46.769243859003424, 'SEARCH'
10, 18025, 46.79503252271691, 46.79503252271691, 'SEARCH'
10, 18026, 46.77101718939298, 46.77101718939298, 'SEARCH'
10, 18027, 46.74588272981653, 46.74588272981653, 'SEARCH'
10, 18028, 46.732939428786345, 46.732939428786345, 'SEARCH'
10, 18029, 46.71750844873906, 46.71750844873906, 'SEARCH'
10, 18030, 46.74046074742073, 46.74046074742073, 'SEARCH'
10, 18031, 46.75097940192223, 46.75097940192223, 'SEARCH'
10, 18032, 46.77323851576475, 46.77323851576475, 'SEARCH'
10, 18033, 46.799619517182705, 46.799619517182705, 'SEARCH'
10, 18034, 46.81642091104654, 46.81642091104654, 'SEARCH'
10, 18035, 46.84042464700221, 46.84042464700221, 'SEARCH'
10, 18036, 46.83906099910518, 46.83906099910518, 'SEARCH'
10, 18037, 46.8477386781856, 46.8477386781856, 'SEARCH'
10, 18038, 46.8754835637397, 46.8754835637397, 'SEARCH'
10, 18039, 46.90027482681788, 46.90027482681788, 'SEARCH'
10, 18040, 46.92671875537203, 46.92671875537203, 'SEARCH'
10, 18041, 46.952259175102796, 46.952259175102796, 'SEARCH'
10, 18042, 46.98000196478548, 46.98000196478548, 'SEARCH'
10, 18043, 46.961450963792785, 46.961450963792785, 'SEARCH'
10, 18044, 46.95292650563337, 46.95292650563337, 'SEARCH'
10, 18045, 46.97960781984676, 46.97960781984676, 'SEARCH'
10, 18046, 47.006863773079644, 47.006863773079644, 'SEARCH'
10, 18047, 47.02936365073777, 47.02936365073777, 'SEARCH'
10, 18048, 47.04201109555141, 47.04201109555141, 'SEARCH'
10, 18049, 47.05422635554778, 47.05422635554778, 'SEARCH'
10, 18050, 47.040375922191075, 47.040375922191075, 'SEARCH'
10, 18051, 47.06098041201353, 47.06098041201353, 'SEARCH'
10, 18052, 47.08869348933946, 47.08869348933946, 'SEARCH'
10, 18053, 47.11443683646819, 47.11443683646819, 'SEARCH'
10, 18054, 47.089268832299545, 47.089268832299545, 'SEARCH'
10, 18055, 47.116229088256965, 47.116229088256965, 'SEARCH'
10, 18056, 47.14264066091272, 47.14264066091272, 'SEARCH'
10, 18057, 47.1700776152062, 47.1700776152062, 'SEARCH'
10, 18058, 47.19310831758143, 47.19310831758143, 'SEARCH'
10, 18059, 47.1892246378749, 47.1892246378749, 'SEARCH'
10, 18060, 47.21548631639971, 47.21548631639971, 'SEARCH'
10, 18061, 47.21401521357849, 47.21401521357849, 'SEARCH'
10, 18062, 47.232595654012286, 47.232595654012286, 'SEARCH'
10, 18063, 47.25614668423731, 47.25614668423731, 'SEARCH'
10, 18064, 47.23615305784229, 47.23615305784229, 'SEARCH'
10, 18065, 47.25325248747028, 47.25325248747028, 'SEARCH'
10, 18066, 47.27935363561338, 47.27935363561338, 'SEARCH'
10, 18067, 47.30592144405701, 47.30592144405701, 'SEARCH'
10, 18068, 47.29549065646727, 47.29549065646727, 'SEARCH'
10, 18069, 47.27618377553405, 47.27618377553405, 'SEARCH'
10, 18070, 47.301753660998216, 47.301753660998216, 'SEARCH'
10, 18071, 47.30270790788186, 47.30270790788186, 'SEARCH'
10, 18072, 47.2837579122075, 47.2837579122075, 'SEARCH'
10, 18073, 47.30198671792619, 47.30198671792619, 'SEARCH'
10, 18074, 47.283766262065726, 47.283766262065726, 'SEARCH'
10, 18075, 47.27204372112951, 47.27204372112951, 'SEARCH'
10, 18076, 47.25347982508582, 47.25347982508582, 'SEARCH'
10, 18077, 47.27991198747237, 47.27991198747237, 'SEARCH'
10, 18078, 47.26864659983738, 47.26864659983738, 'SEARCH'
10, 18079, 47.28832254379452, 47.28832254379452, 'SEARCH'
10, 18080, 47.295555612191684, 47.295555612191684, 'SEARCH'
10, 18081, 47.320328333762966, 47.320328333762966, 'SEARCH'
10, 18082, 47.29939201548977, 47.29939201548977, 'SEARCH'
10, 18083, 47.2904023111861, 47.2904023111861, 'SEARCH'
10, 18084, 47.30678506117913, 47.30678506117913, 'SEARCH'
10, 18085, 47.30830648833109, 47.30830648833109, 'SEARCH'
10, 18086, 47.32658696359813, 47.32658696359813, 'SEARCH'
10, 18087, 47.34957485432386, 47.34957485432386, 'SEARCH'
10, 18088, 47.37548667939255, 47.37548667939255, 'SEARCH'
10, 18089, 47.395498842289804, 47.395498842289804, 'SEARCH'
10, 18090, 47.41066176563596, 47.41066176563596, 'SEARCH'
10, 18091, 47.39516233208026, 47.39516233208026, 'SEARCH'
10, 18092, 47.419245645919766, 47.419245645919766, 'SEARCH'
10, 18093, 47.39474166147727, 47.39474166147727, 'SEARCH'
10, 18094, 47.42237370102847, 47.42237370102847, 'SEARCH'
10, 18095, 47.440267743470265, 47.440267743470265, 'SEARCH'
10, 18096, 47.46521275603995, 47.46521275603995, 'SEARCH'
10, 18097, 47.48766528063099, 47.48766528063099, 'SEARCH'
10, 18098, 47.49534066535992, 47.49534066535992, 'SEARCH'
10, 18099, 47.492943449507, 47.492943449507, 'SEARCH'
10, 18100, 47.51226321083325, 47.51226321083325, 'SEARCH'
10, 18101, 47.534429378795494, 47.534429378795494, 'SEARCH'
10, 18102, 47.5611268436312, 47.5611268436312, 'SEARCH'
10, 18103, 47.58739166117303, 47.58739166117303, 'SEARCH'
10, 18104, 47.61296430063583, 47.61296430063583, 'SEARCH'
10, 18105, 47.616327330278224, 47.616327330278224, 'SEARCH'
10, 18106, 47.64400078741839, 47.64400078741839, 'SEARCH'
10, 18107, 47.66069472139979, 47.66069472139979, 'SEARCH'
10, 18108, 47.67240691399895, 47.67240691399895, 'SEARCH'
10, 18109, 47.65142443486136, 47.65142443486136, 'SEARCH'
10, 18110, 47.67360076137806, 47.67360076137806, 'SEARCH'
10, 18111, 47.648417796946504, 47.648417796946504, 'SEARCH'
10, 18112, 47.675685918966714, 47.675685918966714, 'SEARCH'
10, 18113, 47.701434497398644, 47.701434497398644, 'SEARCH'
10, 18114, 47.68177432264201, 47.68177432264201, 'SEARCH'
10, 18115, 47.666231725570896, 47.666231725570896, 'SEARCH'
10, 18116, 47.66478018711205, 47.66478018711205, 'SEARCH'
10, 18117, 47.691341000464895, 47.691341000464895, 'SEARCH'
10, 18118, 47.71230298809038, 47.71230298809038, 'SEARCH'
10, 18119, 47.73973761726698, 47.73973761726698, 'SEARCH'
10, 18120, 47.76133660268814, 47.76133660268814, 'SEARCH'
10, 18121, 47.784383978197425, 47.784383978197425, 'SEARCH'
10, 18122, 47.81200452124622, 47.81200452124622, 'SEARCH'
10, 18123, 47.793735713433705, 47.793735713433705, 'SEARCH'
10, 18124, 47.801813795643056, 47.801813795643056, 'SEARCH'
10, 18125, 47.81849793734862, 47.81849793734862, 'SEARCH'
10, 18126, 47.84444584263342, 47.84444584263342, 'SEARCH'
10, 18127, 47.861117515897575, 47.861117515897575, 'SEARCH'
10, 18128, 47.8873630280517, 47.8873630280517, 'SEARCH'
10, 18129, 47.89991411964583, 47.89991411964583, 'SEARCH'
10, 18130, 47.92767261410445, 47.92767261410445, 'SEARCH'
10, 18131, 47.955377199836214, 47.955377199836214, 'SEARCH'
10, 18132, 47.93127627153682, 47.93127627153682, 'SEARCH'
10, 18133, 47.9576713306017, 47.9576713306017, 'SEARCH'
10, 18134, 47.98543499414576, 47.98543499414576, 'SEARCH'
10, 18135, 47.99881712079712, 47.99881712079712, 'SEARCH'
10, 18136, 48.01090789343768, 48.01090789343768, 'SEARCH'
10, 18137, 47.987049408543264, 47.987049408543264, 'SEARCH'
10, 18138, 48.0119811411128, 48.0119811411128, 'SEARCH'
10, 18139, 48.02744225867864, 48.02744225867864, 'SEARCH'
10, 18140, 48.03407782411726, 48.03407782411726, 'SEARCH'
10, 18141, 48.02965128330027, 48.02965128330027, 'SEARCH'
10, 18142, 48.05208148926266, 48.05208148926266, 'SEARCH'
10, 18143, 48.0795780395237, 48.0795780395237, 'SEARCH'
10, 18144, 48.075144928042306, 48.075144928042306, 'SEARCH'
10, 18145, 48.10242727577822, 48.10242727577822, 'SEARCH'
10, 18146, 48.10330406253545, 48.10330406253545, 'SEARCH'
10, 18147, 48.13103919491942, 48.13103919491942, 'SEARCH'
10, 18148, 48.1439942521822, 48.1439942521822, 'SEARCH'
10, 18149, 48.17172878281067, 48.17172878281067, 'SEARCH'
10, 18150, 48.161223040147775, 48.161223040147775, 'SEARCH'
10, 18151, 48.170176114615295, 48.170176114615295, 'SEARCH'
10, 18152, 48.19488438930159, 48.19488438930159, 'SEARCH'
10, 18153, 48.197206222097044, 48.197206222097044, 'SEARCH'
10, 18154, 48.207526172480335, 48.207526172480335, 'SEARCH'
10, 18155, 48.23286586257688, 48.23286586257688, 'SEARCH'
10, 18156, 48.26001612903582, 48.26001612903582, 'SEARCH'
10, 18157, 48.265685340852265, 48.265685340852265, 'SEARCH'
10, 18158, 48.276444060312805, 48.276444060312805, 'SEARCH'
10, 18159, 48.29941657606235, 48.29941657606235, 'SEARCH'
10, 18160, 48.31719021489377, 48.31719021489377, 'SEARCH'
10, 18161, 48.317082061260216, 48.317082061260216, 'SEARCH'
10, 18162, 48.30438225599484, 48.30438225599484, 'SEARCH'
10, 18163, 48.313801152928725, 48.313801152928725, 'SEARCH'
10, 18164, 48.30154922234938, 48.30154922234938, 'SEARCH'
10, 18165, 48.32870524349268, 48.32870524349268, 'SEARCH'
10, 18166, 48.32862405178987, 48.32862405178987, 'SEARCH'
10, 18167, 48.31681857755492, 48.31681857755492, 'SEARCH'
10, 18168, 48.34154140558655, 48.34154140558655, 'SEARCH'
10, 18169, 48.34677519199651, 48.34677519199651, 'SEARCH'
10, 18170, 48.3695649308633, 48.3695649308633, 'SEARCH'
10, 18171, 48.346766541885664, 48.346766541885664, 'SEARCH'
10, 18172, 48.37402206212955, 48.37402206212955, 'SEARCH'
10, 18173, 48.40060731021713, 48.40060731021713, 'SEARCH'
10, 18174, 48.37650742740523, 48.37650742740523, 'SEARCH'
10, 18175, 48.38125972037241, 48.38125972037241, 'SEARCH'
10, 18176, 48.408822272570774, 48.408822272570774, 'SEARCH'
10, 18177, 48.43540900660899, 48.43540900660899, 'SEARCH'
10, 18178, 48.462453855415134, 48.462453855415134, 'SEARCH'
10, 18179, 48.448896784889484, 48.448896784889484, 'SEARCH'
10, 18180, 48.430605272716484, 48.430605272716484, 'SEARCH'
10, 18181, 48.41500987296928, 48.41500987296928, 'SEARCH'
10, 18182, 48.392788778326775, 48.392788778326775, 'SEARCH'
10, 18183, 48.40578897768131, 48.40578897768131, 'SEARCH'
10, 18184, 48.41570187504832, 48.41570187504832, 'SEARCH'
10, 18185, 48.39212298353968, 48.39212298353968, 'SEARCH'
10, 18186, 48.416166049894734, 48.416166049894734, 'SEARCH'
10, 18187, 48.39367381497684, 48.39367381497684, 'SEARCH'
10, 18188, 48.40878750631046, 48.40878750631046, 'SEARCH'
10, 18189, 48.404903678440554, 48.404903678440554, 'SEARCH'
10, 18190, 48.41920334919031, 48.41920334919031, 'SEARCH'
10, 18191, 48.395642448585214, 48.395642448585214, 'SEARCH'
10, 18192, 48.390349719175354, 48.390349719175354, 'SEARCH'
10, 18193, 48.40895023519981, 48.40895023519981, 'SEARCH'
10, 18194, 48.428603301961004, 48.428603301961004, 'SEARCH'
10, 18195, 48.455552888449326, 48.455552888449326, 'SEARCH'
10, 18196, 48.48298840416718, 48.48298840416718, 'SEARCH'
10, 18197, 48.45995227292079, 48.45995227292079, 'SEARCH'
10, 18198, 48.446487247823825, 48.446487247823825, 'SEARCH'
10, 18199, 48.472756747182096, 48.472756747182096, 'SEARCH'
10, 18200, 48.50042936689102, 48.50042936689102, 'SEARCH'
10, 18201, 48.48570448596696, 48.48570448596696, 'SEARCH'
10, 18202, 48.49960036218065, 48.49960036218065, 'SEARCH'
10, 18203, 48.52703476058691, 48.52703476058691, 'SEARCH'
10, 18204, 48.553986185106695, 48.553986185106695, 'SEARCH'
10, 18205, 48.55590836769924, 48.55590836769924, 'SEARCH'
10, 18206, 48.544161617973664, 48.544161617973664, 'SEARCH'
10, 18207, 48.53242663538066, 48.53242663538066, 'SEARCH'
10, 18208, 48.56019986507516, 48.56019986507516, 'SEARCH'
10, 18209, 48.55875094770521, 48.55875094770521, 'SEARCH'
10, 18210, 48.54835807435824, 48.54835807435824, 'SEARCH'
10, 18211, 48.52773285886298, 48.52773285886298, 'SEARCH'
10, 18212, 48.552890476049285, 48.552890476049285, 'SEARCH'
10, 18213, 48.58059873503258, 48.58059873503258, 'SEARCH'
10, 18214, 48.60188608677666, 48.60188608677666, 'SEARCH'
10, 18215, 48.58635999049947, 48.58635999049947, 'SEARCH'
10, 18216, 48.61413392314664, 48.61413392314664, 'SEARCH'
10, 18217, 48.64191169916351, 48.64191169916351, 'SEARCH'
10, 18218, 48.64432971355895, 48.64432971355895, 'SEARCH'
10, 18219, 48.66989764206485, 48.66989764206485, 'SEARCH'
10, 18220, 48.66038683132758, 48.66038683132758, 'SEARCH'
10, 18221, 48.63609250229446, 48.63609250229446, 'SEARCH'
10, 18222, 48.62180020774677, 48.62180020774677, 'SEARCH'
10, 18223, 48.61417295792328, 48.61417295792328, 'SEARCH'
10, 18224, 48.64167450935466, 48.64167450935466, 'SEARCH'
10, 18225, 48.62865852615903, 48.62865852615903, 'SEARCH'
10, 18226, 48.611209788496865, 48.611209788496865, 'SEARCH'
10, 18227, 48.63479645755598, 48.63479645755598, 'SEARCH'
10, 18228, 48.62672263514774, 48.62672263514774, 'SEARCH'
10, 18229, 48.64857385869289, 48.64857385869289, 'SEARCH'
10, 18230, 48.67416146646849, 48.67416146646849, 'SEARCH'
10, 18231, 48.68723554183556, 48.68723554183556, 'SEARCH'
10, 18232, 48.70910072345154, 48.70910072345154, 'SEARCH'
10, 18233, 48.735195216185026, 48.735195216185026, 'SEARCH'
10, 18234, 48.72479742524335, 48.72479742524335, 'SEARCH'
10, 18235, 48.74836554816255, 48.74836554816255, 'SEARCH'
10, 18236, 48.760118251764986, 48.760118251764986, 'SEARCH'
10, 18237, 48.74227593930137, 48.74227593930137, 'SEARCH'
10, 18238, 48.75940253994513, 48.75940253994513, 'SEARCH'
10, 18239, 48.785146297307755, 48.785146297307755, 'SEARCH'
10, 18240, 48.78950659887187, 48.78950659887187, 'SEARCH'
10, 18241, 48.782807288591435, 48.782807288591435, 'SEARCH'
10, 18242, 48.7580719646408, 48.7580719646408, 'SEARCH'
10, 18243, 48.77324111980422, 48.77324111980422, 'SEARCH'
10, 18244, 48.80042184032853, 48.80042184032853, 'SEARCH'
10, 18245, 48.82798801793556, 48.82798801793556, 'SEARCH'
10, 18246, 48.81715573927263, 48.81715573927263, 'SEARCH'
10, 18247, 48.812845944487314, 48.812845944487314, 'SEARCH'
10, 18248, 48.84041097563767, 48.84041097563767, 'SEARCH'
10, 18249, 48.81545873173554, 48.81545873173554, 'SEARCH'
10, 18250, 48.813568807242916, 48.813568807242916, 'SEARCH'
10, 18251, 48.789788115799944, 48.789788115799944, 'SEARCH'
10, 18252, 48.80289313682546, 48.80289313682546, 'SEARCH'
10, 18253, 48.79210769697405, 48.79210769697405, 'SEARCH'
10, 18254, 48.76834237650673, 48.76834237650673, 'SEARCH'
10, 18255, 48.785141149183374, 48.785141149183374, 'SEARCH'
10, 18256, 48.774829444658934, 48.774829444658934, 'SEARCH'
10, 18257, 48.761039459159704, 48.761039459159704, 'SEARCH'
10, 18258, 48.75257739663004, 48.75257739663004, 'SEARCH'
10, 18259, 48.77620817309206, 48.77620817309206, 'SEARCH'
10, 18260, 48.78806835279613, 48.78806835279613, 'SEARCH'
10, 18261, 48.79585518720725, 48.79585518720725, 'SEARCH'
10, 18262, 48.820217809290554, 48.820217809290554, 'SEARCH'
10, 18263, 48.847918339668006, 48.847918339668006, 'SEARCH'
10, 18264, 48.859765657818514, 48.859765657818514, 'SEARCH'
10, 18265, 48.83888132712796, 48.83888132712796, 'SEARCH'
10, 18266, 48.86586675545462, 48.86586675545462, 'SEARCH'
10, 18267, 48.89166886052102, 48.89166886052102, 'SEARCH'
10, 18268, 48.91270973167111, 48.91270973167111, 'SEARCH'
10, 18269, 48.91812077942328, 48.91812077942328, 'SEARCH'
10, 18270, 48.912461679545075, 48.912461679545075, 'SEARCH'
10, 18271, 48.93529011417876, 48.93529011417876, 'SEARCH'
10, 18272, 48.932509855525836, 48.932509855525836, 'SEARCH'
10, 18273, 48.960275059423005, 48.960275059423005, 'SEARCH'
10, 18274, 48.97708860909802, 48.97708860909802, 'SEARCH'
10, 18275, 49.004070022249536, 49.004070022249536, 'SEARCH'
10, 18276, 49.03148851261507, 49.03148851261507, 'SEARCH'
10, 18277, 49.023923191226224, 49.023923191226224, 'SEARCH'
10, 18278, 49.05065412672191, 49.05065412672191, 'SEARCH'
10, 18279, 49.07799298524283, 49.07799298524283, 'SEARCH'
10, 18280, 49.10443644946349, 49.10443644946349, 'SEARCH'
10, 18281, 49.07929180512451, 49.07929180512451, 'SEARCH'
10, 18282, 49.10622312013036, 49.10622312013036, 'SEARCH'
10, 18283, 49.08499100020196, 49.08499100020196, 'SEARCH'
10, 18284, 49.059650826031046, 49.059650826031046, 'SEARCH'
10, 18285, 49.08486977906094, 49.08486977906094, 'SEARCH'
10, 18286, 49.11100489063676, 49.11100489063676, 'SEARCH'
10, 18287, 49.132339169302654, 49.132339169302654, 'SEARCH'
10, 18288, 49.15768215547832, 49.15768215547832, 'SEARCH'
10, 18289, 49.16257072406495, 49.16257072406495, 'SEARCH'
10, 18290, 49.157341333824476, 49.157341333824476, 'SEARCH'
10, 18291, 49.18392953006718, 49.18392953006718, 'SEARCH'
10, 18292, 49.211701707641325, 49.211701707641325, 'SEARCH'
10, 18293, 49.2349655811015, 49.2349655811015, 'SEARCH'
10, 18294, 49.25875314821945, 49.25875314821945, 'SEARCH'
10, 18295, 49.27095542974842, 49.27095542974842, 'SEARCH'
10, 18296, 49.25133485663223, 49.25133485663223, 'SEARCH'
10, 18297, 49.26808824589147, 49.26808824589147, 'SEARCH'
10, 18298, 49.285603841410406, 49.285603841410406, 'SEARCH'
10, 18299, 49.31188212986708, 49.31188212986708, 'SEARCH'
10, 18300, 49.33013090496661, 49.33013090496661, 'SEARCH'
10, 18301, 49.35568842199827, 49.35568842199827, 'SEARCH'
10, 18302, 49.38211137777243, 49.38211137777243, 'SEARCH'
10, 18303, 49.40307202516172, 49.40307202516172, 'SEARCH'
10, 18304, 49.430429581379656, 49.430429581379656, 'SEARCH'
10, 18305, 49.43522868582419, 49.43522868582419, 'SEARCH'
10, 18306, 49.411922125345534, 49.411922125345534, 'SEARCH'
10, 18307, 49.39227825289472, 49.39227825289472, 'SEARCH'
10, 18308, 49.37406390717113, 49.37406390717113, 'SEARCH'
10, 18309, 49.40122887991264, 49.40122887991264, 'SEARCH'
10, 18310, 49.42829177843999, 49.42829177843999, 'SEARCH'
10, 18311, 49.42635228395259, 49.42635228395259, 'SEARCH'
10, 18312, 49.45305187365848, 49.45305187365848, 'SEARCH'
10, 18313, 49.479755634478366, 49.479755634478366, 'SEARCH'
10, 18314, 49.50701874165401, 49.50701874165401, 'SEARCH'
10, 18315, 49.48294552141353, 49.48294552141353, 'SEARCH'
10, 18316, 49.50850800599471, 49.50850800599471, 'SEARCH'
10, 18317, 49.53621998890064, 49.53621998890064, 'SEARCH'
10, 18318, 49.520652996305, 49.520652996305, 'SEARCH'
10, 18319, 49.548327348516665, 49.548327348516665, 'SEARCH'
10, 18320, 49.5759029532966, 49.5759029532966, 'SEARCH'
10, 18321, 49.55691871888729, 49.55691871888729, 'SEARCH'
10, 18322, 49.554942005136375, 49.554942005136375, 'SEARCH'
10, 18323, 49.57654799805241, 49.57654799805241, 'SEARCH'
10, 18324, 49.59510122506266, 49.59510122506266, 'SEARCH'
10, 18325, 49.620088662621086, 49.620088662621086, 'SEARCH'
10, 18326, 49.63264280904231, 49.63264280904231, 'SEARCH'
10, 18327, 49.65324422397213, 49.65324422397213, 'SEARCH'
10, 18328, 49.67948704996958, 49.67948704996958, 'SEARCH'
10, 18329, 49.703977675308515, 49.703977675308515, 'SEARCH'
10, 18330, 49.70631542202834, 49.70631542202834, 'SEARCH'
10, 18331, 49.68271830184275, 49.68271830184275, 'SEARCH'
10, 18332, 49.7102816308788, 49.7102816308788, 'SEARCH'
10, 18333, 49.7368244042983, 49.7368244042983, 'SEARCH'
10, 18334, 49.76107924194365, 49.76107924194365, 'SEARCH'
10, 18335, 49.76437507051652, 49.76437507051652, 'SEARCH'
10, 18336, 49.788940293615184, 49.788940293615184, 'SEARCH'
10, 18337, 49.81643379005808, 49.81643379005808, 'SEARCH'
10, 18338, 49.80121194140661, 49.80121194140661, 'SEARCH'
10, 18339, 49.77620331299211, 49.77620331299211, 'SEARCH'
10, 18340, 49.797114496261, 49.797114496261, 'SEARCH'
10, 18341, 49.777412623729106, 49.777412623729106, 'SEARCH'
10, 18342, 49.766942578220295, 49.766942578220295, 'SEARCH'
10, 18343, 49.74216688337996, 49.74216688337996, 'SEARCH'
10, 18344, 49.767115635154845, 49.767115635154845, 'SEARCH'
10, 18345, 49.79336415827321, 49.79336415827321, 'SEARCH'
10, 18346, 49.773680982098654, 49.773680982098654, 'SEARCH'
10, 18347, 49.800501129574, 49.800501129574, 'SEARCH'
10, 18348, 49.82044554539585, 49.82044554539585, 'SEARCH'
10, 18349, 49.84422625676126, 49.84422625676126, 'SEARCH'
10, 18350, 49.82420006508521, 49.82420006508521, 'SEARCH'
10, 18351, 49.84847152433485, 49.84847152433485, 'SEARCH'
10, 18352, 49.84503070452449, 49.84503070452449, 'SEARCH'
10, 18353, 49.820951634533394, 49.820951634533394, 'SEARCH'
10, 18354, 49.797906230354656, 49.797906230354656, 'SEARCH'
10, 18355, 49.82525962694306, 49.82525962694306, 'SEARCH'
10, 18356, 49.8105181302032, 49.8105181302032, 'SEARCH'
10, 18357, 49.8372168524827, 49.8372168524827, 'SEARCH'
10, 18358, 49.844385625229485, 49.844385625229485, 'SEARCH'
10, 18359, 49.863318018751805, 49.863318018751805, 'SEARCH'
10, 18360, 49.85425630727149, 49.85425630727149, 'SEARCH'
10, 18361, 49.86729141045345, 49.86729141045345, 'SEARCH'
10, 18362, 49.89446110855408, 49.89446110855408, 'SEARCH'
10, 18363, 49.91983065158475, 49.91983065158475, 'SEARCH'
10, 18364, 49.911222812970074, 49.911222812970074, 'SEARCH'
10, 18365, 49.912179487001325, 49.912179487001325, 'SEARCH'
10, 18366, 49.93407142599471, 49.93407142599471, 'SEARCH'
10, 18367, 49.92546811460128, 49.92546811460128, 'SEARCH'
10, 18368, 49.94927419998191, 49.94927419998191, 'SEARCH'
10, 18369, 49.9762232121504, 49.9762232121504, 'SEARCH'
10, 18370, 49.97765096810656, 49.97765096810656, 'SEARCH'
10, 18371, 49.99067595875834, 49.99067595875834, 'SEARCH'
10, 18372, 50.016934960356075, 50.016934960356075, 'SEARCH'
10, 18373, 50.04209895521173, 50.04209895521173, 'SEARCH'
10, 18374, 50.059927273763314, 50.059927273763314, 'SEARCH'
10, 18375, 50.08424020998817, 50.08424020998817, 'SEARCH'
10, 18376, 50.104918672623164, 50.104918672623164, 'SEARCH'
10, 18377, 50.08013717289188, 50.08013717289188, 'SEARCH'
10, 18378, 50.102860911136766, 50.102860911136766, 'SEARCH'
10, 18379, 50.128814834405716, 50.128814834405716, 'SEARCH'
10, 18380, 50.14092439402844, 50.14092439402844, 'SEARCH'
10, 18381, 50.13843070118853, 50.13843070118853, 'SEARCH'
10, 18382, 50.150985367674664, 50.150985367674664, 'SEARCH'
10, 18383, 50.175072231807924, 50.175072231807924, 'SEARCH'
10, 18384, 50.1943124710277, 50.1943124710277, 'SEARCH'
10, 18385, 50.221991453997624, 50.221991453997624, 'SEARCH'
10, 18386, 50.24269775618395, 50.24269775618395, 'SEARCH'
10, 18387, 50.26915006162602, 50.26915006162602, 'SEARCH'
10, 18388, 50.291831436416714, 50.291831436416714, 'SEARCH'
10, 18389, 50.31892680803004, 50.31892680803004, 'SEARCH'
10, 18390, 50.34571941475241, 50.34571941475241, 'SEARCH'
10, 18391, 50.330054890151175, 50.330054890151175, 'SEARCH'
10, 18392, 50.35603887975205, 50.35603887975205, 'SEARCH'
10, 18393, 50.36674531309044, 50.36674531309044, 'SEARCH'
10, 18394, 50.39440327138572, 50.39440327138572, 'SEARCH'
10, 18395, 50.4028255069666, 50.4028255069666, 'SEARCH'
10, 18396, 50.40362951501458, 50.40362951501458, 'SEARCH'
10, 18397, 50.42950558157581, 50.42950558157581, 'SEARCH'
10, 18398, 50.41849869145431, 50.41849869145431, 'SEARCH'
10, 18399, 50.39944254357341, 50.39944254357341, 'SEARCH'
10, 18400, 50.38801893405438, 50.38801893405438, 'SEARCH'
10, 18401, 50.415796436316654, 50.415796436316654, 'SEARCH'
10, 18402, 50.41904528896797, 50.41904528896797, 'SEARCH'
10, 18403, 50.408071879149375, 50.408071879149375, 'SEARCH'
10, 18404, 50.393665348143735, 50.393665348143735, 'SEARCH'
10, 18405, 50.370313521569436, 50.370313521569436, 'SEARCH'
10, 18406, 50.39572453249758, 50.39572453249758, 'SEARCH'
10, 18407, 50.41853702072078, 50.41853702072078, 'SEARCH'
10, 18408, 50.44376194504899, 50.44376194504899, 'SEARCH'
10, 18409, 50.44024340583041, 50.44024340583041, 'SEARCH'
10, 18410, 50.46398959762735, 50.46398959762735, 'SEARCH'
10, 18411, 50.44459952256383, 50.44459952256383, 'SEARCH'
10, 18412, 50.472212866089926, 50.472212866089926, 'SEARCH'
10, 18413, 50.498813962011546, 50.498813962011546, 'SEARCH'
10, 18414, 50.52659136921253, 50.52659136921253, 'SEARCH'
10, 18415, 50.50552441857735, 50.50552441857735, 'SEARCH'
10, 18416, 50.495438244027085, 50.495438244027085, 'SEARCH'
10, 18417, 50.52321572796313, 50.52321572796313, 'SEARCH'
10, 18418, 50.53166485470873, 50.53166485470873, 'SEARCH'
10, 18419, 50.506233075416425, 50.506233075416425, 'SEARCH'
10, 18420, 50.52849005371682, 50.52849005371682, 'SEARCH'
10, 18421, 50.55578336191273, 50.55578336191273, 'SEARCH'
10, 18422, 50.53034541448453, 50.53034541448453, 'SEARCH'
10, 18423, 50.55793243454509, 50.55793243454509, 'SEARCH'
10, 18424, 50.53625024624798, 50.53625024624798, 'SEARCH'
10, 18425, 50.56205556815211, 50.56205556815211, 'SEARCH'
10, 18426, 50.542307273906374, 50.542307273906374, 'SEARCH'
10, 18427, 50.51687643678936, 50.51687643678936, 'SEARCH'
10, 18428, 50.54421134029789, 50.54421134029789, 'SEARCH'
10, 18429, 50.521662060960814, 50.521662060960814, 'SEARCH'
10, 18430, 50.52203251267277, 50.52203251267277, 'SEARCH'
10, 18431, 50.501319049023245, 50.501319049023245, 'SEARCH'
10, 18432, 50.481614035280515, 50.481614035280515, 'SEARCH'
10, 18433, 50.503247553127565, 50.503247553127565, 'SEARCH'
10, 18434, 50.48684767587139, 50.48684767587139, 'SEARCH'
10, 18435, 50.462063798678244, 50.462063798678244, 'SEARCH'
10, 18436, 50.449401207508224, 50.449401207508224, 'SEARCH'
10, 18437, 50.425568426729726, 50.425568426729726, 'SEARCH'
10, 18438, 50.45073200954124, 50.45073200954124, 'SEARCH'
10, 18439, 50.42912186062868, 50.42912186062868, 'SEARCH'
10, 18440, 50.44128097446531, 50.44128097446531, 'SEARCH'
10, 18441, 50.465346164958646, 50.465346164958646, 'SEARCH'
10, 18442, 50.49312392159344, 50.49312392159344, 'SEARCH'
10, 18443, 50.51203314802538, 50.51203314802538, 'SEARCH'
10, 18444, 50.515848647907674, 50.515848647907674, 'SEARCH'
10, 18445, 50.49871232359303, 50.49871232359303, 'SEARCH'
10, 18446, 50.52253714067551, 50.52253714067551, 'SEARCH'
10, 18447, 50.544694444255995, 50.544694444255995, 'SEARCH'
10, 18448, 50.57151260935197, 50.57151260935197, 'SEARCH'
10, 18449, 50.596290647816446, 50.596290647816446, 'SEARCH'
10, 18450, 50.607072562960695, 50.607072562960695, 'SEARCH'
10, 18451, 50.621728873779745, 50.621728873779745, 'SEARCH'
10, 18452, 50.605341110365586, 50.605341110365586, 'SEARCH'
10, 18453, 50.62689111316138, 50.62689111316138, 'SEARCH'
10, 18454, 50.65022254461843, 50.65022254461843, 'SEARCH'
10, 18455, 50.67274271321816, 50.67274271321816, 'SEARCH'
10, 18456, 50.696602939796854, 50.696602939796854, 'SEARCH'
10, 18457, 50.716164087587046, 50.716164087587046, 'SEARCH'
10, 18458, 50.70013543415652, 50.70013543415652, 'SEARCH'
10, 18459, 50.72374623087179, 50.72374623087179, 'SEARCH'
10, 18460, 50.72314292702414, 50.72314292702414, 'SEARCH'
10, 18461, 50.72206427390788, 50.72206427390788, 'SEARCH'
10, 18462, 50.718099536867484, 50.718099536867484, 'SEARCH'
10, 18463, 50.698394876562844, 50.698394876562844, 'SEARCH'
10, 18464, 50.71505377711603, 50.71505377711603, 'SEARCH'
10, 18465, 50.742477900980674, 50.742477900980674, 'SEARCH'
10, 18466, 50.76837965929837, 50.76837965929837, 'SEARCH'
10, 18467, 50.780031998369466, 50.780031998369466, 'SEARCH'
10, 18468, 50.80544621684971, 50.80544621684971, 'SEARCH'
10, 18469, 50.80436681454872, 50.80436681454872, 'SEARCH'
10, 18470, 50.81900144083397, 50.81900144083397, 'SEARCH'
10, 18471, 50.84310766711541, 50.84310766711541, 'SEARCH'
10, 18472, 50.86984134396676, 50.86984134396676, 'SEARCH'
10, 18473, 50.897501538380254, 50.897501538380254, 'SEARCH'
10, 18474, 50.91084078771132, 50.91084078771132, 'SEARCH'
10, 18475, 50.88647601309931, 50.88647601309931, 'SEARCH'
10, 18476, 50.86480827432165, 50.86480827432165, 'SEARCH'
10, 18477, 50.87094820396681, 50.87094820396681, 'SEARCH'
10, 18478, 50.881704348344385, 50.881704348344385, 'SEARCH'
10, 18479, 50.90723352865345, 50.90723352865345, 'SEARCH'
10, 18480, 50.92812386945895, 50.92812386945895, 'SEARCH'
10, 18481, 50.907728983377346, 50.907728983377346, 'SEARCH'
10, 18482, 50.90091151890284, 50.90091151890284, 'SEARCH'
10, 18483, 50.87657386333968, 50.87657386333968, 'SEARCH'
10, 18484, 50.89399925732644, 50.89399925732644, 'SEARCH'
10, 18485, 50.89441067959442, 50.89441067959442, 'SEARCH'
10, 18486, 50.90948537499829, 50.90948537499829, 'SEARCH'
10, 18487, 50.932746567050415, 50.932746567050415, 'SEARCH'
10, 18488, 50.92138320146971, 50.92138320146971, 'SEARCH'
10, 18489, 50.948946883591844, 50.948946883591844, 'SEARCH'
10, 18490, 50.92416494681173, 50.92416494681173, 'SEARCH'
10, 18491, 50.93842567191015, 50.93842567191015, 'SEARCH'
10, 18492, 50.965989898969525, 50.965989898969525, 'SEARCH'
10, 18493, 50.992709656398574, 50.992709656398574, 'SEARCH'
10, 18494, 50.97917129767994, 50.97917129767994, 'SEARCH'
10, 18495, 51.00301591608992, 51.00301591608992, 'SEARCH'
10, 18496, 51.0005115732965, 51.0005115732965, 'SEARCH'
10, 18497, 51.022941062129945, 51.022941062129945, 'SEARCH'
10, 18498, 51.01157035531859, 51.01157035531859, 'SEARCH'
10, 18499, 51.037650514536416, 51.037650514536416, 'SEARCH'
10, 18500, 51.014853120870164, 51.014853120870164, 'SEARCH'
10, 18501, 50.99551490422523, 50.99551490422523, 'SEARCH'
10, 18502, 51.02245729419008, 51.02245729419008, 'SEARCH'
10, 18503, 51.00769175192511, 51.00769175192511, 'SEARCH'
10, 18504, 50.982500267050916, 50.982500267050916, 'SEARCH'
10, 18505, 50.99152308155918, 50.99152308155918, 'SEARCH'
10, 18506, 51.01809232362673, 51.01809232362673, 'SEARCH'
10, 18507, 50.99426461898889, 50.99426461898889, 'SEARCH'
10, 18508, 51.021833239500786, 51.021833239500786, 'SEARCH'
10, 18509, 51.041453796654295, 51.041453796654295, 'SEARCH'
10, 18510, 51.06908289656581, 51.06908289656581, 'SEARCH'
10, 18511, 51.09286804426827, 51.09286804426827, 'SEARCH'
10, 18512, 51.0961977641388, 51.0961977641388, 'SEARCH'
10, 18513, 51.07905780708667, 51.07905780708667, 'SEARCH'
10, 18514, 51.10444733498667, 51.10444733498667, 'SEARCH'
10, 18515, 51.13102572335577, 51.13102572335577, 'SEARCH'
10, 18516, 51.108802065299976, 51.108802065299976, 'SEARCH'
10, 18517, 51.111174567809144, 51.111174567809144, 'SEARCH'
10, 18518, 51.085589088792936, 51.085589088792936, 'SEARCH'
10, 18519, 51.11242660820289, 51.11242660820289, 'SEARCH'
10, 18520, 51.13985607848186, 51.13985607848186, 'SEARCH'
10, 18521, 51.16110116282992, 51.16110116282992, 'SEARCH'
10, 18522, 51.148438972974695, 51.148438972974695, 'SEARCH'
10, 18523, 51.17571457517359, 51.17571457517359, 'SEARCH'
10, 18524, 51.18606587519047, 51.18606587519047, 'SEARCH'
10, 18525, 51.208283531798784, 51.208283531798784, 'SEARCH'
10, 18526, 51.201024292824215, 51.201024292824215, 'SEARCH'
10, 18527, 51.17718336765266, 51.17718336765266, 'SEARCH'
10, 18528, 51.193866187494926, 51.193866187494926, 'SEARCH'
10, 18529, 51.201480420509164, 51.201480420509164, 'SEARCH'
10, 18530, 51.184347908054185, 51.184347908054185, 'SEARCH'
10, 18531, 51.19945737330669, 51.19945737330669, 'SEARCH'
10, 18532, 51.22376356643598, 51.22376356643598, 'SEARCH'
10, 18533, 51.20701455069045, 51.20701455069045, 'SEARCH'
10, 18534, 51.233440223981624, 51.233440223981624, 'SEARCH'
10, 18535, 51.258632509032985, 51.258632509032985, 'SEARCH'
10, 18536, 51.28048642321153, 51.28048642321153, 'SEARCH'
10, 18537, 51.300424454898575, 51.300424454898575, 'SEARCH'
10, 18538, 51.32736093745822, 51.32736093745822, 'SEARCH'
10, 18539, 51.33353344224235, 51.33353344224235, 'SEARCH'
10, 18540, 51.341585701250644, 51.341585701250644, 'SEARCH'
10, 18541, 51.35413625292234, 51.35413625292234, 'SEARCH'
10, 18542, 51.35984714701029, 51.35984714701029, 'SEARCH'
10, 18543, 51.33464673259156, 51.33464673259156, 'SEARCH'
10, 18544, 51.36000550388638, 51.36000550388638, 'SEARCH'
10, 18545, 51.37342676591912, 51.37342676591912, 'SEARCH'
10, 18546, 51.374345220894774, 51.374345220894774, 'SEARCH'
10, 18547, 51.35536995429791, 51.35536995429791, 'SEARCH'
10, 18548, 51.364846346420464, 51.364846346420464, 'SEARCH'
10, 18549, 51.356703987453706, 51.356703987453706, 'SEARCH'
10, 18550, 51.34197652523206, 51.34197652523206, 'SEARCH'
10, 18551, 51.34632847291136, 51.34632847291136, 'SEARCH'
10, 18552, 51.336386473816596, 51.336386473816596, 'SEARCH'
10, 18553, 51.356387139337826, 51.356387139337826, 'SEARCH'
10, 18554, 51.33337148439455, 51.33337148439455, 'SEARCH'
10, 18555, 51.34933740663968, 51.34933740663968, 'SEARCH'
10, 18556, 51.3258017401303, 51.3258017401303, 'SEARCH'
10, 18557, 51.33163289542294, 51.33163289542294, 'SEARCH'
10, 18558, 51.35255552220891, 51.35255552220891, 'SEARCH'
10, 18559, 51.38006937257226, 51.38006937257226, 'SEARCH'
10, 18560, 51.3557905826107, 51.3557905826107, 'SEARCH'
10, 18561, 51.33084623455479, 51.33084623455479, 'SEARCH'
10, 18562, 51.34603158925106, 51.34603158925106, 'SEARCH'
10, 18563, 51.372273969310704, 51.372273969310704, 'SEARCH'
10, 18564, 51.399950426279375, 51.399950426279375, 'SEARCH'
10, 18565, 51.37778858611812, 51.37778858611812, 'SEARCH'
10, 18566, 51.40387250394489, 51.40387250394489, 'SEARCH'
10, 18567, 51.42794760020189, 51.42794760020189, 'SEARCH'
10, 18568, 51.40578130997677, 51.40578130997677, 'SEARCH'
10, 18569, 51.4267762874911, 51.4267762874911, 'SEARCH'
10, 18570, 51.454518178547524, 51.454518178547524, 'SEARCH'
10, 18571, 51.4502008580799, 51.4502008580799, 'SEARCH'
10, 18572, 51.46808662282744, 51.46808662282744, 'SEARCH'
10, 18573, 51.485218114497215, 51.485218114497215, 'SEARCH'
10, 18574, 51.51299227170726, 51.51299227170726, 'SEARCH'
10, 18575, 51.520203009351526, 51.520203009351526, 'SEARCH'
10, 18576, 51.52313381345115, 51.52313381345115, 'SEARCH'
10, 18577, 51.53221064538791, 51.53221064538791, 'SEARCH'
10, 18578, 51.5322500065019, 51.5322500065019, 'SEARCH'
10, 18579, 51.55909385320145, 51.55909385320145, 'SEARCH'
10, 18580, 51.55194038559511, 51.55194038559511, 'SEARCH'
10, 18581, 51.54526887937058, 51.54526887937058, 'SEARCH'
10, 18582, 51.5491968125004, 51.5491968125004, 'SEARCH'
10, 18583, 51.57543836885607, 51.57543836885607, 'SEARCH'
10, 18584, 51.60321279317859, 51.60321279317859, 'SEARCH'
10, 18585, 51.5857618956816, 51.5857618956816, 'SEARCH'
10, 18586, 51.6115376638893, 51.6115376638893, 'SEARCH'
10, 18587, 51.639274961052216, 51.639274961052216, 'SEARCH'
10, 18588, 51.66284795711755, 51.66284795711755, 'SEARCH'
10, 18589, 51.689806197706545, 51.689806197706545, 'SEARCH'
10, 18590, 51.71556554063352, 51.71556554063352, 'SEARCH'
10, 18591, 51.69253749456884, 51.69253749456884, 'SEARCH'
10, 18592, 51.693525604053704, 51.693525604053704, 'SEARCH'
10, 18593, 51.66878796926841, 51.66878796926841, 'SEARCH'
10, 18594, 51.665928987963184, 51.665928987963184, 'SEARCH'
10, 18595, 51.67032942561839, 51.67032942561839, 'SEARCH'
10, 18596, 51.69510804547741, 51.69510804547741, 'SEARCH'
10, 18597, 51.72179479399154, 51.72179479399154, 'SEARCH'
10, 18598, 51.729020448683066, 51.729020448683066, 'SEARCH'
10, 18599, 51.73901513879355, 51.73901513879355, 'SEARCH'
10, 18600, 51.76595651174291, 51.76595651174291, 'SEARCH'
10, 18601, 51.756941390953216, 51.756941390953216, 'SEARCH'
10, 18602, 51.783904604316874, 51.783904604316874, 'SEARCH'
10, 18603, 51.80488967958333, 51.80488967958333, 'SEARCH'
10, 18604, 51.82583603615014, 51.82583603615014, 'SEARCH'
10, 18605, 51.853545457027266, 51.853545457027266, 'SEARCH'
10, 18606, 51.84358581812242, 51.84358581812242, 'SEARCH'
10, 18607, 51.83409348466907, 51.83409348466907, 'SEARCH'
10, 18608, 51.835569888952485, 51.835569888952485, 'SEARCH'
10, 18609, 51.8613367309805, 51.8613367309805, 'SEARCH'
10, 18610, 51.869013866327094, 51.869013866327094, 'SEARCH'
10, 18611, 51.84345464191631, 51.84345464191631, 'SEARCH'
10, 18612, 51.86312733466867, 51.86312733466867, 'SEARCH'
10, 18613, 51.85978179780315, 51.85978179780315, 'SEARCH'
10, 18614, 51.8446959342627, 51.8446959342627, 'SEARCH'
10, 18615, 51.83301746897292, 51.83301746897292, 'SEARCH'
10, 18616, 51.83744384795718, 51.83744384795718, 'SEARCH'
10, 18617, 51.8648149527163, 51.8648149527163, 'SEARCH'
10, 18618, 51.888664376695644, 51.888664376695644, 'SEARCH'
10, 18619, 51.88679519249274, 51.88679519249274, 'SEARCH'
10, 18620, 51.88062373919464, 51.88062373919464, 'SEARCH'
10, 18621, 51.90615731423334, 51.90615731423334, 'SEARCH'
10, 18622, 51.914350004758816, 51.914350004758816, 'SEARCH'
10, 18623, 51.94007527377857, 51.94007527377857, 'SEARCH'
10, 18624, 51.9165513843377, 51.9165513843377, 'SEARCH'
10, 18625, 51.89532368345771, 51.89532368345771, 'SEARCH'
10, 18626, 51.919895435441795, 51.919895435441795, 'SEARCH'
10, 18627, 51.94682652679088, 51.94682652679088, 'SEARCH'
10, 18628, 51.93342261035384, 51.93342261035384, 'SEARCH'
10, 18629, 51.95949512963079, 51.95949512963079, 'SEARCH'
10, 18630, 51.93572125835496, 51.93572125835496, 'SEARCH'
10, 18631, 51.96314315273463, 51.96314315273463, 'SEARCH'
10, 18632, 51.988740738093114, 51.988740738093114, 'SEARCH'
10, 18633, 52.00472422569689, 52.00472422569689, 'SEARCH'
10, 18634, 51.98618298461208, 51.98618298461208, 'SEARCH'
10, 18635, 52.013861785610885, 52.013861785610885, 'SEARCH'
10, 18636, 52.002622575611724, 52.002622575611724, 'SEARCH'
10, 18637, 52.023638693212725, 52.023638693212725, 'SEARCH'
10, 18638, 52.04835497074428, 52.04835497074428, 'SEARCH'
10, 18639, 52.050832720481715, 52.050832720481715, 'SEARCH'
10, 18640, 52.07582775510774, 52.07582775510774, 'SEARCH'
10, 18641, 52.063701290228245, 52.063701290228245, 'SEARCH'
10, 18642, 52.07969230567118, 52.07969230567118, 'SEARCH'
10, 18643, 52.08073235436258, 52.08073235436258, 'SEARCH'
10, 18644, 52.069065287567014, 52.069065287567014, 'SEARCH'
10, 18645, 52.07493323246514, 52.07493323246514, 'SEARCH'
10, 18646, 52.08973881295277, 52.08973881295277, 'SEARCH'
10, 18647, 52.06791217581603, 52.06791217581603, 'SEARCH'
10, 18648, 52.04278746942471, 52.04278746942471, 'SEARCH'
10, 18649, 52.05803060407208, 52.05803060407208, 'SEARCH'
10, 18650, 52.04820346664934, 52.04820346664934, 'SEARCH'
10, 18651, 52.074946348998274, 52.074946348998274, 'SEARCH'
10, 18652, 52.07025990732815, 52.07025990732815, 'SEARCH'
10, 18653, 52.09439143679919, 52.09439143679919, 'SEARCH'
10, 18654, 52.12137838228156, 52.12137838228156, 'SEARCH'
10, 18655, 52.13323647919324, 52.13323647919324, 'SEARCH'
10, 18656, 52.10854723036797, 52.10854723036797, 'SEARCH'
10, 18657, 52.13243496661869, 52.13243496661869, 'SEARCH'
10, 18658, 52.11544652288759, 52.11544652288759, 'SEARCH'
10, 18659, 52.123721050954806, 52.123721050954806, 'SEARCH'
10, 18660, 52.11716133602057, 52.11716133602057, 'SEARCH'
10, 18661, 52.112036042005705, 52.112036042005705, 'SEARCH'
10, 18662, 52.09547146602408, 52.09547146602408, 'SEARCH'
10, 18663, 52.121148246705935, 52.121148246705935, 'SEARCH'
10, 18664, 52.14223638080588, 52.14223638080588, 'SEARCH'
10, 18665, 52.16536804037531, 52.16536804037531, 'SEARCH'
10, 18666, 52.14551034020602, 52.14551034020602, 'SEARCH'
10, 18667, 52.1728143601832, 52.1728143601832, 'SEARCH'
10, 18668, 52.19481544822963, 52.19481544822963, 'SEARCH'
10, 18669, 52.17942913430693, 52.17942913430693, 'SEARCH'
10, 18670, 52.17865274292553, 52.17865274292553, 'SEARCH'
10, 18671, 52.19702959843748, 52.19702959843748, 'SEARCH'
10, 18672, 52.2039443896145, 52.2039443896145, 'SEARCH'
10, 18673, 52.20849382282557, 52.20849382282557, 'SEARCH'
10, 18674, 52.23626281174499, 52.23626281174499, 'SEARCH'
10, 18675, 52.26065356352513, 52.26065356352513, 'SEARCH'
10, 18676, 52.28665397929803, 52.28665397929803, 'SEARCH'
10, 18677, 52.265808279615996, 52.265808279615996, 'SEARCH'
10, 18678, 52.258809921300745, 52.258809921300745, 'SEARCH'
10, 18679, 52.28026395136818, 52.28026395136818, 'SEARCH'
10, 18680, 52.307262676857164, 52.307262676857164, 'SEARCH'
10, 18681, 52.32172404247239, 52.32172404247239, 'SEARCH'
10, 18682, 52.32720236303033, 52.32720236303033, 'SEARCH'
10, 18683, 52.31142424568494, 52.31142424568494, 'SEARCH'
10, 18684, 52.29565982213168, 52.29565982213168, 'SEARCH'
10, 18685, 52.317710127680066, 52.317710127680066, 'SEARCH'
10, 18686, 52.29507330170186, 52.29507330170186, 'SEARCH'
10, 18687, 52.322389731764595, 52.322389731764595, 'SEARCH'
10, 18688, 52.347848693204476, 52.347848693204476, 'SEARCH'
10, 18689, 52.32520701726183, 52.32520701726183, 'SEARCH'
10, 18690, 52.34465587034678, 52.34465587034678, 'SEARCH'
10, 18691, 52.36410227493958, 52.36410227493958, 'SEARCH'
10, 18692, 52.391493119866226, 52.391493119866226, 'SEARCH'
10, 18693, 52.407186027130436, 52.407186027130436, 'SEARCH'
10, 18694, 52.43488201870183, 52.43488201870183, 'SEARCH'
10, 18695, 52.462659231865516, 52.462659231865516, 'SEARCH'
10, 18696, 52.48912707982973, 52.48912707982973, 'SEARCH'
10, 18697, 52.51493824531859, 52.51493824531859, 'SEARCH'
10, 18698, 52.520850744262525, 52.520850744262525, 'SEARCH'
10, 18699, 52.4987550689114, 52.4987550689114, 'SEARCH'
10, 18700, 52.519287357454154, 52.519287357454154, 'SEARCH'
10, 18701, 52.545339301514794, 52.545339301514794, 'SEARCH'
10, 18702, 52.53072919992805, 52.53072919992805, 'SEARCH'
10, 18703, 52.556429358597974, 52.556429358597974, 'SEARCH'
10, 18704, 52.57084555075192, 52.57084555075192, 'SEARCH'
10, 18705, 52.58001065094695, 52.58001065094695, 'SEARCH'
10, 18706, 52.58400825065755, 52.58400825065755, 'SEARCH'
10, 18707, 52.56052620104192, 52.56052620104192, 'SEARCH'
10, 18708, 52.577369792406266, 52.577369792406266, 'SEARCH'
10, 18709, 52.60204807972564, 52.60204807972564, 'SEARCH'
10, 18710, 52.598801306903155, 52.598801306903155, 'SEARCH'
10, 18711, 52.61067749372104, 52.61067749372104, 'SEARCH'
10, 18712, 52.63154052764857, 52.63154052764857, 'SEARCH'
10, 18713, 52.65273205761928, 52.65273205761928, 'SEARCH'
10, 18714, 52.66587675911595, 52.66587675911595, 'SEARCH'
10, 18715, 52.68769229551929, 52.68769229551929, 'SEARCH'
10, 18716, 52.68107052289497, 52.68107052289497, 'SEARCH'
10, 18717, 52.69291359736163, 52.69291359736163, 'SEARCH'
10, 18718, 52.70605769153157, 52.70605769153157, 'SEARCH'
10, 18719, 52.732032752447026, 52.732032752447026, 'SEARCH'
10, 18720, 52.758565015676275, 52.758565015676275, 'SEARCH'
10, 18721, 52.77294909838154, 52.77294909838154, 'SEARCH'
10, 18722, 52.79602873938978, 52.79602873938978, 'SEARCH'
10, 18723, 52.80956907300724, 52.80956907300724, 'SEARCH'
10, 18724, 52.83553229575074, 52.83553229575074, 'SEARCH'
10, 18725, 52.81526783458744, 52.81526783458744, 'SEARCH'
10, 18726, 52.791257955132494, 52.791257955132494, 'SEARCH'
10, 18727, 52.79902088951638, 52.79902088951638, 'SEARCH'
10, 18728, 52.82170836834107, 52.82170836834107, 'SEARCH'
10, 18729, 52.84777732919674, 52.84777732919674, 'SEARCH'
10, 18730, 52.85689652814195, 52.85689652814195, 'SEARCH'
10, 18731, 52.863227425863464, 52.863227425863464, 'SEARCH'
10, 18732, 52.85026669680012, 52.85026669680012, 'SEARCH'
10, 18733, 52.87450979727213, 52.87450979727213, 'SEARCH'
10, 18734, 52.86285062199036, 52.86285062199036, 'SEARCH'
10, 18735, 52.87965059923482, 52.87965059923482, 'SEARCH'
10, 18736, 52.9061844224508, 52.9061844224508, 'SEARCH'
10, 18737, 52.911091757887284, 52.911091757887284, 'SEARCH'
10, 18738, 52.929747163161785, 52.929747163161785, 'SEARCH'
10, 18739, 52.9245346733318, 52.9245346733318, 'SEARCH'
10, 18740, 52.90949153927442, 52.90949153927442, 'SEARCH'
10, 18741, 52.88993389147752, 52.88993389147752, 'SEARCH'
10, 18742, 52.91330449562749, 52.91330449562749, 'SEARCH'
10, 18743, 52.91729841263559, 52.91729841263559, 'SEARCH'
10, 18744, 52.92508665380961, 52.92508665380961, 'SEARCH'
10, 18745, 52.91260286671922, 52.91260286671922, 'SEARCH'
10, 18746, 52.933139507502794, 52.933139507502794, 'SEARCH'
10, 18747, 52.91465696054739, 52.91465696054739, 'SEARCH'
10, 18748, 52.93111182636374, 52.93111182636374, 'SEARCH'
10, 18749, 52.95249139110059, 52.95249139110059, 'SEARCH'
10, 18750, 52.93069585421806, 52.93069585421806, 'SEARCH'
10, 18751, 52.91152236675626, 52.91152236675626, 'SEARCH'
10, 18752, 52.93635725122502, 52.93635725122502, 'SEARCH'
10, 18753, 52.96096692353576, 52.96096692353576, 'SEARCH'
10, 18754, 52.94438567570223, 52.94438567570223, 'SEARCH'
10, 18755, 52.97140883173142, 52.97140883173142, 'SEARCH'
10, 18756, 52.996300479626434, 52.996300479626434, 'SEARCH'
10, 18757, 53.02066851400895, 53.02066851400895, 'SEARCH'
10, 18758, 53.008620004303474, 53.008620004303474, 'SEARCH'
10, 18759, 53.025075382680846, 53.025075382680846, 'SEARCH'
10, 18760, 53.05262645970824, 53.05262645970824, 'SEARCH'
10, 18761, 53.080083951399914, 53.080083951399914, 'SEARCH'
10, 18762, 53.10234463879004, 53.10234463879004, 'SEARCH'
10, 18763, 53.11837625394288, 53.11837625394288, 'SEARCH'
10, 18764, 53.100613379140086, 53.100613379140086, 'SEARCH'
10, 18765, 53.127136724431615, 53.127136724431615, 'SEARCH'
10, 18766, 53.15433223246041, 53.15433223246041, 'SEARCH'
10, 18767, 53.17438816994742, 53.17438816994742, 'SEARCH'
10, 18768, 53.164077978379794, 53.164077978379794, 'SEARCH'
10, 18769, 53.191855504899564, 53.191855504899564, 'SEARCH'
10, 18770, 53.18523505684363, 53.18523505684363, 'SEARCH'
10, 18771, 53.20627523937729, 53.20627523937729, 'SEARCH'
10, 18772, 53.232415585432086, 53.232415585432086, 'SEARCH'
10, 18773, 53.245115346453744, 53.245115346453744, 'SEARCH'
10, 18774, 53.272879569826095, 53.272879569826095, 'SEARCH'
10, 18775, 53.25701791005365, 53.25701791005365, 'SEARCH'
10, 18776, 53.279831531631864, 53.279831531631864, 'SEARCH'
10, 18777, 53.296237168782405, 53.296237168782405, 'SEARCH'
10, 18778, 53.323043462479866, 53.323043462479866, 'SEARCH'
10, 18779, 53.29902639337327, 53.29902639337327, 'SEARCH'
10, 18780, 53.276327818440336, 53.276327818440336, 'SEARCH'
10, 18781, 53.304092461965624, 53.304092461965624, 'SEARCH'
10, 18782, 53.311378549555414, 53.311378549555414, 'SEARCH'
10, 18783, 53.33751714765132, 53.33751714765132, 'SEARCH'
10, 18784, 53.31454139709193, 53.31454139709193, 'SEARCH'
10, 18785, 53.3112686263935, 53.3112686263935, 'SEARCH'
10, 18786, 53.31811018250239, 53.31811018250239, 'SEARCH'
10, 18787, 53.34582914899047, 53.34582914899047, 'SEARCH'
10, 18788, 53.36764644490539, 53.36764644490539, 'SEARCH'
10, 18789, 53.37632326853104, 53.37632326853104, 'SEARCH'
10, 18790, 53.39827553260736, 53.39827553260736, 'SEARCH'
10, 18791, 53.4254662213826, 53.4254662213826, 'SEARCH'
10, 18792, 53.45239858606352, 53.45239858606352, 'SEARCH'
10, 18793, 53.44341717147882, 53.44341717147882, 'SEARCH'
10, 18794, 53.47115255423301, 53.47115255423301, 'SEARCH'
10, 18795, 53.49183839176775, 53.49183839176775, 'SEARCH'
10, 18796, 53.48707332580378, 53.48707332580378, 'SEARCH'
10, 18797, 53.506766144564864, 53.506766144564864, 'SEARCH'
10, 18798, 53.493785584451544, 53.493785584451544, 'SEARCH'
10, 18799, 53.521402213248216, 53.521402213248216, 'SEARCH'
10, 18800, 53.510611156788485, 53.510611156788485, 'SEARCH'
10, 18801, 53.52540189794986, 53.52540189794986, 'SEARCH'
10, 18802, 53.54610082022624, 53.54610082022624, 'SEARCH'
10, 18803, 53.56047507606953, 53.56047507606953, 'SEARCH'
10, 18804, 53.53670598779097, 53.53670598779097, 'SEARCH'
10, 18805, 53.55311289032455, 53.55311289032455, 'SEARCH'
10, 18806, 53.5801566370647, 53.5801566370647, 'SEARCH'
10, 18807, 53.604007821083464, 53.604007821083464, 'SEARCH'
10, 18808, 53.62460282061505, 53.62460282061505, 'SEARCH'
10, 18809, 53.62223452774555, 53.62223452774555, 'SEARCH'
10, 18810, 53.61188862050814, 53.61188862050814, 'SEARCH'
10, 18811, 53.61774211871314, 53.61774211871314, 'SEARCH'
10, 18812, 53.60148497619425, 53.60148497619425, 'SEARCH'
10, 18813, 53.624571971606805, 53.624571971606805, 'SEARCH'
10, 18814, 53.61470787247833, 53.61470787247833, 'SEARCH'
10, 18815, 53.61916408383796, 53.61916408383796, 'SEARCH'
10, 18816, 53.63398561964014, 53.63398561964014, 'SEARCH'
10, 18817, 53.657606010503855, 53.657606010503855, 'SEARCH'
10, 18818, 53.65241598788103, 53.65241598788103, 'SEARCH'
10, 18819, 53.650603422188986, 53.650603422188986, 'SEARCH'
10, 18820, 53.64496197965947, 53.64496197965947, 'SEARCH'
10, 18821, 53.66582728506412, 53.66582728506412, 'SEARCH'
10, 18822, 53.68687743526068, 53.68687743526068, 'SEARCH'
10, 18823, 53.713100479549, 53.713100479549, 'SEARCH'
10, 18824, 53.7399036488538, 53.7399036488538, 'SEARCH'
10, 18825, 53.758195157917925, 53.758195157917925, 'SEARCH'
10, 18826, 53.77339700818542, 53.77339700818542, 'SEARCH'
10, 18827, 53.801132021702735, 53.801132021702735, 'SEARCH'
10, 18828, 53.82172758707665, 53.82172758707665, 'SEARCH'
10, 18829, 53.81647828242201, 53.81647828242201, 'SEARCH'
10, 18830, 53.8414161787675, 53.8414161787675, 'SEARCH'
10, 18831, 53.864997532807976, 53.864997532807976, 'SEARCH'
10, 18832, 53.84949606689763, 53.84949606689763, 'SEARCH'
10, 18833, 53.87221829550725, 53.87221829550725, 'SEARCH'
10, 18834, 53.871285526314615, 53.871285526314615, 'SEARCH'
10, 18835, 53.89536555434128, 53.89536555434128, 'SEARCH'
10, 18836, 53.87791472291483, 53.87791472291483, 'SEARCH'
10, 18837, 53.86010327393673, 53.86010327393673, 'SEARCH'
10, 18838, 53.87529523752748, 53.87529523752748, 'SEARCH'
10, 18839, 53.90197609597429, 53.90197609597429, 'SEARCH'
10, 18840, 53.897208741131706, 53.897208741131706, 'SEARCH'
10, 18841, 53.90114404597938, 53.90114404597938, 'SEARCH'
10, 18842, 53.928724187535195, 53.928724187535195, 'SEARCH'
10, 18843, 53.93644181446588, 53.93644181446588, 'SEARCH'
10, 18844, 53.96337767228568, 53.96337767228568, 'SEARCH'
10, 18845, 53.988733139680846, 53.988733139680846, 'SEARCH'
10, 18846, 53.96686374864438, 53.96686374864438, 'SEARCH'
10, 18847, 53.96066499278187, 53.96066499278187, 'SEARCH'
10, 18848, 53.93688830757671, 53.93688830757671, 'SEARCH'
10, 18849, 53.919097583884316, 53.919097583884316, 'SEARCH'
10, 18850, 53.92777869967206, 53.92777869967206, 'SEARCH'
10, 18851, 53.92116284539113, 53.92116284539113, 'SEARCH'
10, 18852, 53.941886759531926, 53.941886759531926, 'SEARCH'
10, 18853, 53.94200314730307, 53.94200314730307, 'SEARCH'
10, 18854, 53.9555808748746, 53.9555808748746, 'SEARCH'
10, 18855, 53.96148151332491, 53.96148151332491, 'SEARCH'
10, 18856, 53.98617008568721, 53.98617008568721, 'SEARCH'
10, 18857, 54.01354575339186, 54.01354575339186, 'SEARCH'
10, 18858, 54.040919034279966, 54.040919034279966, 'SEARCH'
10, 18859, 54.03666040423785, 54.03666040423785, 'SEARCH'
10, 18860, 54.01341900100598, 54.01341900100598, 'SEARCH'
10, 18861, 53.98809176145554, 53.98809176145554, 'SEARCH'
10, 18862, 53.9662883925622, 53.9662883925622, 'SEARCH'
10, 18863, 53.99139637910505, 53.99139637910505, 'SEARCH'
10, 18864, 53.971176091817696, 53.971176091817696, 'SEARCH'
10, 18865, 53.99878473638098, 53.99878473638098, 'SEARCH'
10, 18866, 54.026531461050745, 54.026531461050745, 'SEARCH'
10, 18867, 54.00533319362995, 54.00533319362995, 'SEARCH'
10, 18868, 54.03225055605686, 54.03225055605686, 'SEARCH'
10, 18869, 54.05986268966165, 54.05986268966165, 'SEARCH'
10, 18870, 54.06621750024736, 54.06621750024736, 'SEARCH'
10, 18871, 54.07673033795911, 54.07673033795911, 'SEARCH'
10, 18872, 54.09839259767348, 54.09839259767348, 'SEARCH'
10, 18873, 54.09131270060144, 54.09131270060144, 'SEARCH'
10, 18874, 54.072461879451254, 54.072461879451254, 'SEARCH'
10, 18875, 54.08520301635926, 54.08520301635926, 'SEARCH'
10, 18876, 54.10561934617826, 54.10561934617826, 'SEARCH'
10, 18877, 54.1316723989578, 54.1316723989578, 'SEARCH'
10, 18878, 54.15942861525786, 54.15942861525786, 'SEARCH'
10, 18879, 54.186287719204145, 54.186287719204145, 'SEARCH'
10, 18880, 54.21370842719086, 54.21370842719086, 'SEARCH'
10, 18881, 54.241204957514064, 54.241204957514064, 'SEARCH'
10, 18882, 54.26857110064234, 54.26857110064234, 'SEARCH'
10, 18883, 54.2921522943847, 54.2921522943847, 'SEARCH'
10, 18884, 54.28641387291184, 54.28641387291184, 'SEARCH'
10, 18885, 54.31346808864617, 54.31346808864617, 'SEARCH'
10, 18886, 54.33987604585862, 54.33987604585862, 'SEARCH'
10, 18887, 54.353777445089825, 54.353777445089825, 'SEARCH'
10, 18888, 54.381550717975216, 54.381550717975216, 'SEARCH'
10, 18889, 54.37296594281617, 54.37296594281617, 'SEARCH'
10, 18890, 54.38930471051474, 54.38930471051474, 'SEARCH'
10, 18891, 54.3737824155109, 54.3737824155109, 'SEARCH'
10, 18892, 54.39440457612886, 54.39440457612886, 'SEARCH'
10, 18893, 54.4220314120622, 54.4220314120622, 'SEARCH'
10, 18894, 54.44392267029308, 54.44392267029308, 'SEARCH'
10, 18895, 54.41894619992517, 54.41894619992517, 'SEARCH'
10, 18896, 54.402226371790725, 54.402226371790725, 'SEARCH'
10, 18897, 54.398375171465084, 54.398375171465084, 'SEARCH'
10, 18898, 54.4255516726242, 54.4255516726242, 'SEARCH'
10, 18899, 54.41167479011936, 54.41167479011936, 'SEARCH'
10, 18900, 54.396981309880914, 54.396981309880914, 'SEARCH'
10, 18901, 54.37425517804626, 54.37425517804626, 'SEARCH'
10, 18902, 54.40175302027345, 54.40175302027345, 'SEARCH'
10, 18903, 54.403741298498836, 54.403741298498836, 'SEARCH'
10, 18904, 54.42947379729391, 54.42947379729391, 'SEARCH'
10, 18905, 54.425648505534646, 54.425648505534646, 'SEARCH'
10, 18906, 54.42183590953703, 54.42183590953703, 'SEARCH'
10, 18907, 54.40366241238542, 54.40366241238542, 'SEARCH'
10, 18908, 54.42845127370106, 54.42845127370106, 'SEARCH'
10, 18909, 54.44977885107066, 54.44977885107066, 'SEARCH'
10, 18910, 54.4385445521718, 54.4385445521718, 'SEARCH'
10, 18911, 54.46078074789478, 54.46078074789478, 'SEARCH'
10, 18912, 54.43894070315398, 54.43894070315398, 'SEARCH'
10, 18913, 54.421917273916456, 54.421917273916456, 'SEARCH'
10, 18914, 54.44780763896451, 54.44780763896451, 'SEARCH'
10, 18915, 54.47238007581879, 54.47238007581879, 'SEARCH'
10, 18916, 54.49461787030896, 54.49461787030896, 'SEARCH'
10, 18917, 54.51975818136249, 54.51975818136249, 'SEARCH'
10, 18918, 54.530222203868334, 54.530222203868334, 'SEARCH'
10, 18919, 54.55798065464013, 54.55798065464013, 'SEARCH'
10, 18920, 54.567527988480975, 54.567527988480975, 'SEARCH'
10, 18921, 54.590251071296834, 54.590251071296834, 'SEARCH'
10, 18922, 54.61456280042465, 54.61456280042465, 'SEARCH'
10, 18923, 54.63585808159614, 54.63585808159614, 'SEARCH'
10, 18924, 54.66196733996946, 54.66196733996946, 'SEARCH'
10, 18925, 54.68953900478588, 54.68953900478588, 'SEARCH'
10, 18926, 54.66456926406127, 54.66456926406127, 'SEARCH'
10, 18927, 54.65928096281046, 54.65928096281046, 'SEARCH'
10, 18928, 54.68583740842287, 54.68583740842287, 'SEARCH'
10, 18929, 54.6707143424368, 54.6707143424368, 'SEARCH'
10, 18930, 54.682913725034794, 54.682913725034794, 'SEARCH'
10, 18931, 54.69682628513348, 54.69682628513348, 'SEARCH'
10, 18932, 54.68599876764288, 54.68599876764288, 'SEARCH'
10, 18933, 54.67214866143432, 54.67214866143432, 'SEARCH'
10, 18934, 54.65626712044113, 54.65626712044113, 'SEARCH'
10, 18935, 54.681268899871235, 54.681268899871235, 'SEARCH'
10, 18936, 54.70785345437174, 54.70785345437174, 'SEARCH'
10, 18937, 54.68513243074156, 54.68513243074156, 'SEARCH'
10, 18938, 54.712749821353356, 54.712749821353356, 'SEARCH'
10, 18939, 54.71858375953426, 54.71858375953426, 'SEARCH'
10, 18940, 54.74284617918869, 54.74284617918869, 'SEARCH'
10, 18941, 54.77060534572638, 54.77060534572638, 'SEARCH'
10, 18942, 54.79742876828136, 54.79742876828136, 'SEARCH'
10, 18943, 54.77337821294189, 54.77337821294189, 'SEARCH'
10, 18944, 54.75868471265145, 54.75868471265145, 'SEARCH'
10, 18945, 54.78252021407744, 54.78252021407744, 'SEARCH'
10, 18946, 54.78207590965899, 54.78207590965899, 'SEARCH'
10, 18947, 54.80985030933187, 54.80985030933187, 'SEARCH'
10, 18948, 54.82205884500359, 54.82205884500359, 'SEARCH'
10, 18949, 54.84031102750522, 54.84031102750522, 'SEARCH'
10, 18950, 54.83840804228419, 54.83840804228419, 'SEARCH'
10, 18951, 54.82540847077447, 54.82540847077447, 'SEARCH'
10, 18952, 54.82064812827211, 54.82064812827211, 'SEARCH'
10, 18953, 54.84761949615569, 54.84761949615569, 'SEARCH'
10, 18954, 54.84002461043825, 54.84002461043825, 'SEARCH'
10, 18955, 54.86695799298071, 54.86695799298071, 'SEARCH'
10, 18956, 54.89453601065057, 54.89453601065057, 'SEARCH'
10, 18957, 54.91547056874627, 54.91547056874627, 'SEARCH'
10, 18958, 54.94085711377748, 54.94085711377748, 'SEARCH'
10, 18959, 54.965145107199206, 54.965145107199206, 'SEARCH'
10, 18960, 54.95428640665088, 54.95428640665088, 'SEARCH'
10, 18961, 54.93397857701121, 54.93397857701121, 'SEARCH'
10, 18962, 54.95464205118446, 54.95464205118446, 'SEARCH'
10, 18963, 54.94292583726638, 54.94292583726638, 'SEARCH'
10, 18964, 54.91756690609957, 54.91756690609957, 'SEARCH'
10, 18965, 54.892216044464455, 54.892216044464455, 'SEARCH'
10, 18966, 54.871956708907454, 54.871956708907454, 'SEARCH'
10, 18967, 54.86533542528198, 54.86533542528198, 'SEARCH'
10, 18968, 54.84719955809707, 54.84719955809707, 'SEARCH'
10, 18969, 54.83647088656474, 54.83647088656474, 'SEARCH'
10, 18970, 54.86299000280146, 54.86299000280146, 'SEARCH'
10, 18971, 54.876993889193486, 54.876993889193486, 'SEARCH'
10, 18972, 54.90359678477698, 54.90359678477698, 'SEARCH'
10, 18973, 54.93135314975635, 54.93135314975635, 'SEARCH'
10, 18974, 54.95815733469094, 54.95815733469094, 'SEARCH'
10, 18975, 54.95533816580496, 54.95533816580496, 'SEARCH'
10, 18976, 54.960734077590715, 54.960734077590715, 'SEARCH'
10, 18977, 54.944491782334914, 54.944491782334914, 'SEARCH'
10, 18978, 54.961307549418926, 54.961307549418926, 'SEARCH'
10, 18979, 54.96625157366408, 54.96625157366408, 'SEARCH'
10, 18980, 54.99377684255636, 54.99377684255636, 'SEARCH'
10, 18981, 54.9817033660651, 54.9817033660651, 'SEARCH'
10, 18982, 54.9922316547437, 54.9922316547437, 'SEARCH'
10, 18983, 55.004530853271795, 55.004530853271795, 'SEARCH'
10, 18984, 55.03219050346551, 55.03219050346551, 'SEARCH'
10, 18985, 55.055013794588156, 55.055013794588156, 'SEARCH'
10, 18986, 55.08107742440826, 55.08107742440826, 'SEARCH'
10, 18987, 55.10415842885444, 55.10415842885444, 'SEARCH'
10, 18988, 55.13039482181829, 55.13039482181829, 'SEARCH'
10, 18989, 55.10915832354443, 55.10915832354443, 'SEARCH'
10, 18990, 55.09928409485456, 55.09928409485456, 'SEARCH'
10, 18991, 55.07687178201254, 55.07687178201254, 'SEARCH'
10, 18992, 55.10379450399469, 55.10379450399469, 'SEARCH'
10, 18993, 55.13104198067237, 55.13104198067237, 'SEARCH'
10, 18994, 55.13209613275059, 55.13209613275059, 'SEARCH'
10, 18995, 55.14730475113842, 55.14730475113842, 'SEARCH'
10, 18996, 55.16913519646804, 55.16913519646804, 'SEARCH'
10, 18997, 55.191651906548714, 55.191651906548714, 'SEARCH'
10, 18998, 55.21168057746115, 55.21168057746115, 'SEARCH'
10, 18999, 55.22303652020502, 55.22303652020502, 'SEARCH'
10, 19000, 55.22792542978109, 55.22792542978109, 'SEARCH'
10, 19001, 55.202579481935956, 55.202579481935956, 'SEARCH'
10, 19002, 55.22829908846355, 55.22829908846355, 'SEARCH'
10, 19003, 55.20675861784406, 55.20675861784406, 'SEARCH'
10, 19004, 55.23305368020373, 55.23305368020373, 'SEARCH'
10, 19005, 55.25682148456823, 55.25682148456823, 'SEARCH'
10, 19006, 55.27280474961036, 55.27280474961036, 'SEARCH'
10, 19007, 55.299772123118174, 55.299772123118174, 'SEARCH'
10, 19008, 55.3172899095069, 55.3172899095069, 'SEARCH'
10, 19009, 55.341368679836144, 55.341368679836144, 'SEARCH'
10, 19010, 55.36587816122875, 55.36587816122875, 'SEARCH'
10, 19011, 55.39126073314068, 55.39126073314068, 'SEARCH'
10, 19012, 55.36850904099159, 55.36850904099159, 'SEARCH'
10, 19013, 55.35723345897764, 55.35723345897764, 'SEARCH'
10, 19014, 55.384596476481555, 55.384596476481555, 'SEARCH'
10, 19015, 55.412308457932255, 55.412308457932255, 'SEARCH'
10, 19016, 55.43054036974179, 55.43054036974179, 'SEARCH'
10, 19017, 55.44315818713254, 55.44315818713254, 'SEARCH'
10, 19018, 55.4309901648998, 55.4309901648998, 'SEARCH'
10, 19019, 55.41004406241011, 55.41004406241011, 'SEARCH'
10, 19020, 55.40013400529794, 55.40013400529794, 'SEARCH'
10, 19021, 55.42729132435042, 55.42729132435042, 'SEARCH'
10, 19022, 55.40604140116161, 55.40604140116161, 'SEARCH'
10, 19023, 55.38861126079303, 55.38861126079303, 'SEARCH'
10, 19024, 55.3778359312414, 55.3778359312414, 'SEARCH'
10, 19025, 55.36575072355038, 55.36575072355038, 'SEARCH'
10, 19026, 55.38178121172099, 55.38178121172099, 'SEARCH'
10, 19027, 55.369276391635545, 55.369276391635545, 'SEARCH'
10, 19028, 55.391668498152775, 55.391668498152775, 'SEARCH'
10, 19029, 55.41636573352598, 55.41636573352598, 'SEARCH'
10, 19030, 55.416946239667304, 55.416946239667304, 'SEARCH'
10, 19031, 55.44471061239061, 55.44471061239061, 'SEARCH'
10, 19032, 55.46635439240152, 55.46635439240152, 'SEARCH'
10, 19033, 55.45129557193094, 55.45129557193094, 'SEARCH'
10, 19034, 55.47701221140727, 55.47701221140727, 'SEARCH'
10, 19035, 55.49705076864241, 55.49705076864241, 'SEARCH'
10, 19036, 55.51224448514971, 55.51224448514971, 'SEARCH'
10, 19037, 55.53961359025066, 55.53961359025066, 'SEARCH'
10, 19038, 55.542579136538755, 55.542579136538755, 'SEARCH'
10, 19039, 55.553498733567665, 55.553498733567665, 'SEARCH'
10, 19040, 55.56169212452818, 55.56169212452818, 'SEARCH'
10, 19041, 55.56515773277287, 55.56515773277287, 'SEARCH'
10, 19042, 55.56138098415297, 55.56138098415297, 'SEARCH'
10, 19043, 55.55618246128567, 55.55618246128567, 'SEARCH'
10, 19044, 55.563016915333705, 55.563016915333705, 'SEARCH'
10, 19045, 55.57825021296398, 55.57825021296398, 'SEARCH'
10, 19046, 55.56575060750094, 55.56575060750094, 'SEARCH'
10, 19047, 55.542532207065335, 55.542532207065335, 'SEARCH'
10, 19048, 55.550345724172516, 55.550345724172516, 'SEARCH'
10, 19049, 55.56795820839115, 55.56795820839115, 'SEARCH'
10, 19050, 55.57896563642306, 55.57896563642306, 'SEARCH'
10, 19051, 55.56439085631568, 55.56439085631568, 'SEARCH'
10, 19052, 55.58382294557599, 55.58382294557599, 'SEARCH'
10, 19053, 55.55893843108884, 55.55893843108884, 'SEARCH'
10, 19054, 55.58653354917445, 55.58653354917445, 'SEARCH'
10, 19055, 55.60182178431877, 55.60182178431877, 'SEARCH'
10, 19056, 55.62727491542247, 55.62727491542247, 'SEARCH'
10, 19057, 55.652962391764184, 55.652962391764184, 'SEARCH'
10, 19058, 55.67524183162554, 55.67524183162554, 'SEARCH'
10, 19059, 55.70299698672758, 55.70299698672758, 'SEARCH'
10, 19060, 55.71397352643687, 55.71397352643687, 'SEARCH'
10, 19061, 55.741750965028885, 55.741750965028885, 'SEARCH'
10, 19062, 55.76951574285558, 55.76951574285558, 'SEARCH'
10, 19063, 55.78178489372708, 55.78178489372708, 'SEARCH'
10, 19064, 55.79000686921862, 55.79000686921862, 'SEARCH'
10, 19065, 55.817724500872615, 55.817724500872615, 'SEARCH'
10, 19066, 55.844171708516924, 55.844171708516924, 'SEARCH'
10, 19067, 55.829934641958154, 55.829934641958154, 'SEARCH'
10, 19068, 55.857698805015254, 55.857698805015254, 'SEARCH'
10, 19069, 55.88519461622714, 55.88519461622714, 'SEARCH'
10, 19070, 55.86141729624056, 55.86141729624056, 'SEARCH'
10, 19071, 55.88179033166874, 55.88179033166874, 'SEARCH'
10, 19072, 55.884290612428096, 55.884290612428096, 'SEARCH'
10, 19073, 55.86338525535925, 55.86338525535925, 'SEARCH'
10, 19074, 55.891142045341276, 55.891142045341276, 'SEARCH'
10, 19075, 55.867634166046045, 55.867634166046045, 'SEARCH'
10, 19076, 55.89210711817028, 55.89210711817028, 'SEARCH'
10, 19077, 55.88223869631209, 55.88223869631209, 'SEARCH'
10, 19078, 55.86012034018955, 55.86012034018955, 'SEARCH'
10, 19079, 55.83521122791776, 55.83521122791776, 'SEARCH'
10, 19080, 55.86224266198274, 55.86224266198274, 'SEARCH'
10, 19081, 55.88623295740592, 55.88623295740592, 'SEARCH'
10, 19082, 55.89258912005689, 55.89258912005689, 'SEARCH'
10, 19083, 55.91983385911821, 55.91983385911821, 'SEARCH'
10, 19084, 55.94408114640558, 55.94408114640558, 'SEARCH'
10, 19085, 55.96785155098456, 55.96785155098456, 'SEARCH'
10, 19086, 55.96887700878642, 55.96887700878642, 'SEARCH'
10, 19087, 55.94461452543471, 55.94461452543471, 'SEARCH'
10, 19088, 55.96519850809812, 55.96519850809812, 'SEARCH'
10, 19089, 55.99216732609055, 55.99216732609055, 'SEARCH'
10, 19090, 55.991735282507165, 55.991735282507165, 'SEARCH'
10, 19091, 56.016456096524465, 56.016456096524465, 'SEARCH'
10, 19092, 56.00260496162781, 56.00260496162781, 'SEARCH'
10, 19093, 56.01654782433776, 56.01654782433776, 'SEARCH'
10, 19094, 56.0434850586275, 56.0434850586275, 'SEARCH'
10, 19095, 56.05945335893963, 56.05945335893963, 'SEARCH'
10, 19096, 56.08688242256548, 56.08688242256548, 'SEARCH'
10, 19097, 56.09594816856778, 56.09594816856778, 'SEARCH'
10, 19098, 56.12362272011349, 56.12362272011349, 'SEARCH'
10, 19099, 56.1429273529443, 56.1429273529443, 'SEARCH'
10, 19100, 56.131636304759766, 56.131636304759766, 'SEARCH'
10, 19101, 56.15819281909356, 56.15819281909356, 'SEARCH'
10, 19102, 56.185259839472025, 56.185259839472025, 'SEARCH'
10, 19103, 56.193372234287025, 56.193372234287025, 'SEARCH'
10, 19104, 56.19433806003867, 56.19433806003867, 'SEARCH'
10, 19105, 56.21862949940894, 56.21862949940894, 'SEARCH'
10, 19106, 56.237563766217676, 56.237563766217676, 'SEARCH'
10, 19107, 56.25387694118882, 56.25387694118882, 'SEARCH'
10, 19108, 56.266037150114435, 56.266037150114435, 'SEARCH'
10, 19109, 56.25743807276054, 56.25743807276054, 'SEARCH'
10, 19110, 56.28370263508456, 56.28370263508456, 'SEARCH'
10, 19111, 56.30497352690913, 56.30497352690913, 'SEARCH'
10, 19112, 56.33264723939237, 56.33264723939237, 'SEARCH'
10, 19113, 56.356722322934054, 56.356722322934054, 'SEARCH'
10, 19114, 56.37453231002231, 56.37453231002231, 'SEARCH'
10, 19115, 56.402295247362964, 56.402295247362964, 'SEARCH'
10, 19116, 56.42153377001078, 56.42153377001078, 'SEARCH'
10, 19117, 56.399592991402464, 56.399592991402464, 'SEARCH'
10, 19118, 56.420831662616436, 56.420831662616436, 'SEARCH'
10, 19119, 56.4462358822492, 56.4462358822492, 'SEARCH'
10, 19120, 56.47080435030313, 56.47080435030313, 'SEARCH'
10, 19121, 56.49246164087263, 56.49246164087263, 'SEARCH'
10, 19122, 56.50363859873215, 56.50363859873215, 'SEARCH'
10, 19123, 56.48531737190863, 56.48531737190863, 'SEARCH'
10, 19124, 56.51290113393328, 56.51290113393328, 'SEARCH'
10, 19125, 56.534407777117906, 56.534407777117906, 'SEARCH'
10, 19126, 56.54378177812289, 56.54378177812289, 'SEARCH'
10, 19127, 56.525098605181746, 56.525098605181746, 'SEARCH'
10, 19128, 56.55285544289519, 56.55285544289519, 'SEARCH'
10, 19129, 56.57828293415456, 56.57828293415456, 'SEARCH'
10, 19130, 56.563437826510096, 56.563437826510096, 'SEARCH'
10, 19131, 56.589324347050606, 56.589324347050606, 'SEARCH'
10, 19132, 56.571361380769915, 56.571361380769915, 'SEARCH'
10, 19133, 56.592562790221, 56.592562790221, 'SEARCH'
10, 19134, 56.59962974674018, 56.59962974674018, 'SEARCH'
10, 19135, 56.60855970810978, 56.60855970810978, 'SEARCH'
10, 19136, 56.60219921922769, 56.60219921922769, 'SEARCH'
10, 19137, 56.57911499081487, 56.57911499081487, 'SEARCH'
10, 19138, 56.58716198980428, 56.58716198980428, 'SEARCH'
10, 19139, 56.61049745534172, 56.61049745534172, 'SEARCH'
10, 19140, 56.60182484755546, 56.60182484755546, 'SEARCH'
10, 19141, 56.60987294366172, 56.60987294366172, 'SEARCH'
10, 19142, 56.62110655185317, 56.62110655185317, 'SEARCH'
10, 19143, 56.621039223224535, 56.621039223224535, 'SEARCH'
10, 19144, 56.64598132123045, 56.64598132123045, 'SEARCH'
10, 19145, 56.62142375797166, 56.62142375797166, 'SEARCH'
10, 19146, 56.62476420289417, 56.62476420289417, 'SEARCH'
10, 19147, 56.64808000870387, 56.64808000870387, 'SEARCH'
10, 19148, 56.67436301411629, 56.67436301411629, 'SEARCH'
10, 19149, 56.668038093634934, 56.668038093634934, 'SEARCH'
10, 19150, 56.65985668986006, 56.65985668986006, 'SEARCH'
10, 19151, 56.65403625476719, 56.65403625476719, 'SEARCH'
10, 19152, 56.64918237277438, 56.64918237277438, 'SEARCH'
10, 19153, 56.67475819726652, 56.67475819726652, 'SEARCH'
10, 19154, 56.697533832107574, 56.697533832107574, 'SEARCH'
10, 19155, 56.71261313435362, 56.71261313435362, 'SEARCH'
10, 19156, 56.69784310863653, 56.69784310863653, 'SEARCH'
10, 19157, 56.71529362182562, 56.71529362182562, 'SEARCH'
10, 19158, 56.73623043751007, 56.73623043751007, 'SEARCH'
10, 19159, 56.71909121938739, 56.71909121938739, 'SEARCH'
10, 19160, 56.73692569633498, 56.73692569633498, 'SEARCH'
10, 19161, 56.75475813819803, 56.75475813819803, 'SEARCH'
10, 19162, 56.77437709327822, 56.77437709327822, 'SEARCH'
10, 19163, 56.76529864995052, 56.76529864995052, 'SEARCH'
10, 19164, 56.79307184616808, 56.79307184616808, 'SEARCH'
10, 19165, 56.81899106357899, 56.81899106357899, 'SEARCH'
10, 19166, 56.82613154815754, 56.82613154815754, 'SEARCH'
10, 19167, 56.849665151772705, 56.849665151772705, 'SEARCH'
10, 19168, 56.87066412979293, 56.87066412979293, 'SEARCH'
10, 19169, 56.89824387234281, 56.89824387234281, 'SEARCH'
10, 19170, 56.89476486441436, 56.89476486441436, 'SEARCH'
10, 19171, 56.88518879687301, 56.88518879687301, 'SEARCH'
10, 19172, 56.87383312436928, 56.87383312436928, 'SEARCH'
10, 19173, 56.88972931624736, 56.88972931624736, 'SEARCH'
10, 19174, 56.91423434667347, 56.91423434667347, 'SEARCH'
10, 19175, 56.941393430905606, 56.941393430905606, 'SEARCH'
10, 19176, 56.91754650502108, 56.91754650502108, 'SEARCH'
10, 19177, 56.93976058290804, 56.93976058290804, 'SEARCH'
10, 19178, 56.914978062507245, 56.914978062507245, 'SEARCH'
10, 19179, 56.942478565614365, 56.942478565614365, 'SEARCH'
10, 19180, 56.92494608046366, 56.92494608046366, 'SEARCH'
10, 19181, 56.9474453454891, 56.9474453454891, 'SEARCH'
10, 19182, 56.96449404845862, 56.96449404845862, 'SEARCH'
10, 19183, 56.94733792869772, 56.94733792869772, 'SEARCH'
10, 19184, 56.940571003750904, 56.940571003750904, 'SEARCH'
10, 19185, 56.94053878302354, 56.94053878302354, 'SEARCH'
10, 19186, 56.968316553438164, 56.968316553438164, 'SEARCH'
10, 19187, 56.995495340887004, 56.995495340887004, 'SEARCH'
10, 19188, 57.020645446666535, 57.020645446666535, 'SEARCH'
10, 19189, 57.01912080380438, 57.01912080380438, 'SEARCH'
10, 19190, 57.04524315562983, 57.04524315562983, 'SEARCH'
10, 19191, 57.04613312679821, 57.04613312679821, 'SEARCH'
10, 19192, 57.02180517913273, 57.02180517913273, 'SEARCH'
10, 19193, 57.00958679028527, 57.00958679028527, 'SEARCH'
10, 19194, 56.98992574362888, 56.98992574362888, 'SEARCH'
10, 19195, 56.99137399020236, 56.99137399020236, 'SEARCH'
10, 19196, 56.98465929363886, 56.98465929363886, 'SEARCH'
10, 19197, 57.01121696131709, 57.01121696131709, 'SEARCH'
10, 19198, 57.0255239414558, 57.0255239414558, 'SEARCH'
10, 19199, 57.053297509479584, 57.053297509479584, 'SEARCH'
10, 19200, 57.03735076904876, 57.03735076904876, 'SEARCH'
10, 19201, 57.02474293539203, 57.02474293539203, 'SEARCH'
10, 19202, 57.02621926653524, 57.02621926653524, 'SEARCH'
10, 19203, 57.04683962614443, 57.04683962614443, 'SEARCH'
10, 19204, 57.07340020445241, 57.07340020445241, 'SEARCH'
10, 19205, 57.09792203422718, 57.09792203422718, 'SEARCH'
10, 19206, 57.087948389920996, 57.087948389920996, 'SEARCH'
10, 19207, 57.07447939434892, 57.07447939434892, 'SEARCH'
10, 19208, 57.09878275300219, 57.09878275300219, 'SEARCH'
10, 19209, 57.07425963608483, 57.07425963608483, 'SEARCH'
10, 19210, 57.093225220396846, 57.093225220396846, 'SEARCH'
10, 19211, 57.099498330918664, 57.099498330918664, 'SEARCH'
10, 19212, 57.123570942881116, 57.123570942881116, 'SEARCH'
10, 19213, 57.10262163162518, 57.10262163162518, 'SEARCH'
10, 19214, 57.08370994252395, 57.08370994252395, 'SEARCH'
10, 19215, 57.06590559132725, 57.06590559132725, 'SEARCH'
10, 19216, 57.07683986673181, 57.07683986673181, 'SEARCH'
10, 19217, 57.071154104222245, 57.071154104222245, 'SEARCH'
10, 19218, 57.06221208773765, 57.06221208773765, 'SEARCH'
10, 19219, 57.03898396065766, 57.03898396065766, 'SEARCH'
10, 19220, 57.06529594426202, 57.06529594426202, 'SEARCH'
10, 19221, 57.09267458286465, 57.09267458286465, 'SEARCH'
10, 19222, 57.08892470627515, 57.08892470627515, 'SEARCH'
10, 19223, 57.07043592601054, 57.07043592601054, 'SEARCH'
10, 19224, 57.048945442995816, 57.048945442995816, 'SEARCH'
10, 19225, 57.02384499617598, 57.02384499617598, 'SEARCH'
10, 19226, 57.024042893852275, 57.024042893852275, 'SEARCH'
10, 19227, 57.0493329756563, 57.0493329756563, 'SEARCH'
10, 19228, 57.04709929220652, 57.04709929220652, 'SEARCH'
10, 19229, 57.04875452631578, 57.04875452631578, 'SEARCH'
10, 19230, 57.023268920641925, 57.023268920641925, 'SEARCH'
10, 19231, 57.004497128173156, 57.004497128173156, 'SEARCH'
10, 19232, 57.02654351389012, 57.02654351389012, 'SEARCH'
10, 19233, 57.038944285526156, 57.038944285526156, 'SEARCH'
10, 19234, 57.03013963451376, 57.03013963451376, 'SEARCH'
10, 19235, 57.0564907011729, 57.0564907011729, 'SEARCH'
10, 19236, 57.03142480744114, 57.03142480744114, 'SEARCH'
10, 19237, 57.05651210686332, 57.05651210686332, 'SEARCH'
10, 19238, 57.073054590595135, 57.073054590595135, 'SEARCH'
10, 19239, 57.08675325101573, 57.08675325101573, 'SEARCH'
10, 19240, 57.11294601139823, 57.11294601139823, 'SEARCH'
10, 19241, 57.09566273707121, 57.09566273707121, 'SEARCH'
10, 19242, 57.070399615067515, 57.070399615067515, 'SEARCH'
10, 19243, 57.04995688132205, 57.04995688132205, 'SEARCH'
10, 19244, 57.04785451447662, 57.04785451447662, 'SEARCH'
10, 19245, 57.07557476497644, 57.07557476497644, 'SEARCH'
10, 19246, 57.10161843244524, 57.10161843244524, 'SEARCH'
10, 19247, 57.08289508657012, 57.08289508657012, 'SEARCH'
10, 19248, 57.10926277102511, 57.10926277102511, 'SEARCH'
10, 19249, 57.087871014919735, 57.087871014919735, 'SEARCH'
10, 19250, 57.113500204174194, 57.113500204174194, 'SEARCH'
10, 19251, 57.12888730542844, 57.12888730542844, 'SEARCH'
10, 19252, 57.14427440668269, 57.14427440668269, 'SEARCH'
10, 19253, 57.168483694788904, 57.168483694788904, 'SEARCH'
10, 19254, 57.167328326295745, 57.167328326295745, 'SEARCH'
10, 19255, 57.14250020533058, 57.14250020533058, 'SEARCH'
10, 19256, 57.1404127162178, 57.1404127162178, 'SEARCH'
10, 19257, 57.121368919425294, 57.121368919425294, 'SEARCH'
10, 19258, 57.11548204899271, 57.11548204899271, 'SEARCH'
10, 19259, 57.13539569199577, 57.13539569199577, 'SEARCH'
10, 19260, 57.13674713188836, 57.13674713188836, 'SEARCH'
10, 19261, 57.145244589315276, 57.145244589315276, 'SEARCH'
10, 19262, 57.172176690031066, 57.172176690031066, 'SEARCH'
10, 19263, 57.19255994646443, 57.19255994646443, 'SEARCH'
10, 19264, 57.20462694711631, 57.20462694711631, 'SEARCH'
10, 19265, 57.20257052170182, 57.20257052170182, 'SEARCH'
10, 19266, 57.22281414670853, 57.22281414670853, 'SEARCH'
10, 19267, 57.240584845948284, 57.240584845948284, 'SEARCH'
10, 19268, 57.267510060555146, 57.267510060555146, 'SEARCH'
10, 19269, 57.251472833147496, 57.251472833147496, 'SEARCH'
10, 19270, 57.2713803848261, 57.2713803848261, 'SEARCH'
10, 19271, 57.25824139810166, 57.25824139810166, 'SEARCH'
10, 19272, 57.23853529720522, 57.23853529720522, 'SEARCH'
10, 19273, 57.22215254999547, 57.22215254999547, 'SEARCH'
10, 19274, 57.22740667963188, 57.22740667963188, 'SEARCH'
10, 19275, 57.25514437349538, 57.25514437349538, 'SEARCH'
10, 19276, 57.23235788085613, 57.23235788085613, 'SEARCH'
10, 19277, 57.2571232053496, 57.2571232053496, 'SEARCH'
10, 19278, 57.236442746708455, 57.236442746708455, 'SEARCH'
10, 19279, 57.22088189460865, 57.22088189460865, 'SEARCH'
10, 19280, 57.23872779263013, 57.23872779263013, 'SEARCH'
10, 19281, 57.23677559093595, 57.23677559093595, 'SEARCH'
10, 19282, 57.260332270393945, 57.260332270393945, 'SEARCH'
10, 19283, 57.285704561637324, 57.285704561637324, 'SEARCH'
10, 19284, 57.26935942949914, 57.26935942949914, 'SEARCH'
10, 19285, 57.29341584951565, 57.29341584951565, 'SEARCH'
10, 19286, 57.27121751635258, 57.27121751635258, 'SEARCH'
10, 19287, 57.281171908948494, 57.281171908948494, 'SEARCH'
10, 19288, 57.30335917390701, 57.30335917390701, 'SEARCH'
10, 19289, 57.330060165992506, 57.330060165992506, 'SEARCH'
10, 19290, 57.33723271812438, 57.33723271812438, 'SEARCH'
10, 19291, 57.3295665740505, 57.3295665740505, 'SEARCH'
10, 19292, 57.306542100919145, 57.306542100919145, 'SEARCH'
10, 19293, 57.332099593055, 57.332099593055, 'SEARCH'
10, 19294, 57.353692137619255, 57.353692137619255, 'SEARCH'
10, 19295, 57.364547096052746, 57.364547096052746, 'SEARCH'
10, 19296, 57.368418807431695, 57.368418807431695, 'SEARCH'
10, 19297, 57.35412591945596, 57.35412591945596, 'SEARCH'
10, 19298, 57.35898593660391, 57.35898593660391, 'SEARCH'
10, 19299, 57.3342568829864, 57.3342568829864, 'SEARCH'
10, 19300, 57.358278323977274, 57.358278323977274, 'SEARCH'
10, 19301, 57.353500409674325, 57.353500409674325, 'SEARCH'
10, 19302, 57.38111941798602, 57.38111941798602, 'SEARCH'
10, 19303, 57.40720760846216, 57.40720760846216, 'SEARCH'
10, 19304, 57.43464035050526, 57.43464035050526, 'SEARCH'
10, 19305, 57.427449350229395, 57.427449350229395, 'SEARCH'
10, 19306, 57.45480235390818, 57.45480235390818, 'SEARCH'
10, 19307, 57.479554958358115, 57.479554958358115, 'SEARCH'
10, 19308, 57.50722949640323, 57.50722949640323, 'SEARCH'
10, 19309, 57.53081220148049, 57.53081220148049, 'SEARCH'
10, 19310, 57.55858988584623, 57.55858988584623, 'SEARCH'
10, 19311, 57.58526627830703, 57.58526627830703, 'SEARCH'
10, 19312, 57.59989598865571, 57.59989598865571, 'SEARCH'
10, 19313, 57.62693789564492, 57.62693789564492, 'SEARCH'
10, 19314, 57.65163271932442, 57.65163271932442, 'SEARCH'
10, 19315, 57.63762903767621, 57.63762903767621, 'SEARCH'
10, 19316, 57.634132897458194, 57.634132897458194, 'SEARCH'
10, 19317, 57.60871757514202, 57.60871757514202, 'SEARCH'
10, 19318, 57.59434810124339, 57.59434810124339, 'SEARCH'
10, 19319, 57.59139261718698, 57.59139261718698, 'SEARCH'
10, 19320, 57.56731779226138, 57.56731779226138, 'SEARCH'
10, 19321, 57.546665624534015, 57.546665624534015, 'SEARCH'
10, 19322, 57.57223884764924, 57.57223884764924, 'SEARCH'
10, 19323, 57.59288404819242, 57.59288404819242, 'SEARCH'
10, 19324, 57.57732886645422, 57.57732886645422, 'SEARCH'
10, 19325, 57.601136550103234, 57.601136550103234, 'SEARCH'
10, 19326, 57.61501262542071, 57.61501262542071, 'SEARCH'
10, 19327, 57.60111234327094, 57.60111234327094, 'SEARCH'
10, 19328, 57.58479139060685, 57.58479139060685, 'SEARCH'
10, 19329, 57.58047560392823, 57.58047560392823, 'SEARCH'
10, 19330, 57.555118084535756, 57.555118084535756, 'SEARCH'
10, 19331, 57.56948389987071, 57.56948389987071, 'SEARCH'
10, 19332, 57.582157387789735, 57.582157387789735, 'SEARCH'
10, 19333, 57.6042975686444, 57.6042975686444, 'SEARCH'
10, 19334, 57.62984767599693, 57.62984767599693, 'SEARCH'
10, 19335, 57.65312956044722, 57.65312956044722, 'SEARCH'
10, 19336, 57.664430653058815, 57.664430653058815, 'SEARCH'
10, 19337, 57.66685882884355, 57.66685882884355, 'SEARCH'
10, 19338, 57.65829274539718, 57.65829274539718, 'SEARCH'
10, 19339, 57.685722687704484, 57.685722687704484, 'SEARCH'
10, 19340, 57.71068224293335, 57.71068224293335, 'SEARCH'
10, 19341, 57.70255361860426, 57.70255361860426, 'SEARCH'
10, 19342, 57.72531404630943, 57.72531404630943, 'SEARCH'
10, 19343, 57.725801192469255, 57.725801192469255, 'SEARCH'
10, 19344, 57.70795764870634, 57.70795764870634, 'SEARCH'
10, 19345, 57.71703708046268, 57.71703708046268, 'SEARCH'
10, 19346, 57.74385691342581, 57.74385691342581, 'SEARCH'
10, 19347, 57.7496534597429, 57.7496534597429, 'SEARCH'
10, 19348, 57.77126007180229, 57.77126007180229, 'SEARCH'
10, 19349, 57.79286232843441, 57.79286232843441, 'SEARCH'
10, 19350, 57.7742877842582, 57.7742877842582, 'SEARCH'
10, 19351, 57.797823601310405, 57.797823601310405, 'SEARCH'
10, 19352, 57.825562467923504, 57.825562467923504, 'SEARCH'
10, 19353, 57.81883821226614, 57.81883821226614, 'SEARCH'
10, 19354, 57.83914450827851, 57.83914450827851, 'SEARCH'
10, 19355, 57.83147817198086, 57.83147817198086, 'SEARCH'
10, 19356, 57.85179905137485, 57.85179905137485, 'SEARCH'
10, 19357, 57.873076318411094, 57.873076318411094, 'SEARCH'
10, 19358, 57.852746668537286, 57.852746668537286, 'SEARCH'
10, 19359, 57.840571989303676, 57.840571989303676, 'SEARCH'
10, 19360, 57.867397259139786, 57.867397259139786, 'SEARCH'
10, 19361, 57.894664555290845, 57.894664555290845, 'SEARCH'
10, 19362, 57.879113803443396, 57.879113803443396, 'SEARCH'
10, 19363, 57.85664159369974, 57.85664159369974, 'SEARCH'
10, 19364, 57.848543707320744, 57.848543707320744, 'SEARCH'
10, 19365, 57.86370873015072, 57.86370873015072, 'SEARCH'
10, 19366, 57.88399438156512, 57.88399438156512, 'SEARCH'
10, 19367, 57.909934333762784, 57.909934333762784, 'SEARCH'
10, 19368, 57.91476411822592, 57.91476411822592, 'SEARCH'
10, 19369, 57.92427974161722, 57.92427974161722, 'SEARCH'
10, 19370, 57.951639292028155, 57.951639292028155, 'SEARCH'
10, 19371, 57.92646602542495, 57.92646602542495, 'SEARCH'
10, 19372, 57.924073153926905, 57.924073153926905, 'SEARCH'
10, 19373, 57.94232966071746, 57.94232966071746, 'SEARCH'
10, 19374, 57.96683700618235, 57.96683700618235, 'SEARCH'
10, 19375, 57.99410126536802, 57.99410126536802, 'SEARCH'
10, 19376, 57.98279799880517, 57.98279799880517, 'SEARCH'
10, 19377, 57.98426657756267, 57.98426657756267, 'SEARCH'
10, 19378, 58.01194100778842, 58.01194100778842, 'SEARCH'
10, 19379, 57.9930028453205, 57.9930028453205, 'SEARCH'
10, 19380, 58.01491166620285, 58.01491166620285, 'SEARCH'
10, 19381, 58.03457083062124, 58.03457083062124, 'SEARCH'
10, 19382, 58.060982910213305, 58.060982910213305, 'SEARCH'
10, 19383, 58.084791457401344, 58.084791457401344, 'SEARCH'
10, 19384, 58.11206143005989, 58.11206143005989, 'SEARCH'
10, 19385, 58.105778159002156, 58.105778159002156, 'SEARCH'
10, 19386, 58.12932554478899, 58.12932554478899, 'SEARCH'
10, 19387, 58.10966408812018, 58.10966408812018, 'SEARCH'
10, 19388, 58.13729012095503, 58.13729012095503, 'SEARCH'
10, 19389, 58.152397704693044, 58.152397704693044, 'SEARCH'
10, 19390, 58.180170805274926, 58.180170805274926, 'SEARCH'
10, 19391, 58.16119371779994, 58.16119371779994, 'SEARCH'
10, 19392, 58.18846113956238, 58.18846113956238, 'TRACK'
10, 19393, 58.215728561324816, 58.215728561324816, 'TRACK'
10, 19394, 58.242995983087255, 58.242995983087255, 'TRACK'
10, 19395, 58.27055777090869, 58.27055777090869, 'SEARCH'
10, 19396, 58.29822177960595, 58.29822177960595, 'SEARCH'
10, 19397, 58.3259993408356, 58.3259993408356, 'SEARCH'
10, 19398, 58.34448965248802, 58.34448965248802, 'SEARCH'
10, 19399, 58.36930000220087, 58.36930000220087, 'SEARCH'
10, 19400, 58.37156430975463, 58.37156430975463, 'SEARCH'
10, 19401, 58.39110303185548, 58.39110303185548, 'SEARCH'
10, 19402, 58.41431734117865, 58.41431734117865, 'SEARCH'
10, 19403, 58.44145447373061, 58.44145447373061, 'SEARCH'
10, 19404, 58.43456327769257, 58.43456327769257, 'SEARCH'
10, 19405, 58.45665189529673, 58.45665189529673, 'SEARCH'
10, 19406, 58.4798572766219, 58.4798572766219, 'SEARCH'
10, 19407, 58.45728164679081, 58.45728164679081, 'SEARCH'
10, 19408, 58.479077230104934, 58.479077230104934, 'SEARCH'
10, 19409, 58.468974237578514, 58.468974237578514, 'SEARCH'
10, 19410, 58.490948754911216, 58.490948754911216, 'SEARCH'
10, 19411, 58.503413783028456, 58.503413783028456, 'SEARCH'
10, 19412, 58.529930455152524, 58.529930455152524, 'SEARCH'
10, 19413, 58.55640249650937, 58.55640249650937, 'SEARCH'
10, 19414, 58.571363778487076, 58.571363778487076, 'SEARCH'
10, 19415, 58.57599131304048, 58.57599131304048, 'SEARCH'
10, 19416, 58.571459383842786, 58.571459383842786, 'SEARCH'
10, 19417, 58.56225315493616, 58.56225315493616, 'SEARCH'
10, 19418, 58.561615770091485, 58.561615770091485, 'SEARCH'
10, 19419, 58.57822200342079, 58.57822200342079, 'SEARCH'
10, 19420, 58.56025990518578, 58.56025990518578, 'SEARCH'
10, 19421, 58.54383867894078, 58.54383867894078, 'SEARCH'
10, 19422, 58.57151871100667, 58.57151871100667, 'SEARCH'
10, 19423, 58.56706015672921, 58.56706015672921, 'SEARCH'
10, 19424, 58.57082919526679, 58.57082919526679, 'SEARCH'
10, 19425, 58.59636465273727, 58.59636465273727, 'SEARCH'
10, 19426, 58.62243270331359, 58.62243270331359, 'SEARCH'
10, 19427, 58.6357989913924, 58.6357989913924, 'SEARCH'
10, 19428, 58.640988480470696, 58.640988480470696, 'SEARCH'
10, 19429, 58.667661583476644, 58.667661583476644, 'SEARCH'
10, 19430, 58.670928668437504, 58.670928668437504, 'SEARCH'
10, 19431, 58.68212835051791, 58.68212835051791, 'SEARCH'
10, 19432, 58.66942538095828, 58.66942538095828, 'SEARCH'
10, 19433, 58.65631232717894, 58.65631232717894, 'SEARCH'
10, 19434, 58.632471321771234, 58.632471321771234, 'SEARCH'
10, 19435, 58.61772154440809, 58.61772154440809, 'SEARCH'
10, 19436, 58.644281911224, 58.644281911224, 'SEARCH'
10, 19437, 58.6242807327121, 58.6242807327121, 'SEARCH'
10, 19438, 58.60914880036115, 58.60914880036115, 'SEARCH'
10, 19439, 58.58440734192279, 58.58440734192279, 'SEARCH'
10, 19440, 58.60917739919511, 58.60917739919511, 'SEARCH'
10, 19441, 58.63412994397091, 58.63412994397091, 'SEARCH'
10, 19442, 58.614839047977334, 58.614839047977334, 'SEARCH'
10, 19443, 58.58988637281168, 58.58988637281168, 'SEARCH'
10, 19444, 58.574399792599024, 58.574399792599024, 'SEARCH'
10, 19445, 58.562732199531155, 58.562732199531155, 'SEARCH'
10, 19446, 58.582978908385314, 58.582978908385314, 'SEARCH'
10, 19447, 58.59434647160155, 58.59434647160155, 'SEARCH'
10, 19448, 58.61811524175021, 58.61811524175021, 'SEARCH'
10, 19449, 58.6100467917558, 58.6100467917558, 'SEARCH'
10, 19450, 58.5901171284137, 58.5901171284137, 'SEARCH'
10, 19451, 58.56714397382192, 58.56714397382192, 'SEARCH'
10, 19452, 58.594826596896766, 58.594826596896766, 'SEARCH'
10, 19453, 58.61940195751391, 58.61940195751391, 'SEARCH'
10, 19454, 58.619979844068176, 58.619979844068176, 'SEARCH'
10, 19455, 58.62866507566042, 58.62866507566042, 'SEARCH'
10, 19456, 58.60910371235283, 58.60910371235283, 'SEARCH'
10, 19457, 58.60298974267222, 58.60298974267222, 'SEARCH'
10, 19458, 58.625743966124695, 58.625743966124695, 'TRACK'
10, 19459, 58.64849818957717, 58.64849818957717, 'TRACK'
10, 19460, 58.67125241302964, 58.67125241302964, 'TRACK'
10, 19461, 58.6632552560783, 58.6632552560783, 'SEARCH'
10, 19462, 58.683340382690375, 58.683340382690375, 'SEARCH'
10, 19463, 58.71072081496728, 58.71072081496728, 'SEARCH'
10, 19464, 58.72301097467214, 58.72301097467214, 'SEARCH'
10, 19465, 58.698101543540005, 58.698101543540005, 'SEARCH'
10, 19466, 58.72587196542145, 58.72587196542145, 'SEARCH'
10, 19467, 58.74674838118234, 58.74674838118234, 'SEARCH'
10, 19468, 58.75988487308303, 58.75988487308303, 'SEARCH'
10, 19469, 58.7432565990537, 58.7432565990537, 'SEARCH'
10, 19470, 58.72513472114832, 58.72513472114832, 'SEARCH'
10, 19471, 58.71856922649636, 58.71856922649636, 'SEARCH'
10, 19472, 58.70199456733534, 58.70199456733534, 'SEARCH'
10, 19473, 58.69736981249568, 58.69736981249568, 'SEARCH'
10, 19474, 58.677204605078295, 58.677204605078295, 'SEARCH'
10, 19475, 58.673580646464764, 58.673580646464764, 'SEARCH'
10, 19476, 58.68685146878966, 58.68685146878966, 'SEARCH'
10, 19477, 58.713749789097534, 58.713749789097534, 'SEARCH'
10, 19478, 58.739411299185846, 58.739411299185846, 'SEARCH'
10, 19479, 58.716507576370724, 58.716507576370724, 'SEARCH'
10, 19480, 58.70724014298428, 58.70724014298428, 'SEARCH'
10, 19481, 58.69799201301152, 58.69799201301152, 'SEARCH'
10, 19482, 58.723249504114015, 58.723249504114015, 'SEARCH'
10, 19483, 58.74974803919177, 58.74974803919177, 'SEARCH'
10, 19484, 58.77460986908781, 58.77460986908781, 'SEARCH'
10, 19485, 58.800275713639486, 58.800275713639486, 'SEARCH'
10, 19486, 58.82576211365078, 58.82576211365078, 'SEARCH'
10, 19487, 58.82497867918493, 58.82497867918493, 'SEARCH'
10, 19488, 58.84612792644944, 58.84612792644944, 'SEARCH'
10, 19489, 58.87389436105376, 58.87389436105376, 'SEARCH'
10, 19490, 58.887496836317005, 58.887496836317005, 'SEARCH'
10, 19491, 58.8943695328513, 58.8943695328513, 'SEARCH'
10, 19492, 58.90402603499015, 58.90402603499015, 'SEARCH'
10, 19493, 58.88863603504873, 58.88863603504873, 'SEARCH'
10, 19494, 58.89173437413884, 58.89173437413884, 'SEARCH'
10, 19495, 58.912879163286604, 58.912879163286604, 'SEARCH'
10, 19496, 58.94052325467935, 58.94052325467935, 'SEARCH'
10, 19497, 58.962512410547426, 58.962512410547426, 'SEARCH'
10, 19498, 58.94631077304514, 58.94631077304514, 'SEARCH'
10, 19499, 58.971949800200186, 58.971949800200186, 'SEARCH'
10, 19500, 58.995070580155115, 58.995070580155115, 'SEARCH'
10, 19501, 59.002410176552175, 59.002410176552175, 'SEARCH'
10, 19502, 59.0298943293369, 59.0298943293369, 'SEARCH'
10, 19503, 59.02713093211442, 59.02713093211442, 'SEARCH'
10, 19504, 59.00392061837248, 59.00392061837248, 'SEARCH'
10, 19505, 59.00313411043378, 59.00313411043378, 'SEARCH'
10, 19506, 59.030910408466866, 59.030910408466866, 'SEARCH'
10, 19507, 59.03920100936532, 59.03920100936532, 'SEARCH'
10, 19508, 59.02807163855053, 59.02807163855053, 'SEARCH'
10, 19509, 59.05177489395645, 59.05177489395645, 'SEARCH'
10, 19510, 59.079181832001076, 59.079181832001076, 'SEARCH'
10, 19511, 59.106172137347365, 59.106172137347365, 'SEARCH'
10, 19512, 59.10873275065325, 59.10873275065325, 'SEARCH'
10, 19513, 59.106463882822304, 59.106463882822304, 'SEARCH'
10, 19514, 59.10953535952959, 59.10953535952959, 'SEARCH'
10, 19515, 59.13615173455196, 59.13615173455196, 'SEARCH'
10, 19516, 59.16293989442881, 59.16293989442881, 'SEARCH'
10, 19517, 59.18992616117722, 59.18992616117722, 'SEARCH'
10, 19518, 59.19150280884082, 59.19150280884082, 'SEARCH'
10, 19519, 59.182130510633186, 59.182130510633186, 'SEARCH'
10, 19520, 59.20330807085833, 59.20330807085833, 'SEARCH'
10, 19521, 59.23105435504297, 59.23105435504297, 'SEARCH'
10, 19522, 59.24899438130356, 59.24899438130356, 'SEARCH'
10, 19523, 59.264617098032744, 59.264617098032744, 'SEARCH'
10, 19524, 59.292200801069704, 59.292200801069704, 'SEARCH'
10, 19525, 59.29994253614849, 59.29994253614849, 'SEARCH'
10, 19526, 59.3193080012525, 59.3193080012525, 'SEARCH'
10, 19527, 59.3208537684664, 59.3208537684664, 'SEARCH'
10, 19528, 59.348191018052326, 59.348191018052326, 'SEARCH'
10, 19529, 59.372525537337445, 59.372525537337445, 'SEARCH'
10, 19530, 59.39466770539798, 59.39466770539798, 'SEARCH'
10, 19531, 59.406884136836894, 59.406884136836894, 'SEARCH'
10, 19532, 59.42164441352982, 59.42164441352982, 'SEARCH'
10, 19533, 59.43990481610752, 59.43990481610752, 'SEARCH'
10, 19534, 59.46348566614484, 59.46348566614484, 'SEARCH'
10, 19535, 59.44641126714152, 59.44641126714152, 'SEARCH'
10, 19536, 59.46803605414862, 59.46803605414862, 'SEARCH'
10, 19537, 59.494470268684125, 59.494470268684125, 'SEARCH'
10, 19538, 59.50400439549829, 59.50400439549829, 'SEARCH'
10, 19539, 59.51913325758204, 59.51913325758204, 'TRACK'
10, 19540, 59.53426211966579, 59.53426211966579, 'TRACK'
10, 19541, 59.54939098174954, 59.54939098174954, 'TRACK'
10, 19542, 59.56451984383329, 59.56451984383329, 'TRACK'
10, 19543, 59.55926285928435, 59.55926285928435, 'SEARCH'
10, 19544, 59.56651281071807, 59.56651281071807, 'SEARCH'
10, 19545, 59.592753926427946, 59.592753926427946, 'SEARCH'
10, 19546, 59.600919154766935, 59.600919154766935, 'SEARCH'
10, 19547, 59.62127099760976, 59.62127099760976, 'SEARCH'
10, 19548, 59.64904873464144, 59.64904873464144, 'SEARCH'
10, 19549, 59.67121759564036, 59.67121759564036, 'SEARCH'
10, 19550, 59.64993812313896, 59.64993812313896, 'SEARCH'
10, 19551, 59.6776980754766, 59.6776980754766, 'SEARCH'
10, 19552, 59.67576353146446, 59.67576353146446, 'SEARCH'
10, 19553, 59.6995637195649, 59.6995637195649, 'SEARCH'
10, 19554, 59.72733714376653, 59.72733714376653, 'SEARCH'
10, 19555, 59.75477740256308, 59.75477740256308, 'SEARCH'
10, 19556, 59.78105891166883, 59.78105891166883, 'SEARCH'
10, 19557, 59.80873769851552, 59.80873769851552, 'SEARCH'
10, 19558, 59.83571472123979, 59.83571472123979, 'SEARCH'
10, 19559, 59.85384302526963, 59.85384302526963, 'SEARCH'
10, 19560, 59.84936966662866, 59.84936966662866, 'SEARCH'
10, 19561, 59.873369989904845, 59.873369989904845, 'SEARCH'
10, 19562, 59.867001427078186, 59.867001427078186, 'SEARCH'
10, 19563, 59.84475486065429, 59.84475486065429, 'SEARCH'
10, 19564, 59.853725460667896, 59.853725460667896, 'SEARCH'
10, 19565, 59.82852064160056, 59.82852064160056, 'SEARCH'
10, 19566, 59.82175795711002, 59.82175795711002, 'SEARCH'
10, 19567, 59.846943370727416, 59.846943370727416, 'SEARCH'
10, 19568, 59.858637012372974, 59.858637012372974, 'SEARCH'
10, 19569, 59.84149885001454, 59.84149885001454, 'SEARCH'
10, 19570, 59.81845833430529, 59.81845833430529, 'SEARCH'
10, 19571, 59.83020294009934, 59.83020294009934, 'SEARCH'
10, 19572, 59.85764027819768, 59.85764027819768, 'SEARCH'
10, 19573, 59.8854139914032, 59.8854139914032, 'SEARCH'
10, 19574, 59.91135824268927, 59.91135824268927, 'SEARCH'
10, 19575, 59.88680470677541, 59.88680470677541, 'SEARCH'
10, 19576, 59.89627566461469, 59.89627566461469, 'SEARCH'
10, 19577, 59.90929444323155, 59.90929444323155, 'SEARCH'
10, 19578, 59.935990023234375, 59.935990023234375, 'SEARCH'
10, 19579, 59.96376777299753, 59.96376777299753, 'SEARCH'
10, 19580, 59.99153071358565, 59.99153071358565, 'SEARCH'
10, 19581, 60.01376574679826, 60.01376574679826, 'SEARCH'
10, 19582, 60.01075158002114, 60.01075158002114, 'SEARCH'
10, 19583, 60.035759133189295, 60.035759133189295, 'SEARCH'
10, 19584, 60.06213986450794, 60.06213986450794, 'SEARCH'
10, 19585, 60.088023202630495, 60.088023202630495, 'SEARCH'
10, 19586, 60.062783901556216, 60.062783901556216, 'SEARCH'
10, 19587, 60.03735666081231, 60.03735666081231, 'SEARCH'
10, 19588, 60.062887199120155, 60.062887199120155, 'SEARCH'
10, 19589, 60.06902455929991, 60.06902455929991, 'SEARCH'
10, 19590, 60.06601708249103, 60.06601708249103, 'SEARCH'
10, 19591, 60.09050235682319, 60.09050235682319, 'SEARCH'
10, 19592, 60.11827995517262, 60.11827995517262, 'SEARCH'
10, 19593, 60.10033129298447, 60.10033129298447, 'SEARCH'
10, 19594, 60.12810890395598, 60.12810890395598, 'SEARCH'
10, 19595, 60.132337067605874, 60.132337067605874, 'SEARCH'
10, 19596, 60.155152628089255, 60.155152628089255, 'SEARCH'
10, 19597, 60.17889340118986, 60.17889340118986, 'SEARCH'
10, 19598, 60.1710968567723, 60.1710968567723, 'SEARCH'
10, 19599, 60.16057536335319, 60.16057536335319, 'SEARCH'
10, 19600, 60.16952194653159, 60.16952194653159, 'SEARCH'
10, 19601, 60.15234509980475, 60.15234509980475, 'SEARCH'
10, 19602, 60.17863210881227, 60.17863210881227, 'SEARCH'
10, 19603, 60.17611560426716, 60.17611560426716, 'SEARCH'
10, 19604, 60.16386784893032, 60.16386784893032, 'SEARCH'
10, 19605, 60.16719823664167, 60.16719823664167, 'SEARCH'
10, 19606, 60.175741199723866, 60.175741199723866, 'SEARCH'
10, 19607, 60.1524255164331, 60.1524255164331, 'SEARCH'
10, 19608, 60.12994799074854, 60.12994799074854, 'SEARCH'
10, 19609, 60.1103195595484, 60.1103195595484, 'SEARCH'
10, 19610, 60.09906308215475, 60.09906308215475, 'SEARCH'
10, 19611, 60.11544605620203, 60.11544605620203, 'SEARCH'
10, 19612, 60.11793462686137, 60.11793462686137, 'SEARCH'
10, 19613, 60.09940799233549, 60.09940799233549, 'SEARCH'
10, 19614, 60.08201058478768, 60.08201058478768, 'SEARCH'
10, 19615, 60.10288680965, 60.10288680965, 'SEARCH'
10, 19616, 60.12860180700441, 60.12860180700441, 'SEARCH'
10, 19617, 60.15167519091789, 60.15167519091789, 'SEARCH'
10, 19618, 60.137428302288264, 60.137428302288264, 'SEARCH'
10, 19619, 60.16222119755641, 60.16222119755641, 'SEARCH'
10, 19620, 60.188006588695366, 60.188006588695366, 'SEARCH'
10, 19621, 60.197112359924546, 60.197112359924546, 'SEARCH'
10, 19622, 60.18722580288782, 60.18722580288782, 'SEARCH'
10, 19623, 60.21474636174384, 60.21474636174384, 'SEARCH'
10, 19624, 60.190974867432125, 60.190974867432125, 'SEARCH'
10, 19625, 60.21432688069074, 60.21432688069074, 'SEARCH'
10, 19626, 60.23457963857909, 60.23457963857909, 'SEARCH'
10, 19627, 60.2583565387633, 60.2583565387633, 'SEARCH'
10, 19628, 60.26225920293283, 60.26225920293283, 'SEARCH'
10, 19629, 60.26182356659608, 60.26182356659608, 'SEARCH'
10, 19630, 60.23856259390116, 60.23856259390116, 'SEARCH'
10, 19631, 60.26313218041587, 60.26313218041587, 'SEARCH'
10, 19632, 60.27494359668314, 60.27494359668314, 'SEARCH'
10, 19633, 60.255020259769786, 60.255020259769786, 'SEARCH'
10, 19634, 60.251264268313754, 60.251264268313754, 'SEARCH'
10, 19635, 60.252847287672026, 60.252847287672026, 'SEARCH'
10, 19636, 60.279834339827815, 60.279834339827815, 'SEARCH'
10, 19637, 60.25584090677076, 60.25584090677076, 'SEARCH'
10, 19638, 60.272679712601274, 60.272679712601274, 'SEARCH'
10, 19639, 60.254570294390575, 60.254570294390575, 'SEARCH'
10, 19640, 60.2340469124993, 60.2340469124993, 'SEARCH'
10, 19641, 60.222936621895414, 60.222936621895414, 'SEARCH'
10, 19642, 60.25053736864883, 60.25053736864883, 'SEARCH'
10, 19643, 60.273408226862045, 60.273408226862045, 'SEARCH'
10, 19644, 60.28829277992351, 60.28829277992351, 'SEARCH'
10, 19645, 60.28462050932688, 60.28462050932688, 'SEARCH'
10, 19646, 60.273964209846895, 60.273964209846895, 'SEARCH'
10, 19647, 60.298821235982324, 60.298821235982324, 'SEARCH'
10, 19648, 60.32621499060181, 60.32621499060181, 'SEARCH'
10, 19649, 60.338574847718476, 60.338574847718476, 'SEARCH'
10, 19650, 60.36440704607461, 60.36440704607461, 'SEARCH'
10, 19651, 60.36556846237608, 60.36556846237608, 'SEARCH'
10, 19652, 60.386024392600575, 60.386024392600575, 'SEARCH'
10, 19653, 60.38332042971468, 60.38332042971468, 'SEARCH'
10, 19654, 60.411072797580786, 60.411072797580786, 'SEARCH'
10, 19655, 60.435461670861095, 60.435461670861095, 'SEARCH'
10, 19656, 60.46114798123218, 60.46114798123218, 'SEARCH'
10, 19657, 60.460333259291325, 60.460333259291325, 'SEARCH'
10, 19658, 60.48771824874378, 60.48771824874378, 'SEARCH'
10, 19659, 60.47396041101808, 60.47396041101808, 'SEARCH'
10, 19660, 60.500002160062714, 60.500002160062714, 'SEARCH'
10, 19661, 60.51822602197912, 60.51822602197912, 'TRACK'
10, 19662, 60.53644988389552, 60.53644988389552, 'TRACK'
10, 19663, 60.554673745811925, 60.554673745811925, 'TRACK'
10, 19664, 60.57289760772833, 60.57289760772833, 'TRACK'
10, 19665, 60.599993699263216, 60.599993699263216, 'SEARCH'
10, 19666, 60.625792301635485, 60.625792301635485, 'SEARCH'
10, 19667, 60.65224155538861, 60.65224155538861, 'SEARCH'
10, 19668, 60.66090478546767, 60.66090478546767, 'SEARCH'
10, 19669, 60.68515536150186, 60.68515536150186, 'SEARCH'
10, 19670, 60.71233919440207, 60.71233919440207, 'SEARCH'
10, 19671, 60.73918170123493, 60.73918170123493, 'SEARCH'
10, 19672, 60.76105551435727, 60.76105551435727, 'SEARCH'
10, 19673, 60.76682762860918, 60.76682762860918, 'SEARCH'
10, 19674, 60.76973848938267, 60.76973848938267, 'SEARCH'
10, 19675, 60.791910377011746, 60.791910377011746, 'SEARCH'
10, 19676, 60.77062643307643, 60.77062643307643, 'SEARCH'
10, 19677, 60.795994336930164, 60.795994336930164, 'SEARCH'
10, 19678, 60.81696334795097, 60.81696334795097, 'SEARCH'
10, 19679, 60.83887440798241, 60.83887440798241, 'SEARCH'
10, 19680, 60.86559365039548, 60.86559365039548, 'SEARCH'
10, 19681, 60.84489007075133, 60.84489007075133, 'SEARCH'
10, 19682, 60.85744499068519, 60.85744499068519, 'SEARCH'
10, 19683, 60.846536813705, 60.846536813705, 'SEARCH'
10, 19684, 60.82199387539644, 60.82199387539644, 'SEARCH'
10, 19685, 60.8390899285359, 60.8390899285359, 'SEARCH'
10, 19686, 60.866447288449876, 60.866447288449876, 'SEARCH'
10, 19687, 60.86399127469, 60.86399127469, 'SEARCH'
10, 19688, 60.863004621551966, 60.863004621551966, 'SEARCH'
10, 19689, 60.89076549457517, 60.89076549457517, 'SEARCH'
10, 19690, 60.91782577061276, 60.91782577061276, 'SEARCH'
10, 19691, 60.90920000603159, 60.90920000603159, 'SEARCH'
10, 19692, 60.88700267871217, 60.88700267871217, 'SEARCH'
10, 19693, 60.89230969796739, 60.89230969796739, 'SEARCH'
10, 19694, 60.91900642634936, 60.91900642634936, 'SEARCH'
10, 19695, 60.90469198737258, 60.90469198737258, 'SEARCH'
10, 19696, 60.91329176695863, 60.91329176695863, 'SEARCH'
10, 19697, 60.94055446659872, 60.94055446659872, 'SEARCH'
10, 19698, 60.934777498524234, 60.934777498524234, 'SEARCH'
10, 19699, 60.95572922089843, 60.95572922089843, 'SEARCH'
10, 19700, 60.93677786856771, 60.93677786856771, 'SEARCH'
10, 19701, 60.94940513290818, 60.94940513290818, 'SEARCH'
10, 19702, 60.963730536208196, 60.963730536208196, 'SEARCH'
10, 19703, 60.981229860539955, 60.981229860539955, 'SEARCH'
10, 19704, 60.99471509059662, 60.99471509059662, 'SEARCH'
10, 19705, 61.01600915755033, 61.01600915755033, 'SEARCH'
10, 19706, 61.04139171621756, 61.04139171621756, 'SEARCH'
10, 19707, 61.06591794275788, 61.06591794275788, 'SEARCH'
10, 19708, 61.077631515048935, 61.077631515048935, 'SEARCH'
10, 19709, 61.105199310107515, 61.105199310107515, 'SEARCH'
10, 19710, 61.08730905472696, 61.08730905472696, 'SEARCH'
10, 19711, 61.06765448124409, 61.06765448124409, 'SEARCH'
10, 19712, 61.08027458317485, 61.08027458317485, 'SEARCH'
10, 19713, 61.10185321138065, 61.10185321138065, 'SEARCH'
10, 19714, 61.079659919570716, 61.079659919570716, 'SEARCH'
10, 19715, 61.09480051012045, 61.09480051012045, 'SEARCH'
10, 19716, 61.12236946661322, 61.12236946661322, 'SEARCH'
10, 19717, 61.148930172082125, 61.148930172082125, 'SEARCH'
10, 19718, 61.13672660948678, 61.13672660948678, 'SEARCH'
10, 19719, 61.11396983208136, 61.11396983208136, 'SEARCH'
10, 19720, 61.14140945151032, 61.14140945151032, 'SEARCH'
10, 19721, 61.16847603424547, 61.16847603424547, 'SEARCH'
10, 19722, 61.1650743994459, 61.1650743994459, 'SEARCH'
10, 19723, 61.19202768384996, 61.19202768384996, 'SEARCH'
10, 19724, 61.17812416669437, 61.17812416669437, 'SEARCH'
10, 19725, 61.20590194292091, 61.20590194292091, 'SEARCH'
10, 19726, 61.22778196835871, 61.22778196835871, 'SEARCH'
10, 19727, 61.255044821386925, 61.255044821386925, 'SEARCH'
10, 19728, 61.279361372413305, 61.279361372413305, 'SEARCH'
10, 19729, 61.28879272004615, 61.28879272004615, 'SEARCH'
10, 19730, 61.2977733315696, 61.2977733315696, 'SEARCH'
10, 19731, 61.3140529501324, 61.3140529501324, 'SEARCH'
10, 19732, 61.33959902655533, 61.33959902655533, 'SEARCH'
10, 19733, 61.31923191550398, 61.31923191550398, 'SEARCH'
10, 19734, 61.309233379780544, 61.309233379780544, 'SEARCH'
10, 19735, 61.29835859016572, 61.29835859016572, 'SEARCH'
10, 19736, 61.30460882724167, 61.30460882724167, 'SEARCH'
10, 19737, 61.31679673860619, 61.31679673860619, 'SEARCH'
10, 19738, 61.29299491488122, 61.29299491488122, 'SEARCH'
10, 19739, 61.283082862451586, 61.283082862451586, 'SEARCH'
10, 19740, 61.26528112790854, 61.26528112790854, 'SEARCH'
10, 19741, 61.253192337257936, 61.253192337257936, 'SEARCH'
10, 19742, 61.23618814703332, 61.23618814703332, 'SEARCH'
10, 19743, 61.231992499699054, 61.231992499699054, 'SEARCH'
10, 19744, 61.225439139675196, 61.225439139675196, 'SEARCH'
10, 19745, 61.21387548025853, 61.21387548025853, 'SEARCH'
10, 19746, 61.20060041293235, 61.20060041293235, 'SEARCH'
10, 19747, 61.18045305578794, 61.18045305578794, 'SEARCH'
10, 19748, 61.206805509994815, 61.206805509994815, 'SEARCH'
10, 19749, 61.200807151659376, 61.200807151659376, 'SEARCH'
10, 19750, 61.1780529282069, 61.1780529282069, 'TRACK'
10, 19751, 61.15529870475443, 61.15529870475443, 'TRACK'
10, 19752, 61.132544481301956, 61.132544481301956, 'TRACK'
10, 19753, 61.10979025784948, 61.10979025784948, 'TRACK'
10, 19754, 61.13049210447672, 61.13049210447672, 'SEARCH'
10, 19755, 61.13850101101568, 61.13850101101568, 'SEARCH'
10, 19756, 61.113923964414646, 61.113923964414646, 'SEARCH'
10, 19757, 61.14137200751618, 61.14137200751618, 'SEARCH'
10, 19758, 61.156002258232455, 61.156002258232455, 'SEARCH'
10, 19759, 61.1362869111136, 61.1362869111136, 'SEARCH'
10, 19760, 61.130913138248786, 61.130913138248786, 'SEARCH'
10, 19761, 61.15699734157431, 61.15699734157431, 'SEARCH'
10, 19762, 61.13392911156789, 61.13392911156789, 'SEARCH'
10, 19763, 61.16100411863394, 61.16100411863394, 'SEARCH'
10, 19764, 61.16190512851782, 61.16190512851782, 'SEARCH'
10, 19765, 61.17739491326208, 61.17739491326208, 'SEARCH'
10, 19766, 61.18995963930623, 61.18995963930623, 'SEARCH'
10, 19767, 61.2132819289752, 61.2132819289752, 'SEARCH'
10, 19768, 61.217071203746706, 61.217071203746706, 'SEARCH'
10, 19769, 61.2251315720572, 61.2251315720572, 'SEARCH'
10, 19770, 61.210778180569854, 61.210778180569854, 'SEARCH'
10, 19771, 61.23323481422287, 61.23323481422287, 'SEARCH'
10, 19772, 61.21193200908441, 61.21193200908441, 'SEARCH'
10, 19773, 61.229781672396875, 61.229781672396875, 'SEARCH'
10, 19774, 61.23972713949013, 61.23972713949013, 'SEARCH'
10, 19775, 61.261614726859975, 61.261614726859975, 'SEARCH'
10, 19776, 61.2729025758311, 61.2729025758311, 'SEARCH'
10, 19777, 61.28761777126601, 61.28761777126601, 'SEARCH'
10, 19778, 61.31142587917254, 61.31142587917254, 'SEARCH'
10, 19779, 61.29393208351693, 61.29393208351693, 'SEARCH'
10, 19780, 61.280054138986955, 61.280054138986955, 'SEARCH'
10, 19781, 61.27622777585416, 61.27622777585416, 'SEARCH'
10, 19782, 61.30262725280577, 61.30262725280577, 'SEARCH'
10, 19783, 61.32123773076141, 61.32123773076141, 'SEARCH'
10, 19784, 61.34249874622786, 61.34249874622786, 'SEARCH'
10, 19785, 61.36787586095622, 61.36787586095622, 'SEARCH'
10, 19786, 61.390611865665385, 61.390611865665385, 'SEARCH'
10, 19787, 61.41818768826695, 61.41818768826695, 'SEARCH'
10, 19788, 61.41618140218498, 61.41618140218498, 'SEARCH'
10, 19789, 61.39234562434795, 61.39234562434795, 'SEARCH'
10, 19790, 61.41891535097248, 61.41891535097248, 'SEARCH'
10, 19791, 61.44627947336923, 61.44627947336923, 'SEARCH'
10, 19792, 61.4740428712393, 61.4740428712393, 'SEARCH'
10, 19793, 61.488676926438636, 61.488676926438636, 'SEARCH'
10, 19794, 61.46764755162698, 61.46764755162698, 'SEARCH'
10, 19795, 61.44571568227577, 61.44571568227577, 'SEARCH'
10, 19796, 61.46532984727205, 61.46532984727205, 'SEARCH'
10, 19797, 61.45224977770737, 61.45224977770737, 'SEARCH'
10, 19798, 61.42894394154795, 61.42894394154795, 'SEARCH'
10, 19799, 61.44824939272945, 61.44824939272945, 'SEARCH'
10, 19800, 61.47043870070045, 61.47043870070045, 'SEARCH'
10, 19801, 61.49811067784612, 61.49811067784612, 'SEARCH'
10, 19802, 61.51480821199729, 61.51480821199729, 'SEARCH'
10, 19803, 61.52784908874134, 61.52784908874134, 'TRACK'
10, 19804, 61.54088996548539, 61.54088996548539, 'TRACK'
10, 19805, 61.55393084222944, 61.55393084222944, 'TRACK'
10, 19806, 61.5739225225229, 61.5739225225229, 'SEARCH'
10, 19807, 61.59426833388654, 61.59426833388654, 'SEARCH'
10, 19808, 61.61611128921927, 61.61611128921927, 'SEARCH'
10, 19809, 61.5997161019348, 61.5997161019348, 'SEARCH'
10, 19810, 61.61789846134505, 61.61789846134505, 'SEARCH'
10, 19811, 61.64349070602468, 61.64349070602468, 'SEARCH'
10, 19812, 61.66307011796053, 61.66307011796053, 'SEARCH'
10, 19813, 61.670636787370356, 61.670636787370356, 'SEARCH'
10, 19814, 61.69361881758439, 61.69361881758439, 'SEARCH'
10, 19815, 61.69303952306642, 61.69303952306642, 'SEARCH'
10, 19816, 61.68301355911791, 61.68301355911791, 'SEARCH'
10, 19817, 61.662663532244046, 61.662663532244046, 'SEARCH'
10, 19818, 61.69010249006929, 61.69010249006929, 'SEARCH'
10, 19819, 61.69724549051231, 61.69724549051231, 'SEARCH'
10, 19820, 61.70809913297035, 61.70809913297035, 'TRACK'
10, 19821, 61.718952775428384, 61.718952775428384, 'TRACK'
10, 19822, 61.72980641788642, 61.72980641788642, 'TRACK'
10, 19823, 61.74066006034446, 61.74066006034446, 'TRACK'
10, 19824, 61.767081955808976, 61.767081955808976, 'SEARCH'
10, 19825, 61.76607103059636, 61.76607103059636, 'SEARCH'
10, 19826, 61.780771643466956, 61.780771643466956, 'SEARCH'
10, 19827, 61.80142873734186, 61.80142873734186, 'SEARCH'
10, 19828, 61.782095257369406, 61.782095257369406, 'SEARCH'
10, 19829, 61.7844947947739, 61.7844947947739, 'SEARCH'
10, 19830, 61.8094586762804, 61.8094586762804, 'SEARCH'
10, 19831, 61.784922465470345, 61.784922465470345, 'SEARCH'
10, 19832, 61.8118727425674, 61.8118727425674, 'SEARCH'
10, 19833, 61.83814340949282, 61.83814340949282, 'SEARCH'
10, 19834, 61.82859661502938, 61.82859661502938, 'SEARCH'
10, 19835, 61.836695415454926, 61.836695415454926, 'SEARCH'
10, 19836, 61.8576687643062, 61.8576687643062, 'SEARCH'
10, 19837, 61.83359000049442, 61.83359000049442, 'SEARCH'
10, 19838, 61.85322197571403, 61.85322197571403, 'SEARCH'
10, 19839, 61.879918336794574, 61.879918336794574, 'SEARCH'
10, 19840, 61.86475671339973, 61.86475671339973, 'SEARCH'
10, 19841, 61.869570360352164, 61.869570360352164, 'SEARCH'
10, 19842, 61.845276906798254, 61.845276906798254, 'SEARCH'
10, 19843, 61.858773850130085, 61.858773850130085, 'SEARCH'
10, 19844, 61.843676536662215, 61.843676536662215, 'SEARCH'
10, 19845, 61.87102064866466, 61.87102064866466, 'SEARCH'
10, 19846, 61.86815511571279, 61.86815511571279, 'SEARCH'
10, 19847, 61.89168076841698, 61.89168076841698, 'SEARCH'
10, 19848, 61.91941902597707, 61.91941902597707, 'SEARCH'
10, 19849, 61.92424339685918, 61.92424339685918, 'SEARCH'
10, 19850, 61.94961391291183, 61.94961391291183, 'SEARCH'
10, 19851, 61.92996020111371, 61.92996020111371, 'SEARCH'
10, 19852, 61.951556539326226, 61.951556539326226, 'SEARCH'
10, 19853, 61.97050499013631, 61.97050499013631, 'SEARCH'
10, 19854, 61.995881720656236, 61.995881720656236, 'SEARCH'
10, 19855, 62.01836329539184, 62.01836329539184, 'SEARCH'
10, 19856, 62.04022370862156, 62.04022370862156, 'SEARCH'
10, 19857, 62.03774700386526, 62.03774700386526, 'SEARCH'
10, 19858, 62.01708029333918, 62.01708029333918, 'SEARCH'
10, 19859, 62.01610668189054, 62.01610668189054, 'SEARCH'
10, 19860, 62.03967145409806, 62.03967145409806, 'SEARCH'
10, 19861, 62.04686327630447, 62.04686327630447, 'SEARCH'
10, 19862, 62.05991593446479, 62.05991593446479, 'SEARCH'
10, 19863, 62.0837172649915, 62.0837172649915, 'SEARCH'
10, 19864, 62.1075349243543, 62.1075349243543, 'SEARCH'
10, 19865, 62.12382490301702, 62.12382490301702, 'SEARCH'
10, 19866, 62.10347767232036, 62.10347767232036, 'SEARCH'
10, 19867, 62.08793191211426, 62.08793191211426, 'SEARCH'
10, 19868, 62.11555903131576, 62.11555903131576, 'SEARCH'
10, 19869, 62.14282462854262, 62.14282462854262, 'SEARCH'
10, 19870, 62.168213769770055, 62.168213769770055, 'SEARCH'
10, 19871, 62.1499423998634, 62.1499423998634, 'SEARCH'
10, 19872, 62.1662438228695, 62.1662438228695, 'SEARCH'
10, 19873, 62.15996340877875, 62.15996340877875, 'SEARCH'
10, 19874, 62.16043933861156, 62.16043933861156, 'SEARCH'
10, 19875, 62.18619106157347, 62.18619106157347, 'SEARCH'
10, 19876, 62.213550670395996, 62.213550670395996, 'SEARCH'
10, 19877, 62.18996670309597, 62.18996670309597, 'SEARCH'
10, 19878, 62.211566167284765, 62.211566167284765, 'SEARCH'
10, 19879, 62.23914307852958, 62.23914307852958, 'SEARCH'
10, 19880, 62.26370658288495, 62.26370658288495, 'SEARCH'
10, 19881, 62.27031867529722, 62.27031867529722, 'SEARCH'
10, 19882, 62.29798188101178, 62.29798188101178, 'SEARCH'
10, 19883, 62.2897416556317, 62.2897416556317, 'SEARCH'
10, 19884, 62.27372798665793, 62.27372798665793, 'SEARCH'
10, 19885, 62.295358607570705, 62.295358607570705, 'SEARCH'
10, 19886, 62.2722735427289, 62.2722735427289, 'SEARCH'
10, 19887, 62.27414265344956, 62.27414265344956, 'SEARCH'
10, 19888, 62.29864444063923, 62.29864444063923, 'SEARCH'
10, 19889, 62.32248897018079, 62.32248897018079, 'SEARCH'
10, 19890, 62.346495630392646, 62.346495630392646, 'SEARCH'
10, 19891, 62.35724561167017, 62.35724561167017, 'SEARCH'
10, 19892, 62.33589874117869, 62.33589874117869, 'SEARCH'
10, 19893, 62.344412456899505, 62.344412456899505, 'SEARCH'
10, 19894, 62.3438634583544, 62.3438634583544, 'SEARCH'
10, 19895, 62.364476087628994, 62.364476087628994, 'SEARCH'
10, 19896, 62.37114519038805, 62.37114519038805, 'SEARCH'
10, 19897, 62.35047494394123, 62.35047494394123, 'SEARCH'
10, 19898, 62.34998143989474, 62.34998143989474, 'SEARCH'
10, 19899, 62.36084461026723, 62.36084461026723, 'SEARCH'
10, 19900, 62.38827771665211, 62.38827771665211, 'SEARCH'
10, 19901, 62.415786844586805, 62.415786844586805, 'SEARCH'
10, 19902, 62.4432999765926, 62.4432999765926, 'SEARCH'
10, 19903, 62.418740845062274, 62.418740845062274, 'SEARCH'
10, 19904, 62.410583295915856, 62.410583295915856, 'SEARCH'
10, 19905, 62.43784840186192, 62.43784840186192, 'SEARCH'
10, 19906, 62.43251404310395, 62.43251404310395, 'SEARCH'
10, 19907, 62.42484658813469, 62.42484658813469, 'SEARCH'
10, 19908, 62.444152761493136, 62.444152761493136, 'SEARCH'
10, 19909, 62.467704911771264, 62.467704911771264, 'SEARCH'
10, 19910, 62.44804632269896, 62.44804632269896, 'SEARCH'
10, 19911, 62.46868354598831, 62.46868354598831, 'SEARCH'
10, 19912, 62.47906709911716, 62.47906709911716, 'SEARCH'
10, 19913, 62.456872813183985, 62.456872813183985, 'SEARCH'
10, 19914, 62.483942269800444, 62.483942269800444, 'SEARCH'
10, 19915, 62.46921738503749, 62.46921738503749, 'SEARCH'
10, 19916, 62.48984398772929, 62.48984398772929, 'SEARCH'
10, 19917, 62.514806919987855, 62.514806919987855, 'SEARCH'
10, 19918, 62.52827385388358, 62.52827385388358, 'TRACK'
10, 19919, 62.54174078777931, 62.54174078777931, 'TRACK'
10, 19920, 62.55520772167504, 62.55520772167504, 'TRACK'
10, 19921, 62.56867465557077, 62.56867465557077, 'TRACK'
10, 19922, 62.59630134622956, 62.59630134622956, 'SEARCH'
10, 19923, 62.57563222858093, 62.57563222858093, 'SEARCH'
10, 19924, 62.56522047888074, 62.56522047888074, 'SEARCH'
10, 19925, 62.58796255049687, 62.58796255049687, 'SEARCH'
10, 19926, 62.6154683516069, 62.6154683516069, 'SEARCH'
10, 19927, 62.64216013606504, 62.64216013606504, 'SEARCH'
10, 19928, 62.628222144876226, 62.628222144876226, 'SEARCH'
10, 19929, 62.62385029817076, 62.62385029817076, 'SEARCH'
10, 19930, 62.60081935365602, 62.60081935365602, 'SEARCH'
10, 19931, 62.58695582762639, 62.58695582762639, 'SEARCH'
10, 19932, 62.607881048319435, 62.607881048319435, 'SEARCH'
10, 19933, 62.58860395451413, 62.58860395451413, 'SEARCH'
10, 19934, 62.567678458030066, 62.567678458030066, 'SEARCH'
10, 19935, 62.553869125245065, 62.553869125245065, 'SEARCH'
10, 19936, 62.57254641772246, 62.57254641772246, 'SEARCH'
10, 19937, 62.5934331321647, 62.5934331321647, 'SEARCH'
10, 19938, 62.585858068694755, 62.585858068694755, 'SEARCH'
10, 19939, 62.61363562643203, 62.61363562643203, 'SEARCH'
10, 19940, 62.64135142945441, 62.64135142945441, 'SEARCH'
10, 19941, 62.66461644405807, 62.66461644405807, 'SEARCH'
10, 19942, 62.691311440332704, 62.691311440332704, 'SEARCH'
10, 19943, 62.70260319598182, 62.70260319598182, 'SEARCH'
10, 19944, 62.69825705609244, 62.69825705609244, 'SEARCH'
10, 19945, 62.68877754117195, 62.68877754117195, 'SEARCH'
10, 19946, 62.71655191113919, 62.71655191113919, 'SEARCH'
10, 19947, 62.692753413195305, 62.692753413195305, 'SEARCH'
10, 19948, 62.72037311344916, 62.72037311344916, 'SEARCH'
10, 19949, 62.747197439011046, 62.747197439011046, 'SEARCH'
10, 19950, 62.750578153620665, 62.750578153620665, 'SEARCH'
10, 19951, 62.72652745025067, 62.72652745025067, 'SEARCH'
10, 19952, 62.716614251956855, 62.716614251956855, 'SEARCH'
10, 19953, 62.74432930241464, 62.74432930241464, 'SEARCH'
10, 19954, 62.77060868601762, 62.77060868601762, 'SEARCH'
10, 19955, 62.75133164016128, 62.75133164016128, 'SEARCH'
10, 19956, 62.76088792070295, 62.76088792070295, 'SEARCH'
10, 19957, 62.78448077748254, 62.78448077748254, 'SEARCH'
10, 19958, 62.811662901417016, 62.811662901417016, 'SEARCH'
10, 19959, 62.83940426482407, 62.83940426482407, 'SEARCH'
10, 19960, 62.84423319152482, 62.84423319152482, 'SEARCH'
10, 19961, 62.87194192421314, 62.87194192421314, 'SEARCH'
10, 19962, 62.87818159769591, 62.87818159769591, 'SEARCH'
10, 19963, 62.88205091829342, 62.88205091829342, 'SEARCH'
10, 19964, 62.90847494787923, 62.90847494787923, 'SEARCH'
10, 19965, 62.929752946289405, 62.929752946289405, 'SEARCH'
10, 19966, 62.95670810412709, 62.95670810412709, 'SEARCH'
10, 19967, 62.98265589617871, 62.98265589617871, 'SEARCH'
10, 19968, 63.00838288645365, 63.00838288645365, 'SEARCH'
10, 19969, 63.012636139957124, 63.012636139957124, 'SEARCH'
10, 19970, 63.03948759591055, 63.03948759591055, 'SEARCH'
10, 19971, 63.044679530412076, 63.044679530412076, 'SEARCH'
10, 19972, 63.03155355045035, 63.03155355045035, 'SEARCH'
10, 19973, 63.02858418205734, 63.02858418205734, 'SEARCH'
10, 19974, 63.028055563266406, 63.028055563266406, 'SEARCH'
10, 19975, 63.05432770950113, 63.05432770950113, 'SEARCH'
10, 19976, 63.06146246559936, 63.06146246559936, 'SEARCH'
10, 19977, 63.087014466619614, 63.087014466619614, 'SEARCH'
10, 19978, 63.069111035849275, 63.069111035849275, 'SEARCH'
10, 19979, 63.083391928221076, 63.083391928221076, 'SEARCH'
10, 19980, 63.09725689903072, 63.09725689903072, 'SEARCH'
10, 19981, 63.11154239922308, 63.11154239922308, 'SEARCH'
10, 19982, 63.10339970505583, 63.10339970505583, 'SEARCH'
10, 19983, 63.131025816360356, 63.131025816360356, 'SEARCH'
10, 19984, 63.15620994681821, 63.15620994681821, 'SEARCH'
10, 19985, 63.18093513345003, 63.18093513345003, 'SEARCH'
10, 19986, 63.20608022011235, 63.20608022011235, 'SEARCH'
10, 19987, 63.22072522967765, 63.22072522967765, 'SEARCH'
10, 19988, 63.21205918920564, 63.21205918920564, 'SEARCH'
10, 19989, 63.213454088276094, 63.213454088276094, 'SEARCH'
10, 19990, 63.23672832756663, 63.23672832756663, 'SEARCH'
10, 19991, 63.257080229158895, 63.257080229158895, 'SEARCH'
10, 19992, 63.24311533558909, 63.24311533558909, 'SEARCH'
10, 19993, 63.270461240236294, 63.270461240236294, 'SEARCH'
10, 19994, 63.29447691243168, 63.29447691243168, 'SEARCH'
10, 19995, 63.32225196379722, 63.32225196379722, 'SEARCH'
10, 19996, 63.30393441530603, 63.30393441530603, 'SEARCH'
10, 19997, 63.330979700255405, 63.330979700255405, 'SEARCH'
10, 19998, 63.35589603895033, 63.35589603895033, 'SEARCH'
10, 19999, 63.339074674536015, 63.339074674536015, 'SEARCH'
10, 20000, 63.36668989643306, 63.36668989643306, 'SEARCH'
10, 20001, 63.38675749472441, 63.38675749472441, 'SEARCH'
10, 20002, 63.41048574348951, 63.41048574348951, 'SEARCH'
10, 20003, 63.392498701689526, 63.392498701689526, 'SEARCH'
10, 20004, 63.41973928364782, 63.41973928364782, 'SEARCH'
10, 20005, 63.445244690092174, 63.445244690092174, 'SEARCH'
10, 20006, 63.4494106201153, 63.4494106201153, 'SEARCH'
10, 20007, 63.47089297190632, 63.47089297190632, 'SEARCH'
10, 20008, 63.4950367192533, 63.4950367192533, 'SEARCH'
10, 20009, 63.52276073915895, 63.52276073915895, 'SEARCH'
10, 20010, 63.537889601242696, 63.537889601242696, 'TRACK'
10, 20011, 63.553018463326445, 63.553018463326445, 'TRACK'
10, 20012, 63.568147325410195, 63.568147325410195, 'TRACK'
10, 20013, 63.583276187493944, 63.583276187493944, 'TRACK'
10, 20014, 63.55910223201592, 63.55910223201592, 'SEARCH'
10, 20015, 63.55171781655714, 63.55171781655714, 'SEARCH'
10, 20016, 63.54672192744876, 63.54672192744876, 'SEARCH'
10, 20017, 63.57440668451451, 63.57440668451451, 'SEARCH'
10, 20018, 63.5527060304511, 63.5527060304511, 'SEARCH'
10, 20019, 63.58031605024859, 63.58031605024859, 'SEARCH'
10, 20020, 63.60469404027442, 63.60469404027442, 'SEARCH'
10, 20021, 63.63246319633841, 63.63246319633841, 'SEARCH'
10, 20022, 63.660154832403165, 63.660154832403165, 'SEARCH'
10, 20023, 63.68769810485713, 63.68769810485713, 'SEARCH'
10, 20024, 63.710621974337926, 63.710621974337926, 'SEARCH'
10, 20025, 63.738342233929494, 63.738342233929494, 'SEARCH'
10, 20026, 63.72671483779295, 63.72671483779295, 'SEARCH'
10, 20027, 63.752702357972076, 63.752702357972076, 'SEARCH'
10, 20028, 63.77644353827423, 63.77644353827423, 'SEARCH'
10, 20029, 63.797471886854446, 63.797471886854446, 'SEARCH'
10, 20030, 63.78537483185049, 63.78537483185049, 'SEARCH'
10, 20031, 63.812987678242536, 63.812987678242536, 'SEARCH'
10, 20032, 63.84054751296067, 63.84054751296067, 'SEARCH'
10, 20033, 63.86209928788796, 63.86209928788796, 'SEARCH'
10, 20034, 63.88945139284776, 63.88945139284776, 'SEARCH'
10, 20035, 63.88319158485945, 63.88319158485945, 'SEARCH'
10, 20036, 63.910969358799456, 63.910969358799456, 'SEARCH'
10, 20037, 63.938742640694144, 63.938742640694144, 'SEARCH'
10, 20038, 63.915162356934744, 63.915162356934744, 'SEARCH'
10, 20039, 63.91321616466493, 63.91321616466493, 'SEARCH'
10, 20040, 63.937279153282596, 63.937279153282596, 'SEARCH'
10, 20041, 63.9594621381367, 63.9594621381367, 'SEARCH'
10, 20042, 63.959933053119435, 63.959933053119435, 'SEARCH'
10, 20043, 63.966658585672306, 63.966658585672306, 'SEARCH'
10, 20044, 63.94602767114207, 63.94602767114207, 'SEARCH'
10, 20045, 63.97194125032068, 63.97194125032068, 'SEARCH'
10, 20046, 63.989057519614775, 63.989057519614775, 'SEARCH'
10, 20047, 63.98282444655317, 63.98282444655317, 'SEARCH'
10, 20048, 64.00907505133944, 64.00907505133944, 'SEARCH'
10, 20049, 64.03634390752444, 64.03634390752444, 'SEARCH'
10, 20050, 64.06405526671618, 64.06405526671618, 'SEARCH'
10, 20051, 64.08620995506541, 64.08620995506541, 'SEARCH'
10, 20052, 64.06288042079585, 64.06288042079585, 'SEARCH'
10, 20053, 64.04127740980168, 64.04127740980168, 'SEARCH'
10, 20054, 64.04177332244106, 64.04177332244106, 'SEARCH'
10, 20055, 64.06954739014087, 64.06954739014087, 'SEARCH'
10, 20056, 64.07626858964622, 64.07626858964622, 'SEARCH'
10, 20057, 64.07050653648783, 64.07050653648783, 'SEARCH'
10, 20058, 64.04834609534679, 64.04834609534679, 'SEARCH'
10, 20059, 64.07542888946902, 64.07542888946902, 'SEARCH'
10, 20060, 64.08543123791551, 64.08543123791551, 'SEARCH'
10, 20061, 64.10998532771633, 64.10998532771633, 'SEARCH'
10, 20062, 64.09071963368103, 64.09071963368103, 'SEARCH'
10, 20063, 64.11730629012868, 64.11730629012868, 'SEARCH'
10, 20064, 64.09280577021188, 64.09280577021188, 'SEARCH'
10, 20065, 64.08999278944334, 64.08999278944334, 'SEARCH'
10, 20066, 64.10139553433845, 64.10139553433845, 'SEARCH'
10, 20067, 64.12677179705075, 64.12677179705075, 'TRACK'
10, 20068, 64.15214805976305, 64.15214805976305, 'TRACK'
10, 20069, 64.17752432247535, 64.17752432247535, 'TRACK'
10, 20070, 64.15689012559797, 64.15689012559797, 'SEARCH'
10, 20071, 64.18226638831027, 64.18226638831027, 'TRACK'
10, 20072, 64.20050022796268, 64.20050022796268, 'SEARCH'
10, 20073, 64.22660579721719, 64.22660579721719, 'SEARCH'
10, 20074, 64.25437956409901, 64.25437956409901, 'SEARCH'
10, 20075, 64.27743268159891, 64.27743268159891, 'SEARCH'
10, 20076, 64.30509765595471, 64.30509765595471, 'SEARCH'
10, 20077, 64.31804249700299, 64.31804249700299, 'SEARCH'
10, 20078, 64.29798816749444, 64.29798816749444, 'SEARCH'
10, 20079, 64.32560651689303, 64.32560651689303, 'SEARCH'
10, 20080, 64.30842863179633, 64.30842863179633, 'SEARCH'
10, 20081, 64.31366818458827, 64.31366818458827, 'SEARCH'
10, 20082, 64.33221987144032, 64.33221987144032, 'SEARCH'
10, 20083, 64.35407665935648, 64.35407665935648, 'SEARCH'
10, 20084, 64.38115681327108, 64.38115681327108, 'SEARCH'
10, 20085, 64.35981464657648, 64.35981464657648, 'SEARCH'
10, 20086, 64.36787704378726, 64.36787704378726, 'SEARCH'
10, 20087, 64.35697656577615, 64.35697656577615, 'SEARCH'
10, 20088, 64.37943758505114, 64.37943758505114, 'SEARCH'
10, 20089, 64.3694525570239, 64.3694525570239, 'SEARCH'
10, 20090, 64.39662287778627, 64.39662287778627, 'SEARCH'
10, 20091, 64.38529912169854, 64.38529912169854, 'SEARCH'
10, 20092, 64.37058217255498, 64.37058217255498, 'SEARCH'
10, 20093, 64.38654558415853, 64.38654558415853, 'SEARCH'
10, 20094, 64.41372399590277, 64.41372399590277, 'SEARCH'
10, 20095, 64.39701569940058, 64.39701569940058, 'SEARCH'
10, 20096, 64.42464610363696, 64.42464610363696, 'SEARCH'
10, 20097, 64.4091276174569, 64.4091276174569, 'SEARCH'
10, 20098, 64.3965633730069, 64.3965633730069, 'SEARCH'
10, 20099, 64.4222865373567, 64.4222865373567, 'SEARCH'
10, 20100, 64.40337756556008, 64.40337756556008, 'SEARCH'
10, 20101, 64.41204199802986, 64.41204199802986, 'SEARCH'
10, 20102, 64.40127599026766, 64.40127599026766, 'SEARCH'
10, 20103, 64.42869169718698, 64.42869169718698, 'SEARCH'
10, 20104, 64.40747231318258, 64.40747231318258, 'SEARCH'
10, 20105, 64.43492811419569, 64.43492811419569, 'SEARCH'
10, 20106, 64.42972843759519, 64.42972843759519, 'SEARCH'
10, 20107, 64.42455484455918, 64.42455484455918, 'SEARCH'
10, 20108, 64.45219627850726, 64.45219627850726, 'SEARCH'
10, 20109, 64.4355805788675, 64.4355805788675, 'SEARCH'
10, 20110, 64.46278462817072, 64.46278462817072, 'SEARCH'
10, 20111, 64.43832251655658, 64.43832251655658, 'SEARCH'
10, 20112, 64.4625328701133, 64.4625328701133, 'SEARCH'
10, 20113, 64.48358604797455, 64.48358604797455, 'SEARCH'
10, 20114, 64.51107563032181, 64.51107563032181, 'SEARCH'
10, 20115, 64.53717820312143, 64.53717820312143, 'TRACK'
10, 20116, 64.56328077592104, 64.56328077592104, 'TRACK'
10, 20117, 64.58938334872066, 64.58938334872066, 'TRACK'
10, 20118, 64.59702313479985, 64.59702313479985, 'SEARCH'
10, 20119, 64.623723251053, 64.623723251053, 'SEARCH'
10, 20120, 64.6388268318506, 64.6388268318506, 'SEARCH'
10, 20121, 64.66565046176096, 64.66565046176096, 'SEARCH'
10, 20122, 64.68870964487853, 64.68870964487853, 'SEARCH'
10, 20123, 64.68619668505957, 64.68619668505957, 'SEARCH'
10, 20124, 64.67309543745837, 64.67309543745837, 'SEARCH'
10, 20125, 64.67978167242558, 64.67978167242558, 'SEARCH'
10, 20126, 64.67733893693322, 64.67733893693322, 'SEARCH'
10, 20127, 64.70417076834138, 64.70417076834138, 'SEARCH'
10, 20128, 64.72450174031543, 64.72450174031543, 'SEARCH'
10, 20129, 64.75212095425388, 64.75212095425388, 'SEARCH'
10, 20130, 64.76593201051169, 64.76593201051169, 'SEARCH'
10, 20131, 64.79026912089348, 64.79026912089348, 'SEARCH'
10, 20132, 64.7734522090303, 64.7734522090303, 'SEARCH'
10, 20133, 64.80049787450695, 64.80049787450695, 'SEARCH'
10, 20134, 64.80424972420519, 64.80424972420519, 'SEARCH'
10, 20135, 64.83202732786752, 64.83202732786752, 'SEARCH'
10, 20136, 64.85087632687812, 64.85087632687812, 'SEARCH'
10, 20137, 64.87851583663505, 64.87851583663505, 'SEARCH'
10, 20138, 64.90340729770092, 64.90340729770092, 'SEARCH'
10, 20139, 64.92976640617191, 64.92976640617191, 'SEARCH'
10, 20140, 64.95741347432697, 64.95741347432697, 'SEARCH'
10, 20141, 64.97108780080833, 64.97108780080833, 'SEARCH'
10, 20142, 64.99873750116458, 64.99873750116458, 'SEARCH'
10, 20143, 65.01852753216096, 65.01852753216096, 'SEARCH'
10, 20144, 65.04318521307431, 65.04318521307431, 'SEARCH'
10, 20145, 65.07093986961206, 65.07093986961206, 'SEARCH'
10, 20146, 65.09708682723223, 65.09708682723223, 'SEARCH'
10, 20147, 65.12470101536799, 65.12470101536799, 'SEARCH'
10, 20148, 65.1496993064405, 65.1496993064405, 'SEARCH'
10, 20149, 65.14926721702723, 65.14926721702723, 'SEARCH'
10, 20150, 65.17420099038091, 65.17420099038091, 'SEARCH'
10, 20151, 65.2018699179788, 65.2018699179788, 'SEARCH'
10, 20152, 65.22616419149132, 65.22616419149132, 'SEARCH'
10, 20153, 65.24865881860764, 65.24865881860764, 'SEARCH'
10, 20154, 65.26998674279622, 65.26998674279622, 'SEARCH'
10, 20155, 65.25992494695639, 65.25992494695639, 'SEARCH'
10, 20156, 65.24022425411619, 65.24022425411619, 'SEARCH'
10, 20157, 65.24783736268625, 65.24783736268625, 'SEARCH'
10, 20158, 65.27411275902327, 65.27411275902327, 'SEARCH'
10, 20159, 65.24890733069168, 65.24890733069168, 'SEARCH'
10, 20160, 65.27561813506045, 65.27561813506045, 'SEARCH'
10, 20161, 65.25083608311388, 65.25083608311388, 'SEARCH'
10, 20162, 65.27854397602097, 65.27854397602097, 'SEARCH'
10, 20163, 65.27557800108086, 65.27557800108086, 'SEARCH'
10, 20164, 65.28178946390874, 65.28178946390874, 'SEARCH'
10, 20165, 65.30836071281598, 65.30836071281598, 'SEARCH'
10, 20166, 65.28336691567878, 65.28336691567878, 'SEARCH'
10, 20167, 65.26862697916859, 65.26862697916859, 'SEARCH'
10, 20168, 65.29379713185179, 65.29379713185179, 'SEARCH'
10, 20169, 65.32157113434316, 65.32157113434316, 'SEARCH'
10, 20170, 65.29724706224275, 65.29724706224275, 'SEARCH'
10, 20171, 65.32079283145515, 65.32079283145515, 'SEARCH'
10, 20172, 65.29696329931657, 65.29696329931657, 'SEARCH'
10, 20173, 65.27178878954757, 65.27178878954757, 'SEARCH'
10, 20174, 65.29718151827049, 65.29718151827049, 'SEARCH'
10, 20175, 65.27338117986771, 65.27338117986771, 'SEARCH'
10, 20176, 65.29770444177645, 65.29770444177645, 'SEARCH'
10, 20177, 65.27741632597005, 65.27741632597005, 'TRACK'
10, 20178, 65.30493461653332, 65.30493461653332, 'SEARCH'
10, 20179, 65.28400262580466, 65.28400262580466, 'SEARCH'
10, 20180, 65.30914052493225, 65.30914052493225, 'SEARCH'
10, 20181, 65.33214192740016, 65.33214192740016, 'SEARCH'
10, 20182, 65.35489066575727, 65.35489066575727, 'SEARCH'
10, 20183, 65.38158414244475, 65.38158414244475, 'SEARCH'
10, 20184, 65.40929808553147, 65.40929808553147, 'SEARCH'
10, 20185, 65.4370619448103, 65.4370619448103, 'SEARCH'
10, 20186, 65.41480315446076, 65.41480315446076, 'SEARCH'
10, 20187, 65.40255011308535, 65.40255011308535, 'SEARCH'
10, 20188, 65.39076469822524, 65.39076469822524, 'SEARCH'
10, 20189, 65.4168613704374, 65.4168613704374, 'SEARCH'
10, 20190, 65.44382393829866, 65.44382393829866, 'SEARCH'
10, 20191, 65.4715676480667, 65.4715676480667, 'SEARCH'
10, 20192, 65.4963688843296, 65.4963688843296, 'SEARCH'
10, 20193, 65.52206652813784, 65.52206652813784, 'SEARCH'
10, 20194, 65.5371953902216, 65.5371953902216, 'TRACK'
10, 20195, 65.55232425230535, 65.55232425230535, 'TRACK'
10, 20196, 65.56745311438911, 65.56745311438911, 'TRACK'
10, 20197, 65.58258197647287, 65.58258197647287, 'TRACK'
10, 20198, 65.60515775735986, 65.60515775735986, 'SEARCH'
10, 20199, 65.63275994800252, 65.63275994800252, 'SEARCH'
10, 20200, 65.65256916431446, 65.65256916431446, 'SEARCH'
10, 20201, 65.67763507315716, 65.67763507315716, 'SEARCH'
10, 20202, 65.69412982074796, 65.69412982074796, 'SEARCH'
10, 20203, 65.72124095868074, 65.72124095868074, 'SEARCH'
10, 20204, 65.70667073719935, 65.70667073719935, 'SEARCH'
10, 20205, 65.69131412634873, 65.69131412634873, 'SEARCH'
10, 20206, 65.717949918389, 65.717949918389, 'SEARCH'
10, 20207, 65.74517396858099, 65.74517396858099, 'SEARCH'
10, 20208, 65.74681255012794, 65.74681255012794, 'SEARCH'
10, 20209, 65.7407634857685, 65.7407634857685, 'SEARCH'
10, 20210, 65.7680744452144, 65.7680744452144, 'SEARCH'
10, 20211, 65.77357445420941, 65.77357445420941, 'SEARCH'
10, 20212, 65.7940379869935, 65.7940379869935, 'SEARCH'
10, 20213, 65.77489183729111, 65.77489183729111, 'SEARCH'
10, 20214, 65.80017044855235, 65.80017044855235, 'SEARCH'
10, 20215, 65.82602179351206, 65.82602179351206, 'SEARCH'
10, 20216, 65.85202031451684, 65.85202031451684, 'SEARCH'
10, 20217, 65.82632578144435, 65.82632578144435, 'SEARCH'
10, 20218, 65.85249627869278, 65.85249627869278, 'SEARCH'
10, 20219, 65.86032144939709, 65.86032144939709, 'SEARCH'
10, 20220, 65.8879143135065, 65.8879143135065, 'SEARCH'
10, 20221, 65.91129480716441, 65.91129480716441, 'SEARCH'
10, 20222, 65.93620059526077, 65.93620059526077, 'SEARCH'
10, 20223, 65.9619191465579, 65.9619191465579, 'SEARCH'
10, 20224, 65.9801859265076, 65.9801859265076, 'SEARCH'
10, 20225, 65.99240828553422, 65.99240828553422, 'SEARCH'
10, 20226, 66.01912505216292, 66.01912505216292, 'SEARCH'
10, 20227, 66.04038647774846, 66.04038647774846, 'SEARCH'
10, 20228, 66.06340787052197, 66.06340787052197, 'SEARCH'
10, 20229, 66.05618949047903, 66.05618949047903, 'SEARCH'
10, 20230, 66.07999964939899, 66.07999964939899, 'SEARCH'
10, 20231, 66.06692255985291, 66.06692255985291, 'SEARCH'
10, 20232, 66.09145141251612, 66.09145141251612, 'SEARCH'
10, 20233, 66.10314869711435, 66.10314869711435, 'SEARCH'
10, 20234, 66.11864747411668, 66.11864747411668, 'SEARCH'
10, 20235, 66.10599844943769, 66.10599844943769, 'SEARCH'
10, 20236, 66.1045372275596, 66.1045372275596, 'SEARCH'
10, 20237, 66.12519102075649, 66.12519102075649, 'SEARCH'
10, 20238, 66.15286351804713, 66.15286351804713, 'SEARCH'
10, 20239, 66.13651329757008, 66.13651329757008, 'SEARCH'
10, 20240, 66.13169978367841, 66.13169978367841, 'SEARCH'
10, 20241, 66.14303271605561, 66.14303271605561, 'SEARCH'
10, 20242, 66.12087476818283, 66.12087476818283, 'SEARCH'
10, 20243, 66.1006175952131, 66.1006175952131, 'SEARCH'
10, 20244, 66.12329928636629, 66.12329928636629, 'SEARCH'
10, 20245, 66.12483744482209, 66.12483744482209, 'SEARCH'
10, 20246, 66.15156782792454, 66.15156782792454, 'SEARCH'
10, 20247, 66.17729406848704, 66.17729406848704, 'SEARCH'
10, 20248, 66.17490865847921, 66.17490865847921, 'SEARCH'
10, 20249, 66.19676033052936, 66.19676033052936, 'SEARCH'
10, 20250, 66.17518510822282, 66.17518510822282, 'SEARCH'
10, 20251, 66.19902655551964, 66.19902655551964, 'SEARCH'
10, 20252, 66.2258686140141, 66.2258686140141, 'SEARCH'
10, 20253, 66.20729149197352, 66.20729149197352, 'SEARCH'
10, 20254, 66.23206591472822, 66.23206591472822, 'SEARCH'
10, 20255, 66.20827215654334, 66.20827215654334, 'SEARCH'
10, 20256, 66.23152826931164, 66.23152826931164, 'SEARCH'
10, 20257, 66.25278676292383, 66.25278676292383, 'SEARCH'
10, 20258, 66.23529816710031, 66.23529816710031, 'SEARCH'
10, 20259, 66.22955223210124, 66.22955223210124, 'SEARCH'
10, 20260, 66.21830811150132, 66.21830811150132, 'SEARCH'
10, 20261, 66.24384079379902, 66.24384079379902, 'SEARCH'
10, 20262, 66.22323307204988, 66.22323307204988, 'SEARCH'
10, 20263, 66.25072728644466, 66.25072728644466, 'SEARCH'
10, 20264, 66.27843347155502, 66.27843347155502, 'SEARCH'
10, 20265, 66.29592883675674, 66.29592883675674, 'SEARCH'
10, 20266, 66.31690164514632, 66.31690164514632, 'SEARCH'
10, 20267, 66.31303656439898, 66.31303656439898, 'SEARCH'
10, 20268, 66.31788771962893, 66.31788771962893, 'SEARCH'
10, 20269, 66.31938531725437, 66.31938531725437, 'SEARCH'
10, 20270, 66.3141483340249, 66.3141483340249, 'SEARCH'
10, 20271, 66.29909787369353, 66.29909787369353, 'SEARCH'
10, 20272, 66.30826601844844, 66.30826601844844, 'SEARCH'
10, 20273, 66.3296356701485, 66.3296356701485, 'SEARCH'
10, 20274, 66.3554385558898, 66.3554385558898, 'SEARCH'
10, 20275, 66.37549177429436, 66.37549177429436, 'SEARCH'
10, 20276, 66.39713749058842, 66.39713749058842, 'SEARCH'
10, 20277, 66.37687603652216, 66.37687603652216, 'SEARCH'
10, 20278, 66.37699698706453, 66.37699698706453, 'SEARCH'
10, 20279, 66.38432506697534, 66.38432506697534, 'TRACK'
10, 20280, 66.37099495899614, 66.37099495899614, 'TRACK'
10, 20281, 66.3697347022943, 66.3697347022943, 'SEARCH'
10, 20282, 66.34923857227581, 66.34923857227581, 'SEARCH'
10, 20283, 66.3706609094989, 66.3706609094989, 'SEARCH'
10, 20284, 66.35956224696203, 66.35956224696203, 'SEARCH'
10, 20285, 66.3850316082474, 66.3850316082474, 'SEARCH'
10, 20286, 66.38621212851315, 66.38621212851315, 'SEARCH'
10, 20287, 66.37924782676605, 66.37924782676605, 'SEARCH'
10, 20288, 66.39419132106211, 66.39419132106211, 'SEARCH'
10, 20289, 66.42183910331329, 66.42183910331329, 'SEARCH'
10, 20290, 66.41867809330016, 66.41867809330016, 'SEARCH'
10, 20291, 66.42657763231405, 66.42657763231405, 'SEARCH'
10, 20292, 66.44232977169904, 66.44232977169904, 'SEARCH'
10, 20293, 66.43399695851959, 66.43399695851959, 'SEARCH'
10, 20294, 66.45280342624272, 66.45280342624272, 'SEARCH'
10, 20295, 66.47486950272126, 66.47486950272126, 'SEARCH'
10, 20296, 66.4717566935748, 66.4717566935748, 'SEARCH'
10, 20297, 66.4763999260314, 66.4763999260314, 'SEARCH'
10, 20298, 66.48710064368984, 66.48710064368984, 'SEARCH'
10, 20299, 66.5029033775835, 66.5029033775835, 'SEARCH'
10, 20300, 66.51720999077544, 66.51720999077544, 'TRACK'
10, 20301, 66.53151660396739, 66.53151660396739, 'TRACK'
10, 20302, 66.54582321715934, 66.54582321715934, 'TRACK'
10, 20303, 66.56012983035129, 66.56012983035129, 'TRACK'
10, 20304, 66.56045993315261, 66.56045993315261, 'SEARCH'
10, 20305, 66.55361257251556, 66.55361257251556, 'SEARCH'
10, 20306, 66.55738050470957, 66.55738050470957, 'SEARCH'
10, 20307, 66.54735100726107, 66.54735100726107, 'SEARCH'
10, 20308, 66.56802354984745, 66.56802354984745, 'SEARCH'
10, 20309, 66.59054792282609, 66.59054792282609, 'SEARCH'
10, 20310, 66.61043739386623, 66.61043739386623, 'SEARCH'
10, 20311, 66.62377962731603, 66.62377962731603, 'SEARCH'
10, 20312, 66.61598925329174, 66.61598925329174, 'SEARCH'
10, 20313, 66.64354690199204, 66.64354690199204, 'SEARCH'
10, 20314, 66.62071277390108, 66.62071277390108, 'SEARCH'
10, 20315, 66.64848782033835, 66.64848782033835, 'SEARCH'
10, 20316, 66.64497049274561, 66.64497049274561, 'SEARCH'
10, 20317, 66.6197513365457, 66.6197513365457, 'SEARCH'
10, 20318, 66.64247099198624, 66.64247099198624, 'SEARCH'
10, 20319, 66.65794029399183, 66.65794029399183, 'SEARCH'
10, 20320, 66.66076656893622, 66.66076656893622, 'SEARCH'
10, 20321, 66.63717933976604, 66.63717933976604, 'SEARCH'
10, 20322, 66.66359371168397, 66.66359371168397, 'SEARCH'
10, 20323, 66.68813914308053, 66.68813914308053, 'SEARCH'
10, 20324, 66.69095766085574, 66.69095766085574, 'SEARCH'
10, 20325, 66.71814188478697, 66.71814188478697, 'SEARCH'
10, 20326, 66.73804899815796, 66.73804899815796, 'SEARCH'
10, 20327, 66.75726055516874, 66.75726055516874, 'SEARCH'
10, 20328, 66.78296825097352, 66.78296825097352, 'SEARCH'
10, 20329, 66.78523799698515, 66.78523799698515, 'SEARCH'
10, 20330, 66.75961769668507, 66.75961769668507, 'SEARCH'
10, 20331, 66.76195304632552, 66.76195304632552, 'SEARCH'
10, 20332, 66.7834996719424, 66.7834996719424, 'SEARCH'
10, 20333, 66.77168898968367, 66.77168898968367, 'SEARCH'
10, 20334, 66.794695321739, 66.794695321739, 'SEARCH'
10, 20335, 66.82219464243705, 66.82219464243705, 'SEARCH'
10, 20336, 66.82835327930579, 66.82835327930579, 'TRACK'
10, 20337, 66.85603193622055, 66.85603193622055, 'TRACK'
10, 20338, 66.86121724321298, 66.86121724321298, 'TRACK'
10, 20339, 66.88850355339362, 66.88850355339362, 'TRACK'
10, 20340, 66.904319423697, 66.904319423697, 'SEARCH'
10, 20341, 66.91808346954375, 66.91808346954375, 'SEARCH'
10, 20342, 66.94396519971698, 66.94396519971698, 'SEARCH'
10, 20343, 66.94379664093792, 66.94379664093792, 'SEARCH'
10, 20344, 66.96154169669694, 66.96154169669694, 'SEARCH'
10, 20345, 66.98845789536661, 66.98845789536661, 'SEARCH'
10, 20346, 66.97159693815127, 66.97159693815127, 'SEARCH'
10, 20347, 66.97532696048921, 66.97532696048921, 'SEARCH'
10, 20348, 66.97086541193397, 66.97086541193397, 'SEARCH'
10, 20349, 66.99239817021342, 66.99239817021342, 'SEARCH'
10, 20350, 66.9775926549559, 66.9775926549559, 'SEARCH'
10, 20351, 66.97128663765317, 66.97128663765317, 'SEARCH'
10, 20352, 66.949991265162, 66.949991265162, 'SEARCH'
10, 20353, 66.97734343800049, 66.97734343800049, 'SEARCH'
10, 20354, 66.95574212096702, 66.95574212096702, 'SEARCH'
10, 20355, 66.9414561950292, 66.9414561950292, 'SEARCH'
10, 20356, 66.96685922165311, 66.96685922165311, 'SEARCH'
10, 20357, 66.9601785532421, 66.9601785532421, 'SEARCH'
10, 20358, 66.98240776188491, 66.98240776188491, 'SEARCH'
10, 20359, 67.00925417573302, 67.00925417573302, 'SEARCH'
10, 20360, 67.02891540131921, 67.02891540131921, 'SEARCH'
10, 20361, 67.04986796702669, 67.04986796702669, 'SEARCH'
10, 20362, 67.07203496394078, 67.07203496394078, 'SEARCH'
10, 20363, 67.0739279268076, 67.0739279268076, 'SEARCH'
10, 20364, 67.07052080619742, 67.07052080619742, 'SEARCH'
10, 20365, 67.09828194881513, 67.09828194881513, 'SEARCH'
10, 20366, 67.08193002237977, 67.08193002237977, 'SEARCH'
10, 20367, 67.06933134660359, 67.06933134660359, 'SEARCH'
10, 20368, 67.09064537159048, 67.09064537159048, 'SEARCH'
10, 20369, 67.08443640631684, 67.08443640631684, 'SEARCH'
10, 20370, 67.09754324425317, 67.09754324425317, 'SEARCH'
10, 20371, 67.1218763854275, 67.1218763854275, 'SEARCH'
10, 20372, 67.12241776417248, 67.12241776417248, 'SEARCH'
10, 20373, 67.14865542430597, 67.14865542430597, 'SEARCH'
10, 20374, 67.17520900351091, 67.17520900351091, 'SEARCH'
10, 20375, 67.19849989959444, 67.19849989959444, 'SEARCH'
10, 20376, 67.20471979247571, 67.20471979247571, 'SEARCH'
10, 20377, 67.23029451479114, 67.23029451479114, 'SEARCH'
10, 20378, 67.2572325457492, 67.2572325457492, 'SEARCH'
10, 20379, 67.28403964590234, 67.28403964590234, 'SEARCH'
10, 20380, 67.28921727967972, 67.28921727967972, 'SEARCH'
10, 20381, 67.26379772826654, 67.26379772826654, 'SEARCH'
10, 20382, 67.29122413891076, 67.29122413891076, 'SEARCH'
10, 20383, 67.31761279946801, 67.31761279946801, 'SEARCH'
10, 20384, 67.30197581404795, 67.30197581404795, 'SEARCH'
10, 20385, 67.27863529388088, 67.27863529388088, 'SEARCH'
10, 20386, 67.29332720544588, 67.29332720544588, 'SEARCH'
10, 20387, 67.27544730576301, 67.27544730576301, 'SEARCH'
10, 20388, 67.30062837426786, 67.30062837426786, 'SEARCH'
10, 20389, 67.3169462530883, 67.3169462530883, 'SEARCH'
10, 20390, 67.3397086519372, 67.3397086519372, 'SEARCH'
10, 20391, 67.3391612873661, 67.3391612873661, 'SEARCH'
10, 20392, 67.34817126799949, 67.34817126799949, 'SEARCH'
10, 20393, 67.36287108334403, 67.36287108334403, 'SEARCH'
10, 20394, 67.3446299275959, 67.3446299275959, 'SEARCH'
10, 20395, 67.37169039643216, 67.37169039643216, 'SEARCH'
10, 20396, 67.3644798255764, 67.3644798255764, 'SEARCH'
10, 20397, 67.39040748989085, 67.39040748989085, 'SEARCH'
10, 20398, 67.37108743777739, 67.37108743777739, 'SEARCH'
10, 20399, 67.39039366313685, 67.39039366313685, 'SEARCH'
10, 20400, 67.41286352940942, 67.41286352940942, 'SEARCH'
10, 20401, 67.43878053913626, 67.43878053913626, 'SEARCH'
10, 20402, 67.46237586377394, 67.46237586377394, 'SEARCH'
10, 20403, 67.48388654381387, 67.48388654381387, 'SEARCH'
10, 20404, 67.48326508682369, 67.48326508682369, 'SEARCH'
10, 20405, 67.46886492195111, 67.46886492195111, 'SEARCH'
10, 20406, 67.4907139358898, 67.4907139358898, 'SEARCH'
10, 20407, 67.50149282261775, 67.50149282261775, 'SEARCH'
10, 20408, 67.52854223177842, 67.52854223177842, 'SEARCH'
10, 20409, 67.5039659213102, 67.5039659213102, 'SEARCH'
10, 20410, 67.49908550137188, 67.49908550137188, 'SEARCH'
10, 20411, 67.5266532831575, 67.5266532831575, 'SEARCH'
10, 20412, 67.52272603639122, 67.52272603639122, 'SEARCH'
10, 20413, 67.55049905352809, 67.55049905352809, 'SEARCH'
10, 20414, 67.5711891003642, 67.5711891003642, 'SEARCH'
10, 20415, 67.56720491992729, 67.56720491992729, 'SEARCH'
10, 20416, 67.59496260675847, 67.59496260675847, 'SEARCH'
10, 20417, 67.57489252544102, 67.57489252544102, 'SEARCH'
10, 20418, 67.60186414907704, 67.60186414907704, 'SEARCH'
10, 20419, 67.57705709914049, 67.57705709914049, 'SEARCH'
10, 20420, 67.56840065185419, 67.56840065185419, 'SEARCH'
10, 20421, 67.57078402498372, 67.57078402498372, 'SEARCH'
10, 20422, 67.5617268755462, 67.5617268755462, 'SEARCH'
10, 20423, 67.54464481604901, 67.54464481604901, 'SEARCH'
10, 20424, 67.53081842019706, 67.53081842019706, 'SEARCH'
10, 20425, 67.53141979140854, 67.53141979140854, 'SEARCH'
10, 20426, 67.55653419315054, 67.55653419315054, 'SEARCH'
10, 20427, 67.56334499498524, 67.56334499498524, 'SEARCH'
10, 20428, 67.54790307691685, 67.54790307691685, 'SEARCH'
10, 20429, 67.52552245841346, 67.52552245841346, 'SEARCH'
10, 20430, 67.54666838667407, 67.54666838667407, 'SEARCH'
10, 20431, 67.57030776401518, 67.57030776401518, 'SEARCH'
10, 20432, 67.56185258162117, 67.56185258162117, 'SEARCH'
10, 20433, 67.57630824241147, 67.57630824241147, 'SEARCH'
10, 20434, 67.6040854628047, 67.6040854628047, 'SEARCH'
10, 20435, 67.62277155369657, 67.62277155369657, 'SEARCH'
10, 20436, 67.62676198900242, 67.62676198900242, 'SEARCH'
10, 20437, 67.6454580527955, 67.6454580527955, 'SEARCH'
10, 20438, 67.6678486253907, 67.6678486253907, 'SEARCH'
10, 20439, 67.6454281344855, 67.6454281344855, 'SEARCH'
10, 20440, 67.64122031124762, 67.64122031124762, 'SEARCH'
10, 20441, 67.64477741523707, 67.64477741523707, 'SEARCH'
10, 20442, 67.67198815333236, 67.67198815333236, 'SEARCH'
10, 20443, 67.64688075628278, 67.64688075628278, 'SEARCH'
10, 20444, 67.66833543995233, 67.66833543995233, 'SEARCH'
10, 20445, 67.69606635682727, 67.69606635682727, 'SEARCH'
10, 20446, 67.67054200122205, 67.67054200122205, 'SEARCH'
10, 20447, 67.69786858033278, 67.69786858033278, 'SEARCH'
10, 20448, 67.72558670152817, 67.72558670152817, 'SEARCH'
10, 20449, 67.74865887276361, 67.74865887276361, 'SEARCH'
10, 20450, 67.74389216511982, 67.74389216511982, 'SEARCH'
10, 20451, 67.77048311554752, 67.77048311554752, 'SEARCH'
10, 20452, 67.79400832769618, 67.79400832769618, 'SEARCH'
10, 20453, 67.78497275856675, 67.78497275856675, 'SEARCH'
10, 20454, 67.7912690078806, 67.7912690078806, 'SEARCH'
10, 20455, 67.78794970804141, 67.78794970804141, 'SEARCH'
10, 20456, 67.80865907967643, 67.80865907967643, 'SEARCH'
10, 20457, 67.83379775402219, 67.83379775402219, 'SEARCH'
10, 20458, 67.85653181581803, 67.85653181581803, 'SEARCH'
10, 20459, 67.87782137120902, 67.87782137120902, 'SEARCH'
10, 20460, 67.88587816566908, 67.88587816566908, 'SEARCH'
10, 20461, 67.91324314798285, 67.91324314798285, 'SEARCH'
10, 20462, 67.8956837236409, 67.8956837236409, 'SEARCH'
10, 20463, 67.92286519843107, 67.92286519843107, 'SEARCH'
10, 20464, 67.94967040688512, 67.94967040688512, 'SEARCH'
10, 20465, 67.92799850222194, 67.92799850222194, 'SEARCH'
10, 20466, 67.95107372531902, 67.95107372531902, 'SEARCH'
10, 20467, 67.97639478870775, 67.97639478870775, 'SEARCH'
10, 20468, 67.97671635103701, 67.97671635103701, 'SEARCH'
10, 20469, 68.00286502330403, 68.00286502330403, 'SEARCH'
10, 20470, 67.98028329031497, 67.98028329031497, 'SEARCH'
10, 20471, 68.00800245568026, 68.00800245568026, 'SEARCH'
10, 20472, 68.00830730216155, 68.00830730216155, 'SEARCH'
10, 20473, 68.00525228183723, 68.00525228183723, 'SEARCH'
10, 20474, 68.02994799617332, 68.02994799617332, 'SEARCH'
10, 20475, 68.0517472303604, 68.0517472303604, 'SEARCH'
10, 20476, 68.02975826361103, 68.02975826361103, 'SEARCH'
10, 20477, 68.00540990485563, 68.00540990485563, 'SEARCH'
10, 20478, 68.00535169923862, 68.00535169923862, 'SEARCH'
10, 20479, 67.98374568120008, 67.98374568120008, 'SEARCH'
10, 20480, 67.96590777232458, 67.96590777232458, 'SEARCH'
10, 20481, 67.98992754940379, 67.98992754940379, 'SEARCH'
10, 20482, 68.01397362857885, 68.01397362857885, 'SEARCH'
10, 20483, 68.0361386116967, 68.0361386116967, 'SEARCH'
10, 20484, 68.06365298640345, 68.06365298640345, 'SEARCH'
10, 20485, 68.07950542548309, 68.07950542548309, 'SEARCH'
10, 20486, 68.10728053333975, 68.10728053333975, 'SEARCH'
10, 20487, 68.13492086883032, 68.13492086883032, 'SEARCH'
10, 20488, 68.15607623788262, 68.15607623788262, 'SEARCH'
10, 20489, 68.17624984567134, 68.17624984567134, 'SEARCH'
10, 20490, 68.15514208900665, 68.15514208900665, 'SEARCH'
10, 20491, 68.18291805251779, 68.18291805251779, 'SEARCH'
10, 20492, 68.21061253987871, 68.21061253987871, 'SEARCH'
10, 20493, 68.21987320985141, 68.21987320985141, 'SEARCH'
10, 20494, 68.24621568260345, 68.24621568260345, 'SEARCH'
10, 20495, 68.27374895598402, 68.27374895598402, 'SEARCH'
10, 20496, 68.2972263793043, 68.2972263793043, 'SEARCH'
10, 20497, 68.3068170407603, 68.3068170407603, 'SEARCH'
10, 20498, 68.32203558119322, 68.32203558119322, 'SEARCH'
10, 20499, 68.32068779786488, 68.32068779786488, 'SEARCH'
10, 20500, 68.32986069751351, 68.32986069751351, 'SEARCH'
10, 20501, 68.35762635456099, 68.35762635456099, 'SEARCH'
10, 20502, 68.38059664410618, 68.38059664410618, 'SEARCH'
10, 20503, 68.40215215632716, 68.40215215632716, 'SEARCH'
10, 20504, 68.42311446598248, 68.42311446598248, 'SEARCH'
10, 20505, 68.4034594817972, 68.4034594817972, 'SEARCH'
10, 20506, 68.39724395034754, 68.39724395034754, 'SEARCH'
10, 20507, 68.41793507850997, 68.41793507850997, 'SEARCH'
10, 20508, 68.40494477703749, 68.40494477703749, 'SEARCH'
10, 20509, 68.41362757593772, 68.41362757593772, 'SEARCH'
10, 20510, 68.43933852023835, 68.43933852023835, 'SEARCH'
10, 20511, 68.44182308727943, 68.44182308727943, 'SEARCH'
10, 20512, 68.46943930355778, 68.46943930355778, 'SEARCH'
10, 20513, 68.46705775813841, 68.46705775813841, 'SEARCH'
10, 20514, 68.4915500079315, 68.4915500079315, 'SEARCH'
10, 20515, 68.51911853278528, 68.51911853278528, 'SEARCH'
10, 20516, 68.4945774711788, 68.4945774711788, 'SEARCH'
10, 20517, 68.50500452114355, 68.50500452114355, 'SEARCH'
10, 20518, 68.52954607476319, 68.52954607476319, 'SEARCH'
10, 20519, 68.5399565463476, 68.5399565463476, 'SEARCH'
10, 20520, 68.56739004106355, 68.56739004106355, 'SEARCH'
10, 20521, 68.5419991959904, 68.5419991959904, 'SEARCH'
10, 20522, 68.56926309219375, 68.56926309219375, 'SEARCH'
10, 20523, 68.55492834887689, 68.55492834887689, 'SEARCH'
10, 20524, 68.57352730956774, 68.57352730956774, 'SEARCH'
10, 20525, 68.58906590590375, 68.58906590590375, 'SEARCH'
10, 20526, 68.57821655368681, 68.57821655368681, 'SEARCH'
10, 20527, 68.55371370721285, 68.55371370721285, 'SEARCH'
10, 20528, 68.58075572256678, 68.58075572256678, 'SEARCH'
10, 20529, 68.59426877821433, 68.59426877821433, 'SEARCH'
10, 20530, 68.61677414358365, 68.61677414358365, 'SEARCH'
10, 20531, 68.6437352178284, 68.6437352178284, 'SEARCH'
10, 20532, 68.63423115249813, 68.63423115249813, 'SEARCH'
10, 20533, 68.65639130775973, 68.65639130775973, 'SEARCH'
10, 20534, 68.68020938934737, 68.68020938934737, 'SEARCH'
10, 20535, 68.70561441843472, 68.70561441843472, 'SEARCH'
10, 20536, 68.73199343643913, 68.73199343643913, 'SEARCH'
10, 20537, 68.7227969903636, 68.7227969903636, 'SEARCH'
10, 20538, 68.75025106408118, 68.75025106408118, 'SEARCH'
10, 20539, 68.7776597602217, 68.7776597602217, 'TRACK'
10, 20540, 68.76529250365827, 68.76529250365827, 'TRACK'
10, 20541, 68.79306979358891, 68.79306979358891, 'SEARCH'
10, 20542, 68.77736122858235, 68.77736122858235, 'TRACK'
10, 20543, 68.79723077304527, 68.79723077304527, 'SEARCH'
10, 20544, 68.82374324789048, 68.82374324789048, 'SEARCH'
10, 20545, 68.82883579478192, 68.82883579478192, 'SEARCH'
10, 20546, 68.85249346281523, 68.85249346281523, 'SEARCH'
10, 20547, 68.86978145827416, 68.86978145827416, 'SEARCH'
10, 20548, 68.89690340729808, 68.89690340729808, 'SEARCH'
10, 20549, 68.9235185958583, 68.9235185958583, 'SEARCH'
10, 20550, 68.92462689025157, 68.92462689025157, 'SEARCH'
10, 20551, 68.92865758223907, 68.92865758223907, 'SEARCH'
10, 20552, 68.92981554349605, 68.92981554349605, 'SEARCH'
10, 20553, 68.92761007120055, 68.92761007120055, 'SEARCH'
10, 20554, 68.94334966489474, 68.94334966489474, 'SEARCH'
10, 20555, 68.9368693460471, 68.9368693460471, 'SEARCH'
10, 20556, 68.95973629915636, 68.95973629915636, 'SEARCH'
10, 20557, 68.98592488217018, 68.98592488217018, 'SEARCH'
10, 20558, 69.01179476086313, 69.01179476086313, 'SEARCH'
10, 20559, 69.00286259695199, 69.00286259695199, 'SEARCH'
10, 20560, 69.01341804496022, 69.01341804496022, 'SEARCH'
10, 20561, 68.99762545149648, 68.99762545149648, 'SEARCH'
10, 20562, 69.02539420705052, 69.02539420705052, 'SEARCH'
10, 20563, 69.02847009633153, 69.02847009633153, 'SEARCH'
10, 20564, 69.0559361160919, 69.0559361160919, 'SEARCH'
10, 20565, 69.06186145935001, 69.06186145935001, 'SEARCH'
10, 20566, 69.07909861224739, 69.07909861224739, 'SEARCH'
10, 20567, 69.07491648611682, 69.07491648611682, 'SEARCH'
10, 20568, 69.05440966648786, 69.05440966648786, 'SEARCH'
10, 20569, 69.07554321970102, 69.07554321970102, 'SEARCH'
10, 20570, 69.10314252765788, 69.10314252765788, 'SEARCH'
10, 20571, 69.12839695291883, 69.12839695291883, 'SEARCH'
10, 20572, 69.13804410382795, 69.13804410382795, 'SEARCH'
10, 20573, 69.16479145284057, 69.16479145284057, 'SEARCH'
10, 20574, 69.17069129994309, 69.17069129994309, 'SEARCH'
10, 20575, 69.18902545631721, 69.18902545631721, 'SEARCH'
10, 20576, 69.17653617191708, 69.17653617191708, 'SEARCH'
10, 20577, 69.15476211423008, 69.15476211423008, 'SEARCH'
10, 20578, 69.1761946907201, 69.1761946907201, 'SEARCH'
10, 20579, 69.16778831233869, 69.16778831233869, 'SEARCH'
10, 20580, 69.1761302386594, 69.1761302386594, 'SEARCH'
10, 20581, 69.15469797121395, 69.15469797121395, 'SEARCH'
10, 20582, 69.17586010721674, 69.17586010721674, 'SEARCH'
10, 20583, 69.1742072158937, 69.1742072158937, 'SEARCH'
10, 20584, 69.15192375217757, 69.15192375217757, 'SEARCH'
10, 20585, 69.17043159665423, 69.17043159665423, 'SEARCH'
10, 20586, 69.18666448511986, 69.18666448511986, 'SEARCH'
10, 20587, 69.17796590883343, 69.17796590883343, 'SEARCH'
10, 20588, 69.20515217961683, 69.20515217961683, 'SEARCH'
10, 20589, 69.18682952834075, 69.18682952834075, 'SEARCH'
10, 20590, 69.18869336195203, 69.18869336195203, 'SEARCH'
10, 20591, 69.21540769418795, 69.21540769418795, 'SEARCH'
10, 20592, 69.19039599564174, 69.19039599564174, 'SEARCH'
10, 20593, 69.21312499195636, 69.21312499195636, 'SEARCH'
10, 20594, 69.23908185262134, 69.23908185262134, 'SEARCH'
10, 20595, 69.2149626823772, 69.2149626823772, 'SEARCH'
10, 20596, 69.22067312031545, 69.22067312031545, 'SEARCH'
10, 20597, 69.19735183249932, 69.19735183249932, 'SEARCH'
10, 20598, 69.22418682949608, 69.22418682949608, 'SEARCH'
10, 20599, 69.23590203128795, 69.23590203128795, 'SEARCH'
10, 20600, 69.2571686128557, 69.2571686128557, 'SEARCH'
10, 20601, 69.25567686114104, 69.25567686114104, 'SEARCH'
10, 20602, 69.2595395513922, 69.2595395513922, 'SEARCH'
10, 20603, 69.2873127159743, 69.2873127159743, 'SEARCH'
10, 20604, 69.28873585646761, 69.28873585646761, 'SEARCH'
10, 20605, 69.29639135209699, 69.29639135209699, 'TRACK'
10, 20606, 69.2896865205219, 69.2896865205219, 'TRACK'
10, 20607, 69.3064512196929, 69.3064512196929, 'SEARCH'
10, 20608, 69.33329650251511, 69.33329650251511, 'SEARCH'
10, 20609, 69.36065443594485, 69.36065443594485, 'SEARCH'
10, 20610, 69.37451455405366, 69.37451455405366, 'SEARCH'
10, 20611, 69.35777267472818, 69.35777267472818, 'SEARCH'
10, 20612, 69.35154985574964, 69.35154985574964, 'SEARCH'
10, 20613, 69.35880702133817, 69.35880702133817, 'SEARCH'
10, 20614, 69.37481191278015, 69.37481191278015, 'SEARCH'
10, 20615, 69.39041545084635, 69.39041545084635, 'SEARCH'
10, 20616, 69.38008656488688, 69.38008656488688, 'SEARCH'
10, 20617, 69.40467513437328, 69.40467513437328, 'SEARCH'
10, 20618, 69.39711665204995, 69.39711665204995, 'SEARCH'
10, 20619, 69.40855032217068, 69.40855032217068, 'SEARCH'
10, 20620, 69.43534049644416, 69.43534049644416, 'SEARCH'
10, 20621, 69.41542650424715, 69.41542650424715, 'SEARCH'
10, 20622, 69.43956163923883, 69.43956163923883, 'SEARCH'
10, 20623, 69.44546313531222, 69.44546313531222, 'SEARCH'
10, 20624, 69.4577752680505, 69.4577752680505, 'SEARCH'
10, 20625, 69.44318880871194, 69.44318880871194, 'SEARCH'
10, 20626, 69.47095630705319, 69.47095630705319, 'SEARCH'
10, 20627, 69.44650622079254, 69.44650622079254, 'SEARCH'
10, 20628, 69.47340367677678, 69.47340367677678, 'SEARCH'
10, 20629, 69.44809472612624, 69.44809472612624, 'SEARCH'
10, 20630, 69.42967708321389, 69.42967708321389, 'SEARCH'
10, 20631, 69.45745336989657, 69.45745336989657, 'SEARCH'
10, 20632, 69.4421148648653, 69.4421148648653, 'SEARCH'
10, 20633, 69.45279078009361, 69.45279078009361, 'SEARCH'
10, 20634, 69.45695656797173, 69.45695656797173, 'SEARCH'
10, 20635, 69.47844552920662, 69.47844552920662, 'SEARCH'
10, 20636, 69.50557924802143, 69.50557924802143, 'SEARCH'
10, 20637, 69.49958815689307, 69.49958815689307, 'SEARCH'
10, 20638, 69.52735808661122, 69.52735808661122, 'SEARCH'
10, 20639, 69.50170003399468, 69.50170003399468, 'SEARCH'
10, 20640, 69.51012624268641, 69.51012624268641, 'SEARCH'
10, 20641, 69.49107319851004, 69.49107319851004, 'SEARCH'
10, 20642, 69.46546991366783, 69.46546991366783, 'SEARCH'
10, 20643, 69.48875360468983, 69.48875360468983, 'SEARCH'
10, 20644, 69.4829298634916, 69.4829298634916, 'SEARCH'
10, 20645, 69.50648883230618, 69.50648883230618, 'SEARCH'
10, 20646, 69.52974792238662, 69.52974792238662, 'SEARCH'
10, 20647, 69.5566035398033, 69.5566035398033, 'SEARCH'
10, 20648, 69.54833290269526, 69.54833290269526, 'SEARCH'
10, 20649, 69.5689043670326, 69.5689043670326, 'SEARCH'
10, 20650, 69.57964436147334, 69.57964436147334, 'SEARCH'
10, 20651, 69.5540312084059, 69.5540312084059, 'SEARCH'
10, 20652, 69.57976828930407, 69.57976828930407, 'SEARCH'
10, 20653, 69.6009923173727, 69.6009923173727, 'SEARCH'
10, 20654, 69.62867330207295, 69.62867330207295, 'SEARCH'
10, 20655, 69.60503086622253, 69.60503086622253, 'SEARCH'
10, 20656, 69.59774795626203, 69.59774795626203, 'SEARCH'
10, 20657, 69.57524697304008, 69.57524697304008, 'SEARCH'
10, 20658, 69.5617950830849, 69.5617950830849, 'SEARCH'
10, 20659, 69.5847818415341, 69.5847818415341, 'SEARCH'
10, 20660, 69.5919804722435, 69.5919804722435, 'SEARCH'
10, 20661, 69.57270588080033, 69.57270588080033, 'SEARCH'
10, 20662, 69.59465274005674, 69.59465274005674, 'SEARCH'
10, 20663, 69.61708278368792, 69.61708278368792, 'SEARCH'
10, 20664, 69.64470769510274, 69.64470769510274, 'SEARCH'
10, 20665, 69.63700104371314, 69.63700104371314, 'SEARCH'
10, 20666, 69.6612949443392, 69.6612949443392, 'SEARCH'
10, 20667, 69.67985713185277, 69.67985713185277, 'SEARCH'
10, 20668, 69.66635199810105, 69.66635199810105, 'SEARCH'
10, 20669, 69.6460468083311, 69.6460468083311, 'SEARCH'
10, 20670, 69.6242071885285, 69.6242071885285, 'SEARCH'
10, 20671, 69.63780211632607, 69.63780211632607, 'SEARCH'
10, 20672, 69.66311650336891, 69.66311650336891, 'SEARCH'
10, 20673, 69.651016334967, 69.651016334967, 'SEARCH'
10, 20674, 69.67682451293663, 69.67682451293663, 'SEARCH'
10, 20675, 69.70458153598804, 69.70458153598804, 'SEARCH'
10, 20676, 69.73235927422608, 69.73235927422608, 'SEARCH'
10, 20677, 69.76009849337841, 69.76009849337841, 'SEARCH'
10, 20678, 69.78587736870286, 69.78587736870286, 'SEARCH'
10, 20679, 69.81346358185178, 69.81346358185178, 'SEARCH'
10, 20680, 69.79116546885335, 69.79116546885335, 'SEARCH'
10, 20681, 69.79634503800833, 69.79634503800833, 'SEARCH'
10, 20682, 69.77073746267823, 69.77073746267823, 'SEARCH'
10, 20683, 69.78664447132627, 69.78664447132627, 'SEARCH'
10, 20684, 69.76306974880019, 69.76306974880019, 'SEARCH'
10, 20685, 69.7852337016027, 69.7852337016027, 'SEARCH'
10, 20686, 69.80450564446903, 69.80450564446903, 'SEARCH'
10, 20687, 69.8300570484161, 69.8300570484161, 'SEARCH'
10, 20688, 69.85769134461519, 69.85769134461519, 'SEARCH'
10, 20689, 69.83309737421666, 69.83309737421666, 'SEARCH'
10, 20690, 69.81518308568849, 69.81518308568849, 'SEARCH'
10, 20691, 69.8061279204754, 69.8061279204754, 'SEARCH'
10, 20692, 69.83357014013212, 69.83357014013212, 'SEARCH'
10, 20693, 69.84828222627124, 69.84828222627124, 'SEARCH'
10, 20694, 69.8286346338492, 69.8286346338492, 'SEARCH'
10, 20695, 69.85290110844636, 69.85290110844636, 'SEARCH'
10, 20696, 69.8304228590919, 69.8304228590919, 'SEARCH'
10, 20697, 69.8483230670267, 69.8483230670267, 'SEARCH'
10, 20698, 69.87603665252902, 69.87603665252902, 'SEARCH'
10, 20699, 69.89959584860583, 69.89959584860583, 'SEARCH'
10, 20700, 69.92731095417784, 69.92731095417784, 'SEARCH'
10, 20701, 69.95464331152046, 69.95464331152046, 'SEARCH'
10, 20702, 69.95928620370526, 69.95928620370526, 'SEARCH'
10, 20703, 69.96251617282172, 69.96251617282172, 'SEARCH'
10, 20704, 69.95900578489105, 69.95900578489105, 'SEARCH'
10, 20705, 69.97926543362557, 69.97926543362557, 'SEARCH'
10, 20706, 69.97104996343298, 69.97104996343298, 'SEARCH'
10, 20707, 69.96523051162458, 69.96523051162458, 'SEARCH'
10, 20708, 69.94559157839308, 69.94559157839308, 'SEARCH'
10, 20709, 69.97301596274093, 69.97301596274093, 'SEARCH'
10, 20710, 69.97879966894529, 69.97879966894529, 'SEARCH'
10, 20711, 70.00651210689519, 70.00651210689519, 'SEARCH'
10, 20712, 70.03321995909252, 70.03321995909252, 'SEARCH'
10, 20713, 70.06097755463149, 70.06097755463149, 'SEARCH'
10, 20714, 70.0849600743701, 70.0849600743701, 'SEARCH'
10, 20715, 70.05991573339476, 70.05991573339476, 'SEARCH'
10, 20716, 70.06793291756104, 70.06793291756104, 'SEARCH'
10, 20717, 70.06929728892857, 70.06929728892857, 'SEARCH'
10, 20718, 70.07406746637287, 70.07406746637287, 'SEARCH'
10, 20719, 70.09943292729265, 70.09943292729265, 'SEARCH'
10, 20720, 70.09985254658474, 70.09985254658474, 'SEARCH'
10, 20721, 70.08019126159004, 70.08019126159004, 'SEARCH'
10, 20722, 70.10205449923164, 70.10205449923164, 'SEARCH'
10, 20723, 70.08731013784876, 70.08731013784876, 'SEARCH'
10, 20724, 70.062576222774, 70.062576222774, 'SEARCH'
10, 20725, 70.04335697396786, 70.04335697396786, 'SEARCH'
10, 20726, 70.07094859620456, 70.07094859620456, 'SEARCH'
10, 20727, 70.09377220108206, 70.09377220108206, 'SEARCH'
10, 20728, 70.11811288978573, 70.11811288978573, 'SEARCH'
10, 20729, 70.12107700963848, 70.12107700963848, 'SEARCH'
10, 20730, 70.12117052238747, 70.12117052238747, 'SEARCH'
10, 20731, 70.14722740024125, 70.14722740024125, 'SEARCH'
10, 20732, 70.16758537284471, 70.16758537284471, 'SEARCH'
10, 20733, 70.15415786039888, 70.15415786039888, 'SEARCH'
10, 20734, 70.17209636315823, 70.17209636315823, 'SEARCH'
10, 20735, 70.14939968617666, 70.14939968617666, 'SEARCH'
10, 20736, 70.17669950447663, 70.17669950447663, 'SEARCH'
10, 20737, 70.20258894469188, 70.20258894469188, 'SEARCH'
10, 20738, 70.17986296968245, 70.17986296968245, 'SEARCH'
10, 20739, 70.18480646824483, 70.18480646824483, 'SEARCH'
10, 20740, 70.19399201364908, 70.19399201364908, 'SEARCH'
10, 20741, 70.17664175625555, 70.17664175625555, 'SEARCH'
10, 20742, 70.20191642953965, 70.20191642953965, 'SEARCH'
10, 20743, 70.22808628834464, 70.22808628834464, 'SEARCH'
10, 20744, 70.25528875553478, 70.25528875553478, 'SEARCH'
10, 20745, 70.2799922470938, 70.2799922470938, 'SEARCH'
10, 20746, 70.25595064244858, 70.25595064244858, 'SEARCH'
10, 20747, 70.28370772238121, 70.28370772238121, 'SEARCH'
10, 20748, 70.30371687789625, 70.30371687789625, 'SEARCH'
10, 20749, 70.31323903955725, 70.31323903955725, 'SEARCH'
10, 20750, 70.33706964045973, 70.33706964045973, 'SEARCH'
10, 20751, 70.31460112476857, 70.31460112476857, 'SEARCH'
10, 20752, 70.32641411310063, 70.32641411310063, 'SEARCH'
10, 20753, 70.35231392933548, 70.35231392933548, 'SEARCH'
10, 20754, 70.37937553902117, 70.37937553902117, 'SEARCH'
10, 20755, 70.39898108373036, 70.39898108373036, 'SEARCH'
10, 20756, 70.42673952680106, 70.42673952680106, 'SEARCH'
10, 20757, 70.44983977622833, 70.44983977622833, 'SEARCH'
10, 20758, 70.42617592784772, 70.42617592784772, 'SEARCH'
10, 20759, 70.44900342792423, 70.44900342792423, 'SEARCH'
10, 20760, 70.44831570079697, 70.44831570079697, 'SEARCH'
10, 20761, 70.46567138355695, 70.46567138355695, 'SEARCH'
10, 20762, 70.46550248871952, 70.46550248871952, 'SEARCH'
10, 20763, 70.48325958502643, 70.48325958502643, 'SEARCH'
10, 20764, 70.51100612915818, 70.51100612915818, 'SEARCH'
10, 20765, 70.51100612915818, 70.51100612915818, 'TRACK'
10, 20766, 70.51100612915818, 70.51100612915818, 'TRACK'
10, 20767, 70.51100612915818, 70.51100612915818, 'TRACK'
10, 20768, 70.51100612915818, 70.51100612915818, 'TRACK'
10, 20769, 70.52004968900421, 70.52004968900421, 'TRACK'
10, 20770, 70.52909324885024, 70.52909324885024, 'TRACK'
10, 20771, 70.53813680869628, 70.53813680869628, 'TRACK'
10, 20772, 70.52384524473385, 70.52384524473385, 'SEARCH'
10, 20773, 70.53522277992387, 70.53522277992387, 'SEARCH'
10, 20774, 70.56250891027501, 70.56250891027501, 'SEARCH'
10, 20775, 70.58076537403181, 70.58076537403181, 'SEARCH'
10, 20776, 70.5778940452579, 70.5778940452579, 'SEARCH'
10, 20777, 70.58374897740649, 70.58374897740649, 'SEARCH'
10, 20778, 70.56673359906065, 70.56673359906065, 'SEARCH'
10, 20779, 70.58241832540912, 70.58241832540912, 'SEARCH'
10, 20780, 70.56256344485466, 70.56256344485466, 'SEARCH'
10, 20781, 70.57409765802444, 70.57409765802444, 'SEARCH'
10, 20782, 70.55178540569402, 70.55178540569402, 'SEARCH'
10, 20783, 70.5765966526284, 70.5765966526284, 'SEARCH'
10, 20784, 70.60102215287834, 70.60102215287834, 'SEARCH'
10, 20785, 70.62668846814528, 70.62668846814528, 'SEARCH'
10, 20786, 70.65066577613014, 70.65066577613014, 'SEARCH'
10, 20787, 70.6753802914599, 70.6753802914599, 'SEARCH'
10, 20788, 70.6825695663822, 70.6825695663822, 'SEARCH'
10, 20789, 70.65761373015563, 70.65761373015563, 'SEARCH'
10, 20790, 70.63520163045906, 70.63520163045906, 'SEARCH'
10, 20791, 70.61941824790642, 70.61941824790642, 'SEARCH'
10, 20792, 70.62591535850137, 70.62591535850137, 'SEARCH'
10, 20793, 70.65156333091612, 70.65156333091612, 'SEARCH'
10, 20794, 70.67904157981687, 70.67904157981687, 'SEARCH'
10, 20795, 70.66526745538097, 70.66526745538097, 'SEARCH'
10, 20796, 70.68966036506153, 70.68966036506153, 'SEARCH'
10, 20797, 70.71714424343008, 70.71714424343008, 'SEARCH'
10, 20798, 70.69180609425452, 70.69180609425452, 'SEARCH'
10, 20799, 70.69294769361272, 70.69294769361272, 'SEARCH'
10, 20800, 70.713447097752, 70.713447097752, 'SEARCH'
10, 20801, 70.73627817746298, 70.73627817746298, 'SEARCH'
10, 20802, 70.72596929080733, 70.72596929080733, 'SEARCH'
10, 20803, 70.70331315478403, 70.70331315478403, 'SEARCH'
10, 20804, 70.6835064262804, 70.6835064262804, 'SEARCH'
10, 20805, 70.66553264229861, 70.66553264229861, 'SEARCH'
10, 20806, 70.68716885722834, 70.68716885722834, 'SEARCH'
10, 20807, 70.7146538776087, 70.7146538776087, 'SEARCH'
10, 20808, 70.69815072616177, 70.69815072616177, 'SEARCH'
10, 20809, 70.72567757688289, 70.72567757688289, 'SEARCH'
10, 20810, 70.75333011381524, 70.75333011381524, 'SEARCH'
10, 20811, 70.74681125297597, 70.74681125297597, 'SEARCH'
10, 20812, 70.76968997542674, 70.76968997542674, 'SEARCH'
10, 20813, 70.79139353841221, 70.79139353841221, 'SEARCH'
10, 20814, 70.81663604574875, 70.81663604574875, 'SEARCH'
10, 20815, 70.83601608427024, 70.83601608427024, 'SEARCH'
10, 20816, 70.85987833203913, 70.85987833203913, 'SEARCH'
10, 20817, 70.88759292904136, 70.88759292904136, 'SEARCH'
10, 20818, 70.90105963605441, 70.90105963605441, 'SEARCH'
10, 20819, 70.9271603301212, 70.9271603301212, 'SEARCH'
10, 20820, 70.93143174598166, 70.93143174598166, 'SEARCH'
10, 20821, 70.93187529481641, 70.93187529481641, 'SEARCH'
10, 20822, 70.95844010545068, 70.95844010545068, 'SEARCH'
10, 20823, 70.97057146700305, 70.97057146700305, 'SEARCH'
10, 20824, 70.96241124376456, 70.96241124376456, 'SEARCH'
10, 20825, 70.98997910625523, 70.98997910625523, 'SEARCH'
10, 20826, 71.01276297609841, 71.01276297609841, 'SEARCH'
10, 20827, 71.03874395787216, 71.03874395787216, 'SEARCH'
10, 20828, 71.0661449307073, 71.0661449307073, 'SEARCH'
10, 20829, 71.07893836322225, 71.07893836322225, 'SEARCH'
10, 20830, 71.07195454740338, 71.07195454740338, 'SEARCH'
10, 20831, 71.09539919573298, 71.09539919573298, 'SEARCH'
10, 20832, 71.07627544554995, 71.07627544554995, 'SEARCH'
10, 20833, 71.06020854752687, 71.06020854752687, 'SEARCH'
10, 20834, 71.07685711843534, 71.07685711843534, 'SEARCH'
10, 20835, 71.06331013188593, 71.06331013188593, 'SEARCH'
10, 20836, 71.09093746184892, 71.09093746184892, 'SEARCH'
10, 20837, 71.11428406382844, 71.11428406382844, 'SEARCH'
10, 20838, 71.12407275096261, 71.12407275096261, 'SEARCH'
10, 20839, 71.13610589066188, 71.13610589066188, 'SEARCH'
10, 20840, 71.15790280259621, 71.15790280259621, 'SEARCH'
10, 20841, 71.18489781569592, 71.18489781569592, 'SEARCH'
10, 20842, 71.21221341285968, 71.21221341285968, 'SEARCH'
10, 20843, 71.23634248203076, 71.23634248203076, 'SEARCH'
10, 20844, 71.2507396294648, 71.2507396294648, 'SEARCH'
10, 20845, 71.27595998520204, 71.27595998520204, 'SEARCH'
10, 20846, 71.30022585644097, 71.30022585644097, 'SEARCH'
10, 20847, 71.32793782545406, 71.32793782545406, 'SEARCH'
10, 20848, 71.30722572820564, 71.30722572820564, 'SEARCH'
10, 20849, 71.33465871091711, 71.33465871091711, 'SEARCH'
10, 20850, 71.31363972739199, 71.31363972739199, 'SEARCH'
10, 20851, 71.3409076205616, 71.3409076205616, 'SEARCH'
10, 20852, 71.32337875785456, 71.32337875785456, 'SEARCH'
10, 20853, 71.33600856594782, 71.33600856594782, 'SEARCH'
10, 20854, 71.35726896568953, 71.35726896568953, 'SEARCH'
10, 20855, 71.37827111598686, 71.37827111598686, 'SEARCH'
10, 20856, 71.36863477194433, 71.36863477194433, 'SEARCH'
10, 20857, 71.39377804377429, 71.39377804377429, 'SEARCH'
10, 20858, 71.40178142030761, 71.40178142030761, 'SEARCH'
10, 20859, 71.42897290201134, 71.42897290201134, 'SEARCH'
10, 20860, 71.41492526748785, 71.41492526748785, 'SEARCH'
10, 20861, 71.41627378377922, 71.41627378377922, 'SEARCH'
10, 20862, 71.39405202519038, 71.39405202519038, 'SEARCH'
10, 20863, 71.37025536175558, 71.37025536175558, 'SEARCH'
10, 20864, 71.38744766704998, 71.38744766704998, 'SEARCH'
10, 20865, 71.36623683802176, 71.36623683802176, 'SEARCH'
10, 20866, 71.38994644337362, 71.38994644337362, 'SEARCH'
10, 20867, 71.40713075016112, 71.40713075016112, 'SEARCH'
10, 20868, 71.43357837773624, 71.43357837773624, 'SEARCH'
10, 20869, 71.42595825756533, 71.42595825756533, 'SEARCH'
10, 20870, 71.4510890179796, 71.4510890179796, 'SEARCH'
10, 20871, 71.47886283077277, 71.47886283077277, 'SEARCH'
10, 20872, 71.45917851435406, 71.45917851435406, 'SEARCH'
10, 20873, 71.47983999440167, 71.47983999440167, 'SEARCH'
10, 20874, 71.48178049463561, 71.48178049463561, 'SEARCH'
10, 20875, 71.46709905692575, 71.46709905692575, 'SEARCH'
10, 20876, 71.44789461560796, 71.44789461560796, 'SEARCH'
10, 20877, 71.472521289785, 71.472521289785, 'SEARCH'
10, 20878, 71.45877965000558, 71.45877965000558, 'SEARCH'
10, 20879, 71.44726764345873, 71.44726764345873, 'SEARCH'
10, 20880, 71.42717675518884, 71.42717675518884, 'SEARCH'
10, 20881, 71.45167115983571, 71.45167115983571, 'SEARCH'
10, 20882, 71.45686108567112, 71.45686108567112, 'SEARCH'
10, 20883, 71.44375152880055, 71.44375152880055, 'SEARCH'
10, 20884, 71.46827651724377, 71.46827651724377, 'SEARCH'
10, 20885, 71.47443832432891, 71.47443832432891, 'SEARCH'
10, 20886, 71.45165121158388, 71.45165121158388, 'SEARCH'
10, 20887, 71.43655179322434, 71.43655179322434, 'SEARCH'
10, 20888, 71.42536308161041, 71.42536308161041, 'SEARCH'
10, 20889, 71.45289734101594, 71.45289734101594, 'SEARCH'
10, 20890, 71.47949833720567, 71.47949833720567, 'SEARCH'
10, 20891, 71.50112810463872, 71.50112810463872, 'SEARCH'
10, 20892, 71.51666124084625, 71.51666124084625, 'TRACK'
10, 20893, 71.53219437705377, 71.53219437705377, 'TRACK'
10, 20894, 71.5477275132613, 71.5477275132613, 'TRACK'
10, 20895, 71.54921519996294, 71.54921519996294, 'SEARCH'
10, 20896, 71.57602529486432, 71.57602529486432, 'SEARCH'
10, 20897, 71.58226524533019, 71.58226524533019, 'SEARCH'
10, 20898, 71.56480251686023, 71.56480251686023, 'SEARCH'
10, 20899, 71.58082872672821, 71.58082872672821, 'SEARCH'
10, 20900, 71.60635472832762, 71.60635472832762, 'SEARCH'
10, 20901, 71.63191776865361, 71.63191776865361, 'SEARCH'
10, 20902, 71.65917027422813, 71.65917027422813, 'SEARCH'
10, 20903, 71.65230798377367, 71.65230798377367, 'SEARCH'
10, 20904, 71.64094008626132, 71.64094008626132, 'SEARCH'
10, 20905, 71.66871786366177, 71.66871786366177, 'SEARCH'
10, 20906, 71.64971762521766, 71.64971762521766, 'SEARCH'
10, 20907, 71.6764145448936, 71.6764145448936, 'SEARCH'
10, 20908, 71.69458159351741, 71.69458159351741, 'SEARCH'
10, 20909, 71.6697912661499, 71.6697912661499, 'SEARCH'
10, 20910, 71.69729761850472, 71.69729761850472, 'SEARCH'
10, 20911, 71.72342753705477, 71.72342753705477, 'SEARCH'
10, 20912, 71.74867624891353, 71.74867624891353, 'SEARCH'
10, 20913, 71.76517570772333, 71.76517570772333, 'SEARCH'
10, 20914, 71.79043749732391, 71.79043749732391, 'SEARCH'
10, 20915, 71.81223207700046, 71.81223207700046, 'SEARCH'
10, 20916, 71.81374148799823, 71.81374148799823, 'SEARCH'
10, 20917, 71.80298305337892, 71.80298305337892, 'SEARCH'
10, 20918, 71.78005762657382, 71.78005762657382, 'SEARCH'
10, 20919, 71.75864907365882, 71.75864907365882, 'SEARCH'
10, 20920, 71.7638465721709, 71.7638465721709, 'SEARCH'
10, 20921, 71.77596274217542, 71.77596274217542, 'SEARCH'
10, 20922, 71.79144981441183, 71.79144981441183, 'SEARCH'
10, 20923, 71.80357529725465, 71.80357529725465, 'SEARCH'
10, 20924, 71.8135299625198, 71.8135299625198, 'TRACK'
10, 20925, 71.82348462778494, 71.82348462778494, 'TRACK'
10, 20926, 71.83343929305008, 71.83343929305008, 'TRACK'
10, 20927, 71.84339395831522, 71.84339395831522, 'TRACK'
10, 20928, 71.84537007158315, 71.84537007158315, 'SEARCH'
10, 20929, 71.82833764194311, 71.82833764194311, 'SEARCH'
10, 20930, 71.85512069687164, 71.85512069687164, 'SEARCH'
10, 20931, 71.84346032865749, 71.84346032865749, 'SEARCH'
10, 20932, 71.82167850867071, 71.82167850867071, 'SEARCH'
10, 20933, 71.80518220299474, 71.80518220299474, 'SEARCH'
10, 20934, 71.82622052977288, 71.82622052977288, 'SEARCH'
10, 20935, 71.82891043888063, 71.82891043888063, 'SEARCH'
10, 20936, 71.81019999021551, 71.81019999021551, 'SEARCH'
10, 20937, 71.8349196575625, 71.8349196575625, 'SEARCH'
10, 20938, 71.86014408128928, 71.86014408128928, 'SEARCH'
10, 20939, 71.84443011764739, 71.84443011764739, 'SEARCH'
10, 20940, 71.84350451040399, 71.84350451040399, 'SEARCH'
10, 20941, 71.85305304752829, 71.85305304752829, 'SEARCH'
10, 20942, 71.86981653835775, 71.86981653835775, 'SEARCH'
10, 20943, 71.87361866553634, 71.87361866553634, 'SEARCH'
10, 20944, 71.89921059000073, 71.89921059000073, 'SEARCH'
10, 20945, 71.9147941495147, 71.9147941495147, 'SEARCH'
10, 20946, 71.93078192066784, 71.93078192066784, 'SEARCH'
10, 20947, 71.93505451606161, 71.93505451606161, 'SEARCH'
10, 20948, 71.94357491329022, 71.94357491329022, 'SEARCH'
10, 20949, 71.94701969183376, 71.94701969183376, 'SEARCH'
10, 20950, 71.95837935809766, 71.95837935809766, 'SEARCH'
10, 20951, 71.9691646405527, 71.9691646405527, 'SEARCH'
10, 20952, 71.97453146136426, 71.97453146136426, 'SEARCH'
10, 20953, 72.00097281152337, 72.00097281152337, 'SEARCH'
10, 20954, 72.02867736787395, 72.02867736787395, 'SEARCH'
10, 20955, 72.0437404713232, 72.0437404713232, 'SEARCH'
10, 20956, 72.07148388825416, 72.07148388825416, 'SEARCH'
10, 20957, 72.07575638357052, 72.07575638357052, 'SEARCH'
10, 20958, 72.10031396600124, 72.10031396600124, 'SEARCH'
10, 20959, 72.10615855095507, 72.10615855095507, 'SEARCH'
10, 20960, 72.12779500349168, 72.12779500349168, 'SEARCH'
10, 20961, 72.14365939775975, 72.14365939775975, 'SEARCH'
10, 20962, 72.15277643722212, 72.15277643722212, 'SEARCH'
10, 20963, 72.17726279594847, 72.17726279594847, 'SEARCH'
10, 20964, 72.18994677404721, 72.18994677404721, 'SEARCH'
10, 20965, 72.21692081901638, 72.21692081901638, 'SEARCH'
10, 20966, 72.21876723574985, 72.21876723574985, 'SEARCH'
10, 20967, 72.24156968716738, 72.24156968716738, 'SEARCH'
10, 20968, 72.26321301728063, 72.26321301728063, 'SEARCH'
10, 20969, 72.26360356950694, 72.26360356950694, 'SEARCH'
10, 20970, 72.261579132326, 72.261579132326, 'SEARCH'
10, 20971, 72.25667714301768, 72.25667714301768, 'SEARCH'
10, 20972, 72.27567439289645, 72.27567439289645, 'SEARCH'
10, 20973, 72.29927263226193, 72.29927263226193, 'SEARCH'
10, 20974, 72.3079350649802, 72.3079350649802, 'SEARCH'
10, 20975, 72.33286203440079, 72.33286203440079, 'SEARCH'
10, 20976, 72.35528326028573, 72.35528326028573, 'SEARCH'
10, 20977, 72.3720671211343, 72.3720671211343, 'SEARCH'
10, 20978, 72.36811210445094, 72.36811210445094, 'SEARCH'
10, 20979, 72.37723378654864, 72.37723378654864, 'SEARCH'
10, 20980, 72.38619238183065, 72.38619238183065, 'SEARCH'
10, 20981, 72.39652096524372, 72.39652096524372, 'SEARCH'
10, 20982, 72.41621697268684, 72.41621697268684, 'SEARCH'
10, 20983, 72.413231478996, 72.413231478996, 'SEARCH'
10, 20984, 72.40977173697931, 72.40977173697931, 'SEARCH'
10, 20985, 72.4304599011951, 72.4304599011951, 'SEARCH'
10, 20986, 72.43521138429384, 72.43521138429384, 'SEARCH'
10, 20987, 72.45923451754678, 72.45923451754678, 'SEARCH'
10, 20988, 72.48679747858131, 72.48679747858131, 'SEARCH'
10, 20989, 72.48673447197345, 72.48673447197345, 'SEARCH'
10, 20990, 72.4919800286606, 72.4919800286606, 'SEARCH'
10, 20991, 72.51894442438973, 72.51894442438973, 'SEARCH'
10, 20992, 72.54534679536283, 72.54534679536283, 'SEARCH'
10, 20993, 72.54335956983857, 72.54335956983857, 'SEARCH'
10, 20994, 72.54917629196619, 72.54917629196619, 'SEARCH'
10, 20995, 72.55584817401528, 72.55584817401528, 'SEARCH'
10, 20996, 72.56754882866672, 72.56754882866672, 'SEARCH'
10, 20997, 72.58580017165275, 72.58580017165275, 'SEARCH'
10, 20998, 72.60248333178355, 72.60248333178355, 'SEARCH'
10, 20999, 72.60203561523247, 72.60203561523247, 'SEARCH'
10, 21000, 72.61503729700445, 72.61503729700445, 'SEARCH'
10, 21001, 72.64231199675864, 72.64231199675864, 'SEARCH'
10, 21002, 72.66681931297552, 72.66681931297552, 'SEARCH'
10, 21003, 72.66532791616676, 72.66532791616676, 'SEARCH'
10, 21004, 72.69306602162412, 72.69306602162412, 'SEARCH'
10, 21005, 72.69975626834801, 72.69975626834801, 'SEARCH'
10, 21006, 72.70831743440019, 72.70831743440019, 'SEARCH'
10, 21007, 72.7073650733918, 72.7073650733918, 'SEARCH'
10, 21008, 72.72893711930999, 72.72893711930999, 'SEARCH'
10, 21009, 72.75669867862366, 72.75669867862366, 'SEARCH'
10, 21010, 72.76972067248029, 72.76972067248029, 'SEARCH'
10, 21011, 72.78718991816815, 72.78718991816815, 'SEARCH'
10, 21012, 72.80749842841882, 72.80749842841882, 'SEARCH'
10, 21013, 72.83527620562411, 72.83527620562411, 'SEARCH'
10, 21014, 72.85491352782175, 72.85491352782175, 'SEARCH'
10, 21015, 72.85781533331804, 72.85781533331804, 'SEARCH'
10, 21016, 72.88532353555897, 72.88532353555897, 'SEARCH'
10, 21017, 72.91258987060911, 72.91258987060911, 'SEARCH'
10, 21018, 72.91883506483711, 72.91883506483711, 'SEARCH'
10, 21019, 72.93187927993174, 72.93187927993174, 'SEARCH'
10, 21020, 72.94448066582997, 72.94448066582997, 'SEARCH'
10, 21021, 72.97225428992725, 72.97225428992725, 'SEARCH'
10, 21022, 72.99851695846228, 72.99851695846228, 'SEARCH'
10, 21023, 73.02568848836337, 73.02568848836337, 'SEARCH'
10, 21024, 73.03958253206564, 73.03958253206564, 'SEARCH'
10, 21025, 73.05744746697, 73.05744746697, 'SEARCH'
10, 21026, 73.08385988310145, 73.08385988310145, 'SEARCH'
10, 21027, 73.10689836321605, 73.10689836321605, 'SEARCH'
10, 21028, 73.12398270731423, 73.12398270731423, 'SEARCH'
10, 21029, 73.11866605139244, 73.11866605139244, 'SEARCH'
10, 21030, 73.12815781918736, 73.12815781918736, 'SEARCH'
10, 21031, 73.14246210474523, 73.14246210474523, 'SEARCH'
10, 21032, 73.16493292644981, 73.16493292644981, 'SEARCH'
10, 21033, 73.18968390642465, 73.18968390642465, 'SEARCH'
10, 21034, 73.20716053188085, 73.20716053188085, 'SEARCH'
10, 21035, 73.2166616153543, 73.2166616153543, 'SEARCH'
10, 21036, 73.2341487453549, 73.2341487453549, 'SEARCH'
10, 21037, 73.26041768327688, 73.26041768327688, 'SEARCH'
10, 21038, 73.27972601713886, 73.27972601713886, 'SEARCH'
10, 21039, 73.30739608776392, 73.30739608776392, 'SEARCH'
10, 21040, 73.33483546644918, 73.33483546644918, 'SEARCH'
10, 21041, 73.34016019016275, 73.34016019016275, 'SEARCH'
10, 21042, 73.35611932321834, 73.35611932321834, 'SEARCH'
10, 21043, 73.35704999379715, 73.35704999379715, 'SEARCH'
10, 21044, 73.38314179283553, 73.38314179283553, 'SEARCH'
10, 21045, 73.39824577132624, 73.39824577132624, 'SEARCH'
10, 21046, 73.41335458005386, 73.41335458005386, 'SEARCH'
10, 21047, 73.42511042087985, 73.42511042087985, 'SEARCH'
10, 21048, 73.4394385877178, 73.4394385877178, 'SEARCH'
10, 21049, 73.4576383873737, 73.4576383873737, 'SEARCH'
10, 21050, 73.48037722093339, 73.48037722093339, 'SEARCH'
10, 21051, 73.50037500466752, 73.50037500466752, 'SEARCH'
10, 21052, 73.52794219433748, 73.52794219433748, 'SEARCH'
10, 21053, 73.55198405809791, 73.55198405809791, 'SEARCH'
10, 21054, 73.5650021913687, 73.5650021913687, 'SEARCH'
10, 21055, 73.56304495766513, 73.56304495766513, 'SEARCH'
10, 21056, 73.58606696136812, 73.58606696136812, 'SEARCH'
10, 21057, 73.61081318957561, 73.61081318957561, 'SEARCH'
10, 21058, 73.61080714480494, 73.61080714480494, 'SEARCH'
10, 21059, 73.63656275263304, 73.63656275263304, 'SEARCH'
10, 21060, 73.66266416811229, 73.66266416811229, 'SEARCH'
10, 21061, 73.69028976294874, 73.69028976294874, 'SEARCH'
10, 21062, 73.71655370663852, 73.71655370663852, 'SEARCH'
10, 21063, 73.72785171386978, 73.72785171386978, 'SEARCH'
10, 21064, 73.75441772567238, 73.75441772567238, 'SEARCH'
10, 21065, 73.78158647064683, 73.78158647064683, 'SEARCH'
10, 21066, 73.79548310005775, 73.79548310005775, 'SEARCH'
10, 21067, 73.80679570939158, 73.80679570939158, 'SEARCH'
10, 21068, 73.83273666208325, 73.83273666208325, 'SEARCH'
10, 21069, 73.83901080809586, 73.83901080809586, 'SEARCH'
10, 21070, 73.86558462217283, 73.86558462217283, 'SEARCH'
10, 21071, 73.86603294790761, 73.86603294790761, 'SEARCH'
10, 21072, 73.89374101641762, 73.89374101641762, 'SEARCH'
10, 21073, 73.8928009124908, 73.8928009124908, 'SEARCH'
10, 21074, 73.91734444877099, 73.91734444877099, 'SEARCH'
10, 21075, 73.93084711823568, 73.93084711823568, 'SEARCH'
10, 21076, 73.95620393107659, 73.95620393107659, 'SEARCH'
10, 21077, 73.96334946089608, 73.96334946089608, 'SEARCH'
10, 21078, 73.98555691382667, 73.98555691382667, 'SEARCH'
10, 21079, 73.98511567265788, 73.98511567265788, 'SEARCH'
10, 21080, 74.01285800161733, 74.01285800161733, 'SEARCH'
10, 21081, 74.03735981559124, 74.03735981559124, 'SEARCH'
10, 21082, 74.04079402231513, 74.04079402231513, 'SEARCH'
10, 21083, 74.06457493636329, 74.06457493636329, 'SEARCH'
10, 21084, 74.08459380829574, 74.08459380829574, 'SEARCH'
10, 21085, 74.0875563763567, 74.0875563763567, 'SEARCH'
10, 21086, 74.11410079424962, 74.11410079424962, 'SEARCH'
10, 21087, 74.12135332824239, 74.12135332824239, 'SEARCH'
10, 21088, 74.12370186122715, 74.12370186122715, 'SEARCH'
10, 21089, 74.13268355152644, 74.13268355152644, 'SEARCH'
10, 21090, 74.14567261558147, 74.14567261558147, 'SEARCH'
10, 21091, 74.15745953981207, 74.15745953981207, 'SEARCH'
10, 21092, 74.18285995245138, 74.18285995245138, 'SEARCH'
10, 21093, 74.20529541170549, 74.20529541170549, 'SEARCH'
10, 21094, 74.21006034812793, 74.21006034812793, 'SEARCH'
10, 21095, 74.23646236311518, 74.23646236311518, 'SEARCH'
10, 21096, 74.26201205436679, 74.26201205436679, 'SEARCH'
10, 21097, 74.28416708788835, 74.28416708788835, 'SEARCH'
10, 21098, 74.28951126808597, 74.28951126808597, 'SEARCH'
10, 21099, 74.31406205364662, 74.31406205364662, 'SEARCH'
10, 21100, 74.34030804925699, 74.34030804925699, 'SEARCH'
10, 21101, 74.35820512692001, 74.35820512692001, 'SEARCH'
10, 21102, 74.38583703394131, 74.38583703394131, 'SEARCH'
10, 21103, 74.38493001672616, 74.38493001672616, 'SEARCH'
10, 21104, 74.41174312574228, 74.41174312574228, 'SEARCH'
10, 21105, 74.43714724654772, 74.43714724654772, 'SEARCH'
10, 21106, 74.4433252994908, 74.4433252994908, 'SEARCH'
10, 21107, 74.46159843077038, 74.46159843077038, 'SEARCH'
10, 21108, 74.463464800248, 74.463464800248, 'SEARCH'
10, 21109, 74.49054498482516, 74.49054498482516, 'SEARCH'
10, 21110, 74.51526488369508, 74.51526488369508, 'SEARCH'
10, 21111, 74.54099599901666, 74.54099599901666, 'SEARCH'
10, 21112, 74.54998110385031, 74.54998110385031, 'SEARCH'
10, 21113, 74.54955131986763, 74.54955131986763, 'SEARCH'
10, 21114, 74.57660303951347, 74.57660303951347, 'SEARCH'
10, 21115, 74.60388213528692, 74.60388213528692, 'SEARCH'
10, 21116, 74.62065006658852, 74.62065006658852, 'SEARCH'
10, 21117, 74.64814766281005, 74.64814766281005, 'SEARCH'
10, 21118, 74.65587140893533, 74.65587140893533, 'SEARCH'
10, 21119, 74.68211055678174, 74.68211055678174, 'SEARCH'
10, 21120, 74.70982583888517, 74.70982583888517, 'SEARCH'
10, 21121, 74.73019357501832, 74.73019357501832, 'SEARCH'
10, 21122, 74.75110348435766, 74.75110348435766, 'SEARCH'
10, 21123, 74.77512053031919, 74.77512053031919, 'SEARCH'
10, 21124, 74.79571305641002, 74.79571305641002, 'SEARCH'
10, 21125, 74.8187022261113, 74.8187022261113, 'SEARCH'
10, 21126, 74.84319690408879, 74.84319690408879, 'SEARCH'
10, 21127, 74.86173592920815, 74.86173592920815, 'SEARCH'
10, 21128, 74.8810746876677, 74.8810746876677, 'SEARCH'
10, 21129, 74.90857296560726, 74.90857296560726, 'SEARCH'
10, 21130, 74.93635066717371, 74.93635066717371, 'SEARCH'
10, 21131, 74.9606136638317, 74.9606136638317, 'SEARCH'
10, 21132, 74.98246405981371, 74.98246405981371, 'SEARCH'
10, 21133, 74.99804601763775, 74.99804601763775, 'SEARCH'
10, 21134, 74.99315789422411, 74.99315789422411, 'SEARCH'
10, 21135, 74.99358462131994, 74.99358462131994, 'SEARCH'
10, 21136, 74.99304923631736, 74.99304923631736, 'SEARCH'
10, 21137, 75.01339399443248, 75.01339399443248, 'SEARCH'
10, 21138, 75.01778757797348, 75.01778757797348, 'SEARCH'
10, 21139, 75.02456224621758, 75.02456224621758, 'SEARCH'
10, 21140, 75.03412268787936, 75.03412268787936, 'SEARCH'
10, 21141, 75.06024947654645, 75.06024947654645, 'SEARCH'
10, 21142, 75.05823763364849, 75.05823763364849, 'SEARCH'
10, 21143, 75.06767536598386, 75.06767536598386, 'SEARCH'
10, 21144, 75.07063866379913, 75.07063866379913, 'SEARCH'
10, 21145, 75.08779358386948, 75.08779358386948, 'SEARCH'
10, 21146, 75.10559206335074, 75.10559206335074, 'SEARCH'
10, 21147, 75.12458668144751, 75.12458668144751, 'SEARCH'
10, 21148, 75.13043511101932, 75.13043511101932, 'SEARCH'
10, 21149, 75.12906347681289, 75.12906347681289, 'SEARCH'
10, 21150, 75.14910733505744, 75.14910733505744, 'SEARCH'
10, 21151, 75.16968625267032, 75.16968625267032, 'SEARCH'
10, 21152, 75.19192523517428, 75.19192523517428, 'SEARCH'
10, 21153, 75.21885446795346, 75.21885446795346, 'SEARCH'
10, 21154, 75.24663208287858, 75.24663208287858, 'SEARCH'
10, 21155, 75.26380926318903, 75.26380926318903, 'SEARCH'
10, 21156, 75.27675972626609, 75.27675972626609, 'SEARCH'
10, 21157, 75.30444000691878, 75.30444000691878, 'SEARCH'
10, 21158, 75.31265462060563, 75.31265462060563, 'SEARCH'
10, 21159, 75.32705104173967, 75.32705104173967, 'SEARCH'
10, 21160, 75.34729005879532, 75.34729005879532, 'SEARCH'
10, 21161, 75.34140993125352, 75.34140993125352, 'SEARCH'
10, 21162, 75.36541619566098, 75.36541619566098, 'SEARCH'
10, 21163, 75.39291002956752, 75.39291002956752, 'SEARCH'
10, 21164, 75.41715816363686, 75.41715816363686, 'SEARCH'
10, 21165, 75.4414982993371, 75.4414982993371, 'SEARCH'
10, 21166, 75.43657852127032, 75.43657852127032, 'SEARCH'
10, 21167, 75.44553674992405, 75.44553674992405, 'SEARCH'
10, 21168, 75.47221536870755, 75.47221536870755, 'SEARCH'
10, 21169, 75.48518375207138, 75.48518375207138, 'SEARCH'
10, 21170, 75.4995552633207, 75.4995552633207, 'SEARCH'
10, 21171, 75.50237664738674, 75.50237664738674, 'SEARCH'
10, 21172, 75.5273760361923, 75.5273760361923, 'SEARCH'
10, 21173, 75.5424383828172, 75.5424383828172, 'SEARCH'
10, 21174, 75.54284982046585, 75.54284982046585, 'SEARCH'
10, 21175, 75.5398807653388, 75.5398807653388, 'SEARCH'
10, 21176, 75.5573165458838, 75.5573165458838, 'SEARCH'
10, 21177, 75.58386503869743, 75.58386503869743, 'SEARCH'
10, 21178, 75.6076486747845, 75.6076486747845, 'SEARCH'
10, 21179, 75.60963453863327, 75.60963453863327, 'SEARCH'
10, 21180, 75.61487993728655, 75.61487993728655, 'SEARCH'
10, 21181, 75.61773513758891, 75.61773513758891, 'SEARCH'
10, 21182, 75.64469774080003, 75.64469774080003, 'SEARCH'
10, 21183, 75.67204586901964, 75.67204586901964, 'SEARCH'
10, 21184, 75.69759850312428, 75.69759850312428, 'SEARCH'
10, 21185, 75.70054291732373, 75.70054291732373, 'SEARCH'
10, 21186, 75.72805709196983, 75.72805709196983, 'SEARCH'
10, 21187, 75.74190224038504, 75.74190224038504, 'SEARCH'
10, 21188, 75.7696442354592, 75.7696442354592, 'SEARCH'
10, 21189, 75.78999064442684, 75.78999064442684, 'SEARCH'
10, 21190, 75.80221366982445, 75.80221366982445, 'SEARCH'
10, 21191, 75.82376426934441, 75.82376426934441, 'SEARCH'
10, 21192, 75.83718372818169, 75.83718372818169, 'SEARCH'
10, 21193, 75.8519444249832, 75.8519444249832, 'SEARCH'
10, 21194, 75.86792200832755, 75.86792200832755, 'SEARCH'
10, 21195, 75.89569971804423, 75.89569971804423, 'SEARCH'
10, 21196, 75.89273421374, 75.89273421374, 'SEARCH'
10, 21197, 75.9017260397429, 75.9017260397429, 'SEARCH'
10, 21198, 75.92063543850693, 75.92063543850693, 'SEARCH'
10, 21199, 75.94618824907445, 75.94618824907445, 'SEARCH'
10, 21200, 75.96135116054677, 75.96135116054677, 'SEARCH'
10, 21201, 75.96324156858279, 75.96324156858279, 'SEARCH'
10, 21202, 75.97450334116371, 75.97450334116371, 'SEARCH'
10, 21203, 75.97640777227966, 75.97640777227966, 'SEARCH'
10, 21204, 75.9826312238568, 75.9826312238568, 'SEARCH'
10, 21205, 76.008015073188, 76.008015073188, 'SEARCH'
10, 21206, 76.00605498334512, 76.00605498334512, 'SEARCH'
10, 21207, 76.03381635470382, 76.03381635470382, 'SEARCH'
10, 21208, 76.06144029324038, 76.06144029324038, 'SEARCH'
10, 21209, 76.07140982868881, 76.07140982868881, 'SEARCH'
10, 21210, 76.09001407890781, 76.09001407890781, 'SEARCH'
10, 21211, 76.08756377450929, 76.08756377450929, 'SEARCH'
10, 21212, 76.1134887357296, 76.1134887357296, 'SEARCH'
10, 21213, 76.14106187468548, 76.14106187468548, 'SEARCH'
10, 21214, 76.13962963414127, 76.13962963414127, 'SEARCH'
10, 21215, 76.1585952896489, 76.1585952896489, 'SEARCH'
10, 21216, 76.16249601944232, 76.16249601944232, 'SEARCH'
10, 21217, 76.18380249195332, 76.18380249195332, 'SEARCH'
10, 21218, 76.20132107248018, 76.20132107248018, 'SEARCH'
10, 21219, 76.20798811701852, 76.20798811701852, 'SEARCH'
10, 21220, 76.2026412824644, 76.2026412824644, 'SEARCH'
10, 21221, 76.23034858441669, 76.23034858441669, 'SEARCH'
10, 21222, 76.23224621275972, 76.23224621275972, 'SEARCH'
10, 21223, 76.24306979454951, 76.24306979454951, 'SEARCH'
10, 21224, 76.25651399291908, 76.25651399291908, 'SEARCH'
10, 21225, 76.27246284501989, 76.27246284501989, 'SEARCH'
10, 21226, 76.27635491708654, 76.27635491708654, 'SEARCH'
10, 21227, 76.29455308679644, 76.29455308679644, 'SEARCH'
10, 21228, 76.31859492099679, 76.31859492099679, 'SEARCH'
10, 21229, 76.3267409578923, 76.3267409578923, 'SEARCH'
10, 21230, 76.34804130184698, 76.34804130184698, 'SEARCH'
10, 21231, 76.36354234478885, 76.36354234478885, 'SEARCH'
10, 21232, 76.37116735255958, 76.37116735255958, 'SEARCH'
10, 21233, 76.38549605985182, 76.38549605985182, 'SEARCH'
10, 21234, 76.37968875918631, 76.37968875918631, 'SEARCH'
10, 21235, 76.38916571877853, 76.38916571877853, 'SEARCH'
10, 21236, 76.38576234043597, 76.38576234043597, 'SEARCH'
10, 21237, 76.4039781783446, 76.4039781783446, 'SEARCH'
10, 21238, 76.4280317252235, 76.4280317252235, 'SEARCH'
10, 21239, 76.437077482732, 76.437077482732, 'SEARCH'
10, 21240, 76.46204826067208, 76.46204826067208, 'SEARCH'
10, 21241, 76.48561246422902, 76.48561246422902, 'SEARCH'
10, 21242, 76.51099624746585, 76.51099624746585, 'SEARCH'
10, 21243, 76.5319457513847, 76.5319457513847, 'SEARCH'
10, 21244, 76.55289813169381, 76.55289813169381, 'SEARCH'
10, 21245, 76.57984750726128, 76.57984750726128, 'SEARCH'
10, 21246, 76.60542196643732, 76.60542196643732, 'SEARCH'
10, 21247, 76.63016478822836, 76.63016478822836, 'SEARCH'
10, 21248, 76.65371454350569, 76.65371454350569, 'SEARCH'
10, 21249, 76.66182631164881, 76.66182631164881, 'SEARCH'
10, 21250, 76.68933333065318, 76.68933333065318, 'SEARCH'
10, 21251, 76.69319647493006, 76.69319647493006, 'SEARCH'
10, 21252, 76.71318134561243, 76.71318134561243, 'SEARCH'
10, 21253, 76.73836050430798, 76.73836050430798, 'SEARCH'
10, 21254, 76.7492032619373, 76.7492032619373, 'SEARCH'
10, 21255, 76.75450793253681, 76.75450793253681, 'SEARCH'
10, 21256, 76.76076809367939, 76.76076809367939, 'SEARCH'
10, 21257, 76.77252476426663, 76.77252476426663, 'SEARCH'
10, 21258, 76.78511277256824, 76.78511277256824, 'SEARCH'
10, 21259, 76.81285344276561, 76.81285344276561, 'SEARCH'
10, 21260, 76.8321365013284, 76.8321365013284, 'SEARCH'
10, 21261, 76.83163967472922, 76.83163967472922, 'SEARCH'
10, 21262, 76.8594131440526, 76.8594131440526, 'SEARCH'
10, 21263, 76.86231323002946, 76.86231323002946, 'SEARCH'
10, 21264, 76.86327850151582, 76.86327850151582, 'SEARCH'
10, 21265, 76.89084881005513, 76.89084881005513, 'SEARCH'
10, 21266, 76.9169519652546, 76.9169519652546, 'SEARCH'
10, 21267, 76.94170376153482, 76.94170376153482, 'SEARCH'
10, 21268, 76.95600496871249, 76.95600496871249, 'SEARCH'
10, 21269, 76.9837785045302, 76.9837785045302, 'SEARCH'
10, 21270, 77.00200335813481, 77.00200335813481, 'SEARCH'
10, 21271, 77.02232392113817, 77.02232392113817, 'SEARCH'
10, 21272, 77.04842191042042, 77.04842191042042, 'SEARCH'
10, 21273, 77.0755902764691, 77.0755902764691, 'SEARCH'
10, 21274, 77.09718441683344, 77.09718441683344, 'SEARCH'
10, 21275, 77.10202389453539, 77.10202389453539, 'SEARCH'
10, 21276, 77.12653902200235, 77.12653902200235, 'SEARCH'
10, 21277, 77.15381043302816, 77.15381043302816, 'SEARCH'
10, 21278, 77.17655134467705, 77.17655134467705, 'SEARCH'
10, 21279, 77.19929439617489, 77.19929439617489, 'SEARCH'
10, 21280, 77.19637517400731, 77.19637517400731, 'SEARCH'
10, 21281, 77.20542634659374, 77.20542634659374, 'SEARCH'
10, 21282, 77.20541080274957, 77.20541080274957, 'SEARCH'
10, 21283, 77.22816955459926, 77.22816955459926, 'SEARCH'
10, 21284, 77.22866728398384, 77.22866728398384, 'SEARCH'
10, 21285, 77.24993304654627, 77.24993304654627, 'SEARCH'
10, 21286, 77.27770630433778, 77.27770630433778, 'SEARCH'
10, 21287, 77.29284939823944, 77.29284939823944, 'SEARCH'
10, 21288, 77.29141941926652, 77.29141941926652, 'SEARCH'
10, 21289, 77.29380909991758, 77.29380909991758, 'SEARCH'
10, 21290, 77.31130877053607, 77.31130877053607, 'SEARCH'
10, 21291, 77.33742170161476, 77.33742170161476, 'SEARCH'
10, 21292, 77.36069973152786, 77.36069973152786, 'SEARCH'
10, 21293, 77.37539408288062, 77.37539408288062, 'SEARCH'
10, 21294, 77.39759292247358, 77.39759292247358, 'SEARCH'
10, 21295, 77.42533107785034, 77.42533107785034, 'SEARCH'
10, 21296, 77.44631476991641, 77.44631476991641, 'SEARCH'
10, 21297, 77.46959185664053, 77.46959185664053, 'SEARCH'
10, 21298, 77.48589337831896, 77.48589337831896, 'SEARCH'
10, 21299, 77.50946414572985, 77.50946414572985, 'SEARCH'
10, 21300, 77.53482780308968, 77.53482780308968, 'SEARCH'
10, 21301, 77.55303009415788, 77.55303009415788, 'SEARCH'
10, 21302, 77.57490492498984, 77.57490492498984, 'SEARCH'
10, 21303, 77.59895157192719, 77.59895157192719, 'SEARCH'
10, 21304, 77.60183915071589, 77.60183915071589, 'SEARCH'
10, 21305, 77.60136288630123, 77.60136288630123, 'SEARCH'
10, 21306, 77.62263148947456, 77.62263148947456, 'SEARCH'
10, 21307, 77.62602853052995, 77.62602853052995, 'SEARCH'
10, 21308, 77.65329220743378, 77.65329220743378, 'SEARCH'
10, 21309, 77.67985069132712, 77.67985069132712, 'SEARCH'
10, 21310, 77.69880784374956, 77.69880784374956, 'SEARCH'
10, 21311, 77.71475986063561, 77.71475986063561, 'SEARCH'
10, 21312, 77.71333641697667, 77.71333641697667, 'SEARCH'
10, 21313, 77.72466936697595, 77.72466936697595, 'SEARCH'
10, 21314, 77.74393278036337, 77.74393278036337, 'SEARCH'
10, 21315, 77.75022076671254, 77.75022076671254, 'SEARCH'
10, 21316, 77.77650077922335, 77.77650077922335, 'SEARCH'
10, 21317, 77.78137487992824, 77.78137487992824, 'SEARCH'
10, 21318, 77.78034644576361, 77.78034644576361, 'SEARCH'
10, 21319, 77.80692542829377, 77.80692542829377, 'SEARCH'
10, 21320, 77.81647704215904, 77.81647704215904, 'SEARCH'
10, 21321, 77.84404016193879, 77.84404016193879, 'SEARCH'
10, 21322, 77.86903365809806, 77.86903365809806, 'SEARCH'
10, 21323, 77.89659628549046, 77.89659628549046, 'SEARCH'
10, 21324, 77.92109170098502, 77.92109170098502, 'SEARCH'
10, 21325, 77.94817159072376, 77.94817159072376, 'SEARCH'
10, 21326, 77.94091911049988, 77.94091911049988, 'SEARCH'
10, 21327, 77.94339753661413, 77.94339753661413, 'SEARCH'
10, 21328, 77.97097615708074, 77.97097615708074, 'SEARCH'
10, 21329, 77.98813072520217, 77.98813072520217, 'SEARCH'
10, 21330, 77.9933585956555, 77.9933585956555, 'SEARCH'
10, 21331, 77.99390967815586, 77.99390967815586, 'SEARCH'
10, 21332, 77.99252982932788, 77.99252982932788, 'SEARCH'
10, 21333, 78.00240819962848, 78.00240819962848, 'SEARCH'
10, 21334, 78.02642698756091, 78.02642698756091, 'SEARCH'
10, 21335, 78.05310887155886, 78.05310887155886, 'SEARCH'
10, 21336, 78.046320654616, 78.046320654616, 'SEARCH'
10, 21337, 78.07316806038119, 78.07316806038119, 'SEARCH'
10, 21338, 78.07019948334603, 78.07019948334603, 'SEARCH'
10, 21339, 78.07929750424753, 78.07929750424753, 'SEARCH'
10, 21340, 78.09053617154163, 78.09053617154163, 'SEARCH'
10, 21341, 78.11216030102726, 78.11216030102726, 'SEARCH'
10, 21342, 78.13549147085621, 78.13549147085621, 'SEARCH'
10, 21343, 78.16277194197859, 78.16277194197859, 'SEARCH'
10, 21344, 78.1761766483121, 78.1761766483121, 'SEARCH'
10, 21345, 78.2027595248702, 78.2027595248702, 'SEARCH'
10, 21346, 78.21991458713897, 78.21991458713897, 'SEARCH'
10, 21347, 78.23069974308684, 78.23069974308684, 'SEARCH'
10, 21348, 78.24205967371893, 78.24205967371893, 'SEARCH'
10, 21349, 78.26477082298364, 78.26477082298364, 'SEARCH'
10, 21350, 78.29253407249303, 78.29253407249303, 'SEARCH'
10, 21351, 78.31921577618063, 78.31921577618063, 'SEARCH'
10, 21352, 78.31914485829927, 78.31914485829927, 'SEARCH'
10, 21353, 78.34659045902804, 78.34659045902804, 'SEARCH'
10, 21354, 78.36618615748931, 78.36618615748931, 'SEARCH'
10, 21355, 78.39262296667275, 78.39262296667275, 'SEARCH'
10, 21356, 78.4191683620174, 78.4191683620174, 'SEARCH'
10, 21357, 78.44188697667244, 78.44188697667244, 'SEARCH'
10, 21358, 78.44291457892729, 78.44291457892729, 'SEARCH'
10, 21359, 78.44381807228741, 78.44381807228741, 'SEARCH'
10, 21360, 78.45461805685083, 78.45461805685083, 'SEARCH'
10, 21361, 78.453215668777, 78.453215668777, 'SEARCH'
10, 21362, 78.47979692212652, 78.47979692212652, 'SEARCH'
10, 21363, 78.5075598792096, 78.5075598792096, 'SEARCH'
10, 21364, 78.4797990229035, 78.4797990229035, 'TRACK'
10, 21365, 78.48276495207575, 78.48276495207575, 'SEARCH'
10, 21366, 78.50461066575906, 78.50461066575906, 'SEARCH'
10, 21367, 78.47684980945297, 78.47684980945297, 'TRACK'
10, 21368, 78.50018199119268, 78.50018199119268, 'SEARCH'
10, 21369, 78.47242113488659, 78.47242113488659, 'TRACK'
10, 21370, 78.4978258484913, 78.4978258484913, 'SEARCH'
10, 21371, 78.49644601785133, 78.49644601785133, 'SEARCH'
10, 21372, 78.48871088979155, 78.48871088979155, 'SEARCH'
10, 21373, 78.50536876337492, 78.50536876337492, 'SEARCH'
10, 21374, 78.53132597553909, 78.53132597553909, 'SEARCH'
10, 21375, 78.55192070399801, 78.55192070399801, 'SEARCH'
10, 21376, 78.56739797954754, 78.56739797954754, 'SEARCH'
10, 21377, 78.58629746042213, 78.58629746042213, 'SEARCH'
10, 21378, 78.60690269805309, 78.60690269805309, 'SEARCH'
10, 21379, 78.61367286133896, 78.61367286133896, 'SEARCH'
10, 21380, 78.60689520919534, 78.60689520919534, 'SEARCH'
10, 21381, 78.62750352005564, 78.62750352005564, 'SEARCH'
10, 21382, 78.63511485314528, 78.63511485314528, 'SEARCH'
10, 21383, 78.65702854647856, 78.65702854647856, 'SEARCH'
10, 21384, 78.66284813452754, 78.66284813452754, 'SEARCH'
10, 21385, 78.6825274440314, 78.6825274440314, 'SEARCH'
10, 21386, 78.70005444299707, 78.70005444299707, 'SEARCH'
10, 21387, 78.724774760222, 78.724774760222, 'SEARCH'
10, 21388, 78.735122216107, 78.735122216107, 'SEARCH'
10, 21389, 78.73808140985233, 78.73808140985233, 'SEARCH'
10, 21390, 78.75191505717777, 78.75191505717777, 'SEARCH'
10, 21391, 78.7725963515232, 78.7725963515232, 'SEARCH'
10, 21392, 78.78600794662846, 78.78600794662846, 'SEARCH'
10, 21393, 78.80427466284151, 78.80427466284151, 'SEARCH'
10, 21394, 78.80288403635753, 78.80288403635753, 'SEARCH'
10, 21395, 78.81543162614031, 78.81543162614031, 'SEARCH'
10, 21396, 78.83181104798241, 78.83181104798241, 'SEARCH'
10, 21397, 78.83812900794914, 78.83812900794914, 'SEARCH'
10, 21398, 78.83853488624861, 78.83853488624861, 'SEARCH'
10, 21399, 78.86132985287244, 78.86132985287244, 'SEARCH'
10, 21400, 78.88534787727752, 78.88534787727752, 'SEARCH'
10, 21401, 78.91298103206488, 78.91298103206488, 'SEARCH'
10, 21402, 78.9406595206954, 78.9406595206954, 'SEARCH'
10, 21403, 78.9612513464521, 78.9612513464521, 'SEARCH'
10, 21404, 78.98869824806734, 78.98869824806734, 'SEARCH'
10, 21405, 79.00210071266389, 79.00210071266389, 'SEARCH'
10, 21406, 79.01244407299555, 79.01244407299555, 'SEARCH'
10, 21407, 79.03912909423975, 79.03912909423975, 'SEARCH'
10, 21408, 79.06537424075148, 79.06537424075148, 'SEARCH'
10, 21409, 79.09234068277833, 79.09234068277833, 'SEARCH'
10, 21410, 79.09674522627296, 79.09674522627296, 'SEARCH'
10, 21411, 79.11538245398215, 79.11538245398215, 'SEARCH'
10, 21412, 79.12792727287541, 79.12792727287541, 'SEARCH'
10, 21413, 79.1472718235808, 79.1472718235808, 'SEARCH'
10, 21414, 79.17503001162278, 79.17503001162278, 'SEARCH'
10, 21415, 79.20239857067017, 79.20239857067017, 'SEARCH'
10, 21416, 79.22884030646736, 79.22884030646736, 'SEARCH'
10, 21417, 79.25480150132788, 79.25480150132788, 'SEARCH'
10, 21418, 79.26959190696058, 79.26959190696058, 'SEARCH'
10, 21419, 79.27669418226093, 79.27669418226093, 'SEARCH'
10, 21420, 79.29051126018491, 79.29051126018491, 'SEARCH'
10, 21421, 79.31800795591175, 79.31800795591175, 'SEARCH'
10, 21422, 79.32098731872735, 79.32098731872735, 'SEARCH'
10, 21423, 79.33367302082593, 79.33367302082593, 'SEARCH'
10, 21424, 79.35675283291194, 79.35675283291194, 'SEARCH'
10, 21425, 79.37260640117097, 79.37260640117097, 'SEARCH'
10, 21426, 79.38556727653778, 79.38556727653778, 'SEARCH'
10, 21427, 79.37876573664585, 79.37876573664585, 'SEARCH'
10, 21428, 79.39880027742062, 79.39880027742062, 'SEARCH'
10, 21429, 79.41191372171112, 79.41191372171112, 'SEARCH'
10, 21430, 79.43845142547612, 79.43845142547612, 'SEARCH'
10, 21431, 79.46316151280071, 79.46316151280071, 'SEARCH'
10, 21432, 79.48341867650282, 79.48341867650282, 'SEARCH'
10, 21433, 79.5055544643838, 79.5055544643838, 'SEARCH'
10, 21434, 79.47838369769676, 79.47838369769676, 'TRACK'
10, 21435, 79.50467314656198, 79.50467314656198, 'SEARCH'
10, 21436, 79.47750237987493, 79.47750237987493, 'TRACK'
10, 21437, 79.49187867142975, 79.49187867142975, 'SEARCH'
10, 21438, 79.50667362073843, 79.50667362073843, 'SEARCH'
10, 21439, 79.47950285405138, 79.47950285405138, 'TRACK'
10, 21440, 79.50687519275712, 79.50687519275712, 'SEARCH'
10, 21441, 79.47970442607007, 79.47970442607007, 'TRACK'
10, 21442, 79.50294658766471, 79.50294658766471, 'SEARCH'
10, 21443, 79.50158843770329, 79.50158843770329, 'SEARCH'
10, 21444, 79.49383238802979, 79.49383238802979, 'SEARCH'
10, 21445, 79.50763825318381, 79.50763825318381, 'SEARCH'
10, 21446, 79.51014829982829, 79.51014829982829, 'SEARCH'
10, 21447, 79.53791238072243, 79.53791238072243, 'SEARCH'
10, 21448, 79.56126221496035, 79.56126221496035, 'SEARCH'
10, 21449, 79.58450218456127, 79.58450218456127, 'SEARCH'
10, 21450, 79.58537192109362, 79.58537192109362, 'SEARCH'
10, 21451, 79.60240107708591, 79.60240107708591, 'SEARCH'
10, 21452, 79.62298615349475, 79.62298615349475, 'SEARCH'
10, 21453, 79.64357433875543, 79.64357433875543, 'SEARCH'
10, 21454, 79.664588944571, 79.664588944571, 'SEARCH'
10, 21455, 79.68818960176372, 79.68818960176372, 'SEARCH'
10, 21456, 79.71442534313394, 79.71442534313394, 'SEARCH'
10, 21457, 79.74220298819738, 79.74220298819738, 'SEARCH'
10, 21458, 79.76843904145576, 79.76843904145576, 'SEARCH'
10, 21459, 79.79434127878595, 79.79434127878595, 'SEARCH'
10, 21460, 79.79474320501402, 79.79474320501402, 'SEARCH'
10, 21461, 79.7991627071218, 79.7991627071218, 'SEARCH'
10, 21462, 79.82601532216968, 79.82601532216968, 'SEARCH'
10, 21463, 79.8519787184597, 79.8519787184597, 'SEARCH'
10, 21464, 79.85237418327667, 79.85237418327667, 'SEARCH'
10, 21465, 79.85083902703585, 79.85083902703585, 'SEARCH'
10, 21466, 79.8570159204185, 79.8570159204185, 'SEARCH'
10, 21467, 79.88475208933451, 79.88475208933451, 'SEARCH'
10, 21468, 79.87986299585988, 79.87986299585988, 'SEARCH'
10, 21469, 79.88367080004976, 79.88367080004976, 'SEARCH'
10, 21470, 79.90944497322992, 79.90944497322992, 'SEARCH'
10, 21471, 79.91132806051378, 79.91132806051378, 'SEARCH'
10, 21472, 79.93672337908224, 79.93672337908224, 'SEARCH'
10, 21473, 79.93328761268215, 79.93328761268215, 'SEARCH'
10, 21474, 79.93806883177463, 79.93806883177463, 'SEARCH'
10, 21475, 79.96160695039961, 79.96160695039961, 'SEARCH'
10, 21476, 79.9630288460101, 79.9630288460101, 'SEARCH'
10, 21477, 79.99080196179037, 79.99080196179037, 'SEARCH'
10, 21478, 80.0047123252507, 80.0047123252507, 'SEARCH'
10, 21479, 80.015088359599, 80.015088359599, 'SEARCH'
10, 21480, 80.02041319138793, 80.02041319138793, 'SEARCH'
10, 21481, 80.03261975271857, 80.03261975271857, 'SEARCH'
10, 21482, 80.03930063593558, 80.03930063593558, 'SEARCH'
10, 21483, 80.05526027423987, 80.05526027423987, 'SEARCH'
10, 21484, 80.0727723453638, 80.0727723453638, 'SEARCH'
10, 21485, 80.10044843307276, 80.10044843307276, 'SEARCH'
10, 21486, 80.11214431195107, 80.11214431195107, 'SEARCH'
10, 21487, 80.13920084734895, 80.13920084734895, 'SEARCH'
10, 21488, 80.16616321388382, 80.16616321388382, 'SEARCH'
10, 21489, 80.17959256383554, 80.17959256383554, 'SEARCH'
10, 21490, 80.1895131804746, 80.1895131804746, 'SEARCH'
10, 21491, 80.20586432452544, 80.20586432452544, 'SEARCH'
10, 21492, 80.21623643021219, 80.21623643021219, 'SEARCH'
10, 21493, 80.21234153279599, 80.21234153279599, 'SEARCH'
10, 21494, 80.21908229142261, 80.21908229142261, 'SEARCH'
10, 21495, 80.21614969164123, 80.21614969164123, 'SEARCH'
10, 21496, 80.23209978481898, 80.23209978481898, 'SEARCH'
10, 21497, 80.2383209449471, 80.2383209449471, 'SEARCH'
10, 21498, 80.26162861819121, 80.26162861819121, 'SEARCH'
10, 21499, 80.26455773809613, 80.26455773809613, 'SEARCH'
10, 21500, 80.28046286105564, 80.28046286105564, 'SEARCH'
10, 21501, 80.29134193899056, 80.29134193899056, 'SEARCH'
10, 21502, 80.31860261755611, 80.31860261755611, 'SEARCH'
10, 21503, 80.33450699588057, 80.33450699588057, 'SEARCH'
10, 21504, 80.34714326830837, 80.34714326830837, 'SEARCH'
10, 21505, 80.35972206969039, 80.35972206969039, 'SEARCH'
10, 21506, 80.38098223953858, 80.38098223953858, 'SEARCH'
10, 21507, 80.39274415672988, 80.39274415672988, 'SEARCH'
10, 21508, 80.42031092027425, 80.42031092027425, 'SEARCH'
10, 21509, 80.44658579901844, 80.44658579901844, 'SEARCH'
10, 21510, 80.46294194157164, 80.46294194157164, 'SEARCH'
10, 21511, 80.47508073484673, 80.47508073484673, 'SEARCH'
10, 21512, 80.46785681461972, 80.46785681461972, 'SEARCH'
10, 21513, 80.48255314757779, 80.48255314757779, 'SEARCH'
10, 21514, 80.48350098078133, 80.48350098078133, 'SEARCH'
10, 21515, 80.50626308077113, 80.50626308077113, 'SEARCH'
10, 21516, 80.53370182671085, 80.53370182671085, 'SEARCH'
10, 21517, 80.56106123865207, 80.56106123865207, 'SEARCH'
10, 21518, 80.5692048640564, 80.5692048640564, 'SEARCH'
10, 21519, 80.58430770394455, 80.58430770394455, 'SEARCH'
10, 21520, 80.59147313321503, 80.59147313321503, 'SEARCH'
10, 21521, 80.61842999677495, 80.61842999677495, 'SEARCH'
10, 21522, 80.64570125128593, 80.64570125128593, 'SEARCH'
10, 21523, 80.65239951606215, 80.65239951606215, 'SEARCH'
10, 21524, 80.65576991798747, 80.65576991798747, 'SEARCH'
10, 21525, 80.66571785358592, 80.66571785358592, 'SEARCH'
10, 21526, 80.67567241566424, 80.67567241566424, 'SEARCH'
10, 21527, 80.70273667799225, 80.70273667799225, 'SEARCH'
10, 21528, 80.70946099357009, 80.70946099357009, 'SEARCH'
10, 21529, 80.73717027465113, 80.73717027465113, 'SEARCH'
10, 21530, 80.76358526517157, 80.76358526517157, 'SEARCH'
10, 21531, 80.76406280037614, 80.76406280037614, 'SEARCH'
10, 21532, 80.79048082414016, 80.79048082414016, 'SEARCH'
10, 21533, 80.81623556793033, 80.81623556793033, 'SEARCH'
10, 21534, 80.84394548666943, 80.84394548666943, 'SEARCH'
10, 21535, 80.86458635463092, 80.86458635463092, 'SEARCH'
10, 21536, 80.8845691532714, 80.8845691532714, 'SEARCH'
10, 21537, 80.90703799512544, 80.90703799512544, 'SEARCH'
10, 21538, 80.90317327341603, 80.90317327341603, 'SEARCH'
10, 21539, 80.90027884521308, 80.90027884521308, 'SEARCH'
10, 21540, 80.92479709883371, 80.92479709883371, 'SEARCH'
10, 21541, 80.94339350318695, 80.94339350318695, 'SEARCH'
10, 21542, 80.95467524642346, 80.95467524642346, 'SEARCH'
10, 21543, 80.98194466143585, 80.98194466143585, 'SEARCH'
10, 21544, 80.99497568960139, 80.99497568960139, 'SEARCH'
10, 21545, 81.00671847690786, 81.00671847690786, 'SEARCH'
10, 21546, 81.02264247613465, 81.02264247613465, 'SEARCH'
10, 21547, 81.04423213016642, 81.04423213016642, 'SEARCH'
10, 21548, 81.06454208323264, 81.06454208323264, 'SEARCH'
10, 21549, 81.06357073377148, 81.06357073377148, 'SEARCH'
10, 21550, 81.06551439955982, 81.06551439955982, 'SEARCH'
10, 21551, 81.07679985377608, 81.07679985377608, 'SEARCH'
10, 21552, 81.08539037940346, 81.08539037940346, 'SEARCH'
10, 21553, 81.09490493121405, 81.09490493121405, 'SEARCH'
10, 21554, 81.09294465241406, 81.09294465241406, 'SEARCH'
10, 21555, 81.10806121843915, 81.10806121843915, 'SEARCH'
10, 21556, 81.13580048474599, 81.13580048474599, 'SEARCH'
10, 21557, 81.16206777244776, 81.16206777244776, 'SEARCH'
10, 21558, 81.1606262218626, 81.1606262218626, 'SEARCH'
10, 21559, 81.18514307741827, 81.18514307741827, 'SEARCH'
10, 21560, 81.20225829645224, 81.20225829645224, 'SEARCH'
10, 21561, 81.22853048662382, 81.22853048662382, 'SEARCH'
10, 21562, 81.24713774819462, 81.24713774819462, 'SEARCH'
10, 21563, 81.2695905518885, 81.2695905518885, 'SEARCH'
10, 21564, 81.28594202256673, 81.28594202256673, 'SEARCH'
10, 21565, 81.28735910190173, 81.28735910190173, 'SEARCH'
10, 21566, 81.30246377832643, 81.30246377832643, 'SEARCH'
10, 21567, 81.30394012058727, 81.30394012058727, 'SEARCH'
10, 21568, 81.31614459630799, 81.31614459630799, 'SEARCH'
10, 21569, 81.33919472328846, 81.33919472328846, 'SEARCH'
10, 21570, 81.36478118811966, 81.36478118811966, 'SEARCH'
10, 21571, 81.38267251894486, 81.38267251894486, 'SEARCH'
10, 21572, 81.40056893777786, 81.40056893777786, 'SEARCH'
10, 21573, 81.41911090258954, 81.41911090258954, 'SEARCH'
10, 21574, 81.42991378691796, 81.42991378691796, 'SEARCH'
10, 21575, 81.43891185663021, 81.43891185663021, 'SEARCH'
10, 21576, 81.46654170188341, 81.46654170188341, 'SEARCH'
10, 21577, 81.4877933772296, 81.4877933772296, 'SEARCH'
10, 21578, 81.51084342532276, 81.51084342532276, 'SEARCH'
10, 21579, 81.53329072207654, 81.53329072207654, 'SEARCH'
10, 21580, 81.55923751398886, 81.55923751398886, 'SEARCH'
10, 21581, 81.5755994837041, 81.5755994837041, 'SEARCH'
10, 21582, 81.57893535180096, 81.57893535180096, 'SEARCH'
10, 21583, 81.60587783825873, 81.60587783825873, 'SEARCH'
10, 21584, 81.61624573396888, 81.61624573396888, 'SEARCH'
10, 21585, 81.64306826488614, 81.64306826488614, 'SEARCH'
10, 21586, 81.64690205584223, 81.64690205584223, 'SEARCH'
10, 21587, 81.66690082106587, 81.66690082106587, 'SEARCH'
10, 21588, 81.68816002299108, 81.68816002299108, 'SEARCH'
10, 21589, 81.70489810151057, 81.70489810151057, 'SEARCH'
10, 21590, 81.70292730495166, 81.70292730495166, 'SEARCH'
10, 21591, 81.72113217680297, 81.72113217680297, 'SEARCH'
10, 21592, 81.74884365376602, 81.74884365376602, 'SEARCH'
10, 21593, 81.75971667767382, 81.75971667767382, 'SEARCH'
10, 21594, 81.78217245344689, 81.78217245344689, 'SEARCH'
10, 21595, 81.79210402378439, 81.79210402378439, 'SEARCH'
10, 21596, 81.81906092385746, 81.81906092385746, 'SEARCH'
10, 21597, 81.82485611322974, 81.82485611322974, 'SEARCH'
10, 21598, 81.84159581206536, 81.84159581206536, 'SEARCH'
10, 21599, 81.84017722758621, 81.84017722758621, 'SEARCH'
10, 21600, 81.84543506210044, 81.84543506210044, 'SEARCH'
10, 21601, 81.86605420855908, 81.86605420855908, 'SEARCH'
10, 21602, 81.87648845262987, 81.87648845262987, 'SEARCH'
10, 21603, 81.89677755375742, 81.89677755375742, 'SEARCH'
10, 21604, 81.91497600702783, 81.91497600702783, 'SEARCH'
10, 21605, 81.91451935955703, 81.91451935955703, 'SEARCH'
10, 21606, 81.92450776977837, 81.92450776977837, 'SEARCH'
10, 21607, 81.92494861524625, 81.92494861524625, 'SEARCH'
10, 21608, 81.93627967839416, 81.93627967839416, 'SEARCH'
10, 21609, 81.93632329394124, 81.93632329394124, 'SEARCH'
10, 21610, 81.9348179486801, 81.9348179486801, 'SEARCH'
10, 21611, 81.94615598924746, 81.94615598924746, 'SEARCH'
10, 21612, 81.97300048325086, 81.97300048325086, 'SEARCH'
10, 21613, 81.98199282412189, 81.98199282412189, 'SEARCH'
10, 21614, 82.00868159076524, 82.00868159076524, 'SEARCH'
10, 21615, 82.02902792831782, 82.02902792831782, 'SEARCH'
10, 21616, 82.05660488703798, 82.05660488703798, 'SEARCH'
10, 21617, 82.08329184739357, 82.08329184739357, 'SEARCH'
10, 21618, 82.10297039697097, 82.10297039697097, 'SEARCH'
10, 21619, 82.0976130030969, 82.0976130030969, 'SEARCH'
10, 21620, 82.10614907830906, 82.10614907830906, 'SEARCH'
10, 21621, 82.11093049766997, 82.11093049766997, 'SEARCH'
10, 21622, 82.12478905369666, 82.12478905369666, 'SEARCH'
10, 21623, 82.14152886587246, 82.14152886587246, 'SEARCH'
10, 21624, 82.16928846408169, 82.16928846408169, 'SEARCH'
10, 21625, 82.17270942016722, 82.17270942016722, 'SEARCH'
10, 21626, 82.1912636171547, 82.1912636171547, 'SEARCH'
10, 21627, 82.19604911789581, 82.19604911789581, 'SEARCH'
10, 21628, 82.2185399386935, 82.2185399386935, 'SEARCH'
10, 21629, 82.21947311145144, 82.21947311145144, 'SEARCH'
10, 21630, 82.24013492373663, 82.24013492373663, 'SEARCH'
10, 21631, 82.2668460659101, 82.2668460659101, 'SEARCH'
10, 21632, 82.2896216710376, 82.2896216710376, 'SEARCH'
10, 21633, 82.31658461109797, 82.31658461109797, 'SEARCH'
10, 21634, 82.33484271237003, 82.33484271237003, 'SEARCH'
10, 21635, 82.35978635755743, 82.35978635755743, 'SEARCH'
10, 21636, 82.38386721396391, 82.38386721396391, 'SEARCH'
10, 21637, 82.41094515250538, 82.41094515250538, 'SEARCH'
10, 21638, 82.43226054918544, 82.43226054918544, 'SEARCH'
10, 21639, 82.45982358792182, 82.45982358792182, 'SEARCH'
10, 21640, 82.48536873399199, 82.48536873399199, 'SEARCH'
10, 21641, 82.48688241872732, 82.48688241872732, 'SEARCH'
10, 21642, 82.51373123657174, 82.51373123657174, 'SEARCH'
10, 21643, 82.53237090747756, 82.53237090747756, 'SEARCH'
10, 21644, 82.55240638179752, 82.55240638179752, 'SEARCH'
10, 21645, 82.56182815060032, 82.56182815060032, 'SEARCH'
10, 21646, 82.58284241472755, 82.58284241472755, 'SEARCH'
10, 21647, 82.60242588770299, 82.60242588770299, 'SEARCH'
10, 21648, 82.61958846439184, 82.61958846439184, 'SEARCH'
10, 21649, 82.61918788569855, 82.61918788569855, 'SEARCH'
10, 21650, 82.63171643399386, 82.63171643399386, 'SEARCH'
10, 21651, 82.65672028491554, 82.65672028491554, 'SEARCH'
10, 21652, 82.66382294509611, 82.66382294509611, 'SEARCH'
10, 21653, 82.67819994415729, 82.67819994415729, 'SEARCH'
10, 21654, 82.70433301209387, 82.70433301209387, 'SEARCH'
10, 21655, 82.73185326431263, 82.73185326431263, 'SEARCH'
10, 21656, 82.75963087932087, 82.75963087932087, 'SEARCH'
10, 21657, 82.75924202261375, 82.75924202261375, 'SEARCH'
10, 21658, 82.7851373519505, 82.7851373519505, 'SEARCH'
10, 21659, 82.80899988490535, 82.80899988490535, 'SEARCH'
10, 21660, 82.83652199387349, 82.83652199387349, 'SEARCH'
10, 21661, 82.84612470712297, 82.84612470712297, 'SEARCH'
10, 21662, 82.84262365548247, 82.84262365548247, 'SEARCH'
10, 21663, 82.8625297612796, 82.8625297612796, 'SEARCH'
10, 21664, 82.87692501755468, 82.87692501755468, 'SEARCH'
10, 21665, 82.87342969600401, 82.87342969600401, 'SEARCH'
10, 21666, 82.8980040966701, 82.8980040966701, 'SEARCH'
10, 21667, 82.90555746454153, 82.90555746454153, 'SEARCH'
10, 21668, 82.91935986290704, 82.91935986290704, 'SEARCH'
10, 21669, 82.93858879875184, 82.93858879875184, 'SEARCH'
10, 21670, 82.96583930634546, 82.96583930634546, 'SEARCH'
10, 21671, 82.96720597771761, 82.96720597771761, 'SEARCH'
10, 21672, 82.99436017583702, 82.99436017583702, 'SEARCH'
10, 21673, 83.0081811939104, 83.0081811939104, 'SEARCH'
10, 21674, 83.03546220650404, 83.03546220650404, 'SEARCH'
10, 21675, 83.04035871477154, 83.04035871477154, 'SEARCH'
10, 21676, 83.06778151737122, 83.06778151737122, 'SEARCH'
10, 21677, 83.07959500559306, 83.07959500559306, 'SEARCH'
10, 21678, 83.09505383705428, 83.09505383705428, 'SEARCH'
10, 21679, 83.12190654193095, 83.12190654193095, 'SEARCH'
10, 21680, 83.13669955304783, 83.13669955304783, 'SEARCH'
10, 21681, 83.15050734978826, 83.15050734978826, 'SEARCH'
10, 21682, 83.16389818409576, 83.16389818409576, 'SEARCH'
10, 21683, 83.1855359763563, 83.1855359763563, 'SEARCH'
10, 21684, 83.19217253334165, 83.19217253334165, 'SEARCH'
10, 21685, 83.2199360130777, 83.2199360130777, 'SEARCH'
10, 21686, 83.23747882515437, 83.23747882515437, 'SEARCH'
10, 21687, 83.24333856939363, 83.24333856939363, 'SEARCH'
10, 21688, 83.25472304763701, 83.25472304763701, 'SEARCH'
10, 21689, 83.27713548688162, 83.27713548688162, 'SEARCH'
10, 21690, 83.29738379522074, 83.29738379522074, 'SEARCH'
10, 21691, 83.3081515542867, 83.3081515542867, 'SEARCH'
10, 21692, 83.32852553885157, 83.32852553885157, 'SEARCH'
10, 21693, 83.35481983362145, 83.35481983362145, 'SEARCH'
10, 21694, 83.3752003712054, 83.3752003712054, 'SEARCH'
10, 21695, 83.37675589687483, 83.37675589687483, 'SEARCH'
10, 21696, 83.3768659770935, 83.3768659770935, 'SEARCH'
10, 21697, 83.39572373791664, 83.39572373791664, 'SEARCH'
10, 21698, 83.42350128645343, 83.42350128645343, 'SEARCH'
10, 21699, 83.44659350008591, 83.44659350008591, 'SEARCH'
10, 21700, 83.45822495716689, 83.45822495716689, 'SEARCH'
10, 21701, 83.4804764699334, 83.4804764699334, 'SEARCH'
10, 21702, 83.49968780922653, 83.49968780922653, 'SEARCH'
10, 21703, 83.49427739493915, 83.49427739493915, 'SEARCH'
10, 21704, 83.51418660302619, 83.51418660302619, 'SEARCH'
10, 21705, 83.52147164686829, 83.52147164686829, 'SEARCH'
10, 21706, 83.53651053181873, 83.53651053181873, 'SEARCH'
10, 21707, 83.55846161743908, 83.55846161743908, 'SEARCH'
10, 21708, 83.58359165033295, 83.58359165033295, 'SEARCH'
10, 21709, 83.6072033841566, 83.6072033841566, 'SEARCH'
10, 21710, 83.63486575895463, 83.63486575895463, 'SEARCH'
10, 21711, 83.64401231261454, 83.64401231261454, 'SEARCH'
10, 21712, 83.67171401725079, 83.67171401725079, 'SEARCH'
10, 21713, 83.69227825975781, 83.69227825975781, 'SEARCH'
10, 21714, 83.69768886243665, 83.69768886243665, 'SEARCH'
10, 21715, 83.72502342431714, 83.72502342431714, 'SEARCH'
10, 21716, 83.75063968301563, 83.75063968301563, 'SEARCH'
10, 21717, 83.75581809342985, 83.75581809342985, 'SEARCH'
10, 21718, 83.7610042323686, 83.7610042323686, 'SEARCH'
10, 21719, 83.76353312679015, 83.76353312679015, 'SEARCH'
10, 21720, 83.78844831277482, 83.78844831277482, 'SEARCH'
10, 21721, 83.79692387002846, 83.79692387002846, 'SEARCH'
10, 21722, 83.8135559969355, 83.8135559969355, 'SEARCH'
10, 21723, 83.8151098311992, 83.8151098311992, 'SEARCH'
10, 21724, 83.84191283737431, 83.84191283737431, 'SEARCH'
10, 21725, 83.86883937726519, 83.86883937726519, 'SEARCH'
10, 21726, 83.89417234508093, 83.89417234508093, 'SEARCH'
10, 21727, 83.92173027362543, 83.92173027362543, 'SEARCH'
10, 21728, 83.9479608654846, 83.9479608654846, 'SEARCH'
10, 21729, 83.95571492406076, 83.95571492406076, 'SEARCH'
10, 21730, 83.9692775808531, 83.9692775808531, 'SEARCH'
10, 21731, 83.99489270855929, 83.99489270855929, 'SEARCH'
10, 21732, 84.01112190688309, 84.01112190688309, 'SEARCH'
10, 21733, 84.02511028924575, 84.02511028924575, 'SEARCH'
10, 21734, 84.04305921252347, 84.04305921252347, 'SEARCH'
10, 21735, 84.03574488235081, 84.03574488235081, 'SEARCH'
10, 21736, 84.06145432285406, 84.06145432285406, 'SEARCH'
10, 21737, 84.0584324572302, 84.0584324572302, 'SEARCH'
10, 21738, 84.06962945740929, 84.06962945740929, 'SEARCH'
10, 21739, 84.08626370708289, 84.08626370708289, 'SEARCH'
10, 21740, 84.09051274663237, 84.09051274663237, 'SEARCH'
10, 21741, 84.11076694110788, 84.11076694110788, 'SEARCH'
10, 21742, 84.13757619587876, 84.13757619587876, 'SEARCH'
10, 21743, 84.15097021450991, 84.15097021450991, 'SEARCH'
10, 21744, 84.1784882074692, 84.1784882074692, 'SEARCH'
10, 21745, 84.19841523718776, 84.19841523718776, 'SEARCH'
10, 21746, 84.22297595175476, 84.22297595175476, 'SEARCH'
10, 21747, 84.22739843967621, 84.22739843967621, 'SEARCH'
10, 21748, 84.25515614934754, 84.25515614934754, 'SEARCH'
10, 21749, 84.2636572670322, 84.2636572670322, 'SEARCH'
10, 21750, 84.28886591191075, 84.28886591191075, 'SEARCH'
10, 21751, 84.31379565081419, 84.31379565081419, 'SEARCH'
10, 21752, 84.33872663818745, 84.33872663818745, 'SEARCH'
10, 21753, 84.35169864580466, 84.35169864580466, 'SEARCH'
10, 21754, 84.35834971153335, 84.35834971153335, 'SEARCH'
10, 21755, 84.37652575728676, 84.37652575728676, 'SEARCH'
10, 21756, 84.37598333273411, 84.37598333273411, 'SEARCH'
10, 21757, 84.3942444436137, 84.3942444436137, 'SEARCH'
10, 21758, 84.42109020213748, 84.42109020213748, 'SEARCH'
10, 21759, 84.4400778174842, 84.4400778174842, 'SEARCH'
10, 21760, 84.46501541744149, 84.46501541744149, 'SEARCH'
10, 21761, 84.48461272126296, 84.48461272126296, 'SEARCH'
10, 21762, 84.50760921928675, 84.50760921928675, 'SEARCH'
10, 21763, 84.53319977993857, 84.53319977993857, 'SEARCH'
10, 21764, 84.56045610559532, 84.56045610559532, 'SEARCH'
10, 21765, 84.58819276682908, 84.58819276682908, 'SEARCH'
10, 21766, 84.58379052867994, 84.58379052867994, 'SEARCH'
10, 21767, 84.61121856622965, 84.61121856622965, 'SEARCH'
10, 21768, 84.62166956240512, 84.62166956240512, 'SEARCH'
10, 21769, 84.6493756539195, 84.6493756539195, 'SEARCH'
10, 21770, 84.67209707671175, 84.67209707671175, 'SEARCH'
10, 21771, 84.68885651674952, 84.68885651674952, 'SEARCH'
10, 21772, 84.70562163747361, 84.70562163747361, 'SEARCH'
10, 21773, 84.7298839192894, 84.7298839192894, 'SEARCH'
10, 21774, 84.72547524396069, 84.72547524396069, 'SEARCH'
10, 21775, 84.72107476666977, 84.72107476666977, 'SEARCH'
10, 21776, 84.74883723904992, 84.74883723904992, 'SEARCH'
10, 21777, 84.76140474138505, 84.76140474138505, 'SEARCH'
10, 21778, 84.75701820801746, 84.75701820801746, 'SEARCH'
10, 21779, 84.77796047321694, 84.77796047321694, 'SEARCH'
10, 21780, 84.7927046740553, 84.7927046740553, 'SEARCH'
10, 21781, 84.78594964847893, 84.78594964847893, 'SEARCH'
10, 21782, 84.79122259707397, 84.79122259707397, 'SEARCH'
10, 21783, 84.81640619661002, 84.81640619661002, 'SEARCH'
10, 21784, 84.82173013962439, 84.82173013962439, 'SEARCH'
10, 21785, 84.82363546626364, 84.82363546626364, 'SEARCH'
10, 21786, 84.85134387781794, 84.85134387781794, 'SEARCH'
10, 21787, 84.84460003263835, 84.84460003263835, 'SEARCH'
10, 21788, 84.85765527989476, 84.85765527989476, 'SEARCH'
10, 21789, 84.87156494751314, 84.87156494751314, 'SEARCH'
10, 21790, 84.88902149445394, 84.88902149445394, 'SEARCH'
10, 21791, 84.88274779860754, 84.88274779860754, 'SEARCH'
10, 21792, 84.90850943727743, 84.90850943727743, 'SEARCH'
10, 21793, 84.93622103166891, 84.93622103166891, 'SEARCH'
10, 21794, 84.96098155935849, 84.96098155935849, 'SEARCH'
10, 21795, 84.98064274345626, 84.98064274345626, 'SEARCH'
10, 21796, 84.99278930550095, 84.99278930550095, 'SEARCH'
10, 21797, 85.01024962560794, 85.01024962560794, 'SEARCH'
10, 21798, 85.01931290486549, 85.01931290486549, 'SEARCH'
10, 21799, 85.02079562735692, 85.02079562735692, 'SEARCH'
10, 21800, 85.04850831794595, 85.04850831794595, 'SEARCH'
10, 21801, 85.04846955221318, 85.04846955221318, 'SEARCH'
10, 21802, 85.05332311389724, 85.05332311389724, 'SEARCH'
10, 21803, 85.07890782519253, 85.07890782519253, 'SEARCH'
10, 21804, 85.0803188208071, 85.0803188208071, 'SEARCH'
10, 21805, 85.10248230447017, 85.10248230447017, 'SEARCH'
10, 21806, 85.11993987381797, 85.11993987381797, 'SEARCH'
10, 21807, 85.12286769554026, 85.12286769554026, 'SEARCH'
10, 21808, 85.14183602520241, 85.14183602520241, 'SEARCH'
10, 21809, 85.15182747279928, 85.15182747279928, 'SEARCH'
10, 21810, 85.15139015584772, 85.15139015584772, 'SEARCH'
10, 21811, 85.1761656059691, 85.1761656059691, 'SEARCH'
10, 21812, 85.20207671772424, 85.20207671772424, 'SEARCH'
10, 21813, 85.21960299772975, 85.21960299772975, 'SEARCH'
10, 21814, 85.24738069906566, 85.24738069906566, 'SEARCH'
10, 21815, 85.27515839833737, 85.27515839833737, 'SEARCH'
10, 21816, 85.29369557780055, 85.29369557780055, 'SEARCH'
10, 21817, 85.32066300528415, 85.32066300528415, 'SEARCH'
10, 21818, 85.32791439689491, 85.32791439689491, 'SEARCH'
10, 21819, 85.33642927355018, 85.33642927355018, 'SEARCH'
10, 21820, 85.34644440707372, 85.34644440707372, 'SEARCH'
10, 21821, 85.37046414332852, 85.37046414332852, 'SEARCH'
10, 21822, 85.3977182225982, 85.3977182225982, 'SEARCH'
10, 21823, 85.42180878461534, 85.42180878461534, 'SEARCH'
10, 21824, 85.4385846475797, 85.4385846475797, 'SEARCH'
10, 21825, 85.43995767422395, 85.43995767422395, 'SEARCH'
10, 21826, 85.44893257846262, 85.44893257846262, 'SEARCH'
10, 21827, 85.46116792886285, 85.46116792886285, 'SEARCH'
10, 21828, 85.45675057951173, 85.45675057951173, 'SEARCH'
10, 21829, 85.48107677147188, 85.48107677147188, 'SEARCH'
10, 21830, 85.47476062812734, 85.47476062812734, 'SEARCH'
10, 21831, 85.47566911476827, 85.47566911476827, 'SEARCH'
10, 21832, 85.47814258031728, 85.47814258031728, 'SEARCH'
10, 21833, 85.50495798524469, 85.50495798524469, 'SEARCH'
10, 21834, 85.53139462358718, 85.53139462358718, 'SEARCH'
10, 21835, 85.55906112236529, 85.55906112236529, 'SEARCH'
10, 21836, 85.5619017249575, 85.5619017249575, 'SEARCH'
10, 21837, 85.56997045484005, 85.56997045484005, 'SEARCH'
10, 21838, 85.59127988727232, 85.59127988727232, 'SEARCH'
10, 21839, 85.61835768725147, 85.61835768725147, 'SEARCH'
10, 21840, 85.64592151508161, 85.64592151508161, 'SEARCH'
10, 21841, 85.6736992364156, 85.6736992364156, 'SEARCH'
10, 21842, 85.68878036655772, 85.68878036655772, 'SEARCH'
10, 21843, 85.70091207203996, 85.70091207203996, 'SEARCH'
10, 21844, 85.71135787048183, 85.71135787048183, 'SEARCH'
10, 21845, 85.73820237464082, 85.73820237464082, 'SEARCH'
10, 21846, 85.75944643587003, 85.75944643587003, 'SEARCH'
10, 21847, 85.77807023401162, 85.77807023401162, 'SEARCH'
10, 21848, 85.80306141360118, 85.80306141360118, 'SEARCH'
10, 21849, 85.82366354529371, 85.82366354529371, 'SEARCH'
10, 21850, 85.83964200278095, 85.83964200278095, 'SEARCH'
10, 21851, 85.86632620339753, 85.86632620339753, 'SEARCH'
10, 21852, 85.89257041539081, 85.89257041539081, 'SEARCH'
10, 21853, 85.89981770397436, 85.89981770397436, 'SEARCH'
10, 21854, 85.92073702165199, 85.92073702165199, 'SEARCH'
10, 21855, 85.91873608577792, 85.91873608577792, 'SEARCH'
10, 21856, 85.94649496829463, 85.94649496829463, 'SEARCH'
10, 21857, 85.9646768431483, 85.9646768431483, 'SEARCH'
10, 21858, 85.9705009068226, 85.9705009068226, 'SEARCH'
10, 21859, 85.98648124100905, 85.98648124100905, 'SEARCH'
10, 21860, 86.01320095986227, 86.01320095986227, 'SEARCH'
10, 21861, 86.00830970836071, 86.00830970836071, 'SEARCH'
10, 21862, 86.03443285682228, 86.03443285682228, 'SEARCH'
10, 21863, 86.0621104393794, 86.0621104393794, 'SEARCH'
10, 21864, 86.08704809357076, 86.08704809357076, 'SEARCH'
10, 21865, 86.10707330039594, 86.10707330039594, 'SEARCH'
10, 21866, 86.1279919741941, 86.1279919741941, 'SEARCH'
10, 21867, 86.14589645802396, 86.14589645802396, 'SEARCH'
10, 21868, 86.16558872400002, 86.16558872400002, 'SEARCH'
10, 21869, 86.16357329469756, 86.16357329469756, 'SEARCH'
10, 21870, 86.18628757962978, 86.18628757962978, 'SEARCH'
10, 21871, 86.21402378867867, 86.21402378867867, 'SEARCH'
10, 21872, 86.23494468122597, 86.23494468122597, 'SEARCH'
10, 21873, 86.24113386515778, 86.24113386515778, 'SEARCH'
10, 21874, 86.26391845366634, 86.26391845366634, 'SEARCH'
10, 21875, 86.27733414051285, 86.27733414051285, 'SEARCH'
10, 21876, 86.27631311129058, 86.27631311129058, 'SEARCH'
10, 21877, 86.30226134943756, 86.30226134943756, 'SEARCH'
10, 21878, 86.32351009713088, 86.32351009713088, 'SEARCH'
10, 21879, 86.3269373417635, 86.3269373417635, 'SEARCH'
10, 21880, 86.3196989010691, 86.3196989010691, 'SEARCH'
10, 21881, 86.31388210212867, 86.31388210212867, 'SEARCH'
10, 21882, 86.33927217210888, 86.33927217210888, 'SEARCH'
10, 21883, 86.3334594634382, 86.3334594634382, 'SEARCH'
10, 21884, 86.36102654128264, 86.36102654128264, 'SEARCH'
10, 21885, 86.35427771296257, 86.35427771296257, 'SEARCH'
10, 21886, 86.36776325299984, 86.36776325299984, 'SEARCH'
10, 21887, 86.3938558686636, 86.3938558686636, 'SEARCH'
10, 21888, 86.40148648284699, 86.40148648284699, 'SEARCH'
10, 21889, 86.3952191658039, 86.3952191658039, 'SEARCH'
10, 21890, 86.38801935176865, 86.38801935176865, 'SEARCH'
10, 21891, 86.39842286620035, 86.39842286620035, 'SEARCH'
10, 21892, 86.39793299828898, 86.39793299828898, 'SEARCH'
10, 21893, 86.40512562969472, 86.40512562969472, 'SEARCH'
10, 21894, 86.43122420105038, 86.43122420105038, 'SEARCH'
10, 21895, 86.4574917437924, 86.4574917437924, 'SEARCH'
10, 21896, 86.48391406399759, 86.48391406399759, 'SEARCH'
10, 21897, 86.49343028898595, 86.49343028898595, 'SEARCH'
10, 21898, 86.51588833915072, 86.51588833915072, 'SEARCH'
10, 21899, 86.5276090089738, 86.5276090089738, 'SEARCH'
10, 21900, 86.55477698885731, 86.55477698885731, 'SEARCH'
10, 21901, 86.58253740604597, 86.58253740604597, 'SEARCH'
10, 21902, 86.60582667674034, 86.60582667674034, 'SEARCH'
10, 21903, 86.62014120926213, 86.62014120926213, 'SEARCH'
10, 21904, 86.6254580814823, 86.6254580814823, 'SEARCH'
10, 21905, 86.6421548791829, 86.6421548791829, 'SEARCH'
10, 21906, 86.66825088521645, 86.66825088521645, 'SEARCH'
10, 21907, 86.69531286253013, 86.69531286253013, 'SEARCH'
10, 21908, 86.72226162426131, 86.72226162426131, 'SEARCH'
10, 21909, 86.72469746828983, 86.72469746828983, 'SEARCH'
10, 21910, 86.72177062249908, 86.72177062249908, 'SEARCH'
10, 21911, 86.71456680659777, 86.71456680659777, 'SEARCH'
10, 21912, 86.73675504493757, 86.73675504493757, 'SEARCH'
10, 21913, 86.73916377427841, 86.73916377427841, 'SEARCH'
10, 21914, 86.76558078542456, 86.76558078542456, 'SEARCH'
10, 21915, 86.78887838633891, 86.78887838633891, 'SEARCH'
10, 21916, 86.80636537487143, 86.80636537487143, 'SEARCH'
10, 21917, 86.81981946327771, 86.81981946327771, 'SEARCH'
10, 21918, 86.82224814119637, 86.82224814119637, 'SEARCH'
10, 21919, 86.81551234924954, 86.81551234924954, 'SEARCH'
10, 21920, 86.83480280608376, 86.83480280608376, 'SEARCH'
10, 21921, 86.84152060200329, 86.84152060200329, 'SEARCH'
10, 21922, 86.84104148458702, 86.84104148458702, 'SEARCH'
10, 21923, 86.85533596532595, 86.85533596532595, 'SEARCH'
10, 21924, 86.8805084607278, 86.8805084607278, 'SEARCH'
10, 21925, 86.8926835935979, 86.8926835935979, 'SEARCH'
10, 21926, 86.90034590761417, 86.90034590761417, 'SEARCH'
10, 21927, 86.92801672917707, 86.92801672917707, 'SEARCH'
10, 21928, 86.95230469413156, 86.95230469413156, 'SEARCH'
10, 21929, 86.96620324476586, 86.96620324476586, 'SEARCH'
10, 21930, 86.9627991837102, 86.9627991837102, 'SEARCH'
10, 21931, 86.97454802480269, 86.97454802480269, 'SEARCH'
10, 21932, 87.0018189669259, 87.0018189669259, 'SEARCH'
10, 21933, 87.0185192955373, 87.0185192955373, 'SEARCH'
10, 21934, 87.03322677512315, 87.03322677512315, 'SEARCH'
10, 21935, 87.05949378868438, 87.05949378868438, 'SEARCH'
10, 21936, 87.06669443169042, 87.06669443169042, 'SEARCH'
10, 21937, 87.06671448045698, 87.06671448045698, 'SEARCH'
10, 21938, 87.09296958176607, 87.09296958176607, 'SEARCH'
10, 21939, 87.11727746521832, 87.11727746521832, 'SEARCH'
10, 21940, 87.13948073408689, 87.13948073408689, 'SEARCH'
10, 21941, 87.13414384134842, 87.13414384134842, 'SEARCH'
10, 21942, 87.14452284572475, 87.14452284572475, 'SEARCH'
10, 21943, 87.16806844945648, 87.16806844945648, 'SEARCH'
10, 21944, 87.1930426363272, 87.1930426363272, 'SEARCH'
10, 21945, 87.21367077315034, 87.21367077315034, 'SEARCH'
10, 21946, 87.24073276825634, 87.24073276825634, 'SEARCH'
10, 21947, 87.26591474481461, 87.26591474481461, 'SEARCH'
10, 21948, 87.29128269913689, 87.29128269913689, 'SEARCH'
10, 21949, 87.3151020477067, 87.3151020477067, 'SEARCH'
10, 21950, 87.3425342407833, 87.3425342407833, 'SEARCH'
10, 21951, 87.35155655382755, 87.35155655382755, 'SEARCH'
10, 21952, 87.3781248720344, 87.3781248720344, 'SEARCH'
10, 21953, 87.39446684420284, 87.39446684420284, 'SEARCH'
10, 21954, 87.42057811787839, 87.42057811787839, 'SEARCH'
10, 21955, 87.43950113129125, 87.43950113129125, 'SEARCH'
10, 21956, 87.46724206600733, 87.46724206600733, 'SEARCH'
10, 21957, 87.48655606907667, 87.48655606907667, 'SEARCH'
10, 21958, 87.48555495744787, 87.48555495744787, 'SEARCH'
10, 21959, 87.50588611930579, 87.50588611930579, 'SEARCH'
10, 21960, 87.49866809408441, 87.49866809408441, 'SEARCH'
10, 21961, 87.50058467187193, 87.50058467187193, 'SEARCH'
10, 21962, 87.52835843786488, 87.52835843786488, 'SEARCH'
10, 21963, 87.52885697953039, 87.52885697953039, 'SEARCH'
10, 21964, 87.54816907914989, 87.54816907914989, 'SEARCH'
10, 21965, 87.54048455821453, 87.54048455821453, 'SEARCH'
10, 21966, 87.54002037673513, 87.54002037673513, 'SEARCH'
10, 21967, 87.54096070080656, 87.54096070080656, 'SEARCH'
10, 21968, 87.56839970768583, 87.56839970768583, 'SEARCH'
10, 21969, 87.58474555664355, 87.58474555664355, 'SEARCH'
10, 21970, 87.5919057201932, 87.5919057201932, 'SEARCH'
10, 21971, 87.61380861142403, 87.61380861142403, 'SEARCH'
10, 21972, 87.63973126992637, 87.63973126992637, 'SEARCH'
10, 21973, 87.65011288763445, 87.65011288763445, 'SEARCH'
10, 21974, 87.6748546973758, 87.6748546973758, 'SEARCH'
10, 21975, 87.68833505400211, 87.68833505400211, 'SEARCH'
10, 21976, 87.70583424446579, 87.70583424446579, 'SEARCH'
10, 21977, 87.71576046293306, 87.71576046293306, 'SEARCH'
10, 21978, 87.71573765603475, 87.71573765603475, 'SEARCH'
10, 21979, 87.73433521187494, 87.73433521187494, 'SEARCH'
10, 21980, 87.75290640275956, 87.75290640275956, 'SEARCH'
10, 21981, 87.77848201907518, 87.77848201907518, 'SEARCH'
10, 21982, 87.78976232322098, 87.78976232322098, 'SEARCH'
10, 21983, 87.78880506654865, 87.78880506654865, 'SEARCH'
10, 21984, 87.79072209770898, 87.79072209770898, 'SEARCH'
10, 21985, 87.79505542200837, 87.79505542200837, 'SEARCH'
10, 21986, 87.79070615003081, 87.79070615003081, 'SEARCH'
10, 21987, 87.8058310937135, 87.8058310937135, 'SEARCH'
10, 21988, 87.80680351609325, 87.80680351609325, 'SEARCH'
10, 21989, 87.82645355485982, 87.82645355485982, 'SEARCH'
10, 21990, 87.84159773046612, 87.84159773046612, 'SEARCH'
10, 21991, 87.86052315619915, 87.86052315619915, 'SEARCH'
10, 21992, 87.8619971884076, 87.8619971884076, 'SEARCH'
10, 21993, 87.86396367679886, 87.86396367679886, 'SEARCH'
10, 21994, 87.88891372408706, 87.88891372408706, 'SEARCH'
10, 21995, 87.91017051958023, 87.91017051958023, 'SEARCH'
10, 21996, 87.93774485237995, 87.93774485237995, 'SEARCH'
10, 21997, 87.95160631427207, 87.95160631427207, 'SEARCH'
10, 21998, 87.94675844228638, 87.94675844228638, 'SEARCH'
10, 21999, 87.95851242161575, 87.95851242161575, 'SEARCH'
10, 22000, 87.97114486277901, 87.97114486277901, 'SEARCH'
10, 22001, 87.99865678400337, 87.99865678400337, 'SEARCH'
10, 22002, 88.00255673838706, 88.00255673838706, 'SEARCH'
10, 22003, 88.01690018251051, 88.01690018251051, 'SEARCH'
10, 22004, 88.03032266099106, 88.03032266099106, 'SEARCH'
10, 22005, 88.02988160425943, 88.02988160425943, 'SEARCH'
10, 22006, 88.02993390176454, 88.02993390176454, 'SEARCH'
10, 22007, 88.0539596685329, 88.0539596685329, 'SEARCH'
10, 22008, 88.07588412690298, 88.07588412690298, 'SEARCH'
10, 22009, 88.09065779896483, 88.09065779896483, 'SEARCH'
10, 22010, 88.11544018396496, 88.11544018396496, 'SEARCH'
10, 22011, 88.11246122739945, 88.11246122739945, 'SEARCH'
10, 22012, 88.14019733945756, 88.14019733945756, 'SEARCH'
10, 22013, 88.1671662810694, 88.1671662810694, 'SEARCH'
10, 22014, 88.18719691287784, 88.18719691287784, 'SEARCH'
10, 22015, 88.21168689419336, 88.21168689419336, 'SEARCH'
10, 22016, 88.23439860998943, 88.23439860998943, 'SEARCH'
10, 22017, 88.24651283079034, 88.24651283079034, 'SEARCH'
10, 22018, 88.25742393000802, 88.25742393000802, 'SEARCH'
10, 22019, 88.25735321433423, 88.25735321433423, 'SEARCH'
10, 22020, 88.28234688388147, 88.28234688388147, 'SEARCH'
10, 22021, 88.31001306573599, 88.31001306573599, 'SEARCH'
10, 22022, 88.31007991702573, 88.31007991702573, 'SEARCH'
10, 22023, 88.32275794749495, 88.32275794749495, 'SEARCH'
10, 22024, 88.32364389450017, 88.32364389450017, 'SEARCH'
10, 22025, 88.32806332054493, 88.32806332054493, 'SEARCH'
10, 22026, 88.34432297892346, 88.34432297892346, 'SEARCH'
10, 22027, 88.36031881175931, 88.36031881175931, 'SEARCH'
10, 22028, 88.38799814362473, 88.38799814362473, 'SEARCH'
10, 22029, 88.40009741143318, 88.40009741143318, 'SEARCH'
10, 22030, 88.42193784219081, 88.42193784219081, 'SEARCH'
10, 22031, 88.43045080036869, 88.43045080036869, 'SEARCH'
10, 22032, 88.44225047555206, 88.44225047555206, 'SEARCH'
10, 22033, 88.45044335520855, 88.45044335520855, 'SEARCH'
10, 22034, 88.4577131470638, 88.4577131470638, 'SEARCH'
10, 22035, 88.48520766715905, 88.48520766715905, 'SEARCH'
10, 22036, 88.51278939473124, 88.51278939473124, 'SEARCH'
10, 22037, 88.5350298269281, 88.5350298269281, 'SEARCH'
10, 22038, 88.54489166708233, 88.54489166708233, 'SEARCH'
10, 22039, 88.56731037802585, 88.56731037802585, 'SEARCH'
10, 22040, 88.5786883117579, 88.5786883117579, 'SEARCH'
10, 22041, 88.58437014283452, 88.58437014283452, 'SEARCH'
10, 22042, 88.60101742670675, 88.60101742670675, 'SEARCH'
10, 22043, 88.62878944310663, 88.62878944310663, 'SEARCH'
10, 22044, 88.64620699224342, 88.64620699224342, 'SEARCH'
10, 22045, 88.6706977474136, 88.6706977474136, 'SEARCH'
10, 22046, 88.69833082072161, 88.69833082072161, 'SEARCH'
10, 22047, 88.71298789158304, 88.71298789158304, 'SEARCH'
10, 22048, 88.71049989051554, 88.71049989051554, 'SEARCH'
10, 22049, 88.71249600630829, 88.71249600630829, 'SEARCH'
10, 22050, 88.71291353696438, 88.71291353696438, 'SEARCH'
10, 22051, 88.72292292719092, 88.72292292719092, 'SEARCH'
10, 22052, 88.72828896656421, 88.72828896656421, 'SEARCH'
10, 22053, 88.74571119809234, 88.74571119809234, 'SEARCH'
10, 22054, 88.75662882546928, 88.75662882546928, 'SEARCH'
10, 22055, 88.75816035091361, 88.75816035091361, 'SEARCH'
10, 22056, 88.78201501097084, 88.78201501097084, 'SEARCH'
10, 22057, 88.80454152710739, 88.80454152710739, 'SEARCH'
10, 22058, 88.79772681926082, 88.79772681926082, 'SEARCH'
10, 22059, 88.81451488255425, 88.81451488255425, 'SEARCH'
10, 22060, 88.84203558488062, 88.84203558488062, 'SEARCH'
10, 22061, 88.86456606063726, 88.86456606063726, 'SEARCH'
10, 22062, 88.88271102646443, 88.88271102646443, 'SEARCH'
10, 22063, 88.90423633415172, 88.90423633415172, 'SEARCH'
10, 22064, 88.91180282467288, 88.91180282467288, 'SEARCH'
10, 22065, 88.91237321243688, 88.91237321243688, 'SEARCH'
10, 22066, 88.9084139436269, 88.9084139436269, 'SEARCH'
10, 22067, 88.91236459812899, 88.91236459812899, 'SEARCH'
10, 22068, 88.93102152295786, 88.93102152295786, 'SEARCH'
10, 22069, 88.9354669840335, 88.9354669840335, 'SEARCH'
10, 22070, 88.9455242967068, 88.9455242967068, 'SEARCH'
10, 22071, 88.96233582536392, 88.96233582536392, 'SEARCH'
10, 22072, 88.98724687237029, 88.98724687237029, 'SEARCH'
10, 22073, 89.00680160686227, 89.00680160686227, 'SEARCH'
10, 22074, 89.02283035208794, 89.02283035208794, 'SEARCH'
10, 22075, 89.02705217530904, 89.02705217530904, 'SEARCH'
10, 22076, 89.04518783767821, 89.04518783767821, 'SEARCH'
10, 22077, 89.07090126939212, 89.07090126939212, 'SEARCH'
10, 22078, 89.09129035632373, 89.09129035632373, 'SEARCH'
10, 22079, 89.11897220753224, 89.11897220753224, 'SEARCH'
10, 22080, 89.12391050581856, 89.12391050581856, 'SEARCH'
10, 22081, 89.14814452446659, 89.14814452446659, 'SEARCH'
10, 22082, 89.14367881810412, 89.14367881810412, 'SEARCH'
10, 22083, 89.16880601572146, 89.16880601572146, 'SEARCH'
10, 22084, 89.18000341673064, 89.18000341673064, 'SEARCH'
10, 22085, 89.20480006276696, 89.20480006276696, 'SEARCH'
10, 22086, 89.22470691331834, 89.22470691331834, 'SEARCH'
10, 22087, 89.23826305355585, 89.23826305355585, 'SEARCH'
10, 22088, 89.24105705878512, 89.24105705878512, 'SEARCH'
10, 22089, 89.26778659709628, 89.26778659709628, 'SEARCH'
10, 22090, 89.29179025220195, 89.29179025220195, 'SEARCH'
10, 22091, 89.31460243456519, 89.31460243456519, 'SEARCH'
10, 22092, 89.33625703159028, 89.33625703159028, 'SEARCH'
10, 22093, 89.33904795798179, 89.33904795798179, 'SEARCH'
10, 22094, 89.35489477552424, 89.35489477552424, 'SEARCH'
10, 22095, 89.37494443987825, 89.37494443987825, 'SEARCH'
10, 22096, 89.39829774591007, 89.39829774591007, 'SEARCH'
10, 22097, 89.42601533344454, 89.42601533344454, 'SEARCH'
10, 22098, 89.42880767986459, 89.42880767986459, 'SEARCH'
10, 22099, 89.44236481915001, 89.44236481915001, 'SEARCH'
10, 22100, 89.46636523369875, 89.46636523369875, 'SEARCH'
10, 22101, 89.48034732616341, 89.48034732616341, 'SEARCH'
10, 22102, 89.50514984156949, 89.50514984156949, 'SEARCH'
10, 22103, 89.51292221759017, 89.51292221759017, 'SEARCH'
10, 22104, 89.52627604227635, 89.52627604227635, 'SEARCH'
10, 22105, 89.52566930171835, 89.52566930171835, 'SEARCH'
10, 22106, 89.5289421377859, 89.5289421377859, 'SEARCH'
10, 22107, 89.53556055775717, 89.53556055775717, 'SEARCH'
10, 22108, 89.56327723146637, 89.56327723146637, 'TRACK'
10, 22109, 89.59008297923263, 89.59008297923263, 'TRACK'
10, 22110, 89.6112997669724, 89.6112997669724, 'TRACK'
10, 22111, 89.62690883749912, 89.62690883749912, 'TRACK'
10, 22112, 89.65051827704677, 89.65051827704677, 'SEARCH'
10, 22113, 89.67711276501883, 89.67711276501883, 'SEARCH'
10, 22114, 89.70300655143346, 89.70300655143346, 'SEARCH'
10, 22115, 89.72435355173626, 89.72435355173626, 'SEARCH'
10, 22116, 89.75193774275633, 89.75193774275633, 'SEARCH'
10, 22117, 89.7796831997615, 89.7796831997615, 'SEARCH'
10, 22118, 89.80403406711409, 89.80403406711409, 'SEARCH'
10, 22119, 89.80197596722941, 89.80197596722941, 'SEARCH'
10, 22120, 89.80186402594171, 89.80186402594171, 'SEARCH'
10, 22121, 89.82895288760413, 89.82895288760413, 'SEARCH'
10, 22122, 89.83483191011638, 89.83483191011638, 'SEARCH'
10, 22123, 89.84422450331517, 89.84422450331517, 'SEARCH'
10, 22124, 89.86983566190828, 89.86983566190828, 'SEARCH'
10, 22125, 89.89149283634889, 89.89149283634889, 'SEARCH'
10, 22126, 89.91926818420461, 89.91926818420461, 'SEARCH'
10, 22127, 89.9322043426156, 89.9322043426156, 'SEARCH'
10, 22128, 89.93160841141807, 89.93160841141807, 'SEARCH'
10, 22129, 89.95820218688245, 89.95820218688245, 'SEARCH'
10, 22130, 89.97114952678434, 89.97114952678434, 'SEARCH'
10, 22131, 89.99686756463971, 89.99686756463971, 'SEARCH'
10, 22132, 90.02395485390316, 90.02395485390316, 'SEARCH'
10, 22133, 90.04703886900931, 90.04703886900931, 'SEARCH'
10, 22134, 90.06497410809132, 90.06497410809132, 'SEARCH'
10, 22135, 90.07959903011783, 90.07959903011783, 'SEARCH'
10, 22136, 90.09211623625498, 90.09211623625498, 'SEARCH'
10, 22137, 90.11168896190003, 90.11168896190003, 'SEARCH'
10, 22138, 90.13271338305519, 90.13271338305519, 'SEARCH'
10, 22139, 90.14392157292039, 90.14392157292039, 'SEARCH'
10, 22140, 90.15815023952923, 90.15815023952923, 'SEARCH'
10, 22141, 90.17905932732286, 90.17905932732286, 'SEARCH'
10, 22142, 90.20339238724766, 90.20339238724766, 'SEARCH'
10, 22143, 90.20972264393453, 90.20972264393453, 'SEARCH'
10, 22144, 90.22492905355055, 90.22492905355055, 'SEARCH'
10, 22145, 90.22696691737285, 90.22696691737285, 'SEARCH'
10, 22146, 90.2530319137133, 90.2530319137133, 'SEARCH'
10, 22147, 90.27689711878234, 90.27689711878234, 'SEARCH'
10, 22148, 90.30251042986417, 90.30251042986417, 'SEARCH'
10, 22149, 90.3302437840076, 90.3302437840076, 'SEARCH'
10, 22150, 90.3308457626184, 90.3308457626184, 'SEARCH'
10, 22151, 90.33744346192766, 90.33744346192766, 'SEARCH'
10, 22152, 90.36067554750902, 90.36067554750902, 'SEARCH'
10, 22153, 90.36104665826593, 90.36104665826593, 'SEARCH'
10, 22154, 90.36739746943363, 90.36739746943363, 'SEARCH'
10, 22155, 90.38440944339266, 90.38440944339266, 'SEARCH'
10, 22156, 90.4109418883452, 90.4109418883452, 'SEARCH'
10, 22157, 90.41776438594964, 90.41776438594964, 'SEARCH'
10, 22158, 90.4367922939835, 90.4367922939835, 'SEARCH'
10, 22159, 90.43137284622723, 90.43137284622723, 'SEARCH'
10, 22160, 90.43319813077034, 90.43319813077034, 'SEARCH'
10, 22161, 90.44717692624005, 90.44717692624005, 'SEARCH'
10, 22162, 90.45447449195719, 90.45447449195719, 'SEARCH'
10, 22163, 90.47783645617115, 90.47783645617115, 'SEARCH'
10, 22164, 90.48490374962142, 90.48490374962142, 'SEARCH'
10, 22165, 90.49586598600136, 90.49586598600136, 'SEARCH'
10, 22166, 90.50129041344672, 90.50129041344672, 'SEARCH'
10, 22167, 90.51589540018722, 90.51589540018722, 'SEARCH'
10, 22168, 90.5366240094135, 90.5366240094135, 'TRACK'
10, 22169, 90.56025215891846, 90.56025215891846, 'TRACK'
10, 22170, 90.58066307121432, 90.58066307121432, 'TRACK'
10, 22171, 90.59048021611541, 90.59048021611541, 'TRACK'
10, 22172, 90.61777386470955, 90.61777386470955, 'SEARCH'
10, 22173, 90.6193692699843, 90.6193692699843, 'SEARCH'
10, 22174, 90.61297387594702, 90.61297387594702, 'SEARCH'
10, 22175, 90.61186264816138, 90.61186264816138, 'SEARCH'
10, 22176, 90.62459189007537, 90.62459189007537, 'SEARCH'
10, 22177, 90.62638855979489, 90.62638855979489, 'SEARCH'
10, 22178, 90.63203413157783, 90.63203413157783, 'SEARCH'
10, 22179, 90.63384795596427, 90.63384795596427, 'SEARCH'
10, 22180, 90.64612854108806, 90.64612854108806, 'SEARCH'
10, 22181, 90.64576747670871, 90.64576747670871, 'SEARCH'
10, 22182, 90.67198842709661, 90.67198842709661, 'SEARCH'
10, 22183, 90.69547587449534, 90.69547587449534, 'SEARCH'
10, 22184, 90.69753988549391, 90.69753988549391, 'SEARCH'
10, 22185, 90.7158658248541, 90.7158658248541, 'SEARCH'
10, 22186, 90.73087470593316, 90.73087470593316, 'SEARCH'
10, 22187, 90.75486272249768, 90.75486272249768, 'SEARCH'
10, 22188, 90.77636660873121, 90.77636660873121, 'SEARCH'
10, 22189, 90.79724692734794, 90.79724692734794, 'SEARCH'
10, 22190, 90.82428497763176, 90.82428497763176, 'SEARCH'
10, 22191, 90.81934204207202, 90.81934204207202, 'SEARCH'
10, 22192, 90.84620218270403, 90.84620218270403, 'SEARCH'
10, 22193, 90.86610338560469, 90.86610338560469, 'SEARCH'
10, 22194, 90.86889744178147, 90.86889744178147, 'SEARCH'
10, 22195, 90.89665457503708, 90.89665457503708, 'SEARCH'
10, 22196, 90.90089920064827, 90.90089920064827, 'SEARCH'
10, 22197, 90.90080580381907, 90.90080580381907, 'SEARCH'
10, 22198, 90.9240560590759, 90.9240560590759, 'SEARCH'
10, 22199, 90.94398172343895, 90.94398172343895, 'SEARCH'
10, 22200, 90.95876525411205, 90.95876525411205, 'SEARCH'
10, 22201, 90.9852090257084, 90.9852090257084, 'SEARCH'
10, 22202, 91.01276905898045, 91.01276905898045, 'SEARCH'
10, 22203, 91.03302535736388, 91.03302535736388, 'SEARCH'
10, 22204, 91.05393620591624, 91.05393620591624, 'SEARCH'
10, 22205, 91.0804779082558, 91.0804779082558, 'SEARCH'
10, 22206, 91.08489667271797, 91.08489667271797, 'SEARCH'
10, 22207, 91.10874962477784, 91.10874962477784, 'SEARCH'
10, 22208, 91.10241470207109, 91.10241470207109, 'SEARCH'
10, 22209, 91.12949835888331, 91.12949835888331, 'SEARCH'
10, 22210, 91.15723362100361, 91.15723362100361, 'SEARCH'
10, 22211, 91.18451677629768, 91.18451677629768, 'SEARCH'
10, 22212, 91.20972809535532, 91.20972809535532, 'SEARCH'
10, 22213, 91.2154150479222, 91.2154150479222, 'SEARCH'
10, 22214, 91.21339576540524, 91.21339576540524, 'SEARCH'
10, 22215, 91.24007730072897, 91.24007730072897, 'SEARCH'
10, 22216, 91.26279054182923, 91.26279054182923, 'SEARCH'
10, 22217, 91.27177074293834, 91.27177074293834, 'SEARCH'
10, 22218, 91.29579751466426, 91.29579751466426, 'SEARCH'
10, 22219, 91.30748683236109, 91.30748683236109, 'SEARCH'
10, 22220, 91.31748587975731, 91.31748587975731, 'SEARCH'
10, 22221, 91.33848686521736, 91.33848686521736, 'SEARCH'
10, 22222, 91.35356305841522, 91.35356305841522, 'SEARCH'
10, 22223, 91.34585284914944, 91.34585284914944, 'SEARCH'
10, 22224, 91.36863398180787, 91.36863398180787, 'SEARCH'
10, 22225, 91.37159010496765, 91.37159010496765, 'SEARCH'
10, 22226, 91.37104351742293, 91.37104351742293, 'SEARCH'
10, 22227, 91.39507329336895, 91.39507329336895, 'SEARCH'
10, 22228, 91.41606971846183, 91.41606971846183, 'TRACK'
10, 22229, 91.44312294804065, 91.44312294804065, 'TRACK'
10, 22230, 91.46064654703179, 91.46064654703179, 'SEARCH'
10, 22231, 91.48196550230384, 91.48196550230384, 'SEARCH'
10, 22232, 91.50954451402308, 91.50954451402308, 'SEARCH'
10, 22233, 91.53716264311504, 91.53716264311504, 'SEARCH'
10, 22234, 91.53577946942785, 91.53577946942785, 'SEARCH'
10, 22235, 91.54715034549262, 91.54715034549262, 'SEARCH'
10, 22236, 91.5588098383512, 91.5588098383512, 'SEARCH'
10, 22237, 91.55343068562368, 91.55343068562368, 'SEARCH'
10, 22238, 91.57020478329198, 91.57020478329198, 'SEARCH'
10, 22239, 91.58724404625683, 91.58724404625683, 'SEARCH'
10, 22240, 91.61368465614525, 91.61368465614525, 'SEARCH'
10, 22241, 91.63591483984501, 91.63591483984501, 'SEARCH'
10, 22242, 91.66204550655034, 91.66204550655034, 'SEARCH'
10, 22243, 91.66599698440592, 91.66599698440592, 'SEARCH'
10, 22244, 91.6897579111513, 91.6897579111513, 'SEARCH'
10, 22245, 91.71188698292906, 91.71188698292906, 'SEARCH'
10, 22246, 91.72626807324042, 91.72626807324042, 'SEARCH'
10, 22247, 91.7242355143548, 91.7242355143548, 'SEARCH'
10, 22248, 91.75116720666614, 91.75116720666614, 'SEARCH'
10, 22249, 91.75559642266396, 91.75559642266396, 'SEARCH'
10, 22250, 91.76546339968003, 91.76546339968003, 'SEARCH'
10, 22251, 91.77712493616829, 91.77712493616829, 'SEARCH'
10, 22252, 91.80384808011046, 91.80384808011046, 'SEARCH'
10, 22253, 91.82863515682418, 91.82863515682418, 'SEARCH'
10, 22254, 91.85531292374633, 91.85531292374633, 'SEARCH'
10, 22255, 91.88299226433054, 91.88299226433054, 'SEARCH'
10, 22256, 91.89331769123618, 91.89331769123618, 'SEARCH'
10, 22257, 91.89710575444661, 91.89710575444661, 'SEARCH'
10, 22258, 91.92468490735202, 91.92468490735202, 'SEARCH'
10, 22259, 91.94601005674136, 91.94601005674136, 'SEARCH'
10, 22260, 91.97245240750883, 91.97245240750883, 'SEARCH'
10, 22261, 91.99458725446279, 91.99458725446279, 'SEARCH'
10, 22262, 92.02236492441477, 92.02236492441477, 'SEARCH'
10, 22263, 92.02180180847427, 92.02180180847427, 'SEARCH'
10, 22264, 92.01595866990706, 92.01595866990706, 'SEARCH'
10, 22265, 92.03386008454432, 92.03386008454432, 'SEARCH'
10, 22266, 92.03922692658418, 92.03922692658418, 'SEARCH'
10, 22267, 92.0665089076185, 92.0665089076185, 'SEARCH'
10, 22268, 92.07268006923594, 92.07268006923594, 'SEARCH'
10, 22269, 92.09840851416023, 92.09840851416023, 'SEARCH'
10, 22270, 92.12618620757897, 92.12618620757897, 'SEARCH'
10, 22271, 92.14256967344237, 92.14256967344237, 'SEARCH'
10, 22272, 92.16410837360213, 92.16410837360213, 'SEARCH'
10, 22273, 92.16597391525323, 92.16597391525323, 'SEARCH'
10, 22274, 92.18949714765928, 92.18949714765928, 'SEARCH'
10, 22275, 92.18907178683178, 92.18907178683178, 'SEARCH'
10, 22276, 92.20466159409096, 92.20466159409096, 'SEARCH'
10, 22277, 92.20168205262205, 92.20168205262205, 'SEARCH'
10, 22278, 92.20465259901357, 92.20465259901357, 'SEARCH'
10, 22279, 92.19692259189561, 92.19692259189561, 'SEARCH'
10, 22280, 92.22360562313982, 92.22360562313982, 'SEARCH'
10, 22281, 92.2182406773587, 92.2182406773587, 'SEARCH'
10, 22282, 92.21915323323739, 92.21915323323739, 'SEARCH'
10, 22283, 92.21428246268802, 92.21428246268802, 'SEARCH'
10, 22284, 92.22820504213774, 92.22820504213774, 'SEARCH'
10, 22285, 92.25064996852026, 92.25064996852026, 'SEARCH'
10, 22286, 92.27515623404696, 92.27515623404696, 'SEARCH'
10, 22287, 92.2890111024823, 92.2890111024823, 'SEARCH'
10, 22288, 92.30072154377027, 92.30072154377027, 'SEARCH'
10, 22289, 92.31667401899982, 92.31667401899982, 'SEARCH'
10, 22290, 92.3394466384676, 92.3394466384676, 'SEARCH'
10, 22291, 92.33843918736103, 92.33843918736103, 'SEARCH'
10, 22292, 92.36339296063286, 92.36339296063286, 'SEARCH'
10, 22293, 92.39102126443167, 92.39102126443167, 'SEARCH'
10, 22294, 92.40998597709475, 92.40998597709475, 'SEARCH'
10, 22295, 92.43326328312338, 92.43326328312338, 'SEARCH'
10, 22296, 92.45882076770424, 92.45882076770424, 'SEARCH'
10, 22297, 92.46696922480852, 92.46696922480852, 'SEARCH'
10, 22298, 92.48212924646674, 92.48212924646674, 'SEARCH'
10, 22299, 92.50970545188768, 92.50970545188768, 'SEARCH'
10, 22300, 92.52896746435002, 92.52896746435002, 'SEARCH'
10, 22301, 92.55141576261506, 92.55141576261506, 'SEARCH'
10, 22302, 92.56088162070095, 92.56088162070095, 'SEARCH'
10, 22303, 92.5864624206811, 92.5864624206811, 'SEARCH'
10, 22304, 92.58208427122236, 92.58208427122236, 'SEARCH'
10, 22305, 92.6096520524312, 92.6096520524312, 'SEARCH'
10, 22306, 92.63701196745292, 92.63701196745292, 'SEARCH'
10, 22307, 92.65045577874109, 92.65045577874109, 'SEARCH'
10, 22308, 92.65285786466627, 92.65285786466627, 'SEARCH'
10, 22309, 92.6614512259322, 92.6614512259322, 'SEARCH'
10, 22310, 92.660462859703, 92.660462859703, 'SEARCH'
10, 22311, 92.68803238138003, 92.68803238138003, 'SEARCH'
10, 22312, 92.69978057935734, 92.69978057935734, 'SEARCH'
10, 22313, 92.70929835096531, 92.70929835096531, 'SEARCH'
10, 22314, 92.70787168939482, 92.70787168939482, 'SEARCH'
10, 22315, 92.73503491874442, 92.73503491874442, 'SEARCH'
10, 22316, 92.7398238197926, 92.7398238197926, 'TRACK'
10, 22317, 92.75452137315459, 92.75452137315459, 'SEARCH'
10, 22318, 92.7506363827443, 92.7506363827443, 'SEARCH'
10, 22319, 92.77190886497473, 92.77190886497473, 'SEARCH'
10, 22320, 92.78140466740687, 92.78140466740687, 'SEARCH'
10, 22321, 92.79653615228503, 92.79653615228503, 'SEARCH'
10, 22322, 92.7955565179702, 92.7955565179702, 'SEARCH'
10, 22323, 92.78930903270614, 92.78930903270614, 'SEARCH'
10, 22324, 92.81557676653894, 92.81557676653894, 'SEARCH'
10, 22325, 92.84284652899169, 92.84284652899169, 'SEARCH'
10, 22326, 92.85503525649852, 92.85503525649852, 'SEARCH'
10, 22327, 92.86500934722537, 92.86500934722537, 'SEARCH'
10, 22328, 92.87544191117617, 92.87544191117617, 'SEARCH'
10, 22329, 92.898718147162, 92.898718147162, 'SEARCH'
10, 22330, 92.91617497189493, 92.91617497189493, 'SEARCH'
10, 22331, 92.91716798343319, 92.91716798343319, 'SEARCH'
10, 22332, 92.92525820550668, 92.92525820550668, 'SEARCH'
10, 22333, 92.95209559602431, 92.95209559602431, 'SEARCH'
10, 22334, 92.96468407157501, 92.96468407157501, 'SEARCH'
10, 22335, 92.9661544020606, 92.9661544020606, 'SEARCH'
10, 22336, 92.98648723122491, 92.98648723122491, 'SEARCH'
10, 22337, 93.0140541508919, 93.0140541508919, 'SEARCH'
10, 22338, 93.02706938048449, 93.02706938048449, 'SEARCH'
10, 22339, 93.05376541832342, 93.05376541832342, 'SEARCH'
10, 22340, 93.07564404877455, 93.07564404877455, 'SEARCH'
10, 22341, 93.10016530387281, 93.10016530387281, 'SEARCH'
10, 22342, 93.12760020289896, 93.12760020289896, 'SEARCH'
10, 22343, 93.14190964990696, 93.14190964990696, 'SEARCH'
10, 22344, 93.1637923008602, 93.1637923008602, 'SEARCH'
10, 22345, 93.17374299254101, 93.17374299254101, 'SEARCH'
10, 22346, 93.19826716116562, 93.19826716116562, 'SEARCH'
10, 22347, 93.21685498141115, 93.21685498141115, 'SEARCH'
10, 22348, 93.24327586360042, 93.24327586360042, 'SEARCH'
10, 22349, 93.2509206404023, 93.2509206404023, 'SEARCH'
10, 22350, 93.26839881190939, 93.26839881190939, 'TRACK'
10, 22351, 93.27512146898364, 93.27512146898364, 'TRACK'
10, 22352, 93.28090784365352, 93.28090784365352, 'TRACK'
10, 22353, 93.30864649822512, 93.30864649822512, 'TRACK'
10, 22354, 93.3364066998548, 93.3364066998548, 'SEARCH'
10, 22355, 93.32923399804031, 93.32923399804031, 'SEARCH'
10, 22356, 93.35080478490788, 93.35080478490788, 'SEARCH'
10, 22357, 93.36864476550575, 93.36864476550575, 'SEARCH'
10, 22358, 93.37724023861657, 93.37724023861657, 'SEARCH'
10, 22359, 93.39616952763038, 93.39616952763038, 'SEARCH'
10, 22360, 93.3937618065129, 93.3937618065129, 'SEARCH'
10, 22361, 93.39325452102166, 93.39325452102166, 'SEARCH'
10, 22362, 93.41821514981793, 93.41821514981793, 'SEARCH'
10, 22363, 93.44538768748811, 93.44538768748811, 'SEARCH'
10, 22364, 93.4525679440023, 93.4525679440023, 'SEARCH'
10, 22365, 93.46115135729877, 93.46115135729877, 'SEARCH'
10, 22366, 93.48877786026611, 93.48877786026611, 'SEARCH'
10, 22367, 93.49070508250608, 93.49070508250608, 'SEARCH'
10, 22368, 93.51777124007124, 93.51777124007124, 'SEARCH'
10, 22369, 93.52995219438037, 93.52995219438037, 'SEARCH'
10, 22370, 93.55588966310859, 93.55588966310859, 'SEARCH'
10, 22371, 93.5667591724915, 93.5667591724915, 'SEARCH'
10, 22372, 93.59438204724613, 93.59438204724613, 'SEARCH'
10, 22373, 93.62107657329166, 93.62107657329166, 'SEARCH'
10, 22374, 93.63009702476101, 93.63009702476101, 'SEARCH'
10, 22375, 93.65680317032819, 93.65680317032819, 'SEARCH'
10, 22376, 93.66307085179508, 93.66307085179508, 'SEARCH'
10, 22377, 93.67942141544937, 93.67942141544937, 'SEARCH'
10, 22378, 93.6804274796837, 93.6804274796837, 'SEARCH'
10, 22379, 93.69592258920952, 93.69592258920952, 'SEARCH'
10, 22380, 93.70899770046024, 93.70899770046024, 'SEARCH'
10, 22381, 93.7249691250878, 93.7249691250878, 'SEARCH'
10, 22382, 93.75272799326491, 93.75272799326491, 'SEARCH'
10, 22383, 93.76948978993285, 93.76948978993285, 'SEARCH'
10, 22384, 93.79426892922092, 93.79426892922092, 'SEARCH'
10, 22385, 93.8198653712729, 93.8198653712729, 'SEARCH'
10, 22386, 93.82851897611637, 93.82851897611637, 'SEARCH'
10, 22387, 93.83421363209011, 93.83421363209011, 'SEARCH'
10, 22388, 93.86129594462099, 93.86129594462099, 'SEARCH'
10, 22389, 93.8831378422999, 93.8831378422999, 'SEARCH'
10, 22390, 93.90316930273919, 93.90316930273919, 'SEARCH'
10, 22391, 93.9109016673613, 93.9109016673613, 'SEARCH'
10, 22392, 93.93332255375019, 93.93332255375019, 'SEARCH'
10, 22393, 93.9503585181851, 93.9503585181851, 'SEARCH'
10, 22394, 93.94995040625048, 93.94995040625048, 'SEARCH'
10, 22395, 93.95293934545971, 93.95293934545971, 'SEARCH'
10, 22396, 93.98057473159398, 93.98057473159398, 'SEARCH'
10, 22397, 94.00829144238415, 94.00829144238415, 'SEARCH'
10, 22398, 94.03164141139501, 94.03164141139501, 'SEARCH'
10, 22399, 94.05938639040309, 94.05938639040309, 'SEARCH'
10, 22400, 94.07825321381877, 94.07825321381877, 'SEARCH'
10, 22401, 94.10553950494182, 94.10553950494182, 'SEARCH'
10, 22402, 94.11073908286488, 94.11073908286488, 'SEARCH'
10, 22403, 94.12343331835478, 94.12343331835478, 'SEARCH'
10, 22404, 94.14743826132516, 94.14743826132516, 'SEARCH'
10, 22405, 94.1701358188335, 94.1701358188335, 'SEARCH'
10, 22406, 94.16907239667357, 94.16907239667357, 'SEARCH'
10, 22407, 94.17476473214187, 94.17476473214187, 'SEARCH'
10, 22408, 94.20252283192457, 94.20252283192457, 'SEARCH'
10, 22409, 94.20405315104415, 94.20405315104415, 'SEARCH'
10, 22410, 94.21115955609439, 94.21115955609439, 'SEARCH'
10, 22411, 94.21269047596232, 94.21269047596232, 'SEARCH'
10, 22412, 94.2159898556482, 94.2159898556482, 'SEARCH'
10, 22413, 94.23463432269081, 94.23463432269081, 'SEARCH'
10, 22414, 94.26240922287761, 94.26240922287761, 'SEARCH'
10, 22415, 94.28854112071824, 94.28854112071824, 'SEARCH'
10, 22416, 94.2865134977161, 94.2865134977161, 'SEARCH'
10, 22417, 94.29919637749826, 94.29919637749826, 'SEARCH'
10, 22418, 94.3150556071691, 94.3150556071691, 'SEARCH'
10, 22419, 94.32232474180735, 94.32232474180735, 'SEARCH'
10, 22420, 94.33099573674244, 94.33099573674244, 'SEARCH'
10, 22421, 94.32607293759409, 94.32607293759409, 'SEARCH'
10, 22422, 94.34760259656257, 94.34760259656257, 'SEARCH'
10, 22423, 94.36818753465906, 94.36818753465906, 'SEARCH'
10, 22424, 94.37052779162, 94.37052779162, 'SEARCH'
10, 22425, 94.37108448825597, 94.37108448825597, 'SEARCH'
10, 22426, 94.3962252936099, 94.3962252936099, 'SEARCH'
10, 22427, 94.41592232803447, 94.41592232803447, 'SEARCH'
10, 22428, 94.42366094250073, 94.42366094250073, 'SEARCH'
10, 22429, 94.44323585329019, 94.44323585329019, 'SEARCH'
10, 22430, 94.44957085443845, 94.44957085443845, 'SEARCH'
10, 22431, 94.4762454207969, 94.4762454207969, 'SEARCH'
10, 22432, 94.48001597999082, 94.48001597999082, 'SEARCH'
10, 22433, 94.50746528140937, 94.50746528140937, 'SEARCH'
10, 22434, 94.53461726502924, 94.53461726502924, 'SEARCH'
10, 22435, 94.54357692221451, 94.54357692221451, 'SEARCH'
10, 22436, 94.5614935391541, 94.5614935391541, 'SEARCH'
10, 22437, 94.57613884126289, 94.57613884126289, 'SEARCH'
10, 22438, 94.58795126972281, 94.58795126972281, 'SEARCH'
10, 22439, 94.61424465659695, 94.61424465659695, 'SEARCH'
10, 22440, 94.63825409543625, 94.63825409543625, 'SEARCH'
10, 22441, 94.65330774685083, 94.65330774685083, 'SEARCH'
10, 22442, 94.68108260902021, 94.68108260902021, 'SEARCH'
10, 22443, 94.6771340389045, 94.6771340389045, 'SEARCH'
10, 22444, 94.70406865919405, 94.70406865919405, 'SEARCH'
10, 22445, 94.72443366708326, 94.72443366708326, 'SEARCH'
10, 22446, 94.75199454124153, 94.75199454124153, 'SEARCH'
10, 22447, 94.77442027051288, 94.77442027051288, 'SEARCH'
10, 22448, 94.79533509257206, 94.79533509257206, 'SEARCH'
10, 22449, 94.80757470009695, 94.80757470009695, 'SEARCH'
10, 22450, 94.83028380869992, 94.83028380869992, 'SEARCH'
10, 22451, 94.83311380141433, 94.83311380141433, 'SEARCH'
10, 22452, 94.85670498757554, 94.85670498757554, 'SEARCH'
10, 22453, 94.86613918573906, 94.86613918573906, 'SEARCH'
10, 22454, 94.86317377305947, 94.86317377305947, 'SEARCH'
10, 22455, 94.87180782764194, 94.87180782764194, 'SEARCH'
10, 22456, 94.89700917883911, 94.89700917883911, 'SEARCH'
10, 22457, 94.88928839420873, 94.88928839420873, 'SEARCH'
10, 22458, 94.89453209125111, 94.89453209125111, 'SEARCH'
10, 22459, 94.90498293401713, 94.90498293401713, 'SEARCH'
10, 22460, 94.93268896561175, 94.93268896561175, 'SEARCH'
10, 22461, 94.93420063267142, 94.93420063267142, 'SEARCH'
10, 22462, 94.9488634880601, 94.9488634880601, 'SEARCH'
10, 22463, 94.9758015834479, 94.9758015834479, 'SEARCH'
10, 22464, 94.99912987317471, 94.99912987317471, 'SEARCH'
10, 22465, 95.00161514055404, 95.00161514055404, 'SEARCH'
10, 22466, 95.00459217493056, 95.00459217493056, 'SEARCH'
10, 22467, 95.0241750845337, 95.0241750845337, 'SEARCH'
10, 22468, 95.02570609685947, 95.02570609685947, 'SEARCH'
10, 22469, 95.05251480143845, 95.05251480143845, 'SEARCH'
10, 22470, 95.04524309322548, 95.04524309322548, 'SEARCH'
10, 22471, 95.07192376341028, 95.07192376341028, 'SEARCH'
10, 22472, 95.09283906086456, 95.09283906086456, 'SEARCH'
10, 22473, 95.09773054291105, 95.09773054291105, 'SEARCH'
10, 22474, 95.09732407207201, 95.09732407207201, 'SEARCH'
10, 22475, 95.12400150038023, 95.12400150038023, 'SEARCH'
10, 22476, 95.14760385085786, 95.14760385085786, 'SEARCH'
10, 22477, 95.1525177583706, 95.1525177583706, 'SEARCH'
10, 22478, 95.16992018211025, 95.16992018211025, 'SEARCH'
10, 22479, 95.16217280541287, 95.16217280541287, 'SEARCH'
10, 22480, 95.18696157583929, 95.18696157583929, 'SEARCH'
10, 22481, 95.20525353954467, 95.20525353954467, 'SEARCH'
10, 22482, 95.21964410515285, 95.21964410515285, 'SEARCH'
10, 22483, 95.22924471563361, 95.22924471563361, 'SEARCH'
10, 22484, 95.24281268081135, 95.24281268081135, 'SEARCH'
10, 22485, 95.2702287511886, 95.2702287511886, 'SEARCH'
10, 22486, 95.27984554328415, 95.27984554328415, 'SEARCH'
10, 22487, 95.28405963246155, 95.28405963246155, 'SEARCH'
10, 22488, 95.31172063970259, 95.31172063970259, 'SEARCH'
10, 22489, 95.32313204374593, 95.32313204374593, 'SEARCH'
10, 22490, 95.31770136945804, 95.31770136945804, 'SEARCH'
10, 22491, 95.34322241188504, 95.34322241188504, 'SEARCH'
10, 22492, 95.36135491231576, 95.36135491231576, 'SEARCH'
10, 22493, 95.36890145394408, 95.36890145394408, 'SEARCH'
10, 22494, 95.3931450223176, 95.3931450223176, 'SEARCH'
10, 22495, 95.41567753901451, 95.41567753901451, 'SEARCH'
10, 22496, 95.44253664452563, 95.44253664452563, 'SEARCH'
10, 22497, 95.45693888374356, 95.45693888374356, 'SEARCH'
10, 22498, 95.47919534614972, 95.47919534614972, 'SEARCH'
10, 22499, 95.5060591163516, 95.5060591163516, 'SEARCH'
10, 22500, 95.52544849210467, 95.52544849210467, 'SEARCH'
10, 22501, 95.55303562934967, 95.55303562934967, 'SEARCH'
10, 22502, 95.57739796791594, 95.57739796791594, 'SEARCH'
10, 22503, 95.60283284108488, 95.60283284108488, 'SEARCH'
10, 22504, 95.6117347636657, 95.6117347636657, 'SEARCH'
10, 22505, 95.6213678093168, 95.6213678093168, 'SEARCH'
10, 22506, 95.64835642603444, 95.64835642603444, 'SEARCH'
10, 22507, 95.67366987229632, 95.67366987229632, 'SEARCH'
10, 22508, 95.69678255510418, 95.69678255510418, 'SEARCH'
10, 22509, 95.71857495948635, 95.71857495948635, 'SEARCH'
10, 22510, 95.74635073917399, 95.74635073917399, 'SEARCH'
10, 22511, 95.77408203259897, 95.77408203259897, 'SEARCH'
10, 22512, 95.78343841028416, 95.78343841028416, 'SEARCH'
10, 22513, 95.80352038216121, 95.80352038216121, 'SEARCH'
10, 22514, 95.82957056696469, 95.82957056696469, 'SEARCH'
10, 22515, 95.85278507699213, 95.85278507699213, 'SEARCH'
10, 22516, 95.87573224660368, 95.87573224660368, 'SEARCH'
10, 22517, 95.87076987624395, 95.87076987624395, 'SEARCH'
10, 22518, 95.89579377986479, 95.89579377986479, 'SEARCH'
10, 22519, 95.91916429771517, 95.91916429771517, 'SEARCH'
10, 22520, 95.93712847173431, 95.93712847173431, 'SEARCH'
10, 22521, 95.96024105319663, 95.96024105319663, 'SEARCH'
10, 22522, 95.98628969468405, 95.98628969468405, 'SEARCH'
10, 22523, 95.98710502051277, 95.98710502051277, 'SEARCH'
10, 22524, 96.013321923327, 96.013321923327, 'SEARCH'
10, 22525, 96.0391301390051, 96.0391301390051, 'SEARCH'
10, 22526, 96.0620763657076, 96.0620763657076, 'SEARCH'
10, 22527, 96.07234967906575, 96.07234967906575, 'SEARCH'
10, 22528, 96.09872610293029, 96.09872610293029, 'SEARCH'
10, 22529, 96.12404825081133, 96.12404825081133, 'SEARCH'
10, 22530, 96.15160290721784, 96.15160290721784, 'SEARCH'
10, 22531, 96.14905319018149, 96.14905319018149, 'SEARCH'
10, 22532, 96.14699606323119, 96.14699606323119, 'SEARCH'
10, 22533, 96.17403687844025, 96.17403687844025, 'SEARCH'
10, 22534, 96.18454371038686, 96.18454371038686, 'SEARCH'
10, 22535, 96.20708570228503, 96.20708570228503, 'SEARCH'
10, 22536, 96.23446283368658, 96.23446283368658, 'SEARCH'
10, 22537, 96.23507481075623, 96.23507481075623, 'SEARCH'
10, 22538, 96.25930324837194, 96.25930324837194, 'SEARCH'
10, 22539, 96.26088978698478, 96.26088978698478, 'SEARCH'
10, 22540, 96.27630462507283, 96.27630462507283, 'SEARCH'
10, 22541, 96.30368354390589, 96.30368354390589, 'SEARCH'
10, 22542, 96.33145434456293, 96.33145434456293, 'SEARCH'
10, 22543, 96.35014408694695, 96.35014408694695, 'SEARCH'
10, 22544, 96.35434491949829, 96.35434491949829, 'SEARCH'
10, 22545, 96.37661149226294, 96.37661149226294, 'SEARCH'
10, 22546, 96.376755103967, 96.376755103967, 'SEARCH'
10, 22547, 96.39175535946599, 96.39175535946599, 'SEARCH'
10, 22548, 96.39547696564657, 96.39547696564657, 'SEARCH'
10, 22549, 96.4188474027313, 96.4188474027313, 'SEARCH'
10, 22550, 96.41676766031935, 96.41676766031935, 'SEARCH'
10, 22551, 96.44075718459017, 96.44075718459017, 'SEARCH'
10, 22552, 96.46256668448879, 96.46256668448879, 'SEARCH'
10, 22553, 96.47860078254635, 96.47860078254635, 'SEARCH'
10, 22554, 96.48472040902185, 96.48472040902185, 'SEARCH'
10, 22555, 96.49084882116212, 96.49084882116212, 'SEARCH'
10, 22556, 96.4899936486044, 96.4899936486044, 'SEARCH'
10, 22557, 96.49892010752617, 96.49892010752617, 'SEARCH'
10, 22558, 96.51898156471026, 96.51898156471026, 'SEARCH'
10, 22559, 96.53318310575403, 96.53318310575403, 'SEARCH'
10, 22560, 96.55924618972247, 96.55924618972247, 'SEARCH'
10, 22561, 96.58639334373117, 96.58639334373117, 'SEARCH'
10, 22562, 96.59669561585619, 96.59669561585619, 'SEARCH'
10, 22563, 96.5994966506189, 96.5994966506189, 'SEARCH'
10, 22564, 96.62594370580946, 96.62594370580946, 'SEARCH'
10, 22565, 96.65303133524611, 96.65303133524611, 'SEARCH'
10, 22566, 96.66658628625585, 96.66658628625585, 'SEARCH'
10, 22567, 96.66599199239438, 96.66599199239438, 'SEARCH'
10, 22568, 96.68184264207387, 96.68184264207387, 'SEARCH'
10, 22569, 96.6912559404811, 96.6912559404811, 'SEARCH'
10, 22570, 96.71704247834049, 96.71704247834049, 'SEARCH'
10, 22571, 96.74460225373679, 96.74460225373679, 'SEARCH'
10, 22572, 96.77132823639215, 96.77132823639215, 'SEARCH'
10, 22573, 96.79557843386175, 96.79557843386175, 'SEARCH'
10, 22574, 96.81118476438337, 96.81118476438337, 'SEARCH'
10, 22575, 96.81495477327103, 96.81495477327103, 'SEARCH'
10, 22576, 96.83905468840504, 96.83905468840504, 'SEARCH'
10, 22577, 96.86058332000513, 96.86058332000513, 'SEARCH'
10, 22578, 96.87268117897705, 96.87268117897705, 'SEARCH'
10, 22579, 96.87837838558724, 96.87837838558724, 'SEARCH'
10, 22580, 96.90397551936316, 96.90397551936316, 'SEARCH'
10, 22581, 96.91445110719017, 96.91445110719017, 'SEARCH'
10, 22582, 96.94117601162544, 96.94117601162544, 'SEARCH'
10, 22583, 96.9673086099403, 96.9673086099403, 'SEARCH'
10, 22584, 96.97393899442532, 96.97393899442532, 'SEARCH'
10, 22585, 96.99097493091105, 96.99097493091105, 'SEARCH'
10, 22586, 96.99539584460422, 96.99539584460422, 'SEARCH'
10, 22587, 97.00013464402677, 97.00013464402677, 'SEARCH'
10, 22588, 97.00818257894504, 97.00818257894504, 'SEARCH'
10, 22589, 97.03089773160598, 97.03089773160598, 'SEARCH'
10, 22590, 97.05092334593076, 97.05092334593076, 'SEARCH'
10, 22591, 97.05581651538839, 97.05581651538839, 'SEARCH'
10, 22592, 97.06447662741178, 97.06447662741178, 'SEARCH'
10, 22593, 97.09092243224522, 97.09092243224522, 'SEARCH'
10, 22594, 97.09895434801842, 97.09895434801842, 'SEARCH'
10, 22595, 97.12671211833556, 97.12671211833556, 'SEARCH'
10, 22596, 97.12517307077756, 97.12517307077756, 'SEARCH'
10, 22597, 97.12075281478658, 97.12075281478658, 'SEARCH'
10, 22598, 97.1328702450603, 97.1328702450603, 'SEARCH'
10, 22599, 97.13244351437014, 97.13244351437014, 'SEARCH'
10, 22600, 97.13541430405978, 97.13541430405978, 'SEARCH'
10, 22601, 97.15295535868492, 97.15295535868492, 'SEARCH'
10, 22602, 97.17992851782557, 97.17992851782557, 'SEARCH'
10, 22603, 97.18177785326331, 97.18177785326331, 'SEARCH'
10, 22604, 97.18604512597754, 97.18604512597754, 'SEARCH'
10, 22605, 97.21301458626252, 97.21301458626252, 'SEARCH'
10, 22606, 97.23801304134236, 97.23801304134236, 'SEARCH'
10, 22607, 97.262108300254, 97.262108300254, 'SEARCH'
10, 22608, 97.28883300207006, 97.28883300207006, 'SEARCH'
10, 22609, 97.31654907719022, 97.31654907719022, 'SEARCH'
10, 22610, 97.34425283055738, 97.34425283055738, 'SEARCH'
10, 22611, 97.3696653458, 97.3696653458, 'SEARCH'
10, 22612, 97.38446518637939, 97.38446518637939, 'SEARCH'
10, 22613, 97.39222066962495, 97.39222066962495, 'SEARCH'
10, 22614, 97.39571748226483, 97.39571748226483, 'SEARCH'
10, 22615, 97.41644186393529, 97.41644186393529, 'SEARCH'
10, 22616, 97.4306375637691, 97.4306375637691, 'SEARCH'
10, 22617, 97.44070557891747, 97.44070557891747, 'SEARCH'
10, 22618, 97.46846156148767, 97.46846156148767, 'SEARCH'
10, 22619, 97.46713912178856, 97.46713912178856, 'SEARCH'
10, 22620, 97.48562104135557, 97.48562104135557, 'SEARCH'
10, 22621, 97.50394625146575, 97.50394625146575, 'SEARCH'
10, 22622, 97.50525773028903, 97.50525773028903, 'SEARCH'
10, 22623, 97.50367120802365, 97.50367120802365, 'SEARCH'
10, 22624, 97.49589615757326, 97.49589615757326, 'SEARCH'
10, 22625, 97.50035393005352, 97.50035393005352, 'SEARCH'
10, 22626, 97.51598925176354, 97.51598925176354, 'SEARCH'
10, 22627, 97.51008491292964, 97.51008491292964, 'SEARCH'
10, 22628, 97.5203770942286, 97.5203770942286, 'SEARCH'
10, 22629, 97.54799057030452, 97.54799057030452, 'SEARCH'
10, 22630, 97.5560030672013, 97.5560030672013, 'SEARCH'
10, 22631, 97.58337686857492, 97.58337686857492, 'SEARCH'
10, 22632, 97.57608355157866, 97.57608355157866, 'SEARCH'
10, 22633, 97.60109289307653, 97.60109289307653, 'SEARCH'
10, 22634, 97.62622432124832, 97.62622432124832, 'SEARCH'
10, 22635, 97.63849114659324, 97.63849114659324, 'SEARCH'
10, 22636, 97.65642982356069, 97.65642982356069, 'SEARCH'
10, 22637, 97.68288402679507, 97.68288402679507, 'SEARCH'
10, 22638, 97.68854085852705, 97.68854085852705, 'SEARCH'
10, 22639, 97.71631613299853, 97.71631613299853, 'SEARCH'
10, 22640, 97.73215606216058, 97.73215606216058, 'SEARCH'
10, 22641, 97.74486105267627, 97.74486105267627, 'SEARCH'
10, 22642, 97.76697609622165, 97.76697609622165, 'SEARCH'
10, 22643, 97.79377873827178, 97.79377873827178, 'SEARCH'
10, 22644, 97.80691513587077, 97.80691513587077, 'SEARCH'
10, 22645, 97.83183000399059, 97.83183000399059, 'SEARCH'
10, 22646, 97.82689425262258, 97.82689425262258, 'SEARCH'
10, 22647, 97.84694822436, 97.84694822436, 'SEARCH'
10, 22648, 97.87458528719323, 97.87458528719323, 'SEARCH'
10, 22649, 97.89002400102636, 97.89002400102636, 'SEARCH'
10, 22650, 97.91137119177652, 97.91137119177652, 'SEARCH'
10, 22651, 97.93486785513439, 97.93486785513439, 'SEARCH'
10, 22652, 97.94843004760112, 97.94843004760112, 'SEARCH'
10, 22653, 97.97592082844352, 97.97592082844352, 'SEARCH'
10, 22654, 97.99114820404178, 97.99114820404178, 'SEARCH'
10, 22655, 98.00343854998574, 98.00343854998574, 'SEARCH'
10, 22656, 98.03109849542838, 98.03109849542838, 'SEARCH'
10, 22657, 98.05865237191091, 98.05865237191091, 'SEARCH'
10, 22658, 98.07838973485003, 98.07838973485003, 'SEARCH'
10, 22659, 98.08937482040257, 98.08937482040257, 'SEARCH'
10, 22660, 98.11701592759235, 98.11701592759235, 'SEARCH'
10, 22661, 98.13077100390356, 98.13077100390356, 'SEARCH'
10, 22662, 98.12724048343055, 98.12724048343055, 'SEARCH'
10, 22663, 98.15397954716566, 98.15397954716566, 'SEARCH'
10, 22664, 98.18146711370991, 98.18146711370991, 'SEARCH'
10, 22665, 98.19155233601326, 98.19155233601326, 'SEARCH'
10, 22666, 98.21901109483603, 98.21901109483603, 'SEARCH'
10, 22667, 98.22224553566305, 98.22224553566305, 'SEARCH'
10, 22668, 98.24706004635566, 98.24706004635566, 'SEARCH'
10, 22669, 98.24304790089477, 98.24304790089477, 'SEARCH'
10, 22670, 98.24848353606531, 98.24848353606531, 'SEARCH'
10, 22671, 98.27307884647256, 98.27307884647256, 'SEARCH'
10, 22672, 98.29005962243087, 98.29005962243087, 'SEARCH'
10, 22673, 98.3068931762278, 98.3068931762278, 'SEARCH'
10, 22674, 98.32295215058541, 98.32295215058541, 'SEARCH'
10, 22675, 98.3463369326269, 98.3463369326269, 'SEARCH'
10, 22676, 98.37249687082425, 98.37249687082425, 'SEARCH'
10, 22677, 98.38747999968248, 98.38747999968248, 'SEARCH'
10, 22678, 98.41525594603071, 98.41525594603071, 'SEARCH'
10, 22679, 98.42771774617873, 98.42771774617873, 'SEARCH'
10, 22680, 98.44747159543132, 98.44747159543132, 'SEARCH'
10, 22681, 98.46984606436467, 98.46984606436467, 'SEARCH'
10, 22682, 98.48260063332732, 98.48260063332732, 'SEARCH'
10, 22683, 98.49226138150979, 98.49226138150979, 'SEARCH'
10, 22684, 98.51462772116912, 98.51462772116912, 'SEARCH'
10, 22685, 98.5387711296735, 98.5387711296735, 'SEARCH'
10, 22686, 98.56636332876944, 98.56636332876944, 'SEARCH'
10, 22687, 98.59401883533586, 98.59401883533586, 'SEARCH'
10, 22688, 98.62155120205672, 98.62155120205672, 'SEARCH'
10, 22689, 98.6479114532697, 98.6479114532697, 'SEARCH'
10, 22690, 98.65243819708847, 98.65243819708847, 'SEARCH'
10, 22691, 98.67479662619954, 98.67479662619954, 'SEARCH'
10, 22692, 98.69989156619188, 98.69989156619188, 'SEARCH'
10, 22693, 98.71309584116045, 98.71309584116045, 'SEARCH'
10, 22694, 98.70903743887374, 98.70903743887374, 'SEARCH'
10, 22695, 98.7251210479699, 98.7251210479699, 'SEARCH'
10, 22696, 98.71727887665914, 98.71727887665914, 'SEARCH'
10, 22697, 98.71661052318653, 98.71661052318653, 'SEARCH'
10, 22698, 98.74360471120292, 98.74360471120292, 'SEARCH'
10, 22699, 98.75637318458854, 98.75637318458854, 'SEARCH'
10, 22700, 98.77206045847439, 98.77206045847439, 'SEARCH'
10, 22701, 98.79601862707736, 98.79601862707736, 'SEARCH'
10, 22702, 98.81335089179345, 98.81335089179345, 'SEARCH'
10, 22703, 98.84045754090218, 98.84045754090218, 'SEARCH'
10, 22704, 98.86784520937533, 98.86784520937533, 'SEARCH'
10, 22705, 98.89155701047346, 98.89155701047346, 'SEARCH'
10, 22706, 98.91858043797306, 98.91858043797306, 'SEARCH'
10, 22707, 98.94598673664318, 98.94598673664318, 'SEARCH'
10, 22708, 98.95485601268999, 98.95485601268999, 'SEARCH'
10, 22709, 98.98263206513045, 98.98263206513045, 'SEARCH'
10, 22710, 98.99750135109315, 98.99750135109315, 'SEARCH'
10, 22711, 99.0252785111843, 99.0252785111843, 'SEARCH'
10, 22712, 99.04893358246169, 99.04893358246169, 'SEARCH'
10, 22713, 99.0700234138543, 99.0700234138543, 'SEARCH'
10, 22714, 99.09047434570587, 99.09047434570587, 'SEARCH'
10, 22715, 99.10375990173111, 99.10375990173111, 'SEARCH'
10, 22716, 99.12694738675094, 99.12694738675094, 'SEARCH'
10, 22717, 99.12665699832381, 99.12665699832381, 'SEARCH'
10, 22718, 99.15266226281719, 99.15266226281719, 'SEARCH'
10, 22719, 99.17657926293212, 99.17657926293212, 'SEARCH'
10, 22720, 99.19572038878049, 99.19572038878049, 'SEARCH'
10, 22721, 99.2085164399784, 99.2085164399784, 'SEARCH'
10, 22722, 99.23598540446935, 99.23598540446935, 'SEARCH'
10, 22723, 99.24792382921837, 99.24792382921837, 'SEARCH'
10, 22724, 99.24672523833338, 99.24672523833338, 'SEARCH'
10, 22725, 99.25032825270158, 99.25032825270158, 'SEARCH'
10, 22726, 99.24719668394658, 99.24719668394658, 'SEARCH'
10, 22727, 99.27338880823397, 99.27338880823397, 'SEARCH'
10, 22728, 99.27075144006339, 99.27075144006339, 'SEARCH'
10, 22729, 99.29844631164178, 99.29844631164178, 'SEARCH'
10, 22730, 99.32263990093075, 99.32263990093075, 'SEARCH'
10, 22731, 99.35029345920556, 99.35029345920556, 'SEARCH'
10, 22732, 99.3701328197923, 99.3701328197923, 'SEARCH'
10, 22733, 99.374761273304, 99.374761273304, 'SEARCH'
10, 22734, 99.3958486107171, 99.3958486107171, 'SEARCH'
10, 22735, 99.41355344628589, 99.41355344628589, 'SEARCH'
10, 22736, 99.42512140789864, 99.42512140789864, 'SEARCH'
10, 22737, 99.44454682476842, 99.44454682476842, 'SEARCH'
10, 22738, 99.44145617800022, 99.44145617800022, 'SEARCH'
10, 22739, 99.45347265862638, 99.45347265862638, 'SEARCH'
10, 22740, 99.45606286207368, 99.45606286207368, 'SEARCH'
10, 22741, 99.47871348570821, 99.47871348570821, 'SEARCH'
10, 22742, 99.48713069150892, 99.48713069150892, 'SEARCH'
10, 22743, 99.50448252947271, 99.50448252947271, 'SEARCH'
10, 22744, 99.49823388907427, 99.49823388907427, 'TRACK'
10, 22745, 99.52470364696538, 99.52470364696538, 'SEARCH'
10, 22746, 99.51845500656694, 99.51845500656694, 'TRACK'
10, 22747, 99.5122063661685, 99.5122063661685, 'TRACK'
10, 22748, 99.50595772577006, 99.50595772577006, 'TRACK'
10, 22749, 99.52736495247628, 99.52736495247628, 'SEARCH'
10, 22750, 99.55449183096601, 99.55449183096601, 'SEARCH'
10, 22751, 99.58014135563876, 99.58014135563876, 'SEARCH'
10, 22752, 99.58665627528424, 99.58665627528424, 'SEARCH'
10, 22753, 99.61266073626338, 99.61266073626338, 'SEARCH'
10, 22754, 99.62104800339573, 99.62104800339573, 'SEARCH'
10, 22755, 99.63641713628766, 99.63641713628766, 'SEARCH'
10, 22756, 99.66228131754809, 99.66228131754809, 'SEARCH'
10, 22757, 99.6810883826887, 99.6810883826887, 'SEARCH'
10, 22758, 99.6789704985158, 99.6789704985158, 'SEARCH'
10, 22759, 99.68632473534377, 99.68632473534377, 'SEARCH'
10, 22760, 99.69689767574671, 99.69689767574671, 'SEARCH'
10, 22761, 99.71562547728486, 99.71562547728486, 'SEARCH'
10, 22762, 99.72976189468221, 99.72976189468221, 'SEARCH'
10, 22763, 99.73188927203059, 99.73188927203059, 'SEARCH'
10, 22764, 99.72926897995605, 99.72926897995605, 'SEARCH'
10, 22765, 99.75703582341406, 99.75703582341406, 'SEARCH'
10, 22766, 99.77474384883298, 99.77474384883298, 'SEARCH'
10, 22767, 99.80024070050663, 99.80024070050663, 'SEARCH'
10, 22768, 99.81354835630823, 99.81354835630823, 'SEARCH'
10, 22769, 99.8215035779365, 99.8215035779365, 'SEARCH'
10, 22770, 99.84654175212334, 99.84654175212334, 'SEARCH'
10, 22771, 99.85215091483789, 99.85215091483789, 'SEARCH'
10, 22772, 99.86873969118561, 99.86873969118561, 'SEARCH'
10, 22773, 99.89130199799718, 99.89130199799718, 'SEARCH'
10, 22774, 99.89146169105832, 99.89146169105832, 'SEARCH'
10, 22775, 99.90335456352243, 99.90335456352243, 'SEARCH'
10, 22776, 99.9311317646324, 99.9311317646324, 'SEARCH'
10, 22777, 99.95342396212769, 99.95342396212769, 'SEARCH'
10, 22778, 99.95662372183594, 99.95662372183594, 'SEARCH'
10, 22779, 99.95067526731647, 99.95067526731647, 'SEARCH'
10, 22780, 99.97842322555881, 99.97842322555881, 'SEARCH'
10, 22781, 99.99749071027979, 99.99749071027979, 'SEARCH'
10, 22782, 100.00806009962079, 100.00806009962079, 'SEARCH'
10, 22783, 100.00776159683801, 100.00776159683801, 'SEARCH'
10, 22784, 100.01843437603519, 100.01843437603519, 'SEARCH'
10, 22785, 100.04479407742079, 100.04479407742079, 'SEARCH'
10, 22786, 100.04847631014087, 100.04847631014087, 'SEARCH'
10, 22787, 100.05347284008715, 100.05347284008715, 'SEARCH'
10, 22788, 100.05522525195708, 100.05522525195708, 'SEARCH'
10, 22789, 100.06756004822094, 100.06756004822094, 'SEARCH'
10, 22790, 100.07064776588577, 100.07064776588577, 'SEARCH'
10, 22791, 100.0974278559966, 100.0974278559966, 'SEARCH'
10, 22792, 100.12307247359912, 100.12307247359912, 'SEARCH'
10, 22793, 100.1483673629668, 100.1483673629668, 'SEARCH'
10, 22794, 100.17419502662119, 100.17419502662119, 'SEARCH'
10, 22795, 100.20081685448456, 100.20081685448456, 'SEARCH'
10, 22796, 100.21769638925424, 100.21769638925424, 'SEARCH'
10, 22797, 100.24491054894831, 100.24491054894831, 'SEARCH'
10, 22798, 100.26885827497429, 100.26885827497429, 'SEARCH'
10, 22799, 100.27901015667281, 100.27901015667281, 'SEARCH'
10, 22800, 100.27777733238351, 100.27777733238351, 'SEARCH'
10, 22801, 100.3045478692915, 100.3045478692915, 'SEARCH'
10, 22802, 100.3284885517498, 100.3284885517498, 'SEARCH'
10, 22803, 100.35289204280332, 100.35289204280332, 'SEARCH'
10, 22804, 100.34927743855843, 100.34927743855843, 'SEARCH'
10, 22805, 100.37320080488486, 100.37320080488486, 'SEARCH'
10, 22806, 100.38851971157102, 100.38851971157102, 'SEARCH'
10, 22807, 100.39733968713476, 100.39733968713476, 'SEARCH'
10, 22808, 100.40708204933922, 100.40708204933922, 'SEARCH'
10, 22809, 100.43343206479449, 100.43343206479449, 'SEARCH'
10, 22810, 100.46020660825218, 100.46020660825218, 'SEARCH'
10, 22811, 100.4852904295578, 100.4852904295578, 'SEARCH'
10, 22812, 100.48695509544596, 100.48695509544596, 'SEARCH'
10, 22813, 100.48669151551061, 100.48669151551061, 'SEARCH'
10, 22814, 100.51038183103684, 100.51038183103684, 'SEARCH'
10, 22815, 100.53815841183683, 100.53815841183683, 'SEARCH'
10, 22816, 100.56047929251046, 100.56047929251046, 'SEARCH'
10, 22817, 100.5880203931652, 100.5880203931652, 'SEARCH'
10, 22818, 100.60531839830668, 100.60531839830668, 'SEARCH'
10, 22819, 100.62948771476674, 100.62948771476674, 'SEARCH'
10, 22820, 100.65122136580155, 100.65122136580155, 'SEARCH'
10, 22821, 100.66851212743694, 100.66851212743694, 'SEARCH'
10, 22822, 100.66249323694905, 100.66249323694905, 'SEARCH'
10, 22823, 100.68925990847181, 100.68925990847181, 'SEARCH'
10, 22824, 100.71701122104834, 100.71701122104834, 'SEARCH'
10, 22825, 100.7182241873046, 100.7182241873046, 'SEARCH'
10, 22826, 100.7449886663542, 100.7449886663542, 'SEARCH'
10, 22827, 100.75992189482666, 100.75992189482666, 'SEARCH'
10, 22828, 100.78073867798018, 100.78073867798018, 'SEARCH'
10, 22829, 100.79801017518734, 100.79801017518734, 'SEARCH'
10, 22830, 100.82541015461197, 100.82541015461197, 'SEARCH'
10, 22831, 100.83606051854524, 100.83606051854524, 'SEARCH'
10, 22832, 100.85716235940565, 100.85716235940565, 'SEARCH'
10, 22833, 100.88378884855473, 100.88378884855473, 'SEARCH'
10, 22834, 100.90428514189205, 100.90428514189205, 'SEARCH'
10, 22835, 100.89683117584174, 100.89683117584174, 'SEARCH'
10, 22836, 100.91006634275372, 100.91006634275372, 'SEARCH'
10, 22837, 100.93323736288309, 100.93323736288309, 'SEARCH'
10, 22838, 100.93398461009279, 100.93398461009279, 'SEARCH'
10, 22839, 100.96087003381754, 100.96087003381754, 'SEARCH'
10, 22840, 100.98031921715034, 100.98031921715034, 'SEARCH'
10, 22841, 101.00294654150599, 101.00294654150599, 'SEARCH'
10, 22842, 100.99881189087911, 100.99881189087911, 'SEARCH'
10, 22843, 101.02530975836636, 101.02530975836636, 'SEARCH'
10, 22844, 101.02746606865392, 101.02746606865392, 'SEARCH'
10, 22845, 101.04827918787082, 101.04827918787082, 'SEARCH'
10, 22846, 101.07517737204073, 101.07517737204073, 'SEARCH'
10, 22847, 101.0916806120774, 101.0916806120774, 'SEARCH'
10, 22848, 101.11535617025407, 101.11535617025407, 'SEARCH'
10, 22849, 101.14236941663317, 101.14236941663317, 'SEARCH'
10, 22850, 101.16854849222548, 101.16854849222548, 'SEARCH'
10, 22851, 101.16783527046049, 101.16783527046049, 'SEARCH'
10, 22852, 101.19447593880115, 101.19447593880115, 'SEARCH'
10, 22853, 101.22014991615448, 101.22014991615448, 'SEARCH'
10, 22854, 101.24156306302847, 101.24156306302847, 'SEARCH'
10, 22855, 101.23839143115488, 101.23839143115488, 'SEARCH'
10, 22856, 101.25569692794765, 101.25569692794765, 'SEARCH'
10, 22857, 101.264486533363, 101.264486533363, 'SEARCH'
10, 22858, 101.27942549104732, 101.27942549104732, 'SEARCH'
10, 22859, 101.29052538526857, 101.29052538526857, 'SEARCH'
10, 22860, 101.31765234729116, 101.31765234729116, 'SEARCH'
10, 22861, 101.3330161402317, 101.3330161402317, 'SEARCH'
10, 22862, 101.34957729089561, 101.34957729089561, 'SEARCH'
10, 22863, 101.37396189410909, 101.37396189410909, 'SEARCH'
10, 22864, 101.39688406701781, 101.39688406701781, 'SEARCH'
10, 22865, 101.39718576656232, 101.39718576656232, 'SEARCH'
10, 22866, 101.39652798814353, 101.39652798814353, 'SEARCH'
10, 22867, 101.39733451425826, 101.39733451425826, 'SEARCH'
10, 22868, 101.42223361524157, 101.42223361524157, 'SEARCH'
10, 22869, 101.44793315537952, 101.44793315537952, 'SEARCH'
10, 22870, 101.4756799551401, 101.4756799551401, 'SEARCH'
10, 22871, 101.50058399604244, 101.50058399604244, 'SEARCH'
10, 22872, 101.50949865475911, 101.50949865475911, 'SEARCH'
10, 22873, 101.53472698117731, 101.53472698117731, 'SEARCH'
10, 22874, 101.55698894857336, 101.55698894857336, 'SEARCH'
10, 22875, 101.57739582062644, 101.57739582062644, 'SEARCH'
10, 22876, 101.60370562327597, 101.60370562327597, 'SEARCH'
10, 22877, 101.61729708864176, 101.61729708864176, 'SEARCH'
10, 22878, 101.63489515505744, 101.63489515505744, 'SEARCH'
10, 22879, 101.64004034526617, 101.64004034526617, 'SEARCH'
10, 22880, 101.64471835141201, 101.64471835141201, 'SEARCH'
10, 22881, 101.64679324761227, 101.64679324761227, 'SEARCH'
10, 22882, 101.639746461488, 101.639746461488, 'SEARCH'
10, 22883, 101.65785106613514, 101.65785106613514, 'SEARCH'
10, 22884, 101.67690430693499, 101.67690430693499, 'SEARCH'
10, 22885, 101.68140345913503, 101.68140345913503, 'SEARCH'
10, 22886, 101.70915133847728, 101.70915133847728, 'SEARCH'
10, 22887, 101.70995604516526, 101.70995604516526, 'SEARCH'
10, 22888, 101.73719353235323, 101.73719353235323, 'SEARCH'
10, 22889, 101.7344406977685, 101.7344406977685, 'SEARCH'
10, 22890, 101.74804883074106, 101.74804883074106, 'SEARCH'
10, 22891, 101.77557941350392, 101.77557941350392, 'SEARCH'
10, 22892, 101.79137244046484, 101.79137244046484, 'SEARCH'
10, 22893, 101.8144909724961, 101.8144909724961, 'SEARCH'
10, 22894, 101.81514147679178, 101.81514147679178, 'SEARCH'
10, 22895, 101.81870120147975, 101.81870120147975, 'SEARCH'
10, 22896, 101.82560132231237, 101.82560132231237, 'SEARCH'
10, 22897, 101.85332437049912, 101.85332437049912, 'SEARCH'
10, 22898, 101.8549725649926, 101.8549725649926, 'SEARCH'
10, 22899, 101.86986579593706, 101.86986579593706, 'SEARCH'
10, 22900, 101.89756025926734, 101.89756025926734, 'SEARCH'
10, 22901, 101.91990843254837, 101.91990843254837, 'SEARCH'
10, 22902, 101.91914268884322, 101.91914268884322, 'SEARCH'
10, 22903, 101.94028354205389, 101.94028354205389, 'SEARCH'
10, 22904, 101.94633081523234, 101.94633081523234, 'SEARCH'
10, 22905, 101.9671656422972, 101.9671656422972, 'SEARCH'
10, 22906, 101.98825313741105, 101.98825313741105, 'SEARCH'
10, 22907, 102.00402613920477, 102.00402613920477, 'SEARCH'
10, 22908, 102.0217389055415, 102.0217389055415, 'SEARCH'
10, 22909, 102.0180481999242, 102.0180481999242, 'SEARCH'
10, 22910, 102.03641283729674, 102.03641283729674, 'SEARCH'
10, 22911, 102.0371884437388, 102.0371884437388, 'SEARCH'
10, 22912, 102.0492000154002, 102.0492000154002, 'SEARCH'
10, 22913, 102.07684327593144, 102.07684327593144, 'SEARCH'
10, 22914, 102.10404966322393, 102.10404966322393, 'SEARCH'
10, 22915, 102.11012788141694, 102.11012788141694, 'SEARCH'
10, 22916, 102.10594513005206, 102.10594513005206, 'SEARCH'
10, 22917, 102.13327000063487, 102.13327000063487, 'SEARCH'
10, 22918, 102.142150914477, 102.142150914477, 'SEARCH'
10, 22919, 102.16759256502013, 102.16759256502013, 'SEARCH'
10, 22920, 102.19071314451637, 102.19071314451637, 'SEARCH'
10, 22921, 102.21846120674854, 102.21846120674854, 'SEARCH'
10, 22922, 102.2240713613981, 102.2240713613981, 'SEARCH'
10, 22923, 102.25006054476407, 102.25006054476407, 'SEARCH'
10, 22924, 102.25971225551397, 102.25971225551397, 'SEARCH'
10, 22925, 102.2801433025551, 102.2801433025551, 'SEARCH'
10, 22926, 102.27501610948426, 102.27501610948426, 'SEARCH'
10, 22927, 102.2820252983687, 102.2820252983687, 'SEARCH'
10, 22928, 102.2842706516576, 102.2842706516576, 'SEARCH'
10, 22929, 102.31031597938961, 102.31031597938961, 'SEARCH'
10, 22930, 102.33734506157526, 102.33734506157526, 'SEARCH'
10, 22931, 102.35009634302412, 102.35009634302412, 'SEARCH'
10, 22932, 102.34213413639408, 102.34213413639408, 'SEARCH'
10, 22933, 102.3414729213685, 102.3414729213685, 'SEARCH'
10, 22934, 102.33538642803083, 102.33538642803083, 'SEARCH'
10, 22935, 102.34954145732256, 102.34954145732256, 'SEARCH'
10, 22936, 102.37585979807396, 102.37585979807396, 'SEARCH'
10, 22937, 102.40324445322398, 102.40324445322398, 'SEARCH'
10, 22938, 102.40823514399418, 102.40823514399418, 'SEARCH'
10, 22939, 102.4098682700651, 102.4098682700651, 'SEARCH'
10, 22940, 102.42054699755496, 102.42054699755496, 'SEARCH'
10, 22941, 102.44702026224196, 102.44702026224196, 'SEARCH'
10, 22942, 102.44683843362397, 102.44683843362397, 'SEARCH'
10, 22943, 102.47404436459829, 102.47404436459829, 'SEARCH'
10, 22944, 102.48246392668591, 102.48246392668591, 'SEARCH'
10, 22945, 102.50445273950756, 102.50445273950756, 'SEARCH'
10, 22946, 102.50027307655209, 102.50027307655209, 'SEARCH'
10, 22947, 102.5117337011958, 102.5117337011958, 'SEARCH'
10, 22948, 102.53289214287533, 102.53289214287533, 'SEARCH'
10, 22949, 102.55950803233694, 102.55950803233694, 'SEARCH'
10, 22950, 102.5598117521789, 102.5598117521789, 'SEARCH'
10, 22951, 102.58209847080627, 102.58209847080627, 'SEARCH'
10, 22952, 102.58661761536955, 102.58661761536955, 'SEARCH'
10, 22953, 102.59537802774138, 102.59537802774138, 'SEARCH'
10, 22954, 102.6090153844991, 102.6090153844991, 'SEARCH'
10, 22955, 102.61018823477377, 102.61018823477377, 'SEARCH'
10, 22956, 102.63621692890649, 102.63621692890649, 'SEARCH'
10, 22957, 102.65797678160217, 102.65797678160217, 'SEARCH'
10, 22958, 102.6752370406028, 102.6752370406028, 'SEARCH'
10, 22959, 102.70293178427633, 102.70293178427633, 'SEARCH'
10, 22960, 102.70897845794553, 102.70897845794553, 'SEARCH'
10, 22961, 102.73651260852242, 102.73651260852242, 'SEARCH'
10, 22962, 102.76315934446168, 102.76315934446168, 'SEARCH'
10, 22963, 102.77053499928275, 102.77053499928275, 'SEARCH'
10, 22964, 102.79636530204498, 102.79636530204498, 'SEARCH'
10, 22965, 102.82056013137715, 102.82056013137715, 'SEARCH'
10, 22966, 102.83462114129432, 102.83462114129432, 'SEARCH'
10, 22967, 102.8410717059877, 102.8410717059877, 'SEARCH'
10, 22968, 102.84424135290888, 102.84424135290888, 'SEARCH'
10, 22969, 102.86595828041493, 102.86595828041493, 'SEARCH'
10, 22970, 102.89144417243823, 102.89144417243823, 'SEARCH'
10, 22971, 102.91730202372541, 102.91730202372541, 'SEARCH'
10, 22972, 102.9204066487403, 102.9204066487403, 'SEARCH'
10, 22973, 102.91295437775057, 102.91295437775057, 'SEARCH'
10, 22974, 102.92703554875895, 102.92703554875895, 'SEARCH'
10, 22975, 102.95367272144061, 102.95367272144061, 'SEARCH'
10, 22976, 102.95244544553526, 102.95244544553526, 'SEARCH'
10, 22977, 102.95797823691142, 102.95797823691142, 'SEARCH'
10, 22978, 102.96816304513622, 102.96816304513622, 'SEARCH'
10, 22979, 102.99322896693133, 102.99322896693133, 'SEARCH'
10, 22980, 103.0201199055303, 103.0201199055303, 'SEARCH'
10, 22981, 103.04759190663752, 103.04759190663752, 'SEARCH'
10, 22982, 103.06871313097328, 103.06871313097328, 'SEARCH'
10, 22983, 103.08817870109594, 103.08817870109594, 'SEARCH'
10, 22984, 103.09513441324789, 103.09513441324789, 'SEARCH'
10, 22985, 103.12176533337653, 103.12176533337653, 'SEARCH'
10, 22986, 103.1398007160964, 103.1398007160964, 'SEARCH'
10, 22987, 103.14246086885932, 103.14246086885932, 'SEARCH'
10, 22988, 103.1565523372166, 103.1565523372166, 'SEARCH'
10, 22989, 103.18332026943385, 103.18332026943385, 'SEARCH'
10, 22990, 103.19074881980374, 103.19074881980374, 'SEARCH'
10, 22991, 103.20003604864326, 103.20003604864326, 'SEARCH'
10, 22992, 103.20602303003378, 103.20602303003378, 'SEARCH'
10, 22993, 103.22480123104505, 103.22480123104505, 'SEARCH'
10, 22994, 103.23540875758832, 103.23540875758832, 'SEARCH'
10, 22995, 103.25346063876215, 103.25346063876215, 'SEARCH'
10, 22996, 103.27808875963915, 103.27808875963915, 'SEARCH'
10, 22997, 103.2792802026895, 103.2792802026895, 'SEARCH'
10, 22998, 103.29731285550731, 103.29731285550731, 'SEARCH'
10, 22999, 103.29948942293998, 103.29948942293998, 'SEARCH'
10, 23000, 103.32533704850364, 103.32533704850364, 'SEARCH'
10, 23001, 103.35197378093405, 103.35197378093405, 'SEARCH'
10, 23002, 103.3776416343882, 103.3776416343882, 'SEARCH'
10, 23003, 103.38366821819311, 103.38366821819311, 'SEARCH'
10, 23004, 103.38587213072404, 103.38587213072404, 'SEARCH'
10, 23005, 103.38462572086732, 103.38462572086732, 'SEARCH'
10, 23006, 103.38198773433267, 103.38198773433267, 'SEARCH'
10, 23007, 103.39694216371905, 103.39694216371905, 'SEARCH'
10, 23008, 103.41567682033919, 103.41567682033919, 'SEARCH'
10, 23009, 103.4254371923875, 103.4254371923875, 'SEARCH'
10, 23010, 103.4530314096099, 103.4530314096099, 'SEARCH'
10, 23011, 103.48072026859248, 103.48072026859248, 'SEARCH'
10, 23012, 103.50386191785572, 103.50386191785572, 'SEARCH'
10, 23013, 103.50358668366009, 103.50358668366009, 'SEARCH'
10, 23014, 103.51283790505869, 103.51283790505869, 'SEARCH'
10, 23015, 103.54061451497327, 103.54061451497327, 'SEARCH'
10, 23016, 103.54326590741934, 103.54326590741934, 'SEARCH'
10, 23017, 103.5664297364271, 103.5664297364271, 'SEARCH'
10, 23018, 103.59418130853939, 103.59418130853939, 'SEARCH'
10, 23019, 103.61399705632977, 103.61399705632977, 'SEARCH'
10, 23020, 103.62416736569642, 103.62416736569642, 'SEARCH'
10, 23021, 103.63298047732603, 103.63298047732603, 'SEARCH'
10, 23022, 103.625082279444, 103.625082279444, 'SEARCH'
10, 23023, 103.62435616656103, 103.62435616656103, 'SEARCH'
10, 23024, 103.63927151118892, 103.63927151118892, 'SEARCH'
10, 23025, 103.65908545422643, 103.65908545422643, 'SEARCH'
10, 23026, 103.65355576304971, 103.65355576304971, 'SEARCH'
10, 23027, 103.66192671602106, 103.66192671602106, 'SEARCH'
10, 23028, 103.65832918829128, 103.65832918829128, 'SEARCH'
10, 23029, 103.6849519971093, 103.6849519971093, 'SEARCH'
10, 23030, 103.7050773091462, 103.7050773091462, 'SEARCH'
10, 23031, 103.71701176085357, 103.71701176085357, 'SEARCH'
10, 23032, 103.74470523002745, 103.74470523002745, 'SEARCH'
10, 23033, 103.76812388067918, 103.76812388067918, 'SEARCH'
10, 23034, 103.79360173699926, 103.79360173699926, 'SEARCH'
10, 23035, 103.81439743921116, 103.81439743921116, 'SEARCH'
10, 23036, 103.8276564414436, 103.8276564414436, 'SEARCH'
10, 23037, 103.83962754505012, 103.83962754505012, 'SEARCH'
10, 23038, 103.84892134905614, 103.84892134905614, 'SEARCH'
10, 23039, 103.87210255520215, 103.87210255520215, 'SEARCH'
10, 23040, 103.87956137287347, 103.87956137287347, 'SEARCH'
10, 23041, 103.89906428491989, 103.89906428491989, 'SEARCH'
10, 23042, 103.9060707793452, 103.9060707793452, 'SEARCH'
10, 23043, 103.9154025509005, 103.9154025509005, 'SEARCH'
10, 23044, 103.91799283036694, 103.91799283036694, 'SEARCH'
10, 23045, 103.93946618925882, 103.93946618925882, 'SEARCH'
10, 23046, 103.96471476129733, 103.96471476129733, 'SEARCH'
10, 23047, 103.99244445825718, 103.99244445825718, 'SEARCH'
10, 23048, 104.00073853700148, 104.00073853700148, 'SEARCH'
10, 23049, 104.01570683714876, 104.01570683714876, 'SEARCH'
10, 23050, 104.04187138498683, 104.04187138498683, 'SEARCH'
10, 23051, 104.05601698451066, 104.05601698451066, 'SEARCH'
10, 23052, 104.08379418510516, 104.08379418510516, 'SEARCH'
10, 23053, 104.08796154623865, 104.08796154623865, 'SEARCH'
10, 23054, 104.09295244185328, 104.09295244185328, 'SEARCH'
10, 23055, 104.11709844541669, 104.11709844541669, 'SEARCH'
10, 23056, 104.11680032342201, 104.11680032342201, 'SEARCH'
10, 23057, 104.14455360106429, 104.14455360106429, 'SEARCH'
10, 23058, 104.16072048223329, 104.16072048223329, 'SEARCH'
10, 23059, 104.17842969851168, 104.17842969851168, 'SEARCH'
10, 23060, 104.19538704860615, 104.19538704860615, 'SEARCH'
10, 23061, 104.21885065857798, 104.21885065857798, 'SEARCH'
10, 23062, 104.24536432166121, 104.24536432166121, 'SEARCH'
10, 23063, 104.27246756660243, 104.27246756660243, 'SEARCH'
10, 23064, 104.30024481217936, 104.30024481217936, 'SEARCH'
10, 23065, 104.31643186185198, 104.31643186185198, 'SEARCH'
10, 23066, 104.34381583746622, 104.34381583746622, 'SEARCH'
10, 23067, 104.36333845397293, 104.36333845397293, 'SEARCH'
10, 23068, 104.39044015593079, 104.39044015593079, 'SEARCH'
10, 23069, 104.41631338853976, 104.41631338853976, 'SEARCH'
10, 23070, 104.43237864561802, 104.43237864561802, 'SEARCH'
10, 23071, 104.45884935149286, 104.45884935149286, 'SEARCH'
10, 23072, 104.4764666851884, 104.4764666851884, 'SEARCH'
10, 23073, 104.48659345960797, 104.48659345960797, 'SEARCH'
10, 23074, 104.51349832871371, 104.51349832871371, 'SEARCH'
10, 23075, 104.5227244676073, 104.5227244676073, 'SEARCH'
10, 23076, 104.54889598762261, 104.54889598762261, 'SEARCH'
10, 23077, 104.54434499402774, 104.54434499402774, 'SEARCH'
10, 23078, 104.57203359961194, 104.57203359961194, 'SEARCH'
10, 23079, 104.59916213768673, 104.59916213768673, 'SEARCH'
10, 23080, 104.60975177055447, 104.60975177055447, 'SEARCH'
10, 23081, 104.6350145201719, 104.6350145201719, 'SEARCH'
10, 23082, 104.64996323752753, 104.64996323752753, 'SEARCH'
10, 23083, 104.6770904217665, 104.6770904217665, 'SEARCH'
10, 23084, 104.67632581011658, 104.67632581011658, 'SEARCH'
10, 23085, 104.69743065978741, 104.69743065978741, 'SEARCH'
10, 23086, 104.71396897252589, 104.71396897252589, 'SEARCH'
10, 23087, 104.73085759040816, 104.73085759040816, 'SEARCH'
10, 23088, 104.74150421903268, 104.74150421903268, 'SEARCH'
10, 23089, 104.75215941886552, 104.75215941886552, 'SEARCH'
10, 23090, 104.75534017615252, 104.75534017615252, 'SEARCH'
10, 23091, 104.77341596295058, 104.77341596295058, 'SEARCH'
10, 23092, 104.79036884586206, 104.79036884586206, 'SEARCH'
10, 23093, 104.8091806710749, 104.8091806710749, 'SEARCH'
10, 23094, 104.82679648362345, 104.82679648362345, 'SEARCH'
10, 23095, 104.8537043692517, 104.8537043692517, 'SEARCH'
10, 23096, 104.8774207479442, 104.8774207479442, 'SEARCH'
10, 23097, 104.89971095498763, 104.89971095498763, 'SEARCH'
10, 23098, 104.89187770972926, 104.89187770972926, 'SEARCH'
10, 23099, 104.89460869924157, 104.89460869924157, 'SEARCH'
10, 23100, 104.88679548549639, 104.88679548549639, 'SEARCH'
10, 23101, 104.91182850384912, 104.91182850384912, 'SEARCH'
10, 23102, 104.93494543482132, 104.93494543482132, 'SEARCH'
10, 23103, 104.9352651666439, 104.9352651666439, 'SEARCH'
10, 23104, 104.95092615819041, 104.95092615819041, 'SEARCH'
10, 23105, 104.97816182989541, 104.97816182989541, 'SEARCH'
10, 23106, 105.00490800775398, 105.00490800775398, 'SEARCH'
10, 23107, 105.0250052959202, 105.0250052959202, 'SEARCH'
10, 23108, 105.04785951926591, 105.04785951926591, 'SEARCH'
10, 23109, 105.07499183606977, 105.07499183606977, 'SEARCH'
10, 23110, 105.10263577846993, 105.10263577846993, 'SEARCH'
10, 23111, 105.12214764454666, 105.12214764454666, 'SEARCH'
10, 23112, 105.13671763464716, 105.13671763464716, 'SEARCH'
10, 23113, 105.16448384936923, 105.16448384936923, 'SEARCH'
10, 23114, 105.1656227490885, 105.1656227490885, 'SEARCH'
10, 23115, 105.1712216514119, 105.1712216514119, 'SEARCH'
10, 23116, 105.17964353460191, 105.17964353460191, 'SEARCH'
10, 23117, 105.1809371754758, 105.1809371754758, 'SEARCH'
10, 23118, 105.1817568989222, 105.1817568989222, 'SEARCH'
10, 23119, 105.20934424443963, 105.20934424443963, 'SEARCH'
10, 23120, 105.23217939760725, 105.23217939760725, 'SEARCH'
10, 23121, 105.2410823022441, 105.2410823022441, 'SEARCH'
10, 23122, 105.26544434791212, 105.26544434791212, 'SEARCH'
10, 23123, 105.29319127122675, 105.29319127122675, 'SEARCH'
10, 23124, 105.29720245047372, 105.29720245047372, 'SEARCH'
10, 23125, 105.29704501969127, 105.29704501969127, 'SEARCH'
10, 23126, 105.30935376303665, 105.30935376303665, 'SEARCH'
10, 23127, 105.31622589523587, 105.31622589523587, 'SEARCH'
10, 23128, 105.34036543912632, 105.34036543912632, 'SEARCH'
10, 23129, 105.36089169952473, 105.36089169952473, 'SEARCH'
10, 23130, 105.3835494714127, 105.3835494714127, 'SEARCH'
10, 23131, 105.38484119947724, 105.38484119947724, 'SEARCH'
10, 23132, 105.4036743922369, 105.4036743922369, 'SEARCH'
10, 23133, 105.42215361203502, 105.42215361203502, 'SEARCH'
10, 23134, 105.44852904400213, 105.44852904400213, 'SEARCH'
10, 23135, 105.47626134644572, 105.47626134644572, 'SEARCH'
10, 23136, 105.49580693865312, 105.49580693865312, 'SEARCH'
10, 23137, 105.52061544198617, 105.52061544198617, 'SEARCH'
10, 23138, 105.54735402376424, 105.54735402376424, 'SEARCH'
10, 23139, 105.57513145416844, 105.57513145416844, 'SEARCH'
10, 23140, 105.58009286695669, 105.58009286695669, 'SEARCH'
10, 23141, 105.60755183313857, 105.60755183313857, 'SEARCH'
10, 23142, 105.62797161295714, 105.62797161295714, 'SEARCH'
10, 23143, 105.62015976846563, 105.62015976846563, 'SEARCH'
10, 23144, 105.63263583219728, 105.63263583219728, 'SEARCH'
10, 23145, 105.64494032209953, 105.64494032209953, 'SEARCH'
10, 23146, 105.65565374811762, 105.65565374811762, 'SEARCH'
10, 23147, 105.65164652223285, 105.65164652223285, 'SEARCH'
10, 23148, 105.67874174607249, 105.67874174607249, 'SEARCH'
10, 23149, 105.70607366138901, 105.70607366138901, 'SEARCH'
10, 23150, 105.7183716105792, 105.7183716105792, 'SEARCH'
10, 23151, 105.71532401073821, 105.71532401073821, 'SEARCH'
10, 23152, 105.72649960793244, 105.72649960793244, 'SEARCH'
10, 23153, 105.73403617225459, 105.73403617225459, 'SEARCH'
10, 23154, 105.73874662931404, 105.73874662931404, 'SEARCH'
10, 23155, 105.76464180071359, 105.76464180071359, 'SEARCH'
10, 23156, 105.77079133282643, 105.77079133282643, 'SEARCH'
10, 23157, 105.79527457009547, 105.79527457009547, 'SEARCH'
10, 23158, 105.81585886164079, 105.81585886164079, 'SEARCH'
10, 23159, 105.82708294738335, 105.82708294738335, 'SEARCH'
10, 23160, 105.85085609891513, 105.85085609891513, 'SEARCH'
10, 23161, 105.8775392040635, 105.8775392040635, 'SEARCH'
10, 23162, 105.89020824761852, 105.89020824761852, 'SEARCH'
10, 23163, 105.91561509537839, 105.91561509537839, 'SEARCH'
10, 23164, 105.93684206613374, 105.93684206613374, 'SEARCH'
10, 23165, 105.96133318962852, 105.96133318962852, 'SEARCH'
10, 23166, 105.95787772839059, 105.95787772839059, 'SEARCH'
10, 23167, 105.98558359501075, 105.98558359501075, 'SEARCH'
10, 23168, 105.99034774110397, 105.99034774110397, 'SEARCH'
10, 23169, 106.0051100427846, 106.0051100427846, 'SEARCH'
10, 23170, 106.03285280977042, 106.03285280977042, 'SEARCH'
10, 23171, 106.02560416211696, 106.02560416211696, 'SEARCH'
10, 23172, 106.05115390424481, 106.05115390424481, 'SEARCH'
10, 23173, 106.05449201413929, 106.05449201413929, 'SEARCH'
10, 23174, 106.06619790184507, 106.06619790184507, 'SEARCH'
10, 23175, 106.06525614396814, 106.06525614396814, 'SEARCH'
10, 23176, 106.07240846327151, 106.07240846327151, 'SEARCH'
10, 23177, 106.07915597251262, 106.07915597251262, 'SEARCH'
10, 23178, 106.10665796203216, 106.10665796203216, 'SEARCH'
10, 23179, 106.12943432435591, 106.12943432435591, 'SEARCH'
10, 23180, 106.12948006315565, 106.12948006315565, 'SEARCH'
10, 23181, 106.15725778346264, 106.15725778346264, 'SEARCH'
10, 23182, 106.18334058704227, 106.18334058704227, 'SEARCH'
10, 23183, 106.21104680747088, 106.21104680747088, 'SEARCH'
10, 23184, 106.21865013700062, 106.21865013700062, 'SEARCH'
10, 23185, 106.23165095998499, 106.23165095998499, 'SEARCH'
10, 23186, 106.23643871308856, 106.23643871308856, 'SEARCH'
10, 23187, 106.23791838592479, 106.23791838592479, 'SEARCH'
10, 23188, 106.25718799155239, 106.25718799155239, 'SEARCH'
10, 23189, 106.27714894818462, 106.27714894818462, 'SEARCH'
10, 23190, 106.29426886013255, 106.29426886013255, 'SEARCH'
10, 23191, 106.30942481104793, 106.30942481104793, 'SEARCH'
10, 23192, 106.33597652716736, 106.33597652716736, 'SEARCH'
10, 23193, 106.35598589208661, 106.35598589208661, 'SEARCH'
10, 23194, 106.3792559933834, 106.3792559933834, 'SEARCH'
10, 23195, 106.39182824625668, 106.39182824625668, 'SEARCH'
10, 23196, 106.4026504133399, 106.4026504133399, 'SEARCH'
10, 23197, 106.40359517981486, 106.40359517981486, 'SEARCH'
10, 23198, 106.43076883619754, 106.43076883619754, 'SEARCH'
10, 23199, 106.45843940016633, 106.45843940016633, 'SEARCH'
10, 23200, 106.46975359306501, 106.46975359306501, 'SEARCH'
10, 23201, 106.46634073103482, 106.46634073103482, 'SEARCH'
10, 23202, 106.48021495185226, 106.48021495185226, 'SEARCH'
10, 23203, 106.48360828164772, 106.48360828164772, 'SEARCH'
10, 23204, 106.48217349020145, 106.48217349020145, 'SEARCH'
10, 23205, 106.48939164770309, 106.48939164770309, 'SEARCH'
10, 23206, 106.49839689953853, 106.49839689953853, 'SEARCH'
10, 23207, 106.52496986310767, 106.52496986310767, 'SEARCH'
10, 23208, 106.53882852060413, 106.53882852060413, 'SEARCH'
10, 23209, 106.56073375844713, 106.56073375844713, 'SEARCH'
10, 23210, 106.58767825649034, 106.58767825649034, 'SEARCH'
10, 23211, 106.60358460052437, 106.60358460052437, 'SEARCH'
10, 23212, 106.62391627989834, 106.62391627989834, 'SEARCH'
10, 23213, 106.63655575375145, 106.63655575375145, 'SEARCH'
10, 23214, 106.65956088467384, 106.65956088467384, 'SEARCH'
10, 23215, 106.66577327598407, 106.66577327598407, 'SEARCH'
10, 23216, 106.69202891668328, 106.69202891668328, 'SEARCH'
10, 23217, 106.71476912066544, 106.71476912066544, 'SEARCH'
10, 23218, 106.72608483791342, 106.72608483791342, 'SEARCH'
10, 23219, 106.75012632641707, 106.75012632641707, 'SEARCH'
10, 23220, 106.77623746496778, 106.77623746496778, 'SEARCH'
10, 23221, 106.79653246561764, 106.79653246561764, 'SEARCH'
10, 23222, 106.79168597285204, 106.79168597285204, 'SEARCH'
10, 23223, 106.81825361220103, 106.81825361220103, 'SEARCH'
10, 23224, 106.8244860214621, 106.8244860214621, 'SEARCH'
10, 23225, 106.83213654140819, 106.83213654140819, 'SEARCH'
10, 23226, 106.85372152356511, 106.85372152356511, 'SEARCH'
10, 23227, 106.8604453730183, 106.8604453730183, 'SEARCH'
10, 23228, 106.86288105616569, 106.86288105616569, 'SEARCH'
10, 23229, 106.87194889790784, 106.87194889790784, 'SEARCH'
10, 23230, 106.89161643642656, 106.89161643642656, 'SEARCH'
10, 23231, 106.91816730976059, 106.91816730976059, 'SEARCH'
10, 23232, 106.9400827980986, 106.9400827980986, 'SEARCH'
10, 23233, 106.96724304784568, 106.96724304784568, 'SEARCH'
10, 23234, 106.96826167050081, 106.96826167050081, 'SEARCH'
10, 23235, 106.99592843797038, 106.99592843797038, 'SEARCH'
10, 23236, 107.02308659446547, 107.02308659446547, 'SEARCH'
10, 23237, 107.02844494198047, 107.02844494198047, 'SEARCH'
10, 23238, 107.03787958037319, 107.03787958037319, 'SEARCH'
10, 23239, 107.03588178840651, 107.03588178840651, 'SEARCH'
10, 23240, 107.06179686817273, 107.06179686817273, 'SEARCH'
10, 23241, 107.08864012955893, 107.08864012955893, 'SEARCH'
10, 23242, 107.11019576559279, 107.11019576559279, 'SEARCH'
10, 23243, 107.11015134698714, 107.11015134698714, 'SEARCH'
10, 23244, 107.13670555411748, 107.13670555411748, 'SEARCH'
10, 23245, 107.1489107490311, 107.1489107490311, 'SEARCH'
10, 23246, 107.1536932115242, 107.1536932115242, 'SEARCH'
10, 23247, 107.16540435369434, 107.16540435369434, 'SEARCH'
10, 23248, 107.17537931985169, 107.17537931985169, 'SEARCH'
10, 23249, 107.20220219849688, 107.20220219849688, 'SEARCH'
10, 23250, 107.22847656380097, 107.22847656380097, 'SEARCH'
10, 23251, 107.25542066354755, 107.25542066354755, 'SEARCH'
10, 23252, 107.25925314920578, 107.25925314920578, 'SEARCH'
10, 23253, 107.28023244143607, 107.28023244143607, 'SEARCH'
10, 23254, 107.30559602537613, 107.30559602537613, 'SEARCH'
10, 23255, 107.30122323649117, 107.30122323649117, 'SEARCH'
10, 23256, 107.2944869456781, 107.2944869456781, 'SEARCH'
10, 23257, 107.3166677532939, 107.3166677532939, 'SEARCH'
10, 23258, 107.3420440824113, 107.3420440824113, 'SEARCH'
10, 23259, 107.36585720566438, 107.36585720566438, 'SEARCH'
10, 23260, 107.36635429591915, 107.36635429591915, 'SEARCH'
10, 23261, 107.36831519877389, 107.36831519877389, 'SEARCH'
10, 23262, 107.37221507435531, 107.37221507435531, 'SEARCH'
10, 23263, 107.38730592008653, 107.38730592008653, 'SEARCH'
10, 23264, 107.41388065947653, 107.41388065947653, 'SEARCH'
10, 23265, 107.43771197747081, 107.43771197747081, 'SEARCH'
10, 23266, 107.44680061156194, 107.44680061156194, 'SEARCH'
10, 23267, 107.45946349534209, 107.45946349534209, 'SEARCH'
10, 23268, 107.46421935265347, 107.46421935265347, 'SEARCH'
10, 23269, 107.47763541824015, 107.47763541824015, 'SEARCH'
10, 23270, 107.47276352421694, 107.47276352421694, 'SEARCH'
10, 23271, 107.48661942335595, 107.48661942335595, 'SEARCH'
10, 23272, 107.50852654435398, 107.50852654435398, 'SEARCH'
10, 23273, 107.50807856821388, 107.50807856821388, 'SEARCH'
10, 23274, 107.5227580092483, 107.5227580092483, 'SEARCH'
10, 23275, 107.55018765679338, 107.55018765679338, 'SEARCH'
10, 23276, 107.56916019167902, 107.56916019167902, 'SEARCH'
10, 23277, 107.59693452433486, 107.59693452433486, 'SEARCH'
10, 23278, 107.62101508286405, 107.62101508286405, 'SEARCH'
10, 23279, 107.64201539024414, 107.64201539024414, 'SEARCH'
10, 23280, 107.66845310613984, 107.66845310613984, 'SEARCH'
10, 23281, 107.6956378798371, 107.6956378798371, 'SEARCH'
10, 23282, 107.69847064918407, 107.69847064918407, 'SEARCH'
10, 23283, 107.6984102982411, 107.6984102982411, 'SEARCH'
10, 23284, 107.70280442640207, 107.70280442640207, 'SEARCH'
10, 23285, 107.73024959690686, 107.73024959690686, 'SEARCH'
10, 23286, 107.75791608633891, 107.75791608633891, 'SEARCH'
10, 23287, 107.78306441906129, 107.78306441906129, 'SEARCH'
10, 23288, 107.81024756577263, 107.81024756577263, 'SEARCH'
10, 23289, 107.83296543749309, 107.83296543749309, 'SEARCH'
10, 23290, 107.85195213830386, 107.85195213830386, 'SEARCH'
10, 23291, 107.87120012709872, 107.87120012709872, 'SEARCH'
10, 23292, 107.87548662920943, 107.87548662920943, 'SEARCH'
10, 23293, 107.89848806896325, 107.89848806896325, 'SEARCH'
10, 23294, 107.92440516941143, 107.92440516941143, 'SEARCH'
10, 23295, 107.95176799827932, 107.95176799827932, 'SEARCH'
10, 23296, 107.97338297248504, 107.97338297248504, 'SEARCH'
10, 23297, 107.978734000035, 107.978734000035, 'SEARCH'
10, 23298, 107.99997258417432, 107.99997258417432, 'SEARCH'
10, 23299, 108.02212279947241, 108.02212279947241, 'SEARCH'
10, 23300, 108.04988183410616, 108.04988183410616, 'SEARCH'
10, 23301, 108.0762840672855, 108.0762840672855, 'SEARCH'
10, 23302, 108.08709228788749, 108.08709228788749, 'SEARCH'
10, 23303, 108.10454262638414, 108.10454262638414, 'SEARCH'
10, 23304, 108.11407298027795, 108.11407298027795, 'SEARCH'
10, 23305, 108.11556921712113, 108.11556921712113, 'SEARCH'
10, 23306, 108.13935174744992, 108.13935174744992, 'SEARCH'
10, 23307, 108.15790231482292, 108.15790231482292, 'SEARCH'
10, 23308, 108.18418019384042, 108.18418019384042, 'SEARCH'
10, 23309, 108.2113605260598, 108.2113605260598, 'SEARCH'
10, 23310, 108.21623295972304, 108.21623295972304, 'SEARCH'
10, 23311, 108.2438110251662, 108.2438110251662, 'SEARCH'
10, 23312, 108.24629504254341, 108.24629504254341, 'SEARCH'
10, 23313, 108.27220106650053, 108.27220106650053, 'SEARCH'
10, 23314, 108.28071680591424, 108.28071680591424, 'SEARCH'
10, 23315, 108.29738486092852, 108.29738486092852, 'SEARCH'
10, 23316, 108.31831409312716, 108.31831409312716, 'SEARCH'
10, 23317, 108.32965503938931, 108.32965503938931, 'SEARCH'
10, 23318, 108.33864431588184, 108.33864431588184, 'SEARCH'
10, 23319, 108.35077879441648, 108.35077879441648, 'SEARCH'
10, 23320, 108.36752603950372, 108.36752603950372, 'SEARCH'
10, 23321, 108.37797568136158, 108.37797568136158, 'SEARCH'
10, 23322, 108.40156331734222, 108.40156331734222, 'SEARCH'
10, 23323, 108.4254069323483, 108.4254069323483, 'SEARCH'
10, 23324, 108.45225668158277, 108.45225668158277, 'SEARCH'
10, 23325, 108.47610580650138, 108.47610580650138, 'SEARCH'
10, 23326, 108.48461113035425, 108.48461113035425, 'SEARCH'
10, 23327, 108.51232618914715, 108.51232618914715, 'SEARCH'
10, 23328, 108.52710903863682, 108.52710903863682, 'SEARCH'
10, 23329, 108.54389334374997, 108.54389334374997, 'SEARCH'
10, 23330, 108.53897736548137, 108.53897736548137, 'SEARCH'
10, 23331, 108.54840017656902, 108.54840017656902, 'SEARCH'
10, 23332, 108.55751236931954, 108.55751236931954, 'SEARCH'
10, 23333, 108.57377207721127, 108.57377207721127, 'SEARCH'
10, 23334, 108.5660432158781, 108.5660432158781, 'SEARCH'
10, 23335, 108.58029478701187, 108.58029478701187, 'SEARCH'
10, 23336, 108.60726075030247, 108.60726075030247, 'SEARCH'
10, 23337, 108.63410724605674, 108.63410724605674, 'SEARCH'
10, 23338, 108.64216834513616, 108.64216834513616, 'SEARCH'
10, 23339, 108.66309786128244, 108.66309786128244, 'SEARCH'
10, 23340, 108.69066290673693, 108.69066290673693, 'SEARCH'
10, 23341, 108.71061251308639, 108.71061251308639, 'SEARCH'
10, 23342, 108.7100885426747, 108.7100885426747, 'SEARCH'
10, 23343, 108.71541627020542, 108.71541627020542, 'SEARCH'
10, 23344, 108.71055412168285, 108.71055412168285, 'SEARCH'
10, 23345, 108.7284307576399, 108.7284307576399, 'SEARCH'
10, 23346, 108.75600600455175, 108.75600600455175, 'SEARCH'
10, 23347, 108.7778706504148, 108.7778706504148, 'SEARCH'
10, 23348, 108.80549977804588, 108.80549977804588, 'SEARCH'
10, 23349, 108.82476978363941, 108.82476978363941, 'SEARCH'
10, 23350, 108.83469739688486, 108.83469739688486, 'SEARCH'
10, 23351, 108.86175896493623, 108.86175896493623, 'SEARCH'
10, 23352, 108.88932754478843, 108.88932754478843, 'SEARCH'
10, 23353, 108.89650018130106, 108.89650018130106, 'SEARCH'
10, 23354, 108.91162329568898, 108.91162329568898, 'SEARCH'
10, 23355, 108.93258870106594, 108.93258870106594, 'SEARCH'
10, 23356, 108.95868840910113, 108.95868840910113, 'SEARCH'
10, 23357, 108.97578741494117, 108.97578741494117, 'SEARCH'
10, 23358, 109.00007943040742, 109.00007943040742, 'SEARCH'
10, 23359, 109.02765036746715, 109.02765036746715, 'SEARCH'
10, 23360, 109.02958378938472, 109.02958378938472, 'SEARCH'
10, 23361, 109.03345649243963, 109.03345649243963, 'SEARCH'
10, 23362, 109.05776011195555, 109.05776011195555, 'SEARCH'
10, 23363, 109.06728154819632, 109.06728154819632, 'SEARCH'
10, 23364, 109.07496925600448, 109.07496925600448, 'SEARCH'
10, 23365, 109.07935697545014, 109.07935697545014, 'SEARCH'
10, 23366, 109.07268910404291, 109.07268910404291, 'SEARCH'
10, 23367, 109.09453824117901, 109.09453824117901, 'SEARCH'
10, 23368, 109.10795520254776, 109.10795520254776, 'SEARCH'
10, 23369, 109.1070324425698, 109.1070324425698, 'SEARCH'
10, 23370, 109.13384865199225, 109.13384865199225, 'SEARCH'
10, 23371, 109.14607407035658, 109.14607407035658, 'SEARCH'
10, 23372, 109.1583081020156, 109.1583081020156, 'SEARCH'
10, 23373, 109.167282503257, 109.167282503257, 'SEARCH'
10, 23374, 109.19061266367963, 109.19061266367963, 'SEARCH'
10, 23375, 109.21832738435135, 109.21832738435135, 'SEARCH'
10, 23376, 109.22416806081378, 109.22416806081378, 'SEARCH'
10, 23377, 109.22505993473911, 109.22505993473911, 'SEARCH'
10, 23378, 109.23930967492757, 109.23930967492757, 'SEARCH'
10, 23379, 109.25528822370251, 109.25528822370251, 'SEARCH'
10, 23380, 109.25389895006337, 109.25389895006337, 'SEARCH'
10, 23381, 109.27393326283854, 109.27393326283854, 'SEARCH'
10, 23382, 109.2992757021115, 109.2992757021115, 'SEARCH'
10, 23383, 109.31554054187606, 109.31554054187606, 'SEARCH'
10, 23384, 109.34132081798867, 109.34132081798867, 'SEARCH'
10, 23385, 109.35472603264847, 109.35472603264847, 'SEARCH'
10, 23386, 109.35321226915305, 109.35321226915305, 'SEARCH'
10, 23387, 109.37288864755205, 109.37288864755205, 'SEARCH'
10, 23388, 109.38926129463525, 109.38926129463525, 'SEARCH'
10, 23389, 109.40061837826951, 109.40061837826951, 'SEARCH'
10, 23390, 109.4044107275442, 109.4044107275442, 'SEARCH'
10, 23391, 109.40929625063876, 109.40929625063876, 'SEARCH'
10, 23392, 109.43685787989332, 109.43685787989332, 'SEARCH'
10, 23393, 109.46094970781624, 109.46094970781624, 'SEARCH'
10, 23394, 109.47231725705835, 109.47231725705835, 'SEARCH'
10, 23395, 109.48309190618109, 109.48309190618109, 'SEARCH'
10, 23396, 109.48592098733931, 109.48592098733931, 'SEARCH'
10, 23397, 109.48731132905668, 109.48731132905668, 'SEARCH'
10, 23398, 109.49676285272979, 109.49676285272979, 'SEARCH'
10, 23399, 109.52316834952723, 109.52316834952723, 'SEARCH'
10, 23400, 109.54832811565556, 109.54832811565556, 'SEARCH'
10, 23401, 109.55077963709735, 109.55077963709735, 'SEARCH'
10, 23402, 109.57785484823167, 109.57785484823167, 'SEARCH'
10, 23403, 109.58263585543031, 109.58263585543031, 'SEARCH'
10, 23404, 109.57594670887828, 109.57594670887828, 'SEARCH'
10, 23405, 109.5836447425907, 109.5836447425907, 'SEARCH'
10, 23406, 109.5869767198479, 109.5869767198479, 'SEARCH'
10, 23407, 109.59606025780805, 109.59606025780805, 'SEARCH'
10, 23408, 109.61989751553659, 109.61989751553659, 'SEARCH'
10, 23409, 109.64544460162988, 109.64544460162988, 'SEARCH'
10, 23410, 109.6727020723352, 109.6727020723352, 'SEARCH'
10, 23411, 109.66792635083512, 109.66792635083512, 'SEARCH'
10, 23412, 109.69119005495355, 109.69119005495355, 'SEARCH'
10, 23413, 109.71727453397271, 109.71727453397271, 'SEARCH'
10, 23414, 109.72861639226419, 109.72861639226419, 'SEARCH'
10, 23415, 109.75505238534782, 109.75505238534782, 'SEARCH'
10, 23416, 109.77473663405127, 109.77473663405127, 'SEARCH'
10, 23417, 109.79216547751734, 109.79216547751734, 'SEARCH'
10, 23418, 109.79162307220209, 109.79162307220209, 'SEARCH'
10, 23419, 109.79744366868357, 109.79744366868357, 'SEARCH'
10, 23420, 109.8207711521407, 109.8207711521407, 'SEARCH'
10, 23421, 109.82708051971758, 109.82708051971758, 'SEARCH'
10, 23422, 109.85433389019263, 109.85433389019263, 'SEARCH'
10, 23423, 109.85246584935159, 109.85246584935159, 'SEARCH'
10, 23424, 109.8458246402199, 109.8458246402199, 'SEARCH'
10, 23425, 109.87075043285303, 109.87075043285303, 'SEARCH'
10, 23426, 109.89575472684825, 109.89575472684825, 'SEARCH'
10, 23427, 109.91404671818236, 109.91404671818236, 'SEARCH'
10, 23428, 109.94102296656293, 109.94102296656293, 'SEARCH'
10, 23429, 109.96615584418181, 109.96615584418181, 'SEARCH'
10, 23430, 109.9925449132841, 109.9925449132841, 'SEARCH'
10, 23431, 109.99408779995407, 109.99408779995407, 'SEARCH'
10, 23432, 110.00394852337702, 110.00394852337702, 'SEARCH'
10, 23433, 110.03002035400615, 110.03002035400615, 'SEARCH'
10, 23434, 110.02962001772015, 110.02962001772015, 'SEARCH'
10, 23435, 110.05396134950503, 110.05396134950503, 'SEARCH'
10, 23436, 110.07830483961361, 110.07830483961361, 'SEARCH'
10, 23437, 110.09752534891021, 110.09752534891021, 'SEARCH'
10, 23438, 110.12397303315647, 110.12397303315647, 'SEARCH'
10, 23439, 110.1445501142539, 110.1445501142539, 'SEARCH'
10, 23440, 110.16865107865893, 110.16865107865893, 'SEARCH'
10, 23441, 110.17338171552623, 110.17338171552623, 'SEARCH'
10, 23442, 110.17716555403156, 110.17716555403156, 'SEARCH'
10, 23443, 110.20257077005131, 110.20257077005131, 'SEARCH'
10, 23444, 110.20779743605081, 110.20779743605081, 'SEARCH'
10, 23445, 110.21991731298914, 110.21991731298914, 'SEARCH'
10, 23446, 110.24663350294709, 110.24663350294709, 'SEARCH'
10, 23447, 110.25198742759163, 110.25198742759163, 'SEARCH'
10, 23448, 110.27648284294573, 110.27648284294573, 'SEARCH'
10, 23449, 110.29708605899283, 110.29708605899283, 'SEARCH'
10, 23450, 110.3248230684823, 110.3248230684823, 'SEARCH'
10, 23451, 110.34449947228956, 110.34449947228956, 'SEARCH'
10, 23452, 110.36117167951592, 110.36117167951592, 'SEARCH'
10, 23453, 110.38708784909413, 110.38708784909413, 'SEARCH'
10, 23454, 110.40870104435024, 110.40870104435024, 'SEARCH'
10, 23455, 110.40440238945835, 110.40440238945835, 'SEARCH'
10, 23456, 110.43206927471248, 110.43206927471248, 'SEARCH'
10, 23457, 110.4581524236856, 110.4581524236856, 'SEARCH'
10, 23458, 110.47939824659511, 110.47939824659511, 'SEARCH'
10, 23459, 110.50095837319483, 110.50095837319483, 'SEARCH'
10, 23460, 110.5259094606832, 110.5259094606832, 'SEARCH'
10, 23461, 110.52111446023093, 110.52111446023093, 'SEARCH'
10, 23462, 110.52349508991702, 110.52349508991702, 'SEARCH'
10, 23463, 110.5413724851759, 110.5413724851759, 'SEARCH'
10, 23464, 110.56915023831992, 110.56915023831992, 'SEARCH'
10, 23465, 110.59489191828173, 110.59489191828173, 'SEARCH'
10, 23466, 110.61984509555873, 110.61984509555873, 'SEARCH'
10, 23467, 110.6203056544037, 110.6203056544037, 'SEARCH'
10, 23468, 110.62322186959643, 110.62322186959643, 'SEARCH'
10, 23469, 110.63877491850394, 110.63877491850394, 'SEARCH'
10, 23470, 110.66603604632274, 110.66603604632274, 'SEARCH'
10, 23471, 110.69381009263985, 110.69381009263985, 'SEARCH'
10, 23472, 110.69913831020428, 110.69913831020428, 'SEARCH'
10, 23473, 110.70950735518305, 110.70950735518305, 'SEARCH'
10, 23474, 110.7350658104767, 110.7350658104767, 'SEARCH'
10, 23475, 110.73407357369953, 110.73407357369953, 'SEARCH'
10, 23476, 110.74838991666314, 110.74838991666314, 'SEARCH'
10, 23477, 110.77533758384797, 110.77533758384797, 'SEARCH'
10, 23478, 110.7792199808884, 110.7792199808884, 'SEARCH'
10, 23479, 110.80395748996595, 110.80395748996595, 'SEARCH'
10, 23480, 110.8049053621817, 110.8049053621817, 'SEARCH'
10, 23481, 110.79725838806536, 110.79725838806536, 'SEARCH'
10, 23482, 110.81582942389265, 110.81582942389265, 'SEARCH'
10, 23483, 110.8436027582133, 110.8436027582133, 'SEARCH'
10, 23484, 110.87122725346036, 110.87122725346036, 'SEARCH'
10, 23485, 110.89793123051861, 110.89793123051861, 'SEARCH'
10, 23486, 110.92403730085158, 110.92403730085158, 'SEARCH'
10, 23487, 110.95120535316879, 110.95120535316879, 'SEARCH'
10, 23488, 110.97891612331284, 110.97891612331284, 'SEARCH'
10, 23489, 111.00366219691051, 111.00366219691051, 'SEARCH'
10, 23490, 111.01755343442922, 111.01755343442922, 'SEARCH'
10, 23491, 111.04229811031567, 111.04229811031567, 'SEARCH'
10, 23492, 111.07005876413736, 111.07005876413736, 'SEARCH'
10, 23493, 111.08791078491143, 111.08791078491143, 'SEARCH'
10, 23494, 111.08840106018104, 111.08840106018104, 'SEARCH'
10, 23495, 111.10102712743378, 111.10102712743378, 'SEARCH'
10, 23496, 111.1034759673758, 111.1034759673758, 'SEARCH'
10, 23497, 111.11346758890329, 111.11346758890329, 'SEARCH'
10, 23498, 111.13901725890001, 111.13901725890001, 'SEARCH'
10, 23499, 111.16669342801531, 111.16669342801531, 'SEARCH'
10, 23500, 111.16916389004994, 111.16916389004994, 'SEARCH'
10, 23501, 111.18393583124033, 111.18393583124033, 'SEARCH'
10, 23502, 111.19574025278379, 111.19574025278379, 'SEARCH'
10, 23503, 111.20394084785356, 111.20394084785356, 'SEARCH'
10, 23504, 111.20626792748557, 111.20626792748557, 'SEARCH'
10, 23505, 111.20732011575305, 111.20732011575305, 'SEARCH'
10, 23506, 111.22956114473469, 111.22956114473469, 'SEARCH'
10, 23507, 111.2482240758942, 111.2482240758942, 'SEARCH'
10, 23508, 111.26561814388117, 111.26561814388117, 'SEARCH'
10, 23509, 111.29175596297114, 111.29175596297114, 'SEARCH'
10, 23510, 111.29476761494, 111.29476761494, 'SEARCH'
10, 23511, 111.32248586418295, 111.32248586418295, 'SEARCH'
10, 23512, 111.34169369351483, 111.34169369351483, 'SEARCH'
10, 23513, 111.34448297289133, 111.34448297289133, 'SEARCH'
10, 23514, 111.37045266141877, 111.37045266141877, 'SEARCH'
10, 23515, 111.37516906564676, 111.37516906564676, 'SEARCH'
10, 23516, 111.36977310481544, 111.36977310481544, 'SEARCH'
10, 23517, 111.39171506791503, 111.39171506791503, 'SEARCH'
10, 23518, 111.41557355491588, 111.41557355491588, 'SEARCH'
10, 23519, 111.42497909338782, 111.42497909338782, 'SEARCH'
10, 23520, 111.43084294715477, 111.43084294715477, 'SEARCH'
10, 23521, 111.4443991522547, 111.4443991522547, 'SEARCH'
10, 23522, 111.47201272632765, 111.47201272632765, 'SEARCH'
10, 23523, 111.47212566951372, 111.47212566951372, 'SEARCH'
10, 23524, 111.46909822874615, 111.46909822874615, 'SEARCH'
10, 23525, 111.49044962262678, 111.49044962262678, 'SEARCH'
10, 23526, 111.51327320473727, 111.51327320473727, 'SEARCH'
10, 23527, 111.52662718043757, 111.52662718043757, 'SEARCH'
10, 23528, 111.54958902776956, 111.54958902776956, 'SEARCH'
10, 23529, 111.57573033283482, 111.57573033283482, 'SEARCH'
10, 23530, 111.60334324578086, 111.60334324578086, 'SEARCH'
10, 23531, 111.61041762705426, 111.61041762705426, 'SEARCH'
10, 23532, 111.62665743707414, 111.62665743707414, 'SEARCH'
10, 23533, 111.64210810482568, 111.64210810482568, 'SEARCH'
10, 23534, 111.64636423217075, 111.64636423217075, 'SEARCH'
10, 23535, 111.64741263622412, 111.64741263622412, 'SEARCH'
10, 23536, 111.663020912315, 111.663020912315, 'SEARCH'
10, 23537, 111.66485772449458, 111.66485772449458, 'SEARCH'
10, 23538, 111.68783635712619, 111.68783635712619, 'SEARCH'
10, 23539, 111.68581486672481, 111.68581486672481, 'SEARCH'
10, 23540, 111.70650607712057, 111.70650607712057, 'SEARCH'
10, 23541, 111.73343902180956, 111.73343902180956, 'SEARCH'
10, 23542, 111.74117188963702, 111.74117188963702, 'SEARCH'
10, 23543, 111.76862175863225, 111.76862175863225, 'SEARCH'
10, 23544, 111.79362932420985, 111.79362932420985, 'SEARCH'
10, 23545, 111.81026624835786, 111.81026624835786, 'SEARCH'
10, 23546, 111.83051902781774, 111.83051902781774, 'SEARCH'
10, 23547, 111.85705820733423, 111.85705820733423, 'SEARCH'
10, 23548, 111.88455407935143, 111.88455407935143, 'SEARCH'
10, 23549, 111.9118370073025, 111.9118370073025, 'SEARCH'
10, 23550, 111.9257997305971, 111.9257997305971, 'SEARCH'
10, 23551, 111.92764153181132, 111.92764153181132, 'SEARCH'
10, 23552, 111.95538553472626, 111.95538553472626, 'SEARCH'
10, 23553, 111.94764598665631, 111.94764598665631, 'SEARCH'
10, 23554, 111.9611782257149, 111.9611782257149, 'SEARCH'
10, 23555, 111.97834729003671, 111.97834729003671, 'SEARCH'
10, 23556, 111.99273575058673, 111.99273575058673, 'SEARCH'
10, 23557, 111.99166011322782, 111.99166011322782, 'SEARCH'
10, 23558, 112.01941751059557, 112.01941751059557, 'SEARCH'
10, 23559, 112.04292374568747, 112.04292374568747, 'SEARCH'
10, 23560, 112.03706026735583, 112.03706026735583, 'SEARCH'
10, 23561, 112.05641265964057, 112.05641265964057, 'SEARCH'
10, 23562, 112.0815506792602, 112.0815506792602, 'SEARCH'
10, 23563, 112.10655383322798, 112.10655383322798, 'SEARCH'
10, 23564, 112.10597892556301, 112.10597892556301, 'SEARCH'
10, 23565, 112.11778929181824, 112.11778929181824, 'SEARCH'
10, 23566, 112.14227345118445, 112.14227345118445, 'SEARCH'
10, 23567, 112.16552339413501, 112.16552339413501, 'SEARCH'
10, 23568, 112.17372104773155, 112.17372104773155, 'SEARCH'
10, 23569, 112.19409861948802, 112.19409861948802, 'SEARCH'
10, 23570, 112.18822523999901, 112.18822523999901, 'SEARCH'
10, 23571, 112.19296160805389, 112.19296160805389, 'SEARCH'
10, 23572, 112.20193220159108, 112.20193220159108, 'SEARCH'
10, 23573, 112.20621200500034, 112.20621200500034, 'SEARCH'
10, 23574, 112.22893465663792, 112.22893465663792, 'SEARCH'
10, 23575, 112.24861128703066, 112.24861128703066, 'SEARCH'
10, 23576, 112.25060725162702, 112.25060725162702, 'SEARCH'
10, 23577, 112.26228292173977, 112.26228292173977, 'SEARCH'
10, 23578, 112.28479089768405, 112.28479089768405, 'SEARCH'
10, 23579, 112.30403795702209, 112.30403795702209, 'SEARCH'
10, 23580, 112.30880200001448, 112.30880200001448, 'SEARCH'
10, 23581, 112.33656452398516, 112.33656452398516, 'SEARCH'
10, 23582, 112.34473440731341, 112.34473440731341, 'SEARCH'
10, 23583, 112.3637243384963, 112.3637243384963, 'SEARCH'
10, 23584, 112.3904061718335, 112.3904061718335, 'SEARCH'
10, 23585, 112.41802440317517, 112.41802440317517, 'SEARCH'
10, 23586, 112.44398210358769, 112.44398210358769, 'SEARCH'
10, 23587, 112.46102454161075, 112.46102454161075, 'SEARCH'
10, 23588, 112.48726719340651, 112.48726719340651, 'SEARCH'
10, 23589, 112.51498169063164, 112.51498169063164, 'SEARCH'
10, 23590, 112.5365274982948, 112.5365274982948, 'SEARCH'
10, 23591, 112.54081412975522, 112.54081412975522, 'SEARCH'
10, 23592, 112.56042201735207, 112.56042201735207, 'SEARCH'
10, 23593, 112.57510763306688, 112.57510763306688, 'SEARCH'
10, 23594, 112.59868099967059, 112.59868099967059, 'SEARCH'
10, 23595, 112.61336835556747, 112.61336835556747, 'SEARCH'
10, 23596, 112.61140168579351, 112.61140168579351, 'SEARCH'
10, 23597, 112.63890673981729, 112.63890673981729, 'SEARCH'
10, 23598, 112.65783889544929, 112.65783889544929, 'SEARCH'
10, 23599, 112.68164450720438, 112.68164450720438, 'SEARCH'
10, 23600, 112.70353131232052, 112.70353131232052, 'SEARCH'
10, 23601, 112.70111276532484, 112.70111276532484, 'SEARCH'
10, 23602, 112.72359391398594, 112.72359391398594, 'SEARCH'
10, 23603, 112.74833484605303, 112.74833484605303, 'SEARCH'
10, 23604, 112.74448264549267, 112.74448264549267, 'SEARCH'
10, 23605, 112.77199366922802, 112.77199366922802, 'SEARCH'
10, 23606, 112.7787391471824, 112.7787391471824, 'SEARCH'
10, 23607, 112.80529219863206, 112.80529219863206, 'SEARCH'
10, 23608, 112.8329613986411, 112.8329613986411, 'SEARCH'
10, 23609, 112.86073915969284, 112.86073915969284, 'SEARCH'
10, 23610, 112.88005624290953, 112.88005624290953, 'SEARCH'
10, 23611, 112.90192267707651, 112.90192267707651, 'SEARCH'
10, 23612, 112.89570191573767, 112.89570191573767, 'SEARCH'
10, 23613, 112.92106168177149, 112.92106168177149, 'SEARCH'
10, 23614, 112.92248100068981, 112.92248100068981, 'SEARCH'
10, 23615, 112.94176084379126, 112.94176084379126, 'SEARCH'
10, 23616, 112.96769832625831, 112.96769832625831, 'SEARCH'
10, 23617, 112.98957753332324, 112.98957753332324, 'SEARCH'
10, 23618, 113.01733866341601, 113.01733866341601, 'SEARCH'
10, 23619, 113.0445079654619, 113.0445079654619, 'SEARCH'
10, 23620, 113.064147463912, 113.064147463912, 'SEARCH'
10, 23621, 113.0788623592317, 113.0788623592317, 'SEARCH'
10, 23622, 113.10581417972247, 113.10581417972247, 'SEARCH'
10, 23623, 113.1291109341878, 113.1291109341878, 'SEARCH'
10, 23624, 113.15266347778288, 113.15266347778288, 'SEARCH'
10, 23625, 113.16612784519283, 113.16612784519283, 'SEARCH'
10, 23626, 113.19390562211031, 113.19390562211031, 'SEARCH'
10, 23627, 113.20203246723989, 113.20203246723989, 'SEARCH'
10, 23628, 113.22202574565375, 113.22202574565375, 'SEARCH'
10, 23629, 113.23063250374071, 113.23063250374071, 'SEARCH'
10, 23630, 113.25674707152224, 113.25674707152224, 'SEARCH'
10, 23631, 113.28193834265632, 113.28193834265632, 'SEARCH'
10, 23632, 113.28092697249295, 113.28092697249295, 'SEARCH'
10, 23633, 113.30187140782455, 113.30187140782455, 'SEARCH'
10, 23634, 113.32044258843366, 113.32044258843366, 'SEARCH'
10, 23635, 113.31373367352145, 113.31373367352145, 'SEARCH'
10, 23636, 113.34130724327811, 113.34130724327811, 'SEARCH'
10, 23637, 113.34986858004557, 113.34986858004557, 'SEARCH'
10, 23638, 113.36735889282558, 113.36735889282558, 'SEARCH'
10, 23639, 113.38327489234267, 113.38327489234267, 'SEARCH'
10, 23640, 113.39411950774608, 113.39411950774608, 'SEARCH'
10, 23641, 113.41159928410681, 113.41159928410681, 'SEARCH'
10, 23642, 113.41449608763457, 113.41449608763457, 'SEARCH'
10, 23643, 113.43546369715646, 113.43546369715646, 'SEARCH'
10, 23644, 113.44891830166773, 113.44891830166773, 'SEARCH'
10, 23645, 113.45749810893314, 113.45749810893314, 'SEARCH'
10, 23646, 113.45220456278679, 113.45220456278679, 'SEARCH'
10, 23647, 113.46172284230528, 113.46172284230528, 'SEARCH'
10, 23648, 113.47215612712083, 113.47215612712083, 'SEARCH'
10, 23649, 113.48393211024955, 113.48393211024955, 'SEARCH'
10, 23650, 113.5039489856121, 113.5039489856121, 'SEARCH'
10, 23651, 113.51061256877828, 113.51061256877828, 'SEARCH'
10, 23652, 113.51831357312093, 113.51831357312093, 'SEARCH'
10, 23653, 113.53721593556028, 113.53721593556028, 'SEARCH'
10, 23654, 113.5480255953389, 113.5480255953389, 'SEARCH'
10, 23655, 113.57230301809226, 113.57230301809226, 'SEARCH'
10, 23656, 113.58904345807285, 113.58904345807285, 'SEARCH'
10, 23657, 113.61399323026171, 113.61399323026171, 'SEARCH'
10, 23658, 113.63676561678335, 113.63676561678335, 'SEARCH'
10, 23659, 113.65459203582932, 113.65459203582932, 'SEARCH'
10, 23660, 113.6781343323115, 113.6781343323115, 'SEARCH'
10, 23661, 113.70424375878147, 113.70424375878147, 'SEARCH'
10, 23662, 113.7095665763395, 113.7095665763395, 'SEARCH'
10, 23663, 113.71857742525033, 113.71857742525033, 'SEARCH'
10, 23664, 113.7349232105789, 113.7349232105789, 'SEARCH'
10, 23665, 113.76199617846567, 113.76199617846567, 'SEARCH'
10, 23666, 113.78694807906298, 113.78694807906298, 'SEARCH'
10, 23667, 113.79550636150482, 113.79550636150482, 'SEARCH'
10, 23668, 113.8137189335939, 113.8137189335939, 'SEARCH'
10, 23669, 113.83403772871874, 113.83403772871874, 'SEARCH'
10, 23670, 113.86139135782949, 113.86139135782949, 'SEARCH'
10, 23671, 113.886570363079, 113.886570363079, 'SEARCH'
10, 23672, 113.90290818774649, 113.90290818774649, 'SEARCH'
10, 23673, 113.9304125684291, 113.9304125684291, 'SEARCH'
10, 23674, 113.95776502975343, 113.95776502975343, 'SEARCH'
10, 23675, 113.97704982272829, 113.97704982272829, 'SEARCH'
10, 23676, 113.97802532116836, 113.97802532116836, 'SEARCH'
10, 23677, 113.9814285752236, 113.9814285752236, 'SEARCH'
10, 23678, 113.99230982339813, 113.99230982339813, 'SEARCH'
10, 23679, 113.99517296105445, 113.99517296105445, 'SEARCH'
10, 23680, 113.99659830649054, 113.99659830649054, 'SEARCH'
10, 23681, 114.02433715765255, 114.02433715765255, 'SEARCH'
10, 23682, 114.04815477332279, 114.04815477332279, 'SEARCH'
10, 23683, 114.07195490064238, 114.07195490064238, 'SEARCH'
10, 23684, 114.09551826127219, 114.09551826127219, 'SEARCH'
10, 23685, 114.12314202843348, 114.12314202843348, 'SEARCH'
10, 23686, 114.13311071690005, 114.13311071690005, 'SEARCH'
10, 23687, 114.15994868146753, 114.15994868146753, 'SEARCH'
10, 23688, 114.18211625360249, 114.18211625360249, 'SEARCH'
10, 23689, 114.18838387138865, 114.18838387138865, 'SEARCH'
10, 23690, 114.21545667009394, 114.21545667009394, 'SEARCH'
10, 23691, 114.2288951514821, 114.2288951514821, 'SEARCH'
10, 23692, 114.22649534506218, 114.22649534506218, 'SEARCH'
10, 23693, 114.23950664163974, 114.23950664163974, 'SEARCH'
10, 23694, 114.26305178631297, 114.26305178631297, 'SEARCH'
10, 23695, 114.29072513183401, 114.29072513183401, 'SEARCH'
10, 23696, 114.31318935392846, 114.31318935392846, 'SEARCH'
10, 23697, 114.33383642540704, 114.33383642540704, 'SEARCH'
10, 23698, 114.35312283879287, 114.35312283879287, 'SEARCH'
10, 23699, 114.36307399119917, 114.36307399119917, 'SEARCH'
10, 23700, 114.37480607231294, 114.37480607231294, 'SEARCH'
10, 23701, 114.37770722136666, 114.37770722136666, 'SEARCH'
10, 23702, 114.39735601961755, 114.39735601961755, 'SEARCH'
10, 23703, 114.39879047592203, 114.39879047592203, 'SEARCH'
10, 23704, 114.4264153264575, 114.4264153264575, 'SEARCH'
10, 23705, 114.43637675001486, 114.43637675001486, 'SEARCH'
10, 23706, 114.4623163734137, 114.4623163734137, 'SEARCH'
10, 23707, 114.46711565011995, 114.46711565011995, 'SEARCH'
10, 23708, 114.4943806149962, 114.4943806149962, 'SEARCH'
10, 23709, 114.501112107687, 114.501112107687, 'SEARCH'
10, 23710, 114.51702516305194, 114.51702516305194, 'SEARCH'
10, 23711, 114.54453056247833, 114.54453056247833, 'SEARCH'
10, 23712, 114.56949081307606, 114.56949081307606, 'SEARCH'
10, 23713, 114.58337099962598, 114.58337099962598, 'SEARCH'
10, 23714, 114.59009095415284, 114.59009095415284, 'SEARCH'
10, 23715, 114.61311336887587, 114.61311336887587, 'SEARCH'
10, 23716, 114.6216938007879, 114.6216938007879, 'SEARCH'
10, 23717, 114.64940450393921, 114.64940450393921, 'SEARCH'
10, 23718, 114.6763597309313, 114.6763597309313, 'SEARCH'
10, 23719, 114.68895735930501, 114.68895735930501, 'SEARCH'
10, 23720, 114.70408999985953, 114.70408999985953, 'SEARCH'
10, 23721, 114.72472254995392, 114.72472254995392, 'SEARCH'
10, 23722, 114.73944951499742, 114.73944951499742, 'SEARCH'
10, 23723, 114.74567933396959, 114.74567933396959, 'SEARCH'
10, 23724, 114.7623902994752, 114.7623902994752, 'SEARCH'
10, 23725, 114.75661630222058, 114.75661630222058, 'SEARCH'
10, 23726, 114.77726832438155, 114.77726832438155, 'SEARCH'
10, 23727, 114.78159311340372, 114.78159311340372, 'SEARCH'
10, 23728, 114.8093323738437, 114.8093323738437, 'SEARCH'
10, 23729, 114.82237909626761, 114.82237909626761, 'SEARCH'
10, 23730, 114.82381604220889, 114.82381604220889, 'SEARCH'
10, 23731, 114.83147698807272, 114.83147698807272, 'SEARCH'
10, 23732, 114.84894569337031, 114.84894569337031, 'SEARCH'
10, 23733, 114.86155153439698, 114.86155153439698, 'SEARCH'
10, 23734, 114.88430914756978, 114.88430914756978, 'SEARCH'
10, 23735, 114.91166248128651, 114.91166248128651, 'TRACK'
10, 23736, 114.90971168060157, 114.90971168060157, 'TRACK'
10, 23737, 114.92681401992448, 114.92681401992448, 'SEARCH'
10, 23738, 114.93856364292367, 114.93856364292367, 'SEARCH'
10, 23739, 114.9390254600494, 114.9390254600494, 'SEARCH'
10, 23740, 114.9599825916752, 114.9599825916752, 'SEARCH'
10, 23741, 114.98640194311031, 114.98640194311031, 'SEARCH'
10, 23742, 114.98738000972098, 114.98738000972098, 'SEARCH'
10, 23743, 115.0104205592024, 115.0104205592024, 'SEARCH'
10, 23744, 115.03792396279586, 115.03792396279586, 'SEARCH'
10, 23745, 115.06488350461194, 115.06488350461194, 'SEARCH'
10, 23746, 115.06878184880999, 115.06878184880999, 'SEARCH'
10, 23747, 115.09486895274698, 115.09486895274698, 'SEARCH'
10, 23748, 115.09636479873069, 115.09636479873069, 'SEARCH'
10, 23749, 115.10453834328106, 115.10453834328106, 'SEARCH'
10, 23750, 115.10060641117259, 115.10060641117259, 'SEARCH'
10, 23751, 115.12832025753599, 115.12832025753599, 'SEARCH'
10, 23752, 115.15609797797754, 115.15609797797754, 'SEARCH'
10, 23753, 115.17853668760677, 115.17853668760677, 'SEARCH'
10, 23754, 115.18934287740667, 115.18934287740667, 'SEARCH'
10, 23755, 115.21526106307662, 115.21526106307662, 'SEARCH'
10, 23756, 115.21868349991144, 115.21868349991144, 'SEARCH'
10, 23757, 115.24586459264385, 115.24586459264385, 'SEARCH'
10, 23758, 115.23815637923089, 115.23815637923089, 'SEARCH'
10, 23759, 115.2425427467633, 115.2425427467633, 'SEARCH'
10, 23760, 115.25647827732942, 115.25647827732942, 'SEARCH'
10, 23761, 115.26466207902993, 115.26466207902993, 'SEARCH'
10, 23762, 115.29044609426865, 115.29044609426865, 'SEARCH'
10, 23763, 115.31772928268477, 115.31772928268477, 'SEARCH'
10, 23764, 115.34528928265674, 115.34528928265674, 'SEARCH'
10, 23765, 115.37306420746478, 115.37306420746478, 'SEARCH'
10, 23766, 115.39754899437365, 115.39754899437365, 'SEARCH'
10, 23767, 115.41094279837726, 115.41094279837726, 'SEARCH'
10, 23768, 115.42681534478976, 115.42681534478976, 'SEARCH'
10, 23769, 115.43074456856306, 115.43074456856306, 'SEARCH'
10, 23770, 115.43549288218973, 115.43549288218973, 'SEARCH'
10, 23771, 115.45518022943425, 115.45518022943425, 'SEARCH'
10, 23772, 115.47967167751786, 115.47967167751786, 'SEARCH'
10, 23773, 115.47477976073095, 115.47477976073095, 'SEARCH'
10, 23774, 115.50017914859994, 115.50017914859994, 'SEARCH'
10, 23775, 115.517230990768, 115.517230990768, 'SEARCH'
10, 23776, 115.52342676196191, 115.52342676196191, 'SEARCH'
10, 23777, 115.53243017663787, 115.53243017663787, 'SEARCH'
10, 23778, 115.55243345266616, 115.55243345266616, 'SEARCH'
10, 23779, 115.55958355057591, 115.55958355057591, 'SEARCH'
10, 23780, 115.58693426377411, 115.58693426377411, 'SEARCH'
10, 23781, 115.60249074483426, 115.60249074483426, 'SEARCH'
10, 23782, 115.61799136523038, 115.61799136523038, 'SEARCH'
10, 23783, 115.64572950820745, 115.64572950820745, 'SEARCH'
10, 23784, 115.66606552849977, 115.66606552849977, 'SEARCH'
10, 23785, 115.6906104739575, 115.6906104739575, 'SEARCH'
10, 23786, 115.69500201463214, 115.69500201463214, 'SEARCH'
10, 23787, 115.70177951059394, 115.70177951059394, 'SEARCH'
10, 23788, 115.70715003824603, 115.70715003824603, 'SEARCH'
10, 23789, 115.71852503678022, 115.71852503678022, 'SEARCH'
10, 23790, 115.72373103442241, 115.72373103442241, 'SEARCH'
10, 23791, 115.73510597158418, 115.73510597158418, 'SEARCH'
10, 23792, 115.74313563061688, 115.74313563061688, 'SEARCH'
10, 23793, 115.76593815458855, 115.76593815458855, 'SEARCH'
10, 23794, 115.78258118309647, 115.78258118309647, 'SEARCH'
10, 23795, 115.79639774260552, 115.79639774260552, 'SEARCH'
10, 23796, 115.80304664360742, 115.80304664360742, 'SEARCH'
10, 23797, 115.82895732092707, 115.82895732092707, 'SEARCH'
10, 23798, 115.84533180197108, 115.84533180197108, 'SEARCH'
10, 23799, 115.87304665182681, 115.87304665182681, 'SEARCH'
10, 23800, 115.87166410496867, 115.87166410496867, 'SEARCH'
10, 23801, 115.89851692378015, 115.89851692378015, 'SEARCH'
10, 23802, 115.89456366547535, 115.89456366547535, 'SEARCH'
10, 23803, 115.90489920563155, 115.90489920563155, 'SEARCH'
10, 23804, 115.92983732831458, 115.92983732831458, 'SEARCH'
10, 23805, 115.92495440917337, 115.92495440917337, 'SEARCH'
10, 23806, 115.94321428478109, 115.94321428478109, 'SEARCH'
10, 23807, 115.96753736549469, 115.96753736549469, 'SEARCH'
10, 23808, 115.98908362603784, 115.98908362603784, 'SEARCH'
10, 23809, 115.99204527653427, 115.99204527653427, 'SEARCH'
10, 23810, 116.0192990650091, 116.0192990650091, 'SEARCH'
10, 23811, 116.04356009815652, 116.04356009815652, 'SEARCH'
10, 23812, 116.05708381856532, 116.05708381856532, 'SEARCH'
10, 23813, 116.08482742917164, 116.08482742917164, 'SEARCH'
10, 23814, 116.10676487511722, 116.10676487511722, 'SEARCH'
10, 23815, 116.1339173616238, 116.1339173616238, 'SEARCH'
10, 23816, 116.15095124972369, 116.15095124972369, 'SEARCH'
10, 23817, 116.1775376497977, 116.1775376497977, 'SEARCH'
10, 23818, 116.18573729517108, 116.18573729517108, 'SEARCH'
10, 23819, 116.21152754264142, 116.21152754264142, 'SEARCH'
10, 23820, 116.21453066936171, 116.21453066936171, 'SEARCH'
10, 23821, 116.23283947047904, 116.23283947047904, 'SEARCH'
10, 23822, 116.22553123329718, 116.22553123329718, 'SEARCH'
10, 23823, 116.24656779404715, 116.24656779404715, 'SEARCH'
10, 23824, 116.26035275926084, 116.26035275926084, 'SEARCH'
10, 23825, 116.26336533929768, 116.26336533929768, 'SEARCH'
10, 23826, 116.2711393853362, 116.2711393853362, 'SEARCH'
10, 23827, 116.27913191107478, 116.27913191107478, 'SEARCH'
10, 23828, 116.28759858255488, 116.28759858255488, 'SEARCH'
10, 23829, 116.30798986373972, 116.30798986373972, 'SEARCH'
10, 23830, 116.3305335073922, 116.3305335073922, 'SEARCH'
10, 23831, 116.35705936909287, 116.35705936909287, 'SEARCH'
10, 23832, 116.38320514457472, 116.38320514457472, 'SEARCH'
10, 23833, 116.38355728637228, 116.38355728637228, 'SEARCH'
10, 23834, 116.39407428509581, 116.39407428509581, 'SEARCH'
10, 23835, 116.39614388837121, 116.39614388837121, 'SEARCH'
10, 23836, 116.41425813368193, 116.41425813368193, 'SEARCH'
10, 23837, 116.41536375077798, 116.41536375077798, 'SEARCH'
10, 23838, 116.44210612582317, 116.44210612582317, 'SEARCH'
10, 23839, 116.45830893605874, 116.45830893605874, 'SEARCH'
10, 23840, 116.4620319679902, 116.4620319679902, 'SEARCH'
10, 23841, 116.46981530958817, 116.46981530958817, 'SEARCH'
10, 23842, 116.49633674605248, 116.49633674605248, 'SEARCH'
10, 23843, 116.52371681846286, 116.52371681846286, 'SEARCH'
10, 23844, 116.51592046592832, 116.51592046592832, 'SEARCH'
10, 23845, 116.54321295512912, 116.54321295512912, 'SEARCH'
10, 23846, 116.56604532344068, 116.56604532344068, 'SEARCH'
10, 23847, 116.57120311833668, 116.57120311833668, 'SEARCH'
10, 23848, 116.57541719669578, 116.57541719669578, 'SEARCH'
10, 23849, 116.59692845410424, 116.59692845410424, 'SEARCH'
10, 23850, 116.5997188885234, 116.5997188885234, 'SEARCH'
10, 23851, 116.62721205224332, 116.62721205224332, 'SEARCH'
10, 23852, 116.65430039906886, 116.65430039906886, 'SEARCH'
10, 23853, 116.67031897934385, 116.67031897934385, 'SEARCH'
10, 23854, 116.69355193412639, 116.69355193412639, 'SEARCH'
10, 23855, 116.71716711682951, 116.71716711682951, 'SEARCH'
10, 23856, 116.74305731826203, 116.74305731826203, 'SEARCH'
10, 23857, 116.7390776602261, 116.7390776602261, 'SEARCH'
10, 23858, 116.74139685715107, 116.74139685715107, 'SEARCH'
10, 23859, 116.75645043518504, 116.75645043518504, 'SEARCH'
10, 23860, 116.76541852824603, 116.76541852824603, 'SEARCH'
10, 23861, 116.78257395235575, 116.78257395235575, 'SEARCH'
10, 23862, 116.79922784739476, 116.79922784739476, 'SEARCH'
10, 23863, 116.79385917874035, 116.79385917874035, 'SEARCH'
10, 23864, 116.82152622560413, 116.82152622560413, 'SEARCH'
10, 23865, 116.83588187637504, 116.83588187637504, 'SEARCH'
10, 23866, 116.84440022183429, 116.84440022183429, 'SEARCH'
10, 23867, 116.85011963336329, 116.85011963336329, 'SEARCH'
10, 23868, 116.85874624272456, 116.85874624272456, 'SEARCH'
10, 23869, 116.86505089270884, 116.86505089270884, 'SEARCH'
10, 23870, 116.8649807337246, 116.8649807337246, 'SEARCH'
10, 23871, 116.86974768620941, 116.86974768620941, 'SEARCH'
10, 23872, 116.89328059137638, 116.89328059137638, 'SEARCH'
10, 23873, 116.91254814486214, 116.91254814486214, 'SEARCH'
10, 23874, 116.91882737795723, 116.91882737795723, 'SEARCH'
10, 23875, 116.92652633060317, 116.92652633060317, 'SEARCH'
10, 23876, 116.9536852618127, 116.9536852618127, 'SEARCH'
10, 23877, 116.97468566720984, 116.97468566720984, 'SEARCH'
10, 23878, 116.97462100160887, 116.97462100160887, 'SEARCH'
10, 23879, 117.00236338144836, 117.00236338144836, 'SEARCH'
10, 23880, 117.02979067661143, 117.02979067661143, 'SEARCH'
10, 23881, 117.02208287683698, 117.02208287683698, 'SEARCH'
10, 23882, 117.01438718116042, 117.01438718116042, 'SEARCH'
10, 23883, 117.0393659834454, 117.0393659834454, 'SEARCH'
10, 23884, 117.03498614354775, 117.03498614354775, 'SEARCH'
10, 23885, 117.0440088118025, 117.0440088118025, 'SEARCH'
10, 23886, 117.06675701511438, 117.06675701511438, 'SEARCH'
10, 23887, 117.08229370407832, 117.08229370407832, 'SEARCH'
10, 23888, 117.10726703696868, 117.10726703696868, 'SEARCH'
10, 23889, 117.13353872020991, 117.13353872020991, 'SEARCH'
10, 23890, 117.16080082407888, 117.16080082407888, 'SEARCH'
10, 23891, 117.16511987125598, 117.16511987125598, 'SEARCH'
10, 23892, 117.19008010322094, 117.19008010322094, 'SEARCH'
10, 23893, 117.21664701870961, 117.21664701870961, 'SEARCH'
10, 23894, 117.2333521838787, 117.2333521838787, 'SEARCH'
10, 23895, 117.24054694407039, 117.24054694407039, 'SEARCH'
10, 23896, 117.24008036534957, 117.24008036534957, 'SEARCH'
10, 23897, 117.2572064566773, 117.2572064566773, 'SEARCH'
10, 23898, 117.26490326807, 117.26490326807, 'SEARCH'
10, 23899, 117.28614720974107, 117.28614720974107, 'SEARCH'
10, 23900, 117.31022709190587, 117.31022709190587, 'SEARCH'
10, 23901, 117.32921158081747, 117.32921158081747, 'SEARCH'
10, 23902, 117.35684392150922, 117.35684392150922, 'SEARCH'
10, 23903, 117.36112233614699, 117.36112233614699, 'SEARCH'
10, 23904, 117.38724379919452, 117.38724379919452, 'SEARCH'
10, 23905, 117.40614352167087, 117.40614352167087, 'SEARCH'
10, 23906, 117.43205742237136, 117.43205742237136, 'SEARCH'
10, 23907, 117.43394597413547, 117.43394597413547, 'SEARCH'
10, 23908, 117.45695433174286, 117.45695433174286, 'SEARCH'
10, 23909, 117.45692382181761, 117.45692382181761, 'SEARCH'
10, 23910, 117.48442880011638, 117.48442880011638, 'SEARCH'
10, 23911, 117.49615256595355, 117.49615256595355, 'SEARCH'
10, 23912, 117.52392622037603, 117.52392622037603, 'SEARCH'
10, 23913, 117.54251894922773, 117.54251894922773, 'SEARCH'
10, 23914, 117.5702967210414, 117.5702967210414, 'SEARCH'
10, 23915, 117.59639260008461, 117.59639260008461, 'SEARCH'
10, 23916, 117.6127332553683, 117.6127332553683, 'SEARCH'
10, 23917, 117.6204163915966, 117.6204163915966, 'SEARCH'
10, 23918, 117.64769148213978, 117.64769148213978, 'SEARCH'
10, 23919, 117.66990232660399, 117.66990232660399, 'SEARCH'
10, 23920, 117.69633687463276, 117.69633687463276, 'SEARCH'
10, 23921, 117.70014514985154, 117.70014514985154, 'SEARCH'
10, 23922, 117.72606154562739, 117.72606154562739, 'SEARCH'
10, 23923, 117.74767552737626, 117.74767552737626, 'SEARCH'
10, 23924, 117.77543813177098, 117.77543813177098, 'SEARCH'
10, 23925, 117.80171982709297, 117.80171982709297, 'SEARCH'
10, 23926, 117.82303654524968, 117.82303654524968, 'SEARCH'
10, 23927, 117.83769876291555, 117.83769876291555, 'SEARCH'
10, 23928, 117.86128625430396, 117.86128625430396, 'SEARCH'
10, 23929, 117.88724256154961, 117.88724256154961, 'SEARCH'
10, 23930, 117.90727397648699, 117.90727397648699, 'SEARCH'
10, 23931, 117.92950734696535, 117.92950734696535, 'SEARCH'
10, 23932, 117.95631504898485, 117.95631504898485, 'SEARCH'
10, 23933, 117.96122572886661, 117.96122572886661, 'SEARCH'
10, 23934, 117.97952603397553, 117.97952603397553, 'SEARCH'
10, 23935, 117.9939286149409, 117.9939286149409, 'SEARCH'
10, 23936, 118.00975966205384, 118.00975966205384, 'SEARCH'
10, 23937, 118.0373162553033, 118.0373162553033, 'SEARCH'
10, 23938, 118.06284114072231, 118.06284114072231, 'SEARCH'
10, 23939, 118.08479789815851, 118.08479789815851, 'SEARCH'
10, 23940, 118.10180561684129, 118.10180561684129, 'SEARCH'
10, 23941, 118.11822161176781, 118.11822161176781, 'SEARCH'
10, 23942, 118.14444637791158, 118.14444637791158, 'SEARCH'
10, 23943, 118.15885405534507, 118.15885405534507, 'SEARCH'
10, 23944, 118.18207947354395, 118.18207947354395, 'SEARCH'
10, 23945, 118.20128618578973, 118.20128618578973, 'SEARCH'
10, 23946, 118.22857542221098, 118.22857542221098, 'SEARCH'
10, 23947, 118.25633185585697, 118.25633185585697, 'SEARCH'
10, 23948, 118.25645214627613, 118.25645214627613, 'SEARCH'
10, 23949, 118.28400631320856, 118.28400631320856, 'SEARCH'
10, 23950, 118.2870421667188, 118.2870421667188, 'SEARCH'
10, 23951, 118.3126684818545, 118.3126684818545, 'SEARCH'
10, 23952, 118.31572361648693, 118.31572361648693, 'SEARCH'
10, 23953, 118.33370530105893, 118.33370530105893, 'SEARCH'
10, 23954, 118.35920545988547, 118.35920545988547, 'SEARCH'
10, 23955, 118.38689203771683, 118.38689203771683, 'SEARCH'
10, 23956, 118.40665726229648, 118.40665726229648, 'SEARCH'
10, 23957, 118.40598731946986, 118.40598731946986, 'SEARCH'
10, 23958, 118.43264106806662, 118.43264106806662, 'SEARCH'
10, 23959, 118.43474817922608, 118.43474817922608, 'SEARCH'
10, 23960, 118.44117496140032, 118.44117496140032, 'SEARCH'
10, 23961, 118.45003300935342, 118.45003300935342, 'SEARCH'
10, 23962, 118.45371654190788, 118.45371654190788, 'SEARCH'
10, 23963, 118.47357876903463, 118.47357876903463, 'SEARCH'
10, 23964, 118.47099512207238, 118.47099512207238, 'SEARCH'
10, 23965, 118.49153721778991, 118.49153721778991, 'SEARCH'
10, 23966, 118.48421023907963, 118.48421023907963, 'SEARCH'
10, 23967, 118.49428575580865, 118.49428575580865, 'SEARCH'
10, 23968, 118.5020789666651, 118.5020789666651, 'SEARCH'
10, 23969, 118.51525661913354, 118.51525661913354, 'SEARCH'
10, 23970, 118.52814954586232, 118.52814954586232, 'SEARCH'
10, 23971, 118.55042765124837, 118.55042765124837, 'SEARCH'
10, 23972, 118.57532121645892, 118.57532121645892, 'SEARCH'
10, 23973, 118.59700948795943, 118.59700948795943, 'SEARCH'
10, 23974, 118.59974376838849, 118.59974376838849, 'SEARCH'
10, 23975, 118.60183835485358, 118.60183835485358, 'SEARCH'
10, 23976, 118.60601532887019, 118.60601532887019, 'SEARCH'
10, 23977, 118.60488825130633, 118.60488825130633, 'SEARCH'
10, 23978, 118.6008791347911, 118.6008791347911, 'SEARCH'
10, 23979, 118.62733772076882, 118.62733772076882, 'SEARCH'
10, 23980, 118.62142858119034, 118.62142858119034, 'SEARCH'
10, 23981, 118.64876258107367, 118.64876258107367, 'SEARCH'
10, 23982, 118.65465805644169, 118.65465805644169, 'SEARCH'
10, 23983, 118.68080681962597, 118.68080681962597, 'SEARCH'
10, 23984, 118.67301408562504, 118.67301408562504, 'SEARCH'
10, 23985, 118.67459645093535, 118.67459645093535, 'SEARCH'
10, 23986, 118.69158610699303, 118.69158610699303, 'SEARCH'
10, 23987, 118.69074905712364, 118.69074905712364, 'SEARCH'
10, 23988, 118.69350790750501, 118.69350790750501, 'SEARCH'
10, 23989, 118.71531520378345, 118.71531520378345, 'SEARCH'
10, 23990, 118.74251181353655, 118.74251181353655, 'SEARCH'
10, 23991, 118.74793932589844, 118.74793932589844, 'SEARCH'
10, 23992, 118.76974029593578, 118.76974029593578, 'SEARCH'
10, 23993, 118.79464695059944, 118.79464695059944, 'SEARCH'
10, 23994, 118.81403727354257, 118.81403727354257, 'SEARCH'
10, 23995, 118.82822222334796, 118.82822222334796, 'SEARCH'
10, 23996, 118.85459962547904, 118.85459962547904, 'SEARCH'
10, 23997, 118.86144423787896, 118.86144423787896, 'SEARCH'
10, 23998, 118.86612837527376, 118.86612837527376, 'SEARCH'
10, 23999, 118.89387452857714, 118.89387452857714, 'SEARCH'
10, 24000, 118.91910478310557, 118.91910478310557, 'SEARCH'
10, 24001, 118.94077855932873, 118.94077855932873, 'SEARCH'
10, 24002, 118.95776416265453, 118.95776416265453, 'SEARCH'
10, 24003, 118.98150324082447, 118.98150324082447, 'SEARCH'
10, 24004, 118.99592278935944, 118.99592278935944, 'SEARCH'
10, 24005, 119.00464336110083, 119.00464336110083, 'SEARCH'
10, 24006, 119.03241372777028, 119.03241372777028, 'SEARCH'
10, 24007, 119.05088296153986, 119.05088296153986, 'SEARCH'
10, 24008, 119.05960850067181, 119.05960850067181, 'SEARCH'
10, 24009, 119.08597619440933, 119.08597619440933, 'SEARCH'
10, 24010, 119.11366170238745, 119.11366170238745, 'SEARCH'
10, 24011, 119.12655942703465, 119.12655942703465, 'SEARCH'
10, 24012, 119.1409951695956, 119.1409951695956, 'SEARCH'
10, 24013, 119.15982010127121, 119.15982010127121, 'SEARCH'
10, 24014, 119.18758591153417, 119.18758591153417, 'SEARCH'
10, 24015, 119.18452719099707, 119.18452719099707, 'SEARCH'
10, 24016, 119.1877706826659, 119.1877706826659, 'SEARCH'
10, 24017, 119.21099610555304, 119.21099610555304, 'SEARCH'
10, 24018, 119.23590807300144, 119.23590807300144, 'SEARCH'
10, 24019, 119.24483875511939, 119.24483875511939, 'SEARCH'
10, 24020, 119.27169758816088, 119.27169758816088, 'SEARCH'
10, 24021, 119.29671299210742, 119.29671299210742, 'SEARCH'
10, 24022, 119.29780140354528, 119.29780140354528, 'SEARCH'
10, 24023, 119.32417845061435, 119.32417845061435, 'SEARCH'
10, 24024, 119.33077272140775, 119.33077272140775, 'SEARCH'
10, 24025, 119.35843434828817, 119.35843434828817, 'SEARCH'
10, 24026, 119.38097578422901, 119.38097578422901, 'SEARCH'
10, 24027, 119.40795869526012, 119.40795869526012, 'SEARCH'
10, 24028, 119.40017649891013, 119.40017649891013, 'SEARCH'
10, 24029, 119.42417372488624, 119.42417372488624, 'SEARCH'
10, 24030, 119.45190733465253, 119.45190733465253, 'SEARCH'
10, 24031, 119.4558850412164, 119.4558850412164, 'SEARCH'
10, 24032, 119.48317626886927, 119.48317626886927, 'SEARCH'
10, 24033, 119.50272588728704, 119.50272588728704, 'SEARCH'
10, 24034, 119.50078820746081, 119.50078820746081, 'TRACK'
10, 24035, 119.49885052763459, 119.49885052763459, 'TRACK'
10, 24036, 119.51659211733535, 119.51659211733535, 'SEARCH'
10, 24037, 119.51465443750912, 119.51465443750912, 'TRACK'
10, 24038, 119.5127167576829, 119.5127167576829, 'TRACK'
10, 24039, 119.5404713668581, 119.5404713668581, 'SEARCH'
10, 24040, 119.5615439917288, 119.5615439917288, 'SEARCH'
10, 24041, 119.58383358836167, 119.58383358836167, 'SEARCH'
10, 24042, 119.60748787602442, 119.60748787602442, 'SEARCH'
10, 24043, 119.61680684256557, 119.61680684256557, 'SEARCH'
10, 24044, 119.64355787781862, 119.64355787781862, 'SEARCH'
10, 24045, 119.6637459508463, 119.6637459508463, 'SEARCH'
10, 24046, 119.69122806663226, 119.69122806663226, 'SEARCH'
10, 24047, 119.70958550605594, 119.70958550605594, 'SEARCH'
10, 24048, 119.71926293079147, 119.71926293079147, 'SEARCH'
10, 24049, 119.74628274079569, 119.74628274079569, 'SEARCH'
10, 24050, 119.77094157223878, 119.77094157223878, 'SEARCH'
10, 24051, 119.78671412105753, 119.78671412105753, 'SEARCH'
10, 24052, 119.7986208228388, 119.7986208228388, 'SEARCH'
10, 24053, 119.79217984136292, 119.79217984136292, 'SEARCH'
10, 24054, 119.79919112092504, 119.79919112092504, 'SEARCH'
10, 24055, 119.81653843953394, 119.81653843953394, 'SEARCH'
10, 24056, 119.83414536289628, 119.83414536289628, 'SEARCH'
10, 24057, 119.84691056277796, 119.84691056277796, 'SEARCH'
10, 24058, 119.87323494592555, 119.87323494592555, 'SEARCH'
10, 24059, 119.87207394701691, 119.87207394701691, 'SEARCH'
10, 24060, 119.89982800810469, 119.89982800810469, 'SEARCH'
10, 24061, 119.89340483728542, 119.89340483728542, 'SEARCH'
10, 24062, 119.91884813553911, 119.91884813553911, 'SEARCH'
10, 24063, 119.93969862139045, 119.93969862139045, 'SEARCH'
10, 24064, 119.96012612906763, 119.96012612906763, 'SEARCH'
10, 24065, 119.98691155476742, 119.98691155476742, 'SEARCH'
10, 24066, 120.01455470834537, 120.01455470834537, 'SEARCH'
10, 24067, 120.0274401241675, 120.0274401241675, 'SEARCH'
10, 24068, 120.05348593678767, 120.05348593678767, 'SEARCH'
10, 24069, 120.0719526724024, 120.0719526724024, 'SEARCH'
10, 24070, 120.0900612852531, 120.0900612852531, 'SEARCH'
10, 24071, 120.08273368813212, 120.08273368813212, 'SEARCH'
10, 24072, 120.10361242945518, 120.10361242945518, 'SEARCH'
10, 24073, 120.11884355601528, 120.11884355601528, 'SEARCH'
10, 24074, 120.11994701829386, 120.11994701829386, 'SEARCH'
10, 24075, 120.13181999737117, 120.13181999737117, 'SEARCH'
10, 24076, 120.15914747233387, 120.15914747233387, 'SEARCH'
10, 24077, 120.15785288602689, 120.15785288602689, 'SEARCH'
10, 24078, 120.18538383720268, 120.18538383720268, 'SEARCH'
10, 24079, 120.19274308941492, 120.19274308941492, 'SEARCH'
10, 24080, 120.21838604291996, 120.21838604291996, 'SEARCH'
10, 24081, 120.22770232416917, 120.22770232416917, 'SEARCH'
10, 24082, 120.25402596597269, 120.25402596597269, 'SEARCH'
10, 24083, 120.26515089548548, 120.26515089548548, 'SEARCH'
10, 24084, 120.27672898303078, 120.27672898303078, 'SEARCH'
10, 24085, 120.28831760357082, 120.28831760357082, 'SEARCH'
10, 24086, 120.31040857579697, 120.31040857579697, 'SEARCH'
10, 24087, 120.32815048868298, 120.32815048868298, 'SEARCH'
10, 24088, 120.3464784039271, 120.3464784039271, 'SEARCH'
10, 24089, 120.35808235541572, 120.35808235541572, 'SEARCH'
10, 24090, 120.37692584851234, 120.37692584851234, 'SEARCH'
10, 24091, 120.39153646967323, 120.39153646967323, 'SEARCH'
10, 24092, 120.40183262380242, 120.40183262380242, 'SEARCH'
10, 24093, 120.41366811442037, 120.41366811442037, 'SEARCH'
10, 24094, 120.44128103682799, 120.44128103682799, 'SEARCH'
10, 24095, 120.4526878298881, 120.4526878298881, 'SEARCH'
10, 24096, 120.46833009065926, 120.46833009065926, 'SEARCH'
10, 24097, 120.47584833489692, 120.47584833489692, 'SEARCH'
10, 24098, 120.49488850273352, 120.49488850273352, 'SEARCH'
10, 24099, 120.49696788763985, 120.49696788763985, 'SEARCH'
10, 24100, 120.50194464890247, 120.50194464890247, 'SEARCH'
10, 24101, 120.52793758664814, 120.52793758664814, 'SEARCH'
10, 24102, 120.55303819697481, 120.55303819697481, 'SEARCH'
10, 24103, 120.54804640152682, 120.54804640152682, 'SEARCH'
10, 24104, 120.56779921954735, 120.56779921954735, 'SEARCH'
10, 24105, 120.57482629635577, 120.57482629635577, 'SEARCH'
10, 24106, 120.57901829848306, 120.57901829848306, 'SEARCH'
10, 24107, 120.60625824694418, 120.60625824694418, 'SEARCH'
10, 24108, 120.62509933400115, 120.62509933400115, 'SEARCH'
10, 24109, 120.65285527004774, 120.65285527004774, 'SEARCH'
10, 24110, 120.67421949826114, 120.67421949826114, 'SEARCH'
10, 24111, 120.70196631204625, 120.70196631204625, 'SEARCH'
10, 24112, 120.72888355551478, 120.72888355551478, 'SEARCH'
10, 24113, 120.74205050379659, 120.74205050379659, 'SEARCH'
10, 24114, 120.74092556355411, 120.74092556355411, 'SEARCH'
10, 24115, 120.76795909724261, 120.76795909724261, 'SEARCH'
10, 24116, 120.78932805857414, 120.78932805857414, 'SEARCH'
10, 24117, 120.79044755627696, 120.79044755627696, 'SEARCH'
10, 24118, 120.81130389566634, 120.81130389566634, 'SEARCH'
10, 24119, 120.81163274656535, 120.81163274656535, 'SEARCH'
10, 24120, 120.813428341306, 120.813428341306, 'SEARCH'
10, 24121, 120.82866519798186, 120.82866519798186, 'SEARCH'
10, 24122, 120.83334971150171, 120.83334971150171, 'SEARCH'
10, 24123, 120.84607447559739, 120.84607447559739, 'SEARCH'
10, 24124, 120.85544264859298, 120.85544264859298, 'SEARCH'
10, 24125, 120.86390417553557, 120.86390417553557, 'SEARCH'
10, 24126, 120.8604038178727, 120.8604038178727, 'SEARCH'
10, 24127, 120.86437104592915, 120.86437104592915, 'SEARCH'
10, 24128, 120.88060443689503, 120.88060443689503, 'SEARCH'
10, 24129, 120.87472563801488, 120.87472563801488, 'SEARCH'
10, 24130, 120.89189993424371, 120.89189993424371, 'SEARCH'
10, 24131, 120.91056392621121, 120.91056392621121, 'SEARCH'
10, 24132, 120.92578901639914, 120.92578901639914, 'SEARCH'
10, 24133, 120.93894196211181, 120.93894196211181, 'SEARCH'
10, 24134, 120.96044111968695, 120.96044111968695, 'SEARCH'
10, 24135, 120.98149184064859, 120.98149184064859, 'SEARCH'
10, 24136, 120.99131350450548, 120.99131350450548, 'SEARCH'
10, 24137, 121.01612248850739, 121.01612248850739, 'SEARCH'
10, 24138, 121.01404758383143, 121.01404758383143, 'SEARCH'
10, 24139, 121.03571272482517, 121.03571272482517, 'SEARCH'
10, 24140, 121.05658899916105, 121.05658899916105, 'SEARCH'
10, 24141, 121.06389977869728, 121.06389977869728, 'SEARCH'
10, 24142, 121.0910991580145, 121.0910991580145, 'SEARCH'
10, 24143, 121.09289366105499, 121.09289366105499, 'SEARCH'
10, 24144, 121.09034319933129, 121.09034319933129, 'SEARCH'
10, 24145, 121.1121606103057, 121.1121606103057, 'SEARCH'
10, 24146, 121.13427916136254, 121.13427916136254, 'SEARCH'
10, 24147, 121.14109806933199, 121.14109806933199, 'SEARCH'
10, 24148, 121.1563236889898, 121.1563236889898, 'SEARCH'
10, 24149, 121.17955026206556, 121.17955026206556, 'SEARCH'
10, 24150, 121.18638816627055, 121.18638816627055, 'SEARCH'
10, 24151, 121.20321297489065, 121.20321297489065, 'SEARCH'
10, 24152, 121.21464527083702, 121.21464527083702, 'SEARCH'
10, 24153, 121.21738967784619, 121.21738967784619, 'SEARCH'
10, 24154, 121.21850554713089, 121.21850554713089, 'SEARCH'
10, 24155, 121.23936421574429, 121.23936421574429, 'SEARCH'
10, 24156, 121.26697348161993, 121.26697348161993, 'SEARCH'
10, 24157, 121.28935627851844, 121.28935627851844, 'SEARCH'
10, 24158, 121.3051695650946, 121.3051695650946, 'SEARCH'
10, 24159, 121.31936021334545, 121.31936021334545, 'SEARCH'
10, 24160, 121.31681562687199, 121.31681562687199, 'SEARCH'
10, 24161, 121.33548442302471, 121.33548442302471, 'SEARCH'
10, 24162, 121.33609065346118, 121.33609065346118, 'SEARCH'
10, 24163, 121.36333195670124, 121.36333195670124, 'SEARCH'
10, 24164, 121.39071067634256, 121.39071067634256, 'SEARCH'
10, 24165, 121.40301134830928, 121.40301134830928, 'SEARCH'
10, 24166, 121.40219259336483, 121.40219259336483, 'SEARCH'
10, 24167, 121.4067003069695, 121.4067003069695, 'SEARCH'
10, 24168, 121.43114247075388, 121.43114247075388, 'SEARCH'
10, 24169, 121.43613632638788, 121.43613632638788, 'SEARCH'
10, 24170, 121.46366914616493, 121.46366914616493, 'SEARCH'
10, 24171, 121.49139825536567, 121.49139825536567, 'SEARCH'
10, 24172, 121.50984295087498, 121.50984295087498, 'SEARCH'
10, 24173, 121.530363907113, 121.530363907113, 'SEARCH'
10, 24174, 121.53150668758977, 121.53150668758977, 'SEARCH'
10, 24175, 121.53518707666503, 121.53518707666503, 'SEARCH'
10, 24176, 121.55280296304575, 121.55280296304575, 'SEARCH'
10, 24177, 121.55648515280706, 121.55648515280706, 'SEARCH'
10, 24178, 121.5534105544384, 121.5534105544384, 'SEARCH'
10, 24179, 121.58020044791569, 121.58020044791569, 'SEARCH'
10, 24180, 121.59422424542717, 121.59422424542717, 'SEARCH'
10, 24181, 121.62191051129474, 121.62191051129474, 'SEARCH'
10, 24182, 121.62690269585721, 121.62690269585721, 'SEARCH'
10, 24183, 121.63190846944325, 121.63190846944325, 'SEARCH'
10, 24184, 121.64249840219566, 121.64249840219566, 'SEARCH'
10, 24185, 121.65657070925907, 121.65657070925907, 'SEARCH'
10, 24186, 121.6715104443839, 121.6715104443839, 'SEARCH'
10, 24187, 121.67226582902175, 121.67226582902175, 'SEARCH'
10, 24188, 121.69755991142763, 121.69755991142763, 'SEARCH'
10, 24189, 121.71042728226571, 121.71042728226571, 'SEARCH'
10, 24190, 121.71872511266523, 121.71872511266523, 'SEARCH'
10, 24191, 121.72421984193863, 121.72421984193863, 'SEARCH'
10, 24192, 121.72739450863777, 121.72739450863777, 'SEARCH'
10, 24193, 121.7534285036837, 121.7534285036837, 'SEARCH'
10, 24194, 121.78063918395574, 121.78063918395574, 'SEARCH'
10, 24195, 121.78716549764994, 121.78716549764994, 'SEARCH'
10, 24196, 121.79557179389549, 121.79557179389549, 'SEARCH'
10, 24197, 121.80802758126596, 121.80802758126596, 'SEARCH'
10, 24198, 121.81221280706997, 121.81221280706997, 'SEARCH'
10, 24199, 121.8167049908121, 121.8167049908121, 'SEARCH'
10, 24200, 121.83657339131616, 121.83657339131616, 'SEARCH'
10, 24201, 121.84592909845806, 121.84592909845806, 'SEARCH'
10, 24202, 121.87369981579202, 121.87369981579202, 'SEARCH'
10, 24203, 121.89664853221768, 121.89664853221768, 'SEARCH'
10, 24204, 121.92434881279128, 121.92434881279128, 'SEARCH'
10, 24205, 121.91986848679875, 121.91986848679875, 'SEARCH'
10, 24206, 121.93236983707386, 121.93236983707386, 'SEARCH'
10, 24207, 121.95209007425633, 121.95209007425633, 'SEARCH'
10, 24208, 121.95962941640504, 121.95962941640504, 'SEARCH'
10, 24209, 121.98687583430468, 121.98687583430468, 'SEARCH'
10, 24210, 121.99851747571394, 121.99851747571394, 'SEARCH'
10, 24211, 122.01034363384456, 122.01034363384456, 'SEARCH'
10, 24212, 122.01505981579197, 122.01505981579197, 'SEARCH'
10, 24213, 122.03284169769391, 122.03284169769391, 'SEARCH'
10, 24214, 122.04962729830697, 122.04962729830697, 'SEARCH'
10, 24215, 122.06127793224229, 122.06127793224229, 'SEARCH'
10, 24216, 122.05973839124233, 122.05973839124233, 'SEARCH'
10, 24217, 122.08399842216724, 122.08399842216724, 'SEARCH'
10, 24218, 122.10299139164647, 122.10299139164647, 'SEARCH'
10, 24219, 122.13036053885766, 122.13036053885766, 'SEARCH'
10, 24220, 122.1543759464489, 122.1543759464489, 'SEARCH'
10, 24221, 122.1814246270299, 122.1814246270299, 'SEARCH'
10, 24222, 122.1999564510956, 122.1999564510956, 'SEARCH'
10, 24223, 122.20086118056184, 122.20086118056184, 'SEARCH'
10, 24224, 122.22804247884245, 122.22804247884245, 'SEARCH'
10, 24225, 122.25520171476296, 122.25520171476296, 'SEARCH'
10, 24226, 122.26829001402615, 122.26829001402615, 'SEARCH'
10, 24227, 122.29602615071822, 122.29602615071822, 'SEARCH'
10, 24228, 122.30328071590273, 122.30328071590273, 'SEARCH'
10, 24229, 122.31874636825023, 122.31874636825023, 'SEARCH'
10, 24230, 122.34533093691809, 122.34533093691809, 'SEARCH'
10, 24231, 122.34864069375462, 122.34864069375462, 'SEARCH'
10, 24232, 122.34519352893358, 122.34519352893358, 'SEARCH'
10, 24233, 122.34524187201959, 122.34524187201959, 'SEARCH'
10, 24234, 122.3730195799267, 122.3730195799267, 'SEARCH'
10, 24235, 122.37356812929418, 122.37356812929418, 'SEARCH'
10, 24236, 122.38021270410438, 122.38021270410438, 'SEARCH'
10, 24237, 122.38014814160724, 122.38014814160724, 'SEARCH'
10, 24238, 122.38444356633235, 122.38444356633235, 'SEARCH'
10, 24239, 122.38440654342624, 122.38440654342624, 'SEARCH'
10, 24240, 122.41051699100075, 122.41051699100075, 'SEARCH'
10, 24241, 122.42400946700123, 122.42400946700123, 'SEARCH'
10, 24242, 122.44701469025328, 122.44701469025328, 'SEARCH'
10, 24243, 122.43979093949493, 122.43979093949493, 'SEARCH'
10, 24244, 122.46741880334442, 122.46741880334442, 'SEARCH'
10, 24245, 122.46020564092925, 122.46020564092925, 'SEARCH'
10, 24246, 122.45777400016803, 122.45777400016803, 'SEARCH'
10, 24247, 122.48207062988268, 122.48207062988268, 'SEARCH'
10, 24248, 122.50659278235422, 122.50659278235422, 'SEARCH'
10, 24249, 122.53402872665114, 122.53402872665114, 'SEARCH'
10, 24250, 122.53403046812556, 122.53403046812556, 'SEARCH'
10, 24251, 122.55498428403996, 122.55498428403996, 'SEARCH'
10, 24252, 122.5827237077871, 122.5827237077871, 'SEARCH'
10, 24253, 122.60989380067295, 122.60989380067295, 'SEARCH'
10, 24254, 122.63767157842815, 122.63767157842815, 'SEARCH'
10, 24255, 122.66069894844348, 122.66069894844348, 'SEARCH'
10, 24256, 122.68345085753981, 122.68345085753981, 'SEARCH'
10, 24257, 122.71116060444938, 122.71116060444938, 'SEARCH'
10, 24258, 122.7356842371464, 122.7356842371464, 'SEARCH'
10, 24259, 122.76312009162011, 122.76312009162011, 'SEARCH'
10, 24260, 122.76312418331776, 122.76312418331776, 'SEARCH'
10, 24261, 122.7806194159701, 122.7806194159701, 'SEARCH'
10, 24262, 122.80600787830703, 122.80600787830703, 'SEARCH'
10, 24263, 122.82034628760012, 122.82034628760012, 'SEARCH'
10, 24264, 122.83502388897219, 122.83502388897219, 'SEARCH'
10, 24265, 122.86186517303041, 122.86186517303041, 'SEARCH'
10, 24266, 122.88953339085067, 122.88953339085067, 'SEARCH'
10, 24267, 122.90218352201404, 122.90218352201404, 'SEARCH'
10, 24268, 122.92490480398907, 122.92490480398907, 'SEARCH'
10, 24269, 122.93615692007418, 122.93615692007418, 'SEARCH'
10, 24270, 122.95049624476944, 122.95049624476944, 'SEARCH'
10, 24271, 122.95726581293172, 122.95726581293172, 'SEARCH'
10, 24272, 122.9842341472825, 122.9842341472825, 'SEARCH'
10, 24273, 122.99007788335958, 122.99007788335958, 'SEARCH'
10, 24274, 123.0144135286759, 123.0144135286759, 'SEARCH'
10, 24275, 123.02518220925205, 123.02518220925205, 'SEARCH'
10, 24276, 123.02623139042885, 123.02623139042885, 'SEARCH'
10, 24277, 123.02565263733872, 123.02565263733872, 'SEARCH'
10, 24278, 123.02991918178758, 123.02991918178758, 'SEARCH'
10, 24279, 123.03480781613025, 123.03480781613025, 'SEARCH'
10, 24280, 123.03666541100596, 123.03666541100596, 'SEARCH'
10, 24281, 123.02894513515278, 123.02894513515278, 'SEARCH'
10, 24282, 123.03034670859044, 123.03034670859044, 'SEARCH'
10, 24283, 123.05165027490966, 123.05165027490966, 'SEARCH'
10, 24284, 123.04488321115431, 123.04488321115431, 'SEARCH'
10, 24285, 123.04443279578722, 123.04443279578722, 'SEARCH'
10, 24286, 123.07112110257731, 123.07112110257731, 'SEARCH'
10, 24287, 123.0924296679584, 123.0924296679584, 'SEARCH'
10, 24288, 123.10333507528671, 123.10333507528671, 'SEARCH'
10, 24289, 123.11674085547521, 123.11674085547521, 'SEARCH'
10, 24290, 123.14447745748231, 123.14447745748231, 'SEARCH'
10, 24291, 123.15207736336461, 123.15207736336461, 'SEARCH'
10, 24292, 123.17935347633978, 123.17935347633978, 'SEARCH'
10, 24293, 123.20691807566033, 123.20691807566033, 'SEARCH'
10, 24294, 123.20638363295045, 123.20638363295045, 'SEARCH'
10, 24295, 123.22535394507499, 123.22535394507499, 'SEARCH'
10, 24296, 123.2505489242544, 123.2505489242544, 'SEARCH'
10, 24297, 123.27804877516266, 123.27804877516266, 'SEARCH'
10, 24298, 123.29960232757831, 123.29960232757831, 'SEARCH'
10, 24299, 123.32151975606064, 123.32151975606064, 'SEARCH'
10, 24300, 123.34877646642072, 123.34877646642072, 'SEARCH'
10, 24301, 123.35923281076418, 123.35923281076418, 'SEARCH'
10, 24302, 123.38628318863024, 123.38628318863024, 'SEARCH'
10, 24303, 123.3958463098333, 123.3958463098333, 'SEARCH'
10, 24304, 123.41437337596902, 123.41437337596902, 'SEARCH'
10, 24305, 123.43846501487837, 123.43846501487837, 'SEARCH'
10, 24306, 123.45446261266775, 123.45446261266775, 'SEARCH'
10, 24307, 123.4796765133463, 123.4796765133463, 'SEARCH'
10, 24308, 123.49760763496806, 123.49760763496806, 'SEARCH'
10, 24309, 123.50944765348376, 123.50944765348376, 'SEARCH'
10, 24310, 123.52194727766923, 123.52194727766923, 'SEARCH'
10, 24311, 123.54756066518412, 123.54756066518412, 'SEARCH'
10, 24312, 123.57386376895084, 123.57386376895084, 'SEARCH'
10, 24313, 123.59966569327567, 123.59966569327567, 'SEARCH'
10, 24314, 123.62626812937589, 123.62626812937589, 'SEARCH'
10, 24315, 123.65404556416874, 123.65404556416874, 'SEARCH'
10, 24316, 123.664580551931, 123.664580551931, 'SEARCH'
10, 24317, 123.67875548915637, 123.67875548915637, 'SEARCH'
10, 24318, 123.67716004995826, 123.67716004995826, 'SEARCH'
10, 24319, 123.70425428384706, 123.70425428384706, 'SEARCH'
10, 24320, 123.73171044056731, 123.73171044056731, 'SEARCH'
10, 24321, 123.75823440332726, 123.75823440332726, 'SEARCH'
10, 24322, 123.78004134870493, 123.78004134870493, 'SEARCH'
10, 24323, 123.77919738945887, 123.77919738945887, 'SEARCH'
10, 24324, 123.80507974778992, 123.80507974778992, 'SEARCH'
10, 24325, 123.83283552198581, 123.83283552198581, 'SEARCH'
10, 24326, 123.83731626611058, 123.83731626611058, 'SEARCH'
10, 24327, 123.8643051728718, 123.8643051728718, 'SEARCH'
10, 24328, 123.88867561603055, 123.88867561603055, 'SEARCH'
10, 24329, 123.9019982570142, 123.9019982570142, 'SEARCH'
10, 24330, 123.9104365387406, 123.9104365387406, 'SEARCH'
10, 24331, 123.93595121798705, 123.93595121798705, 'SEARCH'
10, 24332, 123.96328314254961, 123.96328314254961, 'SEARCH'
10, 24333, 123.97852458161829, 123.97852458161829, 'SEARCH'
10, 24334, 123.98951369115959, 123.98951369115959, 'SEARCH'
10, 24335, 124.00477746417491, 124.00477746417491, 'SEARCH'
10, 24336, 124.03143067646359, 124.03143067646359, 'SEARCH'
10, 24337, 124.0467031201243, 124.0467031201243, 'SEARCH'
10, 24338, 124.07391163669233, 124.07391163669233, 'SEARCH'
10, 24339, 124.09077921622482, 124.09077921622482, 'SEARCH'
10, 24340, 124.1172589783971, 124.1172589783971, 'SEARCH'
10, 24341, 124.14503536939831, 124.14503536939831, 'SEARCH'
10, 24342, 124.16873724901232, 124.16873724901232, 'SEARCH'
10, 24343, 124.17977735261836, 124.17977735261836, 'SEARCH'
10, 24344, 124.20752756165817, 124.20752756165817, 'SEARCH'
10, 24345, 124.21064887138233, 124.21064887138233, 'SEARCH'
10, 24346, 124.23268107558413, 124.23268107558413, 'SEARCH'
10, 24347, 124.25834392037987, 124.25834392037987, 'SEARCH'
10, 24348, 124.27849130571056, 124.27849130571056, 'SEARCH'
10, 24349, 124.30290688723113, 124.30290688723113, 'SEARCH'
10, 24350, 124.31031406334652, 124.31031406334652, 'SEARCH'
10, 24351, 124.32271133607526, 124.32271133607526, 'SEARCH'
10, 24352, 124.32587266382325, 124.32587266382325, 'SEARCH'
10, 24353, 124.35188030298748, 124.35188030298748, 'SEARCH'
10, 24354, 124.37771498470696, 124.37771498470696, 'SEARCH'
10, 24355, 124.3813646673501, 124.3813646673501, 'SEARCH'
10, 24356, 124.39247653592886, 124.39247653592886, 'SEARCH'
10, 24357, 124.38500251477367, 124.38500251477367, 'SEARCH'
10, 24358, 124.39285512609713, 124.39285512609713, 'SEARCH'
10, 24359, 124.40255982006296, 124.40255982006296, 'SEARCH'
10, 24360, 124.42516724337172, 124.42516724337172, 'SEARCH'
10, 24361, 124.42734187399809, 124.42734187399809, 'SEARCH'
10, 24362, 124.43336337141754, 124.43336337141754, 'SEARCH'
10, 24363, 124.45728567931188, 124.45728567931188, 'SEARCH'
10, 24364, 124.4784174951198, 124.4784174951198, 'SEARCH'
10, 24365, 124.50554172940069, 124.50554172940069, 'SEARCH'
10, 24366, 124.52759405258072, 124.52759405258072, 'SEARCH'
10, 24367, 124.52448105388042, 124.52448105388042, 'SEARCH'
10, 24368, 124.55065003158265, 124.55065003158265, 'SEARCH'
10, 24369, 124.56264471063557, 124.56264471063557, 'SEARCH'
10, 24370, 124.56870801265258, 124.56870801265258, 'SEARCH'
10, 24371, 124.59635148640388, 124.59635148640388, 'SEARCH'
10, 24372, 124.62388331040937, 124.62388331040937, 'SEARCH'
10, 24373, 124.65136471751671, 124.65136471751671, 'SEARCH'
10, 24374, 124.67574757069421, 124.67574757069421, 'SEARCH'
10, 24375, 124.67884073921454, 124.67884073921454, 'SEARCH'
10, 24376, 124.67669824481746, 124.67669824481746, 'SEARCH'
10, 24377, 124.69432717352369, 124.69432717352369, 'SEARCH'
10, 24378, 124.69549947043255, 124.69549947043255, 'SEARCH'
10, 24379, 124.7205606119254, 124.7205606119254, 'SEARCH'
10, 24380, 124.72846622017892, 124.72846622017892, 'SEARCH'
10, 24381, 124.74988082513238, 124.74988082513238, 'SEARCH'
10, 24382, 124.76933629873542, 124.76933629873542, 'SEARCH'
10, 24383, 124.79136879246654, 124.79136879246654, 'SEARCH'
10, 24384, 124.80710380386606, 124.80710380386606, 'SEARCH'
10, 24385, 124.82034521029286, 124.82034521029286, 'SEARCH'
10, 24386, 124.84781746516848, 124.84781746516848, 'SEARCH'
10, 24387, 124.86894131191454, 124.86894131191454, 'SEARCH'
10, 24388, 124.87494082980082, 124.87494082980082, 'SEARCH'
10, 24389, 124.8898665825352, 124.8898665825352, 'SEARCH'
10, 24390, 124.91759329972338, 124.91759329972338, 'SEARCH'
10, 24391, 124.93870817238438, 124.93870817238438, 'SEARCH'
10, 24392, 124.95852124498322, 124.95852124498322, 'SEARCH'
10, 24393, 124.96404957185318, 124.96404957185318, 'SEARCH'
10, 24394, 124.99126874365805, 124.99126874365805, 'SEARCH'
10, 24395, 124.999625042251, 124.999625042251, 'SEARCH'
10, 24396, 125.01908190575578, 125.01908190575578, 'SEARCH'
10, 24397, 125.03480823119628, 125.03480823119628, 'SEARCH'
10, 24398, 125.05742395733793, 125.05742395733793, 'SEARCH'
10, 24399, 125.06483801596185, 125.06483801596185, 'SEARCH'
10, 24400, 125.08016542749876, 125.08016542749876, 'SEARCH'
10, 24401, 125.10634780649774, 125.10634780649774, 'SEARCH'
10, 24402, 125.12287079562151, 125.12287079562151, 'SEARCH'
10, 24403, 125.14604144354342, 125.14604144354342, 'SEARCH'
10, 24404, 125.17281495133544, 125.17281495133544, 'SEARCH'
10, 24405, 125.17351409067676, 125.17351409067676, 'SEARCH'
10, 24406, 125.1823407770922, 125.1823407770922, 'SEARCH'
10, 24407, 125.20316353271731, 125.20316353271731, 'SEARCH'
10, 24408, 125.2137577460458, 125.2137577460458, 'SEARCH'
10, 24409, 125.23663547126658, 125.23663547126658, 'SEARCH'
10, 24410, 125.26327472246956, 125.26327472246956, 'SEARCH'
10, 24411, 125.26973527887772, 125.26973527887772, 'SEARCH'
10, 24412, 125.27623036539235, 125.27623036539235, 'SEARCH'
10, 24413, 125.29990147986122, 125.29990147986122, 'SEARCH'
10, 24414, 125.3140163379858, 125.3140163379858, 'SEARCH'
10, 24415, 125.32006055197992, 125.32006055197992, 'SEARCH'
10, 24416, 125.31986568085158, 125.31986568085158, 'SEARCH'
10, 24417, 125.33758251273593, 125.33758251273593, 'SEARCH'
10, 24418, 125.35927505045294, 125.35927505045294, 'SEARCH'
10, 24419, 125.35272549148306, 125.35272549148306, 'SEARCH'
10, 24420, 125.36967683580009, 125.36967683580009, 'SEARCH'
10, 24421, 125.38919272119418, 125.38919272119418, 'SEARCH'
10, 24422, 125.4166020700656, 125.4166020700656, 'SEARCH'
10, 24423, 125.44406270052339, 125.44406270052339, 'SEARCH'
10, 24424, 125.45249200052106, 125.45249200052106, 'SEARCH'
10, 24425, 125.47780782572674, 125.47780782572674, 'SEARCH'
10, 24426, 125.49629047421524, 125.49629047421524, 'SEARCH'
10, 24427, 125.51977935992632, 125.51977935992632, 'SEARCH'
10, 24428, 125.52159881614696, 125.52159881614696, 'SEARCH'
10, 24429, 125.54673006079777, 125.54673006079777, 'SEARCH'
10, 24430, 125.57244914988678, 125.57244914988678, 'SEARCH'
10, 24431, 125.59428372924411, 125.59428372924411, 'SEARCH'
10, 24432, 125.62000952308426, 125.62000952308426, 'SEARCH'
10, 24433, 125.64307783339738, 125.64307783339738, 'SEARCH'
10, 24434, 125.66807822152546, 125.66807822152546, 'SEARCH'
10, 24435, 125.67612083917828, 125.67612083917828, 'SEARCH'
10, 24436, 125.69805163163232, 125.69805163163232, 'SEARCH'
10, 24437, 125.69958067374813, 125.69958067374813, 'SEARCH'
10, 24438, 125.72318517757644, 125.72318517757644, 'SEARCH'
10, 24439, 125.72425094009284, 125.72425094009284, 'SEARCH'
10, 24440, 125.74397123683596, 125.74397123683596, 'SEARCH'
10, 24441, 125.77138793815372, 125.77138793815372, 'SEARCH'
10, 24442, 125.77752326622588, 125.77752326622588, 'SEARCH'
10, 24443, 125.79976843864942, 125.79976843864942, 'SEARCH'
10, 24444, 125.79221653100396, 125.79221653100396, 'SEARCH'
10, 24445, 125.80250754572297, 125.80250754572297, 'SEARCH'
10, 24446, 125.82936686592528, 125.82936686592528, 'SEARCH'
10, 24447, 125.83334292248293, 125.83334292248293, 'SEARCH'
10, 24448, 125.84669976447006, 125.84669976447006, 'SEARCH'
10, 24449, 125.86805048610282, 125.86805048610282, 'SEARCH'
10, 24450, 125.89581527099762, 125.89581527099762, 'SEARCH'
10, 24451, 125.92358001589692, 125.92358001589692, 'SEARCH'
10, 24452, 125.93714948863428, 125.93714948863428, 'SEARCH'
10, 24453, 125.96491456323281, 125.96491456323281, 'SEARCH'
10, 24454, 125.97763950992567, 125.97763950992567, 'SEARCH'
10, 24455, 125.97874950128062, 125.97874950128062, 'SEARCH'
10, 24456, 125.97218042949446, 125.97218042949446, 'SEARCH'
10, 24457, 125.96704755038297, 125.96704755038297, 'SEARCH'
10, 24458, 125.99193222870691, 125.99193222870691, 'SEARCH'
10, 24459, 126.01558254286687, 126.01558254286687, 'SEARCH'
10, 24460, 126.02536562875252, 126.02536562875252, 'SEARCH'
10, 24461, 126.05312007467423, 126.05312007467423, 'SEARCH'
10, 24462, 126.07354871902247, 126.07354871902247, 'SEARCH'
10, 24463, 126.06889804714562, 126.06889804714562, 'SEARCH'
10, 24464, 126.06967708445856, 126.06967708445856, 'SEARCH'
10, 24465, 126.07467337785441, 126.07467337785441, 'SEARCH'
10, 24466, 126.10213822912952, 126.10213822912952, 'SEARCH'
10, 24467, 126.12702067184587, 126.12702067184587, 'SEARCH'
10, 24468, 126.14966989522037, 126.14966989522037, 'SEARCH'
10, 24469, 126.17566387055696, 126.17566387055696, 'SEARCH'
10, 24470, 126.19859394067875, 126.19859394067875, 'SEARCH'
10, 24471, 126.21582605424992, 126.21582605424992, 'SEARCH'
10, 24472, 126.24360212153599, 126.24360212153599, 'SEARCH'
10, 24473, 126.26750196693162, 126.26750196693162, 'SEARCH'
10, 24474, 126.28368246511033, 126.28368246511033, 'SEARCH'
10, 24475, 126.30091616387192, 126.30091616387192, 'SEARCH'
10, 24476, 126.3128171704108, 126.3128171704108, 'SEARCH'
10, 24477, 126.33881793913027, 126.33881793913027, 'SEARCH'
10, 24478, 126.3485015692348, 126.3485015692348, 'SEARCH'
10, 24479, 126.37113553046407, 126.37113553046407, 'SEARCH'
10, 24480, 126.39890490601331, 126.39890490601331, 'SEARCH'
10, 24481, 126.42374359400446, 126.42374359400446, 'SEARCH'
10, 24482, 126.45097185076841, 126.45097185076841, 'SEARCH'
10, 24483, 126.45788270071917, 126.45788270071917, 'SEARCH'
10, 24484, 126.48565912870998, 126.48565912870998, 'SEARCH'
10, 24485, 126.51312689148644, 126.51312689148644, 'SEARCH'
10, 24486, 126.51437099962354, 126.51437099962354, 'SEARCH'
10, 24487, 126.52680799588668, 126.52680799588668, 'SEARCH'
10, 24488, 126.54765328936668, 126.54765328936668, 'SEARCH'
10, 24489, 126.55500601980624, 126.55500601980624, 'SEARCH'
10, 24490, 126.5800523304855, 126.5800523304855, 'SEARCH'
10, 24491, 126.60510078096047, 126.60510078096047, 'SEARCH'
10, 24492, 126.61200813192342, 126.61200813192342, 'SEARCH'
10, 24493, 126.62260587995256, 126.62260587995256, 'SEARCH'
10, 24494, 126.63991492624828, 126.63991492624828, 'SEARCH'
10, 24495, 126.66004037973029, 126.66004037973029, 'SEARCH'
10, 24496, 126.67024463349439, 126.67024463349439, 'SEARCH'
10, 24497, 126.68346374564932, 126.68346374564932, 'SEARCH'
10, 24498, 126.70872896055681, 126.70872896055681, 'SEARCH'
10, 24499, 126.71044766958141, 126.71044766958141, 'SEARCH'
10, 24500, 126.70871376865296, 126.70871376865296, 'SEARCH'
10, 24501, 126.7175060110962, 126.7175060110962, 'SEARCH'
10, 24502, 126.723527147074, 126.723527147074, 'SEARCH'
10, 24503, 126.74301417697681, 126.74301417697681, 'SEARCH'
10, 24504, 126.74225072867014, 126.74225072867014, 'SEARCH'
10, 24505, 126.74106018829664, 126.74106018829664, 'SEARCH'
10, 24506, 126.76251720781046, 126.76251720781046, 'SEARCH'
10, 24507, 126.77821181919832, 126.77821181919832, 'SEARCH'
10, 24508, 126.78797318549961, 126.78797318549961, 'SEARCH'
10, 24509, 126.81417447225172, 126.81417447225172, 'SEARCH'
10, 24510, 126.84105309471151, 126.84105309471151, 'SEARCH'
10, 24511, 126.85262240304661, 126.85262240304661, 'SEARCH'
10, 24512, 126.86707689323708, 126.86707689323708, 'SEARCH'
10, 24513, 126.88965776456804, 126.88965776456804, 'SEARCH'
10, 24514, 126.91305834730628, 126.91305834730628, 'SEARCH'
10, 24515, 126.91325735991913, 126.91325735991913, 'SEARCH'
10, 24516, 126.9294109489754, 126.9294109489754, 'SEARCH'
10, 24517, 126.9455077084534, 126.9455077084534, 'SEARCH'
10, 24518, 126.94958364429986, 126.94958364429986, 'SEARCH'
10, 24519, 126.97220691286266, 126.97220691286266, 'SEARCH'
10, 24520, 126.99922316917824, 126.99922316917824, 'SEARCH'
10, 24521, 126.99556679603133, 126.99556679603133, 'SEARCH'
10, 24522, 127.02159092151715, 127.02159092151715, 'SEARCH'
10, 24523, 127.02379281804022, 127.02379281804022, 'SEARCH'
10, 24524, 127.04614468395309, 127.04614468395309, 'SEARCH'
10, 24525, 127.0684452533857, 127.0684452533857, 'SEARCH'
10, 24526, 127.07066520979906, 127.07066520979906, 'SEARCH'
10, 24527, 127.09236941624789, 127.09236941624789, 'SEARCH'
10, 24528, 127.11703067238042, 127.11703067238042, 'SEARCH'
10, 24529, 127.1271587096298, 127.1271587096298, 'SEARCH'
10, 24530, 127.15446349736035, 127.15446349736035, 'SEARCH'
10, 24531, 127.17812607018963, 127.17812607018963, 'SEARCH'
10, 24532, 127.2039580388069, 127.2039580388069, 'SEARCH'
10, 24533, 127.22659053819439, 127.22659053819439, 'SEARCH'
10, 24534, 127.2507875603572, 127.2507875603572, 'SEARCH'
10, 24535, 127.25732143368607, 127.25732143368607, 'SEARCH'
10, 24536, 127.26149249870656, 127.26149249870656, 'SEARCH'
10, 24537, 127.27467533081851, 127.27467533081851, 'SEARCH'
10, 24538, 127.29543403252455, 127.29543403252455, 'SEARCH'
10, 24539, 127.30777476926578, 127.30777476926578, 'SEARCH'
10, 24540, 127.3123130861293, 127.3123130861293, 'SEARCH'
10, 24541, 127.31161808511091, 127.31161808511091, 'SEARCH'
10, 24542, 127.30987496041226, 127.30987496041226, 'SEARCH'
10, 24543, 127.32098067808234, 127.32098067808234, 'SEARCH'
10, 24544, 127.34175398188381, 127.34175398188381, 'SEARCH'
10, 24545, 127.36434626131869, 127.36434626131869, 'SEARCH'
10, 24546, 127.3900212118789, 127.3900212118789, 'SEARCH'
10, 24547, 127.40244952195373, 127.40244952195373, 'SEARCH'
10, 24548, 127.42445514945143, 127.42445514945143, 'SEARCH'
10, 24549, 127.42328794006451, 127.42328794006451, 'SEARCH'
10, 24550, 127.4508938583957, 127.4508938583957, 'SEARCH'
10, 24551, 127.45791005674116, 127.45791005674116, 'SEARCH'
10, 24552, 127.48273419666477, 127.48273419666477, 'SEARCH'
10, 24553, 127.50986929130491, 127.50986929130491, 'SEARCH'
10, 24554, 127.53607980931754, 127.53607980931754, 'SEARCH'
10, 24555, 127.56177557148574, 127.56177557148574, 'SEARCH'
10, 24556, 127.57408701157274, 127.57408701157274, 'SEARCH'
10, 24557, 127.60045448462527, 127.60045448462527, 'SEARCH'
10, 24558, 127.6170465177181, 127.6170465177181, 'SEARCH'
10, 24559, 127.62549438863452, 127.62549438863452, 'SEARCH'
10, 24560, 127.6511135462601, 127.6511135462601, 'SEARCH'
10, 24561, 127.64311829639612, 127.64311829639612, 'SEARCH'
10, 24562, 127.64616816482277, 127.64616816482277, 'SEARCH'
10, 24563, 127.67394546858722, 127.67394546858722, 'SEARCH'
10, 24564, 127.70060252956901, 127.70060252956901, 'SEARCH'
10, 24565, 127.7283498867934, 127.7283498867934, 'SEARCH'
10, 24566, 127.74645783123647, 127.74645783123647, 'SEARCH'
10, 24567, 127.77157342186109, 127.77157342186109, 'SEARCH'
10, 24568, 127.79425163148878, 127.79425163148878, 'SEARCH'
10, 24569, 127.7967937958481, 127.7967937958481, 'SEARCH'
10, 24570, 127.82294287133492, 127.82294287133492, 'SEARCH'
10, 24571, 127.83185356784077, 127.83185356784077, 'SEARCH'
10, 24572, 127.85877567610925, 127.85877567610925, 'SEARCH'
10, 24573, 127.87018303958655, 127.87018303958655, 'SEARCH'
10, 24574, 127.89770867183758, 127.89770867183758, 'SEARCH'
10, 24575, 127.91148204059925, 127.91148204059925, 'SEARCH'
10, 24576, 127.92462772594534, 127.92462772594534, 'SEARCH'
10, 24577, 127.93333662141748, 127.93333662141748, 'SEARCH'
10, 24578, 127.93464479414487, 127.93464479414487, 'SEARCH'
10, 24579, 127.94537846378515, 127.94537846378515, 'SEARCH'
10, 24580, 127.96749327008493, 127.96749327008493, 'SEARCH'
10, 24581, 127.9846770737499, 127.9846770737499, 'SEARCH'
10, 24582, 128.00370569882892, 128.00370569882892, 'SEARCH'
10, 24583, 128.02625189631584, 128.02625189631584, 'SEARCH'
10, 24584, 128.05345000924171, 128.05345000924171, 'SEARCH'
10, 24585, 128.06076915494918, 128.06076915494918, 'SEARCH'
10, 24586, 128.08698470210723, 128.08698470210723, 'SEARCH'
10, 24587, 128.096806629579, 128.096806629579, 'SEARCH'
10, 24588, 128.11847361434837, 128.11847361434837, 'SEARCH'
10, 24589, 128.12718584937122, 128.12718584937122, 'SEARCH'
10, 24590, 128.13922840859857, 128.13922840859857, 'SEARCH'
10, 24591, 128.1439194281469, 128.1439194281469, 'SEARCH'
10, 24592, 128.15052408408638, 128.15052408408638, 'SEARCH'
10, 24593, 128.17142032443206, 128.17142032443206, 'SEARCH'
10, 24594, 128.18324270868374, 128.18324270868374, 'SEARCH'
10, 24595, 128.20837339229828, 128.20837339229828, 'SEARCH'
10, 24596, 128.2295901652975, 128.2295901652975, 'SEARCH'
10, 24597, 128.22201544799753, 128.22201544799753, 'SEARCH'
10, 24598, 128.22017818797707, 128.22017818797707, 'SEARCH'
10, 24599, 128.21499218589065, 128.21499218589065, 'SEARCH'
10, 24600, 128.23041570720585, 128.23041570720585, 'SEARCH'
10, 24601, 128.22523134592674, 128.22523134592674, 'SEARCH'
10, 24602, 128.24610755525825, 128.24610755525825, 'SEARCH'
10, 24603, 128.24092711662087, 128.24092711662087, 'SEARCH'
10, 24604, 128.26870272539452, 128.26870272539452, 'SEARCH'
10, 24605, 128.2950111042164, 128.2950111042164, 'SEARCH'
10, 24606, 128.28889827890285, 128.28889827890285, 'SEARCH'
10, 24607, 128.31088252477664, 128.31088252477664, 'SEARCH'
10, 24608, 128.30291716375612, 128.30291716375612, 'SEARCH'
10, 24609, 128.32499356515052, 128.32499356515052, 'SEARCH'
10, 24610, 128.32273960088875, 128.32273960088875, 'SEARCH'
10, 24611, 128.35050625150058, 128.35050625150058, 'SEARCH'
10, 24612, 128.34923424182114, 128.34923424182114, 'SEARCH'
10, 24613, 128.37523722452315, 128.37523722452315, 'SEARCH'
10, 24614, 128.38025911170882, 128.38025911170882, 'SEARCH'
10, 24615, 128.4079114681782, 128.4079114681782, 'SEARCH'
10, 24616, 128.43468674065315, 128.43468674065315, 'SEARCH'
10, 24617, 128.45997793883865, 128.45997793883865, 'SEARCH'
10, 24618, 128.45929392545466, 128.45929392545466, 'SEARCH'
10, 24619, 128.47217238054753, 128.47217238054753, 'SEARCH'
10, 24620, 128.4960691266048, 128.4960691266048, 'SEARCH'
10, 24621, 128.52281863169398, 128.52281863169398, 'SEARCH'
10, 24622, 128.52602735975523, 128.52602735975523, 'SEARCH'
10, 24623, 128.54088445361208, 128.54088445361208, 'SEARCH'
10, 24624, 128.5647839427043, 128.5647839427043, 'SEARCH'
10, 24625, 128.5923761080869, 128.5923761080869, 'SEARCH'
10, 24626, 128.61180175361764, 128.61180175361764, 'SEARCH'
10, 24627, 128.63165049143487, 128.63165049143487, 'SEARCH'
10, 24628, 128.6362983035492, 128.6362983035492, 'SEARCH'
10, 24629, 128.64655316501577, 128.64655316501577, 'SEARCH'
10, 24630, 128.6696639906152, 128.6696639906152, 'SEARCH'
10, 24631, 128.69490408049836, 128.69490408049836, 'SEARCH'
10, 24632, 128.69716631272684, 128.69716631272684, 'SEARCH'
10, 24633, 128.712174647357, 128.712174647357, 'SEARCH'
10, 24634, 128.73946642837745, 128.73946642837745, 'SEARCH'
10, 24635, 128.7400815088962, 128.7400815088962, 'SEARCH'
10, 24636, 128.76706912603814, 128.76706912603814, 'SEARCH'
10, 24637, 128.79439881275476, 128.79439881275476, 'SEARCH'
10, 24638, 128.81576967238897, 128.81576967238897, 'SEARCH'
10, 24639, 128.81350012937335, 128.81350012937335, 'SEARCH'
10, 24640, 128.81124642893, 128.81124642893, 'SEARCH'
10, 24641, 128.8374112877016, 128.8374112877016, 'SEARCH'
10, 24642, 128.8547464042086, 128.8547464042086, 'SEARCH'
10, 24643, 128.86210361947875, 128.86210361947875, 'SEARCH'
10, 24644, 128.8862536386307, 128.8862536386307, 'SEARCH'
10, 24645, 128.8959370632397, 128.8959370632397, 'SEARCH'
10, 24646, 128.90048881579025, 128.90048881579025, 'SEARCH'
10, 24647, 128.92650116547028, 128.92650116547028, 'SEARCH'
10, 24648, 128.93154932077096, 128.93154932077096, 'SEARCH'
10, 24649, 128.9510182573741, 128.9510182573741, 'SEARCH'
10, 24650, 128.95318621225147, 128.95318621225147, 'SEARCH'
10, 24651, 128.9563348827715, 128.9563348827715, 'SEARCH'
10, 24652, 128.9786759602048, 128.9786759602048, 'SEARCH'
10, 24653, 128.97411862329167, 128.97411862329167, 'SEARCH'
10, 24654, 128.9838057172824, 128.9838057172824, 'SEARCH'
10, 24655, 129.00926837173327, 129.00926837173327, 'SEARCH'
10, 24656, 129.02765938150694, 129.02765938150694, 'SEARCH'
10, 24657, 129.05467130602284, 129.05467130602284, 'SEARCH'
10, 24658, 129.0630156457083, 129.0630156457083, 'SEARCH'
10, 24659, 129.08765792042422, 129.08765792042422, 'SEARCH'
10, 24660, 129.11530631242252, 129.11530631242252, 'SEARCH'
10, 24661, 129.13021788164218, 129.13021788164218, 'SEARCH'
10, 24662, 129.14431318561955, 129.14431318561955, 'SEARCH'
10, 24663, 129.167471528896, 129.167471528896, 'SEARCH'
10, 24664, 129.1885932863805, 129.1885932863805, 'SEARCH'
10, 24665, 129.21590446439697, 129.21590446439697, 'SEARCH'
10, 24666, 129.23466842204024, 129.23466842204024, 'SEARCH'
10, 24667, 129.26214251391417, 129.26214251391417, 'SEARCH'
10, 24668, 129.2732061876556, 129.2732061876556, 'SEARCH'
10, 24669, 129.29997368000852, 129.29997368000852, 'SEARCH'
10, 24670, 129.32140391430994, 129.32140391430994, 'SEARCH'
10, 24671, 129.34252447543045, 129.34252447543045, 'SEARCH'
10, 24672, 129.35866240007633, 129.35866240007633, 'SEARCH'
10, 24673, 129.36657378921169, 129.36657378921169, 'SEARCH'
10, 24674, 129.37159766060532, 129.37159766060532, 'SEARCH'
10, 24675, 129.3713787369883, 129.3713787369883, 'SEARCH'
10, 24676, 129.37408038934723, 129.37408038934723, 'SEARCH'
10, 24677, 129.4017768402086, 129.4017768402086, 'SEARCH'
10, 24678, 129.42916392667036, 129.42916392667036, 'SEARCH'
10, 24679, 129.4489359012506, 129.4489359012506, 'SEARCH'
10, 24680, 129.46549719724007, 129.46549719724007, 'SEARCH'
10, 24681, 129.4905955605567, 129.4905955605567, 'SEARCH'
10, 24682, 129.5162857254739, 129.5162857254739, 'SEARCH'
10, 24683, 129.51067113060546, 129.51067113060546, 'SEARCH'
10, 24684, 129.53742197800423, 129.53742197800423, 'SEARCH'
10, 24685, 129.5543792501068, 129.5543792501068, 'SEARCH'
10, 24686, 129.5763720643159, 129.5763720643159, 'SEARCH'
10, 24687, 129.59721947368328, 129.59721947368328, 'SEARCH'
10, 24688, 129.6238751562703, 129.6238751562703, 'SEARCH'
10, 24689, 129.63953982495107, 129.63953982495107, 'SEARCH'
10, 24690, 129.64309492091724, 129.64309492091724, 'SEARCH'
10, 24691, 129.65057169980435, 129.65057169980435, 'SEARCH'
10, 24692, 129.67718518256177, 129.67718518256177, 'SEARCH'
10, 24693, 129.69037917759994, 129.69037917759994, 'SEARCH'
10, 24694, 129.71324013110313, 129.71324013110313, 'SEARCH'
10, 24695, 129.7233762143569, 129.7233762143569, 'SEARCH'
10, 24696, 129.75077854622063, 129.75077854622063, 'SEARCH'
10, 24697, 129.77755618198032, 129.77755618198032, 'SEARCH'
10, 24698, 129.791616493202, 129.791616493202, 'SEARCH'
10, 24699, 129.81931106307493, 129.81931106307493, 'SEARCH'
10, 24700, 129.83909959855723, 129.83909959855723, 'SEARCH'
10, 24701, 129.86663656705778, 129.86663656705778, 'SEARCH'
10, 24702, 129.87028598485043, 129.87028598485043, 'SEARCH'
10, 24703, 129.88558406496514, 129.88558406496514, 'SEARCH'
10, 24704, 129.89488257852568, 129.89488257852568, 'SEARCH'
10, 24705, 129.8912136788978, 129.8912136788978, 'SEARCH'
10, 24706, 129.9077584549173, 129.9077584549173, 'SEARCH'
10, 24707, 129.9242480316751, 129.9242480316751, 'SEARCH'
10, 24708, 129.94794786369712, 129.94794786369712, 'SEARCH'
10, 24709, 129.9728247496087, 129.9728247496087, 'SEARCH'
10, 24710, 129.98969638643496, 129.98969638643496, 'SEARCH'
10, 24711, 129.99900333348154, 129.99900333348154, 'SEARCH'
10, 24712, 130.00448984245452, 130.00448984245452, 'SEARCH'
10, 24713, 130.00331518023958, 130.00331518023958, 'SEARCH'
10, 24714, 130.02094299100344, 130.02094299100344, 'SEARCH'
10, 24715, 130.0293357818595, 130.0293357818595, 'SEARCH'
10, 24716, 130.05699115759035, 130.05699115759035, 'SEARCH'
10, 24717, 130.07956987866152, 130.07956987866152, 'SEARCH'
10, 24718, 130.10732349151198, 130.10732349151198, 'SEARCH'
10, 24719, 130.10605605164787, 130.10605605164787, 'SEARCH'
10, 24720, 130.11398327036514, 130.11398327036514, 'SEARCH'
10, 24721, 130.12967089187126, 130.12967089187126, 'SEARCH'
10, 24722, 130.15570469497743, 130.15570469497743, 'SEARCH'
10, 24723, 130.17581903271204, 130.17581903271204, 'SEARCH'
10, 24724, 130.1895330243575, 130.1895330243575, 'SEARCH'
10, 24725, 130.19128465472434, 130.19128465472434, 'SEARCH'
10, 24726, 130.21394088073083, 130.21394088073083, 'SEARCH'
10, 24727, 130.24162637224177, 130.24162637224177, 'SEARCH'
10, 24728, 130.26607784724325, 130.26607784724325, 'SEARCH'
10, 24729, 130.27218104927826, 130.27218104927826, 'SEARCH'
10, 24730, 130.2836005360177, 130.2836005360177, 'SEARCH'
10, 24731, 130.29719578357611, 130.29719578357611, 'SEARCH'
10, 24732, 130.30684672286378, 130.30684672286378, 'SEARCH'
10, 24733, 130.31292489642206, 130.31292489642206, 'SEARCH'
10, 24734, 130.30969700939175, 130.30969700939175, 'SEARCH'
10, 24735, 130.32373710265534, 130.32373710265534, 'SEARCH'
10, 24736, 130.31957751333442, 130.31957751333442, 'SEARCH'
10, 24737, 130.34349236469836, 130.34349236469836, 'SEARCH'
10, 24738, 130.36791886327342, 130.36791886327342, 'SEARCH'
10, 24739, 130.36521595904603, 130.36521595904603, 'SEARCH'
10, 24740, 130.38132682599718, 130.38132682599718, 'SEARCH'
10, 24741, 130.40366335285321, 130.40366335285321, 'SEARCH'
10, 24742, 130.42508255574603, 130.42508255574603, 'SEARCH'
10, 24743, 130.44619564585008, 130.44619564585008, 'SEARCH'
10, 24744, 130.46029833091248, 130.46029833091248, 'SEARCH'
10, 24745, 130.48140762616262, 130.48140762616262, 'SEARCH'
10, 24746, 130.5085245906423, 130.5085245906423, 'SEARCH'
10, 24747, 130.52800086198738, 130.52800086198738, 'SEARCH'
10, 24748, 130.53770803745613, 130.53770803745613, 'SEARCH'
10, 24749, 130.55974105805598, 130.55974105805598, 'SEARCH'
10, 24750, 130.58521455300883, 130.58521455300883, 'SEARCH'
10, 24751, 130.59803445852768, 130.59803445852768, 'SEARCH'
10, 24752, 130.61042308544248, 130.61042308544248, 'SEARCH'
10, 24753, 130.63460411070437, 130.63460411070437, 'SEARCH'
10, 24754, 130.657777985103, 130.657777985103, 'SEARCH'
10, 24755, 130.66798596734236, 130.66798596734236, 'SEARCH'
10, 24756, 130.69138906811526, 130.69138906811526, 'SEARCH'
10, 24757, 130.71879216456884, 130.71879216456884, 'SEARCH'
10, 24758, 130.74019897181222, 130.74019897181222, 'SEARCH'
10, 24759, 130.76338105639425, 130.76338105639425, 'SEARCH'
10, 24760, 130.78389093051624, 130.78389093051624, 'SEARCH'
10, 24761, 130.8113719437465, 130.8113719437465, 'SEARCH'
10, 24762, 130.8150583177527, 130.8150583177527, 'SEARCH'
10, 24763, 130.84009655203263, 130.84009655203263, 'SEARCH'
10, 24764, 130.85880953022433, 130.85880953022433, 'SEARCH'
10, 24765, 130.86982949732737, 130.86982949732737, 'SEARCH'
10, 24766, 130.87147829839623, 130.87147829839623, 'SEARCH'
10, 24767, 130.89193746325068, 130.89193746325068, 'SEARCH'
10, 24768, 130.91368960771825, 130.91368960771825, 'SEARCH'
10, 24769, 130.93544906476666, 130.93544906476666, 'SEARCH'
10, 24770, 130.9538884572676, 130.9538884572676, 'SEARCH'
10, 24771, 130.97269764810935, 130.97269764810935, 'SEARCH'
10, 24772, 130.9887699634243, 130.9887699634243, 'SEARCH'
10, 24773, 130.99671601685185, 130.99671601685185, 'SEARCH'
10, 24774, 131.01542660350177, 131.01542660350177, 'SEARCH'
10, 24775, 131.0287378069572, 131.0287378069572, 'SEARCH'
10, 24776, 131.05212219969366, 131.05212219969366, 'SEARCH'
10, 24777, 131.07950691059264, 131.07950691059264, 'SEARCH'
10, 24778, 131.07885168824413, 131.07885168824413, 'SEARCH'
10, 24779, 131.0830449762096, 131.0830449762096, 'SEARCH'
10, 24780, 131.08581199735355, 131.08581199735355, 'SEARCH'
10, 24781, 131.11261180972656, 131.11261180972656, 'SEARCH'
10, 24782, 131.12659958715972, 131.12659958715972, 'SEARCH'
10, 24783, 131.13866169219835, 131.13866169219835, 'SEARCH'
10, 24784, 131.16643306173975, 131.16643306173975, 'SEARCH'
10, 24785, 131.1641212101327, 131.1641212101327, 'SEARCH'
10, 24786, 131.18593244644725, 131.18593244644725, 'SEARCH'
10, 24787, 131.18074455982946, 131.18074455982946, 'SEARCH'
10, 24788, 131.2058640888828, 131.2058640888828, 'SEARCH'
10, 24789, 131.22868820421849, 131.22868820421849, 'SEARCH'
10, 24790, 131.246068030485, 131.246068030485, 'SEARCH'
10, 24791, 131.2725979360278, 131.2725979360278, 'SEARCH'
10, 24792, 131.29635177534078, 131.29635177534078, 'SEARCH'
10, 24793, 131.31830162619323, 131.31830162619323, 'SEARCH'
10, 24794, 131.34254436949976, 131.34254436949976, 'SEARCH'
10, 24795, 131.36047418556046, 131.36047418556046, 'SEARCH'
10, 24796, 131.36566741417573, 131.36566741417573, 'SEARCH'
10, 24797, 131.39259761107735, 131.39259761107735, 'SEARCH'
10, 24798, 131.39299619635588, 131.39299619635588, 'SEARCH'
10, 24799, 131.40301572279728, 131.40301572279728, 'SEARCH'
10, 24800, 131.40552072816115, 131.40552072816115, 'SEARCH'
10, 24801, 131.43131341923032, 131.43131341923032, 'SEARCH'
10, 24802, 131.43766445388664, 131.43766445388664, 'SEARCH'
10, 24803, 131.4456701605687, 131.4456701605687, 'SEARCH'
10, 24804, 131.45507257439613, 131.45507257439613, 'SEARCH'
10, 24805, 131.48281674919986, 131.48281674919986, 'SEARCH'
10, 24806, 131.50782118287825, 131.50782118287825, 'SEARCH'
10, 24807, 131.53062821696076, 131.53062821696076, 'SEARCH'
10, 24808, 131.5522785236967, 131.5522785236967, 'SEARCH'
10, 24809, 131.5567316846557, 131.5567316846557, 'SEARCH'
10, 24810, 131.58215867146097, 131.58215867146097, 'SEARCH'
10, 24811, 131.60992376908357, 131.60992376908357, 'SEARCH'
10, 24812, 131.62177977743016, 131.62177977743016, 'SEARCH'
10, 24813, 131.6438776661589, 131.6438776661589, 'SEARCH'
10, 24814, 131.6415875921946, 131.6415875921946, 'SEARCH'
10, 24815, 131.6557669037083, 131.6557669037083, 'SEARCH'
10, 24816, 131.67372367099406, 131.67372367099406, 'SEARCH'
10, 24817, 131.70140795477005, 131.70140795477005, 'SEARCH'
10, 24818, 131.72692101283104, 131.72692101283104, 'SEARCH'
10, 24819, 131.73941114355836, 131.73941114355836, 'SEARCH'
10, 24820, 131.76718651797557, 131.76718651797557, 'SEARCH'
10, 24821, 131.7938555674213, 131.7938555674213, 'SEARCH'
10, 24822, 131.80764820497288, 131.80764820497288, 'SEARCH'
10, 24823, 131.83469241840518, 131.83469241840518, 'SEARCH'
10, 24824, 131.86227392160217, 131.86227392160217, 'SEARCH'
10, 24825, 131.870481006132, 131.870481006132, 'SEARCH'
10, 24826, 131.87588440265037, 131.87588440265037, 'SEARCH'
10, 24827, 131.896116886644, 131.896116886644, 'SEARCH'
10, 24828, 131.91133642198216, 131.91133642198216, 'SEARCH'
10, 24829, 131.9390822137483, 131.9390822137483, 'SEARCH'
10, 24830, 131.96676449618255, 131.96676449618255, 'SEARCH'
10, 24831, 131.97523457963115, 131.97523457963115, 'SEARCH'
10, 24832, 132.00268625837504, 132.00268625837504, 'SEARCH'
10, 24833, 132.01690415797248, 132.01690415797248, 'SEARCH'
10, 24834, 132.04446404388585, 132.04446404388585, 'SEARCH'
10, 24835, 132.0416437286535, 132.0416437286535, 'SEARCH'
10, 24836, 132.0646160666805, 132.0646160666805, 'SEARCH'
10, 24837, 132.06035913714976, 132.06035913714976, 'SEARCH'
10, 24838, 132.07244022002007, 132.07244022002007, 'SEARCH'
10, 24839, 132.0696266389185, 132.0696266389185, 'SEARCH'
10, 24840, 132.07048860949465, 132.07048860949465, 'SEARCH'
10, 24841, 132.08445582652567, 132.08445582652567, 'SEARCH'
10, 24842, 132.08310607176344, 132.08310607176344, 'SEARCH'
10, 24843, 132.11019890716153, 132.11019890716153, 'SEARCH'
10, 24844, 132.13679861687007, 132.13679861687007, 'SEARCH'
10, 24845, 132.16383584756224, 132.16383584756224, 'SEARCH'
10, 24846, 132.1706723477712, 132.1706723477712, 'SEARCH'
10, 24847, 132.18987032651802, 132.18987032651802, 'SEARCH'
10, 24848, 132.1936150206604, 132.1936150206604, 'SEARCH'
10, 24849, 132.2210670804486, 132.2210670804486, 'SEARCH'
10, 24850, 132.21351231965903, 132.21351231965903, 'SEARCH'
10, 24851, 132.22934426995926, 132.22934426995926, 'SEARCH'
10, 24852, 132.23406176389787, 132.23406176389787, 'SEARCH'
10, 24853, 132.26065212520686, 132.26065212520686, 'SEARCH'
10, 24854, 132.26123044586458, 132.26123044586458, 'SEARCH'
10, 24855, 132.27725352172348, 132.27725352172348, 'SEARCH'
10, 24856, 132.2739906179081, 132.2739906179081, 'SEARCH'
10, 24857, 132.2957931028573, 132.2957931028573, 'SEARCH'
10, 24858, 132.3155254378093, 132.3155254378093, 'SEARCH'
10, 24859, 132.3359352344009, 132.3359352344009, 'SEARCH'
10, 24860, 132.33414611694127, 132.33414611694127, 'SEARCH'
10, 24861, 132.36124881766358, 132.36124881766358, 'SEARCH'
10, 24862, 132.38786142158693, 132.38786142158693, 'SEARCH'
10, 24863, 132.41555909511268, 132.41555909511268, 'SEARCH'
10, 24864, 132.43214207977795, 132.43214207977795, 'SEARCH'
10, 24865, 132.45845578236134, 132.45845578236134, 'SEARCH'
10, 24866, 132.48258977102213, 132.48258977102213, 'SEARCH'
10, 24867, 132.47792676031875, 132.47792676031875, 'SEARCH'
10, 24868, 132.49439951605746, 132.49439951605746, 'SEARCH'
10, 24869, 132.5067494225968, 132.5067494225968, 'SEARCH'
10, 24870, 132.52692294381416, 132.52692294381416, 'SEARCH'
10, 24871, 132.5540527184487, 132.5540527184487, 'SEARCH'
10, 24872, 132.5709198492465, 132.5709198492465, 'SEARCH'
10, 24873, 132.59782323355478, 132.59782323355478, 'SEARCH'
10, 24874, 132.6071407106901, 132.6071407106901, 'SEARCH'
10, 24875, 132.63053345450672, 132.63053345450672, 'SEARCH'
10, 24876, 132.6566988344804, 132.6566988344804, 'SEARCH'
10, 24877, 132.66323512911788, 132.66323512911788, 'SEARCH'
10, 24878, 132.66002071765118, 132.66002071765118, 'SEARCH'
10, 24879, 132.6868023593958, 132.6868023593958, 'SEARCH'
10, 24880, 132.6913282880626, 132.6913282880626, 'SEARCH'
10, 24881, 132.70146894705297, 132.70146894705297, 'SEARCH'
10, 24882, 132.727969378477, 132.727969378477, 'SEARCH'
10, 24883, 132.72921566152812, 132.72921566152812, 'SEARCH'
10, 24884, 132.72268057588818, 132.72268057588818, 'SEARCH'
10, 24885, 132.7383854272141, 132.7383854272141, 'SEARCH'
10, 24886, 132.7524650267343, 132.7524650267343, 'SEARCH'
10, 24887, 132.7579953346118, 132.7579953346118, 'SEARCH'
10, 24888, 132.78448487477365, 132.78448487477365, 'SEARCH'
10, 24889, 132.8101488000665, 132.8101488000665, 'SEARCH'
10, 24890, 132.83500524806462, 132.83500524806462, 'SEARCH'
10, 24891, 132.8600783920939, 132.8600783920939, 'SEARCH'
10, 24892, 132.87919043254624, 132.87919043254624, 'SEARCH'
10, 24893, 132.9058239944056, 132.9058239944056, 'SEARCH'
10, 24894, 132.9316682327383, 132.9316682327383, 'SEARCH'
10, 24895, 132.9542789091693, 132.9542789091693, 'SEARCH'
10, 24896, 132.96535328657194, 132.96535328657194, 'SEARCH'
10, 24897, 132.99312192094916, 132.99312192094916, 'SEARCH'
10, 24898, 133.00639118711354, 133.00639118711354, 'SEARCH'
10, 24899, 133.0119615802969, 133.0119615802969, 'SEARCH'
10, 24900, 133.03214554284952, 133.03214554284952, 'SEARCH'
10, 24901, 133.05225087817618, 133.05225087817618, 'SEARCH'
10, 24902, 133.0543771789714, 133.0543771789714, 'SEARCH'
10, 24903, 133.05844723306885, 133.05844723306885, 'SEARCH'
10, 24904, 133.08614088922909, 133.08614088922909, 'SEARCH'
10, 24905, 133.11314587149312, 133.11314587149312, 'SEARCH'
10, 24906, 133.1304539894068, 133.1304539894068, 'SEARCH'
10, 24907, 133.14777369469883, 133.14777369469883, 'SEARCH'
10, 24908, 133.17322754751598, 133.17322754751598, 'SEARCH'
10, 24909, 133.2008730891624, 133.2008730891624, 'SEARCH'
10, 24910, 133.2203751040935, 133.2203751040935, 'SEARCH'
10, 24911, 133.24812380120738, 133.24812380120738, 'SEARCH'
10, 24912, 133.27589357467542, 133.27589357467542, 'SEARCH'
10, 24913, 133.3036634065979, 133.3036634065979, 'SEARCH'
10, 24914, 133.33041341101872, 133.33041341101872, 'SEARCH'
10, 24915, 133.35060566569047, 133.35060566569047, 'SEARCH'
10, 24916, 133.374250345742, 133.374250345742, 'SEARCH'
10, 24917, 133.37407645911608, 133.37407645911608, 'SEARCH'
10, 24918, 133.40131359612673, 133.40131359612673, 'SEARCH'
10, 24919, 133.42469190753252, 133.42469190753252, 'SEARCH'
10, 24920, 133.45217681397148, 133.45217681397148, 'SEARCH'
10, 24921, 133.47920755052087, 133.47920755052087, 'SEARCH'
10, 24922, 133.5036639705784, 133.5036639705784, 'SEARCH'
10, 24923, 133.52765091127102, 133.52765091127102, 'SEARCH'
10, 24924, 133.55327001581358, 133.55327001581358, 'SEARCH'
10, 24925, 133.58098904284014, 133.58098904284014, 'SEARCH'
10, 24926, 133.58085766600908, 133.58085766600908, 'SEARCH'
10, 24927, 133.5980489538347, 133.5980489538347, 'SEARCH'
10, 24928, 133.62582441865706, 133.62582441865706, 'SEARCH'
10, 24929, 133.64431867275403, 133.64431867275403, 'SEARCH'
10, 24930, 133.64469345280935, 133.64469345280935, 'SEARCH'
10, 24931, 133.65226113768642, 133.65226113768642, 'SEARCH'
10, 24932, 133.65843668594758, 133.65843668594758, 'SEARCH'
10, 24933, 133.6831607490656, 133.6831607490656, 'SEARCH'
10, 24934, 133.68127048120925, 133.68127048120925, 'SEARCH'
10, 24935, 133.6746136959554, 133.6746136959554, 'SEARCH'
10, 24936, 133.68715076848932, 133.68715076848932, 'SEARCH'
10, 24937, 133.68527904927285, 133.68527904927285, 'SEARCH'
10, 24938, 133.68487802912745, 133.68487802912745, 'SEARCH'
10, 24939, 133.69401737715992, 133.69401737715992, 'SEARCH'
10, 24940, 133.7172497021299, 133.7172497021299, 'SEARCH'
10, 24941, 133.7308091563533, 133.7308091563533, 'SEARCH'
10, 24942, 133.75527880779708, 133.75527880779708, 'SEARCH'
10, 24943, 133.78291570350552, 133.78291570350552, 'SEARCH'
10, 24944, 133.80977517243267, 133.80977517243267, 'SEARCH'
10, 24945, 133.8041096616114, 133.8041096616114, 'SEARCH'
10, 24946, 133.81596665077765, 133.81596665077765, 'SEARCH'
10, 24947, 133.83241105573308, 133.83241105573308, 'SEARCH'
10, 24948, 133.85730792415333, 133.85730792415333, 'SEARCH'
10, 24949, 133.88483561113858, 133.88483561113858, 'SEARCH'
10, 24950, 133.90353270822197, 133.90353270822197, 'SEARCH'
10, 24951, 133.8983898292402, 133.8983898292402, 'SEARCH'
10, 24952, 133.92322029695475, 133.92322029695475, 'SEARCH'
10, 24953, 133.9277473878574, 133.9277473878574, 'SEARCH'
10, 24954, 133.94683840667747, 133.94683840667747, 'SEARCH'
10, 24955, 133.96632935478743, 133.96632935478743, 'SEARCH'
10, 24956, 133.97609838881837, 133.97609838881837, 'SEARCH'
10, 24957, 133.96955437502638, 133.96955437502638, 'SEARCH'
10, 24958, 133.99501091133007, 133.99501091133007, 'SEARCH'
10, 24959, 134.00955734589638, 134.00955734589638, 'SEARCH'
10, 24960, 134.0187784689022, 134.0187784689022, 'SEARCH'
10, 24961, 134.03827551441208, 134.03827551441208, 'SEARCH'
10, 24962, 134.04481106955643, 134.04481106955643, 'SEARCH'
10, 24963, 134.06820085369836, 134.06820085369836, 'SEARCH'
10, 24964, 134.09552477548485, 134.09552477548485, 'SEARCH'
10, 24965, 134.10207501169637, 134.10207501169637, 'SEARCH'
10, 24966, 134.11747761912594, 134.11747761912594, 'SEARCH'
10, 24967, 134.14513702795443, 134.14513702795443, 'SEARCH'
10, 24968, 134.14817731384113, 134.14817731384113, 'SEARCH'
10, 24969, 134.17555956287396, 134.17555956287396, 'SEARCH'
10, 24970, 134.16993679132133, 134.16993679132133, 'SEARCH'
10, 24971, 134.18679226711342, 134.18679226711342, 'SEARCH'
10, 24972, 134.21050584097503, 134.21050584097503, 'SEARCH'
10, 24973, 134.2379136190557, 134.2379136190557, 'SEARCH'
10, 24974, 134.2599948477532, 134.2599948477532, 'SEARCH'
10, 24975, 134.2877258305781, 134.2877258305781, 'SEARCH'
10, 24976, 134.29270199413577, 134.29270199413577, 'SEARCH'
10, 24977, 134.29958899771736, 134.29958899771736, 'SEARCH'
10, 24978, 134.3021981679935, 134.3021981679935, 'SEARCH'
10, 24979, 134.32169345404034, 134.32169345404034, 'SEARCH'
10, 24980, 134.34831307876271, 134.34831307876271, 'SEARCH'
10, 24981, 134.36368376945765, 134.36368376945765, 'SEARCH'
10, 24982, 134.39070866908008, 134.39070866908008, 'SEARCH'
10, 24983, 134.40569188487012, 134.40569188487012, 'SEARCH'
10, 24984, 134.40971335420892, 134.40971335420892, 'SEARCH'
10, 24985, 134.4257886793417, 134.4257886793417, 'SEARCH'
10, 24986, 134.44785940948384, 134.44785940948384, 'SEARCH'
10, 24987, 134.46482256703456, 134.46482256703456, 'SEARCH'
10, 24988, 134.47685558280963, 134.47685558280963, 'SEARCH'
10, 24989, 134.4796169888344, 134.4796169888344, 'SEARCH'
10, 24990, 134.5049421983066, 134.5049421983066, 'SEARCH'
10, 24991, 134.5232531482673, 134.5232531482673, 'SEARCH'
10, 24992, 134.55023640949636, 134.55023640949636, 'SEARCH'
10, 24993, 134.56229652383936, 134.56229652383936, 'SEARCH'
10, 24994, 134.59001427648494, 134.59001427648494, 'SEARCH'
10, 24995, 134.61767637821362, 134.61767637821362, 'SEARCH'
10, 24996, 134.61950620974267, 134.61950620974267, 'SEARCH'
10, 24997, 134.64008876201638, 134.64008876201638, 'SEARCH'
10, 24998, 134.6607827136247, 134.6607827136247, 'SEARCH'
10, 24999, 134.6877142487782, 134.6877142487782, 'SEARCH'
10, 25000, 134.69482608755266, 134.69482608755266, 'SEARCH'
10, 25001, 134.70781187698995, 134.70781187698995, 'SEARCH'
10, 25002, 134.70922027006552, 134.70922027006552, 'SEARCH'
10, 25003, 134.73329020786838, 134.73329020786838, 'SEARCH'
10, 25004, 134.75225979278764, 134.75225979278764, 'SEARCH'
10, 25005, 134.7693978136813, 134.7693978136813, 'SEARCH'
10, 25006, 134.76511063479185, 134.76511063479185, 'SEARCH'
10, 25007, 134.79196175087864, 134.79196175087864, 'SEARCH'
10, 25008, 134.81503498569668, 134.81503498569668, 'SEARCH'
10, 25009, 134.84200876000287, 134.84200876000287, 'SEARCH'
10, 25010, 134.86303188494486, 134.86303188494486, 'SEARCH'
10, 25011, 134.87353047914556, 134.87353047914556, 'SEARCH'
10, 25012, 134.8717086626622, 134.8717086626622, 'SEARCH'
10, 25013, 134.889460790325, 134.889460790325, 'SEARCH'
10, 25014, 134.8936885843056, 134.8936885843056, 'SEARCH'
10, 25015, 134.91407260925695, 134.91407260925695, 'SEARCH'
10, 25016, 134.92437483729526, 134.92437483729526, 'SEARCH'
10, 25017, 134.94215796848914, 134.94215796848914, 'SEARCH'
10, 25018, 134.9569446165429, 134.9569446165429, 'SEARCH'
10, 25019, 134.95558356664384, 134.95558356664384, 'SEARCH'
10, 25020, 134.97945076156478, 134.97945076156478, 'SEARCH'
10, 25021, 134.97570216677983, 134.97570216677983, 'SEARCH'
10, 25022, 134.98775615381538, 134.98775615381538, 'SEARCH'
10, 25023, 135.01057866873654, 135.01057866873654, 'SEARCH'
10, 25024, 135.0150504452216, 135.0150504452216, 'SEARCH'
10, 25025, 135.0428278417122, 135.0428278417122, 'SEARCH'
10, 25026, 135.04607080830579, 135.04607080830579, 'SEARCH'
10, 25027, 135.07340458699372, 135.07340458699372, 'SEARCH'
10, 25028, 135.0672726449784, 135.0672726449784, 'SEARCH'
10, 25029, 135.0818755118295, 135.0818755118295, 'SEARCH'
10, 25030, 135.09565920556233, 135.09565920556233, 'SEARCH'
10, 25031, 135.1096384829295, 135.1096384829295, 'SEARCH'
10, 25032, 135.13338712923976, 135.13338712923976, 'SEARCH'
10, 25033, 135.15410203530004, 135.15410203530004, 'SEARCH'
10, 25034, 135.18186676934639, 135.18186676934639, 'SEARCH'
10, 25035, 135.20963145441252, 135.20963145441252, 'SEARCH'
10, 25036, 135.23002518166047, 135.23002518166047, 'SEARCH'
10, 25037, 135.2502544785043, 135.2502544785043, 'SEARCH'
10, 25038, 135.25181994780246, 135.25181994780246, 'SEARCH'
10, 25039, 135.2750453306219, 135.2750453306219, 'SEARCH'
10, 25040, 135.30084445690784, 135.30084445690784, 'SEARCH'
10, 25041, 135.31879362936283, 135.31879362936283, 'SEARCH'
10, 25042, 135.34620790559197, 135.34620790559197, 'SEARCH'
10, 25043, 135.35956068178254, 135.35956068178254, 'SEARCH'
10, 25044, 135.36544677486992, 135.36544677486992, 'SEARCH'
10, 25045, 135.39166833914902, 135.39166833914902, 'SEARCH'
10, 25046, 135.4066942149671, 135.4066942149671, 'SEARCH'
10, 25047, 135.4309376086971, 135.4309376086971, 'SEARCH'
10, 25048, 135.4527680377232, 135.4527680377232, 'SEARCH'
10, 25049, 135.45333500401722, 135.45333500401722, 'SEARCH'
10, 25050, 135.47184719194345, 135.47184719194345, 'SEARCH'
10, 25051, 135.48262222567274, 135.48262222567274, 'SEARCH'
10, 25052, 135.4802685873251, 135.4802685873251, 'SEARCH'
10, 25053, 135.495469540855, 135.495469540855, 'SEARCH'
10, 25054, 135.5231054417784, 135.5231054417784, 'SEARCH'
10, 25055, 135.52850368731316, 135.52850368731316, 'SEARCH'
10, 25056, 135.55614132410813, 135.55614132410813, 'SEARCH'
10, 25057, 135.56437468485896, 135.56437468485896, 'SEARCH'
10, 25058, 135.57856626370142, 135.57856626370142, 'SEARCH'
10, 25059, 135.60358388050807, 135.60358388050807, 'SEARCH'
10, 25060, 135.63038301995238, 135.63038301995238, 'SEARCH'
10, 25061, 135.65571179888326, 135.65571179888326, 'SEARCH'
10, 25062, 135.66393516767997, 135.66393516767997, 'SEARCH'
10, 25063, 135.69139001668162, 135.69139001668162, 'SEARCH'
10, 25064, 135.71753481916713, 135.71753481916713, 'SEARCH'
10, 25065, 135.7392027874242, 135.7392027874242, 'SEARCH'
10, 25066, 135.73906453555455, 135.73906453555455, 'SEARCH'
10, 25067, 135.7324608058716, 135.7324608058716, 'SEARCH'
10, 25068, 135.75932752833504, 135.75932752833504, 'SEARCH'
10, 25069, 135.75918669193553, 135.75918669193553, 'SEARCH'
10, 25070, 135.76719100246575, 135.76719100246575, 'SEARCH'
10, 25071, 135.77633292266842, 135.77633292266842, 'SEARCH'
10, 25072, 135.7905358534515, 135.7905358534515, 'SEARCH'
10, 25073, 135.8166027366858, 135.8166027366858, 'SEARCH'
10, 25074, 135.83377949640177, 135.83377949640177, 'SEARCH'
10, 25075, 135.85467228835958, 135.85467228835958, 'SEARCH'
10, 25076, 135.85718760019802, 135.85718760019802, 'SEARCH'
10, 25077, 135.8614214462727, 135.8614214462727, 'SEARCH'
10, 25078, 135.8748058282659, 135.8748058282659, 'SEARCH'
10, 25079, 135.89571936964325, 135.89571936964325, 'SEARCH'
10, 25080, 135.92287693121966, 135.92287693121966, 'SEARCH'
10, 25081, 135.94846876860922, 135.94846876860922, 'SEARCH'
10, 25082, 135.97624333232693, 135.97624333232693, 'SEARCH'
10, 25083, 135.99950684290573, 135.99950684290573, 'SEARCH'
10, 25084, 136.0125903340609, 136.0125903340609, 'SEARCH'
10, 25085, 136.02293708004774, 136.02293708004774, 'SEARCH'
10, 25086, 136.04852441874135, 136.04852441874135, 'SEARCH'
10, 25087, 136.07602476380595, 136.07602476380595, 'SEARCH'
10, 25088, 136.10364554162217, 136.10364554162217, 'SEARCH'
10, 25089, 136.11180678719424, 136.11180678719424, 'SEARCH'
10, 25090, 136.11320188771592, 136.11320188771592, 'SEARCH'
10, 25091, 136.12035259872158, 136.12035259872158, 'SEARCH'
10, 25092, 136.12275216187493, 136.12275216187493, 'SEARCH'
10, 25093, 136.13360323923052, 136.13360323923052, 'SEARCH'
10, 25094, 136.1518156066963, 136.1518156066963, 'SEARCH'
10, 25095, 136.17245672418738, 136.17245672418738, 'SEARCH'
10, 25096, 136.19574872814223, 136.19574872814223, 'SEARCH'
10, 25097, 136.2146960420168, 136.2146960420168, 'SEARCH'
10, 25098, 136.22049012251708, 136.22049012251708, 'SEARCH'
10, 25099, 136.2460448763632, 136.2460448763632, 'SEARCH'
10, 25100, 136.26570984218984, 136.26570984218984, 'SEARCH'
10, 25101, 136.29265096684284, 136.29265096684284, 'SEARCH'
10, 25102, 136.29318097128618, 136.29318097128618, 'SEARCH'
10, 25103, 136.3201490246407, 136.3201490246407, 'SEARCH'
10, 25104, 136.34348384516494, 136.34348384516494, 'SEARCH'
10, 25105, 136.37016262402156, 136.37016262402156, 'SEARCH'
10, 25106, 136.39688623141103, 136.39688623141103, 'SEARCH'
10, 25107, 136.41726097953384, 136.41726097953384, 'SEARCH'
10, 25108, 136.41978321517385, 136.41978321517385, 'SEARCH'
10, 25109, 136.43501299178482, 136.43501299178482, 'SEARCH'
10, 25110, 136.46225385210522, 136.46225385210522, 'SEARCH'
10, 25111, 136.46694328520798, 136.46694328520798, 'SEARCH'
10, 25112, 136.48197298161065, 136.48197298161065, 'SEARCH'
10, 25113, 136.49838405514052, 136.49838405514052, 'SEARCH'
10, 25114, 136.49729457167237, 136.49729457167237, 'SEARCH'
10, 25115, 136.5242715599194, 136.5242715599194, 'SEARCH'
10, 25116, 136.55164589245413, 136.55164589245413, 'SEARCH'
10, 25117, 136.57916892121983, 136.57916892121983, 'SEARCH'
10, 25118, 136.60596927502834, 136.60596927502834, 'SEARCH'
10, 25119, 136.6077913387589, 136.6077913387589, 'SEARCH'
10, 25120, 136.63531215487586, 136.63531215487586, 'SEARCH'
10, 25121, 136.65249427053712, 136.65249427053712, 'SEARCH'
10, 25122, 136.64660313910926, 136.64660313910926, 'SEARCH'
10, 25123, 136.6628498649835, 136.6628498649835, 'SEARCH'
10, 25124, 136.66535618971474, 136.66535618971474, 'SEARCH'
10, 25125, 136.67540847074315, 136.67540847074315, 'SEARCH'
10, 25126, 136.68876764704524, 136.68876764704524, 'SEARCH'
10, 25127, 136.70882396676203, 136.70882396676203, 'SEARCH'
10, 25128, 136.72197283826367, 136.72197283826367, 'SEARCH'
10, 25129, 136.7468775641334, 136.7468775641334, 'SEARCH'
10, 25130, 136.7674305691915, 136.7674305691915, 'SEARCH'
10, 25131, 136.78954059229474, 136.78954059229474, 'SEARCH'
10, 25132, 136.8073086515432, 136.8073086515432, 'SEARCH'
10, 25133, 136.82000903796438, 136.82000903796438, 'SEARCH'
10, 25134, 136.83185571246108, 136.83185571246108, 'SEARCH'
10, 25135, 136.83917699668572, 136.83917699668572, 'SEARCH'
10, 25136, 136.85320031642868, 136.85320031642868, 'SEARCH'
10, 25137, 136.87528007711495, 136.87528007711495, 'SEARCH'
10, 25138, 136.8991740701643, 136.8991740701643, 'SEARCH'
10, 25139, 136.92595945461713, 136.92595945461713, 'SEARCH'
10, 25140, 136.95373669628611, 136.95373669628611, 'SEARCH'
10, 25141, 136.94921862620092, 136.94921862620092, 'SEARCH'
10, 25142, 136.9527584823062, 136.9527584823062, 'SEARCH'
10, 25143, 136.97319275490284, 136.97319275490284, 'SEARCH'
10, 25144, 136.99044344251917, 136.99044344251917, 'SEARCH'
10, 25145, 137.01821263177447, 137.01821263177447, 'SEARCH'
10, 25146, 137.04543960956207, 137.04543960956207, 'SEARCH'
10, 25147, 137.04613097378274, 137.04613097378274, 'SEARCH'
10, 25148, 137.06928522459782, 137.06928522459782, 'SEARCH'
10, 25149, 137.06904699257453, 137.06904699257453, 'SEARCH'
10, 25150, 137.08555120109384, 137.08555120109384, 'SEARCH'
10, 25151, 137.1089752880508, 137.1089752880508, 'SEARCH'
10, 25152, 137.13598418548983, 137.13598418548983, 'SEARCH'
10, 25153, 137.15741572401248, 137.15741572401248, 'SEARCH'
10, 25154, 137.18183030649587, 137.18183030649587, 'SEARCH'
10, 25155, 137.18687945858855, 137.18687945858855, 'SEARCH'
10, 25156, 137.19523814079355, 137.19523814079355, 'SEARCH'
10, 25157, 137.22225422921235, 137.22225422921235, 'SEARCH'
10, 25158, 137.24957264960733, 137.24957264960733, 'SEARCH'
10, 25159, 137.2521974191024, 137.2521974191024, 'SEARCH'
10, 25160, 137.27199658683423, 137.27199658683423, 'SEARCH'
10, 25161, 137.29939463679491, 137.29939463679491, 'SEARCH'
10, 25162, 137.31852508144866, 137.31852508144866, 'SEARCH'
10, 25163, 137.3373126056494, 137.3373126056494, 'SEARCH'
10, 25164, 137.36479180620572, 137.36479180620572, 'SEARCH'
10, 25165, 137.38894379793783, 137.38894379793783, 'SEARCH'
10, 25166, 137.41356330946752, 137.41356330946752, 'SEARCH'
10, 25167, 137.4399170169653, 137.4399170169653, 'SEARCH'
10, 25168, 137.46624521198285, 137.46624521198285, 'SEARCH'
10, 25169, 137.4842544450871, 137.4842544450871, 'SEARCH'
10, 25170, 137.50951961533505, 137.50951961533505, 'SEARCH'
10, 25171, 137.51316726673255, 137.51316726673255, 'SEARCH'
10, 25172, 137.5133681878315, 137.5133681878315, 'SEARCH'
10, 25173, 137.5306777083049, 137.5306777083049, 'SEARCH'
10, 25174, 137.52557735536553, 137.52557735536553, 'SEARCH'
10, 25175, 137.53663577777724, 137.53663577777724, 'SEARCH'
10, 25176, 137.5315707850813, 137.5315707850813, 'SEARCH'
10, 25177, 137.55820932364793, 137.55820932364793, 'SEARCH'
10, 25178, 137.58213359053843, 137.58213359053843, 'SEARCH'
10, 25179, 137.58815312312953, 137.58815312312953, 'SEARCH'
10, 25180, 137.5937163433588, 137.5937163433588, 'SEARCH'
10, 25181, 137.589175189178, 137.589175189178, 'SEARCH'
10, 25182, 137.59792896060318, 137.59792896060318, 'SEARCH'
10, 25183, 137.59773099840453, 137.59773099840453, 'SEARCH'
10, 25184, 137.59706756021302, 137.59706756021302, 'SEARCH'
10, 25185, 137.62358454852668, 137.62358454852668, 'SEARCH'
10, 25186, 137.65131565621235, 137.65131565621235, 'SEARCH'
10, 25187, 137.64586102995386, 137.64586102995386, 'SEARCH'
10, 25188, 137.66168050890016, 137.66168050890016, 'SEARCH'
10, 25189, 137.67751187151143, 137.67751187151143, 'SEARCH'
10, 25190, 137.67594923000144, 137.67594923000144, 'SEARCH'
10, 25191, 137.7033988918789, 137.7033988918789, 'SEARCH'
10, 25192, 137.72504592326254, 137.72504592326254, 'SEARCH'
10, 25193, 137.71682031702196, 137.71682031702196, 'SEARCH'
10, 25194, 137.72685876896324, 137.72685876896324, 'SEARCH'
10, 25195, 137.753087578388, 137.753087578388, 'SEARCH'
10, 25196, 137.76473203678583, 137.76473203678583, 'SEARCH'
10, 25197, 137.75792652185658, 137.75792652185658, 'SEARCH'
10, 25198, 137.77004166986075, 137.77004166986075, 'SEARCH'
10, 25199, 137.78260582374668, 137.78260582374668, 'SEARCH'
10, 25200, 137.80691834161652, 137.80691834161652, 'SEARCH'
10, 25201, 137.81727986057507, 137.81727986057507, 'SEARCH'
10, 25202, 137.8447915466282, 137.8447915466282, 'SEARCH'
10, 25203, 137.85700055027058, 137.85700055027058, 'SEARCH'
10, 25204, 137.8844278160484, 137.8844278160484, 'SEARCH'
10, 25205, 137.8956772000117, 137.8956772000117, 'SEARCH'
10, 25206, 137.9234149658713, 137.9234149658713, 'SEARCH'
10, 25207, 137.94086650965363, 137.94086650965363, 'SEARCH'
10, 25208, 137.94942708705798, 137.94942708705798, 'SEARCH'
10, 25209, 137.96071925536535, 137.96071925536535, 'SEARCH'
10, 25210, 137.97781294763237, 137.97781294763237, 'SEARCH'
10, 25211, 137.98024056725424, 137.98024056725424, 'SEARCH'
10, 25212, 137.99986384118358, 137.99986384118358, 'SEARCH'
10, 25213, 138.0003628041542, 138.0003628041542, 'SEARCH'
10, 25214, 138.01743794083148, 138.01743794083148, 'SEARCH'
10, 25215, 138.03452403171386, 138.03452403171386, 'SEARCH'
10, 25216, 138.04311346228005, 138.04311346228005, 'SEARCH'
10, 25217, 138.07007220921614, 138.07007220921614, 'SEARCH'
10, 25218, 138.085978451802, 138.085978451802, 'SEARCH'
10, 25219, 138.1123912334972, 138.1123912334972, 'SEARCH'
10, 25220, 138.14006209548427, 138.14006209548427, 'SEARCH'
10, 25221, 138.1668971345221, 138.1668971345221, 'SEARCH'
10, 25222, 138.1828118259534, 138.1828118259534, 'SEARCH'
10, 25223, 138.2079839601487, 138.2079839601487, 'SEARCH'
10, 25224, 138.215174527602, 138.215174527602, 'SEARCH'
10, 25225, 138.2151537852624, 138.2151537852624, 'SEARCH'
10, 25226, 138.23186995604925, 138.23186995604925, 'SEARCH'
10, 25227, 138.23042922949438, 138.23042922949438, 'SEARCH'
10, 25228, 138.24257673803334, 138.24257673803334, 'SEARCH'
10, 25229, 138.24931046292775, 138.24931046292775, 'SEARCH'
10, 25230, 138.27693945407557, 138.27693945407557, 'SEARCH'
10, 25231, 138.29249927487749, 138.29249927487749, 'SEARCH'
10, 25232, 138.3114091737506, 138.3114091737506, 'SEARCH'
10, 25233, 138.33390014498582, 138.33390014498582, 'SEARCH'
10, 25234, 138.3482416490998, 138.3482416490998, 'SEARCH'
10, 25235, 138.3715686910727, 138.3715686910727, 'SEARCH'
10, 25236, 138.3891003061666, 138.3891003061666, 'SEARCH'
10, 25237, 138.3880521101026, 138.3880521101026, 'SEARCH'
10, 25238, 138.41541810265147, 138.41541810265147, 'SEARCH'
10, 25239, 138.44061872717333, 138.44061872717333, 'SEARCH'
10, 25240, 138.4519775948503, 138.4519775948503, 'SEARCH'
10, 25241, 138.4662126245279, 138.4662126245279, 'SEARCH'
10, 25242, 138.48209178940914, 138.48209178940914, 'SEARCH'
10, 25243, 138.4744810744572, 138.4744810744572, 'SEARCH'
10, 25244, 138.4849492335105, 138.4849492335105, 'SEARCH'
10, 25245, 138.48454918706568, 138.48454918706568, 'SEARCH'
10, 25246, 138.5108474400509, 138.5108474400509, 'SEARCH'
10, 25247, 138.5109561165328, 138.5109561165328, 'SEARCH'
10, 25248, 138.53859485475056, 138.53859485475056, 'SEARCH'
10, 25249, 138.5411434236904, 138.5411434236904, 'SEARCH'
10, 25250, 138.5409958438339, 138.5409958438339, 'SEARCH'
10, 25251, 138.55819808145216, 138.55819808145216, 'SEARCH'
10, 25252, 138.58371188240343, 138.58371188240343, 'SEARCH'
10, 25253, 138.59102865038406, 138.59102865038406, 'SEARCH'
10, 25254, 138.6165390786999, 138.6165390786999, 'SEARCH'
10, 25255, 138.64177332720362, 138.64177332720362, 'SEARCH'
10, 25256, 138.66514926073475, 138.66514926073475, 'SEARCH'
10, 25257, 138.69238660788565, 138.69238660788565, 'SEARCH'
10, 25258, 138.70975152847046, 138.70975152847046, 'SEARCH'
10, 25259, 138.73741176553753, 138.73741176553753, 'SEARCH'
10, 25260, 138.76303111144435, 138.76303111144435, 'SEARCH'
10, 25261, 138.78002735303588, 138.78002735303588, 'SEARCH'
10, 25262, 138.79359597696836, 138.79359597696836, 'SEARCH'
10, 25263, 138.81681988118444, 138.81681988118444, 'SEARCH'
10, 25264, 138.84031310681328, 138.84031310681328, 'SEARCH'
10, 25265, 138.86166079948367, 138.86166079948367, 'SEARCH'
10, 25266, 138.8797954139059, 138.8797954139059, 'SEARCH'
10, 25267, 138.90751241331543, 138.90751241331543, 'SEARCH'
10, 25268, 138.9350707339607, 138.9350707339607, 'SEARCH'
10, 25269, 138.95628826589675, 138.95628826589675, 'SEARCH'
10, 25270, 138.97761907617829, 138.97761907617829, 'SEARCH'
10, 25271, 138.9911661372891, 138.9911661372891, 'SEARCH'
10, 25272, 139.0183142427939, 139.0183142427939, 'SEARCH'
10, 25273, 139.0440311784652, 139.0440311784652, 'SEARCH'
10, 25274, 139.06753937320624, 139.06753937320624, 'SEARCH'
10, 25275, 139.07801826415488, 139.07801826415488, 'SEARCH'
10, 25276, 139.0915696164838, 139.0915696164838, 'SEARCH'
10, 25277, 139.1181003898871, 139.1181003898871, 'SEARCH'
10, 25278, 139.14362886262586, 139.14362886262586, 'SEARCH'
10, 25279, 139.1490219628805, 139.1490219628805, 'SEARCH'
10, 25280, 139.15795777860373, 139.15795777860373, 'SEARCH'
10, 25281, 139.18076582685765, 139.18076582685765, 'SEARCH'
10, 25282, 139.20357930279334, 139.20357930279334, 'SEARCH'
10, 25283, 139.22478544159432, 139.22478544159432, 'SEARCH'
10, 25284, 139.23687402351857, 139.23687402351857, 'SEARCH'
10, 25285, 139.25778621182587, 139.25778621182587, 'SEARCH'
10, 25286, 139.26397247882002, 139.26397247882002, 'SEARCH'
10, 25287, 139.2639286694495, 139.2639286694495, 'SEARCH'
10, 25288, 139.27160800676384, 139.27160800676384, 'SEARCH'
10, 25289, 139.2759952345635, 139.2759952345635, 'SEARCH'
10, 25290, 139.2867918959085, 139.2867918959085, 'SEARCH'
10, 25291, 139.3133682675527, 139.3133682675527, 'SEARCH'
10, 25292, 139.31966160163952, 139.31966160163952, 'SEARCH'
10, 25293, 139.34659846620613, 139.34659846620613, 'SEARCH'
10, 25294, 139.36365467516566, 139.36365467516566, 'SEARCH'
10, 25295, 139.37874976781947, 139.37874976781947, 'SEARCH'
10, 25296, 139.40203421145344, 139.40203421145344, 'SEARCH'
10, 25297, 139.4260948985663, 139.4260948985663, 'SEARCH'
10, 25298, 139.43603386017375, 139.43603386017375, 'SEARCH'
10, 25299, 139.45761938308294, 139.45761938308294, 'SEARCH'
10, 25300, 139.48299883660653, 139.48299883660653, 'SEARCH'
10, 25301, 139.49972695253672, 139.49972695253672, 'SEARCH'
10, 25302, 139.5096549973678, 139.5096549973678, 'SEARCH'
10, 25303, 139.53736450256287, 139.53736450256287, 'SEARCH'
10, 25304, 139.5311205255302, 139.5311205255302, 'SEARCH'
10, 25305, 139.55807924967075, 139.55807924967075, 'SEARCH'
10, 25306, 139.56760574849412, 139.56760574849412, 'SEARCH'
10, 25307, 139.57669264080667, 139.57669264080667, 'SEARCH'
10, 25308, 139.60323780853145, 139.60323780853145, 'SEARCH'
10, 25309, 139.62932120634858, 139.62932120634858, 'SEARCH'
10, 25310, 139.62359147492984, 139.62359147492984, 'SEARCH'
10, 25311, 139.63582865463823, 139.63582865463823, 'SEARCH'
10, 25312, 139.6536192689512, 139.6536192689512, 'SEARCH'
10, 25313, 139.65500611817254, 139.65500611817254, 'SEARCH'
10, 25314, 139.68278043872252, 139.68278043872252, 'SEARCH'
10, 25315, 139.70661348270224, 139.70661348270224, 'SEARCH'
10, 25316, 139.73419058949966, 139.73419058949966, 'SEARCH'
10, 25317, 139.7331684306916, 139.7331684306916, 'SEARCH'
10, 25318, 139.72507804339682, 139.72507804339682, 'SEARCH'
10, 25319, 139.752814944645, 139.752814944645, 'SEARCH'
10, 25320, 139.77033421984615, 139.77033421984615, 'SEARCH'
10, 25321, 139.76367572378078, 139.76367572378078, 'SEARCH'
10, 25322, 139.7902151100165, 139.7902151100165, 'SEARCH'
10, 25323, 139.80910424351623, 139.80910424351623, 'SEARCH'
10, 25324, 139.82844256787257, 139.82844256787257, 'SEARCH'
10, 25325, 139.83787564792894, 139.83787564792894, 'SEARCH'
10, 25326, 139.860659481099, 139.860659481099, 'SEARCH'
10, 25327, 139.88443801518457, 139.88443801518457, 'SEARCH'
10, 25328, 139.89352757842497, 139.89352757842497, 'SEARCH'
10, 25329, 139.9047643725443, 139.9047643725443, 'SEARCH'
10, 25330, 139.92803488524285, 139.92803488524285, 'SEARCH'
10, 25331, 139.93097246028972, 139.93097246028972, 'SEARCH'
10, 25332, 139.9271603510671, 139.9271603510671, 'SEARCH'
10, 25333, 139.93442218070382, 139.93442218070382, 'SEARCH'
10, 25334, 139.96219721152454, 139.96219721152454, 'SEARCH'
10, 25335, 139.96374285039482, 139.96374285039482, 'SEARCH'
10, 25336, 139.9838024071244, 139.9838024071244, 'SEARCH'
10, 25337, 140.00606162650928, 140.00606162650928, 'SEARCH'
10, 25338, 140.03367277682815, 140.03367277682815, 'SEARCH'
10, 25339, 140.04395738232324, 140.04395738232324, 'SEARCH'
10, 25340, 140.05446548864055, 140.05446548864055, 'SEARCH'
10, 25341, 140.08084369122602, 140.08084369122602, 'SEARCH'
10, 25342, 140.08144832220884, 140.08144832220884, 'SEARCH'
10, 25343, 140.09628719615944, 140.09628719615944, 'SEARCH'
10, 25344, 140.091617891876, 140.091617891876, 'SEARCH'
10, 25345, 140.1121417495744, 140.1121417495744, 'SEARCH'
10, 25346, 140.1342284311621, 140.1342284311621, 'SEARCH'
10, 25347, 140.14782389876254, 140.14782389876254, 'SEARCH'
10, 25348, 140.16889528213196, 140.16889528213196, 'SEARCH'
10, 25349, 140.1963777347639, 140.1963777347639, 'SEARCH'
10, 25350, 140.19911193460467, 140.19911193460467, 'SEARCH'
10, 25351, 140.20071491136378, 140.20071491136378, 'SEARCH'
10, 25352, 140.21598601078725, 140.21598601078725, 'SEARCH'
10, 25353, 140.2278936247134, 140.2278936247134, 'SEARCH'
10, 25354, 140.25184745232133, 140.25184745232133, 'SEARCH'
10, 25355, 140.27668377093113, 140.27668377093113, 'SEARCH'
10, 25356, 140.28599787773004, 140.28599787773004, 'SEARCH'
10, 25357, 140.2966876125598, 140.2966876125598, 'SEARCH'
10, 25358, 140.3242771193003, 140.3242771193003, 'SEARCH'
10, 25359, 140.34448458698415, 140.34448458698415, 'SEARCH'
10, 25360, 140.34944766675756, 140.34944766675756, 'SEARCH'
10, 25361, 140.3758154775821, 140.3758154775821, 'SEARCH'
10, 25362, 140.40151292134266, 140.40151292134266, 'SEARCH'
10, 25363, 140.42897067546429, 140.42897067546429, 'SEARCH'
10, 25364, 140.44213805391274, 140.44213805391274, 'SEARCH'
10, 25365, 140.43939429519727, 140.43939429519727, 'SEARCH'
10, 25366, 140.45216668098504, 140.45216668098504, 'SEARCH'
10, 25367, 140.4798622017696, 140.4798622017696, 'SEARCH'
10, 25368, 140.50763846755086, 140.50763846755086, 'SEARCH'
10, 25369, 140.53055892863483, 140.53055892863483, 'SEARCH'
10, 25370, 140.54301002327895, 140.54301002327895, 'SEARCH'
10, 25371, 140.54171529962983, 140.54171529962983, 'SEARCH'
10, 25372, 140.53423210445996, 140.53423210445996, 'SEARCH'
10, 25373, 140.55714793707858, 140.55714793707858, 'SEARCH'
10, 25374, 140.55986528387476, 140.55986528387476, 'SEARCH'
10, 25375, 140.5797311680252, 140.5797311680252, 'SEARCH'
10, 25376, 140.58863295712115, 140.58863295712115, 'SEARCH'
10, 25377, 140.61640845883593, 140.61640845883593, 'SEARCH'
10, 25378, 140.64307488363195, 140.64307488363195, 'SEARCH'
10, 25379, 140.66719031455503, 140.66719031455503, 'SEARCH'
10, 25380, 140.68439193644724, 140.68439193644724, 'SEARCH'
10, 25381, 140.70962681090856, 140.70962681090856, 'SEARCH'
10, 25382, 140.70399679067438, 140.70399679067438, 'SEARCH'
10, 25383, 140.72351842450098, 140.72351842450098, 'SEARCH'
10, 25384, 140.74185737122002, 140.74185737122002, 'SEARCH'
10, 25385, 140.7692665384122, 140.7692665384122, 'SEARCH'
10, 25386, 140.76813605494462, 140.76813605494462, 'SEARCH'
10, 25387, 140.79304074413585, 140.79304074413585, 'SEARCH'
10, 25388, 140.82037386378315, 140.82037386378315, 'SEARCH'
10, 25389, 140.83178395716652, 140.83178395716652, 'SEARCH'
10, 25390, 140.8590778797214, 140.8590778797214, 'SEARCH'
10, 25391, 140.87006227511876, 140.87006227511876, 'SEARCH'
10, 25392, 140.89782827139987, 140.89782827139987, 'SEARCH'
10, 25393, 140.92020730617202, 140.92020730617202, 'SEARCH'
10, 25394, 140.92469510723745, 140.92469510723745, 'SEARCH'
10, 25395, 140.92679700661776, 140.92679700661776, 'SEARCH'
10, 25396, 140.95296244593425, 140.95296244593425, 'SEARCH'
10, 25397, 140.9574956974009, 140.9574956974009, 'SEARCH'
10, 25398, 140.98037014029507, 140.98037014029507, 'SEARCH'
10, 25399, 140.9923092141791, 140.9923092141791, 'SEARCH'
10, 25400, 141.01694673228388, 141.01694673228388, 'SEARCH'
10, 25401, 141.03742937091567, 141.03742937091567, 'SEARCH'
10, 25402, 141.06289665938758, 141.06289665938758, 'SEARCH'
10, 25403, 141.07308271956936, 141.07308271956936, 'SEARCH'
10, 25404, 141.10062607070498, 141.10062607070498, 'SEARCH'
10, 25405, 141.10040876187443, 141.10040876187443, 'SEARCH'
10, 25406, 141.12801318730246, 141.12801318730246, 'SEARCH'
10, 25407, 141.14564624659144, 141.14564624659144, 'SEARCH'
10, 25408, 141.14156852313997, 141.14156852313997, 'SEARCH'
10, 25409, 141.14610407970738, 141.14610407970738, 'SEARCH'
10, 25410, 141.1737566834564, 141.1737566834564, 'SEARCH'
10, 25411, 141.187879128765, 141.187879128765, 'SEARCH'
10, 25412, 141.19487782684817, 141.19487782684817, 'SEARCH'
10, 25413, 141.2139514839436, 141.2139514839436, 'SEARCH'
10, 25414, 141.22724808139216, 141.22724808139216, 'SEARCH'
10, 25415, 141.23870762420196, 141.23870762420196, 'SEARCH'
10, 25416, 141.24893025048414, 141.24893025048414, 'SEARCH'
10, 25417, 141.27613752241558, 141.27613752241558, 'SEARCH'
10, 25418, 141.2758376207981, 141.2758376207981, 'SEARCH'
10, 25419, 141.27604382845092, 141.27604382845092, 'SEARCH'
10, 25420, 141.2767858140175, 141.2767858140175, 'SEARCH'
10, 25421, 141.27464239349237, 141.27464239349237, 'SEARCH'
10, 25422, 141.30142523074605, 141.30142523074605, 'SEARCH'
10, 25423, 141.32128039491477, 141.32128039491477, 'SEARCH'
10, 25424, 141.32909858270824, 141.32909858270824, 'SEARCH'
10, 25425, 141.35650409980514, 141.35650409980514, 'SEARCH'
10, 25426, 141.38270659782236, 141.38270659782236, 'SEARCH'
10, 25427, 141.38385934911452, 141.38385934911452, 'SEARCH'
10, 25428, 141.3991596676238, 141.3991596676238, 'SEARCH'
10, 25429, 141.41646604862274, 141.41646604862274, 'SEARCH'
10, 25430, 141.4417566341881, 141.4417566341881, 'SEARCH'
10, 25431, 141.4694456003188, 141.4694456003188, 'SEARCH'
10, 25432, 141.48315541427027, 141.48315541427027, 'SEARCH'
10, 25433, 141.510884597705, 141.510884597705, 'SEARCH'
10, 25434, 141.51599821446592, 141.51599821446592, 'SEARCH'
10, 25435, 141.5081789902363, 141.5081789902363, 'SEARCH'
10, 25436, 141.50735753608956, 141.50735753608956, 'SEARCH'
10, 25437, 141.5335662852167, 141.5335662852167, 'SEARCH'
10, 25438, 141.53663348567366, 141.53663348567366, 'SEARCH'
10, 25439, 141.5495096583332, 141.5495096583332, 'SEARCH'
10, 25440, 141.57704001909255, 141.57704001909255, 'SEARCH'
10, 25441, 141.60248635987332, 141.60248635987332, 'SEARCH'
10, 25442, 141.62156516082842, 141.62156516082842, 'SEARCH'
10, 25443, 141.6447511247383, 141.6447511247383, 'SEARCH'
10, 25444, 141.66123327685267, 141.66123327685267, 'SEARCH'
10, 25445, 141.68901025631965, 141.68901025631965, 'SEARCH'
10, 25446, 141.71468486692805, 141.71468486692805, 'SEARCH'
10, 25447, 141.73887889028543, 141.73887889028543, 'SEARCH'
10, 25448, 141.73762325685814, 141.73762325685814, 'SEARCH'
10, 25449, 141.74549094632644, 141.74549094632644, 'SEARCH'
10, 25450, 141.77076717717864, 141.77076717717864, 'SEARCH'
10, 25451, 141.7983675337137, 141.7983675337137, 'SEARCH'
10, 25452, 141.80990041128416, 141.80990041128416, 'SEARCH'
10, 25453, 141.80920894910565, 141.80920894910565, 'SEARCH'
10, 25454, 141.83430535827185, 141.83430535827185, 'SEARCH'
10, 25455, 141.861912280715, 141.861912280715, 'SEARCH'
10, 25456, 141.87914660622602, 141.87914660622602, 'SEARCH'
10, 25457, 141.87933073215646, 141.87933073215646, 'SEARCH'
10, 25458, 141.8732827771937, 141.8732827771937, 'SEARCH'
10, 25459, 141.88609589823153, 141.88609589823153, 'SEARCH'
10, 25460, 141.91356903217707, 141.91356903217707, 'SEARCH'
10, 25461, 141.93197218544, 141.93197218544, 'SEARCH'
10, 25462, 141.92833262158035, 141.92833262158035, 'SEARCH'
10, 25463, 141.9366780251733, 141.9366780251733, 'SEARCH'
10, 25464, 141.94077042954984, 141.94077042954984, 'SEARCH'
10, 25465, 141.93811557444263, 141.93811557444263, 'SEARCH'
10, 25466, 141.9635777173567, 141.9635777173567, 'SEARCH'
10, 25467, 141.9911202590588, 141.9911202590588, 'SEARCH'
10, 25468, 142.01812612395844, 142.01812612395844, 'SEARCH'
10, 25469, 142.02602634136932, 142.02602634136932, 'SEARCH'
10, 25470, 142.02526766352005, 142.02526766352005, 'SEARCH'
10, 25471, 142.03174268438434, 142.03174268438434, 'SEARCH'
10, 25472, 142.05934324891763, 142.05934324891763, 'SEARCH'
10, 25473, 142.08107187053824, 142.08107187053824, 'SEARCH'
10, 25474, 142.1012247491637, 142.1012247491637, 'SEARCH'
10, 25475, 142.10144511036464, 142.10144511036464, 'SEARCH'
10, 25476, 142.11117286905153, 142.11117286905153, 'SEARCH'
10, 25477, 142.13259457754953, 142.13259457754953, 'SEARCH'
10, 25478, 142.15908777470216, 142.15908777470216, 'SEARCH'
10, 25479, 142.1535573449406, 142.1535573449406, 'SEARCH'
10, 25480, 142.1499610086899, 142.1499610086899, 'SEARCH'
10, 25481, 142.16980968362617, 142.16980968362617, 'SEARCH'
10, 25482, 142.1965945457139, 142.1965945457139, 'SEARCH'
10, 25483, 142.2118688404028, 142.2118688404028, 'SEARCH'
10, 25484, 142.21745485090779, 142.21745485090779, 'SEARCH'
10, 25485, 142.2355482250821, 142.2355482250821, 'SEARCH'
10, 25486, 142.25918814144447, 142.25918814144447, 'SEARCH'
10, 25487, 142.28642242255808, 142.28642242255808, 'SEARCH'
10, 25488, 142.31152572797401, 142.31152572797401, 'SEARCH'
10, 25489, 142.3295046243152, 142.3295046243152, 'SEARCH'
10, 25490, 142.35725318044575, 142.35725318044575, 'SEARCH'
10, 25491, 142.38403633385943, 142.38403633385943, 'SEARCH'
10, 25492, 142.4061117467363, 142.4061117467363, 'SEARCH'
10, 25493, 142.42257535237246, 142.42257535237246, 'SEARCH'
10, 25494, 142.43944217833132, 142.43944217833132, 'SEARCH'
10, 25495, 142.4663262800735, 142.4663262800735, 'SEARCH'
10, 25496, 142.47602854160647, 142.47602854160647, 'SEARCH'
10, 25497, 142.49806253724526, 142.49806253724526, 'SEARCH'
10, 25498, 142.52482750233258, 142.52482750233258, 'SEARCH'
10, 25499, 142.53500246440464, 142.53500246440464, 'SEARCH'
10, 25500, 142.54005119599262, 142.54005119599262, 'SEARCH'
10, 25501, 142.56511930624356, 142.56511930624356, 'SEARCH'
10, 25502, 142.59271837150905, 142.59271837150905, 'SEARCH'
10, 25503, 142.60639562803993, 142.60639562803993, 'SEARCH'
10, 25504, 142.63414769025516, 142.63414769025516, 'SEARCH'
10, 25505, 142.65104572603573, 142.65104572603573, 'SEARCH'
10, 25506, 142.6775366593675, 142.6775366593675, 'SEARCH'
10, 25507, 142.69897051121578, 142.69897051121578, 'SEARCH'
10, 25508, 142.71431528219838, 142.71431528219838, 'SEARCH'
10, 25509, 142.7354608629935, 142.7354608629935, 'SEARCH'
10, 25510, 142.7632379888636, 142.7632379888636, 'SEARCH'
10, 25511, 142.76739802249293, 142.76739802249293, 'SEARCH'
10, 25512, 142.77705365554652, 142.77705365554652, 'SEARCH'
10, 25513, 142.8025046655836, 142.8025046655836, 'SEARCH'
10, 25514, 142.80656033950805, 142.80656033950805, 'SEARCH'
10, 25515, 142.83121292447908, 142.83121292447908, 'SEARCH'
10, 25516, 142.84232740942454, 142.84232740942454, 'SEARCH'
10, 25517, 142.8584066827327, 142.8584066827327, 'SEARCH'
10, 25518, 142.86671539833097, 142.86671539833097, 'SEARCH'
10, 25519, 142.8925508488843, 142.8925508488843, 'SEARCH'
10, 25520, 142.89475022969464, 142.89475022969464, 'SEARCH'
10, 25521, 142.89937678232198, 142.89937678232198, 'SEARCH'
10, 25522, 142.89919930662901, 142.89919930662901, 'SEARCH'
10, 25523, 142.9024304999314, 142.9024304999314, 'SEARCH'
10, 25524, 142.92565436693852, 142.92565436693852, 'SEARCH'
10, 25525, 142.9504580047798, 142.9504580047798, 'SEARCH'
10, 25526, 142.96668331814917, 142.96668331814917, 'SEARCH'
10, 25527, 142.986400158635, 142.986400158635, 'SEARCH'
10, 25528, 142.99205793619805, 142.99205793619805, 'SEARCH'
10, 25529, 143.01676362110865, 143.01676362110865, 'SEARCH'
10, 25530, 143.03155567325143, 143.03155567325143, 'SEARCH'
10, 25531, 143.05745151847438, 143.05745151847438, 'SEARCH'
10, 25532, 143.07083791338312, 143.07083791338312, 'SEARCH'
10, 25533, 143.0656074403841, 143.0656074403841, 'SEARCH'
10, 25534, 143.0869464891016, 143.0869464891016, 'SEARCH'
10, 25535, 143.10797996386944, 143.10797996386944, 'SEARCH'
10, 25536, 143.11076561974343, 143.11076561974343, 'SEARCH'
10, 25537, 143.12498991878934, 143.12498991878934, 'SEARCH'
10, 25538, 143.13709919764466, 143.13709919764466, 'SEARCH'
10, 25539, 143.15103472310045, 143.15103472310045, 'SEARCH'
10, 25540, 143.14676040666453, 143.14676040666453, 'SEARCH'
10, 25541, 143.17124218631207, 143.17124218631207, 'SEARCH'
10, 25542, 143.1824658460053, 143.1824658460053, 'SEARCH'
10, 25543, 143.18829977021855, 143.18829977021855, 'SEARCH'
10, 25544, 143.1821304181187, 143.1821304181187, 'SEARCH'
10, 25545, 143.20425206688213, 143.20425206688213, 'SEARCH'
10, 25546, 143.2234846394411, 143.2234846394411, 'SEARCH'
10, 25547, 143.22500833262455, 143.22500833262455, 'SEARCH'
10, 25548, 143.2490182824878, 143.2490182824878, 'SEARCH'
10, 25549, 143.2409721363684, 143.2409721363684, 'SEARCH'
10, 25550, 143.25837461430783, 143.25837461430783, 'SEARCH'
10, 25551, 143.25829282259363, 143.25829282259363, 'SEARCH'
10, 25552, 143.27223299845443, 143.27223299845443, 'SEARCH'
10, 25553, 143.28939563034135, 143.28939563034135, 'SEARCH'
10, 25554, 143.30336538719305, 143.30336538719305, 'SEARCH'
10, 25555, 143.308775172388, 143.308775172388, 'SEARCH'
10, 25556, 143.31995154309854, 143.31995154309854, 'SEARCH'
10, 25557, 143.32032484075117, 143.32032484075117, 'SEARCH'
10, 25558, 143.31228844350093, 143.31228844350093, 'SEARCH'
10, 25559, 143.3377097643682, 143.3377097643682, 'SEARCH'
10, 25560, 143.33252533090683, 143.33252533090683, 'SEARCH'
10, 25561, 143.3469523137481, 143.3469523137481, 'SEARCH'
10, 25562, 143.3744124622151, 143.3744124622151, 'SEARCH'
10, 25563, 143.39589919257713, 143.39589919257713, 'SEARCH'
10, 25564, 143.4066210796589, 143.4066210796589, 'SEARCH'
10, 25565, 143.41646263885565, 143.41646263885565, 'SEARCH'
10, 25566, 143.44138562021647, 143.44138562021647, 'SEARCH'
10, 25567, 143.46332794494512, 143.46332794494512, 'SEARCH'
10, 25568, 143.48527748304394, 143.48527748304394, 'SEARCH'
10, 25569, 143.51280002582283, 143.51280002582283, 'SEARCH'
10, 25570, 143.5148478433447, 143.5148478433447, 'SEARCH'
10, 25571, 143.53987231229877, 143.53987231229877, 'SEARCH'
10, 25572, 143.5676430556035, 143.5676430556035, 'SEARCH'
10, 25573, 143.59530283964412, 143.59530283964412, 'SEARCH'
10, 25574, 143.61503808039578, 143.61503808039578, 'SEARCH'
10, 25575, 143.64177980771774, 143.64177980771774, 'SEARCH'
10, 25576, 143.66949998667462, 143.66949998667462, 'SEARCH'
10, 25577, 143.6741768347038, 143.6741768347038, 'SEARCH'
10, 25578, 143.7005558809482, 143.7005558809482, 'SEARCH'
10, 25579, 143.7229600666089, 143.7229600666089, 'SEARCH'
10, 25580, 143.72672642236915, 143.72672642236915, 'SEARCH'
10, 25581, 143.74232374470287, 143.74232374470287, 'SEARCH'
10, 25582, 143.77008775038928, 143.77008775038928, 'SEARCH'
10, 25583, 143.76345784892987, 143.76345784892987, 'SEARCH'
10, 25584, 143.77146851812995, 143.77146851812995, 'SEARCH'
10, 25585, 143.7813362602424, 143.7813362602424, 'SEARCH'
10, 25586, 143.79344967884498, 143.79344967884498, 'SEARCH'
10, 25587, 143.80390070286015, 143.80390070286015, 'SEARCH'
10, 25588, 143.80831428439006, 143.80831428439006, 'SEARCH'
10, 25589, 143.80262822889924, 143.80262822889924, 'SEARCH'
10, 25590, 143.82544777668681, 143.82544777668681, 'SEARCH'
10, 25591, 143.8364164354834, 143.8364164354834, 'SEARCH'
10, 25592, 143.85525447094764, 143.85525447094764, 'SEARCH'
10, 25593, 143.88087316496583, 143.88087316496583, 'SEARCH'
10, 25594, 143.89669691577618, 143.89669691577618, 'SEARCH'
10, 25595, 143.9166003913437, 143.9166003913437, 'SEARCH'
10, 25596, 143.93082607419737, 143.93082607419737, 'SEARCH'
10, 25597, 143.95245942585214, 143.95245942585214, 'SEARCH'
10, 25598, 143.95188921083374, 143.95188921083374, 'SEARCH'
10, 25599, 143.97123017701765, 143.97123017701765, 'SEARCH'
10, 25600, 143.9979105407791, 143.9979105407791, 'SEARCH'
10, 25601, 144.00780167981048, 144.00780167981048, 'SEARCH'
10, 25602, 144.0059093775325, 144.0059093775325, 'SEARCH'
10, 25603, 144.00584070483478, 144.00584070483478, 'SEARCH'
10, 25604, 144.0328962390799, 144.0328962390799, 'SEARCH'
10, 25605, 144.04098163176806, 144.04098163176806, 'SEARCH'
10, 25606, 144.0419658507043, 144.0419658507043, 'SEARCH'
10, 25607, 144.0587130697832, 144.0587130697832, 'SEARCH'
10, 25608, 144.08086455965164, 144.08086455965164, 'SEARCH'
10, 25609, 144.10757680956397, 144.10757680956397, 'SEARCH'
10, 25610, 144.1336650014811, 144.1336650014811, 'SEARCH'
10, 25611, 144.14996697267554, 144.14996697267554, 'SEARCH'
10, 25612, 144.14325758206184, 144.14325758206184, 'SEARCH'
10, 25613, 144.1691781222725, 144.1691781222725, 'SEARCH'
10, 25614, 144.19587343916515, 144.19587343916515, 'SEARCH'
10, 25615, 144.2231435385389, 144.2231435385389, 'SEARCH'
10, 25616, 144.24670873613817, 144.24670873613817, 'SEARCH'
10, 25617, 144.27448182530694, 144.27448182530694, 'SEARCH'
10, 25618, 144.28070872848912, 144.28070872848912, 'SEARCH'
10, 25619, 144.3076611524998, 144.3076611524998, 'SEARCH'
10, 25620, 144.31104828140084, 144.31104828140084, 'SEARCH'
10, 25621, 144.33831099503124, 144.33831099503124, 'SEARCH'
10, 25622, 144.33829362297772, 144.33829362297772, 'SEARCH'
10, 25623, 144.3412030596301, 144.3412030596301, 'SEARCH'
10, 25624, 144.35421801976503, 144.35421801976503, 'SEARCH'
10, 25625, 144.35178693750504, 144.35178693750504, 'SEARCH'
10, 25626, 144.3617540338637, 144.3617540338637, 'SEARCH'
10, 25627, 144.37308336082796, 144.37308336082796, 'SEARCH'
10, 25628, 144.39758420814343, 144.39758420814343, 'SEARCH'
10, 25629, 144.4251499464916, 144.4251499464916, 'SEARCH'
10, 25630, 144.442279219767, 144.442279219767, 'SEARCH'
10, 25631, 144.44763014728395, 144.44763014728395, 'SEARCH'
10, 25632, 144.4679959359203, 144.4679959359203, 'SEARCH'
10, 25633, 144.4956755300028, 144.4956755300028, 'SEARCH'
10, 25634, 144.52295942554778, 144.52295942554778, 'SEARCH'
10, 25635, 144.52882146651993, 144.52882146651993, 'SEARCH'
10, 25636, 144.55293303313337, 144.55293303313337, 'SEARCH'
10, 25637, 144.5578749441213, 144.5578749441213, 'SEARCH'
10, 25638, 144.57524485001142, 144.57524485001142, 'SEARCH'
10, 25639, 144.5729461838625, 144.5729461838625, 'SEARCH'
10, 25640, 144.59716986792336, 144.59716986792336, 'SEARCH'
10, 25641, 144.62339084021164, 144.62339084021164, 'SEARCH'
10, 25642, 144.65053595562023, 144.65053595562023, 'SEARCH'
10, 25643, 144.66677063236708, 144.66677063236708, 'SEARCH'
10, 25644, 144.6943297856815, 144.6943297856815, 'SEARCH'
10, 25645, 144.72113816373263, 144.72113816373263, 'SEARCH'
10, 25646, 144.74891582903393, 144.74891582903393, 'SEARCH'
10, 25647, 144.76917919661798, 144.76917919661798, 'SEARCH'
10, 25648, 144.78269678254043, 144.78269678254043, 'SEARCH'
10, 25649, 144.80483456572267, 144.80483456572267, 'SEARCH'
10, 25650, 144.81792896737045, 144.81792896737045, 'SEARCH'
10, 25651, 144.82658897036222, 144.82658897036222, 'SEARCH'
10, 25652, 144.84994063012292, 144.84994063012292, 'SEARCH'
10, 25653, 144.862016673973, 144.862016673973, 'SEARCH'
10, 25654, 144.87747540887725, 144.87747540887725, 'SEARCH'
10, 25655, 144.90391470127938, 144.90391470127938, 'SEARCH'
10, 25656, 144.93165813290972, 144.93165813290972, 'SEARCH'
10, 25657, 144.95615090777858, 144.95615090777858, 'SEARCH'
10, 25658, 144.95560855527938, 144.95560855527938, 'SEARCH'
10, 25659, 144.97686575959057, 144.97686575959057, 'SEARCH'
10, 25660, 144.9939545325881, 144.9939545325881, 'SEARCH'
10, 25661, 145.01460018745215, 145.01460018745215, 'SEARCH'
10, 25662, 145.00927817794286, 145.00927817794286, 'SEARCH'
10, 25663, 145.0214536144928, 145.0214536144928, 'SEARCH'
10, 25664, 145.0490814025325, 145.0490814025325, 'SEARCH'
10, 25665, 145.0718205190235, 145.0718205190235, 'SEARCH'
10, 25666, 145.0953694265221, 145.0953694265221, 'SEARCH'
10, 25667, 145.1186685080094, 145.1186685080094, 'SEARCH'
10, 25668, 145.13578625116492, 145.13578625116492, 'SEARCH'
10, 25669, 145.1632156020701, 145.1632156020701, 'SEARCH'
10, 25670, 145.1875300162436, 145.1875300162436, 'SEARCH'
10, 25671, 145.21502985846206, 145.21502985846206, 'SEARCH'
10, 25672, 145.22263468251734, 145.22263468251734, 'SEARCH'
10, 25673, 145.247370474833, 145.247370474833, 'SEARCH'
10, 25674, 145.27378146778997, 145.27378146778997, 'SEARCH'
10, 25675, 145.27085919824216, 145.27085919824216, 'SEARCH'
10, 25676, 145.2972757874699, 145.2972757874699, 'SEARCH'
10, 25677, 145.3213296084173, 145.3213296084173, 'SEARCH'
10, 25678, 145.3462941075058, 145.3462941075058, 'SEARCH'
10, 25679, 145.36817799301448, 145.36817799301448, 'SEARCH'
10, 25680, 145.3863989417756, 145.3863989417756, 'SEARCH'
10, 25681, 145.40768837815781, 145.40768837815781, 'SEARCH'
10, 25682, 145.43148107801497, 145.43148107801497, 'SEARCH'
10, 25683, 145.45910919318192, 145.45910919318192, 'SEARCH'
10, 25684, 145.48520164648986, 145.48520164648986, 'SEARCH'
10, 25685, 145.48861080349127, 145.48861080349127, 'SEARCH'
10, 25686, 145.508558828835, 145.508558828835, 'SEARCH'
10, 25687, 145.53329367261904, 145.53329367261904, 'SEARCH'
10, 25688, 145.53084735743724, 145.53084735743724, 'SEARCH'
10, 25689, 145.53374983350216, 145.53374983350216, 'SEARCH'
10, 25690, 145.54765830647804, 145.54765830647804, 'SEARCH'
10, 25691, 145.54858569230782, 145.54858569230782, 'SEARCH'
10, 25692, 145.55291350293703, 145.55291350293703, 'SEARCH'
10, 25693, 145.5605763716674, 145.5605763716674, 'SEARCH'
10, 25694, 145.55242569166228, 145.55242569166228, 'SEARCH'
10, 25695, 145.57171700755535, 145.57171700755535, 'SEARCH'
10, 25696, 145.59942772791806, 145.59942772791806, 'SEARCH'
10, 25697, 145.59508969155314, 145.59508969155314, 'SEARCH'
10, 25698, 145.6136529847955, 145.6136529847955, 'SEARCH'
10, 25699, 145.63922718917422, 145.63922718917422, 'SEARCH'
10, 25700, 145.6421122838546, 145.6421122838546, 'SEARCH'
10, 25701, 145.66978384886892, 145.66978384886892, 'SEARCH'
10, 25702, 145.66687362034224, 145.66687362034224, 'SEARCH'
10, 25703, 145.6946474714325, 145.6946474714325, 'SEARCH'
10, 25704, 145.72074484632455, 145.72074484632455, 'SEARCH'
10, 25705, 145.74801149112926, 145.74801149112926, 'SEARCH'
10, 25706, 145.77484185743302, 145.77484185743302, 'SEARCH'
10, 25707, 145.79155901226977, 145.79155901226977, 'SEARCH'
10, 25708, 145.81713692177343, 145.81713692177343, 'SEARCH'
10, 25709, 145.84287941678423, 145.84287941678423, 'SEARCH'
10, 25710, 145.85459410493218, 145.85459410493218, 'SEARCH'
10, 25711, 145.86806663905938, 145.86806663905938, 'SEARCH'
10, 25712, 145.89524346371192, 145.89524346371192, 'SEARCH'
10, 25713, 145.92043438903266, 145.92043438903266, 'SEARCH'
10, 25714, 145.94686811949498, 145.94686811949498, 'SEARCH'
10, 25715, 145.94008918650115, 145.94008918650115, 'SEARCH'
10, 25716, 145.93193311035813, 145.93193311035813, 'SEARCH'
10, 25717, 145.93046739546477, 145.93046739546477, 'SEARCH'
10, 25718, 145.95753038528386, 145.95753038528386, 'SEARCH'
10, 25719, 145.96043812863223, 145.96043812863223, 'SEARCH'
10, 25720, 145.98289421105903, 145.98289421105903, 'SEARCH'
10, 25721, 145.99462327274617, 145.99462327274617, 'SEARCH'
10, 25722, 146.00548804191865, 146.00548804191865, 'SEARCH'
10, 25723, 146.03244934832514, 146.03244934832514, 'SEARCH'
10, 25724, 146.05033877727934, 146.05033877727934, 'SEARCH'
10, 25725, 146.05027333231757, 146.05027333231757, 'SEARCH'
10, 25726, 146.0588182408248, 146.0588182408248, 'SEARCH'
10, 25727, 146.07590539973103, 146.07590539973103, 'SEARCH'
10, 25728, 146.0926232391929, 146.0926232391929, 'SEARCH'
10, 25729, 146.11224924646584, 146.11224924646584, 'SEARCH'
10, 25730, 146.13851597451378, 146.13851597451378, 'SEARCH'
10, 25731, 146.1475424979175, 146.1475424979175, 'SEARCH'
10, 25732, 146.16576311799255, 146.16576311799255, 'SEARCH'
10, 25733, 146.18795724033106, 146.18795724033106, 'SEARCH'
10, 25734, 146.20791557526726, 146.20791557526726, 'SEARCH'
10, 25735, 146.22578502449247, 146.22578502449247, 'SEARCH'
10, 25736, 146.2461272956141, 146.2461272956141, 'SEARCH'
10, 25737, 146.24364800025032, 146.24364800025032, 'SEARCH'
10, 25738, 146.25671857761458, 146.25671857761458, 'SEARCH'
10, 25739, 146.28353506757742, 146.28353506757742, 'SEARCH'
10, 25740, 146.2998191793693, 146.2998191793693, 'SEARCH'
10, 25741, 146.32698260809414, 146.32698260809414, 'SEARCH'
10, 25742, 146.34664779295647, 146.34664779295647, 'SEARCH'
10, 25743, 146.36483185171042, 146.36483185171042, 'SEARCH'
10, 25744, 146.3848384838049, 146.3848384838049, 'SEARCH'
10, 25745, 146.38429829702503, 146.38429829702503, 'SEARCH'
10, 25746, 146.40678892428724, 146.40678892428724, 'SEARCH'
10, 25747, 146.43306878817532, 146.43306878817532, 'SEARCH'
10, 25748, 146.43312737029208, 146.43312737029208, 'SEARCH'
10, 25749, 146.44912832807447, 146.44912832807447, 'SEARCH'
10, 25750, 146.46592959869471, 146.46592959869471, 'SEARCH'
10, 25751, 146.47417266166286, 146.47417266166286, 'SEARCH'
10, 25752, 146.49438409941055, 146.49438409941055, 'SEARCH'
10, 25753, 146.50170597035427, 146.50170597035427, 'SEARCH'
10, 25754, 146.52179987095641, 146.52179987095641, 'SEARCH'
10, 25755, 146.54939213692688, 146.54939213692688, 'SEARCH'
10, 25756, 146.57258580551598, 146.57258580551598, 'SEARCH'
10, 25757, 146.6003522649115, 146.6003522649115, 'SEARCH'
10, 25758, 146.62020807044902, 146.62020807044902, 'SEARCH'
10, 25759, 146.62439002287655, 146.62439002287655, 'SEARCH'
10, 25760, 146.65216567528046, 146.65216567528046, 'SEARCH'
10, 25761, 146.67993632021194, 146.67993632021194, 'SEARCH'
10, 25762, 146.7068529561298, 146.7068529561298, 'SEARCH'
10, 25763, 146.7236850241074, 146.7236850241074, 'SEARCH'
10, 25764, 146.73393652735976, 146.73393652735976, 'SEARCH'
10, 25765, 146.73909532137364, 146.73909532137364, 'SEARCH'
10, 25766, 146.76601870459598, 146.76601870459598, 'SEARCH'
10, 25767, 146.76444821205618, 146.76444821205618, 'SEARCH'
10, 25768, 146.77201668155197, 146.77201668155197, 'SEARCH'
10, 25769, 146.7781987369165, 146.7781987369165, 'SEARCH'
10, 25770, 146.79449007552088, 146.79449007552088, 'SEARCH'
10, 25771, 146.7944641076476, 146.7944641076476, 'SEARCH'
10, 25772, 146.8144452114957, 146.8144452114957, 'SEARCH'
10, 25773, 146.84218567421416, 146.84218567421416, 'SEARCH'
10, 25774, 146.84314241614067, 146.84314241614067, 'SEARCH'
10, 25775, 146.85081112186043, 146.85081112186043, 'SEARCH'
10, 25776, 146.87706323300156, 146.87706323300156, 'SEARCH'
10, 25777, 146.90375599757994, 146.90375599757994, 'SEARCH'
10, 25778, 146.91762026577655, 146.91762026577655, 'SEARCH'
10, 25779, 146.9452916344803, 146.9452916344803, 'SEARCH'
10, 25780, 146.95832458252065, 146.95832458252065, 'SEARCH'
10, 25781, 146.97137596931995, 146.97137596931995, 'SEARCH'
10, 25782, 146.99780432306616, 146.99780432306616, 'SEARCH'
10, 25783, 147.02112122340128, 147.02112122340128, 'SEARCH'
10, 25784, 147.0234935262805, 147.0234935262805, 'SEARCH'
10, 25785, 147.0431518759213, 147.0431518759213, 'SEARCH'
10, 25786, 147.06854400834914, 147.06854400834914, 'SEARCH'
10, 25787, 147.09523285057253, 147.09523285057253, 'SEARCH'
10, 25788, 147.1230070115548, 147.1230070115548, 'SEARCH'
10, 25789, 147.12786392721833, 147.12786392721833, 'SEARCH'
10, 25790, 147.14180335877876, 147.14180335877876, 'SEARCH'
10, 25791, 147.16770777258878, 147.16770777258878, 'SEARCH'
10, 25792, 147.1945562655605, 147.1945562655605, 'SEARCH'
10, 25793, 147.19704739296282, 147.19704739296282, 'SEARCH'
10, 25794, 147.2248114198774, 147.2248114198774, 'SEARCH'
10, 25795, 147.25247520586535, 147.25247520586535, 'SEARCH'
10, 25796, 147.2629624464939, 147.2629624464939, 'SEARCH'
10, 25797, 147.2572952475956, 147.2572952475956, 'SEARCH'
10, 25798, 147.26414733587205, 147.26414733587205, 'SEARCH'
10, 25799, 147.2659251519808, 147.2659251519808, 'SEARCH'
10, 25800, 147.26869493741873, 147.26869493741873, 'SEARCH'
10, 25801, 147.2884135176051, 147.2884135176051, 'SEARCH'
10, 25802, 147.28228634306708, 147.28228634306708, 'SEARCH'
10, 25803, 147.2921005992649, 147.2921005992649, 'SEARCH'
10, 25804, 147.28597402860512, 147.28597402860512, 'SEARCH'
10, 25805, 147.31346007292785, 147.31346007292785, 'SEARCH'
10, 25806, 147.33709305290824, 147.33709305290824, 'SEARCH'
10, 25807, 147.36479191405425, 147.36479191405425, 'SEARCH'
10, 25808, 147.35821766714471, 147.35821766714471, 'SEARCH'
10, 25809, 147.35790869254586, 147.35790869254586, 'SEARCH'
10, 25810, 147.3855976051677, 147.3855976051677, 'SEARCH'
10, 25811, 147.40292234062184, 147.40292234062184, 'SEARCH'
10, 25812, 147.4035857770288, 147.4035857770288, 'SEARCH'
10, 25813, 147.4076539345332, 147.4076539345332, 'SEARCH'
10, 25814, 147.43312261857787, 147.43312261857787, 'SEARCH'
10, 25815, 147.45189304597852, 147.45189304597852, 'SEARCH'
10, 25816, 147.47103319002838, 147.47103319002838, 'SEARCH'
10, 25817, 147.49591349758592, 147.49591349758592, 'SEARCH'
10, 25818, 147.50995890095825, 147.50995890095825, 'SEARCH'
10, 25819, 147.50870671220522, 147.50870671220522, 'SEARCH'
10, 25820, 147.52405050799015, 147.52405050799015, 'SEARCH'
10, 25821, 147.5505539933479, 147.5505539933479, 'SEARCH'
10, 25822, 147.5532645537362, 147.5532645537362, 'SEARCH'
10, 25823, 147.57411812223182, 147.57411812223182, 'SEARCH'
10, 25824, 147.57783680880354, 147.57783680880354, 'SEARCH'
10, 25825, 147.60544933442657, 147.60544933442657, 'SEARCH'
10, 25826, 147.61752129534153, 147.61752129534153, 'SEARCH'
10, 25827, 147.64489290311153, 147.64489290311153, 'SEARCH'
10, 25828, 147.65610572487662, 147.65610572487662, 'SEARCH'
10, 25829, 147.67117712073303, 147.67117712073303, 'SEARCH'
10, 25830, 147.69745613890555, 147.69745613890555, 'SEARCH'
10, 25831, 147.7121333300947, 147.7121333300947, 'SEARCH'
10, 25832, 147.71070624213678, 147.71070624213678, 'SEARCH'
10, 25833, 147.71547778150423, 147.71547778150423, 'SEARCH'
10, 25834, 147.71931726357352, 147.71931726357352, 'SEARCH'
10, 25835, 147.74558184547269, 147.74558184547269, 'SEARCH'
10, 25836, 147.76488221743224, 147.76488221743224, 'SEARCH'
10, 25837, 147.79259388860171, 147.79259388860171, 'SEARCH'
10, 25838, 147.7978734227286, 147.7978734227286, 'SEARCH'
10, 25839, 147.8236304247188, 147.8236304247188, 'SEARCH'
10, 25840, 147.8366555961165, 147.8366555961165, 'SEARCH'
10, 25841, 147.84615265278214, 147.84615265278214, 'SEARCH'
10, 25842, 147.85147436530195, 147.85147436530195, 'SEARCH'
10, 25843, 147.84377157514368, 147.84377157514368, 'SEARCH'
10, 25844, 147.86089071549154, 147.86089071549154, 'SEARCH'
10, 25845, 147.87718193711217, 147.87718193711217, 'SEARCH'
10, 25846, 147.90489381142976, 147.90489381142976, 'SEARCH'
10, 25847, 147.90051834222888, 147.90051834222888, 'SEARCH'
10, 25848, 147.9179962443792, 147.9179962443792, 'SEARCH'
10, 25849, 147.927053183633, 147.927053183633, 'SEARCH'
10, 25850, 147.93969772768648, 147.93969772768648, 'SEARCH'
10, 25851, 147.93830355874482, 147.93830355874482, 'SEARCH'
10, 25852, 147.94416296118123, 147.94416296118123, 'SEARCH'
10, 25853, 147.96791584708103, 147.96791584708103, 'SEARCH'
10, 25854, 147.9915227696524, 147.9915227696524, 'SEARCH'
10, 25855, 148.01910619381297, 148.01910619381297, 'SEARCH'
10, 25856, 148.03472695707347, 148.03472695707347, 'SEARCH'
10, 25857, 148.06242801013195, 148.06242801013195, 'SEARCH'
10, 25858, 148.0811045278523, 148.0811045278523, 'SEARCH'
10, 25859, 148.1043254130252, 148.1043254130252, 'SEARCH'
10, 25860, 148.1150674924974, 148.1150674924974, 'SEARCH'
10, 25861, 148.1209362825302, 148.1209362825302, 'SEARCH'
10, 25862, 148.14871379817913, 148.14871379817913, 'SEARCH'
10, 25863, 148.1746884424692, 148.1746884424692, 'SEARCH'
10, 25864, 148.19111586128813, 148.19111586128813, 'SEARCH'
10, 25865, 148.2179096820455, 148.2179096820455, 'SEARCH'
10, 25866, 148.22190761000724, 148.22190761000724, 'SEARCH'
10, 25867, 148.24968493230142, 148.24968493230142, 'SEARCH'
10, 25868, 148.26977452428795, 148.26977452428795, 'SEARCH'
10, 25869, 148.27250709950013, 148.27250709950013, 'SEARCH'
10, 25870, 148.28187107862996, 148.28187107862996, 'SEARCH'
10, 25871, 148.3076706054109, 148.3076706054109, 'SEARCH'
10, 25872, 148.33528274550304, 148.33528274550304, 'SEARCH'
10, 25873, 148.35567985029053, 148.35567985029053, 'SEARCH'
10, 25874, 148.38213974583425, 148.38213974583425, 'SEARCH'
10, 25875, 148.40188100963707, 148.40188100963707, 'SEARCH'
10, 25876, 148.41463193533528, 148.41463193533528, 'SEARCH'
10, 25877, 148.42292502027402, 148.42292502027402, 'SEARCH'
10, 25878, 148.44925518781392, 148.44925518781392, 'SEARCH'
10, 25879, 148.47601395654212, 148.47601395654212, 'SEARCH'
10, 25880, 148.49444136422105, 148.49444136422105, 'SEARCH'
10, 25881, 148.4976360405473, 148.4976360405473, 'SEARCH'
10, 25882, 148.520572163722, 148.520572163722, 'SEARCH'
10, 25883, 148.54748878618335, 148.54748878618335, 'SEARCH'
10, 25884, 148.57522094572036, 148.57522094572036, 'SEARCH'
10, 25885, 148.59426243989776, 148.59426243989776, 'SEARCH'
10, 25886, 148.6181497552146, 148.6181497552146, 'SEARCH'
10, 25887, 148.63953214302876, 148.63953214302876, 'SEARCH'
10, 25888, 148.65929812547859, 148.65929812547859, 'SEARCH'
10, 25889, 148.68533414499234, 148.68533414499234, 'SEARCH'
10, 25890, 148.7087283450029, 148.7087283450029, 'SEARCH'
10, 25891, 148.72328485897606, 148.72328485897606, 'SEARCH'
10, 25892, 148.74897664661225, 148.74897664661225, 'SEARCH'
10, 25893, 148.77357518016808, 148.77357518016808, 'SEARCH'
10, 25894, 148.7947481752713, 148.7947481752713, 'SEARCH'
10, 25895, 148.82184614600553, 148.82184614600553, 'SEARCH'
10, 25896, 148.84922711511172, 148.84922711511172, 'SEARCH'
10, 25897, 148.87485444941066, 148.87485444941066, 'SEARCH'
10, 25898, 148.8788750486372, 148.8788750486372, 'SEARCH'
10, 25899, 148.89906546567292, 148.89906546567292, 'SEARCH'
10, 25900, 148.9073413952201, 148.9073413952201, 'SEARCH'
10, 25901, 148.9238193740575, 148.9238193740575, 'SEARCH'
10, 25902, 148.92312804249755, 148.92312804249755, 'SEARCH'
10, 25903, 148.94389066917705, 148.94389066917705, 'SEARCH'
10, 25904, 148.97039695573454, 148.97039695573454, 'SEARCH'
10, 25905, 148.9744451021756, 148.9744451021756, 'SEARCH'
10, 25906, 148.98089868996743, 148.98089868996743, 'SEARCH'
10, 25907, 148.99540727653286, 148.99540727653286, 'SEARCH'
10, 25908, 149.02027343294557, 149.02027343294557, 'SEARCH'
10, 25909, 149.025835706034, 149.025835706034, 'SEARCH'
10, 25910, 149.05306592777993, 149.05306592777993, 'SEARCH'
10, 25911, 149.0707758125027, 149.0707758125027, 'SEARCH'
10, 25912, 149.0984972708288, 149.0984972708288, 'SEARCH'
10, 25913, 149.11546084075906, 149.11546084075906, 'SEARCH'
10, 25914, 149.1100084374568, 149.1100084374568, 'SEARCH'
10, 25915, 149.13725120681778, 149.13725120681778, 'SEARCH'
10, 25916, 149.15103144982757, 149.15103144982757, 'SEARCH'
10, 25917, 149.14899102735, 149.14899102735, 'SEARCH'
10, 25918, 149.17538584214975, 149.17538584214975, 'SEARCH'
10, 25919, 149.17642497341532, 149.17642497341532, 'SEARCH'
10, 25920, 149.2040605775963, 149.2040605775963, 'SEARCH'
10, 25921, 149.22558300553973, 149.22558300553973, 'SEARCH'
10, 25922, 149.25006791749777, 149.25006791749777, 'SEARCH'
10, 25923, 149.27432519924048, 149.27432519924048, 'SEARCH'
10, 25924, 149.28434217670375, 149.28434217670375, 'SEARCH'
10, 25925, 149.29954937763748, 149.29954937763748, 'SEARCH'
10, 25926, 149.31693849637614, 149.31693849637614, 'SEARCH'
10, 25927, 149.3447160991973, 149.3447160991973, 'SEARCH'
10, 25928, 149.35293453493009, 149.35293453493009, 'SEARCH'
10, 25929, 149.36975424035296, 149.36975424035296, 'SEARCH'
10, 25930, 149.38541358104652, 149.38541358104652, 'SEARCH'
10, 25931, 149.40719333277505, 149.40719333277505, 'SEARCH'
10, 25932, 149.43442932013951, 149.43442932013951, 'SEARCH'
10, 25933, 149.44817952000164, 149.44817952000164, 'SEARCH'
10, 25934, 149.44755739970168, 149.44755739970168, 'SEARCH'
10, 25935, 149.47453636944485, 149.47453636944485, 'SEARCH'
10, 25936, 149.49037129544203, 149.49037129544203, 'SEARCH'
10, 25937, 149.5180517486994, 149.5180517486994, 'SEARCH'
10, 25938, 149.53876372995498, 149.53876372995498, 'SEARCH'
10, 25939, 149.56250973071735, 149.56250973071735, 'SEARCH'
10, 25940, 149.5769125537653, 149.5769125537653, 'SEARCH'
10, 25941, 149.600133661358, 149.600133661358, 'SEARCH'
10, 25942, 149.62785221397505, 149.62785221397505, 'SEARCH'
10, 25943, 149.65407404602556, 149.65407404602556, 'SEARCH'
10, 25944, 149.68127023619982, 149.68127023619982, 'SEARCH'
10, 25945, 149.69939408193778, 149.69939408193778, 'SEARCH'
10, 25946, 149.69350818859976, 149.69350818859976, 'SEARCH'
10, 25947, 149.71799442057247, 149.71799442057247, 'SEARCH'
10, 25948, 149.74527598114028, 149.74527598114028, 'SEARCH'
10, 25949, 149.74487402572487, 149.74487402572487, 'SEARCH'
10, 25950, 149.74137884131375, 149.74137884131375, 'SEARCH'
10, 25951, 149.7676162252911, 149.7676162252911, 'SEARCH'
10, 25952, 149.79532091068828, 149.79532091068828, 'SEARCH'
10, 25953, 149.80102061568664, 149.80102061568664, 'SEARCH'
10, 25954, 149.79710473475717, 149.79710473475717, 'SEARCH'
10, 25955, 149.82417557064207, 149.82417557064207, 'SEARCH'
10, 25956, 149.8491282642329, 149.8491282642329, 'SEARCH'
10, 25957, 149.8742942616874, 149.8742942616874, 'SEARCH'
10, 25958, 149.87382205629464, 149.87382205629464, 'SEARCH'
10, 25959, 149.87860556980323, 149.87860556980323, 'SEARCH'
10, 25960, 149.9061746522973, 149.9061746522973, 'SEARCH'
10, 25961, 149.92777019911543, 149.92777019911543, 'SEARCH'
10, 25962, 149.93586006262984, 149.93586006262984, 'SEARCH'
10, 25963, 149.9577449953379, 149.9577449953379, 'SEARCH'
10, 25964, 149.9744555872975, 149.9744555872975, 'SEARCH'
10, 25965, 150.00128266038288, 150.00128266038288, 'SEARCH'
10, 25966, 150.0195153985328, 150.0195153985328, 'SEARCH'
10, 25967, 150.04722793452532, 150.04722793452532, 'SEARCH'
10, 25968, 150.05105423759736, 150.05105423759736, 'SEARCH'
10, 25969, 150.07761463827774, 150.07761463827774, 'SEARCH'
10, 25970, 150.09471088051967, 150.09471088051967, 'SEARCH'
10, 25971, 150.10776374847097, 150.10776374847097, 'SEARCH'
10, 25972, 150.12451056083495, 150.12451056083495, 'SEARCH'
10, 25973, 150.12891336716024, 150.12891336716024, 'SEARCH'
10, 25974, 150.1464610252608, 150.1464610252608, 'SEARCH'
10, 25975, 150.16512657829998, 150.16512657829998, 'SEARCH'
10, 25976, 150.19092828038393, 150.19092828038393, 'SEARCH'
10, 25977, 150.20342050198457, 150.20342050198457, 'SEARCH'
10, 25978, 150.2311016330539, 150.2311016330539, 'SEARCH'
10, 25979, 150.2433735493559, 150.2433735493559, 'SEARCH'
10, 25980, 150.26783854211416, 150.26783854211416, 'SEARCH'
10, 25981, 150.29547583422635, 150.29547583422635, 'SEARCH'
10, 25982, 150.28981206996772, 150.28981206996772, 'SEARCH'
10, 25983, 150.2899546601959, 150.2899546601959, 'SEARCH'
10, 25984, 150.3152017423858, 150.3152017423858, 'SEARCH'
10, 25985, 150.34008856894468, 150.34008856894468, 'SEARCH'
10, 25986, 150.36539715431496, 150.36539715431496, 'SEARCH'
10, 25987, 150.39308197054822, 150.39308197054822, 'SEARCH'
10, 25988, 150.414763672658, 150.414763672658, 'SEARCH'
10, 25989, 150.41362826096096, 150.41362826096096, 'SEARCH'
10, 25990, 150.4367336909566, 150.4367336909566, 'SEARCH'
10, 25991, 150.463833109777, 150.463833109777, 'SEARCH'
10, 25992, 150.48392185487694, 150.48392185487694, 'SEARCH'
10, 25993, 150.50881228803834, 150.50881228803834, 'SEARCH'
10, 25994, 150.5172465753899, 150.5172465753899, 'SEARCH'
10, 25995, 150.52842711005832, 150.52842711005832, 'SEARCH'
10, 25996, 150.55193025382107, 150.55193025382107, 'SEARCH'
10, 25997, 150.56972160167703, 150.56972160167703, 'SEARCH'
10, 25998, 150.59584435858122, 150.59584435858122, 'SEARCH'
10, 25999, 150.5920440259115, 150.5920440259115, 'SEARCH'
10, 26000, 150.61369124295436, 150.61369124295436, 'SEARCH'
10, 26001, 150.63408224275307, 150.63408224275307, 'SEARCH'
10, 26002, 150.64827843554656, 150.64827843554656, 'SEARCH'
10, 26003, 150.67399506872258, 150.67399506872258, 'SEARCH'
10, 26004, 150.68960153730202, 150.68960153730202, 'SEARCH'
10, 26005, 150.70187809442155, 150.70187809442155, 'SEARCH'
10, 26006, 150.72957841330793, 150.72957841330793, 'SEARCH'
10, 26007, 150.75528431771366, 150.75528431771366, 'SEARCH'
10, 26008, 150.7482078340934, 150.7482078340934, 'SEARCH'
10, 26009, 150.77401718151185, 150.77401718151185, 'SEARCH'
10, 26010, 150.78152580687998, 150.78152580687998, 'SEARCH'
10, 26011, 150.80767085839628, 150.80767085839628, 'SEARCH'
10, 26012, 150.8230943338563, 150.8230943338563, 'SEARCH'
10, 26013, 150.84888902454873, 150.84888902454873, 'SEARCH'
10, 26014, 150.87336149677606, 150.87336149677606, 'SEARCH'
10, 26015, 150.89989675005552, 150.89989675005552, 'SEARCH'
10, 26016, 150.9027144382374, 150.9027144382374, 'SEARCH'
10, 26017, 150.9284908170121, 150.9284908170121, 'SEARCH'
10, 26018, 150.95422148777155, 150.95422148777155, 'SEARCH'
10, 26019, 150.9619272931708, 150.9619272931708, 'SEARCH'
10, 26020, 150.98415879213218, 150.98415879213218, 'SEARCH'
10, 26021, 151.00171266372902, 151.00171266372902, 'SEARCH'
10, 26022, 151.00498412941502, 151.00498412941502, 'SEARCH'
10, 26023, 151.00120249445914, 151.00120249445914, 'SEARCH'
10, 26024, 151.02481991680975, 151.02481991680975, 'SEARCH'
10, 26025, 151.051803151588, 151.051803151588, 'SEARCH'
10, 26026, 151.07948639221436, 151.07948639221436, 'SEARCH'
10, 26027, 151.0902191781159, 151.0902191781159, 'SEARCH'
10, 26028, 151.0854969170546, 151.0854969170546, 'SEARCH'
10, 26029, 151.10760131503372, 151.10760131503372, 'SEARCH'
10, 26030, 151.12816900766305, 151.12816900766305, 'SEARCH'
10, 26031, 151.1428124901794, 151.1428124901794, 'SEARCH'
10, 26032, 151.14626070016925, 151.14626070016925, 'SEARCH'
10, 26033, 151.17384253037412, 151.17384253037412, 'SEARCH'
10, 26034, 151.20118201967074, 151.20118201967074, 'SEARCH'
10, 26035, 151.2175778196022, 151.2175778196022, 'SEARCH'
10, 26036, 151.24270771101908, 151.24270771101908, 'SEARCH'
10, 26037, 151.23654821841737, 151.23654821841737, 'SEARCH'
10, 26038, 151.2636935626796, 151.2636935626796, 'SEARCH'
10, 26039, 151.2910685287549, 151.2910685287549, 'SEARCH'
10, 26040, 151.31009606947364, 151.31009606947364, 'SEARCH'
10, 26041, 151.31022957582627, 151.31022957582627, 'SEARCH'
10, 26042, 151.30797123471666, 151.30797123471666, 'SEARCH'
10, 26043, 151.33306422854903, 151.33306422854903, 'SEARCH'
10, 26044, 151.3423976034322, 151.3423976034322, 'SEARCH'
10, 26045, 151.34467045546717, 151.34467045546717, 'SEARCH'
10, 26046, 151.3684192785902, 151.3684192785902, 'SEARCH'
10, 26047, 151.39583912805955, 151.39583912805955, 'SEARCH'
10, 26048, 151.4236030734433, 151.4236030734433, 'SEARCH'
10, 26049, 151.45085300950768, 151.45085300950768, 'SEARCH'
10, 26050, 151.45559570515402, 151.45559570515402, 'SEARCH'
10, 26051, 151.46694153695574, 151.46694153695574, 'SEARCH'
10, 26052, 151.49412844496243, 151.49412844496243, 'SEARCH'
10, 26053, 151.5095941151219, 151.5095941151219, 'SEARCH'
10, 26054, 151.53474616014842, 151.53474616014842, 'SEARCH'
10, 26055, 151.54197342533797, 151.54197342533797, 'SEARCH'
10, 26056, 151.5683707758096, 151.5683707758096, 'SEARCH'
10, 26057, 151.59109337219002, 151.59109337219002, 'SEARCH'
10, 26058, 151.5959516391794, 151.5959516391794, 'SEARCH'
10, 26059, 151.6169579157717, 151.6169579157717, 'SEARCH'
10, 26060, 151.6209046591595, 151.6209046591595, 'SEARCH'
10, 26061, 151.6359403202522, 151.6359403202522, 'SEARCH'
10, 26062, 151.64975638199996, 151.64975638199996, 'SEARCH'
10, 26063, 151.66066188219168, 151.66066188219168, 'SEARCH'
10, 26064, 151.65784072839045, 151.65784072839045, 'SEARCH'
10, 26065, 151.68414175302522, 151.68414175302522, 'SEARCH'
10, 26066, 151.69957528427926, 151.69957528427926, 'SEARCH'
10, 26067, 151.72554132110622, 151.72554132110622, 'SEARCH'
10, 26068, 151.75002004443394, 151.75002004443394, 'SEARCH'
10, 26069, 151.74575767021065, 151.74575767021065, 'SEARCH'
10, 26070, 151.7382111098259, 151.7382111098259, 'SEARCH'
10, 26071, 151.7659579983563, 151.7659579983563, 'SEARCH'
10, 26072, 151.78969437113207, 151.78969437113207, 'SEARCH'
10, 26073, 151.80669786973067, 151.80669786973067, 'SEARCH'
10, 26074, 151.8293954119602, 151.8293954119602, 'SEARCH'
10, 26075, 151.82512762412287, 151.82512762412287, 'SEARCH'
10, 26076, 151.84136667060693, 151.84136667060693, 'SEARCH'
10, 26077, 151.86873666272356, 151.86873666272356, 'SEARCH'
10, 26078, 151.8894361697171, 151.8894361697171, 'SEARCH'
10, 26079, 151.88519222639613, 151.88519222639613, 'SEARCH'
10, 26080, 151.90559822972477, 151.90559822972477, 'SEARCH'
10, 26081, 151.90671918751013, 151.90671918751013, 'SEARCH'
10, 26082, 151.91361562890566, 151.91361562890566, 'SEARCH'
10, 26083, 151.92684217038334, 151.92684217038334, 'SEARCH'
10, 26084, 151.95212148703936, 151.95212148703936, 'SEARCH'
10, 26085, 151.97017815819996, 151.97017815819996, 'SEARCH'
10, 26086, 151.96364809700648, 151.96364809700648, 'SEARCH'
10, 26087, 151.96677634356388, 151.96677634356388, 'SEARCH'
10, 26088, 151.9942469899229, 151.9942469899229, 'SEARCH'
10, 26089, 152.01865562240158, 152.01865562240158, 'SEARCH'
10, 26090, 152.0441338984946, 152.0441338984946, 'SEARCH'
10, 26091, 152.03904631521792, 152.03904631521792, 'SEARCH'
10, 26092, 152.05817070782484, 152.05817070782484, 'SEARCH'
10, 26093, 152.08571408659682, 152.08571408659682, 'SEARCH'
10, 26094, 152.0868997482748, 152.0868997482748, 'SEARCH'
10, 26095, 152.0910102870598, 152.0910102870598, 'SEARCH'
10, 26096, 152.10596525712847, 152.10596525712847, 'SEARCH'
10, 26097, 152.11575226886416, 152.11575226886416, 'SEARCH'
10, 26098, 152.14347241223766, 152.14347241223766, 'SEARCH'
10, 26099, 152.17088458047203, 152.17088458047203, 'SEARCH'
10, 26100, 152.18809676503062, 152.18809676503062, 'SEARCH'
10, 26101, 152.19637368646244, 152.19637368646244, 'SEARCH'
10, 26102, 152.20233592882064, 152.20233592882064, 'SEARCH'
10, 26103, 152.19868867086205, 152.19868867086205, 'SEARCH'
10, 26104, 152.19459198575055, 152.19459198575055, 'SEARCH'
10, 26105, 152.22023991147955, 152.22023991147955, 'SEARCH'
10, 26106, 152.2439377291989, 152.2439377291989, 'SEARCH'
10, 26107, 152.25923660219718, 152.25923660219718, 'SEARCH'
10, 26108, 152.25852125701098, 152.25852125701098, 'SEARCH'
10, 26109, 152.28573282880686, 152.28573282880686, 'SEARCH'
10, 26110, 152.30062940058994, 152.30062940058994, 'SEARCH'
10, 26111, 152.30989618200562, 152.30989618200562, 'SEARCH'
10, 26112, 152.3338180300965, 152.3338180300965, 'SEARCH'
10, 26113, 152.3572515047248, 152.3572515047248, 'SEARCH'
10, 26114, 152.36830013384878, 152.36830013384878, 'SEARCH'
10, 26115, 152.36950882292646, 152.36950882292646, 'SEARCH'
10, 26116, 152.3953639747076, 152.3953639747076, 'SEARCH'
10, 26117, 152.4230532332547, 152.4230532332547, 'SEARCH'
10, 26118, 152.44940540778387, 152.44940540778387, 'SEARCH'
10, 26119, 152.47630792083632, 152.47630792083632, 'SEARCH'
10, 26120, 152.4932520827027, 152.4932520827027, 'SEARCH'
10, 26121, 152.50200352301852, 152.50200352301852, 'SEARCH'
10, 26122, 152.5296928704459, 152.5296928704459, 'SEARCH'
10, 26123, 152.53984557971688, 152.53984557971688, 'SEARCH'
10, 26124, 152.54298989019827, 152.54298989019827, 'SEARCH'
10, 26125, 152.56845160535636, 152.56845160535636, 'SEARCH'
10, 26126, 152.59239348747107, 152.59239348747107, 'SEARCH'
10, 26127, 152.59795946439357, 152.59795946439357, 'SEARCH'
10, 26128, 152.5982605259521, 152.5982605259521, 'SEARCH'
10, 26129, 152.61548209491298, 152.61548209491298, 'SEARCH'
10, 26130, 152.63913327650832, 152.63913327650832, 'SEARCH'
10, 26131, 152.66659931551365, 152.66659931551365, 'SEARCH'
10, 26132, 152.69407741378274, 152.69407741378274, 'SEARCH'
10, 26133, 152.71351957148505, 152.71351957148505, 'SEARCH'
10, 26134, 152.71761152870445, 152.71761152870445, 'SEARCH'
10, 26135, 152.7404939655897, 152.7404939655897, 'SEARCH'
10, 26136, 152.7592619989402, 152.7592619989402, 'SEARCH'
10, 26137, 152.78157497298793, 152.78157497298793, 'SEARCH'
10, 26138, 152.7798903509806, 152.7798903509806, 'SEARCH'
10, 26139, 152.79565887090928, 152.79565887090928, 'SEARCH'
10, 26140, 152.82318974783618, 152.82318974783618, 'SEARCH'
10, 26141, 152.82688401851382, 152.82688401851382, 'SEARCH'
10, 26142, 152.8221998885562, 152.8221998885562, 'SEARCH'
10, 26143, 152.8484073947478, 152.8484073947478, 'SEARCH'
10, 26144, 152.87097362397182, 152.87097362397182, 'SEARCH'
10, 26145, 152.89852238963107, 152.89852238963107, 'SEARCH'
10, 26146, 152.92241894256068, 152.92241894256068, 'SEARCH'
10, 26147, 152.94917024553519, 152.94917024553519, 'SEARCH'
10, 26148, 152.9454901197332, 152.9454901197332, 'SEARCH'
10, 26149, 152.97211746913555, 152.97211746913555, 'SEARCH'
10, 26150, 152.9752452424321, 152.9752452424321, 'SEARCH'
10, 26151, 153.00091407146513, 153.00091407146513, 'SEARCH'
10, 26152, 153.01702535856572, 153.01702535856572, 'SEARCH'
10, 26153, 153.02065502454928, 153.02065502454928, 'SEARCH'
10, 26154, 153.02472525460738, 153.02472525460738, 'SEARCH'
10, 26155, 153.04163141010977, 153.04163141010977, 'SEARCH'
10, 26156, 153.06863734888884, 153.06863734888884, 'SEARCH'
10, 26157, 153.09371264946685, 153.09371264946685, 'SEARCH'
10, 26158, 153.11811512050463, 153.11811512050463, 'SEARCH'
10, 26159, 153.14474931655153, 153.14474931655153, 'SEARCH'
10, 26160, 153.163510364569, 153.163510364569, 'SEARCH'
10, 26161, 153.1784509368962, 153.1784509368962, 'SEARCH'
10, 26162, 153.18684888273853, 153.18684888273853, 'SEARCH'
10, 26163, 153.20863692979907, 153.20863692979907, 'SEARCH'
10, 26164, 153.22388405446128, 153.22388405446128, 'SEARCH'
10, 26165, 153.25067179368182, 153.25067179368182, 'SEARCH'
10, 26166, 153.27088131511846, 153.27088131511846, 'SEARCH'
10, 26167, 153.28590069940364, 153.28590069940364, 'SEARCH'
10, 26168, 153.30925222697388, 153.30925222697388, 'SEARCH'
10, 26169, 153.3184055837009, 153.3184055837009, 'SEARCH'
10, 26170, 153.3451470609194, 153.3451470609194, 'SEARCH'
10, 26171, 153.35745977859725, 153.35745977859725, 'SEARCH'
10, 26172, 153.37161285971288, 153.37161285971288, 'SEARCH'
10, 26173, 153.38348741630492, 153.38348741630492, 'SEARCH'
10, 26174, 153.39594012951275, 153.39594012951275, 'SEARCH'
10, 26175, 153.423492577592, 153.423492577592, 'SEARCH'
10, 26176, 153.43791858307094, 153.43791858307094, 'SEARCH'
10, 26177, 153.4435318991877, 153.4435318991877, 'SEARCH'
10, 26178, 153.45996676812698, 153.45996676812698, 'SEARCH'
10, 26179, 153.47522735180468, 153.47522735180468, 'SEARCH'
10, 26180, 153.50283326329372, 153.50283326329372, 'SEARCH'
10, 26181, 153.52118952984588, 153.52118952984588, 'SEARCH'
10, 26182, 153.52958459054216, 153.52958459054216, 'SEARCH'
10, 26183, 153.5297508187219, 153.5297508187219, 'SEARCH'
10, 26184, 153.5485493630546, 153.5485493630546, 'SEARCH'
10, 26185, 153.57627950255986, 153.57627950255986, 'SEARCH'
10, 26186, 153.59940156510123, 153.59940156510123, 'SEARCH'
10, 26187, 153.624287348729, 153.624287348729, 'SEARCH'
10, 26188, 153.63453946321252, 153.63453946321252, 'SEARCH'
10, 26189, 153.6563459566008, 153.6563459566008, 'SEARCH'
10, 26190, 153.66010186619437, 153.66010186619437, 'SEARCH'
10, 26191, 153.68606257460095, 153.68606257460095, 'SEARCH'
10, 26192, 153.71016207549846, 153.71016207549846, 'SEARCH'
10, 26193, 153.7321127611209, 153.7321127611209, 'SEARCH'
10, 26194, 153.7405846409811, 153.7405846409811, 'SEARCH'
10, 26195, 153.76191839769308, 153.76191839769308, 'SEARCH'
10, 26196, 153.77571729941243, 153.77571729941243, 'SEARCH'
10, 26197, 153.79631088894598, 153.79631088894598, 'SEARCH'
10, 26198, 153.79916569998036, 153.79916569998036, 'SEARCH'
10, 26199, 153.80868124040262, 153.80868124040262, 'SEARCH'
10, 26200, 153.83271462443182, 153.83271462443182, 'SEARCH'
10, 26201, 153.86048770158183, 153.86048770158183, 'SEARCH'
10, 26202, 153.8752264828255, 153.8752264828255, 'SEARCH'
10, 26203, 153.88189963059733, 153.88189963059733, 'SEARCH'
10, 26204, 153.88578085668743, 153.88578085668743, 'SEARCH'
10, 26205, 153.90799383624457, 153.90799383624457, 'SEARCH'
10, 26206, 153.92276872600192, 153.92276872600192, 'SEARCH'
10, 26207, 153.9348638392005, 153.9348638392005, 'SEARCH'
10, 26208, 153.95648877133695, 153.95648877133695, 'SEARCH'
10, 26209, 153.97549005375808, 153.97549005375808, 'SEARCH'
10, 26210, 154.00216409947055, 154.00216409947055, 'SEARCH'
10, 26211, 154.02601912199012, 154.02601912199012, 'SEARCH'
10, 26212, 154.05368217753715, 154.05368217753715, 'SEARCH'
10, 26213, 154.07802307866802, 154.07802307866802, 'SEARCH'
10, 26214, 154.10425209916136, 154.10425209916136, 'SEARCH'
10, 26215, 154.1275995150531, 154.1275995150531, 'SEARCH'
10, 26216, 154.14030751174917, 154.14030751174917, 'SEARCH'
10, 26217, 154.14210819234057, 154.14210819234057, 'SEARCH'
10, 26218, 154.16534793030374, 154.16534793030374, 'SEARCH'
10, 26219, 154.176721571018, 154.176721571018, 'SEARCH'
10, 26220, 154.1989729466031, 154.1989729466031, 'SEARCH'
10, 26221, 154.22626470038472, 154.22626470038472, 'SEARCH'
10, 26222, 154.24881472915828, 154.24881472915828, 'SEARCH'
10, 26223, 154.27108832522987, 154.27108832522987, 'SEARCH'
10, 26224, 154.29151674029902, 154.29151674029902, 'SEARCH'
10, 26225, 154.30352570512548, 154.30352570512548, 'SEARCH'
10, 26226, 154.33031648695817, 154.33031648695817, 'SEARCH'
10, 26227, 154.35677847105197, 154.35677847105197, 'SEARCH'
10, 26228, 154.3785751465259, 154.3785751465259, 'SEARCH'
10, 26229, 154.40616096511664, 154.40616096511664, 'SEARCH'
10, 26230, 154.4019408135016, 154.4019408135016, 'SEARCH'
10, 26231, 154.39490673668934, 154.39490673668934, 'SEARCH'
10, 26232, 154.39123327005566, 154.39123327005566, 'SEARCH'
10, 26233, 154.39100507322323, 154.39100507322323, 'SEARCH'
10, 26234, 154.41800410619766, 154.41800410619766, 'SEARCH'
10, 26235, 154.4403591648139, 154.4403591648139, 'SEARCH'
10, 26236, 154.46796577980373, 154.46796577980373, 'SEARCH'
10, 26237, 154.4821270166362, 154.4821270166362, 'SEARCH'
10, 26238, 154.5098736244417, 154.5098736244417, 'SEARCH'
10, 26239, 154.5133944281185, 154.5133944281185, 'SEARCH'
10, 26240, 154.5321072834868, 154.5321072834868, 'SEARCH'
10, 26241, 154.54402108269983, 154.54402108269983, 'SEARCH'
10, 26242, 154.57036985517996, 154.57036985517996, 'SEARCH'
10, 26243, 154.5969939827062, 154.5969939827062, 'SEARCH'
10, 26244, 154.61189557640603, 154.61189557640603, 'SEARCH'
10, 26245, 154.63136577548033, 154.63136577548033, 'SEARCH'
10, 26246, 154.63735125417517, 154.63735125417517, 'SEARCH'
10, 26247, 154.6522717847891, 154.6522717847891, 'SEARCH'
10, 26248, 154.649102081663, 154.649102081663, 'SEARCH'
10, 26249, 154.6711341788066, 154.6711341788066, 'SEARCH'
10, 26250, 154.68916342571458, 154.68916342571458, 'SEARCH'
10, 26251, 154.69183524632797, 154.69183524632797, 'SEARCH'
10, 26252, 154.69357424038486, 154.69357424038486, 'SEARCH'
10, 26253, 154.69871232528004, 154.69871232528004, 'SEARCH'
10, 26254, 154.70366581329438, 154.70366581329438, 'SEARCH'
10, 26255, 154.70011554210353, 154.70011554210353, 'SEARCH'
10, 26256, 154.7132727137223, 154.7132727137223, 'SEARCH'
10, 26257, 154.72573756516135, 154.72573756516135, 'SEARCH'
10, 26258, 154.7520454051683, 154.7520454051683, 'SEARCH'
10, 26259, 154.7625885920848, 154.7625885920848, 'SEARCH'
10, 26260, 154.79036471323874, 154.79036471323874, 'SEARCH'
10, 26261, 154.7887261683755, 154.7887261683755, 'SEARCH'
10, 26262, 154.8162781506333, 154.8162781506333, 'SEARCH'
10, 26263, 154.83272605058934, 154.83272605058934, 'SEARCH'
10, 26264, 154.85420035321596, 154.85420035321596, 'SEARCH'
10, 26265, 154.88185806290676, 154.88185806290676, 'SEARCH'
10, 26266, 154.8865243850013, 154.8865243850013, 'SEARCH'
10, 26267, 154.90314065164483, 154.90314065164483, 'SEARCH'
10, 26268, 154.90995786367208, 154.90995786367208, 'SEARCH'
10, 26269, 154.9336984980103, 154.9336984980103, 'SEARCH'
10, 26270, 154.94576816487756, 154.94576816487756, 'SEARCH'
10, 26271, 154.95957955809556, 154.95957955809556, 'SEARCH'
10, 26272, 154.96992886326726, 154.96992886326726, 'SEARCH'
10, 26273, 154.9955100531916, 154.9955100531916, 'SEARCH'
10, 26274, 155.01442067389914, 155.01442067389914, 'SEARCH'
10, 26275, 155.03999913659433, 155.03999913659433, 'SEARCH'
10, 26276, 155.06000800030512, 155.06000800030512, 'SEARCH'
10, 26277, 155.0876857175381, 155.0876857175381, 'SEARCH'
10, 26278, 155.0966614402881, 155.0966614402881, 'SEARCH'
10, 26279, 155.10887404896965, 155.10887404896965, 'SEARCH'
10, 26280, 155.10783223406057, 155.10783223406057, 'SEARCH'
10, 26281, 155.13440715771307, 155.13440715771307, 'SEARCH'
10, 26282, 155.1461007300988, 155.1461007300988, 'SEARCH'
10, 26283, 155.17372843008792, 155.17372843008792, 'SEARCH'
10, 26284, 155.19435339963678, 155.19435339963678, 'SEARCH'
10, 26285, 155.21682937671895, 155.21682937671895, 'SEARCH'
10, 26286, 155.2425952340395, 155.2425952340395, 'SEARCH'
10, 26287, 155.2576865283651, 155.2576865283651, 'SEARCH'
10, 26288, 155.2830559070404, 155.2830559070404, 'SEARCH'
10, 26289, 155.30780364068812, 155.30780364068812, 'SEARCH'
10, 26290, 155.3339035158186, 155.3339035158186, 'SEARCH'
10, 26291, 155.3586569236143, 155.3586569236143, 'SEARCH'
10, 26292, 155.35814620938737, 155.35814620938737, 'SEARCH'
10, 26293, 155.37636289829294, 155.37636289829294, 'SEARCH'
10, 26294, 155.38353371658965, 155.38353371658965, 'SEARCH'
10, 26295, 155.40929412565956, 155.40929412565956, 'SEARCH'
10, 26296, 155.41645980582865, 155.41645980582865, 'SEARCH'
10, 26297, 155.4273231121049, 155.4273231121049, 'SEARCH'
10, 26298, 155.45510085442677, 155.45510085442677, 'SEARCH'
10, 26299, 155.48153372794425, 155.48153372794425, 'SEARCH'
10, 26300, 155.48689428172207, 155.48689428172207, 'SEARCH'
10, 26301, 155.50290629588247, 155.50290629588247, 'SEARCH'
10, 26302, 155.5306623933836, 155.5306623933836, 'SEARCH'
10, 26303, 155.5583012673189, 155.5583012673189, 'SEARCH'
10, 26304, 155.55382096759473, 155.55382096759473, 'SEARCH'
10, 26305, 155.55323530696327, 155.55323530696327, 'SEARCH'
10, 26306, 155.56095449978898, 155.56095449978898, 'SEARCH'
10, 26307, 155.5852006933583, 155.5852006933583, 'SEARCH'
10, 26308, 155.60512270467288, 155.60512270467288, 'SEARCH'
10, 26309, 155.6133044884648, 155.6133044884648, 'SEARCH'
10, 26310, 155.63355272082066, 155.63355272082066, 'SEARCH'
10, 26311, 155.66023335047905, 155.66023335047905, 'SEARCH'
10, 26312, 155.68516941392085, 155.68516941392085, 'SEARCH'
10, 26313, 155.685225749525, 155.685225749525, 'SEARCH'
10, 26314, 155.69599441524596, 155.69599441524596, 'SEARCH'
10, 26315, 155.71699814600436, 155.71699814600436, 'SEARCH'
10, 26316, 155.73769875204525, 155.73769875204525, 'SEARCH'
10, 26317, 155.76528299822056, 155.76528299822056, 'SEARCH'
10, 26318, 155.76034098613596, 155.76034098613596, 'SEARCH'
10, 26319, 155.7796975907607, 155.7796975907607, 'SEARCH'
10, 26320, 155.80404688724576, 155.80404688724576, 'SEARCH'
10, 26321, 155.82816922040917, 155.82816922040917, 'SEARCH'
10, 26322, 155.85253826275357, 155.85253826275357, 'SEARCH'
10, 26323, 155.87539173991175, 155.87539173991175, 'SEARCH'
10, 26324, 155.89523591509743, 155.89523591509743, 'SEARCH'
10, 26325, 155.9221458798715, 155.9221458798715, 'SEARCH'
10, 26326, 155.93860933545542, 155.93860933545542, 'SEARCH'
10, 26327, 155.94362958251048, 155.94362958251048, 'SEARCH'
10, 26328, 155.94192758181984, 155.94192758181984, 'SEARCH'
10, 26329, 155.96035600309966, 155.96035600309966, 'SEARCH'
10, 26330, 155.97683112959936, 155.97683112959936, 'SEARCH'
10, 26331, 155.99970528082707, 155.99970528082707, 'SEARCH'
10, 26332, 156.02145338917737, 156.02145338917737, 'SEARCH'
10, 26333, 156.03681821133765, 156.03681821133765, 'SEARCH'
10, 26334, 156.06395308467629, 156.06395308467629, 'SEARCH'
10, 26335, 156.07935427276502, 156.07935427276502, 'SEARCH'
10, 26336, 156.10710031253478, 156.10710031253478, 'SEARCH'
10, 26337, 156.1215135225006, 156.1215135225006, 'SEARCH'
10, 26338, 156.1269647602961, 156.1269647602961, 'SEARCH'
10, 26339, 156.15162852847112, 156.15162852847112, 'SEARCH'
10, 26340, 156.1678188548914, 156.1678188548914, 'SEARCH'
10, 26341, 156.18736352456546, 156.18736352456546, 'SEARCH'
10, 26342, 156.18725508729756, 156.18725508729756, 'SEARCH'
10, 26343, 156.1881527992219, 156.1881527992219, 'SEARCH'
10, 26344, 156.2131039500551, 156.2131039500551, 'SEARCH'
10, 26345, 156.23241109654103, 156.23241109654103, 'SEARCH'
10, 26346, 156.2545718253344, 156.2545718253344, 'SEARCH'
10, 26347, 156.27645243130033, 156.27645243130033, 'SEARCH'
10, 26348, 156.30119725904993, 156.30119725904993, 'SEARCH'
10, 26349, 156.3278993859416, 156.3278993859416, 'SEARCH'
10, 26350, 156.34461012394036, 156.34461012394036, 'SEARCH'
10, 26351, 156.3638889926076, 156.3638889926076, 'SEARCH'
10, 26352, 156.3609854299982, 156.3609854299982, 'SEARCH'
10, 26353, 156.3634434711433, 156.3634434711433, 'SEARCH'
10, 26354, 156.39072486033453, 156.39072486033453, 'SEARCH'
10, 26355, 156.41315223815783, 156.41315223815783, 'SEARCH'
10, 26356, 156.42224495245506, 156.42224495245506, 'SEARCH'
10, 26357, 156.44294518516395, 156.44294518516395, 'SEARCH'
10, 26358, 156.46786425876948, 156.46786425876948, 'SEARCH'
10, 26359, 156.46553089366898, 156.46553089366898, 'SEARCH'
10, 26360, 156.4709541188041, 156.4709541188041, 'SEARCH'
10, 26361, 156.49001601974533, 156.49001601974533, 'SEARCH'
10, 26362, 156.5107827025778, 156.5107827025778, 'SEARCH'
10, 26363, 156.53643271895342, 156.53643271895342, 'SEARCH'
10, 26364, 156.5414714725546, 156.5414714725546, 'SEARCH'
10, 26365, 156.55913078134742, 156.55913078134742, 'SEARCH'
10, 26366, 156.55596756982848, 156.55596756982848, 'SEARCH'
10, 26367, 156.57884932960908, 156.57884932960908, 'SEARCH'
10, 26368, 156.60632279150508, 156.60632279150508, 'SEARCH'
10, 26369, 156.60800409118346, 156.60800409118346, 'SEARCH'
10, 26370, 156.63194973939065, 156.63194973939065, 'SEARCH'
10, 26371, 156.63263826719478, 156.63263826719478, 'SEARCH'
10, 26372, 156.65898090948795, 156.65898090948795, 'SEARCH'
10, 26373, 156.68291987208556, 156.68291987208556, 'SEARCH'
10, 26374, 156.68890720906757, 156.68890720906757, 'SEARCH'
10, 26375, 156.71002176582073, 156.71002176582073, 'SEARCH'
10, 26376, 156.7211069847988, 156.7211069847988, 'SEARCH'
10, 26377, 156.72941910587505, 156.72941910587505, 'SEARCH'
10, 26378, 156.75231474247818, 156.75231474247818, 'SEARCH'
10, 26379, 156.77953005469675, 156.77953005469675, 'SEARCH'
10, 26380, 156.78602729925052, 156.78602729925052, 'SEARCH'
10, 26381, 156.78815792267469, 156.78815792267469, 'SEARCH'
10, 26382, 156.81399884079275, 156.81399884079275, 'SEARCH'
10, 26383, 156.8400197273755, 156.8400197273755, 'SEARCH'
10, 26384, 156.85017889022535, 156.85017889022535, 'SEARCH'
10, 26385, 156.86590338094894, 156.86590338094894, 'SEARCH'
10, 26386, 156.89077266575643, 156.89077266575643, 'SEARCH'
10, 26387, 156.89299461071423, 156.89299461071423, 'SEARCH'
10, 26388, 156.88737741769927, 156.88737741769927, 'SEARCH'
10, 26389, 156.915105968369, 156.915105968369, 'SEARCH'
10, 26390, 156.94240966031447, 156.94240966031447, 'SEARCH'
10, 26391, 156.9426975748068, 156.9426975748068, 'SEARCH'
10, 26392, 156.9675940737629, 156.9675940737629, 'SEARCH'
10, 26393, 156.98767166045883, 156.98767166045883, 'SEARCH'
10, 26394, 156.99926397240594, 156.99926397240594, 'SEARCH'
10, 26395, 157.00657480634948, 157.00657480634948, 'SEARCH'
10, 26396, 156.99954163126293, 156.99954163126293, 'SEARCH'
10, 26397, 157.02540223904253, 157.02540223904253, 'SEARCH'
10, 26398, 157.02703783328133, 157.02703783328133, 'SEARCH'
10, 26399, 157.04194398564266, 157.04194398564266, 'SEARCH'
10, 26400, 157.0412248427847, 157.0412248427847, 'SEARCH'
10, 26401, 157.04480457054916, 157.04480457054916, 'SEARCH'
10, 26402, 157.0493970425649, 157.0493970425649, 'SEARCH'
10, 26403, 157.06311472447072, 157.06311472447072, 'SEARCH'
10, 26404, 157.08778922831746, 157.08778922831746, 'SEARCH'
10, 26405, 157.11017267512855, 157.11017267512855, 'SEARCH'
10, 26406, 157.13440370373127, 157.13440370373127, 'SEARCH'
10, 26407, 157.13403454357012, 157.13403454357012, 'SEARCH'
10, 26408, 157.14563409397502, 157.14563409397502, 'SEARCH'
10, 26409, 157.17308848686332, 157.17308848686332, 'SEARCH'
10, 26410, 157.17612127494172, 157.17612127494172, 'SEARCH'
10, 26411, 157.19869272028362, 157.19869272028362, 'SEARCH'
10, 26412, 157.21438644411552, 157.21438644411552, 'SEARCH'
10, 26413, 157.21658010965098, 157.21658010965098, 'SEARCH'
10, 26414, 157.24023706911376, 157.24023706911376, 'SEARCH'
10, 26415, 157.24763227684875, 157.24763227684875, 'SEARCH'
10, 26416, 157.27510629157928, 157.27510629157928, 'SEARCH'
10, 26417, 157.3017348914319, 157.3017348914319, 'SEARCH'
10, 26418, 157.31326428052208, 157.31326428052208, 'SEARCH'
10, 26419, 157.3401692530791, 157.3401692530791, 'SEARCH'
10, 26420, 157.33744578337297, 157.33744578337297, 'SEARCH'
10, 26421, 157.36498299642085, 157.36498299642085, 'SEARCH'
10, 26422, 157.36427680508453, 157.36427680508453, 'SEARCH'
10, 26423, 157.37023065098217, 157.37023065098217, 'SEARCH'
10, 26424, 157.37574654075559, 157.37574654075559, 'SEARCH'
10, 26425, 157.39302697393688, 157.39302697393688, 'SEARCH'
10, 26426, 157.39134912844628, 157.39134912844628, 'SEARCH'
10, 26427, 157.41555352577663, 157.41555352577663, 'SEARCH'
10, 26428, 157.4256604338764, 157.4256604338764, 'SEARCH'
10, 26429, 157.43669625627024, 157.43669625627024, 'SEARCH'
10, 26430, 157.43595926661854, 157.43595926661854, 'SEARCH'
10, 26431, 157.4599082731448, 157.4599082731448, 'SEARCH'
10, 26432, 157.47567960650434, 157.47567960650434, 'SEARCH'
10, 26433, 157.49377760495776, 157.49377760495776, 'SEARCH'
10, 26434, 157.49826021792944, 157.49826021792944, 'SEARCH'
10, 26435, 157.5128287107351, 157.5128287107351, 'SEARCH'
10, 26436, 157.5229202734726, 157.5229202734726, 'SEARCH'
10, 26437, 157.55061688948447, 157.55061688948447, 'SEARCH'
10, 26438, 157.5576270760999, 157.5576270760999, 'SEARCH'
10, 26439, 157.57681622123212, 157.57681622123212, 'SEARCH'
10, 26440, 157.60437177552092, 157.60437177552092, 'SEARCH'
10, 26441, 157.62460449651687, 157.62460449651687, 'SEARCH'
10, 26442, 157.624023222274, 157.624023222274, 'SEARCH'
10, 26443, 157.6517658530783, 157.6517658530783, 'SEARCH'
10, 26444, 157.65994700292953, 157.65994700292953, 'SEARCH'
10, 26445, 157.67674489907913, 157.67674489907913, 'SEARCH'
10, 26446, 157.70427081524656, 157.70427081524656, 'SEARCH'
10, 26447, 157.72048146242477, 157.72048146242477, 'SEARCH'
10, 26448, 157.74734199571202, 157.74734199571202, 'SEARCH'
10, 26449, 157.76707385249267, 157.76707385249267, 'SEARCH'
10, 26450, 157.77822740984882, 157.77822740984882, 'SEARCH'
10, 26451, 157.80532069566215, 157.80532069566215, 'SEARCH'
10, 26452, 157.79846916790498, 157.79846916790498, 'SEARCH'
10, 26453, 157.81549507991994, 157.81549507991994, 'SEARCH'
10, 26454, 157.83292426962672, 157.83292426962672, 'SEARCH'
10, 26455, 157.85765721484844, 157.85765721484844, 'SEARCH'
10, 26456, 157.88528042276647, 157.88528042276647, 'SEARCH'
10, 26457, 157.91298897983256, 157.91298897983256, 'SEARCH'
10, 26458, 157.9405569092294, 157.9405569092294, 'SEARCH'
10, 26459, 157.94251600319294, 157.94251600319294, 'SEARCH'
10, 26460, 157.96936320144815, 157.96936320144815, 'SEARCH'
10, 26461, 157.99560289666033, 157.99560289666033, 'SEARCH'
10, 26462, 158.0162897896323, 158.0162897896323, 'SEARCH'
10, 26463, 158.04362882974286, 158.04362882974286, 'SEARCH'
10, 26464, 158.07121060346557, 158.07121060346557, 'SEARCH'
10, 26465, 158.09507232296582, 158.09507232296582, 'SEARCH'
10, 26466, 158.12087370464437, 158.12087370464437, 'SEARCH'
10, 26467, 158.12678852658144, 158.12678852658144, 'SEARCH'
10, 26468, 158.14886217741363, 158.14886217741363, 'SEARCH'
10, 26469, 158.15352661480628, 158.15352661480628, 'SEARCH'
10, 26470, 158.18101680022826, 158.18101680022826, 'SEARCH'
10, 26471, 158.2051328261421, 158.2051328261421, 'SEARCH'
10, 26472, 158.22361295410104, 158.22361295410104, 'SEARCH'
10, 26473, 158.2511975199975, 158.2511975199975, 'SEARCH'
10, 26474, 158.27555240377316, 158.27555240377316, 'SEARCH'
10, 26475, 158.2984987120511, 158.2984987120511, 'SEARCH'
10, 26476, 158.32186407640813, 158.32186407640813, 'SEARCH'
10, 26477, 158.34646157054507, 158.34646157054507, 'SEARCH'
10, 26478, 158.35835917197824, 158.35835917197824, 'SEARCH'
10, 26479, 158.35572552739416, 158.35572552739416, 'SEARCH'
10, 26480, 158.35831814972943, 158.35831814972943, 'SEARCH'
10, 26481, 158.38496021609305, 158.38496021609305, 'SEARCH'
10, 26482, 158.39046220437265, 158.39046220437265, 'SEARCH'
10, 26483, 158.41439853117248, 158.41439853117248, 'SEARCH'
10, 26484, 158.43615543313064, 158.43615543313064, 'SEARCH'
10, 26485, 158.45901530916123, 158.45901530916123, 'SEARCH'
10, 26486, 158.45784086995118, 158.45784086995118, 'SEARCH'
10, 26487, 158.4605811334222, 158.4605811334222, 'SEARCH'
10, 26488, 158.4883141480039, 158.4883141480039, 'SEARCH'
10, 26489, 158.5152946958868, 158.5152946958868, 'SEARCH'
10, 26490, 158.54302775059807, 158.54302775059807, 'SEARCH'
10, 26491, 158.55596650807243, 158.55596650807243, 'SEARCH'
10, 26492, 158.5695006856765, 158.5695006856765, 'SEARCH'
10, 26493, 158.58025200755554, 158.58025200755554, 'SEARCH'
10, 26494, 158.5896856183556, 158.5896856183556, 'SEARCH'
10, 26495, 158.61579869694546, 158.61579869694546, 'SEARCH'
10, 26496, 158.6395878278114, 158.6395878278114, 'SEARCH'
10, 26497, 158.65924078752695, 158.65924078752695, 'SEARCH'
10, 26498, 158.6683240901786, 158.6683240901786, 'SEARCH'
10, 26499, 158.69325542098727, 158.69325542098727, 'SEARCH'
10, 26500, 158.6951354613887, 158.6951354613887, 'SEARCH'
10, 26501, 158.7194381465808, 158.7194381465808, 'SEARCH'
10, 26502, 158.72799124515697, 158.72799124515697, 'SEARCH'
10, 26503, 158.74620846668836, 158.74620846668836, 'SEARCH'
10, 26504, 158.7510515995422, 158.7510515995422, 'SEARCH'
10, 26505, 158.75449670780552, 158.75449670780552, 'SEARCH'
10, 26506, 158.7667646527696, 158.7667646527696, 'SEARCH'
10, 26507, 158.7873156349855, 158.7873156349855, 'SEARCH'
10, 26508, 158.81429366708346, 158.81429366708346, 'SEARCH'
10, 26509, 158.83899300036228, 158.83899300036228, 'SEARCH'
10, 26510, 158.83377969248784, 158.83377969248784, 'SEARCH'
10, 26511, 158.85351370893446, 158.85351370893446, 'SEARCH'
10, 26512, 158.87073907361986, 158.87073907361986, 'SEARCH'
10, 26513, 158.89752114318244, 158.89752114318244, 'SEARCH'
10, 26514, 158.90299065953238, 158.90299065953238, 'SEARCH'
10, 26515, 158.8978997700796, 158.8978997700796, 'SEARCH'
10, 26516, 158.91837092155143, 158.91837092155143, 'SEARCH'
10, 26517, 158.93286892541414, 158.93286892541414, 'SEARCH'
10, 26518, 158.95400129395364, 158.95400129395364, 'SEARCH'
10, 26519, 158.96976757475107, 158.96976757475107, 'SEARCH'
10, 26520, 158.9921399379371, 158.9921399379371, 'SEARCH'
10, 26521, 159.01990556545474, 159.01990556545474, 'SEARCH'
10, 26522, 159.04199734277336, 159.04199734277336, 'SEARCH'
10, 26523, 159.0675156341069, 159.0675156341069, 'SEARCH'
10, 26524, 159.09526123499214, 159.09526123499214, 'SEARCH'
10, 26525, 159.11849027234072, 159.11849027234072, 'SEARCH'
10, 26526, 159.129882617741, 159.129882617741, 'SEARCH'
10, 26527, 159.15756685059281, 159.15756685059281, 'SEARCH'
10, 26528, 159.15023146728106, 159.15023146728106, 'SEARCH'
10, 26529, 159.16567425919828, 159.16567425919828, 'SEARCH'
10, 26530, 159.19045855482145, 159.19045855482145, 'SEARCH'
10, 26531, 159.2158746038123, 159.2158746038123, 'SEARCH'
10, 26532, 159.21285256031834, 159.21285256031834, 'SEARCH'
10, 26533, 159.2340826688437, 159.2340826688437, 'SEARCH'
10, 26534, 159.25570220633784, 159.25570220633784, 'SEARCH'
10, 26535, 159.28166399481904, 159.28166399481904, 'SEARCH'
10, 26536, 159.28301765918872, 159.28301765918872, 'SEARCH'
10, 26537, 159.30329392875856, 159.30329392875856, 'SEARCH'
10, 26538, 159.33105583429563, 159.33105583429563, 'SEARCH'
10, 26539, 159.356246179014, 159.356246179014, 'SEARCH'
10, 26540, 159.36759703827516, 159.36759703827516, 'SEARCH'
10, 26541, 159.36818064048146, 159.36818064048146, 'SEARCH'
10, 26542, 159.39101618537288, 159.39101618537288, 'SEARCH'
10, 26543, 159.41815102483594, 159.41815102483594, 'SEARCH'
10, 26544, 159.425648857424, 159.425648857424, 'SEARCH'
10, 26545, 159.42358729758712, 159.42358729758712, 'SEARCH'
10, 26546, 159.44351296374026, 159.44351296374026, 'SEARCH'
10, 26547, 159.4478060708132, 159.4478060708132, 'SEARCH'
10, 26548, 159.45955493484286, 159.45955493484286, 'SEARCH'
10, 26549, 159.47810350245936, 159.47810350245936, 'SEARCH'
10, 26550, 159.50492914979822, 159.50492914979822, 'SEARCH'
10, 26551, 159.51306404492885, 159.51306404492885, 'SEARCH'
10, 26552, 159.54080070923456, 159.54080070923456, 'SEARCH'
10, 26553, 159.5629497135373, 159.5629497135373, 'SEARCH'
10, 26554, 159.58227111480775, 159.58227111480775, 'SEARCH'
10, 26555, 159.5917063069645, 159.5917063069645, 'SEARCH'
10, 26556, 159.61132727971386, 159.61132727971386, 'SEARCH'
10, 26557, 159.63229071178657, 159.63229071178657, 'SEARCH'
10, 26558, 159.64312141585384, 159.64312141585384, 'SEARCH'
10, 26559, 159.6708620201014, 159.6708620201014, 'SEARCH'
10, 26560, 159.69863514941378, 159.69863514941378, 'SEARCH'
10, 26561, 159.72140454707633, 159.72140454707633, 'SEARCH'
10, 26562, 159.73353200830914, 159.73353200830914, 'SEARCH'
10, 26563, 159.76130525519133, 159.76130525519133, 'SEARCH'
10, 26564, 159.76181005793177, 159.76181005793177, 'SEARCH'
10, 26565, 159.7747939581788, 159.7747939581788, 'SEARCH'
10, 26566, 159.78340350264514, 159.78340350264514, 'SEARCH'
10, 26567, 159.80044955249315, 159.80044955249315, 'SEARCH'
10, 26568, 159.81430562373126, 159.81430562373126, 'SEARCH'
10, 26569, 159.83102369909983, 159.83102369909983, 'SEARCH'
10, 26570, 159.85876132896882, 159.85876132896882, 'SEARCH'
10, 26571, 159.8846794802727, 159.8846794802727, 'SEARCH'
10, 26572, 159.89415335587023, 159.89415335587023, 'SEARCH'
10, 26573, 159.89511045747096, 159.89511045747096, 'SEARCH'
10, 26574, 159.92027190617836, 159.92027190617836, 'SEARCH'
10, 26575, 159.94409093444057, 159.94409093444057, 'SEARCH'
10, 26576, 159.96084284285666, 159.96084284285666, 'SEARCH'
10, 26577, 159.98217439268646, 159.98217439268646, 'SEARCH'
10, 26578, 160.00173561080513, 160.00173561080513, 'SEARCH'
10, 26579, 160.00759380241303, 160.00759380241303, 'SEARCH'
10, 26580, 160.03147050793976, 160.03147050793976, 'SEARCH'
10, 26581, 160.02413028948743, 160.02413028948743, 'SEARCH'
10, 26582, 160.05158332288906, 160.05158332288906, 'SEARCH'
10, 26583, 160.0531595470753, 160.0531595470753, 'SEARCH'
10, 26584, 160.0609774293261, 160.0609774293261, 'SEARCH'
10, 26585, 160.08662927047112, 160.08662927047112, 'SEARCH'
10, 26586, 160.08833368485045, 160.08833368485045, 'SEARCH'
10, 26587, 160.0886295885666, 160.0886295885666, 'SEARCH'
10, 26588, 160.11537055981455, 160.11537055981455, 'SEARCH'
10, 26589, 160.12224577434367, 160.12224577434367, 'SEARCH'
10, 26590, 160.1456934026046, 160.1456934026046, 'SEARCH'
10, 26591, 160.1498566914196, 160.1498566914196, 'SEARCH'
10, 26592, 160.16058128460259, 160.16058128460259, 'SEARCH'
10, 26593, 160.16096633217927, 160.16096633217927, 'SEARCH'
10, 26594, 160.1818947812996, 160.1818947812996, 'SEARCH'
10, 26595, 160.20517619623982, 160.20517619623982, 'SEARCH'
10, 26596, 160.22412499369986, 160.22412499369986, 'SEARCH'
10, 26597, 160.24511675559881, 160.24511675559881, 'SEARCH'
10, 26598, 160.2728215273979, 160.2728215273979, 'SEARCH'
10, 26599, 160.29436106176843, 160.29436106176843, 'SEARCH'
10, 26600, 160.31033482458255, 160.31033482458255, 'SEARCH'
10, 26601, 160.32553913832544, 160.32553913832544, 'SEARCH'
10, 26602, 160.3409637093737, 160.3409637093737, 'SEARCH'
10, 26603, 160.35911584418957, 160.35911584418957, 'SEARCH'
10, 26604, 160.3791410909961, 160.3791410909961, 'SEARCH'
10, 26605, 160.40264605854196, 160.40264605854196, 'SEARCH'
10, 26606, 160.4168868815058, 160.4168868815058, 'SEARCH'
10, 26607, 160.44462451192257, 160.44462451192257, 'SEARCH'
10, 26608, 160.44708616127744, 160.44708616127744, 'SEARCH'
10, 26609, 160.47437009443738, 160.47437009443738, 'SEARCH'
10, 26610, 160.49100716239371, 160.49100716239371, 'SEARCH'
10, 26611, 160.49860080898284, 160.49860080898284, 'SEARCH'
10, 26612, 160.52357693619302, 160.52357693619302, 'SEARCH'
10, 26613, 160.53665841114974, 160.53665841114974, 'SEARCH'
10, 26614, 160.55458168309556, 160.55458168309556, 'SEARCH'
10, 26615, 160.56396257841132, 160.56396257841132, 'SEARCH'
10, 26616, 160.59100919693745, 160.59100919693745, 'SEARCH'
10, 26617, 160.58996147165567, 160.58996147165567, 'SEARCH'
10, 26618, 160.6172228512043, 160.6172228512043, 'SEARCH'
10, 26619, 160.63912844840115, 160.63912844840115, 'SEARCH'
10, 26620, 160.6609814442771, 160.6609814442771, 'SEARCH'
10, 26621, 160.67733556786482, 160.67733556786482, 'SEARCH'
10, 26622, 160.6952469768051, 160.6952469768051, 'SEARCH'
10, 26623, 160.72302225342108, 160.72302225342108, 'SEARCH'
10, 26624, 160.7243591970317, 160.7243591970317, 'SEARCH'
10, 26625, 160.71994445109652, 160.71994445109652, 'SEARCH'
10, 26626, 160.73170480220517, 160.73170480220517, 'SEARCH'
10, 26627, 160.74068449760904, 160.74068449760904, 'SEARCH'
10, 26628, 160.76448215984334, 160.76448215984334, 'SEARCH'
10, 26629, 160.78751298116413, 160.78751298116413, 'SEARCH'
10, 26630, 160.80502005567007, 160.80502005567007, 'SEARCH'
10, 26631, 160.8324671295252, 160.8324671295252, 'SEARCH'
10, 26632, 160.85939928283474, 160.85939928283474, 'SEARCH'
10, 26633, 160.88072758078576, 160.88072758078576, 'SEARCH'
10, 26634, 160.90434284651636, 160.90434284651636, 'SEARCH'
10, 26635, 160.9022662944972, 160.9022662944972, 'SEARCH'
10, 26636, 160.9052608531499, 160.9052608531499, 'SEARCH'
10, 26637, 160.93298033022654, 160.93298033022654, 'SEARCH'
10, 26638, 160.95507604373665, 160.95507604373665, 'SEARCH'
10, 26639, 160.95906208613772, 160.95906208613772, 'SEARCH'
10, 26640, 160.98013683604097, 160.98013683604097, 'SEARCH'
10, 26641, 161.00649142849534, 161.00649142849534, 'SEARCH'
10, 26642, 161.00571475845885, 161.00571475845885, 'SEARCH'
10, 26643, 161.02887929546895, 161.02887929546895, 'SEARCH'
10, 26644, 161.04580873937613, 161.04580873937613, 'SEARCH'
10, 26645, 161.06314748039986, 161.06314748039986, 'SEARCH'
10, 26646, 161.08074340694097, 161.08074340694097, 'SEARCH'
10, 26647, 161.08538166333966, 161.08538166333966, 'SEARCH'
10, 26648, 161.11184325837073, 161.11184325837073, 'SEARCH'
10, 26649, 161.10449911038137, 161.10449911038137, 'SEARCH'
10, 26650, 161.11272826219954, 161.11272826219954, 'SEARCH'
10, 26651, 161.1398653106999, 161.1398653106999, 'SEARCH'
10, 26652, 161.1619565469261, 161.1619565469261, 'SEARCH'
10, 26653, 161.17877599424773, 161.17877599424773, 'SEARCH'
10, 26654, 161.20654606431114, 161.20654606431114, 'SEARCH'
10, 26655, 161.21356826834727, 161.21356826834727, 'SEARCH'
10, 26656, 161.22475015728284, 161.22475015728284, 'SEARCH'
10, 26657, 161.24658714148555, 161.24658714148555, 'SEARCH'
10, 26658, 161.25325084664442, 161.25325084664442, 'SEARCH'
10, 26659, 161.25471651092505, 161.25471651092505, 'SEARCH'
10, 26660, 161.27722482071593, 161.27722482071593, 'SEARCH'
10, 26661, 161.30441471939503, 161.30441471939503, 'SEARCH'
10, 26662, 161.31123860367185, 161.31123860367185, 'SEARCH'
10, 26663, 161.33837662962975, 161.33837662962975, 'SEARCH'
10, 26664, 161.34801748880574, 161.34801748880574, 'SEARCH'
10, 26665, 161.3467603341586, 161.3467603341586, 'SEARCH'
10, 26666, 161.36249133638523, 161.36249133638523, 'SEARCH'
10, 26667, 161.37981046731835, 161.37981046731835, 'SEARCH'
10, 26668, 161.38384707023656, 161.38384707023656, 'SEARCH'
10, 26669, 161.40589734966414, 161.40589734966414, 'SEARCH'
10, 26670, 161.43277854479393, 161.43277854479393, 'SEARCH'
10, 26671, 161.4580427587146, 161.4580427587146, 'SEARCH'
10, 26672, 161.47129245032855, 161.47129245032855, 'SEARCH'
10, 26673, 161.49906173143302, 161.49906173143302, 'SEARCH'
10, 26674, 161.5126999424045, 161.5126999424045, 'SEARCH'
10, 26675, 161.5318168637409, 161.5318168637409, 'SEARCH'
10, 26676, 161.5592092149468, 161.5592092149468, 'SEARCH'
10, 26677, 161.5806342365942, 161.5806342365942, 'SEARCH'
10, 26678, 161.60664551768198, 161.60664551768198, 'SEARCH'
10, 26679, 161.6015753874255, 161.6015753874255, 'SEARCH'
10, 26680, 161.6200125809021, 161.6200125809021, 'SEARCH'
10, 26681, 161.63847524121437, 161.63847524121437, 'SEARCH'
10, 26682, 161.6373732012654, 161.6373732012654, 'SEARCH'
10, 26683, 161.66376574989357, 161.66376574989357, 'SEARCH'
10, 26684, 161.69104671972607, 161.69104671972607, 'SEARCH'
10, 26685, 161.71618576270964, 161.71618576270964, 'SEARCH'
10, 26686, 161.73177532212492, 161.73177532212492, 'SEARCH'
10, 26687, 161.75588745286313, 161.75588745286313, 'SEARCH'
10, 26688, 161.75699782444505, 161.75699782444505, 'SEARCH'
10, 26689, 161.76767505633708, 161.76767505633708, 'SEARCH'
10, 26690, 161.7950049480537, 161.7950049480537, 'SEARCH'
10, 26691, 161.82146684987887, 161.82146684987887, 'SEARCH'
10, 26692, 161.8386960845704, 161.8386960845704, 'SEARCH'
10, 26693, 161.8365542612346, 161.8365542612346, 'SEARCH'
10, 26694, 161.84057265884155, 161.84057265884155, 'SEARCH'
10, 26695, 161.8374656524627, 161.8374656524627, 'SEARCH'
10, 26696, 161.8568721833676, 161.8568721833676, 'SEARCH'
10, 26697, 161.86434268396775, 161.86434268396775, 'SEARCH'
10, 26698, 161.88771828963158, 161.88771828963158, 'SEARCH'
10, 26699, 161.88512071438112, 161.88512071438112, 'SEARCH'
10, 26700, 161.90094962753955, 161.90094962753955, 'SEARCH'
10, 26701, 161.9205295232472, 161.9205295232472, 'SEARCH'
10, 26702, 161.93488301798902, 161.93488301798902, 'SEARCH'
10, 26703, 161.93546835879056, 161.93546835879056, 'SEARCH'
10, 26704, 161.93918424919747, 161.93918424919747, 'SEARCH'
10, 26705, 161.96342975715396, 161.96342975715396, 'SEARCH'
10, 26706, 161.98836066813055, 161.98836066813055, 'SEARCH'
10, 26707, 161.9941972096169, 161.9941972096169, 'SEARCH'
10, 26708, 162.01755519492525, 162.01755519492525, 'SEARCH'
10, 26709, 162.0111653612867, 162.0111653612867, 'SEARCH'
10, 26710, 162.03669797613026, 162.03669797613026, 'SEARCH'
10, 26711, 162.0371044187248, 162.0371044187248, 'SEARCH'
10, 26712, 162.05805067242352, 162.05805067242352, 'SEARCH'
10, 26713, 162.07023031572825, 162.07023031572825, 'SEARCH'
10, 26714, 162.06497631369334, 162.06497631369334, 'SEARCH'
10, 26715, 162.075473135561, 162.075473135561, 'SEARCH'
10, 26716, 162.1026135517382, 162.1026135517382, 'SEARCH'
10, 26717, 162.11199267068477, 162.11199267068477, 'SEARCH'
10, 26718, 162.138803325013, 162.138803325013, 'SEARCH'
10, 26719, 162.15263887706192, 162.15263887706192, 'SEARCH'
10, 26720, 162.17981268084793, 162.17981268084793, 'SEARCH'
10, 26721, 162.20141324495515, 162.20141324495515, 'SEARCH'
10, 26722, 162.21086680709388, 162.21086680709388, 'SEARCH'
10, 26723, 162.225173597706, 162.225173597706, 'SEARCH'
10, 26724, 162.24994506308295, 162.24994506308295, 'SEARCH'
10, 26725, 162.2593755161878, 162.2593755161878, 'SEARCH'
10, 26726, 162.28098008210202, 162.28098008210202, 'SEARCH'
10, 26727, 162.29696480285793, 162.29696480285793, 'SEARCH'
10, 26728, 162.323560442214, 162.323560442214, 'SEARCH'
10, 26729, 162.3441171812802, 162.3441171812802, 'SEARCH'
10, 26730, 162.3497976888648, 162.3497976888648, 'SEARCH'
10, 26731, 162.36236688008518, 162.36236688008518, 'SEARCH'
10, 26732, 162.3782977581703, 162.3782977581703, 'SEARCH'
10, 26733, 162.40485062132024, 162.40485062132024, 'SEARCH'
10, 26734, 162.41616562039295, 162.41616562039295, 'SEARCH'
10, 26735, 162.4292633727596, 162.4292633727596, 'SEARCH'
10, 26736, 162.45549218285058, 162.45549218285058, 'SEARCH'
10, 26737, 162.45848247120836, 162.45848247120836, 'SEARCH'
10, 26738, 162.4852774000147, 162.4852774000147, 'SEARCH'
10, 26739, 162.51280142582212, 162.51280142582212, 'SEARCH'
10, 26740, 162.51413157611444, 162.51413157611444, 'SEARCH'
10, 26741, 162.54186749326547, 162.54186749326547, 'SEARCH'
10, 26742, 162.55310784137166, 162.55310784137166, 'SEARCH'
10, 26743, 162.58037774613405, 162.58037774613405, 'SEARCH'
10, 26744, 162.57320629717623, 162.57320629717623, 'SEARCH'
10, 26745, 162.5932372718857, 162.5932372718857, 'SEARCH'
10, 26746, 162.59216324030328, 162.59216324030328, 'SEARCH'
10, 26747, 162.61990019522625, 162.61990019522625, 'SEARCH'
10, 26748, 162.63539661019732, 162.63539661019732, 'SEARCH'
10, 26749, 162.6411744112522, 162.6411744112522, 'SEARCH'
10, 26750, 162.66470176231567, 162.66470176231567, 'SEARCH'
10, 26751, 162.67044645250016, 162.67044645250016, 'SEARCH'
10, 26752, 162.66998164683687, 162.66998164683687, 'SEARCH'
10, 26753, 162.68000490312446, 162.68000490312446, 'SEARCH'
10, 26754, 162.6866067368463, 162.6866067368463, 'SEARCH'
10, 26755, 162.70414120992248, 162.70414120992248, 'SEARCH'
10, 26756, 162.72471209650047, 162.72471209650047, 'SEARCH'
10, 26757, 162.73007910146387, 162.73007910146387, 'SEARCH'
10, 26758, 162.75530472133227, 162.75530472133227, 'SEARCH'
10, 26759, 162.7808199523657, 162.7808199523657, 'SEARCH'
10, 26760, 162.8024782091857, 162.8024782091857, 'SEARCH'
10, 26761, 162.82187701626543, 162.82187701626543, 'SEARCH'
10, 26762, 162.83016924340913, 162.83016924340913, 'SEARCH'
10, 26763, 162.83664090001307, 162.83664090001307, 'SEARCH'
10, 26764, 162.83732969516964, 162.83732969516964, 'SEARCH'
10, 26765, 162.8461587732784, 162.8461587732784, 'SEARCH'
10, 26766, 162.8580554567265, 162.8580554567265, 'SEARCH'
10, 26767, 162.87090087554864, 162.87090087554864, 'SEARCH'
10, 26768, 162.86913361582666, 162.86913361582666, 'SEARCH'
10, 26769, 162.87133016302354, 162.87133016302354, 'SEARCH'
10, 26770, 162.89902783794832, 162.89902783794832, 'SEARCH'
10, 26771, 162.897252055695, 162.897252055695, 'SEARCH'
10, 26772, 162.92446706820292, 162.92446706820292, 'SEARCH'
10, 26773, 162.94493418419788, 162.94493418419788, 'SEARCH'
10, 26774, 162.9726848767387, 162.9726848767387, 'SEARCH'
10, 26775, 162.974372625601, 162.974372625601, 'SEARCH'
10, 26776, 162.9840567866558, 162.9840567866558, 'SEARCH'
10, 26777, 163.0042040296433, 163.0042040296433, 'SEARCH'
10, 26778, 163.01479912878767, 163.01479912878767, 'SEARCH'
10, 26779, 163.01551512943857, 163.01551512943857, 'SEARCH'
10, 26780, 163.02298059896566, 163.02298059896566, 'SEARCH'
10, 26781, 163.0247739901833, 163.0247739901833, 'SEARCH'
10, 26782, 163.03941790297134, 163.03941790297134, 'SEARCH'
10, 26783, 163.05030885217556, 163.05030885217556, 'SEARCH'
10, 26784, 163.07544623797176, 163.07544623797176, 'SEARCH'
10, 26785, 163.09759343071437, 163.09759343071437, 'SEARCH'
10, 26786, 163.11509366499496, 163.11509366499496, 'SEARCH'
10, 26787, 163.122688301247, 163.122688301247, 'SEARCH'
10, 26788, 163.13939735142984, 163.13939735142984, 'SEARCH'
10, 26789, 163.14568200558952, 163.14568200558952, 'SEARCH'
10, 26790, 163.1655997233194, 163.1655997233194, 'SEARCH'
10, 26791, 163.1903240056074, 163.1903240056074, 'SEARCH'
10, 26792, 163.21509054775422, 163.21509054775422, 'SEARCH'
10, 26793, 163.21564095240873, 163.21564095240873, 'SEARCH'
10, 26794, 163.23620254699674, 163.23620254699674, 'SEARCH'
10, 26795, 163.25578233846508, 163.25578233846508, 'SEARCH'
10, 26796, 163.26441528905036, 163.26441528905036, 'SEARCH'
10, 26797, 163.28465809387222, 163.28465809387222, 'SEARCH'
10, 26798, 163.30629053350717, 163.30629053350717, 'SEARCH'
10, 26799, 163.3076337687459, 163.3076337687459, 'SEARCH'
10, 26800, 163.30914256622833, 163.30914256622833, 'SEARCH'
10, 26801, 163.33511499483032, 163.33511499483032, 'SEARCH'
10, 26802, 163.34170316474214, 163.34170316474214, 'SEARCH'
10, 26803, 163.36919898817968, 163.36919898817968, 'SEARCH'
10, 26804, 163.39321530597306, 163.39321530597306, 'SEARCH'
10, 26805, 163.41753731027939, 163.41753731027939, 'SEARCH'
10, 26806, 163.4402412582048, 163.4402412582048, 'SEARCH'
10, 26807, 163.45491106971272, 163.45491106971272, 'SEARCH'
10, 26808, 163.48174591056542, 163.48174591056542, 'SEARCH'
10, 26809, 163.49036132658222, 163.49036132658222, 'SEARCH'
10, 26810, 163.50676034501777, 163.50676034501777, 'SEARCH'
10, 26811, 163.52217931858615, 163.52217931858615, 'SEARCH'
10, 26812, 163.54739376732232, 163.54739376732232, 'SEARCH'
10, 26813, 163.54775684530304, 163.54775684530304, 'SEARCH'
10, 26814, 163.57353619758268, 163.57353619758268, 'SEARCH'
10, 26815, 163.5824937680924, 163.5824937680924, 'SEARCH'
10, 26816, 163.6087455925218, 163.6087455925218, 'SEARCH'
10, 26817, 163.62624588628412, 163.62624588628412, 'SEARCH'
10, 26818, 163.65296744283313, 163.65296744283313, 'SEARCH'
10, 26819, 163.67577485253847, 163.67577485253847, 'SEARCH'
10, 26820, 163.6960013400749, 163.6960013400749, 'SEARCH'
10, 26821, 163.72363666186254, 163.72363666186254, 'SEARCH'
10, 26822, 163.75115859246588, 163.75115859246588, 'SEARCH'
10, 26823, 163.77738416362726, 163.77738416362726, 'SEARCH'
10, 26824, 163.77603474058225, 163.77603474058225, 'SEARCH'
10, 26825, 163.78101777433326, 163.78101777433326, 'SEARCH'
10, 26826, 163.7903113968, 163.7903113968, 'SEARCH'
10, 26827, 163.81705871157996, 163.81705871157996, 'SEARCH'
10, 26828, 163.82852850824386, 163.82852850824386, 'SEARCH'
10, 26829, 163.85617847978094, 163.85617847978094, 'SEARCH'
10, 26830, 163.88266702012123, 163.88266702012123, 'SEARCH'
10, 26831, 163.9102662134902, 163.9102662134902, 'SEARCH'
10, 26832, 163.9195273330573, 163.9195273330573, 'SEARCH'
10, 26833, 163.91402975723466, 163.91402975723466, 'SEARCH'
10, 26834, 163.91918978937582, 163.91918978937582, 'SEARCH'
10, 26835, 163.92200751634934, 163.92200751634934, 'SEARCH'
10, 26836, 163.93193546692336, 163.93193546692336, 'SEARCH'
10, 26837, 163.95928701438604, 163.95928701438604, 'SEARCH'
10, 26838, 163.97318370163643, 163.97318370163643, 'SEARCH'
10, 26839, 163.98866925973078, 163.98866925973078, 'SEARCH'
10, 26840, 163.99157847591584, 163.99157847591584, 'SEARCH'
10, 26841, 164.0033755683393, 164.0033755683393, 'SEARCH'
10, 26842, 164.02660917677744, 164.02660917677744, 'SEARCH'
10, 26843, 164.0281412863216, 164.0281412863216, 'SEARCH'
10, 26844, 164.0313903764284, 164.0313903764284, 'SEARCH'
10, 26845, 164.05230334120904, 164.05230334120904, 'SEARCH'
10, 26846, 164.06488282256188, 164.06488282256188, 'SEARCH'
10, 26847, 164.07115085428606, 164.07115085428606, 'SEARCH'
10, 26848, 164.09151986966467, 164.09151986966467, 'SEARCH'
10, 26849, 164.11447968579796, 164.11447968579796, 'SEARCH'
10, 26850, 164.12541987280076, 164.12541987280076, 'SEARCH'
10, 26851, 164.14879808739235, 164.14879808739235, 'SEARCH'
10, 26852, 164.17639105250726, 164.17639105250726, 'SEARCH'
10, 26853, 164.17997482820226, 164.17997482820226, 'SEARCH'
10, 26854, 164.20013620020245, 164.20013620020245, 'SEARCH'
10, 26855, 164.22774246112573, 164.22774246112573, 'SEARCH'
10, 26856, 164.25241634665278, 164.25241634665278, 'SEARCH'
10, 26857, 164.24488890929862, 164.24488890929862, 'SEARCH'
10, 26858, 164.2495217361859, 164.2495217361859, 'SEARCH'
10, 26859, 164.24771724435288, 164.24771724435288, 'SEARCH'
10, 26860, 164.27186975659734, 164.27186975659734, 'SEARCH'
10, 26861, 164.2648913375212, 164.2648913375212, 'SEARCH'
10, 26862, 164.28776367223387, 164.28776367223387, 'SEARCH'
10, 26863, 164.292351733819, 164.292351733819, 'SEARCH'
10, 26864, 164.29877433840113, 164.29877433840113, 'SEARCH'
10, 26865, 164.32589225180197, 164.32589225180197, 'SEARCH'
10, 26866, 164.33424440148394, 164.33424440148394, 'SEARCH'
10, 26867, 164.32817511408325, 164.32817511408325, 'SEARCH'
10, 26868, 164.35419437581243, 164.35419437581243, 'SEARCH'
10, 26869, 164.35490411427273, 164.35490411427273, 'SEARCH'
10, 26870, 164.3803951913564, 164.3803951913564, 'SEARCH'
10, 26871, 164.3815342299237, 164.3815342299237, 'SEARCH'
10, 26872, 164.409259436552, 164.409259436552, 'SEARCH'
10, 26873, 164.43491719202052, 164.43491719202052, 'SEARCH'
10, 26874, 164.43660965184782, 164.43660965184782, 'SEARCH'
10, 26875, 164.44628352509707, 164.44628352509707, 'SEARCH'
10, 26876, 164.45417019712193, 164.45417019712193, 'SEARCH'
10, 26877, 164.47501027539028, 164.47501027539028, 'SEARCH'
10, 26878, 164.501475188827, 164.501475188827, 'SEARCH'
10, 26879, 164.50213629239255, 164.50213629239255, 'SEARCH'
10, 26880, 164.51409064790656, 164.51409064790656, 'SEARCH'
10, 26881, 164.53913957933835, 164.53913957933835, 'SEARCH'
10, 26882, 164.55892967353353, 164.55892967353353, 'SEARCH'
10, 26883, 164.57734094297604, 164.57734094297604, 'SEARCH'
10, 26884, 164.57656476429952, 164.57656476429952, 'SEARCH'
10, 26885, 164.60345467192414, 164.60345467192414, 'SEARCH'
10, 26886, 164.62186273770467, 164.62186273770467, 'SEARCH'
10, 26887, 164.6494097144776, 164.6494097144776, 'SEARCH'
10, 26888, 164.67016972781943, 164.67016972781943, 'SEARCH'
10, 26889, 164.69794616821224, 164.69794616821224, 'SEARCH'
10, 26890, 164.70201675931594, 164.70201675931594, 'SEARCH'
10, 26891, 164.7251940378951, 164.7251940378951, 'SEARCH'
10, 26892, 164.7424435268523, 164.7424435268523, 'SEARCH'
10, 26893, 164.73690731208688, 164.73690731208688, 'SEARCH'
10, 26894, 164.7644991979795, 164.7644991979795, 'SEARCH'
10, 26895, 164.78708382417287, 164.78708382417287, 'SEARCH'
10, 26896, 164.80117365998225, 164.80117365998225, 'SEARCH'
10, 26897, 164.82895075217252, 164.82895075217252, 'SEARCH'
10, 26898, 164.8430026239151, 164.8430026239151, 'SEARCH'
10, 26899, 164.8678606943892, 164.8678606943892, 'SEARCH'
10, 26900, 164.89533039976436, 164.89533039976436, 'SEARCH'
10, 26901, 164.9094326599239, 164.9094326599239, 'SEARCH'
10, 26902, 164.9135938663673, 164.9135938663673, 'SEARCH'
10, 26903, 164.94135879519573, 164.94135879519573, 'SEARCH'
10, 26904, 164.96913433843778, 164.96913433843778, 'SEARCH'
10, 26905, 164.97645807462266, 164.97645807462266, 'SEARCH'
10, 26906, 165.00061473237892, 165.00061473237892, 'SEARCH'
10, 26907, 165.02838289627218, 165.02838289627218, 'SEARCH'
10, 26908, 165.03056649597158, 165.03056649597158, 'SEARCH'
10, 26909, 165.03698462193583, 165.03698462193583, 'SEARCH'
10, 26910, 165.0531090446936, 165.0531090446936, 'SEARCH'
10, 26911, 165.06188427347163, 165.06188427347163, 'SEARCH'
10, 26912, 165.07113614377573, 165.07113614377573, 'SEARCH'
10, 26913, 165.08603027581776, 165.08603027581776, 'SEARCH'
10, 26914, 165.11168560445856, 165.11168560445856, 'SEARCH'
10, 26915, 165.12859407670118, 165.12859407670118, 'SEARCH'
10, 26916, 165.14843834803037, 165.14843834803037, 'SEARCH'
10, 26917, 165.17475321114668, 165.17475321114668, 'SEARCH'
10, 26918, 165.20153662168713, 165.20153662168713, 'SEARCH'
10, 26919, 165.22238794388272, 165.22238794388272, 'SEARCH'
10, 26920, 165.24651044558016, 165.24651044558016, 'SEARCH'
10, 26921, 165.26592881164228, 165.26592881164228, 'SEARCH'
10, 26922, 165.29362260040466, 165.29362260040466, 'SEARCH'
10, 26923, 165.30382167124003, 165.30382167124003, 'SEARCH'
10, 26924, 165.3117861182243, 165.3117861182243, 'SEARCH'
10, 26925, 165.3395576755216, 165.3395576755216, 'SEARCH'
10, 26926, 165.3554020477827, 165.3554020477827, 'SEARCH'
10, 26927, 165.37207349554097, 165.37207349554097, 'SEARCH'
10, 26928, 165.39136382466455, 165.39136382466455, 'SEARCH'
10, 26929, 165.4163458555221, 165.4163458555221, 'SEARCH'
10, 26930, 165.41158066277234, 165.41158066277234, 'SEARCH'
10, 26931, 165.43294003854285, 165.43294003854285, 'SEARCH'
10, 26932, 165.45411358973712, 165.45411358973712, 'SEARCH'
10, 26933, 165.4674785970601, 165.4674785970601, 'SEARCH'
10, 26934, 165.46947164063704, 165.46947164063704, 'SEARCH'
10, 26935, 165.49229526193176, 165.49229526193176, 'SEARCH'
10, 26936, 165.51949778809276, 165.51949778809276, 'SEARCH'
10, 26937, 165.54554418059834, 165.54554418059834, 'SEARCH'
10, 26938, 165.57176446379853, 165.57176446379853, 'SEARCH'
10, 26939, 165.58597907416228, 165.58597907416228, 'SEARCH'
10, 26940, 165.58989120599546, 165.58989120599546, 'SEARCH'
10, 26941, 165.6149067476418, 165.6149067476418, 'SEARCH'
10, 26942, 165.62128835346206, 165.62128835346206, 'SEARCH'
10, 26943, 165.63364551200664, 165.63364551200664, 'SEARCH'
10, 26944, 165.64517971944696, 165.64517971944696, 'SEARCH'
10, 26945, 165.66571070846456, 165.66571070846456, 'SEARCH'
10, 26946, 165.68880914821892, 165.68880914821892, 'SEARCH'
10, 26947, 165.70565913605304, 165.70565913605304, 'SEARCH'
10, 26948, 165.71022555208566, 165.71022555208566, 'SEARCH'
10, 26949, 165.73700621692976, 165.73700621692976, 'SEARCH'
10, 26950, 165.7604727533041, 165.7604727533041, 'SEARCH'
10, 26951, 165.78820544036293, 165.78820544036293, 'SEARCH'
10, 26952, 165.79026177216113, 165.79026177216113, 'SEARCH'
10, 26953, 165.8173689995764, 165.8173689995764, 'SEARCH'
10, 26954, 165.84180255379775, 165.84180255379775, 'SEARCH'
10, 26955, 165.8477330743447, 165.8477330743447, 'SEARCH'
10, 26956, 165.84941121094047, 165.84941121094047, 'SEARCH'
10, 26957, 165.8529867308516, 165.8529867308516, 'SEARCH'
10, 26958, 165.86273182874288, 165.86273182874288, 'SEARCH'
10, 26959, 165.8899349564632, 165.8899349564632, 'SEARCH'
10, 26960, 165.9009413846055, 165.9009413846055, 'SEARCH'
10, 26961, 165.9282567548205, 165.9282567548205, 'SEARCH'
10, 26962, 165.92221232584177, 165.92221232584177, 'SEARCH'
10, 26963, 165.91623503729983, 165.91623503729983, 'SEARCH'
10, 26964, 165.926060844023, 165.926060844023, 'SEARCH'
10, 26965, 165.92501655086858, 165.92501655086858, 'SEARCH'
10, 26966, 165.9522829314527, 165.9522829314527, 'SEARCH'
10, 26967, 165.9785483249712, 165.9785483249712, 'SEARCH'
10, 26968, 165.97610629943992, 165.97610629943992, 'SEARCH'
10, 26969, 166.00384346375833, 166.00384346375833, 'SEARCH'
10, 26970, 166.02282371561063, 166.02282371561063, 'SEARCH'
10, 26971, 166.04871921884555, 166.04871921884555, 'SEARCH'
10, 26972, 166.0618333194055, 166.0618333194055, 'SEARCH'
10, 26973, 166.07724415448897, 166.07724415448897, 'SEARCH'
10, 26974, 166.1031439256052, 166.1031439256052, 'SEARCH'
10, 26975, 166.10369979485137, 166.10369979485137, 'SEARCH'
10, 26976, 166.10626182761595, 166.10626182761595, 'SEARCH'
10, 26977, 166.1026660327992, 166.1026660327992, 'SEARCH'
10, 26978, 166.0958085709849, 166.0958085709849, 'SEARCH'
10, 26979, 166.11140151269316, 166.11140151269316, 'SEARCH'
10, 26980, 166.1228214897034, 166.1228214897034, 'SEARCH'
10, 26981, 166.12736417985576, 166.12736417985576, 'SEARCH'
10, 26982, 166.15514064216376, 166.15514064216376, 'SEARCH'
10, 26983, 166.18236730855438, 166.18236730855438, 'SEARCH'
10, 26984, 166.1992356868779, 166.1992356868779, 'SEARCH'
10, 26985, 166.22654840549032, 166.22654840549032, 'SEARCH'
10, 26986, 166.22534466345957, 166.22534466345957, 'SEARCH'
10, 26987, 166.23423382843723, 166.23423382843723, 'SEARCH'
10, 26988, 166.25635943751152, 166.25635943751152, 'SEARCH'
10, 26989, 166.28413394113593, 166.28413394113593, 'SEARCH'
10, 26990, 166.31067901059737, 166.31067901059737, 'SEARCH'
10, 26991, 166.31930881326738, 166.31930881326738, 'SEARCH'
10, 26992, 166.33351390872085, 166.33351390872085, 'SEARCH'
10, 26993, 166.343413302639, 166.343413302639, 'SEARCH'
10, 26994, 166.34870738359325, 166.34870738359325, 'SEARCH'
10, 26995, 166.37589167877525, 166.37589167877525, 'SEARCH'
10, 26996, 166.38299857583513, 166.38299857583513, 'SEARCH'
10, 26997, 166.40838168748905, 166.40838168748905, 'SEARCH'
10, 26998, 166.43446678573642, 166.43446678573642, 'SEARCH'
10, 26999, 166.45154414553355, 166.45154414553355, 'SEARCH'
10, 27000, 166.4658707653898, 166.4658707653898, 'SEARCH'
10, 27001, 166.48800490631422, 166.48800490631422, 'SEARCH'
10, 27002, 166.51254772028602, 166.51254772028602, 'SEARCH'
10, 27003, 166.52842708778303, 166.52842708778303, 'SEARCH'
10, 27004, 166.55339270333485, 166.55339270333485, 'SEARCH'
10, 27005, 166.57667012683544, 166.57667012683544, 'SEARCH'
10, 27006, 166.5795746740919, 166.5795746740919, 'SEARCH'
10, 27007, 166.60642493839427, 166.60642493839427, 'SEARCH'
10, 27008, 166.6323261062607, 166.6323261062607, 'SEARCH'
10, 27009, 166.62566088481478, 166.62566088481478, 'SEARCH'
10, 27010, 166.65341691654797, 166.65341691654797, 'SEARCH'
10, 27011, 166.6708032082003, 166.6708032082003, 'SEARCH'
10, 27012, 166.69830213316303, 166.69830213316303, 'SEARCH'
10, 27013, 166.72607485426212, 166.72607485426212, 'SEARCH'
10, 27014, 166.7527658779853, 166.7527658779853, 'SEARCH'
10, 27015, 166.76043496412652, 166.76043496412652, 'SEARCH'
10, 27016, 166.75521685143633, 166.75521685143633, 'SEARCH'
10, 27017, 166.77319300055242, 166.77319300055242, 'SEARCH'
10, 27018, 166.78249367383884, 166.78249367383884, 'SEARCH'
10, 27019, 166.79257889531496, 166.79257889531496, 'SEARCH'
10, 27020, 166.7980835238761, 166.7980835238761, 'SEARCH'
10, 27021, 166.795865349373, 166.795865349373, 'SEARCH'
10, 27022, 166.80325407728992, 166.80325407728992, 'SEARCH'
10, 27023, 166.82809747667272, 166.82809747667272, 'SEARCH'
10, 27024, 166.8355229758895, 166.8355229758895, 'SEARCH'
10, 27025, 166.8630530350565, 166.8630530350565, 'SEARCH'
10, 27026, 166.88176694980427, 166.88176694980427, 'SEARCH'
10, 27027, 166.90518469293835, 166.90518469293835, 'SEARCH'
10, 27028, 166.9275028833744, 166.9275028833744, 'SEARCH'
10, 27029, 166.94245348657805, 166.94245348657805, 'SEARCH'
10, 27030, 166.96286752434665, 166.96286752434665, 'SEARCH'
10, 27031, 166.9794297889529, 166.9794297889529, 'SEARCH'
10, 27032, 166.99172249455341, 166.99172249455341, 'SEARCH'
10, 27033, 167.0191115431057, 167.0191115431057, 'SEARCH'
10, 27034, 167.0269636498149, 167.0269636498149, 'SEARCH'
10, 27035, 167.04345934290703, 167.04345934290703, 'SEARCH'
10, 27036, 167.05406070401028, 167.05406070401028, 'SEARCH'
10, 27037, 167.05812843036472, 167.05812843036472, 'SEARCH'
10, 27038, 167.0807202808544, 167.0807202808544, 'SEARCH'
10, 27039, 167.08767287115833, 167.08767287115833, 'SEARCH'
10, 27040, 167.1102442737622, 167.1102442737622, 'SEARCH'
10, 27041, 167.1158141196834, 167.1158141196834, 'SEARCH'
10, 27042, 167.1302343676154, 167.1302343676154, 'SEARCH'
10, 27043, 167.1544334011392, 167.1544334011392, 'SEARCH'
10, 27044, 167.1768151843391, 167.1768151843391, 'SEARCH'
10, 27045, 167.1759493966302, 167.1759493966302, 'SEARCH'
10, 27046, 167.20327296995066, 167.20327296995066, 'SEARCH'
10, 27047, 167.20359475452105, 167.20359475452105, 'SEARCH'
10, 27048, 167.20928735913822, 167.20928735913822, 'SEARCH'
10, 27049, 167.22189224808056, 167.22189224808056, 'SEARCH'
10, 27050, 167.23625519069662, 167.23625519069662, 'SEARCH'
10, 27051, 167.26380901501, 167.26380901501, 'SEARCH'
10, 27052, 167.2761043544787, 167.2761043544787, 'SEARCH'
10, 27053, 167.30341018561745, 167.30341018561745, 'SEARCH'
10, 27054, 167.3074995096512, 167.3074995096512, 'SEARCH'
10, 27055, 167.3092576617788, 167.3092576617788, 'SEARCH'
10, 27056, 167.31129567769733, 167.31129567769733, 'SEARCH'
10, 27057, 167.33442411394014, 167.33442411394014, 'SEARCH'
10, 27058, 167.344627801653, 167.344627801653, 'SEARCH'
10, 27059, 167.33851702932301, 167.33851702932301, 'SEARCH'
10, 27060, 167.35901191763605, 167.35901191763605, 'SEARCH'
10, 27061, 167.37910571160725, 167.37910571160725, 'SEARCH'
10, 27062, 167.4030551601056, 167.4030551601056, 'SEARCH'
10, 27063, 167.41494502726988, 167.41494502726988, 'SEARCH'
10, 27064, 167.44171431564737, 167.44171431564737, 'SEARCH'
10, 27065, 167.44674281188463, 167.44674281188463, 'SEARCH'
10, 27066, 167.4730712637035, 167.4730712637035, 'SEARCH'
10, 27067, 167.49220097477237, 167.49220097477237, 'SEARCH'
10, 27068, 167.4862534227976, 167.4862534227976, 'SEARCH'
10, 27069, 167.49877857315934, 167.49877857315934, 'SEARCH'
10, 27070, 167.52452368211294, 167.52452368211294, 'SEARCH'
10, 27071, 167.54311179939137, 167.54311179939137, 'SEARCH'
10, 27072, 167.55357840961196, 167.55357840961196, 'SEARCH'
10, 27073, 167.56800753563502, 167.56800753563502, 'SEARCH'
10, 27074, 167.59512110260425, 167.59512110260425, 'SEARCH'
10, 27075, 167.61773387073828, 167.61773387073828, 'SEARCH'
10, 27076, 167.6180262929195, 167.6180262929195, 'SEARCH'
10, 27077, 167.62390978144563, 167.62390978144563, 'SEARCH'
10, 27078, 167.61927253072727, 167.61927253072727, 'SEARCH'
10, 27079, 167.63125676372462, 167.63125676372462, 'SEARCH'
10, 27080, 167.6526273619883, 167.6526273619883, 'SEARCH'
10, 27081, 167.67985589694572, 167.67985589694572, 'SEARCH'
10, 27082, 167.7075786170063, 167.7075786170063, 'SEARCH'
10, 27083, 167.7016062944177, 167.7016062944177, 'SEARCH'
10, 27084, 167.69571403069781, 167.69571403069781, 'SEARCH'
10, 27085, 167.7100529385087, 167.7100529385087, 'SEARCH'
10, 27086, 167.7176022943438, 167.7176022943438, 'SEARCH'
10, 27087, 167.71618205224212, 167.71618205224212, 'SEARCH'
10, 27088, 167.72278964068016, 167.72278964068016, 'SEARCH'
10, 27089, 167.72185713445253, 167.72185713445253, 'SEARCH'
10, 27090, 167.74141436048023, 167.74141436048023, 'SEARCH'
10, 27091, 167.7572938379724, 167.7572938379724, 'SEARCH'
10, 27092, 167.77242255443505, 167.77242255443505, 'SEARCH'
10, 27093, 167.77332556650134, 167.77332556650134, 'SEARCH'
10, 27094, 167.79549970332076, 167.79549970332076, 'SEARCH'
10, 27095, 167.79118258644155, 167.79118258644155, 'SEARCH'
10, 27096, 167.8189578614389, 167.8189578614389, 'SEARCH'
10, 27097, 167.8341767978557, 167.8341767978557, 'SEARCH'
10, 27098, 167.8324133624004, 167.8324133624004, 'SEARCH'
10, 27099, 167.85875052908796, 167.85875052908796, 'SEARCH'
10, 27100, 167.88564735123646, 167.88564735123646, 'SEARCH'
10, 27101, 167.90736065097, 167.90736065097, 'SEARCH'
10, 27102, 167.9296857528999, 167.9296857528999, 'SEARCH'
10, 27103, 167.92988073707377, 167.92988073707377, 'SEARCH'
10, 27104, 167.95607764750227, 167.95607764750227, 'SEARCH'
10, 27105, 167.9643726115032, 167.9643726115032, 'SEARCH'
10, 27106, 167.99004431737205, 167.99004431737205, 'SEARCH'
10, 27107, 167.984923825655, 167.984923825655, 'SEARCH'
10, 27108, 167.99553045108215, 167.99553045108215, 'SEARCH'
10, 27109, 168.0218551237214, 168.0218551237214, 'SEARCH'
10, 27110, 168.040596981317, 168.040596981317, 'SEARCH'
10, 27111, 168.06806572141198, 168.06806572141198, 'SEARCH'
10, 27112, 168.09224646646652, 168.09224646646652, 'SEARCH'
10, 27113, 168.1145481732031, 168.1145481732031, 'SEARCH'
10, 27114, 168.14214844052017, 168.14214844052017, 'SEARCH'
10, 27115, 168.16987588473467, 168.16987588473467, 'SEARCH'
10, 27116, 168.16477936992075, 168.16477936992075, 'SEARCH'
10, 27117, 168.18921549897766, 168.18921549897766, 'SEARCH'
10, 27118, 168.21600651879405, 168.21600651879405, 'SEARCH'
10, 27119, 168.23485144611854, 168.23485144611854, 'SEARCH'
10, 27120, 168.24795818132807, 168.24795818132807, 'SEARCH'
10, 27121, 168.25004986582766, 168.25004986582766, 'SEARCH'
10, 27122, 168.2770601439353, 168.2770601439353, 'SEARCH'
10, 27123, 168.30428541123197, 168.30428541123197, 'SEARCH'
10, 27124, 168.3116617166633, 168.3116617166633, 'SEARCH'
10, 27125, 168.31048511111482, 168.31048511111482, 'SEARCH'
10, 27126, 168.33259779985568, 168.33259779985568, 'SEARCH'
10, 27127, 168.3461250252995, 168.3461250252995, 'SEARCH'
10, 27128, 168.35222840717208, 168.35222840717208, 'SEARCH'
10, 27129, 168.37948367098912, 168.37948367098912, 'SEARCH'
10, 27130, 168.40275231031663, 168.40275231031663, 'SEARCH'
10, 27131, 168.3964977318507, 168.3964977318507, 'SEARCH'
10, 27132, 168.40028231330407, 168.40028231330407, 'SEARCH'
10, 27133, 168.40367465855851, 168.40367465855851, 'SEARCH'
10, 27134, 168.40328639838276, 168.40328639838276, 'SEARCH'
10, 27135, 168.42165016824248, 168.42165016824248, 'SEARCH'
10, 27136, 168.44651581594954, 168.44651581594954, 'SEARCH'
10, 27137, 168.47381758799537, 168.47381758799537, 'SEARCH'
10, 27138, 168.4969544070523, 168.4969544070523, 'SEARCH'
10, 27139, 168.49332572410654, 168.49332572410654, 'SEARCH'
10, 27140, 168.52109613244554, 168.52109613244554, 'SEARCH'
10, 27141, 168.54819712122153, 168.54819712122153, 'SEARCH'
10, 27142, 168.55921929661756, 168.55921929661756, 'SEARCH'
10, 27143, 168.5647834314079, 168.5647834314079, 'SEARCH'
10, 27144, 168.59255450825643, 168.59255450825643, 'SEARCH'
10, 27145, 168.6108667795439, 168.6108667795439, 'SEARCH'
10, 27146, 168.6385541442707, 168.6385541442707, 'SEARCH'
10, 27147, 168.6645932570108, 168.6645932570108, 'SEARCH'
10, 27148, 168.68196043976766, 168.68196043976766, 'SEARCH'
10, 27149, 168.70447449229337, 168.70447449229337, 'SEARCH'
10, 27150, 168.70410935966723, 168.70410935966723, 'SEARCH'
10, 27151, 168.71781392287366, 168.71781392287366, 'SEARCH'
10, 27152, 168.726520147175, 168.726520147175, 'SEARCH'
10, 27153, 168.74635177469605, 168.74635177469605, 'SEARCH'
10, 27154, 168.77405133564636, 168.77405133564636, 'SEARCH'
10, 27155, 168.77079788970374, 168.77079788970374, 'SEARCH'
10, 27156, 168.78188909243121, 168.78188909243121, 'SEARCH'
10, 27157, 168.79350311049316, 168.79350311049316, 'SEARCH'
10, 27158, 168.81682703726096, 168.81682703726096, 'SEARCH'
10, 27159, 168.81673082076915, 168.81673082076915, 'SEARCH'
10, 27160, 168.8439986973597, 168.8439986973597, 'SEARCH'
10, 27161, 168.8710614054248, 168.8710614054248, 'SEARCH'
10, 27162, 168.89536308345697, 168.89536308345697, 'SEARCH'
10, 27163, 168.90888728065144, 168.90888728065144, 'SEARCH'
10, 27164, 168.90710095952673, 168.90710095952673, 'SEARCH'
10, 27165, 168.91024209813892, 168.91024209813892, 'SEARCH'
10, 27166, 168.92669256322785, 168.92669256322785, 'SEARCH'
10, 27167, 168.92021685903447, 168.92021685903447, 'SEARCH'
10, 27168, 168.93251879998476, 168.93251879998476, 'SEARCH'
10, 27169, 168.9341998297818, 168.9341998297818, 'SEARCH'
10, 27170, 168.9473834024247, 168.9473834024247, 'SEARCH'
10, 27171, 168.94956324846424, 168.94956324846424, 'SEARCH'
10, 27172, 168.97212171367684, 168.97212171367684, 'SEARCH'
10, 27173, 168.98225892364087, 168.98225892364087, 'SEARCH'
10, 27174, 169.00340702900698, 169.00340702900698, 'SEARCH'
10, 27175, 169.0271415943745, 169.0271415943745, 'SEARCH'
10, 27176, 169.05475631117724, 169.05475631117724, 'SEARCH'
10, 27177, 169.07412348320173, 169.07412348320173, 'SEARCH'
10, 27178, 169.10184515028791, 169.10184515028791, 'SEARCH'
10, 27179, 169.12029277014963, 169.12029277014963, 'SEARCH'
10, 27180, 169.14702706706007, 169.14702706706007, 'SEARCH'
10, 27181, 169.16840385444567, 169.16840385444567, 'SEARCH'
10, 27182, 169.17990348780054, 169.17990348780054, 'SEARCH'
10, 27183, 169.1983626062401, 169.1983626062401, 'SEARCH'
10, 27184, 169.21723899755344, 169.21723899755344, 'SEARCH'
10, 27185, 169.244807890457, 169.244807890457, 'SEARCH'
10, 27186, 169.2715080614637, 169.2715080614637, 'SEARCH'
10, 27187, 169.2809960436589, 169.2809960436589, 'SEARCH'
10, 27188, 169.303130446991, 169.303130446991, 'SEARCH'
10, 27189, 169.33029498917955, 169.33029498917955, 'SEARCH'
10, 27190, 169.34994932028076, 169.34994932028076, 'SEARCH'
10, 27191, 169.3570473225554, 169.3570473225554, 'SEARCH'
10, 27192, 169.38411317800802, 169.38411317800802, 'SEARCH'
10, 27193, 169.40080527309334, 169.40080527309334, 'SEARCH'
10, 27194, 169.40795227378283, 169.40795227378283, 'SEARCH'
10, 27195, 169.40886594968703, 169.40886594968703, 'SEARCH'
10, 27196, 169.40891068127357, 169.40891068127357, 'SEARCH'
10, 27197, 169.40924983578688, 169.40924983578688, 'SEARCH'
10, 27198, 169.42886011491632, 169.42886011491632, 'SEARCH'
10, 27199, 169.4355480011576, 169.4355480011576, 'SEARCH'
10, 27200, 169.46329093389693, 169.46329093389693, 'SEARCH'
10, 27201, 169.4836467735877, 169.4836467735877, 'SEARCH'
10, 27202, 169.51128490558924, 169.51128490558924, 'SEARCH'
10, 27203, 169.5118938400648, 169.5118938400648, 'SEARCH'
10, 27204, 169.5169401283452, 169.5169401283452, 'SEARCH'
10, 27205, 169.5401494615596, 169.5401494615596, 'SEARCH'
10, 27206, 169.55865515862817, 169.55865515862817, 'SEARCH'
10, 27207, 169.5857293624721, 169.5857293624721, 'SEARCH'
10, 27208, 169.5978454914435, 169.5978454914435, 'SEARCH'
10, 27209, 169.6235921983666, 169.6235921983666, 'SEARCH'
10, 27210, 169.64579055638814, 169.64579055638814, 'SEARCH'
10, 27211, 169.66876781175688, 169.66876781175688, 'SEARCH'
10, 27212, 169.6716320951503, 169.6716320951503, 'SEARCH'
10, 27213, 169.69791725246415, 169.69791725246415, 'SEARCH'
10, 27214, 169.72536716549212, 169.72536716549212, 'SEARCH'
10, 27215, 169.74200390220818, 169.74200390220818, 'SEARCH'
10, 27216, 169.76971320849097, 169.76971320849097, 'SEARCH'
10, 27217, 169.76825614393505, 169.76825614393505, 'SEARCH'
10, 27218, 169.79593701864283, 169.79593701864283, 'SEARCH'
10, 27219, 169.82085730357315, 169.82085730357315, 'SEARCH'
10, 27220, 169.83904233820164, 169.83904233820164, 'SEARCH'
10, 27221, 169.86648349070538, 169.86648349070538, 'SEARCH'
10, 27222, 169.8932995107881, 169.8932995107881, 'SEARCH'
10, 27223, 169.89863709347725, 169.89863709347725, 'SEARCH'
10, 27224, 169.9152376836191, 169.9152376836191, 'SEARCH'
10, 27225, 169.91723880033555, 169.91723880033555, 'SEARCH'
10, 27226, 169.93303009623548, 169.93303009623548, 'SEARCH'
10, 27227, 169.95057920691534, 169.95057920691534, 'SEARCH'
10, 27228, 169.94894870493138, 169.94894870493138, 'SEARCH'
10, 27229, 169.95288182169506, 169.95288182169506, 'SEARCH'
10, 27230, 169.98057904170415, 169.98057904170415, 'SEARCH'
10, 27231, 169.99819719142081, 169.99819719142081, 'SEARCH'
10, 27232, 170.00606314806518, 170.00606314806518, 'SEARCH'
10, 27233, 170.02367146542107, 170.02367146542107, 'SEARCH'
10, 27234, 170.04095416529114, 170.04095416529114, 'SEARCH'
10, 27235, 170.06509671915734, 170.06509671915734, 'SEARCH'
10, 27236, 170.09263774800485, 170.09263774800485, 'SEARCH'
10, 27237, 170.0938620681299, 170.0938620681299, 'SEARCH'
10, 27238, 170.09784592587133, 170.09784592587133, 'SEARCH'
10, 27239, 170.12016808759302, 170.12016808759302, 'SEARCH'
10, 27240, 170.12706377465673, 170.12706377465673, 'SEARCH'
10, 27241, 170.14315809023498, 170.14315809023498, 'SEARCH'
10, 27242, 170.1658023101481, 170.1658023101481, 'SEARCH'
10, 27243, 170.1935204384132, 170.1935204384132, 'SEARCH'
10, 27244, 170.20645828815762, 170.20645828815762, 'SEARCH'
10, 27245, 170.23027487452305, 170.23027487452305, 'SEARCH'
10, 27246, 170.25761977885466, 170.25761977885466, 'SEARCH'
10, 27247, 170.2547487071032, 170.2547487071032, 'SEARCH'
10, 27248, 170.27702098220837, 170.27702098220837, 'SEARCH'
10, 27249, 170.28447810348737, 170.28447810348737, 'SEARCH'
10, 27250, 170.30008982367028, 170.30008982367028, 'SEARCH'
10, 27251, 170.3272982717746, 170.3272982717746, 'SEARCH'
10, 27252, 170.3501655732905, 170.3501655732905, 'SEARCH'
10, 27253, 170.37706196276946, 170.37706196276946, 'SEARCH'
10, 27254, 170.3981624094096, 170.3981624094096, 'SEARCH'
10, 27255, 170.42593951121674, 170.42593951121674, 'SEARCH'
10, 27256, 170.4370697857215, 170.4370697857215, 'SEARCH'
10, 27257, 170.4389348110348, 170.4389348110348, 'SEARCH'
10, 27258, 170.46628285511918, 170.46628285511918, 'SEARCH'
10, 27259, 170.49082514155342, 170.49082514155342, 'SEARCH'
10, 27260, 170.48878937313768, 170.48878937313768, 'SEARCH'
10, 27261, 170.49122999271117, 170.49122999271117, 'SEARCH'
10, 27262, 170.51569214716818, 170.51569214716818, 'SEARCH'
10, 27263, 170.51382577639782, 170.51382577639782, 'SEARCH'
10, 27264, 170.52073006156638, 170.52073006156638, 'SEARCH'
10, 27265, 170.52284975912946, 170.52284975912946, 'SEARCH'
10, 27266, 170.5484905052505, 170.5484905052505, 'SEARCH'
10, 27267, 170.54677275756694, 170.54677275756694, 'SEARCH'
10, 27268, 170.57343408734397, 170.57343408734397, 'SEARCH'
10, 27269, 170.58327635507936, 170.58327635507936, 'SEARCH'
10, 27270, 170.61104969765185, 170.61104969765185, 'SEARCH'
10, 27271, 170.6091298598493, 170.6091298598493, 'SEARCH'
10, 27272, 170.61758315974808, 170.61758315974808, 'SEARCH'
10, 27273, 170.63948791440941, 170.63948791440941, 'SEARCH'
10, 27274, 170.66349087306935, 170.66349087306935, 'SEARCH'
10, 27275, 170.66548142977862, 170.66548142977862, 'SEARCH'
10, 27276, 170.6884122369257, 170.6884122369257, 'SEARCH'
10, 27277, 170.69094628508432, 170.69094628508432, 'SEARCH'
10, 27278, 170.69168041076225, 170.69168041076225, 'SEARCH'
10, 27279, 170.69398771508435, 170.69398771508435, 'SEARCH'
10, 27280, 170.71494763199576, 170.71494763199576, 'SEARCH'
10, 27281, 170.73359405816956, 170.73359405816956, 'SEARCH'
10, 27282, 170.7314799782619, 170.7314799782619, 'SEARCH'
10, 27283, 170.7481538277698, 170.7481538277698, 'SEARCH'
10, 27284, 170.75491155335274, 170.75491155335274, 'SEARCH'
10, 27285, 170.78002040261154, 170.78002040261154, 'SEARCH'
10, 27286, 170.79006471443068, 170.79006471443068, 'SEARCH'
10, 27287, 170.81297630674584, 170.81297630674584, 'SEARCH'
10, 27288, 170.8299739125671, 170.8299739125671, 'SEARCH'
10, 27289, 170.8524633064607, 170.8524633064607, 'SEARCH'
10, 27290, 170.8588042777809, 170.8588042777809, 'SEARCH'
10, 27291, 170.8811171552048, 170.8811171552048, 'SEARCH'
10, 27292, 170.8842210767636, 170.8842210767636, 'SEARCH'
10, 27293, 170.87812604185208, 170.87812604185208, 'SEARCH'
10, 27294, 170.89984060554482, 170.89984060554482, 'SEARCH'
10, 27295, 170.92302894429605, 170.92302894429605, 'SEARCH'
10, 27296, 170.94571349759872, 170.94571349759872, 'SEARCH'
10, 27297, 170.9718300890708, 170.9718300890708, 'SEARCH'
10, 27298, 170.99592439631533, 170.99592439631533, 'SEARCH'
10, 27299, 171.01547234295157, 171.01547234295157, 'SEARCH'
10, 27300, 171.04083418163881, 171.04083418163881, 'SEARCH'
10, 27301, 171.0394055952113, 171.0394055952113, 'SEARCH'
10, 27302, 171.05949347456635, 171.05949347456635, 'SEARCH'
10, 27303, 171.0831741784442, 171.0831741784442, 'SEARCH'
10, 27304, 171.08923701418865, 171.08923701418865, 'SEARCH'
10, 27305, 171.1019066581281, 171.1019066581281, 'SEARCH'
10, 27306, 171.09642384754827, 171.09642384754827, 'SEARCH'
10, 27307, 171.12360634774956, 171.12360634774956, 'SEARCH'
10, 27308, 171.14602436821912, 171.14602436821912, 'SEARCH'
10, 27309, 171.17309539700526, 171.17309539700526, 'SEARCH'
10, 27310, 171.18976312764119, 171.18976312764119, 'SEARCH'
10, 27311, 171.21075235461808, 171.21075235461808, 'SEARCH'
10, 27312, 171.23256852014725, 171.23256852014725, 'SEARCH'
10, 27313, 171.24158467748, 171.24158467748, 'SEARCH'
10, 27314, 171.26883282113226, 171.26883282113226, 'SEARCH'
10, 27315, 171.2907734656806, 171.2907734656806, 'SEARCH'
10, 27316, 171.31053791041734, 171.31053791041734, 'SEARCH'
10, 27317, 171.3127507601734, 171.3127507601734, 'SEARCH'
10, 27318, 171.32232052604854, 171.32232052604854, 'SEARCH'
10, 27319, 171.3449081316418, 171.3449081316418, 'SEARCH'
10, 27320, 171.36439502396811, 171.36439502396811, 'SEARCH'
10, 27321, 171.39092112625832, 171.39092112625832, 'SEARCH'
10, 27322, 171.41516852565255, 171.41516852565255, 'SEARCH'
10, 27323, 171.439936666699, 171.439936666699, 'SEARCH'
10, 27324, 171.46590899110328, 171.46590899110328, 'SEARCH'
10, 27325, 171.4925221174814, 171.4925221174814, 'SEARCH'
10, 27326, 171.51871417191336, 171.51871417191336, 'SEARCH'
10, 27327, 171.54491830244066, 171.54491830244066, 'SEARCH'
10, 27328, 171.56578580729158, 171.56578580729158, 'SEARCH'
10, 27329, 171.5867903520608, 171.5867903520608, 'SEARCH'
10, 27330, 171.61139237905775, 171.61139237905775, 'SEARCH'
10, 27331, 171.62591016097406, 171.62591016097406, 'SEARCH'
10, 27332, 171.64990521269593, 171.64990521269593, 'SEARCH'
10, 27333, 171.66705329260674, 171.66705329260674, 'SEARCH'
10, 27334, 171.6611034904388, 171.6611034904388, 'SEARCH'
10, 27335, 171.67893130801653, 171.67893130801653, 'SEARCH'
10, 27336, 171.70413532730274, 171.70413532730274, 'SEARCH'
10, 27337, 171.7257983049082, 171.7257983049082, 'SEARCH'
10, 27338, 171.74453650222713, 171.74453650222713, 'SEARCH'
10, 27339, 171.77186065574043, 171.77186065574043, 'SEARCH'
10, 27340, 171.76831579424274, 171.76831579424274, 'SEARCH'
10, 27341, 171.77642390257375, 171.77642390257375, 'SEARCH'
10, 27342, 171.78016628396654, 171.78016628396654, 'SEARCH'
10, 27343, 171.8079048151815, 171.8079048151815, 'SEARCH'
10, 27344, 171.82647516961794, 171.82647516961794, 'SEARCH'
10, 27345, 171.85366307052755, 171.85366307052755, 'SEARCH'
10, 27346, 171.88058978614848, 171.88058978614848, 'SEARCH'
10, 27347, 171.88630405002235, 171.88630405002235, 'SEARCH'
10, 27348, 171.88476400552761, 171.88476400552761, 'SEARCH'
10, 27349, 171.9095432952042, 171.9095432952042, 'SEARCH'
10, 27350, 171.9245664599094, 171.9245664599094, 'SEARCH'
10, 27351, 171.95032367670754, 171.95032367670754, 'SEARCH'
10, 27352, 171.95363933479464, 171.95363933479464, 'SEARCH'
10, 27353, 171.98141699655469, 171.98141699655469, 'SEARCH'
10, 27354, 171.9985755775473, 171.9985755775473, 'SEARCH'
10, 27355, 172.0263423748737, 172.0263423748737, 'SEARCH'
10, 27356, 172.0274975249299, 172.0274975249299, 'SEARCH'
10, 27357, 172.05495554524126, 172.05495554524126, 'SEARCH'
10, 27358, 172.07939958207098, 172.07939958207098, 'SEARCH'
10, 27359, 172.0982666461801, 172.0982666461801, 'SEARCH'
10, 27360, 172.11985045454517, 172.11985045454517, 'SEARCH'
10, 27361, 172.14055879032898, 172.14055879032898, 'SEARCH'
10, 27362, 172.16768551369933, 172.16768551369933, 'SEARCH'
10, 27363, 172.18347002882797, 172.18347002882797, 'SEARCH'
10, 27364, 172.18438687911893, 172.18438687911893, 'SEARCH'
10, 27365, 172.18400922993064, 172.18400922993064, 'SEARCH'
10, 27366, 172.2057328431689, 172.2057328431689, 'SEARCH'
10, 27367, 172.22648505646268, 172.22648505646268, 'SEARCH'
10, 27368, 172.23294499891065, 172.23294499891065, 'SEARCH'
10, 27369, 172.25847159232688, 172.25847159232688, 'SEARCH'
10, 27370, 172.26085196779292, 172.26085196779292, 'SEARCH'
10, 27371, 172.286740896193, 172.286740896193, 'SEARCH'
10, 27372, 172.31208924644457, 172.31208924644457, 'SEARCH'
10, 27373, 172.32513614089402, 172.32513614089402, 'SEARCH'
10, 27374, 172.34500978829618, 172.34500978829618, 'SEARCH'
10, 27375, 172.37278753090214, 172.37278753090214, 'SEARCH'
10, 27376, 172.3771823294805, 172.3771823294805, 'SEARCH'
10, 27377, 172.3716706633285, 172.3716706633285, 'SEARCH'
10, 27378, 172.383363829641, 172.383363829641, 'SEARCH'
10, 27379, 172.41051408168516, 172.41051408168516, 'SEARCH'
10, 27380, 172.40803610354595, 172.40803610354595, 'SEARCH'
10, 27381, 172.43442031375253, 172.43442031375253, 'SEARCH'
10, 27382, 172.43131917704656, 172.43131917704656, 'SEARCH'
10, 27383, 172.40366490901312, 172.40366490901312, 'SEARCH'
10, 27384, 172.4213795559183, 172.4213795559183, 'SEARCH'
10, 27385, 172.39362601997934, 172.39362601997934, 'SEARCH'
10, 27386, 172.37254586011278, 172.37254586011278, 'SEARCH'
10, 27387, 172.39340031233627, 172.39340031233627, 'SEARCH'
10, 27388, 172.36692814794625, 172.36692814794625, 'SEARCH'
10, 27389, 172.39457032527238, 172.39457032527238, 'SEARCH'
10, 27390, 172.36697863051867, 172.36697863051867, 'SEARCH'
10, 27391, 172.3890644257821, 172.3890644257821, 'SEARCH'
10, 27392, 172.39082916770258, 172.39082916770258, 'SEARCH'
10, 27393, 172.41855926601235, 172.41855926601235, 'SEARCH'
10, 27394, 172.44628857148123, 172.44628857148123, 'SEARCH'
10, 27395, 172.4393743566883, 172.4393743566883, 'SEARCH'
10, 27396, 172.4362758481021, 172.4362758481021, 'SEARCH'
10, 27397, 172.43608212239957, 172.43608212239957, 'SEARCH'
10, 27398, 172.4100808722566, 172.4100808722566, 'SEARCH'
10, 27399, 172.4378294088997, 172.4378294088997, 'SEARCH'
10, 27400, 172.45733405525203, 172.45733405525203, 'SEARCH'
10, 27401, 172.43100448499126, 172.43100448499126, 'SEARCH'
10, 27402, 172.44514863302206, 172.44514863302206, 'SEARCH'
10, 27403, 172.41739528010552, 172.41739528010552, 'SEARCH'
10, 27404, 172.39107225259698, 172.39107225259698, 'SEARCH'
10, 27405, 172.40221622844362, 172.40221622844362, 'SEARCH'
10, 27406, 172.409238115942, 172.409238115942, 'SEARCH'
10, 27407, 172.3894722771258, 172.3894722771258, 'SEARCH'
10, 27408, 172.37301122178974, 172.37301122178974, 'SEARCH'
10, 27409, 172.35194450680746, 172.35194450680746, 'SEARCH'
10, 27410, 172.36038939745936, 172.36038939745936, 'SEARCH'
10, 27411, 172.3328615776881, 172.3328615776881, 'SEARCH'
10, 27412, 172.3566016458644, 172.3566016458644, 'SEARCH'
10, 27413, 172.3289610777558, 172.3289610777558, 'SEARCH'
10, 27414, 172.32931272050084, 172.32931272050084, 'SEARCH'
10, 27415, 172.32869551115684, 172.32869551115684, 'SEARCH'
10, 27416, 172.35218258541974, 172.35218258541974, 'SEARCH'
10, 27417, 172.32448276412472, 172.32448276412472, 'SEARCH'
10, 27418, 172.3320154865799, 172.3320154865799, 'SEARCH'
10, 27419, 172.3265860932535, 172.3265860932535, 'SEARCH'
10, 27420, 172.35378320024057, 172.35378320024057, 'SEARCH'
10, 27421, 172.32600578353254, 172.32600578353254, 'SEARCH'
10, 27422, 172.29848081780537, 172.29848081780537, 'SEARCH'
10, 27423, 172.30461800756282, 172.30461800756282, 'SEARCH'
10, 27424, 172.28979938541028, 172.28979938541028, 'SEARCH'
10, 27425, 172.28727040477875, 172.28727040477875, 'SEARCH'
10, 27426, 172.2837796871472, 172.2837796871472, 'SEARCH'
10, 27427, 172.26243419232188, 172.26243419232188, 'SEARCH'
10, 27428, 172.28911024384283, 172.28911024384283, 'SEARCH'
10, 27429, 172.31688543120643, 172.31688543120643, 'SEARCH'
10, 27430, 172.33957110276862, 172.33957110276862, 'SEARCH'
10, 27431, 172.31270652418903, 172.31270652418903, 'SEARCH'
10, 27432, 172.34040827785236, 172.34040827785236, 'SEARCH'
10, 27433, 172.3220865523922, 172.3220865523922, 'SEARCH'
10, 27434, 172.29983008593402, 172.29983008593402, 'SEARCH'
10, 27435, 172.29160475156448, 172.29160475156448, 'SEARCH'
10, 27436, 172.31858233084714, 172.31858233084714, 'SEARCH'
10, 27437, 172.29081762786848, 172.29081762786848, 'SEARCH'
10, 27438, 172.2714471819949, 172.2714471819949, 'SEARCH'
10, 27439, 172.2990063731207, 172.2990063731207, 'SEARCH'
10, 27440, 172.27647103127305, 172.27647103127305, 'SEARCH'
10, 27441, 172.2487364676937, 172.2487364676937, 'SEARCH'
10, 27442, 172.23736376356112, 172.23736376356112, 'SEARCH'
10, 27443, 172.26035050080154, 172.26035050080154, 'SEARCH'
10, 27444, 172.28277256847278, 172.28277256847278, 'SEARCH'
10, 27445, 172.309308218522, 172.309308218522, 'SEARCH'
10, 27446, 172.28154376143962, 172.28154376143962, 'SEARCH'
10, 27447, 172.3077768918379, 172.3077768918379, 'SEARCH'
10, 27448, 172.3162576759007, 172.3162576759007, 'SEARCH'
10, 27449, 172.30990035967733, 172.30990035967733, 'SEARCH'
10, 27450, 172.29159545946547, 172.29159545946547, 'SEARCH'
10, 27451, 172.31929857718592, 172.31929857718592, 'SEARCH'
10, 27452, 172.31247042792066, 172.31247042792066, 'SEARCH'
10, 27453, 172.3401878119769, 172.3401878119769, 'SEARCH'
10, 27454, 172.3590435442158, 172.3590435442158, 'SEARCH'
10, 27455, 172.37753393742315, 172.37753393742315, 'SEARCH'
10, 27456, 172.3869045425408, 172.3869045425408, 'SEARCH'
10, 27457, 172.36016404379257, 172.36016404379257, 'SEARCH'
10, 27458, 172.38605051726327, 172.38605051726327, 'SEARCH'
10, 27459, 172.361687486932, 172.361687486932, 'SEARCH'
10, 27460, 172.34645104651963, 172.34645104651963, 'SEARCH'
10, 27461, 172.37136464487241, 172.37136464487241, 'SEARCH'
10, 27462, 172.3573614939169, 172.3573614939169, 'SEARCH'
10, 27463, 172.3323407155314, 172.3323407155314, 'SEARCH'
10, 27464, 172.32138446787405, 172.32138446787405, 'SEARCH'
10, 27465, 172.32847214265817, 172.32847214265817, 'SEARCH'
10, 27466, 172.3536015597536, 172.3536015597536, 'SEARCH'
10, 27467, 172.38115740045828, 172.38115740045828, 'SEARCH'
10, 27468, 172.36211549129223, 172.36211549129223, 'SEARCH'
10, 27469, 172.3889145360577, 172.3889145360577, 'SEARCH'
10, 27470, 172.41637136012474, 172.41637136012474, 'SEARCH'
10, 27471, 172.40449582650896, 172.40449582650896, 'SEARCH'
10, 27472, 172.37834446130424, 172.37834446130424, 'SEARCH'
10, 27473, 172.35147974586195, 172.35147974586195, 'SEARCH'
10, 27474, 172.36267123650023, 172.36267123650023, 'SEARCH'
10, 27475, 172.33498883790932, 172.33498883790932, 'SEARCH'
10, 27476, 172.35161984960718, 172.35161984960718, 'SEARCH'
10, 27477, 172.37430781548093, 172.37430781548093, 'SEARCH'
10, 27478, 172.38459665529575, 172.38459665529575, 'SEARCH'
10, 27479, 172.35897646207346, 172.35897646207346, 'SEARCH'
10, 27480, 172.37520893162792, 172.37520893162792, 'SEARCH'
10, 27481, 172.40240530756142, 172.40240530756142, 'SEARCH'
10, 27482, 172.42810830749207, 172.42810830749207, 'SEARCH'
10, 27483, 172.4180130616156, 172.4180130616156, 'SEARCH'
10, 27484, 172.41835300359628, 172.41835300359628, 'SEARCH'
10, 27485, 172.44573343492993, 172.44573343492993, 'SEARCH'
10, 27486, 172.47346442815882, 172.47346442815882, 'SEARCH'
10, 27487, 172.50121875865847, 172.50121875865847, 'SEARCH'
10, 27488, 172.52299318133308, 172.52299318133308, 'SEARCH'
10, 27489, 172.5383634742868, 172.5383634742868, 'SEARCH'
10, 27490, 172.51148039768333, 172.51148039768333, 'SEARCH'
10, 27491, 172.5117759534445, 172.5117759534445, 'SEARCH'
10, 27492, 172.48837740901254, 172.48837740901254, 'SEARCH'
10, 27493, 172.51528686607693, 172.51528686607693, 'SEARCH'
10, 27494, 172.53479420396917, 172.53479420396917, 'SEARCH'
10, 27495, 172.5431887802188, 172.5431887802188, 'SEARCH'
10, 27496, 172.52996979522862, 172.52996979522862, 'SEARCH'
10, 27497, 172.55773676496617, 172.55773676496617, 'SEARCH'
10, 27498, 172.5701613362735, 172.5701613362735, 'SEARCH'
10, 27499, 172.54728497551167, 172.54728497551167, 'SEARCH'
10, 27500, 172.51959601501244, 172.51959601501244, 'SEARCH'
10, 27501, 172.53160357366218, 172.53160357366218, 'SEARCH'
10, 27502, 172.5583841359757, 172.5583841359757, 'SEARCH'
10, 27503, 172.5320531852474, 172.5320531852474, 'SEARCH'
10, 27504, 172.5347646107094, 172.5347646107094, 'SEARCH'
10, 27505, 172.50723088605665, 172.50723088605665, 'SEARCH'
10, 27506, 172.51139874032168, 172.51139874032168, 'SEARCH'
10, 27507, 172.53743889229875, 172.53743889229875, 'SEARCH'
10, 27508, 172.51573014725452, 172.51573014725452, 'SEARCH'
10, 27509, 172.50836488679343, 172.50836488679343, 'SEARCH'
10, 27510, 172.50007373273283, 172.50007373273283, 'SEARCH'
10, 27511, 172.52379456733013, 172.52379456733013, 'SEARCH'
10, 27512, 172.55140032447048, 172.55140032447048, 'SEARCH'
10, 27513, 172.57904591867373, 172.57904591867373, 'SEARCH'
10, 27514, 172.60433524837651, 172.60433524837651, 'SEARCH'
10, 27515, 172.5766445268799, 172.5766445268799, 'SEARCH'
10, 27516, 172.5920028894364, 172.5920028894364, 'SEARCH'
10, 27517, 172.611832996038, 172.611832996038, 'SEARCH'
10, 27518, 172.591694535184, 172.591694535184, 'SEARCH'
10, 27519, 172.59390034865513, 172.59390034865513, 'SEARCH'
10, 27520, 172.5846526670902, 172.5846526670902, 'SEARCH'
10, 27521, 172.56355089429468, 172.56355089429468, 'SEARCH'
10, 27522, 172.591327955948, 172.591327955948, 'SEARCH'
10, 27523, 172.60627733216094, 172.60627733216094, 'SEARCH'
10, 27524, 172.63367779467288, 172.63367779467288, 'SEARCH'
10, 27525, 172.60590931686409, 172.60590931686409, 'SEARCH'
10, 27526, 172.5918303466671, 172.5918303466671, 'SEARCH'
10, 27527, 172.58258648366075, 172.58258648366075, 'SEARCH'
10, 27528, 172.58863362237892, 172.58863362237892, 'SEARCH'
10, 27529, 172.572530332513, 172.572530332513, 'SEARCH'
10, 27530, 172.57523495867545, 172.57523495867545, 'SEARCH'
10, 27531, 172.56832058104544, 172.56832058104544, 'SEARCH'
10, 27532, 172.58564887138917, 172.58564887138917, 'SEARCH'
10, 27533, 172.55964360794403, 172.55964360794403, 'SEARCH'
10, 27534, 172.58654949829267, 172.58654949829267, 'SEARCH'
10, 27535, 172.55954818674687, 172.55954818674687, 'SEARCH'
10, 27536, 172.55453741050252, 172.55453741050252, 'SEARCH'
10, 27537, 172.54670142379734, 172.54670142379734, 'SEARCH'
10, 27538, 172.54169875953872, 172.54169875953872, 'SEARCH'
10, 27539, 172.55193873193997, 172.55193873193997, 'SEARCH'
10, 27540, 172.52561534291075, 172.52561534291075, 'SEARCH'
10, 27541, 172.50362235312585, 172.50362235312585, 'SEARCH'
10, 27542, 172.47641926986904, 172.47641926986904, 'SEARCH'
10, 27543, 172.47627574279437, 172.47627574279437, 'SEARCH'
10, 27544, 172.45944504158993, 172.45944504158993, 'SEARCH'
10, 27545, 172.48685966817013, 172.48685966817013, 'SEARCH'
10, 27546, 172.4603963613468, 172.4603963613468, 'SEARCH'
10, 27547, 172.46931377317028, 172.46931377317028, 'SEARCH'
10, 27548, 172.47683860551655, 172.47683860551655, 'SEARCH'
10, 27549, 172.4796029822384, 172.4796029822384, 'SEARCH'
10, 27550, 172.5007914647705, 172.5007914647705, 'SEARCH'
10, 27551, 172.52778016655935, 172.52778016655935, 'SEARCH'
10, 27552, 172.51950147017558, 172.51950147017558, 'SEARCH'
10, 27553, 172.54554905767336, 172.54554905767336, 'SEARCH'
10, 27554, 172.57303196950573, 172.57303196950573, 'SEARCH'
10, 27555, 172.56660188032834, 172.56660188032834, 'SEARCH'
10, 27556, 172.56932417178066, 172.56932417178066, 'SEARCH'
10, 27557, 172.56623895836398, 172.56623895836398, 'SEARCH'
10, 27558, 172.59334476877686, 172.59334476877686, 'SEARCH'
10, 27559, 172.6202497672412, 172.6202497672412, 'SEARCH'
10, 27560, 172.64715139874394, 172.64715139874394, 'SEARCH'
10, 27561, 172.6655732859427, 172.6655732859427, 'SEARCH'
10, 27562, 172.69258068539003, 172.69258068539003, 'SEARCH'
10, 27563, 172.71134582446663, 172.71134582446663, 'SEARCH'
10, 27564, 172.73888456600008, 172.73888456600008, 'SEARCH'
10, 27565, 172.74675025838326, 172.74675025838326, 'SEARCH'
10, 27566, 172.74261691136013, 172.74261691136013, 'SEARCH'
10, 27567, 172.7408962903969, 172.7408962903969, 'SEARCH'
10, 27568, 172.7616852771665, 172.7616852771665, 'SEARCH'
10, 27569, 172.7704677834691, 172.7704677834691, 'SEARCH'
10, 27570, 172.76347704984858, 172.76347704984858, 'SEARCH'
10, 27571, 172.78832181742982, 172.78832181742982, 'SEARCH'
10, 27572, 172.7619652904447, 172.7619652904447, 'SEARCH'
10, 27573, 172.7387846580787, 172.7387846580787, 'SEARCH'
10, 27574, 172.7665368071507, 172.7665368071507, 'SEARCH'
10, 27575, 172.7814339644193, 172.7814339644193, 'SEARCH'
10, 27576, 172.77397221942869, 172.77397221942869, 'SEARCH'
10, 27577, 172.76512476945646, 172.76512476945646, 'SEARCH'
10, 27578, 172.74336705209092, 172.74336705209092, 'SEARCH'
10, 27579, 172.71751546207207, 172.71751546207207, 'SEARCH'
10, 27580, 172.73033775962736, 172.73033775962736, 'SEARCH'
10, 27581, 172.7396003750525, 172.7396003750525, 'SEARCH'
10, 27582, 172.72154924852003, 172.72154924852003, 'SEARCH'
10, 27583, 172.738455808111, 172.738455808111, 'SEARCH'
10, 27584, 172.76620660379638, 172.76620660379638, 'SEARCH'
10, 27585, 172.7938966472429, 172.7938966472429, 'SEARCH'
10, 27586, 172.76923861590492, 172.76923861590492, 'SEARCH'
10, 27587, 172.79700613438305, 172.79700613438305, 'SEARCH'
10, 27588, 172.82448498093697, 172.82448498093697, 'SEARCH'
10, 27589, 172.79725367466497, 172.79725367466497, 'SEARCH'
10, 27590, 172.8069421819994, 172.8069421819994, 'SEARCH'
10, 27591, 172.77925370720806, 172.77925370720806, 'SEARCH'
10, 27592, 172.7655473295456, 172.7655473295456, 'SEARCH'
10, 27593, 172.7681855223052, 172.7681855223052, 'SEARCH'
10, 27594, 172.74555680914105, 172.74555680914105, 'SEARCH'
10, 27595, 172.71790570823805, 172.71790570823805, 'SEARCH'
10, 27596, 172.73771944056548, 172.73771944056548, 'SEARCH'
10, 27597, 172.75718352357492, 172.75718352357492, 'SEARCH'
10, 27598, 172.73253634592638, 172.73253634592638, 'SEARCH'
10, 27599, 172.73422797476658, 172.73422797476658, 'SEARCH'
10, 27600, 172.71079819342376, 172.71079819342376, 'SEARCH'
10, 27601, 172.72053405879862, 172.72053405879862, 'SEARCH'
10, 27602, 172.69278290309282, 172.69278290309282, 'SEARCH'
10, 27603, 172.67367544107742, 172.67367544107742, 'SEARCH'
10, 27604, 172.65195447614244, 172.65195447614244, 'SEARCH'
10, 27605, 172.62733421724428, 172.62733421724428, 'SEARCH'
10, 27606, 172.65456508328478, 172.65456508328478, 'SEARCH'
10, 27607, 172.64671430524027, 172.64671430524027, 'SEARCH'
10, 27608, 172.6734938391732, 172.6734938391732, 'SEARCH'
10, 27609, 172.68548088513657, 172.68548088513657, 'SEARCH'
10, 27610, 172.71312826836947, 172.71312826836947, 'SEARCH'
10, 27611, 172.72286716456023, 172.72286716456023, 'SEARCH'
10, 27612, 172.72505399211965, 172.72505399211965, 'SEARCH'
10, 27613, 172.7516899117377, 172.7516899117377, 'SEARCH'
10, 27614, 172.77941626812319, 172.77941626812319, 'SEARCH'
10, 27615, 172.80114240214536, 172.80114240214536, 'SEARCH'
10, 27616, 172.8286866418267, 172.8286866418267, 'SEARCH'
10, 27617, 172.85069620170128, 172.85069620170128, 'SEARCH'
10, 27618, 172.8400135508963, 172.8400135508963, 'SEARCH'
10, 27619, 172.82016562656642, 172.82016562656642, 'SEARCH'
10, 27620, 172.83742665144356, 172.83742665144356, 'SEARCH'
10, 27621, 172.84526997703293, 172.84526997703293, 'SEARCH'
10, 27622, 172.86965708665429, 172.86965708665429, 'SEARCH'
10, 27623, 172.85550412687033, 172.85550412687033, 'SEARCH'
10, 27624, 172.87386871744022, 172.87386871744022, 'SEARCH'
10, 27625, 172.8550549539543, 172.8550549539543, 'SEARCH'
10, 27626, 172.88050731080475, 172.88050731080475, 'SEARCH'
10, 27627, 172.85281000094375, 172.85281000094375, 'SEARCH'
10, 27628, 172.87357963134775, 172.87357963134775, 'SEARCH'
10, 27629, 172.84753911420356, 172.84753911420356, 'SEARCH'
10, 27630, 172.8752620660021, 172.8752620660021, 'SEARCH'
10, 27631, 172.9028540706527, 172.9028540706527, 'SEARCH'
10, 27632, 172.91688562301957, 172.91688562301957, 'SEARCH'
10, 27633, 172.9246943779708, 172.9246943779708, 'SEARCH'
10, 27634, 172.89694698122617, 172.89694698122617, 'SEARCH'
10, 27635, 172.87184391221237, 172.87184391221237, 'SEARCH'
10, 27636, 172.84452052675616, 172.84452052675616, 'SEARCH'
10, 27637, 172.83989159135413, 172.83989159135413, 'SEARCH'
10, 27638, 172.82145432019868, 172.82145432019868, 'SEARCH'
10, 27639, 172.7937043656125, 172.7937043656125, 'SEARCH'
10, 27640, 172.82124669868853, 172.82124669868853, 'SEARCH'
10, 27641, 172.80712137469922, 172.80712137469922, 'SEARCH'
10, 27642, 172.80347259596581, 172.80347259596581, 'SEARCH'
10, 27643, 172.82549771934615, 172.82549771934615, 'SEARCH'
10, 27644, 172.83786393610075, 172.83786393610075, 'SEARCH'
10, 27645, 172.86488286189996, 172.86488286189996, 'SEARCH'
10, 27646, 172.89135946562584, 172.89135946562584, 'SEARCH'
10, 27647, 172.86387725425246, 172.86387725425246, 'SEARCH'
10, 27648, 172.8368552127299, 172.8368552127299, 'SEARCH'
10, 27649, 172.86026326099716, 172.86026326099716, 'SEARCH'
10, 27650, 172.83248700162065, 172.83248700162065, 'SEARCH'
10, 27651, 172.85866028853874, 172.85866028853874, 'SEARCH'
10, 27652, 172.8722978691935, 172.8722978691935, 'SEARCH'
10, 27653, 172.88376859540085, 172.88376859540085, 'SEARCH'
10, 27654, 172.8882955041012, 172.8882955041012, 'SEARCH'
10, 27655, 172.8634094730419, 172.8634094730419, 'SEARCH'
10, 27656, 172.83995691625628, 172.83995691625628, 'SEARCH'
10, 27657, 172.8126381327199, 172.8126381327199, 'SEARCH'
10, 27658, 172.78735341593745, 172.78735341593745, 'SEARCH'
10, 27659, 172.80908898312174, 172.80908898312174, 'SEARCH'
10, 27660, 172.82015015509654, 172.82015015509654, 'SEARCH'
10, 27661, 172.79870242827846, 172.79870242827846, 'SEARCH'
10, 27662, 172.77342169331078, 172.77342169331078, 'SEARCH'
10, 27663, 172.76788754829454, 172.76788754829454, 'SEARCH'
10, 27664, 172.78199248847162, 172.78199248847162, 'SEARCH'
10, 27665, 172.79567185330043, 172.79567185330043, 'SEARCH'
10, 27666, 172.78685275936772, 172.78685275936772, 'SEARCH'
10, 27667, 172.8136203093159, 172.8136203093159, 'SEARCH'
10, 27668, 172.83127855590408, 172.83127855590408, 'SEARCH'
10, 27669, 172.8035020398302, 172.8035020398302, 'SEARCH'
10, 27670, 172.77572538813462, 172.77572538813462, 'SEARCH'
10, 27671, 172.75086918839048, 172.75086918839048, 'SEARCH'
10, 27672, 172.72314447617325, 172.72314447617325, 'SEARCH'
10, 27673, 172.73600194773485, 172.73600194773485, 'SEARCH'
10, 27674, 172.72907515014845, 172.72907515014845, 'SEARCH'
10, 27675, 172.75510559264302, 172.75510559264302, 'SEARCH'
10, 27676, 172.77316120591883, 172.77316120591883, 'SEARCH'
10, 27677, 172.79802557869047, 172.79802557869047, 'SEARCH'
10, 27678, 172.81606479122948, 172.81606479122948, 'SEARCH'
10, 27679, 172.82713181794966, 172.82713181794966, 'SEARCH'
10, 27680, 172.80049361993596, 172.80049361993596, 'SEARCH'
10, 27681, 172.81996269820567, 172.81996269820567, 'SEARCH'
10, 27682, 172.7941139076198, 172.7941139076198, 'SEARCH'
10, 27683, 172.82158708328961, 172.82158708328961, 'SEARCH'
10, 27684, 172.83998500636932, 172.83998500636932, 'SEARCH'
10, 27685, 172.8288903032666, 172.8288903032666, 'SEARCH'
10, 27686, 172.83676685471286, 172.83676685471286, 'SEARCH'
10, 27687, 172.83796189196815, 172.83796189196815, 'SEARCH'
10, 27688, 172.86188772249196, 172.86188772249196, 'SEARCH'
10, 27689, 172.84776479482792, 172.84776479482792, 'SEARCH'
10, 27690, 172.8711813950622, 172.8711813950622, 'SEARCH'
10, 27691, 172.8980662801978, 172.8980662801978, 'SEARCH'
10, 27692, 172.87257394418134, 172.87257394418134, 'SEARCH'
10, 27693, 172.8619138641669, 172.8619138641669, 'SEARCH'
10, 27694, 172.87802334132053, 172.87802334132053, 'SEARCH'
10, 27695, 172.88906868138105, 172.88906868138105, 'SEARCH'
10, 27696, 172.86229080476588, 172.86229080476588, 'SEARCH'
10, 27697, 172.8490149510784, 172.8490149510784, 'SEARCH'
10, 27698, 172.87613069518378, 172.87613069518378, 'SEARCH'
10, 27699, 172.86547215644595, 172.86547215644595, 'SEARCH'
10, 27700, 172.8382471914544, 172.8382471914544, 'SEARCH'
10, 27701, 172.8551495897078, 172.8551495897078, 'SEARCH'
10, 27702, 172.8825493636148, 172.8825493636148, 'SEARCH'
10, 27703, 172.90164662251172, 172.90164662251172, 'SEARCH'
10, 27704, 172.92690580085898, 172.92690580085898, 'SEARCH'
10, 27705, 172.95468294834467, 172.95468294834467, 'SEARCH'
10, 27706, 172.9695487768096, 172.9695487768096, 'SEARCH'
10, 27707, 172.99616060573996, 172.99616060573996, 'SEARCH'
10, 27708, 172.9766259409489, 172.9766259409489, 'SEARCH'
10, 27709, 173.00309385278842, 173.00309385278842, 'SEARCH'
10, 27710, 172.97543510192799, 172.97543510192799, 'SEARCH'
10, 27711, 172.94906774900008, 172.94906774900008, 'SEARCH'
10, 27712, 172.95021458292868, 172.95021458292868, 'SEARCH'
10, 27713, 172.94319704491343, 172.94319704491343, 'SEARCH'
10, 27714, 172.95682320545345, 172.95682320545345, 'SEARCH'
10, 27715, 172.98120297129884, 172.98120297129884, 'SEARCH'
10, 27716, 172.96002926062485, 172.96002926062485, 'SEARCH'
10, 27717, 172.94671576954062, 172.94671576954062, 'SEARCH'
10, 27718, 172.97449294435853, 172.97449294435853, 'SEARCH'
10, 27719, 172.9707936140097, 172.9707936140097, 'SEARCH'
10, 27720, 172.99827674095843, 172.99827674095843, 'SEARCH'
10, 27721, 173.01902381669774, 173.01902381669774, 'SEARCH'
10, 27722, 173.03807445579162, 173.03807445579162, 'SEARCH'
10, 27723, 173.03772569046544, 173.03772569046544, 'SEARCH'
10, 27724, 173.0223063871279, 173.0223063871279, 'SEARCH'
10, 27725, 173.0337379029291, 173.0337379029291, 'SEARCH'
10, 27726, 173.02082143230217, 173.02082143230217, 'SEARCH'
10, 27727, 173.00706126148262, 173.00706126148262, 'SEARCH'
10, 27728, 173.0231219177749, 173.0231219177749, 'SEARCH'
10, 27729, 173.0237552955649, 173.0237552955649, 'SEARCH'
10, 27730, 173.05147541217644, 173.05147541217644, 'SEARCH'
10, 27731, 173.02825242089577, 173.02825242089577, 'SEARCH'
10, 27732, 173.01534174246973, 173.01534174246973, 'SEARCH'
10, 27733, 172.9911222553525, 172.9911222553525, 'SEARCH'
10, 27734, 173.01526228401607, 173.01526228401607, 'SEARCH'
10, 27735, 173.0120317738405, 173.0120317738405, 'SEARCH'
10, 27736, 173.03663208928702, 173.03663208928702, 'SEARCH'
10, 27737, 173.00971502707134, 173.00971502707134, 'SEARCH'
10, 27738, 173.01132888691527, 173.01132888691527, 'SEARCH'
10, 27739, 172.99674511773546, 172.99674511773546, 'SEARCH'
10, 27740, 173.02412971790412, 173.02412971790412, 'SEARCH'
10, 27741, 173.0262213029977, 173.0262213029977, 'SEARCH'
10, 27742, 173.0406597419436, 173.0406597419436, 'SEARCH'
10, 27743, 173.06807214979074, 173.06807214979074, 'SEARCH'
10, 27744, 173.08814531876322, 173.08814531876322, 'SEARCH'
10, 27745, 173.06072885001737, 173.06072885001737, 'SEARCH'
10, 27746, 173.05090197565468, 173.05090197565468, 'SEARCH'
10, 27747, 173.07845492602203, 173.07845492602203, 'SEARCH'
10, 27748, 173.08761929333866, 173.08761929333866, 'SEARCH'
10, 27749, 173.0829176241911, 173.0829176241911, 'SEARCH'
10, 27750, 173.08110676410197, 173.08110676410197, 'SEARCH'
10, 27751, 173.10150986571796, 173.10150986571796, 'SEARCH'
10, 27752, 173.12919201506014, 173.12919201506014, 'SEARCH'
10, 27753, 173.1567499293127, 173.1567499293127, 'SEARCH'
10, 27754, 173.15249198809389, 173.15249198809389, 'SEARCH'
10, 27755, 173.17443748966696, 173.17443748966696, 'SEARCH'
10, 27756, 173.20072792200335, 173.20072792200335, 'SEARCH'
10, 27757, 173.2102907532112, 173.2102907532112, 'SEARCH'
10, 27758, 173.2379964800871, 173.2379964800871, 'SEARCH'
10, 27759, 173.2656644371958, 173.2656644371958, 'SEARCH'
10, 27760, 173.29301468301747, 173.29301468301747, 'SEARCH'
10, 27761, 173.26595261804738, 173.26595261804738, 'SEARCH'
10, 27762, 173.2923806023637, 173.2923806023637, 'SEARCH'
10, 27763, 173.27892898434024, 173.27892898434024, 'SEARCH'
10, 27764, 173.30520168358208, 173.30520168358208, 'SEARCH'
10, 27765, 173.28489415217098, 173.28489415217098, 'SEARCH'
10, 27766, 173.27914140586915, 173.27914140586915, 'SEARCH'
10, 27767, 173.25244714509245, 173.25244714509245, 'SEARCH'
10, 27768, 173.23576340291038, 173.23576340291038, 'SEARCH'
10, 27769, 173.24798659870677, 173.24798659870677, 'SEARCH'
10, 27770, 173.27576090316222, 173.27576090316222, 'SEARCH'
10, 27771, 173.26583465997246, 173.26583465997246, 'SEARCH'
10, 27772, 173.2692562399216, 173.2692562399216, 'SEARCH'
10, 27773, 173.29688554039254, 173.29688554039254, 'SEARCH'
10, 27774, 173.3241568806561, 173.3241568806561, 'SEARCH'
10, 27775, 173.351934657813, 173.351934657813, 'SEARCH'
10, 27776, 173.36233181111487, 173.36233181111487, 'SEARCH'
10, 27777, 173.38421225661858, 173.38421225661858, 'SEARCH'
10, 27778, 173.3720122396166, 173.3720122396166, 'SEARCH'
10, 27779, 173.3993711797124, 173.3993711797124, 'SEARCH'
10, 27780, 173.4160616219634, 173.4160616219634, 'SEARCH'
10, 27781, 173.44300413036495, 173.44300413036495, 'SEARCH'
10, 27782, 173.4258580532106, 173.4258580532106, 'SEARCH'
10, 27783, 173.40108684759514, 173.40108684759514, 'SEARCH'
10, 27784, 173.37632192487027, 173.37632192487027, 'SEARCH'
10, 27785, 173.40012252857508, 173.40012252857508, 'SEARCH'
10, 27786, 173.39013871570017, 173.39013871570017, 'SEARCH'
10, 27787, 173.41740134798212, 173.41740134798212, 'SEARCH'
10, 27788, 173.43833937031658, 173.43833937031658, 'SEARCH'
10, 27789, 173.41935789082066, 173.41935789082066, 'SEARCH'
10, 27790, 173.41738051408322, 173.41738051408322, 'SEARCH'
10, 27791, 173.44454336727406, 173.44454336727406, 'SEARCH'
10, 27792, 173.45026718033583, 173.45026718033583, 'SEARCH'
10, 27793, 173.47562100815924, 173.47562100815924, 'SEARCH'
10, 27794, 173.4487720575795, 173.4487720575795, 'SEARCH'
10, 27795, 173.45867656553372, 173.45867656553372, 'SEARCH'
10, 27796, 173.4864490316454, 173.4864490316454, 'SEARCH'
10, 27797, 173.49403481521543, 173.49403481521543, 'SEARCH'
10, 27798, 173.4915370566299, 173.4915370566299, 'SEARCH'
10, 27799, 173.47929276615932, 173.47929276615932, 'SEARCH'
10, 27800, 173.4515296349075, 173.4515296349075, 'SEARCH'
10, 27801, 173.47744364956333, 173.47744364956333, 'SEARCH'
10, 27802, 173.46697654100467, 173.46697654100467, 'SEARCH'
10, 27803, 173.48969643461854, 173.48969643461854, 'SEARCH'
10, 27804, 173.49349122844222, 173.49349122844222, 'SEARCH'
10, 27805, 173.46578631435645, 173.46578631435645, 'SEARCH'
10, 27806, 173.43801181620572, 173.43801181620572, 'SEARCH'
10, 27807, 173.45862615329912, 173.45862615329912, 'SEARCH'
10, 27808, 173.45663511640066, 173.45663511640066, 'SEARCH'
10, 27809, 173.42945366328092, 173.42945366328092, 'SEARCH'
10, 27810, 173.4064044526804, 173.4064044526804, 'SEARCH'
10, 27811, 173.41263032444817, 173.41263032444817, 'SEARCH'
10, 27812, 173.38505643821688, 173.38505643821688, 'SEARCH'
10, 27813, 173.39363003316254, 173.39363003316254, 'SEARCH'
10, 27814, 173.39603637680747, 173.39603637680747, 'SEARCH'
10, 27815, 173.42374542202836, 173.42374542202836, 'SEARCH'
10, 27816, 173.45151842057982, 173.45151842057982, 'SEARCH'
10, 27817, 173.47042931028474, 173.47042931028474, 'SEARCH'
10, 27818, 173.496830296371, 173.496830296371, 'SEARCH'
10, 27819, 173.47054318865244, 173.47054318865244, 'SEARCH'
10, 27820, 173.44555252775075, 173.44555252775075, 'SEARCH'
10, 27821, 173.4445420399226, 173.4445420399226, 'SEARCH'
10, 27822, 173.4571174622672, 173.4571174622672, 'SEARCH'
10, 27823, 173.46379287316077, 173.46379287316077, 'SEARCH'
10, 27824, 173.44665263080023, 173.44665263080023, 'SEARCH'
10, 27825, 173.43576325041278, 173.43576325041278, 'SEARCH'
10, 27826, 173.41863627139708, 173.41863627139708, 'SEARCH'
10, 27827, 173.3911970549562, 173.3911970549562, 'SEARCH'
10, 27828, 173.394094008088, 173.394094008088, 'SEARCH'
10, 27829, 173.36891564058152, 173.36891564058152, 'SEARCH'
10, 27830, 173.34827730559405, 173.34827730559405, 'SEARCH'
10, 27831, 173.37601799385686, 173.37601799385686, 'SEARCH'
10, 27832, 173.3496008344088, 173.3496008344088, 'SEARCH'
10, 27833, 173.32197331017474, 173.32197331017474, 'SEARCH'
10, 27834, 173.31434904570284, 173.31434904570284, 'SEARCH'
10, 27835, 173.32250743631087, 173.32250743631087, 'SEARCH'
10, 27836, 173.3225423511707, 173.3225423511707, 'SEARCH'
10, 27837, 173.3130753686791, 173.3130753686791, 'SEARCH'
10, 27838, 173.28581594677388, 173.28581594677388, 'SEARCH'
10, 27839, 173.2580531571576, 173.2580531571576, 'SEARCH'
10, 27840, 173.23042006700473, 173.23042006700473, 'SEARCH'
10, 27841, 173.2343728601496, 173.2343728601496, 'SEARCH'
10, 27842, 173.23975789577057, 173.23975789577057, 'SEARCH'
10, 27843, 173.228536669143, 173.228536669143, 'SEARCH'
10, 27844, 173.23249295403988, 173.23249295403988, 'SEARCH'
10, 27845, 173.2378814482545, 173.2378814482545, 'SEARCH'
10, 27846, 173.26562561245262, 173.26562561245262, 'SEARCH'
10, 27847, 173.25395182696454, 173.25395182696454, 'SEARCH'
10, 27848, 173.28169558984177, 173.28169558984177, 'SEARCH'
10, 27849, 173.29846390553845, 173.29846390553845, 'SEARCH'
10, 27850, 173.27068944485575, 173.27068944485575, 'SEARCH'
10, 27851, 173.29697688156384, 173.29697688156384, 'SEARCH'
10, 27852, 173.28485081709618, 173.28485081709618, 'SEARCH'
10, 27853, 173.2983738173604, 173.2983738173604, 'SEARCH'
10, 27854, 173.32580057712016, 173.32580057712016, 'SEARCH'
10, 27855, 173.34136841906644, 173.34136841906644, 'SEARCH'
10, 27856, 173.3136087657638, 173.3136087657638, 'SEARCH'
10, 27857, 173.30979179056186, 173.30979179056186, 'SEARCH'
10, 27858, 173.29511626335167, 173.29511626335167, 'SEARCH'
10, 27859, 173.30283177308925, 173.30283177308925, 'SEARCH'
10, 27860, 173.27557544075097, 173.27557544075097, 'SEARCH'
10, 27861, 173.2549815976783, 173.2549815976783, 'SEARCH'
10, 27862, 173.2403340495667, 173.2403340495667, 'SEARCH'
10, 27863, 173.2476144784516, 173.2476144784516, 'SEARCH'
10, 27864, 173.27537836237758, 173.27537836237758, 'SEARCH'
10, 27865, 173.26779436562467, 173.26779436562467, 'SEARCH'
10, 27866, 173.29438183153243, 173.29438183153243, 'SEARCH'
10, 27867, 173.32082036122844, 173.32082036122844, 'SEARCH'
10, 27868, 173.2956668863042, 173.2956668863042, 'SEARCH'
10, 27869, 173.3116534319192, 173.3116534319192, 'SEARCH'
10, 27870, 173.29275115513565, 173.29275115513565, 'SEARCH'
10, 27871, 173.280201626475, 173.280201626475, 'SEARCH'
10, 27872, 173.26637911961498, 173.26637911961498, 'SEARCH'
10, 27873, 173.2433979971517, 173.2433979971517, 'SEARCH'
10, 27874, 173.2710784840533, 173.2710784840533, 'SEARCH'
10, 27875, 173.28972706075803, 173.28972706075803, 'SEARCH'
10, 27876, 173.28593361795603, 173.28593361795603, 'SEARCH'
10, 27877, 173.2688919918222, 173.2688919918222, 'SEARCH'
10, 27878, 173.2718815121386, 173.2718815121386, 'SEARCH'
10, 27879, 173.29784486176092, 173.29784486176092, 'SEARCH'
10, 27880, 173.30416295229375, 173.30416295229375, 'SEARCH'
10, 27881, 173.32485168642756, 173.32485168642756, 'SEARCH'
10, 27882, 173.3479126003544, 173.3479126003544, 'SEARCH'
10, 27883, 173.32015021190108, 173.32015021190108, 'SEARCH'
10, 27884, 173.30089776891995, 173.30089776891995, 'SEARCH'
10, 27885, 173.2731230576226, 173.2731230576226, 'SEARCH'
10, 27886, 173.2593102109721, 173.2593102109721, 'SEARCH'
10, 27887, 173.23633536787918, 173.23633536787918, 'SEARCH'
10, 27888, 173.23402372696327, 173.23402372696327, 'SEARCH'
10, 27889, 173.26111452307728, 173.26111452307728, 'SEARCH'
10, 27890, 173.23335721449837, 173.23335721449837, 'SEARCH'
10, 27891, 173.23829157095275, 173.23829157095275, 'SEARCH'
10, 27892, 173.2174001606801, 173.2174001606801, 'SEARCH'
10, 27893, 173.21703838792118, 173.21703838792118, 'SEARCH'
10, 27894, 173.1964787405843, 173.1964787405843, 'SEARCH'
10, 27895, 173.17528764254254, 173.17528764254254, 'SEARCH'
10, 27896, 173.202746337281, 173.202746337281, 'SEARCH'
10, 27897, 173.20865221780093, 173.20865221780093, 'SEARCH'
10, 27898, 173.18087474927117, 173.18087474927117, 'SEARCH'
10, 27899, 173.18726636043257, 173.18726636043257, 'SEARCH'
10, 27900, 173.15962606325573, 173.15962606325573, 'SEARCH'
10, 27901, 173.1394199083514, 173.1394199083514, 'SEARCH'
10, 27902, 173.16541375300966, 173.16541375300966, 'SEARCH'
10, 27903, 173.1520846408879, 173.1520846408879, 'SEARCH'
10, 27904, 173.1784025255065, 173.1784025255065, 'SEARCH'
10, 27905, 173.1517428429119, 173.1517428429119, 'SEARCH'
10, 27906, 173.13121167753275, 173.13121167753275, 'SEARCH'
10, 27907, 173.13950386672153, 173.13950386672153, 'SEARCH'
10, 27908, 173.11237000350752, 173.11237000350752, 'SEARCH'
10, 27909, 173.1272512110611, 173.1272512110611, 'SEARCH'
10, 27910, 173.141298155339, 173.141298155339, 'SEARCH'
10, 27911, 173.12395390210267, 173.12395390210267, 'SEARCH'
10, 27912, 173.09906961502224, 173.09906961502224, 'SEARCH'
10, 27913, 173.09636586773237, 173.09636586773237, 'SEARCH'
10, 27914, 173.12349363291668, 173.12349363291668, 'SEARCH'
10, 27915, 173.13837243146284, 173.13837243146284, 'SEARCH'
10, 27916, 173.15445221087128, 173.15445221087128, 'SEARCH'
10, 27917, 173.17421501558204, 173.17421501558204, 'SEARCH'
10, 27918, 173.1929212808619, 173.1929212808619, 'SEARCH'
10, 27919, 173.18356272446704, 173.18356272446704, 'SEARCH'
10, 27920, 173.20838386514734, 173.20838386514734, 'SEARCH'
10, 27921, 173.180830983803, 173.180830983803, 'SEARCH'
10, 27922, 173.20221202002384, 173.20221202002384, 'SEARCH'
10, 27923, 173.2296705155242, 173.2296705155242, 'SEARCH'
10, 27924, 173.25737110082164, 173.25737110082164, 'SEARCH'
10, 27925, 173.2304467865719, 173.2304467865719, 'SEARCH'
10, 27926, 173.2448662125748, 173.2448662125748, 'SEARCH'
10, 27927, 173.24208632251043, 173.24208632251043, 'SEARCH'
10, 27928, 173.22915755749474, 173.22915755749474, 'SEARCH'
10, 27929, 173.25496294070112, 173.25496294070112, 'SEARCH'
10, 27930, 173.27954564321053, 173.27954564321053, 'SEARCH'
10, 27931, 173.2801373399212, 173.2801373399212, 'SEARCH'
10, 27932, 173.27165582207817, 173.27165582207817, 'SEARCH'
10, 27933, 173.2939080833913, 173.2939080833913, 'SEARCH'
10, 27934, 173.30529849519465, 173.30529849519465, 'SEARCH'
10, 27935, 173.30733118599065, 173.30733118599065, 'SEARCH'
10, 27936, 173.27958666819825, 173.27958666819825, 'SEARCH'
10, 27937, 173.28163492515586, 173.28163492515586, 'SEARCH'
10, 27938, 173.25402109500425, 173.25402109500425, 'SEARCH'
10, 27939, 173.23162301575127, 173.23162301575127, 'SEARCH'
10, 27940, 173.23321653762062, 173.23321653762062, 'SEARCH'
10, 27941, 173.26008369317398, 173.26008369317398, 'SEARCH'
10, 27942, 173.25024558077885, 173.25024558077885, 'SEARCH'
10, 27943, 173.2390673689427, 173.2390673689427, 'SEARCH'
10, 27944, 173.25947696815416, 173.25947696815416, 'SEARCH'
10, 27945, 173.23173088350515, 173.23173088350515, 'SEARCH'
10, 27946, 173.21754731456997, 173.21754731456997, 'SEARCH'
10, 27947, 173.19051614396727, 173.19051614396727, 'SEARCH'
10, 27948, 173.2182374737979, 173.2182374737979, 'SEARCH'
10, 27949, 173.19082590200594, 173.19082590200594, 'SEARCH'
10, 27950, 173.1647813048109, 173.1647813048109, 'SEARCH'
10, 27951, 173.16834857147805, 173.16834857147805, 'SEARCH'
10, 27952, 173.15947760189698, 173.15947760189698, 'SEARCH'
10, 27953, 173.1743569673506, 173.1743569673506, 'SEARCH'
10, 27954, 173.15142959785376, 173.15142959785376, 'SEARCH'
10, 27955, 173.16421328470582, 173.16421328470582, 'SEARCH'
10, 27956, 173.14274457018692, 173.14274457018692, 'SEARCH'
10, 27957, 173.16936660551113, 173.16936660551113, 'SEARCH'
10, 27958, 173.1753234288713, 173.1753234288713, 'SEARCH'
10, 27959, 173.19404610610405, 173.19404610610405, 'SEARCH'
10, 27960, 173.19518844674667, 173.19518844674667, 'SEARCH'
10, 27961, 173.1712193115724, 173.1712193115724, 'SEARCH'
10, 27962, 173.16053867209718, 173.16053867209718, 'SEARCH'
10, 27963, 173.18599352014581, 173.18599352014581, 'SEARCH'
10, 27964, 173.1592094966995, 173.1592094966995, 'SEARCH'
10, 27965, 173.14809073020487, 173.14809073020487, 'SEARCH'
10, 27966, 173.16753264714205, 173.16753264714205, 'SEARCH'
10, 27967, 173.18924090052676, 173.18924090052676, 'SEARCH'
10, 27968, 173.20866667236072, 173.20866667236072, 'SEARCH'
10, 27969, 173.19841901017676, 173.19841901017676, 'SEARCH'
10, 27970, 173.1826317375303, 173.1826317375303, 'SEARCH'
10, 27971, 173.19871729450938, 173.19871729450938, 'SEARCH'
10, 27972, 173.17955002587414, 173.17955002587414, 'SEARCH'
10, 27973, 173.18785329005036, 173.18785329005036, 'SEARCH'
10, 27974, 173.2120022178571, 173.2120022178571, 'SEARCH'
10, 27975, 173.18563789919887, 173.18563789919887, 'SEARCH'
10, 27976, 173.20471970822499, 173.20471970822499, 'SEARCH'
10, 27977, 173.17748682200536, 173.17748682200536, 'SEARCH'
10, 27978, 173.15282537193136, 173.15282537193136, 'SEARCH'
10, 27979, 173.15061258455782, 173.15061258455782, 'SEARCH'
10, 27980, 173.1304418226791, 173.1304418226791, 'SEARCH'
10, 27981, 173.13969653213397, 173.13969653213397, 'SEARCH'
10, 27982, 173.15207009932791, 173.15207009932791, 'SEARCH'
10, 27983, 173.17937732493252, 173.17937732493252, 'SEARCH'
10, 27984, 173.20648680087635, 173.20648680087635, 'SEARCH'
10, 27985, 173.18991494688933, 173.18991494688933, 'SEARCH'
10, 27986, 173.2106857427031, 173.2106857427031, 'SEARCH'
10, 27987, 173.23593664778423, 173.23593664778423, 'SEARCH'
10, 27988, 173.2637125958098, 173.2637125958098, 'SEARCH'
10, 27989, 173.23766161785244, 173.23766161785244, 'SEARCH'
10, 27990, 173.25672658248664, 173.25672658248664, 'SEARCH'
10, 27991, 173.2296960000126, 173.2296960000126, 'SEARCH'
10, 27992, 173.24876501654936, 173.24876501654936, 'SEARCH'
10, 27993, 173.2225532737174, 173.2225532737174, 'SEARCH'
10, 27994, 173.2495479877736, 173.2495479877736, 'SEARCH'
10, 27995, 173.2231797854306, 173.2231797854306, 'SEARCH'
10, 27996, 173.25041303127588, 173.25041303127588, 'SEARCH'
10, 27997, 173.23231029480232, 173.23231029480232, 'SEARCH'
10, 27998, 173.20626684828193, 173.20626684828193, 'SEARCH'
10, 27999, 173.18893146338374, 173.18893146338374, 'SEARCH'
10, 28000, 173.16170250219363, 173.16170250219363, 'SEARCH'
10, 28001, 173.14716452547793, 173.14716452547793, 'SEARCH'
10, 28002, 173.12131265703277, 173.12131265703277, 'SEARCH'
10, 28003, 173.1439249966556, 173.1439249966556, 'SEARCH'
10, 28004, 173.11614842178847, 173.11614842178847, 'SEARCH'
10, 28005, 173.1366284763697, 173.1366284763697, 'SEARCH'
10, 28006, 173.11293819690457, 173.11293819690457, 'SEARCH'
10, 28007, 173.14071488824843, 173.14071488824843, 'SEARCH'
10, 28008, 173.12874446558848, 173.12874446558848, 'SEARCH'
10, 28009, 173.1012036621581, 173.1012036621581, 'SEARCH'
10, 28010, 173.1264850036694, 173.1264850036694, 'SEARCH'
10, 28011, 173.09999188796925, 173.09999188796925, 'SEARCH'
10, 28012, 173.12720949897164, 173.12720949897164, 'SEARCH'
10, 28013, 173.154220609825, 173.154220609825, 'SEARCH'
10, 28014, 173.1616249210112, 173.1616249210112, 'SEARCH'
10, 28015, 173.18334965204573, 173.18334965204573, 'SEARCH'
10, 28016, 173.15557326208815, 173.15557326208815, 'SEARCH'
10, 28017, 173.14316194103074, 173.14316194103074, 'SEARCH'
10, 28018, 173.12586146636409, 173.12586146636409, 'SEARCH'
10, 28019, 173.10168503316092, 173.10168503316092, 'SEARCH'
10, 28020, 173.12081684808717, 173.12081684808717, 'SEARCH'
10, 28021, 173.11623655574803, 173.11623655574803, 'SEARCH'
10, 28022, 173.12178250680796, 173.12178250680796, 'SEARCH'
10, 28023, 173.14950882876383, 173.14950882876383, 'SEARCH'
10, 28024, 173.1696509079456, 173.1696509079456, 'SEARCH'
10, 28025, 173.16409167038822, 173.16409167038822, 'SEARCH'
10, 28026, 173.14915199127918, 173.14915199127918, 'SEARCH'
10, 28027, 173.12771304412536, 173.12771304412536, 'SEARCH'
10, 28028, 173.14683803567596, 173.14683803567596, 'SEARCH'
10, 28029, 173.12020272793504, 173.12020272793504, 'SEARCH'
10, 28030, 173.142823444384, 173.142823444384, 'SEARCH'
10, 28031, 173.1705748615003, 173.1705748615003, 'SEARCH'
10, 28032, 173.16886085510842, 173.16886085510842, 'SEARCH'
10, 28033, 173.15474857704774, 173.15474857704774, 'SEARCH'
10, 28034, 173.1414879980861, 173.1414879980861, 'SEARCH'
10, 28035, 173.14844466464052, 173.14844466464052, 'SEARCH'
10, 28036, 173.16212185391296, 173.16212185391296, 'SEARCH'
10, 28037, 173.14928781610337, 173.14928781610337, 'SEARCH'
10, 28038, 173.12174766048767, 173.12174766048767, 'SEARCH'
10, 28039, 173.13828363603488, 173.13828363603488, 'SEARCH'
10, 28040, 173.1428755128149, 173.1428755128149, 'SEARCH'
10, 28041, 173.11740385242055, 173.11740385242055, 'SEARCH'
10, 28042, 173.14441905507354, 173.14441905507354, 'SEARCH'
10, 28043, 173.14031849479875, 173.14031849479875, 'SEARCH'
10, 28044, 173.1680099544817, 173.1680099544817, 'SEARCH'
10, 28045, 173.1711467411759, 173.1711467411759, 'SEARCH'
10, 28046, 173.18990674710474, 173.18990674710474, 'SEARCH'
10, 28047, 173.20602183563136, 173.20602183563136, 'SEARCH'
10, 28048, 173.22173235572635, 173.22173235572635, 'SEARCH'
10, 28049, 173.22000020483947, 173.22000020483947, 'SEARCH'
10, 28050, 173.24287309457347, 173.24287309457347, 'SEARCH'
10, 28051, 173.2705183967424, 173.2705183967424, 'SEARCH'
10, 28052, 173.24279640419525, 173.24279640419525, 'SEARCH'
10, 28053, 173.21750007776788, 173.21750007776788, 'SEARCH'
10, 28054, 173.23157086716478, 173.23157086716478, 'SEARCH'
10, 28055, 173.25030815799497, 173.25030815799497, 'SEARCH'
10, 28056, 173.23374520635076, 173.23374520635076, 'SEARCH'
10, 28057, 173.24904406879907, 173.24904406879907, 'SEARCH'
10, 28058, 173.23972685431528, 173.23972685431528, 'SEARCH'
10, 28059, 173.2674799534579, 173.2674799534579, 'SEARCH'
10, 28060, 173.29395468727907, 173.29395468727907, 'SEARCH'
10, 28061, 173.2907373984568, 173.2907373984568, 'SEARCH'
10, 28062, 173.31149504687565, 173.31149504687565, 'SEARCH'
10, 28063, 173.3391806299148, 173.3391806299148, 'SEARCH'
10, 28064, 173.36420981716037, 173.36420981716037, 'SEARCH'
10, 28065, 173.3672418181337, 173.3672418181337, 'SEARCH'
10, 28066, 173.38950311293726, 173.38950311293726, 'SEARCH'
10, 28067, 173.4088821013402, 173.4088821013402, 'SEARCH'
10, 28068, 173.40368451713215, 173.40368451713215, 'SEARCH'
10, 28069, 173.43124179879908, 173.43124179879908, 'SEARCH'
10, 28070, 173.45288691554987, 173.45288691554987, 'SEARCH'
10, 28071, 173.47153287679, 173.47153287679, 'SEARCH'
10, 28072, 173.47594638367562, 173.47594638367562, 'SEARCH'
10, 28073, 173.50238531439658, 173.50238531439658, 'SEARCH'
10, 28074, 173.47533113084145, 173.47533113084145, 'SEARCH'
10, 28075, 173.4700977234582, 173.4700977234582, 'SEARCH'
10, 28076, 173.45192836036836, 173.45192836036836, 'SEARCH'
10, 28077, 173.46461379239116, 173.46461379239116, 'SEARCH'
10, 28078, 173.43684169487625, 173.43684169487625, 'SEARCH'
10, 28079, 173.44270864990585, 173.44270864990585, 'SEARCH'
10, 28080, 173.46867394246118, 173.46867394246118, 'SEARCH'
10, 28081, 173.44133142780223, 173.44133142780223, 'SEARCH'
10, 28082, 173.41440127468383, 173.41440127468383, 'SEARCH'
10, 28083, 173.4045483445568, 173.4045483445568, 'SEARCH'
10, 28084, 173.4249424714376, 173.4249424714376, 'SEARCH'
10, 28085, 173.3975231537242, 173.3975231537242, 'SEARCH'
10, 28086, 173.37429274099287, 173.37429274099287, 'SEARCH'
10, 28087, 173.34668160528994, 173.34668160528994, 'SEARCH'
10, 28088, 173.36193780702123, 173.36193780702123, 'SEARCH'
10, 28089, 173.35032880114252, 173.35032880114252, 'SEARCH'
10, 28090, 173.3778806420426, 173.3778806420426, 'SEARCH'
10, 28091, 173.35365129386318, 173.35365129386318, 'SEARCH'
10, 28092, 173.33744546632957, 173.33744546632957, 'SEARCH'
10, 28093, 173.3429032136821, 173.3429032136821, 'SEARCH'
10, 28094, 173.32516947283568, 173.32516947283568, 'SEARCH'
10, 28095, 173.30977730305293, 173.30977730305293, 'SEARCH'
10, 28096, 173.33438753896817, 173.33438753896817, 'SEARCH'
10, 28097, 173.36215770763835, 173.36215770763835, 'SEARCH'
10, 28098, 173.37225088195467, 173.37225088195467, 'SEARCH'
10, 28099, 173.38278934713145, 173.38278934713145, 'SEARCH'
10, 28100, 173.3625681963402, 173.3625681963402, 'SEARCH'
10, 28101, 173.33668981041654, 173.33668981041654, 'SEARCH'
10, 28102, 173.30903277347895, 173.30903277347895, 'SEARCH'
10, 28103, 173.33678661144054, 173.33678661144054, 'SEARCH'
10, 28104, 173.31561520528254, 173.31561520528254, 'SEARCH'
10, 28105, 173.2978984958812, 173.2978984958812, 'SEARCH'
10, 28106, 173.30848186248704, 173.30848186248704, 'SEARCH'
10, 28107, 173.33623069971935, 173.33623069971935, 'SEARCH'
10, 28108, 173.30957620471932, 173.30957620471932, 'SEARCH'
10, 28109, 173.33727272153322, 173.33727272153322, 'SEARCH'
10, 28110, 173.31433887103734, 173.31433887103734, 'SEARCH'
10, 28111, 173.3068589196773, 173.3068589196773, 'SEARCH'
10, 28112, 173.32333889629263, 173.32333889629263, 'SEARCH'
10, 28113, 173.35099471435964, 173.35099471435964, 'SEARCH'
10, 28114, 173.35212695947163, 173.35212695947163, 'SEARCH'
10, 28115, 173.36178073779408, 173.36178073779408, 'SEARCH'
10, 28116, 173.36096949158218, 173.36096949158218, 'SEARCH'
10, 28117, 173.3356586225951, 173.3356586225951, 'SEARCH'
10, 28118, 173.32108785540606, 173.32108785540606, 'SEARCH'
10, 28119, 173.31596966602942, 173.31596966602942, 'SEARCH'
10, 28120, 173.29545400869128, 173.29545400869128, 'SEARCH'
10, 28121, 173.26822598595334, 173.26822598595334, 'SEARCH'
10, 28122, 173.24057390805265, 173.24057390805265, 'SEARCH'
10, 28123, 173.22042057428249, 173.22042057428249, 'SEARCH'
10, 28124, 173.2462681295857, 173.2462681295857, 'SEARCH'
10, 28125, 173.22310007157284, 173.22310007157284, 'SEARCH'
10, 28126, 173.2504958239767, 173.2504958239767, 'SEARCH'
10, 28127, 173.22464706123696, 173.22464706123696, 'SEARCH'
10, 28128, 173.1983065595656, 173.1983065595656, 'SEARCH'
10, 28129, 173.22607422878463, 173.22607422878463, 'SEARCH'
10, 28130, 173.2099478005821, 173.2099478005821, 'SEARCH'
10, 28131, 173.2068190598731, 173.2068190598731, 'SEARCH'
10, 28132, 173.19487743987298, 173.19487743987298, 'SEARCH'
10, 28133, 173.21180899267722, 173.21180899267722, 'SEARCH'
10, 28134, 173.23892451538964, 173.23892451538964, 'SEARCH'
10, 28135, 173.24446322312832, 173.24446322312832, 'SEARCH'
10, 28136, 173.23078335247024, 173.23078335247024, 'SEARCH'
10, 28137, 173.23297040163393, 173.23297040163393, 'SEARCH'
10, 28138, 173.26036600899326, 173.26036600899326, 'SEARCH'
10, 28139, 173.2630187876453, 173.2630187876453, 'SEARCH'
10, 28140, 173.24571869804234, 173.24571869804234, 'SEARCH'
10, 28141, 173.2273134898695, 173.2273134898695, 'SEARCH'
10, 28142, 173.24644410617054, 173.24644410617054, 'SEARCH'
10, 28143, 173.25433562986652, 173.25433562986652, 'SEARCH'
10, 28144, 173.27666406370065, 173.27666406370065, 'SEARCH'
10, 28145, 173.2890453008611, 173.2890453008611, 'SEARCH'
10, 28146, 173.2639642854183, 173.2639642854183, 'SEARCH'
10, 28147, 173.28998103758158, 173.28998103758158, 'SEARCH'
10, 28148, 173.27933139443823, 173.27933139443823, 'SEARCH'
10, 28149, 173.28813248337894, 173.28813248337894, 'SEARCH'
10, 28150, 173.27278582656018, 173.27278582656018, 'SEARCH'
10, 28151, 173.24500904006786, 173.24500904006786, 'SEARCH'
10, 28152, 173.2281064877849, 173.2281064877849, 'SEARCH'
10, 28153, 173.2041828680243, 173.2041828680243, 'SEARCH'
10, 28154, 173.20736321945478, 173.20736321945478, 'SEARCH'
10, 28155, 173.19543631428206, 173.19543631428206, 'SEARCH'
10, 28156, 173.19475266520178, 173.19475266520178, 'SEARCH'
10, 28157, 173.17674668712635, 173.17674668712635, 'SEARCH'
10, 28158, 173.19047468654932, 173.19047468654932, 'SEARCH'
10, 28159, 173.1627051778059, 173.1627051778059, 'SEARCH'
10, 28160, 173.1885744476043, 173.1885744476043, 'SEARCH'
10, 28161, 173.1620976806463, 173.1620976806463, 'SEARCH'
10, 28162, 173.14166356244525, 173.14166356244525, 'SEARCH'
10, 28163, 173.16611375807616, 173.16611375807616, 'SEARCH'
10, 28164, 173.19032297471753, 173.19032297471753, 'SEARCH'
10, 28165, 173.2176450383663, 173.2176450383663, 'SEARCH'
10, 28166, 173.1911635149319, 173.1911635149319, 'SEARCH'
10, 28167, 173.20530657990457, 173.20530657990457, 'SEARCH'
10, 28168, 173.1776179303464, 173.1776179303464, 'SEARCH'
10, 28169, 173.18963199429285, 173.18963199429285, 'SEARCH'
10, 28170, 173.16186235106662, 173.16186235106662, 'SEARCH'
10, 28171, 173.18896596801045, 173.18896596801045, 'SEARCH'
10, 28172, 173.1863584408738, 173.1863584408738, 'SEARCH'
10, 28173, 173.19836923629077, 173.19836923629077, 'SEARCH'
10, 28174, 173.17550595074067, 173.17550595074067, 'SEARCH'
10, 28175, 173.15678839852472, 173.15678839852472, 'SEARCH'
10, 28176, 173.13703108787584, 173.13703108787584, 'SEARCH'
10, 28177, 173.12830410930215, 173.12830410930215, 'SEARCH'
10, 28178, 173.1247757959968, 173.1247757959968, 'SEARCH'
10, 28179, 173.09934256615992, 173.09934256615992, 'SEARCH'
10, 28180, 173.07453609251226, 173.07453609251226, 'SEARCH'
10, 28181, 173.10231365818004, 173.10231365818004, 'SEARCH'
10, 28182, 173.0973661777086, 173.0973661777086, 'SEARCH'
10, 28183, 173.08551661735584, 173.08551661735584, 'SEARCH'
10, 28184, 173.06545645519446, 173.06545645519446, 'SEARCH'
10, 28185, 173.037820581421, 173.037820581421, 'SEARCH'
10, 28186, 173.04256284403687, 173.04256284403687, 'SEARCH'
10, 28187, 173.01504378523208, 173.01504378523208, 'SEARCH'
10, 28188, 173.02310114207953, 173.02310114207953, 'SEARCH'
10, 28189, 173.04269279827494, 173.04269279827494, 'SEARCH'
10, 28190, 173.04454833440724, 173.04454833440724, 'SEARCH'
10, 28191, 173.0241768902056, 173.0241768902056, 'SEARCH'
10, 28192, 173.00448646260935, 173.00448646260935, 'SEARCH'
10, 28193, 172.9831717510517, 172.9831717510517, 'SEARCH'
10, 28194, 172.99217608187158, 172.99217608187158, 'SEARCH'
10, 28195, 172.9718293568025, 172.9718293568025, 'SEARCH'
10, 28196, 172.99719241676308, 172.99719241676308, 'SEARCH'
10, 28197, 173.02490582629963, 173.02490582629963, 'SEARCH'
10, 28198, 173.05242228976422, 173.05242228976422, 'SEARCH'
10, 28199, 173.0246474213364, 173.0246474213364, 'SEARCH'
10, 28200, 173.00213639544594, 173.00213639544594, 'SEARCH'
10, 28201, 172.99035126004165, 172.99035126004165, 'SEARCH'
10, 28202, 173.01030371830262, 173.01030371830262, 'SEARCH'
10, 28203, 173.00782921475118, 173.00782921475118, 'SEARCH'
10, 28204, 173.0229152963511, 173.0229152963511, 'SEARCH'
10, 28205, 172.99528353451245, 172.99528353451245, 'SEARCH'
10, 28206, 173.020014637785, 173.020014637785, 'SEARCH'
10, 28207, 173.0389173180864, 173.0389173180864, 'SEARCH'
10, 28208, 173.01392107054875, 173.01392107054875, 'SEARCH'
10, 28209, 173.01773572711997, 173.01773572711997, 'SEARCH'
10, 28210, 173.04398283413832, 173.04398283413832, 'SEARCH'
10, 28211, 173.0680044464558, 173.0680044464558, 'SEARCH'
10, 28212, 173.09574841092885, 173.09574841092885, 'SEARCH'
10, 28213, 173.0999937550803, 173.0999937550803, 'SEARCH'
10, 28214, 173.07928219291503, 173.07928219291503, 'SEARCH'
10, 28215, 173.10304646051023, 173.10304646051023, 'SEARCH'
10, 28216, 173.1226150926854, 173.1226150926854, 'SEARCH'
10, 28217, 173.09516156484244, 173.09516156484244, 'SEARCH'
10, 28218, 173.0710567647362, 173.0710567647362, 'SEARCH'
10, 28219, 173.0432847605831, 173.0432847605831, 'SEARCH'
10, 28220, 173.04515857823216, 173.04515857823216, 'SEARCH'
10, 28221, 173.0602337143552, 173.0602337143552, 'SEARCH'
10, 28222, 173.07912498323358, 173.07912498323358, 'SEARCH'
10, 28223, 173.0804952128313, 173.0804952128313, 'SEARCH'
10, 28224, 173.06012308111386, 173.06012308111386, 'SEARCH'
10, 28225, 173.06724522008776, 173.06724522008776, 'SEARCH'
10, 28226, 173.03957960299238, 173.03957960299238, 'SEARCH'
10, 28227, 173.02522539818563, 173.02522539818563, 'SEARCH'
10, 28228, 173.05077719626715, 173.05077719626715, 'SEARCH'
10, 28229, 173.0666597296862, 173.0666597296862, 'SEARCH'
10, 28230, 173.04443318685483, 173.04443318685483, 'SEARCH'
10, 28231, 173.0362587488898, 173.0362587488898, 'SEARCH'
10, 28232, 173.01464049730373, 173.01464049730373, 'SEARCH'
10, 28233, 173.03246919678645, 173.03246919678645, 'SEARCH'
10, 28234, 173.02247252895137, 173.02247252895137, 'SEARCH'
10, 28235, 172.99589756450334, 172.99589756450334, 'SEARCH'
10, 28236, 172.9828388231011, 172.9828388231011, 'SEARCH'
10, 28237, 172.9923291992382, 172.9923291992382, 'SEARCH'
10, 28238, 172.9698472633003, 172.9698472633003, 'SEARCH'
10, 28239, 172.94766254016918, 172.94766254016918, 'SEARCH'
10, 28240, 172.91995342372, 172.91995342372, 'SEARCH'
10, 28241, 172.93892120602612, 172.93892120602612, 'SEARCH'
10, 28242, 172.93364138117695, 172.93364138117695, 'SEARCH'
10, 28243, 172.90590035371375, 172.90590035371375, 'SEARCH'
10, 28244, 172.91266217651, 172.91266217651, 'SEARCH'
10, 28245, 172.92700303376176, 172.92700303376176, 'SEARCH'
10, 28246, 172.89924108296555, 172.89924108296555, 'SEARCH'
10, 28247, 172.8973528747413, 172.8973528747413, 'SEARCH'
10, 28248, 172.88835856240803, 172.88835856240803, 'SEARCH'
10, 28249, 172.90271574405514, 172.90271574405514, 'SEARCH'
10, 28250, 172.9300803139692, 172.9300803139692, 'SEARCH'
10, 28251, 172.951380927442, 172.951380927442, 'SEARCH'
10, 28252, 172.92360775103353, 172.92360775103353, 'SEARCH'
10, 28253, 172.95104955214498, 172.95104955214498, 'SEARCH'
10, 28254, 172.9291734376923, 172.9291734376923, 'SEARCH'
10, 28255, 172.92438535847472, 172.92438535847472, 'SEARCH'
10, 28256, 172.92539510950556, 172.92539510950556, 'SEARCH'
10, 28257, 172.903833528429, 172.903833528429, 'SEARCH'
10, 28258, 172.88755118896705, 172.88755118896705, 'SEARCH'
10, 28259, 172.87587265661458, 172.87587265661458, 'SEARCH'
10, 28260, 172.9028435521584, 172.9028435521584, 'SEARCH'
10, 28261, 172.92912703136952, 172.92912703136952, 'SEARCH'
10, 28262, 172.94263093134066, 172.94263093134066, 'SEARCH'
10, 28263, 172.9148531752491, 172.9148531752491, 'SEARCH'
10, 28264, 172.89424548666045, 172.89424548666045, 'SEARCH'
10, 28265, 172.9005591098798, 172.9005591098798, 'SEARCH'
10, 28266, 172.87281612947788, 172.87281612947788, 'SEARCH'
10, 28267, 172.90023901629627, 172.90023901629627, 'SEARCH'
10, 28268, 172.8748887867592, 172.8748887867592, 'SEARCH'
10, 28269, 172.85600348585913, 172.85600348585913, 'SEARCH'
10, 28270, 172.86139580394516, 172.86139580394516, 'SEARCH'
10, 28271, 172.8425185247772, 172.8425185247772, 'SEARCH'
10, 28272, 172.8581384113459, 172.8581384113459, 'SEARCH'
10, 28273, 172.8845860900827, 172.8845860900827, 'SEARCH'
10, 28274, 172.90979463932885, 172.90979463932885, 'SEARCH'
10, 28275, 172.90266646353692, 172.90266646353692, 'SEARCH'
10, 28276, 172.88800525059472, 172.88800525059472, 'SEARCH'
10, 28277, 172.87546558123745, 172.87546558123745, 'SEARCH'
10, 28278, 172.901758860896, 172.901758860896, 'SEARCH'
10, 28279, 172.8779860882793, 172.8779860882793, 'SEARCH'
10, 28280, 172.8694865698078, 172.8694865698078, 'SEARCH'
10, 28281, 172.86007565226362, 172.86007565226362, 'SEARCH'
10, 28282, 172.83494400077538, 172.83494400077538, 'SEARCH'
10, 28283, 172.86056004709158, 172.86056004709158, 'SEARCH'
10, 28284, 172.8736921655101, 172.8736921655101, 'SEARCH'
10, 28285, 172.89622120623025, 172.89622120623025, 'SEARCH'
10, 28286, 172.9165925882359, 172.9165925882359, 'SEARCH'
10, 28287, 172.89068493452965, 172.89068493452965, 'SEARCH'
10, 28288, 172.9033734226596, 172.9033734226596, 'SEARCH'
10, 28289, 172.91249271542867, 172.91249271542867, 'SEARCH'
10, 28290, 172.8847293283846, 172.8847293283846, 'SEARCH'
10, 28291, 172.90833561225057, 172.90833561225057, 'SEARCH'
10, 28292, 172.8880740568799, 172.8880740568799, 'SEARCH'
10, 28293, 172.86031011406607, 172.86031011406607, 'SEARCH'
10, 28294, 172.83583605654817, 172.83583605654817, 'SEARCH'
10, 28295, 172.83982816408266, 172.83982816408266, 'SEARCH'
10, 28296, 172.83656820279774, 172.83656820279774, 'SEARCH'
10, 28297, 172.8639461921406, 172.8639461921406, 'SEARCH'
10, 28298, 172.85593197929302, 172.85593197929302, 'SEARCH'
10, 28299, 172.87789396212338, 172.87789396212338, 'SEARCH'
10, 28300, 172.902002580545, 172.902002580545, 'SEARCH'
10, 28301, 172.88242445952469, 172.88242445952469, 'SEARCH'
10, 28302, 172.90856232239852, 172.90856232239852, 'SEARCH'
10, 28303, 172.90334759306378, 172.90334759306378, 'SEARCH'
10, 28304, 172.92200267791307, 172.92200267791307, 'SEARCH'
10, 28305, 172.93637831285312, 172.93637831285312, 'SEARCH'
10, 28306, 172.9330648460288, 172.9330648460288, 'SEARCH'
10, 28307, 172.93843948315316, 172.93843948315316, 'SEARCH'
10, 28308, 172.92503694747134, 172.92503694747134, 'SEARCH'
10, 28309, 172.9516252670465, 172.9516252670465, 'SEARCH'
10, 28310, 172.96429530441875, 172.96429530441875, 'SEARCH'
10, 28311, 172.96386983918802, 172.96386983918802, 'SEARCH'
10, 28312, 172.96538445407566, 172.96538445407566, 'SEARCH'
10, 28313, 172.99037774255584, 172.99037774255584, 'SEARCH'
10, 28314, 173.00127315648444, 173.00127315648444, 'SEARCH'
10, 28315, 173.01171544573776, 173.01171544573776, 'SEARCH'
10, 28316, 172.98395578848917, 172.98395578848917, 'SEARCH'
10, 28317, 172.9612314785961, 172.9612314785961, 'SEARCH'
10, 28318, 172.96081447609458, 172.96081447609458, 'SEARCH'
10, 28319, 172.98797073014623, 172.98797073014623, 'SEARCH'
10, 28320, 172.97168483698587, 172.97168483698587, 'SEARCH'
10, 28321, 172.983918430167, 172.983918430167, 'SEARCH'
10, 28322, 172.99482373546454, 172.99482373546454, 'SEARCH'
10, 28323, 173.02166794879753, 173.02166794879753, 'SEARCH'
10, 28324, 173.0494420488156, 173.0494420488156, 'SEARCH'
10, 28325, 173.04041218396435, 173.04041218396435, 'SEARCH'
10, 28326, 173.06812077655124, 173.06812077655124, 'SEARCH'
10, 28327, 173.09538757250598, 173.09538757250598, 'SEARCH'
10, 28328, 173.12316534624887, 173.12316534624887, 'SEARCH'
10, 28329, 173.0954575776722, 173.0954575776722, 'SEARCH'
10, 28330, 173.07872843049213, 173.07872843049213, 'SEARCH'
10, 28331, 173.09505334000397, 173.09505334000397, 'SEARCH'
10, 28332, 173.10362497776825, 173.10362497776825, 'SEARCH'
10, 28333, 173.10409252071508, 173.10409252071508, 'SEARCH'
10, 28334, 173.11173345936032, 173.11173345936032, 'SEARCH'
10, 28335, 173.13924369845228, 173.13924369845228, 'SEARCH'
10, 28336, 173.11385179457815, 173.11385179457815, 'SEARCH'
10, 28337, 173.0872815883423, 173.0872815883423, 'SEARCH'
10, 28338, 173.0713462834323, 173.0713462834323, 'SEARCH'
10, 28339, 173.08957649165626, 173.08957649165626, 'SEARCH'
10, 28340, 173.11674782045614, 173.11674782045614, 'SEARCH'
10, 28341, 173.14315956298174, 173.14315956298174, 'SEARCH'
10, 28342, 173.1186153694012, 173.1186153694012, 'SEARCH'
10, 28343, 173.1407869012388, 173.1407869012388, 'SEARCH'
10, 28344, 173.16323889448526, 173.16323889448526, 'SEARCH'
10, 28345, 173.19058605207059, 173.19058605207059, 'SEARCH'
10, 28346, 173.1995659530225, 173.1995659530225, 'SEARCH'
10, 28347, 173.20527074487921, 173.20527074487921, 'SEARCH'
10, 28348, 173.23166581291872, 173.23166581291872, 'SEARCH'
10, 28349, 173.20687407217096, 173.20687407217096, 'SEARCH'
10, 28350, 173.2015004301765, 173.2015004301765, 'SEARCH'
10, 28351, 173.18839780015503, 173.18839780015503, 'SEARCH'
10, 28352, 173.19220413958809, 173.19220413958809, 'SEARCH'
10, 28353, 173.1945639090526, 173.1945639090526, 'SEARCH'
10, 28354, 173.21274110334645, 173.21274110334645, 'SEARCH'
10, 28355, 173.18503617588956, 173.18503617588956, 'SEARCH'
10, 28356, 173.18740281403825, 173.18740281403825, 'SEARCH'
10, 28357, 173.1769462097605, 173.1769462097605, 'SEARCH'
10, 28358, 173.18685723914322, 173.18685723914322, 'SEARCH'
10, 28359, 173.2113590260419, 173.2113590260419, 'SEARCH'
10, 28360, 173.18378009932627, 173.18378009932627, 'SEARCH'
10, 28361, 173.18034584942419, 173.18034584942419, 'SEARCH'
10, 28362, 173.15495098974628, 173.15495098974628, 'SEARCH'
10, 28363, 173.1276781844351, 173.1276781844351, 'SEARCH'
10, 28364, 173.0999379648648, 173.0999379648648, 'SEARCH'
10, 28365, 173.098009122325, 173.098009122325, 'SEARCH'
10, 28366, 173.08943621228562, 173.08943621228562, 'SEARCH'
10, 28367, 173.11274265964371, 173.11274265964371, 'SEARCH'
10, 28368, 173.1227006234567, 173.1227006234567, 'SEARCH'
10, 28369, 173.149871791458, 173.149871791458, 'SEARCH'
10, 28370, 173.1226004779086, 173.1226004779086, 'SEARCH'
10, 28371, 173.13164225406481, 173.13164225406481, 'SEARCH'
10, 28372, 173.10667280487746, 173.10667280487746, 'SEARCH'
10, 28373, 173.07893254199087, 173.07893254199087, 'SEARCH'
10, 28374, 173.10587812690943, 173.10587812690943, 'SEARCH'
10, 28375, 173.0869416011334, 173.0869416011334, 'SEARCH'
10, 28376, 173.1099840839466, 173.1099840839466, 'SEARCH'
10, 28377, 173.09176754159162, 173.09176754159162, 'SEARCH'
10, 28378, 173.10396513067343, 173.10396513067343, 'SEARCH'
10, 28379, 173.0830114229853, 173.0830114229853, 'SEARCH'
10, 28380, 173.10089028637356, 173.10089028637356, 'SEARCH'
10, 28381, 173.1284004904477, 173.1284004904477, 'SEARCH'
10, 28382, 173.15357634788913, 173.15357634788913, 'SEARCH'
10, 28383, 173.13570972910946, 173.13570972910946, 'SEARCH'
10, 28384, 173.16067541786072, 173.16067541786072, 'SEARCH'
10, 28385, 173.13296657504807, 173.13296657504807, 'SEARCH'
10, 28386, 173.1607401137874, 173.1607401137874, 'SEARCH'
10, 28387, 173.13296689165304, 173.13296689165304, 'SEARCH'
10, 28388, 173.152948852366, 173.152948852366, 'SEARCH'
10, 28389, 173.17869940933306, 173.17869940933306, 'SEARCH'
10, 28390, 173.15112516001685, 173.15112516001685, 'SEARCH'
10, 28391, 173.1351840754042, 173.1351840754042, 'SEARCH'
10, 28392, 173.1200565303479, 173.1200565303479, 'SEARCH'
10, 28393, 173.14741005954778, 173.14741005954778, 'SEARCH'
10, 28394, 173.12411048750084, 173.12411048750084, 'SEARCH'
10, 28395, 173.11929740803575, 173.11929740803575, 'SEARCH'
10, 28396, 173.14696815425634, 173.14696815425634, 'SEARCH'
10, 28397, 173.13063784980878, 173.13063784980878, 'SEARCH'
10, 28398, 173.10634697054826, 173.10634697054826, 'SEARCH'
10, 28399, 173.12883467942262, 173.12883467942262, 'SEARCH'
10, 28400, 173.11291110895323, 173.11291110895323, 'SEARCH'
10, 28401, 173.1406888772181, 173.1406888772181, 'SEARCH'
10, 28402, 173.11292787568402, 173.11292787568402, 'SEARCH'
10, 28403, 173.0854956848805, 173.0854956848805, 'SEARCH'
10, 28404, 173.11300890691632, 173.11300890691632, 'SEARCH'
10, 28405, 173.09174485854174, 173.09174485854174, 'SEARCH'
10, 28406, 173.07624368676156, 173.07624368676156, 'SEARCH'
10, 28407, 173.08669592033894, 173.08669592033894, 'SEARCH'
10, 28408, 173.08191601774865, 173.08191601774865, 'SEARCH'
10, 28409, 173.05417891064815, 173.05417891064815, 'SEARCH'
10, 28410, 173.08145918918052, 173.08145918918052, 'SEARCH'
10, 28411, 173.0553736008774, 173.0553736008774, 'SEARCH'
10, 28412, 173.06493776935298, 173.06493776935298, 'SEARCH'
10, 28413, 173.0862569045126, 173.0862569045126, 'SEARCH'
10, 28414, 173.09017122373257, 173.09017122373257, 'SEARCH'
10, 28415, 173.09118818334227, 173.09118818334227, 'SEARCH'
10, 28416, 173.06347474883742, 173.06347474883742, 'SEARCH'
10, 28417, 173.07025979004936, 173.07025979004936, 'SEARCH'
10, 28418, 173.09188721095362, 173.09188721095362, 'SEARCH'
10, 28419, 173.10051838428427, 173.10051838428427, 'SEARCH'
10, 28420, 173.07779013078178, 173.07779013078178, 'SEARCH'
10, 28421, 173.05924892799186, 173.05924892799186, 'SEARCH'
10, 28422, 173.04459276573746, 173.04459276573746, 'SEARCH'
10, 28423, 173.0686920952459, 173.0686920952459, 'SEARCH'
10, 28424, 173.06204056067068, 173.06204056067068, 'SEARCH'
10, 28425, 173.07682534100644, 173.07682534100644, 'SEARCH'
10, 28426, 173.06257665682043, 173.06257665682043, 'SEARCH'
10, 28427, 173.0587884562539, 173.0587884562539, 'SEARCH'
10, 28428, 173.04372879521816, 173.04372879521816, 'SEARCH'
10, 28429, 173.02189755579144, 173.02189755579144, 'SEARCH'
10, 28430, 173.04887655543803, 173.04887655543803, 'SEARCH'
10, 28431, 173.0376620451797, 173.0376620451797, 'SEARCH'
10, 28432, 173.01553838818094, 173.01553838818094, 'SEARCH'
10, 28433, 173.03779267872744, 173.03779267872744, 'SEARCH'
10, 28434, 173.01156171041706, 173.01156171041706, 'SEARCH'
10, 28435, 172.98386027422046, 172.98386027422046, 'SEARCH'
10, 28436, 172.9598741990392, 172.9598741990392, 'SEARCH'
10, 28437, 172.94654476158712, 172.94654476158712, 'SEARCH'
10, 28438, 172.95973319713522, 172.95973319713522, 'SEARCH'
10, 28439, 172.9321823757053, 172.9321823757053, 'SEARCH'
10, 28440, 172.9313915853405, 172.9313915853405, 'SEARCH'
10, 28441, 172.9176595097072, 172.9176595097072, 'SEARCH'
10, 28442, 172.90698236459718, 172.90698236459718, 'SEARCH'
10, 28443, 172.93331125768796, 172.93331125768796, 'SEARCH'
10, 28444, 172.94608444179497, 172.94608444179497, 'SEARCH'
10, 28445, 172.92622473807438, 172.92622473807438, 'SEARCH'
10, 28446, 172.94151235770394, 172.94151235770394, 'SEARCH'
10, 28447, 172.91437966990688, 172.91437966990688, 'SEARCH'
10, 28448, 172.91360958311074, 172.91360958311074, 'SEARCH'
10, 28449, 172.9319850035535, 172.9319850035535, 'SEARCH'
10, 28450, 172.95589243656704, 172.95589243656704, 'SEARCH'
10, 28451, 172.97156958759024, 172.97156958759024, 'SEARCH'
10, 28452, 172.988029706523, 172.988029706523, 'SEARCH'
10, 28453, 173.01548919645046, 173.01548919645046, 'SEARCH'
10, 28454, 172.98773339630142, 172.98773339630142, 'SEARCH'
10, 28455, 173.0153915587811, 173.0153915587811, 'SEARCH'
10, 28456, 172.99027387079286, 172.99027387079286, 'SEARCH'
10, 28457, 173.00171210355165, 173.00171210355165, 'SEARCH'
10, 28458, 173.01358440520968, 173.01358440520968, 'SEARCH'
10, 28459, 173.04124393592474, 173.04124393592474, 'SEARCH'
10, 28460, 173.013542496057, 173.013542496057, 'SEARCH'
10, 28461, 172.99772462278187, 172.99772462278187, 'SEARCH'
10, 28462, 173.0017410746723, 173.0017410746723, 'SEARCH'
10, 28463, 173.02848393969313, 173.02848393969313, 'SEARCH'
10, 28464, 173.00474227047133, 173.00474227047133, 'SEARCH'
10, 28465, 172.99630104322247, 172.99630104322247, 'SEARCH'
10, 28466, 172.984265407718, 172.984265407718, 'SEARCH'
10, 28467, 172.9570302905614, 172.9570302905614, 'SEARCH'
10, 28468, 172.9702350728253, 172.9702350728253, 'SEARCH'
10, 28469, 172.9967077955095, 172.9967077955095, 'SEARCH'
10, 28470, 172.9693802785709, 172.9693802785709, 'SEARCH'
10, 28471, 172.9966129034328, 172.9966129034328, 'SEARCH'
10, 28472, 173.0025447647493, 173.0025447647493, 'SEARCH'
10, 28473, 173.0108166218501, 173.0108166218501, 'SEARCH'
10, 28474, 173.0075833334463, 173.0075833334463, 'SEARCH'
10, 28475, 173.02800530711139, 173.02800530711139, 'SEARCH'
10, 28476, 173.00988999379436, 173.00988999379436, 'SEARCH'
10, 28477, 173.00053736700607, 173.00053736700607, 'SEARCH'
10, 28478, 173.0263538976728, 173.0263538976728, 'SEARCH'
10, 28479, 172.9991150397302, 172.9991150397302, 'SEARCH'
10, 28480, 173.006932036286, 173.006932036286, 'SEARCH'
10, 28481, 172.99534053319576, 172.99534053319576, 'SEARCH'
10, 28482, 173.02293174055114, 173.02293174055114, 'SEARCH'
10, 28483, 173.0083419628643, 173.0083419628643, 'SEARCH'
10, 28484, 173.02109937154535, 173.02109937154535, 'SEARCH'
10, 28485, 173.03870230972106, 173.03870230972106, 'SEARCH'
10, 28486, 173.05911691357124, 173.05911691357124, 'SEARCH'
10, 28487, 173.08078748222107, 173.08078748222107, 'SEARCH'
10, 28488, 173.07993624935904, 173.07993624935904, 'SEARCH'
10, 28489, 173.10770743631295, 173.10770743631295, 'SEARCH'
10, 28490, 173.1352657019277, 173.1352657019277, 'SEARCH'
10, 28491, 173.12675917029242, 173.12675917029242, 'SEARCH'
10, 28492, 173.15451679522366, 173.15451679522366, 'SEARCH'
10, 28493, 173.1270918824514, 173.1270918824514, 'SEARCH'
10, 28494, 173.11203730925058, 173.11203730925058, 'SEARCH'
10, 28495, 173.08853371314157, 173.08853371314157, 'SEARCH'
10, 28496, 173.0642959497348, 173.0642959497348, 'SEARCH'
10, 28497, 173.04475004784078, 173.04475004784078, 'SEARCH'
10, 28498, 173.06119867258244, 173.06119867258244, 'SEARCH'
10, 28499, 173.0772456447759, 173.0772456447759, 'SEARCH'
10, 28500, 173.0502092705226, 173.0502092705226, 'SEARCH'
10, 28501, 173.02265710686942, 173.02265710686942, 'SEARCH'
10, 28502, 173.04940482287577, 173.04940482287577, 'SEARCH'
10, 28503, 173.02261282030076, 173.02261282030076, 'SEARCH'
10, 28504, 173.00113250852635, 173.00113250852635, 'SEARCH'
10, 28505, 173.0286651731676, 173.0286651731676, 'SEARCH'
10, 28506, 173.03601517068762, 173.03601517068762, 'SEARCH'
10, 28507, 173.028049390565, 173.028049390565, 'SEARCH'
10, 28508, 173.0550425960424, 173.0550425960424, 'SEARCH'
10, 28509, 173.0789301909023, 173.0789301909023, 'SEARCH'
10, 28510, 173.05168881248545, 173.05168881248545, 'SEARCH'
10, 28511, 173.0604192958104, 173.0604192958104, 'SEARCH'
10, 28512, 173.04751069272322, 173.04751069272322, 'SEARCH'
10, 28513, 173.06979096542304, 173.06979096542304, 'SEARCH'
10, 28514, 173.09708571131685, 173.09708571131685, 'SEARCH'
10, 28515, 173.1223139523121, 173.1223139523121, 'SEARCH'
10, 28516, 173.09739533983344, 173.09739533983344, 'SEARCH'
10, 28517, 173.12511402986848, 173.12511402986848, 'SEARCH'
10, 28518, 173.11435947590422, 173.11435947590422, 'SEARCH'
10, 28519, 173.0916722934829, 173.0916722934829, 'SEARCH'
10, 28520, 173.11827503552115, 173.11827503552115, 'SEARCH'
10, 28521, 173.13055528432517, 173.13055528432517, 'SEARCH'
10, 28522, 173.14536640460705, 173.14536640460705, 'SEARCH'
10, 28523, 173.17278664229156, 173.17278664229156, 'SEARCH'
10, 28524, 173.2002830439068, 173.2002830439068, 'SEARCH'
10, 28525, 173.22606012402267, 173.22606012402267, 'SEARCH'
10, 28526, 173.22755484528028, 173.22755484528028, 'SEARCH'
10, 28527, 173.20239713149851, 173.20239713149851, 'SEARCH'
10, 28528, 173.22717443275832, 173.22717443275832, 'SEARCH'
10, 28529, 173.21547389284652, 173.21547389284652, 'SEARCH'
10, 28530, 173.21552637501964, 173.21552637501964, 'SEARCH'
10, 28531, 173.24319370303078, 173.24319370303078, 'SEARCH'
10, 28532, 173.22392211281507, 173.22392211281507, 'SEARCH'
10, 28533, 173.23255229313125, 173.23255229313125, 'SEARCH'
10, 28534, 173.23356565933494, 173.23356565933494, 'SEARCH'
10, 28535, 173.21688426271365, 173.21688426271365, 'SEARCH'
10, 28536, 173.21452077873468, 173.21452077873468, 'SEARCH'
10, 28537, 173.19597907554714, 173.19597907554714, 'SEARCH'
10, 28538, 173.2228297090654, 173.2228297090654, 'SEARCH'
10, 28539, 173.25032925969634, 173.25032925969634, 'SEARCH'
10, 28540, 173.27487266504755, 173.27487266504755, 'SEARCH'
10, 28541, 173.26359225572122, 173.26359225572122, 'SEARCH'
10, 28542, 173.27914933181458, 173.27914933181458, 'SEARCH'
10, 28543, 173.26485892197795, 173.26485892197795, 'SEARCH'
10, 28544, 173.29236212614848, 173.29236212614848, 'SEARCH'
10, 28545, 173.26458839904967, 173.26458839904967, 'SEARCH'
10, 28546, 173.2694418304604, 173.2694418304604, 'SEARCH'
10, 28547, 173.29571541718516, 173.29571541718516, 'SEARCH'
10, 28548, 173.30657810784774, 173.30657810784774, 'SEARCH'
10, 28549, 173.3114049311763, 173.3114049311763, 'SEARCH'
10, 28550, 173.33358998466053, 173.33358998466053, 'SEARCH'
10, 28551, 173.31139729869915, 173.31139729869915, 'SEARCH'
10, 28552, 173.31140020729703, 173.31140020729703, 'SEARCH'
10, 28553, 173.31478974286813, 173.31478974286813, 'SEARCH'
10, 28554, 173.29260738362746, 173.29260738362746, 'SEARCH'
10, 28555, 173.26591121802235, 173.26591121802235, 'SEARCH'
10, 28556, 173.26643575398617, 173.26643575398617, 'SEARCH'
10, 28557, 173.27951264586494, 173.27951264586494, 'SEARCH'
10, 28558, 173.25359156524556, 173.25359156524556, 'SEARCH'
10, 28559, 173.25702829767462, 173.25702829767462, 'SEARCH'
10, 28560, 173.22986814076108, 173.22986814076108, 'SEARCH'
10, 28561, 173.20452073841065, 173.20452073841065, 'SEARCH'
10, 28562, 173.17696108510845, 173.17696108510845, 'SEARCH'
10, 28563, 173.17081947703488, 173.17081947703488, 'SEARCH'
10, 28564, 173.19815492114068, 173.19815492114068, 'SEARCH'
10, 28565, 173.18874429529416, 173.18874429529416, 'SEARCH'
10, 28566, 173.1609691298838, 173.1609691298838, 'SEARCH'
10, 28567, 173.13325064755568, 173.13325064755568, 'SEARCH'
10, 28568, 173.11865290832125, 173.11865290832125, 'SEARCH'
10, 28569, 173.14368730230018, 173.14368730230018, 'SEARCH'
10, 28570, 173.170927999255, 173.170927999255, 'SEARCH'
10, 28571, 173.1840731722446, 173.1840731722446, 'SEARCH'
10, 28572, 173.17376954422213, 173.17376954422213, 'SEARCH'
10, 28573, 173.16213801683236, 173.16213801683236, 'SEARCH'
10, 28574, 173.14158144745645, 173.14158144745645, 'SEARCH'
10, 28575, 173.12866846461893, 173.12866846461893, 'SEARCH'
10, 28576, 173.1101972612949, 173.1101972612949, 'SEARCH'
10, 28577, 173.13219066863783, 173.13219066863783, 'SEARCH'
10, 28578, 173.14864308909011, 173.14864308909011, 'SEARCH'
10, 28579, 173.1222697504522, 173.1222697504522, 'SEARCH'
10, 28580, 173.14967943348975, 173.14967943348975, 'SEARCH'
10, 28581, 173.1774551158381, 173.1774551158381, 'SEARCH'
10, 28582, 173.15534528764144, 173.15534528764144, 'SEARCH'
10, 28583, 173.17761383666388, 173.17761383666388, 'SEARCH'
10, 28584, 173.20148823458186, 173.20148823458186, 'SEARCH'
10, 28585, 173.22920570269304, 173.22920570269304, 'SEARCH'
10, 28586, 173.20281490590284, 173.20281490590284, 'SEARCH'
10, 28587, 173.17931546299545, 173.17931546299545, 'SEARCH'
10, 28588, 173.15843419693496, 173.15843419693496, 'SEARCH'
10, 28589, 173.18386798518722, 173.18386798518722, 'SEARCH'
10, 28590, 173.16925356096195, 173.16925356096195, 'SEARCH'
10, 28591, 173.14149779385505, 173.14149779385505, 'SEARCH'
10, 28592, 173.1692183891933, 173.1692183891933, 'SEARCH'
10, 28593, 173.16983959000865, 173.16983959000865, 'SEARCH'
10, 28594, 173.19670612291398, 173.19670612291398, 'SEARCH'
10, 28595, 173.17137818469175, 173.17137818469175, 'SEARCH'
10, 28596, 173.19898909379194, 173.19898909379194, 'SEARCH'
10, 28597, 173.22095013751678, 173.22095013751678, 'SEARCH'
10, 28598, 173.23278179056237, 173.23278179056237, 'SEARCH'
10, 28599, 173.25819637190727, 173.25819637190727, 'SEARCH'
10, 28600, 173.2452231390536, 173.2452231390536, 'SEARCH'
10, 28601, 173.2722691852201, 173.2722691852201, 'SEARCH'
10, 28602, 173.26799017991, 173.26799017991, 'SEARCH'
10, 28603, 173.29575344948557, 173.29575344948557, 'SEARCH'
10, 28604, 173.27172297342605, 173.27172297342605, 'SEARCH'
10, 28605, 173.27324650666012, 173.27324650666012, 'SEARCH'
10, 28606, 173.30058999765964, 173.30058999765964, 'SEARCH'
10, 28607, 173.3275305474822, 173.3275305474822, 'SEARCH'
10, 28608, 173.31408962967515, 173.31408962967515, 'SEARCH'
10, 28609, 173.28637669547746, 173.28637669547746, 'SEARCH'
10, 28610, 173.31353468445297, 173.31353468445297, 'SEARCH'
10, 28611, 173.33631233271103, 173.33631233271103, 'SEARCH'
10, 28612, 173.34718896257053, 173.34718896257053, 'SEARCH'
10, 28613, 173.34720727203367, 173.34720727203367, 'SEARCH'
10, 28614, 173.32025939511666, 173.32025939511666, 'SEARCH'
10, 28615, 173.33333551120887, 173.33333551120887, 'SEARCH'
10, 28616, 173.3194739831217, 173.3194739831217, 'SEARCH'
10, 28617, 173.34330633513144, 173.34330633513144, 'SEARCH'
10, 28618, 173.36154999279918, 173.36154999279918, 'SEARCH'
10, 28619, 173.38922085494988, 173.38922085494988, 'SEARCH'
10, 28620, 173.36674424273008, 173.36674424273008, 'SEARCH'
10, 28621, 173.39212488152745, 173.39212488152745, 'SEARCH'
10, 28622, 173.36636700691452, 173.36636700691452, 'SEARCH'
10, 28623, 173.33865774589998, 173.33865774589998, 'SEARCH'
10, 28624, 173.31836470386196, 173.31836470386196, 'SEARCH'
10, 28625, 173.34313696706823, 173.34313696706823, 'SEARCH'
10, 28626, 173.37087828564208, 173.37087828564208, 'SEARCH'
10, 28627, 173.3985027786385, 173.3985027786385, 'SEARCH'
10, 28628, 173.40707714706204, 173.40707714706204, 'SEARCH'
10, 28629, 173.43424481083542, 173.43424481083542, 'SEARCH'
10, 28630, 173.4572542045279, 173.4572542045279, 'SEARCH'
10, 28631, 173.4295476929575, 173.4295476929575, 'SEARCH'
10, 28632, 173.45228438365572, 173.45228438365572, 'SEARCH'
10, 28633, 173.4665510600092, 173.4665510600092, 'SEARCH'
10, 28634, 173.45137531699945, 173.45137531699945, 'SEARCH'
10, 28635, 173.42578876813317, 173.42578876813317, 'SEARCH'
10, 28636, 173.43526678572866, 173.43526678572866, 'SEARCH'
10, 28637, 173.46221224889914, 173.46221224889914, 'SEARCH'
10, 28638, 173.48917680182575, 173.48917680182575, 'SEARCH'
10, 28639, 173.4709003988976, 173.4709003988976, 'SEARCH'
10, 28640, 173.46272631341486, 173.46272631341486, 'SEARCH'
10, 28641, 173.48897516440636, 173.48897516440636, 'SEARCH'
10, 28642, 173.46828767482594, 173.46828767482594, 'SEARCH'
10, 28643, 173.44054537391597, 173.44054537391597, 'SEARCH'
10, 28644, 173.41600512925345, 173.41600512925345, 'SEARCH'
10, 28645, 173.39352611081338, 173.39352611081338, 'SEARCH'
10, 28646, 173.38634327269966, 173.38634327269966, 'SEARCH'
10, 28647, 173.39539965563733, 173.39539965563733, 'SEARCH'
10, 28648, 173.38728605381385, 173.38728605381385, 'SEARCH'
10, 28649, 173.41304701346735, 173.41304701346735, 'SEARCH'
10, 28650, 173.4319891911177, 173.4319891911177, 'SEARCH'
10, 28651, 173.40428020759947, 173.40428020759947, 'SEARCH'
10, 28652, 173.43190628199784, 173.43190628199784, 'SEARCH'
10, 28653, 173.42898679472617, 173.42898679472617, 'SEARCH'
10, 28654, 173.43569482002042, 173.43569482002042, 'SEARCH'
10, 28655, 173.4299038364011, 173.4299038364011, 'SEARCH'
10, 28656, 173.41600605642253, 173.41600605642253, 'SEARCH'
10, 28657, 173.40928735116728, 173.40928735116728, 'SEARCH'
10, 28658, 173.4299355045677, 173.4299355045677, 'SEARCH'
10, 28659, 173.41360274598466, 173.41360274598466, 'SEARCH'
10, 28660, 173.42310965735388, 173.42310965735388, 'SEARCH'
10, 28661, 173.43030004069104, 173.43030004069104, 'SEARCH'
10, 28662, 173.40492256157026, 173.40492256157026, 'SEARCH'
10, 28663, 173.41398187813593, 173.41398187813593, 'SEARCH'
10, 28664, 173.38624158242644, 173.38624158242644, 'SEARCH'
10, 28665, 173.39439363835612, 173.39439363835612, 'SEARCH'
10, 28666, 173.41034868229738, 173.41034868229738, 'SEARCH'
10, 28667, 173.40086364479757, 173.40086364479757, 'SEARCH'
10, 28668, 173.3830276285356, 173.3830276285356, 'SEARCH'
10, 28669, 173.3763460324032, 173.3763460324032, 'SEARCH'
10, 28670, 173.40405932366534, 173.40405932366534, 'SEARCH'
10, 28671, 173.4131268173409, 173.4131268173409, 'SEARCH'
10, 28672, 173.43851115809719, 173.43851115809719, 'SEARCH'
10, 28673, 173.4107502560777, 173.4107502560777, 'SEARCH'
10, 28674, 173.4078687878781, 173.4078687878781, 'SEARCH'
10, 28675, 173.4112797278615, 173.4112797278615, 'SEARCH'
10, 28676, 173.42762713105395, 173.42762713105395, 'SEARCH'
10, 28677, 173.44549276386962, 173.44549276386962, 'SEARCH'
10, 28678, 173.4567921133652, 173.4567921133652, 'SEARCH'
10, 28679, 173.48405838930628, 173.48405838930628, 'SEARCH'
10, 28680, 173.46474335208399, 173.46474335208399, 'SEARCH'
10, 28681, 173.44442067898126, 173.44442067898126, 'SEARCH'
10, 28682, 173.45660279706743, 173.45660279706743, 'SEARCH'
10, 28683, 173.42943157356612, 173.42943157356612, 'SEARCH'
10, 28684, 173.4571930774825, 173.4571930774825, 'SEARCH'
10, 28685, 173.48486535184895, 173.48486535184895, 'SEARCH'
10, 28686, 173.50270260995987, 173.50270260995987, 'SEARCH'
10, 28687, 173.5297603551832, 173.5297603551832, 'SEARCH'
10, 28688, 173.50380751474466, 173.50380751474466, 'SEARCH'
10, 28689, 173.4831406263071, 173.4831406263071, 'SEARCH'
10, 28690, 173.46184929522184, 173.46184929522184, 'SEARCH'
10, 28691, 173.43434156581895, 173.43434156581895, 'SEARCH'
10, 28692, 173.42131755570514, 173.42131755570514, 'SEARCH'
10, 28693, 173.4294679944957, 173.4294679944957, 'SEARCH'
10, 28694, 173.40170804199306, 173.40170804199306, 'SEARCH'
10, 28695, 173.39225143745023, 173.39225143745023, 'SEARCH'
10, 28696, 173.39996126560735, 173.39996126560735, 'SEARCH'
10, 28697, 173.37643142853037, 173.37643142853037, 'SEARCH'
10, 28698, 173.34871653828833, 173.34871653828833, 'SEARCH'
10, 28699, 173.33366389729244, 173.33366389729244, 'SEARCH'
10, 28700, 173.33086336482606, 173.33086336482606, 'SEARCH'
10, 28701, 173.31582458668163, 173.31582458668163, 'SEARCH'
10, 28702, 173.33588948400697, 173.33588948400697, 'SEARCH'
10, 28703, 173.3634729085859, 173.3634729085859, 'SEARCH'
10, 28704, 173.3357570017736, 173.3357570017736, 'SEARCH'
10, 28705, 173.31393324523995, 173.31393324523995, 'SEARCH'
10, 28706, 173.30186756043958, 173.30186756043958, 'SEARCH'
10, 28707, 173.32961397675615, 173.32961397675615, 'SEARCH'
10, 28708, 173.32160084416776, 173.32160084416776, 'SEARCH'
10, 28709, 173.34721739405649, 173.34721739405649, 'SEARCH'
10, 28710, 173.34201711499983, 173.34201711499983, 'SEARCH'
10, 28711, 173.349776829358, 173.349776829358, 'SEARCH'
10, 28712, 173.37751096350746, 173.37751096350746, 'SEARCH'
10, 28713, 173.36454211037088, 173.36454211037088, 'SEARCH'
10, 28714, 173.33983421953494, 173.33983421953494, 'SEARCH'
10, 28715, 173.3141214866061, 173.3141214866061, 'SEARCH'
10, 28716, 173.2867068058911, 173.2867068058911, 'SEARCH'
10, 28717, 173.25909774660872, 173.25909774660872, 'SEARCH'
10, 28718, 173.258788585125, 173.258788585125, 'SEARCH'
10, 28719, 173.27986877060428, 173.27986877060428, 'SEARCH'
10, 28720, 173.29042486127562, 173.29042486127562, 'SEARCH'
10, 28721, 173.27667104907567, 173.27667104907567, 'SEARCH'
10, 28722, 173.26871015907142, 173.26871015907142, 'SEARCH'
10, 28723, 173.29395901190122, 173.29395901190122, 'SEARCH'
10, 28724, 173.32161699591134, 173.32161699591134, 'SEARCH'
10, 28725, 173.29400584037924, 173.29400584037924, 'SEARCH'
10, 28726, 173.28285085825365, 173.28285085825365, 'SEARCH'
10, 28727, 173.26549961416788, 173.26549961416788, 'SEARCH'
10, 28728, 173.2695450795128, 173.2695450795128, 'SEARCH'
10, 28729, 173.24289351041884, 173.24289351041884, 'SEARCH'
10, 28730, 173.27061691610282, 173.27061691610282, 'SEARCH'
10, 28731, 173.2586016428574, 173.2586016428574, 'SEARCH'
10, 28732, 173.2850780976671, 173.2850780976671, 'SEARCH'
10, 28733, 173.25752865818654, 173.25752865818654, 'SEARCH'
10, 28734, 173.2667534926923, 173.2667534926923, 'SEARCH'
10, 28735, 173.24279095420192, 173.24279095420192, 'SEARCH'
10, 28736, 173.27001836583645, 173.27001836583645, 'SEARCH'
10, 28737, 173.2864945091984, 173.2864945091984, 'SEARCH'
10, 28738, 173.26732318680087, 173.26732318680087, 'SEARCH'
10, 28739, 173.2424400955033, 173.2424400955033, 'SEARCH'
10, 28740, 173.26965354637633, 173.26965354637633, 'SEARCH'
10, 28741, 173.26693722724966, 173.26693722724966, 'SEARCH'
10, 28742, 173.24578211988396, 173.24578211988396, 'SEARCH'
10, 28743, 173.2581470344616, 173.2581470344616, 'SEARCH'
10, 28744, 173.23830578177078, 173.23830578177078, 'SEARCH'
10, 28745, 173.2657748230106, 173.2657748230106, 'SEARCH'
10, 28746, 173.24921537080593, 173.24921537080593, 'SEARCH'
10, 28747, 173.27522305673526, 173.27522305673526, 'SEARCH'
10, 28748, 173.30005955128223, 173.30005955128223, 'SEARCH'
10, 28749, 173.29164026246238, 173.29164026246238, 'SEARCH'
10, 28750, 173.31811385397756, 173.31811385397756, 'SEARCH'
10, 28751, 173.3273093000342, 173.3273093000342, 'SEARCH'
10, 28752, 173.31313591651315, 173.31313591651315, 'SEARCH'
10, 28753, 173.33356526494956, 173.33356526494956, 'SEARCH'
10, 28754, 173.33613844163767, 173.33613844163767, 'SEARCH'
10, 28755, 173.33871123966165, 173.33871123966165, 'SEARCH'
10, 28756, 173.355549498593, 173.355549498593, 'SEARCH'
10, 28757, 173.3833251382054, 173.3833251382054, 'SEARCH'
10, 28758, 173.41018681559606, 173.41018681559606, 'SEARCH'
10, 28759, 173.4377692871233, 173.4377692871233, 'SEARCH'
10, 28760, 173.46056721418657, 173.46056721418657, 'SEARCH'
10, 28761, 173.48827312200225, 173.48827312200225, 'SEARCH'
10, 28762, 173.4991612976124, 173.4991612976124, 'SEARCH'
10, 28763, 173.5126548201508, 173.5126548201508, 'SEARCH'
10, 28764, 173.52656203413352, 173.52656203413352, 'SEARCH'
10, 28765, 173.55418884917503, 173.55418884917503, 'SEARCH'
10, 28766, 173.56322296033352, 173.56322296033352, 'SEARCH'
10, 28767, 173.59049336645924, 173.59049336645924, 'SEARCH'
10, 28768, 173.583737022949, 173.583737022949, 'SEARCH'
10, 28769, 173.61116800143756, 173.61116800143756, 'SEARCH'
10, 28770, 173.61594034397632, 173.61594034397632, 'SEARCH'
10, 28771, 173.59054204660706, 173.59054204660706, 'SEARCH'
10, 28772, 173.60180952326672, 173.60180952326672, 'SEARCH'
10, 28773, 173.57875770002332, 173.57875770002332, 'SEARCH'
10, 28774, 173.58823744531227, 173.58823744531227, 'SEARCH'
10, 28775, 173.60644000820434, 173.60644000820434, 'SEARCH'
10, 28776, 173.57936487824054, 173.57936487824054, 'SEARCH'
10, 28777, 173.60473311602098, 173.60473311602098, 'SEARCH'
10, 28778, 173.6324085760781, 173.6324085760781, 'SEARCH'
10, 28779, 173.6308937171911, 173.6308937171911, 'SEARCH'
10, 28780, 173.62553606931576, 173.62553606931576, 'SEARCH'
10, 28781, 173.60585693091403, 173.60585693091403, 'SEARCH'
10, 28782, 173.5784949100538, 173.5784949100538, 'SEARCH'
10, 28783, 173.60405894514673, 173.60405894514673, 'SEARCH'
10, 28784, 173.5763174849649, 173.5763174849649, 'SEARCH'
10, 28785, 173.60388677348098, 173.60388677348098, 'SEARCH'
10, 28786, 173.5860059514049, 173.5860059514049, 'SEARCH'
10, 28787, 173.57740492897076, 173.57740492897076, 'SEARCH'
10, 28788, 173.57836454117256, 173.57836454117256, 'SEARCH'
10, 28789, 173.58876188635756, 173.58876188635756, 'SEARCH'
10, 28790, 173.56125223253892, 173.56125223253892, 'SEARCH'
10, 28791, 173.58842428621418, 173.58842428621418, 'SEARCH'
10, 28792, 173.56065047979095, 173.56065047979095, 'SEARCH'
10, 28793, 173.5858286620438, 173.5858286620438, 'SEARCH'
10, 28794, 173.60094716013998, 173.60094716013998, 'SEARCH'
10, 28795, 173.57317321944674, 173.57317321944674, 'SEARCH'
10, 28796, 173.60012564479905, 173.60012564479905, 'SEARCH'
10, 28797, 173.62440993695768, 173.62440993695768, 'SEARCH'
10, 28798, 173.63990934923052, 173.63990934923052, 'SEARCH'
10, 28799, 173.61513571354922, 173.61513571354922, 'SEARCH'
10, 28800, 173.60698433343595, 173.60698433343595, 'SEARCH'
10, 28801, 173.63380955248343, 173.63380955248343, 'BACK-TO-CAMP'
10, 28802, 173.61033277271022, 173.61033277271022, 'SEARCH'
10, 28803, 173.60069316366392, 173.60069316366392, 'SEARCH'
10, 28804, 173.58295932454223, 173.58295932454223, 'SEARCH'
10, 28805, 173.555300984511, 173.555300984511, 'SEARCH'
10, 28806, 173.5474954882962, 173.5474954882962, 'SEARCH'
10, 28807, 173.53014288807998, 173.53014288807998, 'SEARCH'
10, 28808, 173.53320508916923, 173.53320508916923, 'SEARCH'
10, 28809, 173.51560779688657, 173.51560779688657, 'SEARCH'
10, 28810, 173.49474837256378, 173.49474837256378, 'SEARCH'
10, 28811, 173.4863123219099, 173.4863123219099, 'SEARCH'
10, 28812, 173.46622872020401, 173.46622872020401, 'SEARCH'
10, 28813, 173.4438480487986, 173.4438480487986, 'SEARCH'
10, 28814, 173.42648599701812, 173.42648599701812, 'SEARCH'
10, 28815, 173.42038110611787, 173.42038110611787, 'SEARCH'
10, 28816, 173.39260367555542, 173.39260367555542, 'SEARCH'
10, 28817, 173.3680110222102, 173.3680110222102, 'SEARCH'
10, 28818, 173.37058056647015, 173.37058056647015, 'SEARCH'
10, 28819, 173.36541724629106, 173.36541724629106, 'SEARCH'
10, 28820, 173.3555847005579, 173.3555847005579, 'SEARCH'
10, 28821, 173.33235547462235, 173.33235547462235, 'SEARCH'
10, 28822, 173.30912483057907, 173.30912483057907, 'SEARCH'
10, 28823, 173.31918933833575, 173.31918933833575, 'SEARCH'
10, 28824, 173.3049752103194, 173.3049752103194, 'SEARCH'
10, 28825, 173.29227426725893, 173.29227426725893, 'SEARCH'
10, 28826, 173.26656098010898, 173.26656098010898, 'SEARCH'
10, 28827, 173.25014443405502, 173.25014443405502, 'SEARCH'
10, 28828, 173.2374268692912, 173.2374268692912, 'SEARCH'
10, 28829, 173.22342573473782, 173.22342573473782, 'SEARCH'
10, 28830, 173.20682032883187, 173.20682032883187, 'SEARCH'
10, 28831, 173.18021748764153, 173.18021748764153, 'SEARCH'
10, 28832, 173.16620789983475, 173.16620789983475, 'SEARCH'
10, 28833, 173.1584078367917, 173.1584078367917, 'SEARCH'
10, 28834, 173.13820148231287, 173.13820148231287, 'SEARCH'
10, 28835, 173.1446011889232, 173.1446011889232, 'SEARCH'
10, 28836, 173.11872077502883, 173.11872077502883, 'SEARCH'
10, 28837, 173.12320897543123, 173.12320897543123, 'SEARCH'
10, 28838, 173.10347207450056, 173.10347207450056, 'SEARCH'
10, 28839, 173.08945894865826, 173.08945894865826, 'SEARCH'
10, 28840, 173.0617385532957, 173.0617385532957, 'SEARCH'
10, 28841, 173.04813431910281, 173.04813431910281, 'SEARCH'
10, 28842, 173.03273997223744, 173.03273997223744, 'SEARCH'
10, 28843, 173.01355996965538, 173.01355996965538, 'SEARCH'
10, 28844, 172.98751122863453, 172.98751122863453, 'SEARCH'
10, 28845, 172.9900874273085, 172.9900874273085, 'SEARCH'
10, 28846, 172.97734661609744, 172.97734661609744, 'SEARCH'
10, 28847, 172.9601222710947, 172.9601222710947, 'SEARCH'
10, 28848, 172.93508370405863, 172.93508370405863, 'SEARCH'
10, 28849, 172.92542134414182, 172.92542134414182, 'SEARCH'
10, 28850, 172.91384752426345, 172.91384752426345, 'SEARCH'
10, 28851, 172.89127237356283, 172.89127237356283, 'SEARCH'
10, 28852, 172.8779659590657, 172.8779659590657, 'SEARCH'
10, 28853, 172.85030981102037, 172.85030981102037, 'SEARCH'
10, 28854, 172.83699936600993, 172.83699936600993, 'SEARCH'
10, 28855, 172.81149738230823, 172.81149738230823, 'SEARCH'
10, 28856, 172.81360547941557, 172.81360547941557, 'SEARCH'
10, 28857, 172.80216024808024, 172.80216024808024, 'SEARCH'
10, 28858, 172.77584063218708, 172.77584063218708, 'SEARCH'
10, 28859, 172.7498448780444, 172.7498448780444, 'SEARCH'
10, 28860, 172.7245438068743, 172.7245438068743, 'SEARCH'
10, 28861, 172.7112367392064, 172.7112367392064, 'SEARCH'
10, 28862, 172.6834668113121, 172.6834668113121, 'SEARCH'
10, 28863, 172.65671643989683, 172.65671643989683, 'SEARCH'
10, 28864, 172.63652710533069, 172.63652710533069, 'SEARCH'
10, 28865, 172.60892088155057, 172.60892088155057, 'SEARCH'
10, 28866, 172.5832807379724, 172.5832807379724, 'SEARCH'
10, 28867, 172.5564989015891, 172.5564989015891, 'SEARCH'
10, 28868, 172.53029668565193, 172.53029668565193, 'SEARCH'
10, 28869, 172.52016583184266, 172.52016583184266, 'SEARCH'
10, 28870, 172.49577496170355, 172.49577496170355, 'SEARCH'
10, 28871, 172.49020172161536, 172.49020172161536, 'SEARCH'
10, 28872, 172.48414586267194, 172.48414586267194, 'SEARCH'
10, 28873, 172.46836839835137, 172.46836839835137, 'SEARCH'
10, 28874, 172.44146058363722, 172.44146058363722, 'SEARCH'
10, 28875, 172.43077623438538, 172.43077623438538, 'SEARCH'
10, 28876, 172.40547207715125, 172.40547207715125, 'SEARCH'
10, 28877, 172.39101577079185, 172.39101577079185, 'SEARCH'
10, 28878, 172.36809081121154, 172.36809081121154, 'SEARCH'
10, 28879, 172.34062713658895, 172.34062713658895, 'SEARCH'
10, 28880, 172.31553136168776, 172.31553136168776, 'SEARCH'
10, 28881, 172.28970737773628, 172.28970737773628, 'SEARCH'
10, 28882, 172.29984096523438, 172.29984096523438, 'SEARCH'
10, 28883, 172.28915489570483, 172.28915489570483, 'SEARCH'
10, 28884, 172.2758405385068, 172.2758405385068, 'SEARCH'
10, 28885, 172.25899019701302, 172.25899019701302, 'SEARCH'
10, 28886, 172.23389021726493, 172.23389021726493, 'SEARCH'
10, 28887, 172.21131476712296, 172.21131476712296, 'SEARCH'
10, 28888, 172.18354503544913, 172.18354503544913, 'SEARCH'
10, 28889, 172.15734202456593, 172.15734202456593, 'SEARCH'
10, 28890, 172.13184592260112, 172.13184592260112, 'SEARCH'
10, 28891, 172.13106209059953, 172.13106209059953, 'SEARCH'
10, 28892, 172.1240429649348, 172.1240429649348, 'SEARCH'
10, 28893, 172.11905440531672, 172.11905440531672, 'SEARCH'
10, 28894, 172.09173004941306, 172.09173004941306, 'SEARCH'
10, 28895, 172.06860155386693, 172.06860155386693, 'SEARCH'
10, 28896, 172.0764378335113, 172.0764378335113, 'SEARCH'
10, 28897, 172.0704895381718, 172.0704895381718, 'SEARCH'
10, 28898, 172.05063827189971, 172.05063827189971, 'SEARCH'
10, 28899, 172.04504168505127, 172.04504168505127, 'SEARCH'
10, 28900, 172.04955866254224, 172.04955866254224, 'SEARCH'
10, 28901, 172.02304298205604, 172.02304298205604, 'SEARCH'
10, 28902, 172.0054347609223, 172.0054347609223, 'SEARCH'
10, 28903, 171.98373864914677, 171.98373864914677, 'SEARCH'
10, 28904, 171.95600905829218, 171.95600905829218, 'SEARCH'
10, 28905, 171.93983139339528, 171.93983139339528, 'SEARCH'
10, 28906, 171.91843800971805, 171.91843800971805, 'SEARCH'
10, 28907, 171.89313848443413, 171.89313848443413, 'SEARCH'
10, 28908, 171.87084261469704, 171.87084261469704, 'SEARCH'
10, 28909, 171.8768080754698, 171.8768080754698, 'SEARCH'
10, 28910, 171.8721662170163, 171.8721662170163, 'SEARCH'
10, 28911, 171.8607079655481, 171.8607079655481, 'SEARCH'
10, 28912, 171.85475128962224, 171.85475128962224, 'SEARCH'
10, 28913, 171.84831215167665, 171.84831215167665, 'SEARCH'
10, 28914, 171.84900271344114, 171.84900271344114, 'SEARCH'
10, 28915, 171.821698558503, 171.821698558503, 'SEARCH'
10, 28916, 171.80805616594, 171.80805616594, 'SEARCH'
10, 28917, 171.81684041647435, 171.81684041647435, 'SEARCH'
10, 28918, 171.7892948852932, 171.7892948852932, 'SEARCH'
10, 28919, 171.79046693941177, 171.79046693941177, 'SEARCH'
10, 28920, 171.7629203953495, 171.7629203953495, 'SEARCH'
10, 28921, 171.73723893929645, 171.73723893929645, 'SEARCH'
10, 28922, 171.7104843481155, 171.7104843481155, 'SEARCH'
10, 28923, 171.69892643884086, 171.69892643884086, 'SEARCH'
10, 28924, 171.67721845955887, 171.67721845955887, 'SEARCH'
10, 28925, 171.66357607030935, 171.66357607030935, 'SEARCH'
10, 28926, 171.63680019218447, 171.63680019218447, 'SEARCH'
10, 28927, 171.6210921053539, 171.6210921053539, 'SEARCH'
10, 28928, 171.60419873831557, 171.60419873831557, 'SEARCH'
10, 28929, 171.5972327545188, 171.5972327545188, 'SEARCH'
10, 28930, 171.5921902433485, 171.5921902433485, 'SEARCH'
10, 28931, 171.57137942773704, 171.57137942773704, 'SEARCH'
10, 28932, 171.5730614541437, 171.5730614541437, 'SEARCH'
10, 28933, 171.56108145282133, 171.56108145282133, 'SEARCH'
10, 28934, 171.5499766421073, 171.5499766421073, 'SEARCH'
10, 28935, 171.52225306070167, 171.52225306070167, 'SEARCH'
10, 28936, 171.50310687406224, 171.50310687406224, 'SEARCH'
10, 28937, 171.4756283852497, 171.4756283852497, 'SEARCH'
10, 28938, 171.47969678829278, 171.47969678829278, 'SEARCH'
10, 28939, 171.4808605689544, 171.4808605689544, 'SEARCH'
10, 28940, 171.47199179480626, 171.47199179480626, 'SEARCH'
10, 28941, 171.44689166294532, 171.44689166294532, 'SEARCH'
10, 28942, 171.42184884966323, 171.42184884966323, 'SEARCH'
10, 28943, 171.4319735255034, 171.4319735255034, 'SEARCH'
10, 28944, 171.4042071958756, 171.4042071958756, 'SEARCH'
10, 28945, 171.37916421321938, 171.37916421321938, 'SEARCH'
10, 28946, 171.3513880779782, 171.3513880779782, 'SEARCH'
10, 28947, 171.36196610650103, 171.36196610650103, 'SEARCH'
10, 28948, 171.33426881484, 171.33426881484, 'SEARCH'
10, 28949, 171.32402862505606, 171.32402862505606, 'SEARCH'
10, 28950, 171.31071102655835, 171.31071102655835, 'SEARCH'
10, 28951, 171.28472011108673, 171.28472011108673, 'SEARCH'
10, 28952, 171.25703374484712, 171.25703374484712, 'SEARCH'
10, 28953, 171.25238156628726, 171.25238156628726, 'SEARCH'
10, 28954, 171.2265651573872, 171.2265651573872, 'SEARCH'
10, 28955, 171.20371302026572, 171.20371302026572, 'SEARCH'
10, 28956, 171.20195461960245, 171.20195461960245, 'SEARCH'
10, 28957, 171.17938234124597, 171.17938234124597, 'SEARCH'
10, 28958, 171.16056885269987, 171.16056885269987, 'SEARCH'
10, 28959, 171.14322288582883, 171.14322288582883, 'SEARCH'
10, 28960, 171.12523940707376, 171.12523940707376, 'SEARCH'
10, 28961, 171.11775351018966, 171.11775351018966, 'SEARCH'
10, 28962, 171.11501794581264, 171.11501794581264, 'SEARCH'
10, 28963, 171.08737612405, 171.08737612405, 'SEARCH'
10, 28964, 171.0631608963699, 171.0631608963699, 'SEARCH'
10, 28965, 171.06622522030526, 171.06622522030526, 'SEARCH'
10, 28966, 171.0522052417387, 171.0522052417387, 'SEARCH'
10, 28967, 171.02831216517885, 171.02831216517885, 'SEARCH'
10, 28968, 171.0006553757844, 171.0006553757844, 'SEARCH'
10, 28969, 170.98863303902837, 170.98863303902837, 'SEARCH'
10, 28970, 170.98976672398334, 170.98976672398334, 'SEARCH'
10, 28971, 170.962384555459, 170.962384555459, 'SEARCH'
10, 28972, 170.95488121595025, 170.95488121595025, 'SEARCH'
10, 28973, 170.9271498042192, 170.9271498042192, 'SEARCH'
10, 28974, 170.9083178933514, 170.9083178933514, 'SEARCH'
10, 28975, 170.9151818462597, 170.9151818462597, 'SEARCH'
10, 28976, 170.89036927553133, 170.89036927553133, 'SEARCH'
10, 28977, 170.88379040134583, 170.88379040134583, 'SEARCH'
10, 28978, 170.88247309532804, 170.88247309532804, 'SEARCH'
10, 28979, 170.8888454052041, 170.8888454052041, 'SEARCH'
10, 28980, 170.86211176258703, 170.86211176258703, 'SEARCH'
10, 28981, 170.83433425480717, 170.83433425480717, 'SEARCH'
10, 28982, 170.82655693785588, 170.82655693785588, 'SEARCH'
10, 28983, 170.8021962990296, 170.8021962990296, 'SEARCH'
10, 28984, 170.80858475182754, 170.80858475182754, 'SEARCH'
10, 28985, 170.7857543509958, 170.7857543509958, 'SEARCH'
10, 28986, 170.76621283011946, 170.76621283011946, 'SEARCH'
10, 28987, 170.74198447105204, 170.74198447105204, 'SEARCH'
10, 28988, 170.71478598622664, 170.71478598622664, 'SEARCH'
10, 28989, 170.6888033413449, 170.6888033413449, 'SEARCH'
10, 28990, 170.66872015001434, 170.66872015001434, 'SEARCH'
10, 28991, 170.6409428086642, 170.6409428086642, 'SEARCH'
10, 28992, 170.63723432059976, 170.63723432059976, 'SEARCH'
10, 28993, 170.61036471899277, 170.61036471899277, 'SEARCH'
10, 28994, 170.59718697382283, 170.59718697382283, 'SEARCH'
10, 28995, 170.56940968883805, 170.56940968883805, 'SEARCH'
10, 28996, 170.55961267163926, 170.55961267163926, 'SEARCH'
10, 28997, 170.55164495395715, 170.55164495395715, 'SEARCH'
10, 28998, 170.56308197068216, 170.56308197068216, 'SEARCH'
10, 28999, 170.5440341345347, 170.5440341345347, 'SEARCH'
10, 29000, 170.53746087164896, 170.53746087164896, 'SEARCH'
10, 29001, 170.51124316393242, 170.51124316393242, 'SEARCH'
10, 29002, 170.48974554318048, 170.48974554318048, 'SEARCH'
10, 29003, 170.4682455637845, 170.4682455637845, 'SEARCH'
10, 29004, 170.4805435013986, 170.4805435013986, 'SEARCH'
10, 29005, 170.4689170092327, 170.4689170092327, 'SEARCH'
10, 29006, 170.45388627146855, 170.45388627146855, 'SEARCH'
10, 29007, 170.4515751718857, 170.4515751718857, 'SEARCH'
10, 29008, 170.43516642922535, 170.43516642922535, 'SEARCH'
10, 29009, 170.40937009003528, 170.40937009003528, 'SEARCH'
10, 29010, 170.40229404223354, 170.40229404223354, 'SEARCH'
10, 29011, 170.38125881749033, 170.38125881749033, 'SEARCH'
10, 29012, 170.37074423028292, 170.37074423028292, 'SEARCH'
10, 29013, 170.3732925951541, 170.3732925951541, 'SEARCH'
10, 29014, 170.34551506689746, 170.34551506689746, 'SEARCH'
10, 29015, 170.32104576325537, 170.32104576325537, 'SEARCH'
10, 29016, 170.3161049098458, 170.3161049098458, 'SEARCH'
10, 29017, 170.31045628495676, 170.31045628495676, 'SEARCH'
10, 29018, 170.30719059985418, 170.30719059985418, 'SEARCH'
10, 29019, 170.31495382536403, 170.31495382536403, 'SEARCH'
10, 29020, 170.2973946562084, 170.2973946562084, 'SEARCH'
10, 29021, 170.2960510483332, 170.2960510483332, 'SEARCH'
10, 29022, 170.29228474951483, 170.29228474951483, 'SEARCH'
10, 29023, 170.28241528132287, 170.28241528132287, 'SEARCH'
10, 29024, 170.25907372438624, 170.25907372438624, 'SEARCH'
10, 29025, 170.23414733837464, 170.23414733837464, 'SEARCH'
10, 29026, 170.23278319665903, 170.23278319665903, 'SEARCH'
10, 29027, 170.20506761823322, 170.20506761823322, 'SEARCH'
10, 29028, 170.18172561561855, 170.18172561561855, 'SEARCH'
10, 29029, 170.16236345209035, 170.16236345209035, 'SEARCH'
10, 29030, 170.13502547547296, 170.13502547547296, 'SEARCH'
10, 29031, 170.11478039656996, 170.11478039656996, 'SEARCH'
10, 29032, 170.12660895362757, 170.12660895362757, 'SEARCH'
10, 29033, 170.1102104062669, 170.1102104062669, 'SEARCH'
10, 29034, 170.09682929255212, 170.09682929255212, 'SEARCH'
10, 29035, 170.07725181503508, 170.07725181503508, 'SEARCH'
10, 29036, 170.052113126475, 170.052113126475, 'SEARCH'
10, 29037, 170.0269738953585, 170.0269738953585, 'SEARCH'
10, 29038, 170.0170973171871, 170.0170973171871, 'SEARCH'
10, 29039, 170.00858530676265, 170.00858530676265, 'SEARCH'
10, 29040, 169.98586956926152, 169.98586956926152, 'SEARCH'
10, 29041, 169.96184533148647, 169.96184533148647, 'SEARCH'
10, 29042, 169.93999420906192, 169.93999420906192, 'SEARCH'
10, 29043, 169.92522494427564, 169.92522494427564, 'SEARCH'
10, 29044, 169.90163191522845, 169.90163191522845, 'SEARCH'
10, 29045, 169.8738542424162, 169.8738542424162, 'SEARCH'
10, 29046, 169.84692095246882, 169.84692095246882, 'SEARCH'
10, 29047, 169.81983715837168, 169.81983715837168, 'SEARCH'
10, 29048, 169.81087471606514, 169.81087471606514, 'SEARCH'
10, 29049, 169.80998260079977, 169.80998260079977, 'SEARCH'
10, 29050, 169.7896212531732, 169.7896212531732, 'SEARCH'
10, 29051, 169.801867099686, 169.801867099686, 'SEARCH'
10, 29052, 169.80579863719208, 169.80579863719208, 'SEARCH'
10, 29053, 169.79280716832804, 169.79280716832804, 'SEARCH'
10, 29054, 169.76640399915712, 169.76640399915712, 'SEARCH'
10, 29055, 169.74287291266486, 169.74287291266486, 'SEARCH'
10, 29056, 169.73117529891803, 169.73117529891803, 'SEARCH'
10, 29057, 169.71725317589687, 169.71725317589687, 'SEARCH'
10, 29058, 169.69372211741793, 169.69372211741793, 'SEARCH'
10, 29059, 169.67304836380418, 169.67304836380418, 'SEARCH'
10, 29060, 169.65212049784287, 169.65212049784287, 'SEARCH'
10, 29061, 169.62853654809098, 169.62853654809098, 'SEARCH'
10, 29062, 169.6319805629268, 169.6319805629268, 'SEARCH'
10, 29063, 169.62577954481722, 169.62577954481722, 'SEARCH'
10, 29064, 169.60484154541967, 169.60484154541967, 'SEARCH'
10, 29065, 169.58417475120626, 169.58417475120626, 'SEARCH'
10, 29066, 169.5656211408706, 169.5656211408706, 'SEARCH'
10, 29067, 169.57515887773633, 169.57515887773633, 'SEARCH'
10, 29068, 169.57325016436292, 169.57325016436292, 'SEARCH'
10, 29069, 169.55464889557766, 169.55464889557766, 'SEARCH'
10, 29070, 169.54985379252508, 169.54985379252508, 'SEARCH'
10, 29071, 169.5301980974305, 169.5301980974305, 'SEARCH'
10, 29072, 169.51464094381708, 169.51464094381708, 'SEARCH'
10, 29073, 169.51025690455532, 169.51025690455532, 'SEARCH'
10, 29074, 169.4968333248329, 169.4968333248329, 'SEARCH'
10, 29075, 169.48214927451525, 169.48214927451525, 'SEARCH'
10, 29076, 169.46084742159195, 169.46084742159195, 'SEARCH'
10, 29077, 169.44568124502248, 169.44568124502248, 'SEARCH'
10, 29078, 169.4408038090899, 169.4408038090899, 'SEARCH'
10, 29079, 169.43461868854138, 169.43461868854138, 'SEARCH'
10, 29080, 169.41361775841983, 169.41361775841983, 'SEARCH'
10, 29081, 169.3932579846286, 169.3932579846286, 'SEARCH'
10, 29082, 169.3883611561184, 169.3883611561184, 'SEARCH'
10, 29083, 169.3865081568745, 169.3865081568745, 'SEARCH'
10, 29084, 169.36265937149074, 169.36265937149074, 'SEARCH'
10, 29085, 169.33488739811756, 169.33488739811756, 'SEARCH'
10, 29086, 169.34262676634896, 169.34262676634896, 'SEARCH'
10, 29087, 169.33630450407097, 169.33630450407097, 'SEARCH'
10, 29088, 169.33013980154212, 169.33013980154212, 'SEARCH'
10, 29089, 169.3039005828414, 169.3039005828414, 'SEARCH'
10, 29090, 169.27766130354703, 169.27766130354703, 'SEARCH'
10, 29091, 169.25212178336733, 169.25212178336733, 'SEARCH'
10, 29092, 169.24881173000293, 169.24881173000293, 'SEARCH'
10, 29093, 169.222686602682, 169.222686602682, 'SEARCH'
10, 29094, 169.213711796557, 169.213711796557, 'SEARCH'
10, 29095, 169.1990463192343, 169.1990463192343, 'SEARCH'
10, 29096, 169.18346562159513, 169.18346562159513, 'SEARCH'
10, 29097, 169.16319640260352, 169.16319640260352, 'SEARCH'
10, 29098, 169.1540931879524, 169.1540931879524, 'SEARCH'
10, 29099, 169.13666941693043, 169.13666941693043, 'SEARCH'
10, 29100, 169.11697957887998, 169.11697957887998, 'SEARCH'
10, 29101, 169.11033464623665, 169.11033464623665, 'SEARCH'
10, 29102, 169.1128237666791, 169.1128237666791, 'SEARCH'
10, 29103, 169.0855453267874, 169.0855453267874, 'SEARCH'
10, 29104, 169.0778279994256, 169.0778279994256, 'SEARCH'
10, 29105, 169.05813402219246, 169.05813402219246, 'SEARCH'
10, 29106, 169.03680158128597, 169.03680158128597, 'SEARCH'
10, 29107, 169.01083586685954, 169.01083586685954, 'SEARCH'
10, 29108, 168.98673027943707, 168.98673027943707, 'SEARCH'
10, 29109, 168.97378384465102, 168.97378384465102, 'SEARCH'
10, 29110, 168.95600494680917, 168.95600494680917, 'SEARCH'
10, 29111, 168.92834120824259, 168.92834120824259, 'SEARCH'
10, 29112, 168.91695512567344, 168.91695512567344, 'SEARCH'
10, 29113, 168.89009640757035, 168.89009640757035, 'SEARCH'
10, 29114, 168.87869539492067, 168.87869539492067, 'SEARCH'
10, 29115, 168.86346337377415, 168.86346337377415, 'SEARCH'
10, 29116, 168.8361310932344, 168.8361310932344, 'SEARCH'
10, 29117, 168.8283448788663, 168.8283448788663, 'SEARCH'
10, 29118, 168.84108526184914, 168.84108526184914, 'SEARCH'
10, 29119, 168.84746543067908, 168.84746543067908, 'SEARCH'
10, 29120, 168.84039630530611, 168.84039630530611, 'SEARCH'
10, 29121, 168.84816389002742, 168.84816389002742, 'SEARCH'
10, 29122, 168.84488276695964, 168.84488276695964, 'SEARCH'
10, 29123, 168.82824184685532, 168.82824184685532, 'SEARCH'
10, 29124, 168.8007221368612, 168.8007221368612, 'SEARCH'
10, 29125, 168.78354660656373, 168.78354660656373, 'SEARCH'
10, 29126, 168.7596830992527, 168.7596830992527, 'SEARCH'
10, 29127, 168.73644780852672, 168.73644780852672, 'SEARCH'
10, 29128, 168.7220477857137, 168.7220477857137, 'SEARCH'
10, 29129, 168.7024906070772, 168.7024906070772, 'SEARCH'
10, 29130, 168.6928823919386, 168.6928823919386, 'SEARCH'
10, 29131, 168.685346333644, 168.685346333644, 'SEARCH'
10, 29132, 168.67550048633458, 168.67550048633458, 'SEARCH'
10, 29133, 168.65070138351388, 168.65070138351388, 'SEARCH'
10, 29134, 168.62431913585405, 168.62431913585405, 'SEARCH'
10, 29135, 168.59860760200547, 168.59860760200547, 'SEARCH'
10, 29136, 168.57854624337716, 168.57854624337716, 'SEARCH'
10, 29137, 168.5521667164959, 168.5521667164959, 'SEARCH'
10, 29138, 168.52990774763663, 168.52990774763663, 'SEARCH'
10, 29139, 168.51893164848278, 168.51893164848278, 'SEARCH'
10, 29140, 168.49144458650403, 168.49144458650403, 'SEARCH'
10, 29141, 168.46539219676725, 168.46539219676725, 'SEARCH'
10, 29142, 168.43917545709536, 168.43917545709536, 'SEARCH'
10, 29143, 168.411428531564, 168.411428531564, 'SEARCH'
10, 29144, 168.38368142548543, 168.38368142548543, 'SEARCH'
10, 29145, 168.38286470842294, 168.38286470842294, 'SEARCH'
10, 29146, 168.37187983039922, 168.37187983039922, 'SEARCH'
10, 29147, 168.3451362416957, 168.3451362416957, 'SEARCH'
10, 29148, 168.33055167510477, 168.33055167510477, 'SEARCH'
10, 29149, 168.30733867873755, 168.30733867873755, 'SEARCH'
10, 29150, 168.2923356055148, 168.2923356055148, 'SEARCH'
10, 29151, 168.30287376870186, 168.30287376870186, 'SEARCH'
10, 29152, 168.27641495730737, 168.27641495730737, 'SEARCH'
10, 29153, 168.2490835908643, 168.2490835908643, 'SEARCH'
10, 29154, 168.24922366414154, 168.24922366414154, 'SEARCH'
10, 29155, 168.2380441832292, 168.2380441832292, 'SEARCH'
10, 29156, 168.24058657160947, 168.24058657160947, 'SEARCH'
10, 29157, 168.21444610146273, 168.21444610146273, 'SEARCH'
10, 29158, 168.21650150856556, 168.21650150856556, 'SEARCH'
10, 29159, 168.19931513327535, 168.19931513327535, 'SEARCH'
10, 29160, 168.19389938872544, 168.19389938872544, 'SEARCH'
10, 29161, 168.18519358839154, 168.18519358839154, 'SEARCH'
10, 29162, 168.16208726409803, 168.16208726409803, 'SEARCH'
10, 29163, 168.15410707685248, 168.15410707685248, 'SEARCH'
10, 29164, 168.13183951561388, 168.13183951561388, 'SEARCH'
10, 29165, 168.14147862559366, 168.14147862559366, 'SEARCH'
10, 29166, 168.11688835882092, 168.11688835882092, 'SEARCH'
10, 29167, 168.08947555986467, 168.08947555986467, 'SEARCH'
10, 29168, 168.0706383906942, 168.0706383906942, 'SEARCH'
10, 29169, 168.07889460072354, 168.07889460072354, 'SEARCH'
10, 29170, 168.06169041883976, 168.06169041883976, 'SEARCH'
10, 29171, 168.03489582555358, 168.03489582555358, 'SEARCH'
10, 29172, 168.01152294918074, 168.01152294918074, 'SEARCH'
10, 29173, 167.99877923084608, 167.99877923084608, 'SEARCH'
10, 29174, 167.97109367263062, 167.97109367263062, 'SEARCH'
10, 29175, 167.95777056752547, 167.95777056752547, 'SEARCH'
10, 29176, 167.9351066592801, 167.9351066592801, 'SEARCH'
10, 29177, 167.9215055242405, 167.9215055242405, 'SEARCH'
10, 29178, 167.9034059495853, 167.9034059495853, 'SEARCH'
10, 29179, 167.88028875756177, 167.88028875756177, 'SEARCH'
10, 29180, 167.85985971041939, 167.85985971041939, 'SEARCH'
10, 29181, 167.83262654542483, 167.83262654542483, 'SEARCH'
10, 29182, 167.80795766448276, 167.80795766448276, 'SEARCH'
10, 29183, 167.78456572479826, 167.78456572479826, 'SEARCH'
10, 29184, 167.78571968726553, 167.78571968726553, 'SEARCH'
10, 29185, 167.77210058878813, 167.77210058878813, 'SEARCH'
10, 29186, 167.75039732616614, 167.75039732616614, 'SEARCH'
10, 29187, 167.75445521365577, 167.75445521365577, 'SEARCH'
10, 29188, 167.7456972600529, 167.7456972600529, 'SEARCH'
10, 29189, 167.71949669379353, 167.71949669379353, 'SEARCH'
10, 29190, 167.70544019917108, 167.70544019917108, 'SEARCH'
10, 29191, 167.69946499857892, 167.69946499857892, 'SEARCH'
10, 29192, 167.69113795802846, 167.69113795802846, 'SEARCH'
10, 29193, 167.68139467108008, 167.68139467108008, 'SEARCH'
10, 29194, 167.65417948459154, 167.65417948459154, 'SEARCH'
10, 29195, 167.62658246196696, 167.62658246196696, 'SEARCH'
10, 29196, 167.62011222398297, 167.62011222398297, 'SEARCH'
10, 29197, 167.61363150247186, 167.61363150247186, 'SEARCH'
10, 29198, 167.60123103511629, 167.60123103511629, 'SEARCH'
10, 29199, 167.5897277185653, 167.5897277185653, 'SEARCH'
10, 29200, 167.5632326964066, 167.5632326964066, 'SEARCH'
10, 29201, 167.5516989160157, 167.5516989160157, 'SEARCH'
10, 29202, 167.5275355436541, 167.5275355436541, 'SEARCH'
10, 29203, 167.501508244061, 167.501508244061, 'SEARCH'
10, 29204, 167.49839499453054, 167.49839499453054, 'SEARCH'
10, 29205, 167.49287822525778, 167.49287822525778, 'SEARCH'
10, 29206, 167.46638239934651, 167.46638239934651, 'SEARCH'
10, 29207, 167.43898250545018, 167.43898250545018, 'SEARCH'
10, 29208, 167.41433236253377, 167.41433236253377, 'SEARCH'
10, 29209, 167.42084762551957, 167.42084762551957, 'SEARCH'
10, 29210, 167.40319479151, 167.40319479151, 'SEARCH'
10, 29211, 167.37877605867777, 167.37877605867777, 'SEARCH'
10, 29212, 167.35732746790515, 167.35732746790515, 'SEARCH'
10, 29213, 167.3490051811437, 167.3490051811437, 'SEARCH'
10, 29214, 167.3332524396804, 167.3332524396804, 'SEARCH'
10, 29215, 167.31518653645847, 167.31518653645847, 'SEARCH'
10, 29216, 167.3149879932112, 167.3149879932112, 'SEARCH'
10, 29217, 167.29416142674037, 167.29416142674037, 'SEARCH'
10, 29218, 167.27215003707892, 167.27215003707892, 'SEARCH'
10, 29219, 167.2444216894327, 167.2444216894327, 'SEARCH'
10, 29220, 167.2260482050664, 167.2260482050664, 'SEARCH'
10, 29221, 167.21905633012514, 167.21905633012514, 'SEARCH'
10, 29222, 167.19227577841653, 167.19227577841653, 'SEARCH'
10, 29223, 167.18966818147584, 167.18966818147584, 'SEARCH'
10, 29224, 167.1624390972228, 167.1624390972228, 'SEARCH'
10, 29225, 167.13698539872215, 167.13698539872215, 'SEARCH'
10, 29226, 167.12169518798538, 167.12169518798538, 'SEARCH'
10, 29227, 167.0977828344955, 167.0977828344955, 'SEARCH'
10, 29228, 167.08208281249134, 167.08208281249134, 'SEARCH'
10, 29229, 167.08477908385967, 167.08477908385967, 'SEARCH'
10, 29230, 167.06788763298186, 167.06788763298186, 'SEARCH'
10, 29231, 167.07897988047313, 167.07897988047313, 'SEARCH'
10, 29232, 167.05850431747706, 167.05850431747706, 'SEARCH'
10, 29233, 167.03676394512058, 167.03676394512058, 'SEARCH'
10, 29234, 167.0102684501639, 167.0102684501639, 'SEARCH'
10, 29235, 167.00570114351737, 167.00570114351737, 'SEARCH'
10, 29236, 166.9891846781695, 166.9891846781695, 'SEARCH'
10, 29237, 166.98364503077275, 166.98364503077275, 'SEARCH'
10, 29238, 166.9625145113114, 166.9625145113114, 'SEARCH'
10, 29239, 166.93909873893415, 166.93909873893415, 'SEARCH'
10, 29240, 166.91619545022206, 166.91619545022206, 'SEARCH'
10, 29241, 166.8888032589638, 166.8888032589638, 'SEARCH'
10, 29242, 166.89149518793266, 166.89149518793266, 'SEARCH'
10, 29243, 166.87741329921815, 166.87741329921815, 'SEARCH'
10, 29244, 166.85348517325087, 166.85348517325087, 'SEARCH'
10, 29245, 166.8465394448454, 166.8465394448454, 'SEARCH'
10, 29246, 166.8187880880903, 166.8187880880903, 'SEARCH'
10, 29247, 166.82621553929184, 166.82621553929184, 'SEARCH'
10, 29248, 166.81296694342024, 166.81296694342024, 'SEARCH'
10, 29249, 166.7851987938526, 166.7851987938526, 'SEARCH'
10, 29250, 166.79401980343673, 166.79401980343673, 'SEARCH'
10, 29251, 166.77991842859657, 166.77991842859657, 'SEARCH'
10, 29252, 166.75847756187338, 166.75847756187338, 'SEARCH'
10, 29253, 166.73480079752827, 166.73480079752827, 'SEARCH'
10, 29254, 166.71827287762153, 166.71827287762153, 'SEARCH'
10, 29255, 166.69150873303377, 166.69150873303377, 'SEARCH'
10, 29256, 166.67658918994206, 166.67658918994206, 'SEARCH'
10, 29257, 166.67635097701518, 166.67635097701518, 'SEARCH'
10, 29258, 166.65217138424813, 166.65217138424813, 'SEARCH'
10, 29259, 166.62477319640325, 166.62477319640325, 'SEARCH'
10, 29260, 166.61025375191406, 166.61025375191406, 'SEARCH'
10, 29261, 166.5863265268334, 166.5863265268334, 'SEARCH'
10, 29262, 166.58704833494932, 166.58704833494932, 'SEARCH'
10, 29263, 166.57868028857737, 166.57868028857737, 'SEARCH'
10, 29264, 166.55383204784923, 166.55383204784923, 'SEARCH'
10, 29265, 166.52941237319354, 166.52941237319354, 'SEARCH'
10, 29266, 166.50958663871336, 166.50958663871336, 'SEARCH'
10, 29267, 166.50932054105917, 166.50932054105917, 'SEARCH'
10, 29268, 166.48914779411592, 166.48914779411592, 'SEARCH'
10, 29269, 166.4922538190268, 166.4922538190268, 'SEARCH'
10, 29270, 166.49678962113552, 166.49678962113552, 'SEARCH'
10, 29271, 166.48100637294087, 166.48100637294087, 'SEARCH'
10, 29272, 166.49290447833607, 166.49290447833607, 'SEARCH'
10, 29273, 166.4930689201238, 166.4930689201238, 'SEARCH'
10, 29274, 166.47781116465254, 166.47781116465254, 'SEARCH'
10, 29275, 166.45898748409218, 166.45898748409218, 'SEARCH'
10, 29276, 166.43730022328685, 166.43730022328685, 'SEARCH'
10, 29277, 166.44962843005067, 166.44962843005067, 'SEARCH'
10, 29278, 166.42347237733966, 166.42347237733966, 'SEARCH'
10, 29279, 166.39748113273586, 166.39748113273586, 'SEARCH'
10, 29280, 166.3934456314035, 166.3934456314035, 'SEARCH'
10, 29281, 166.3692987955796, 166.3692987955796, 'SEARCH'
10, 29282, 166.34197672670388, 166.34197672670388, 'SEARCH'
10, 29283, 166.33974697949313, 166.33974697949313, 'SEARCH'
10, 29284, 166.32436485984093, 166.32436485984093, 'SEARCH'
10, 29285, 166.32550912456122, 166.32550912456122, 'SEARCH'
10, 29286, 166.31631033147562, 166.31631033147562, 'SEARCH'
10, 29287, 166.29062143861628, 166.29062143861628, 'SEARCH'
10, 29288, 166.28885798735087, 166.28885798735087, 'SEARCH'
10, 29289, 166.2611273662533, 166.2611273662533, 'SEARCH'
10, 29290, 166.2356835439585, 166.2356835439585, 'SEARCH'
10, 29291, 166.209813848676, 166.209813848676, 'SEARCH'
10, 29292, 166.20564044066634, 166.20564044066634, 'SEARCH'
10, 29293, 166.18126627014612, 166.18126627014612, 'SEARCH'
10, 29294, 166.17238578517328, 166.17238578517328, 'SEARCH'
10, 29295, 166.1513147616148, 166.1513147616148, 'SEARCH'
10, 29296, 166.12961895927216, 166.12961895927216, 'SEARCH'
10, 29297, 166.13604501850372, 166.13604501850372, 'SEARCH'
10, 29298, 166.1095743822443, 166.1095743822443, 'SEARCH'
10, 29299, 166.08188738568555, 166.08188738568555, 'SEARCH'
10, 29300, 166.06954706068106, 166.06954706068106, 'SEARCH'
10, 29301, 166.05146930263507, 166.05146930263507, 'SEARCH'
10, 29302, 166.0310266473963, 166.0310266473963, 'SEARCH'
10, 29303, 166.02687592410282, 166.02687592410282, 'SEARCH'
10, 29304, 166.0342459169866, 166.0342459169866, 'SEARCH'
10, 29305, 166.00651597793384, 166.00651597793384, 'SEARCH'
10, 29306, 165.9873490098978, 165.9873490098978, 'SEARCH'
10, 29307, 165.99090660904807, 165.99090660904807, 'SEARCH'
10, 29308, 165.97015511350918, 165.97015511350918, 'SEARCH'
10, 29309, 165.97226475542473, 165.97226475542473, 'SEARCH'
10, 29310, 165.9661737249842, 165.9661737249842, 'SEARCH'
10, 29311, 165.9460866859295, 165.9460866859295, 'SEARCH'
10, 29312, 165.92726104091648, 165.92726104091648, 'SEARCH'
10, 29313, 165.91066924792494, 165.91066924792494, 'SEARCH'
10, 29314, 165.8883948753262, 165.8883948753262, 'SEARCH'
10, 29315, 165.89758888897188, 165.89758888897188, 'SEARCH'
10, 29316, 165.87395381674585, 165.87395381674585, 'SEARCH'
10, 29317, 165.88035502537969, 165.88035502537969, 'SEARCH'
10, 29318, 165.8544747725721, 165.8544747725721, 'SEARCH'
10, 29319, 165.8663454449893, 165.8663454449893, 'SEARCH'
10, 29320, 165.8392497850516, 165.8392497850516, 'SEARCH'
10, 29321, 165.8470405833382, 165.8470405833382, 'SEARCH'
10, 29322, 165.82133392417742, 165.82133392417742, 'SEARCH'
10, 29323, 165.80691790201627, 165.80691790201627, 'SEARCH'
10, 29324, 165.7831794134203, 165.7831794134203, 'SEARCH'
10, 29325, 165.7588187021347, 165.7588187021347, 'SEARCH'
10, 29326, 165.73319308275805, 165.73319308275805, 'SEARCH'
10, 29327, 165.73479824766335, 165.73479824766335, 'SEARCH'
10, 29328, 165.7242620464893, 165.7242620464893, 'SEARCH'
10, 29329, 165.7008832212953, 165.7008832212953, 'SEARCH'
10, 29330, 165.6879843943345, 165.6879843943345, 'SEARCH'
10, 29331, 165.6602853664819, 165.6602853664819, 'SEARCH'
10, 29332, 165.64122747575468, 165.64122747575468, 'SEARCH'
10, 29333, 165.62102546302364, 165.62102546302364, 'SEARCH'
10, 29334, 165.60603186577208, 165.60603186577208, 'SEARCH'
10, 29335, 165.58561179981027, 165.58561179981027, 'SEARCH'
10, 29336, 165.5750544409278, 165.5750544409278, 'SEARCH'
10, 29337, 165.56584572416475, 165.56584572416475, 'SEARCH'
10, 29338, 165.5382982872169, 165.5382982872169, 'SEARCH'
10, 29339, 165.51629375865457, 165.51629375865457, 'SEARCH'
10, 29340, 165.51794465244728, 165.51794465244728, 'SEARCH'
10, 29341, 165.49081330151245, 165.49081330151245, 'SEARCH'
10, 29342, 165.48058192419796, 165.48058192419796, 'SEARCH'
10, 29343, 165.4860580023904, 165.4860580023904, 'SEARCH'
10, 29344, 165.4785631677191, 165.4785631677191, 'SEARCH'
10, 29345, 165.45086458970573, 165.45086458970573, 'SEARCH'
10, 29346, 165.46275021484442, 165.46275021484442, 'SEARCH'
10, 29347, 165.44915188464685, 165.44915188464685, 'SEARCH'
10, 29348, 165.42205018974073, 165.42205018974073, 'SEARCH'
10, 29349, 165.4117996732977, 165.4117996732977, 'SEARCH'
10, 29350, 165.3875819836385, 165.3875819836385, 'SEARCH'
10, 29351, 165.37035722845164, 165.37035722845164, 'SEARCH'
10, 29352, 165.34897124120616, 165.34897124120616, 'SEARCH'
10, 29353, 165.3257714493877, 165.3257714493877, 'SEARCH'
10, 29354, 165.31610792260992, 165.31610792260992, 'SEARCH'
10, 29355, 165.2906570456409, 165.2906570456409, 'SEARCH'
10, 29356, 165.29662035975616, 165.29662035975616, 'SEARCH'
10, 29357, 165.29389703846152, 165.29389703846152, 'SEARCH'
10, 29358, 165.29309845366998, 165.29309845366998, 'SEARCH'
10, 29359, 165.28795573559452, 165.28795573559452, 'SEARCH'
10, 29360, 165.27352026283148, 165.27352026283148, 'SEARCH'
10, 29361, 165.24736289143493, 165.24736289143493, 'SEARCH'
10, 29362, 165.25187456075182, 165.25187456075182, 'SEARCH'
10, 29363, 165.22467151833942, 165.22467151833942, 'SEARCH'
10, 29364, 165.19820338247303, 165.19820338247303, 'SEARCH'
10, 29365, 165.17913533476445, 165.17913533476445, 'SEARCH'
10, 29366, 165.17461250368333, 165.17461250368333, 'SEARCH'
10, 29367, 165.1604698002061, 165.1604698002061, 'SEARCH'
10, 29368, 165.13371810136803, 165.13371810136803, 'SEARCH'
10, 29369, 165.11171260742404, 165.11171260742404, 'SEARCH'
10, 29370, 165.08483050197367, 165.08483050197367, 'SEARCH'
10, 29371, 165.06142297868743, 165.06142297868743, 'SEARCH'
10, 29372, 165.05921517619413, 165.05921517619413, 'SEARCH'
10, 29373, 165.03459394014166, 165.03459394014166, 'SEARCH'
10, 29374, 165.02174033677102, 165.02174033677102, 'SEARCH'
10, 29375, 165.02097465878424, 165.02097465878424, 'SEARCH'
10, 29376, 165.01211405773506, 165.01211405773506, 'SEARCH'
10, 29377, 165.00335518571535, 165.00335518571535, 'SEARCH'
10, 29378, 164.9880627069775, 164.9880627069775, 'SEARCH'
10, 29379, 164.96600322503159, 164.96600322503159, 'SEARCH'
10, 29380, 164.9476268319048, 164.9476268319048, 'SEARCH'
10, 29381, 164.92502952835522, 164.92502952835522, 'SEARCH'
10, 29382, 164.89801455333605, 164.89801455333605, 'SEARCH'
10, 29383, 164.90951635572455, 164.90951635572455, 'SEARCH'
10, 29384, 164.88720509080056, 164.88720509080056, 'SEARCH'
10, 29385, 164.88069992978745, 164.88069992978745, 'SEARCH'
10, 29386, 164.85436737032606, 164.85436737032606, 'SEARCH'
10, 29387, 164.86361722241745, 164.86361722241745, 'SEARCH'
10, 29388, 164.83661518908235, 164.83661518908235, 'SEARCH'
10, 29389, 164.8089207627963, 164.8089207627963, 'SEARCH'
10, 29390, 164.80335680014355, 164.80335680014355, 'SEARCH'
10, 29391, 164.7796534140393, 164.7796534140393, 'SEARCH'
10, 29392, 164.75456491083733, 164.75456491083733, 'SEARCH'
10, 29393, 164.75525185933756, 164.75525185933756, 'SEARCH'
10, 29394, 164.73916278080017, 164.73916278080017, 'SEARCH'
10, 29395, 164.713869434351, 164.713869434351, 'SEARCH'
10, 29396, 164.68877983279776, 164.68877983279776, 'SEARCH'
10, 29397, 164.66313290733322, 164.66313290733322, 'SEARCH'
10, 29398, 164.66576011458392, 164.66576011458392, 'SEARCH'
10, 29399, 164.63806436709152, 164.63806436709152, 'SEARCH'
10, 29400, 164.6154247407615, 164.6154247407615, 'SEARCH'
10, 29401, 164.59530779259896, 164.59530779259896, 'SEARCH'
10, 29402, 164.57723950068313, 164.57723950068313, 'SEARCH'
10, 29403, 164.55808753703096, 164.55808753703096, 'SEARCH'
10, 29404, 164.57087120604484, 164.57087120604484, 'SEARCH'
10, 29405, 164.55852991765371, 164.55852991765371, 'SEARCH'
10, 29406, 164.54574622210143, 164.54574622210143, 'SEARCH'
10, 29407, 164.5333848407283, 164.5333848407283, 'SEARCH'
10, 29408, 164.52882546813055, 164.52882546813055, 'SEARCH'
10, 29409, 164.5018185650052, 164.5018185650052, 'SEARCH'
10, 29410, 164.48609199711188, 164.48609199711188, 'SEARCH'
10, 29411, 164.47913458764637, 164.47913458764637, 'SEARCH'
10, 29412, 164.46544413970713, 164.46544413970713, 'SEARCH'
10, 29413, 164.44929319937228, 164.44929319937228, 'SEARCH'
10, 29414, 164.43091391415862, 164.43091391415862, 'SEARCH'
10, 29415, 164.4184925798518, 164.4184925798518, 'SEARCH'
10, 29416, 164.40200299501998, 164.40200299501998, 'SEARCH'
10, 29417, 164.37435646274474, 164.37435646274474, 'SEARCH'
10, 29418, 164.34802603236858, 164.34802603236858, 'SEARCH'
10, 29419, 164.32182908345197, 164.32182908345197, 'SEARCH'
10, 29420, 164.3245356649293, 164.3245356649293, 'SEARCH'
10, 29421, 164.31254695085252, 164.31254695085252, 'SEARCH'
10, 29422, 164.28485833882837, 164.28485833882837, 'SEARCH'
10, 29423, 164.28032040685056, 164.28032040685056, 'SEARCH'
10, 29424, 164.2598152861246, 164.2598152861246, 'SEARCH'
10, 29425, 164.26252472054333, 164.26252472054333, 'SEARCH'
10, 29426, 164.2718312339741, 164.2718312339741, 'SEARCH'
10, 29427, 164.25166487983662, 164.25166487983662, 'SEARCH'
10, 29428, 164.25912174997305, 164.25912174997305, 'SEARCH'
10, 29429, 164.23365723357094, 164.23365723357094, 'SEARCH'
10, 29430, 164.22578948918422, 164.22578948918422, 'SEARCH'
10, 29431, 164.1994429916153, 164.1994429916153, 'SEARCH'
10, 29432, 164.19631835100017, 164.19631835100017, 'SEARCH'
10, 29433, 164.16877948267057, 164.16877948267057, 'SEARCH'
10, 29434, 164.14645718641884, 164.14645718641884, 'SEARCH'
10, 29435, 164.12413279258664, 164.12413279258664, 'SEARCH'
10, 29436, 164.10721893187014, 164.10721893187014, 'SEARCH'
10, 29437, 164.08579484625676, 164.08579484625676, 'SEARCH'
10, 29438, 164.07428606927866, 164.07428606927866, 'SEARCH'
10, 29439, 164.08624756642467, 164.08624756642467, 'SEARCH'
10, 29440, 164.05893642016176, 164.05893642016176, 'SEARCH'
10, 29441, 164.05339584282703, 164.05339584282703, 'SEARCH'
10, 29442, 164.0310739390759, 164.0310739390759, 'SEARCH'
10, 29443, 164.0038544396406, 164.0038544396406, 'SEARCH'
10, 29444, 163.97607774193196, 163.97607774193196, 'SEARCH'
10, 29445, 163.94989528788227, 163.94989528788227, 'SEARCH'
10, 29446, 163.9429345901519, 163.9429345901519, 'SEARCH'
10, 29447, 163.94801369591482, 163.94801369591482, 'SEARCH'
10, 29448, 163.92273946944275, 163.92273946944275, 'SEARCH'
10, 29449, 163.89639866011927, 163.89639866011927, 'SEARCH'
10, 29450, 163.87176167394136, 163.87176167394136, 'SEARCH'
10, 29451, 163.85485399813086, 163.85485399813086, 'SEARCH'
10, 29452, 163.83681638192988, 163.83681638192988, 'SEARCH'
10, 29453, 163.84188555737404, 163.84188555737404, 'SEARCH'
10, 29454, 163.81819893899424, 163.81819893899424, 'SEARCH'
10, 29455, 163.79313002443007, 163.79313002443007, 'SEARCH'
10, 29456, 163.7723248798857, 163.7723248798857, 'SEARCH'
10, 29457, 163.74746060936442, 163.74746060936442, 'SEARCH'
10, 29458, 163.72112441156747, 163.72112441156747, 'SEARCH'
10, 29459, 163.71608127813423, 163.71608127813423, 'SEARCH'
10, 29460, 163.69495288852332, 163.69495288852332, 'SEARCH'
10, 29461, 163.66718513571564, 163.66718513571564, 'SEARCH'
10, 29462, 163.66744998579927, 163.66744998579927, 'SEARCH'
10, 29463, 163.65954962740966, 163.65954962740966, 'SEARCH'
10, 29464, 163.6669950790145, 163.6669950790145, 'SEARCH'
10, 29465, 163.65819199264192, 163.65819199264192, 'SEARCH'
10, 29466, 163.6540838545053, 163.6540838545053, 'SEARCH'
10, 29467, 163.62686645165388, 163.62686645165388, 'SEARCH'
10, 29468, 163.63927431765245, 163.63927431765245, 'SEARCH'
10, 29469, 163.6130910609162, 163.6130910609162, 'SEARCH'
10, 29470, 163.58531437142375, 163.58531437142375, 'SEARCH'
10, 29471, 163.56189061274574, 163.56189061274574, 'SEARCH'
10, 29472, 163.53846535727138, 163.53846535727138, 'SEARCH'
10, 29473, 163.54542177633718, 163.54542177633718, 'SEARCH'
10, 29474, 163.5321585590037, 163.5321585590037, 'SEARCH'
10, 29475, 163.5256565815362, 163.5256565815362, 'SEARCH'
10, 29476, 163.50455216196406, 163.50455216196406, 'SEARCH'
10, 29477, 163.48840705898877, 163.48840705898877, 'SEARCH'
10, 29478, 163.5003435386288, 163.5003435386288, 'SEARCH'
10, 29479, 163.4791977941516, 163.4791977941516, 'SEARCH'
10, 29480, 163.45457724392668, 163.45457724392668, 'SEARCH'
10, 29481, 163.44003610906708, 163.44003610906708, 'SEARCH'
10, 29482, 163.42944245342187, 163.42944245342187, 'SEARCH'
10, 29483, 163.42435290699305, 163.42435290699305, 'SEARCH'
10, 29484, 163.39818113488437, 163.39818113488437, 'SEARCH'
10, 29485, 163.37234754523377, 163.37234754523377, 'SEARCH'
10, 29486, 163.36869853870692, 163.36869853870692, 'SEARCH'
10, 29487, 163.3674530582666, 163.3674530582666, 'SEARCH'
10, 29488, 163.35641765642063, 163.35641765642063, 'SEARCH'
10, 29489, 163.34448893510634, 163.34448893510634, 'SEARCH'
10, 29490, 163.35142295180478, 163.35142295180478, 'SEARCH'
10, 29491, 163.3449706441195, 163.3449706441195, 'SEARCH'
10, 29492, 163.32728507519005, 163.32728507519005, 'SEARCH'
10, 29493, 163.32077344051189, 163.32077344051189, 'SEARCH'
10, 29494, 163.29785976065492, 163.29785976065492, 'SEARCH'
10, 29495, 163.2708399884131, 163.2708399884131, 'SEARCH'
10, 29496, 163.25928452985542, 163.25928452985542, 'SEARCH'
10, 29497, 163.2478092065903, 163.2478092065903, 'SEARCH'
10, 29498, 163.23903004746452, 163.23903004746452, 'SEARCH'
10, 29499, 163.236825530494, 163.236825530494, 'SEARCH'
10, 29500, 163.2115637089075, 163.2115637089075, 'SEARCH'
10, 29501, 163.21989000170774, 163.21989000170774, 'SEARCH'
10, 29502, 163.19211365453478, 163.19211365453478, 'SEARCH'
10, 29503, 163.17889066560198, 163.17889066560198, 'SEARCH'
10, 29504, 163.18249226786645, 163.18249226786645, 'SEARCH'
10, 29505, 163.16639071185224, 163.16639071185224, 'SEARCH'
10, 29506, 163.14199088459117, 163.14199088459117, 'SEARCH'
10, 29507, 163.14986471627418, 163.14986471627418, 'SEARCH'
10, 29508, 163.12322297197213, 163.12322297197213, 'SEARCH'
10, 29509, 163.1342742697051, 163.1342742697051, 'SEARCH'
10, 29510, 163.1250385138048, 163.1250385138048, 'SEARCH'
10, 29511, 163.1069775520721, 163.1069775520721, 'SEARCH'
10, 29512, 163.08281739943132, 163.08281739943132, 'SEARCH'
10, 29513, 163.0655060530057, 163.0655060530057, 'SEARCH'
10, 29514, 163.05858102834935, 163.05858102834935, 'SEARCH'
10, 29515, 163.0332962962834, 163.0332962962834, 'SEARCH'
10, 29516, 163.0416295934355, 163.0416295934355, 'SEARCH'
10, 29517, 163.01390167953758, 163.01390167953758, 'SEARCH'
10, 29518, 162.99625537806313, 162.99625537806313, 'SEARCH'
10, 29519, 162.97822911147327, 162.97822911147327, 'SEARCH'
10, 29520, 162.95648528081833, 162.95648528081833, 'SEARCH'
10, 29521, 162.96153602023665, 162.96153602023665, 'SEARCH'
10, 29522, 162.93737083845662, 162.93737083845662, 'SEARCH'
10, 29523, 162.93759882081844, 162.93759882081844, 'SEARCH'
10, 29524, 162.92927018861775, 162.92927018861775, 'SEARCH'
10, 29525, 162.91686340753125, 162.91686340753125, 'SEARCH'
10, 29526, 162.89955405937835, 162.89955405937835, 'SEARCH'
10, 29527, 162.89404391220995, 162.89404391220995, 'SEARCH'
10, 29528, 162.87712049282905, 162.87712049282905, 'SEARCH'
10, 29529, 162.8501156843327, 162.8501156843327, 'SEARCH'
10, 29530, 162.84314402641556, 162.84314402641556, 'SEARCH'
10, 29531, 162.83481681864617, 162.83481681864617, 'SEARCH'
10, 29532, 162.82552995660987, 162.82552995660987, 'SEARCH'
10, 29533, 162.83702690508608, 162.83702690508608, 'SEARCH'
10, 29534, 162.8264301678343, 162.8264301678343, 'SEARCH'
10, 29535, 162.79878262998426, 162.79878262998426, 'SEARCH'
10, 29536, 162.7826680625537, 162.7826680625537, 'SEARCH'
10, 29537, 162.7571907485096, 162.7571907485096, 'SEARCH'
10, 29538, 162.7574235486736, 162.7574235486736, 'SEARCH'
10, 29539, 162.7405299326921, 162.7405299326921, 'SEARCH'
10, 29540, 162.71283854467632, 162.71283854467632, 'SEARCH'
10, 29541, 162.6991645582101, 162.6991645582101, 'SEARCH'
10, 29542, 162.67655392485824, 162.67655392485824, 'SEARCH'
10, 29543, 162.64878574279612, 162.64878574279612, 'SEARCH'
10, 29544, 162.6214742641784, 162.6214742641784, 'SEARCH'
10, 29545, 162.6159284513757, 162.6159284513757, 'SEARCH'
10, 29546, 162.61328555105197, 162.61328555105197, 'SEARCH'
10, 29547, 162.58934689381522, 162.58934689381522, 'SEARCH'
10, 29548, 162.59863600596142, 162.59863600596142, 'SEARCH'
10, 29549, 162.61103578663133, 162.61103578663133, 'SEARCH'
10, 29550, 162.5871044570817, 162.5871044570817, 'SEARCH'
10, 29551, 162.59592158594455, 162.59592158594455, 'SEARCH'
10, 29552, 162.5738788740329, 162.5738788740329, 'SEARCH'
10, 29553, 162.56063520309667, 162.56063520309667, 'SEARCH'
10, 29554, 162.53577622748747, 162.53577622748747, 'SEARCH'
10, 29555, 162.50802455868342, 162.50802455868342, 'SEARCH'
10, 29556, 162.48037579467183, 162.48037579467183, 'SEARCH'
10, 29557, 162.45290526423844, 162.45290526423844, 'SEARCH'
10, 29558, 162.42578237802925, 162.42578237802925, 'SEARCH'
10, 29559, 162.4386286567108, 162.4386286567108, 'SEARCH'
10, 29560, 162.41123363526813, 162.41123363526813, 'SEARCH'
10, 29561, 162.4177306082043, 162.4177306082043, 'SEARCH'
10, 29562, 162.40363141255085, 162.40363141255085, 'SEARCH'
10, 29563, 162.3874905826638, 162.3874905826638, 'SEARCH'
10, 29564, 162.36165435838058, 162.36165435838058, 'SEARCH'
10, 29565, 162.33411725072438, 162.33411725072438, 'SEARCH'
10, 29566, 162.306427103811, 162.306427103811, 'SEARCH'
10, 29567, 162.30524362790678, 162.30524362790678, 'SEARCH'
10, 29568, 162.31544025411387, 162.31544025411387, 'SEARCH'
10, 29569, 162.290161266648, 162.290161266648, 'SEARCH'
10, 29570, 162.27907250378865, 162.27907250378865, 'SEARCH'
10, 29571, 162.27023456897885, 162.27023456897885, 'SEARCH'
10, 29572, 162.2453588075406, 162.2453588075406, 'SEARCH'
10, 29573, 162.2232936809967, 162.2232936809967, 'SEARCH'
10, 29574, 162.2192422877504, 162.2192422877504, 'SEARCH'
10, 29575, 162.19783663446327, 162.19783663446327, 'SEARCH'
10, 29576, 162.1707085998654, 162.1707085998654, 'SEARCH'
10, 29577, 162.18048002266775, 162.18048002266775, 'SEARCH'
10, 29578, 162.1740291129418, 162.1740291129418, 'SEARCH'
10, 29579, 162.16846695407344, 162.16846695407344, 'SEARCH'
10, 29580, 162.16296456635223, 162.16296456635223, 'SEARCH'
10, 29581, 162.14847301539132, 162.14847301539132, 'SEARCH'
10, 29582, 162.12213659235218, 162.12213659235218, 'SEARCH'
10, 29583, 162.1114893357289, 162.1114893357289, 'SEARCH'
10, 29584, 162.10310747966076, 162.10310747966076, 'SEARCH'
10, 29585, 162.0766027127125, 162.0766027127125, 'SEARCH'
10, 29586, 162.06876041591644, 162.06876041591644, 'SEARCH'
10, 29587, 162.0411567683349, 162.0411567683349, 'SEARCH'
10, 29588, 162.02131319277854, 162.02131319277854, 'SEARCH'
10, 29589, 161.99791517427266, 161.99791517427266, 'SEARCH'
10, 29590, 161.97590927934098, 161.97590927934098, 'SEARCH'
10, 29591, 161.96102493403944, 161.96102493403944, 'SEARCH'
10, 29592, 161.9334795114992, 161.9334795114992, 'SEARCH'
10, 29593, 161.91818623521192, 161.91818623521192, 'SEARCH'
10, 29594, 161.90242089954418, 161.90242089954418, 'SEARCH'
10, 29595, 161.87851216986314, 161.87851216986314, 'SEARCH'
10, 29596, 161.85268469830277, 161.85268469830277, 'SEARCH'
10, 29597, 161.85151992574848, 161.85151992574848, 'SEARCH'
10, 29598, 161.85228293044298, 161.85228293044298, 'SEARCH'
10, 29599, 161.84535172056252, 161.84535172056252, 'SEARCH'
10, 29600, 161.81834486850335, 161.81834486850335, 'SEARCH'
10, 29601, 161.81714888461684, 161.81714888461684, 'SEARCH'
10, 29602, 161.793217091656, 161.793217091656, 'SEARCH'
10, 29603, 161.80294710547213, 161.80294710547213, 'SEARCH'
10, 29604, 161.78348429883044, 161.78348429883044, 'SEARCH'
10, 29605, 161.755716065452, 161.755716065452, 'SEARCH'
10, 29606, 161.75018242137347, 161.75018242137347, 'SEARCH'
10, 29607, 161.72510810299232, 161.72510810299232, 'SEARCH'
10, 29608, 161.72824541867664, 161.72824541867664, 'SEARCH'
10, 29609, 161.70407816537568, 161.70407816537568, 'SEARCH'
10, 29610, 161.7142494050605, 161.7142494050605, 'SEARCH'
10, 29611, 161.69514433053712, 161.69514433053712, 'SEARCH'
10, 29612, 161.70067141047394, 161.70067141047394, 'SEARCH'
10, 29613, 161.6818881269913, 161.6818881269913, 'SEARCH'
10, 29614, 161.657016060386, 161.657016060386, 'SEARCH'
10, 29615, 161.64909767736563, 161.64909767736563, 'SEARCH'
10, 29616, 161.62188555938974, 161.62188555938974, 'SEARCH'
10, 29617, 161.6324841341517, 161.6324841341517, 'SEARCH'
10, 29618, 161.63702345483824, 161.63702345483824, 'SEARCH'
10, 29619, 161.64011066000887, 161.64011066000887, 'SEARCH'
10, 29620, 161.6330885754978, 161.6330885754978, 'SEARCH'
10, 29621, 161.62033259986148, 161.62033259986148, 'SEARCH'
10, 29622, 161.59382023032273, 161.59382023032273, 'SEARCH'
10, 29623, 161.5737173515895, 161.5737173515895, 'SEARCH'
10, 29624, 161.5758401067811, 161.5758401067811, 'SEARCH'
10, 29625, 161.5678852566029, 161.5678852566029, 'SEARCH'
10, 29626, 161.54503720026312, 161.54503720026312, 'SEARCH'
10, 29627, 161.51771214295186, 161.51771214295186, 'SEARCH'
10, 29628, 161.4935686385247, 161.4935686385247, 'SEARCH'
10, 29629, 161.48299225349706, 161.48299225349706, 'SEARCH'
10, 29630, 161.46092654727525, 161.46092654727525, 'SEARCH'
10, 29631, 161.45069935105084, 161.45069935105084, 'SEARCH'
10, 29632, 161.43127194518274, 161.43127194518274, 'SEARCH'
10, 29633, 161.41797490986633, 161.41797490986633, 'SEARCH'
10, 29634, 161.3919761337201, 161.3919761337201, 'SEARCH'
10, 29635, 161.36442962622607, 161.36442962622607, 'SEARCH'
10, 29636, 161.35474556380728, 161.35474556380728, 'SEARCH'
10, 29637, 161.3592957441603, 161.3592957441603, 'SEARCH'
10, 29638, 161.3321865645797, 161.3321865645797, 'SEARCH'
10, 29639, 161.32621398587725, 161.32621398587725, 'SEARCH'
10, 29640, 161.31126478423778, 161.31126478423778, 'SEARCH'
10, 29641, 161.28378678930778, 161.28378678930778, 'SEARCH'
10, 29642, 161.25778009935956, 161.25778009935956, 'SEARCH'
10, 29643, 161.24894082367348, 161.24894082367348, 'SEARCH'
10, 29644, 161.22116444290927, 161.22116444290927, 'SEARCH'
10, 29645, 161.20038152778358, 161.20038152778358, 'SEARCH'
10, 29646, 161.1737414251424, 161.1737414251424, 'SEARCH'
10, 29647, 161.15460486340888, 161.15460486340888, 'SEARCH'
10, 29648, 161.16430742496468, 161.16430742496468, 'SEARCH'
10, 29649, 161.14820863252098, 161.14820863252098, 'SEARCH'
10, 29650, 161.13018944256456, 161.13018944256456, 'SEARCH'
10, 29651, 161.14169363864738, 161.14169363864738, 'SEARCH'
10, 29652, 161.14672775546796, 161.14672775546796, 'SEARCH'
10, 29653, 161.11896058089985, 161.11896058089985, 'SEARCH'
10, 29654, 161.0984562061287, 161.0984562061287, 'SEARCH'
10, 29655, 161.07183402338487, 161.07183402338487, 'SEARCH'
10, 29656, 161.04493248753258, 161.04493248753258, 'SEARCH'
10, 29657, 161.0172085785087, 161.0172085785087, 'SEARCH'
10, 29658, 161.00271936375506, 161.00271936375506, 'SEARCH'
10, 29659, 160.98067130905486, 160.98067130905486, 'SEARCH'
10, 29660, 160.97092356515356, 160.97092356515356, 'SEARCH'
10, 29661, 160.96919739986336, 160.96919739986336, 'SEARCH'
10, 29662, 160.9580829329272, 160.9580829329272, 'SEARCH'
10, 29663, 160.96911297567567, 160.96911297567567, 'SEARCH'
10, 29664, 160.9579793660967, 160.9579793660967, 'SEARCH'
10, 29665, 160.93146585084412, 160.93146585084412, 'SEARCH'
10, 29666, 160.91311310422304, 160.91311310422304, 'SEARCH'
10, 29667, 160.89025480882677, 160.89025480882677, 'SEARCH'
10, 29668, 160.89855956727848, 160.89855956727848, 'SEARCH'
10, 29669, 160.89296031153557, 160.89296031153557, 'SEARCH'
10, 29670, 160.8662123843146, 160.8662123843146, 'SEARCH'
10, 29671, 160.87722799296796, 160.87722799296796, 'SEARCH'
10, 29672, 160.85061642698187, 160.85061642698187, 'SEARCH'
10, 29673, 160.83645675413203, 160.83645675413203, 'SEARCH'
10, 29674, 160.80868083803722, 160.80868083803722, 'SEARCH'
10, 29675, 160.78119714982017, 160.78119714982017, 'SEARCH'
10, 29676, 160.77231376220132, 160.77231376220132, 'SEARCH'
10, 29677, 160.75093251312285, 160.75093251312285, 'SEARCH'
10, 29678, 160.7399227516581, 160.7399227516581, 'SEARCH'
10, 29679, 160.7129266810408, 160.7129266810408, 'SEARCH'
10, 29680, 160.69795602271503, 160.69795602271503, 'SEARCH'
10, 29681, 160.67072364331202, 160.67072364331202, 'SEARCH'
10, 29682, 160.66896766252398, 160.66896766252398, 'SEARCH'
10, 29683, 160.64176187618858, 160.64176187618858, 'SEARCH'
10, 29684, 160.65409764403637, 160.65409764403637, 'SEARCH'
10, 29685, 160.64816103737596, 160.64816103737596, 'SEARCH'
10, 29686, 160.62051748871892, 160.62051748871892, 'SEARCH'
10, 29687, 160.59341131300488, 160.59341131300488, 'SEARCH'
10, 29688, 160.56638841961345, 160.56638841961345, 'SEARCH'
10, 29689, 160.55938190974126, 160.55938190974126, 'SEARCH'
10, 29690, 160.57128333343266, 160.57128333343266, 'SEARCH'
10, 29691, 160.58139376922037, 160.58139376922037, 'SEARCH'
10, 29692, 160.57546694959402, 160.57546694959402, 'SEARCH'
10, 29693, 160.55338353111497, 160.55338353111497, 'SEARCH'
10, 29694, 160.55644921381423, 160.55644921381423, 'SEARCH'
10, 29695, 160.54635351498325, 160.54635351498325, 'SEARCH'
10, 29696, 160.51914926470786, 160.51914926470786, 'SEARCH'
10, 29697, 160.49657744300302, 160.49657744300302, 'SEARCH'
10, 29698, 160.46917025141096, 160.46917025141096, 'SEARCH'
10, 29699, 160.4607588106507, 160.4607588106507, 'SEARCH'
10, 29700, 160.46764489278615, 160.46764489278615, 'SEARCH'
10, 29701, 160.4403172088158, 160.4403172088158, 'SEARCH'
10, 29702, 160.43391194883648, 160.43391194883648, 'SEARCH'
10, 29703, 160.42059651385225, 160.42059651385225, 'SEARCH'
10, 29704, 160.40989462464347, 160.40989462464347, 'SEARCH'
10, 29705, 160.38947351122374, 160.38947351122374, 'SEARCH'
10, 29706, 160.38212377407837, 160.38212377407837, 'SEARCH'
10, 29707, 160.36095975642735, 160.36095975642735, 'SEARCH'
10, 29708, 160.3683167897607, 160.3683167897607, 'SEARCH'
10, 29709, 160.3737755394215, 160.3737755394215, 'SEARCH'
10, 29710, 160.36173312255045, 160.36173312255045, 'SEARCH'
10, 29711, 160.33395747515138, 160.33395747515138, 'SEARCH'
10, 29712, 160.32644011623844, 160.32644011623844, 'SEARCH'
10, 29713, 160.32754412183365, 160.32754412183365, 'SEARCH'
10, 29714, 160.3163583518169, 160.3163583518169, 'SEARCH'
10, 29715, 160.30927907451158, 160.30927907451158, 'SEARCH'
10, 29716, 160.2992276001784, 160.2992276001784, 'SEARCH'
10, 29717, 160.2935657004223, 160.2935657004223, 'SEARCH'
10, 29718, 160.29318627902003, 160.29318627902003, 'SEARCH'
10, 29719, 160.26609947896893, 160.26609947896893, 'SEARCH'
10, 29720, 160.25445092486785, 160.25445092486785, 'SEARCH'
10, 29721, 160.23192471562493, 160.23192471562493, 'SEARCH'
10, 29722, 160.21270150017455, 160.21270150017455, 'SEARCH'
10, 29723, 160.18502127535044, 160.18502127535044, 'SEARCH'
10, 29724, 160.15842814896283, 160.15842814896283, 'SEARCH'
10, 29725, 160.14505501107897, 160.14505501107897, 'SEARCH'
10, 29726, 160.13108063282155, 160.13108063282155, 'SEARCH'
10, 29727, 160.11117605540255, 160.11117605540255, 'SEARCH'
10, 29728, 160.09677920592995, 160.09677920592995, 'SEARCH'
10, 29729, 160.09017300389115, 160.09017300389115, 'SEARCH'
10, 29730, 160.0922173396434, 160.0922173396434, 'SEARCH'
10, 29731, 160.10491284317033, 160.10491284317033, 'SEARCH'
10, 29732, 160.08020047545486, 160.08020047545486, 'SEARCH'
10, 29733, 160.07689576441607, 160.07689576441607, 'SEARCH'
10, 29734, 160.08825798748083, 160.08825798748083, 'SEARCH'
10, 29735, 160.0606943821249, 160.0606943821249, 'SEARCH'
10, 29736, 160.0331953884321, 160.0331953884321, 'SEARCH'
10, 29737, 160.0188353320206, 160.0188353320206, 'SEARCH'
10, 29738, 159.9914112650168, 159.9914112650168, 'SEARCH'
10, 29739, 159.9846172956629, 159.9846172956629, 'SEARCH'
10, 29740, 159.95807925391892, 159.95807925391892, 'SEARCH'
10, 29741, 159.9406670839994, 159.9406670839994, 'SEARCH'
10, 29742, 159.91347939743284, 159.91347939743284, 'SEARCH'
10, 29743, 159.89883417658103, 159.89883417658103, 'SEARCH'
10, 29744, 159.8874627180791, 159.8874627180791, 'SEARCH'
10, 29745, 159.8696783667176, 159.8696783667176, 'SEARCH'
10, 29746, 159.8614748384688, 159.8614748384688, 'SEARCH'
10, 29747, 159.8601190629131, 159.8601190629131, 'SEARCH'
10, 29748, 159.83250265115177, 159.83250265115177, 'SEARCH'
10, 29749, 159.81495226651515, 159.81495226651515, 'SEARCH'
10, 29750, 159.82765273786038, 159.82765273786038, 'SEARCH'
10, 29751, 159.8036408880929, 159.8036408880929, 'SEARCH'
10, 29752, 159.7839382951303, 159.7839382951303, 'SEARCH'
10, 29753, 159.76402410568798, 159.76402410568798, 'SEARCH'
10, 29754, 159.757215232618, 159.757215232618, 'SEARCH'
10, 29755, 159.73035727837225, 159.73035727837225, 'SEARCH'
10, 29756, 159.73481178061112, 159.73481178061112, 'SEARCH'
10, 29757, 159.7284673251592, 159.7284673251592, 'SEARCH'
10, 29758, 159.7153288985767, 159.7153288985767, 'SEARCH'
10, 29759, 159.6912115300989, 159.6912115300989, 'SEARCH'
10, 29760, 159.66422728778048, 159.66422728778048, 'SEARCH'
10, 29761, 159.65459687458846, 159.65459687458846, 'SEARCH'
10, 29762, 159.62969675214455, 159.62969675214455, 'SEARCH'
10, 29763, 159.63561761564247, 159.63561761564247, 'SEARCH'
10, 29764, 159.64009793925072, 159.64009793925072, 'SEARCH'
10, 29765, 159.6125426652338, 159.6125426652338, 'SEARCH'
10, 29766, 159.58623723037184, 159.58623723037184, 'SEARCH'
10, 29767, 159.57019475254833, 159.57019475254833, 'SEARCH'
10, 29768, 159.56193378193805, 159.56193378193805, 'SEARCH'
10, 29769, 159.55791114321462, 159.55791114321462, 'SEARCH'
10, 29770, 159.53013514444567, 159.53013514444567, 'SEARCH'
10, 29771, 159.51780162489686, 159.51780162489686, 'SEARCH'
10, 29772, 159.50459626674711, 159.50459626674711, 'SEARCH'
10, 29773, 159.49180866691896, 159.49180866691896, 'SEARCH'
10, 29774, 159.46427266326072, 159.46427266326072, 'SEARCH'
10, 29775, 159.45322025865727, 159.45322025865727, 'SEARCH'
10, 29776, 159.42835479095572, 159.42835479095572, 'SEARCH'
10, 29777, 159.40251556934697, 159.40251556934697, 'SEARCH'
10, 29778, 159.38637870248454, 159.38637870248454, 'SEARCH'
10, 29779, 159.3643320447792, 159.3643320447792, 'SEARCH'
10, 29780, 159.34705477456035, 159.34705477456035, 'SEARCH'
10, 29781, 159.3572285506518, 159.3572285506518, 'SEARCH'
10, 29782, 159.34706623353728, 159.34706623353728, 'SEARCH'
10, 29783, 159.32057629883525, 159.32057629883525, 'SEARCH'
10, 29784, 159.29689181221687, 159.29689181221687, 'SEARCH'
10, 29785, 159.27012506086288, 159.27012506086288, 'SEARCH'
10, 29786, 159.25479009644997, 159.25479009644997, 'SEARCH'
10, 29787, 159.24507708430946, 159.24507708430946, 'SEARCH'
10, 29788, 159.23626911982115, 159.23626911982115, 'SEARCH'
10, 29789, 159.23073453415824, 159.23073453415824, 'SEARCH'
10, 29790, 159.22904750325318, 159.22904750325318, 'SEARCH'
10, 29791, 159.20302976891858, 159.20302976891858, 'SEARCH'
10, 29792, 159.1825463971679, 159.1825463971679, 'SEARCH'
10, 29793, 159.1624080658535, 159.1624080658535, 'SEARCH'
10, 29794, 159.14916304803046, 159.14916304803046, 'SEARCH'
10, 29795, 159.15470325048105, 159.15470325048105, 'SEARCH'
10, 29796, 159.15783781884312, 159.15783781884312, 'SEARCH'
10, 29797, 159.13082238531166, 159.13082238531166, 'SEARCH'
10, 29798, 159.1171256335276, 159.1171256335276, 'SEARCH'
10, 29799, 159.09010852419243, 159.09010852419243, 'SEARCH'
10, 29800, 159.08126771239696, 159.08126771239696, 'SEARCH'
10, 29801, 159.0940602074977, 159.0940602074977, 'SEARCH'
10, 29802, 159.08715400533669, 159.08715400533669, 'SEARCH'
10, 29803, 159.0752297022735, 159.0752297022735, 'SEARCH'
10, 29804, 159.061997913698, 159.061997913698, 'SEARCH'
10, 29805, 159.04360193779894, 159.04360193779894, 'SEARCH'
10, 29806, 159.03901518804943, 159.03901518804943, 'SEARCH'
10, 29807, 159.0155946719983, 159.0155946719983, 'SEARCH'
10, 29808, 159.01244672839616, 159.01244672839616, 'SEARCH'
10, 29809, 158.99366951915965, 158.99366951915965, 'SEARCH'
10, 29810, 158.96902078413802, 158.96902078413802, 'SEARCH'
10, 29811, 158.9435559246718, 158.9435559246718, 'SEARCH'
10, 29812, 158.9227610907591, 158.9227610907591, 'SEARCH'
10, 29813, 158.89574998316087, 158.89574998316087, 'SEARCH'
10, 29814, 158.88926780338312, 158.88926780338312, 'SEARCH'
10, 29815, 158.86166746682426, 158.86166746682426, 'SEARCH'
10, 29816, 158.83490400616256, 158.83490400616256, 'SEARCH'
10, 29817, 158.81722297935875, 158.81722297935875, 'SEARCH'
10, 29818, 158.8097732828711, 158.8097732828711, 'SEARCH'
10, 29819, 158.7902751937408, 158.7902751937408, 'SEARCH'
10, 29820, 158.7838402098092, 158.7838402098092, 'SEARCH'
10, 29821, 158.75899900006223, 158.75899900006223, 'SEARCH'
10, 29822, 158.74369972377747, 158.74369972377747, 'SEARCH'
10, 29823, 158.75345679205952, 158.75345679205952, 'SEARCH'
10, 29824, 158.73892707480283, 158.73892707480283, 'SEARCH'
10, 29825, 158.72650518117786, 158.72650518117786, 'SEARCH'
10, 29826, 158.70145194445882, 158.70145194445882, 'SEARCH'
10, 29827, 158.71431514642128, 158.71431514642128, 'SEARCH'
10, 29828, 158.69982625134045, 158.69982625134045, 'SEARCH'
10, 29829, 158.6900783703462, 158.6900783703462, 'SEARCH'
10, 29830, 158.67685358761105, 158.67685358761105, 'SEARCH'
10, 29831, 158.65574757399378, 158.65574757399378, 'SEARCH'
10, 29832, 158.66412008774418, 158.66412008774418, 'SEARCH'
10, 29833, 158.67108288802427, 158.67108288802427, 'SEARCH'
10, 29834, 158.66506639560987, 158.66506639560987, 'SEARCH'
10, 29835, 158.63872886016443, 158.63872886016443, 'SEARCH'
10, 29836, 158.61556954293357, 158.61556954293357, 'SEARCH'
10, 29837, 158.58893630595213, 158.58893630595213, 'SEARCH'
10, 29838, 158.59256471529042, 158.59256471529042, 'SEARCH'
10, 29839, 158.56770969257894, 158.56770969257894, 'SEARCH'
10, 29840, 158.5465877728982, 158.5465877728982, 'SEARCH'
10, 29841, 158.54297195092894, 158.54297195092894, 'SEARCH'
10, 29842, 158.5218503705433, 158.5218503705433, 'SEARCH'
10, 29843, 158.51871524912775, 158.51871524912775, 'SEARCH'
10, 29844, 158.51176204970764, 158.51176204970764, 'SEARCH'
10, 29845, 158.49064655638426, 158.49064655638426, 'SEARCH'
10, 29846, 158.47869326529226, 158.47869326529226, 'SEARCH'
10, 29847, 158.45362277521988, 158.45362277521988, 'SEARCH'
10, 29848, 158.43486052564631, 158.43486052564631, 'SEARCH'
10, 29849, 158.41044915356173, 158.41044915356173, 'SEARCH'
10, 29850, 158.4063519528234, 158.4063519528234, 'SEARCH'
10, 29851, 158.39753560991895, 158.39753560991895, 'SEARCH'
10, 29852, 158.380635457049, 158.380635457049, 'SEARCH'
10, 29853, 158.37136247032237, 158.37136247032237, 'SEARCH'
10, 29854, 158.38287218212793, 158.38287218212793, 'SEARCH'
10, 29855, 158.35565663754662, 158.35565663754662, 'SEARCH'
10, 29856, 158.3342332386474, 158.3342332386474, 'SEARCH'
10, 29857, 158.3373717639105, 158.3373717639105, 'SEARCH'
10, 29858, 158.34097932845182, 158.34097932845182, 'SEARCH'
10, 29859, 158.31409402527984, 158.31409402527984, 'SEARCH'
10, 29860, 158.29755204498505, 158.29755204498505, 'SEARCH'
10, 29861, 158.27336024718875, 158.27336024718875, 'SEARCH'
10, 29862, 158.27933984784127, 158.27933984784127, 'SEARCH'
10, 29863, 158.25647347838347, 158.25647347838347, 'SEARCH'
10, 29864, 158.23992181365912, 158.23992181365912, 'SEARCH'
10, 29865, 158.22620591474652, 158.22620591474652, 'SEARCH'
10, 29866, 158.20449888405648, 158.20449888405648, 'SEARCH'
10, 29867, 158.18723886324088, 158.18723886324088, 'SEARCH'
10, 29868, 158.15947138149224, 158.15947138149224, 'SEARCH'
10, 29869, 158.1326972503744, 158.1326972503744, 'SEARCH'
10, 29870, 158.10621238411736, 158.10621238411736, 'SEARCH'
10, 29871, 158.11771640246224, 158.11771640246224, 'SEARCH'
10, 29872, 158.09024808119995, 158.09024808119995, 'SEARCH'
10, 29873, 158.06247157660286, 158.06247157660286, 'SEARCH'
10, 29874, 158.0440800325723, 158.0440800325723, 'SEARCH'
10, 29875, 158.02716377349697, 158.02716377349697, 'SEARCH'
10, 29876, 158.00700423666086, 158.00700423666086, 'SEARCH'
10, 29877, 157.98036461787154, 157.98036461787154, 'SEARCH'
10, 29878, 157.98961837824945, 157.98961837824945, 'SEARCH'
10, 29879, 157.96344472760276, 157.96344472760276, 'SEARCH'
10, 29880, 157.97314963472235, 157.97314963472235, 'SEARCH'
10, 29881, 157.95302600706236, 157.95302600706236, 'SEARCH'
10, 29882, 157.93731401691872, 157.93731401691872, 'SEARCH'
10, 29883, 157.9131305999739, 157.9131305999739, 'SEARCH'
10, 29884, 157.88612415027285, 157.88612415027285, 'SEARCH'
10, 29885, 157.8592335828629, 157.8592335828629, 'SEARCH'
10, 29886, 157.8499637916803, 157.8499637916803, 'SEARCH'
10, 29887, 157.8338411857201, 157.8338411857201, 'SEARCH'
10, 29888, 157.8287767007777, 157.8287767007777, 'SEARCH'
10, 29889, 157.81636893451437, 157.81636893451437, 'SEARCH'
10, 29890, 157.79003534460972, 157.79003534460972, 'SEARCH'
10, 29891, 157.787883326115, 157.787883326115, 'SEARCH'
10, 29892, 157.78571968929168, 157.78571968929168, 'SEARCH'
10, 29893, 157.7604412561261, 157.7604412561261, 'SEARCH'
10, 29894, 157.74352105234962, 157.74352105234962, 'SEARCH'
10, 29895, 157.7167469250677, 157.7167469250677, 'SEARCH'
10, 29896, 157.72279025558223, 157.72279025558223, 'SEARCH'
10, 29897, 157.7036553186211, 157.7036553186211, 'SEARCH'
10, 29898, 157.67746057996698, 157.67746057996698, 'SEARCH'
10, 29899, 157.65095686980536, 157.65095686980536, 'SEARCH'
10, 29900, 157.6512452976115, 157.6512452976115, 'SEARCH'
10, 29901, 157.65442357059888, 157.65442357059888, 'SEARCH'
10, 29902, 157.6270231999963, 157.6270231999963, 'SEARCH'
10, 29903, 157.59942088131584, 157.59942088131584, 'SEARCH'
10, 29904, 157.57166812728482, 157.57166812728482, 'SEARCH'
10, 29905, 157.55257433318633, 157.55257433318633, 'SEARCH'
10, 29906, 157.52534794766854, 157.52534794766854, 'SEARCH'
10, 29907, 157.51342345119534, 157.51342345119534, 'SEARCH'
10, 29908, 157.50696673829543, 157.50696673829543, 'SEARCH'
10, 29909, 157.4827813912676, 157.4827813912676, 'SEARCH'
10, 29910, 157.4553890942747, 157.4553890942747, 'SEARCH'
10, 29911, 157.42953342705636, 157.42953342705636, 'SEARCH'
10, 29912, 157.41343334603042, 157.41343334603042, 'SEARCH'
10, 29913, 157.39574134741392, 157.39574134741392, 'SEARCH'
10, 29914, 157.37158547169145, 157.37158547169145, 'SEARCH'
10, 29915, 157.34649668247653, 157.34649668247653, 'SEARCH'
10, 29916, 157.3368140015907, 157.3368140015907, 'SEARCH'
10, 29917, 157.3253297308961, 157.3253297308961, 'SEARCH'
10, 29918, 157.32125270011198, 157.32125270011198, 'SEARCH'
10, 29919, 157.293483982574, 157.293483982574, 'SEARCH'
10, 29920, 157.2657316879252, 157.2657316879252, 'SEARCH'
10, 29921, 157.23895705865948, 157.23895705865948, 'SEARCH'
10, 29922, 157.21479718437914, 157.21479718437914, 'SEARCH'
10, 29923, 157.2179728973067, 157.2179728973067, 'SEARCH'
10, 29924, 157.22065406857988, 157.22065406857988, 'SEARCH'
10, 29925, 157.2155856606387, 157.2155856606387, 'SEARCH'
10, 29926, 157.19869076152116, 157.19869076152116, 'SEARCH'
10, 29927, 157.17666043124527, 157.17666043124527, 'SEARCH'
10, 29928, 157.15017062838524, 157.15017062838524, 'SEARCH'
10, 29929, 157.1465528166012, 157.1465528166012, 'SEARCH'
10, 29930, 157.12481150685872, 157.12481150685872, 'SEARCH'
10, 29931, 157.1011229276176, 157.1011229276176, 'SEARCH'
10, 29932, 157.08785903648004, 157.08785903648004, 'SEARCH'
10, 29933, 157.06025761385717, 157.06025761385717, 'SEARCH'
10, 29934, 157.0382097574324, 157.0382097574324, 'SEARCH'
10, 29935, 157.02497384527234, 157.02497384527234, 'SEARCH'
10, 29936, 157.0346939538382, 157.0346939538382, 'SEARCH'
10, 29937, 157.03539986717087, 157.03539986717087, 'SEARCH'
10, 29938, 157.03947254422548, 157.03947254422548, 'SEARCH'
10, 29939, 157.01463388075436, 157.01463388075436, 'SEARCH'
10, 29940, 157.00396954993784, 157.00396954993784, 'SEARCH'
10, 29941, 157.00077856154445, 157.00077856154445, 'SEARCH'
10, 29942, 156.9867306259839, 156.9867306259839, 'SEARCH'
10, 29943, 156.9718443145647, 156.9718443145647, 'SEARCH'
10, 29944, 156.9635232057513, 156.9635232057513, 'SEARCH'
10, 29945, 156.93592631818177, 156.93592631818177, 'SEARCH'
10, 29946, 156.9385736800691, 156.9385736800691, 'SEARCH'
10, 29947, 156.91462553276727, 156.91462553276727, 'SEARCH'
10, 29948, 156.89812703561554, 156.89812703561554, 'SEARCH'
10, 29949, 156.87164033312797, 156.87164033312797, 'SEARCH'
10, 29950, 156.84387180143236, 156.84387180143236, 'SEARCH'
10, 29951, 156.8164738695098, 156.8164738695098, 'SEARCH'
10, 29952, 156.81237271413718, 156.81237271413718, 'SEARCH'
10, 29953, 156.79745444710602, 156.79745444710602, 'SEARCH'
10, 29954, 156.80808441488477, 156.80808441488477, 'SEARCH'
10, 29955, 156.79925807939753, 156.79925807939753, 'SEARCH'
10, 29956, 156.7868428651088, 156.7868428651088, 'SEARCH'
10, 29957, 156.78898998682016, 156.78898998682016, 'SEARCH'
10, 29958, 156.7806798855955, 156.7806798855955, 'SEARCH'
10, 29959, 156.78523296221783, 156.78523296221783, 'SEARCH'
10, 29960, 156.77375444050546, 156.77375444050546, 'SEARCH'
10, 29961, 156.75926782279805, 156.75926782279805, 'SEARCH'
10, 29962, 156.75139707430236, 156.75139707430236, 'SEARCH'
10, 29963, 156.7403147733578, 156.7403147733578, 'SEARCH'
10, 29964, 156.75269478159242, 156.75269478159242, 'SEARCH'
10, 29965, 156.72877528504958, 156.72877528504958, 'SEARCH'
10, 29966, 156.7361801699813, 156.7361801699813, 'SEARCH'
10, 29967, 156.74310420372714, 156.74310420372714, 'SEARCH'
10, 29968, 156.75233432558116, 156.75233432558116, 'SEARCH'
10, 29969, 156.72651061509765, 156.72651061509765, 'SEARCH'
10, 29970, 156.7182048558989, 156.7182048558989, 'SEARCH'
10, 29971, 156.70935618356756, 156.70935618356756, 'SEARCH'
10, 29972, 156.70616509430073, 156.70616509430073, 'SEARCH'
10, 29973, 156.6808641622596, 156.6808641622596, 'SEARCH'
10, 29974, 156.69053600194556, 156.69053600194556, 'SEARCH'
10, 29975, 156.66305266918, 156.66305266918, 'SEARCH'
10, 29976, 156.6661270651805, 156.6661270651805, 'SEARCH'
10, 29977, 156.67158348458827, 156.67158348458827, 'SEARCH'
10, 29978, 156.64570350242778, 156.64570350242778, 'SEARCH'
10, 29979, 156.6231454919992, 156.6231454919992, 'SEARCH'
10, 29980, 156.62572199213312, 156.62572199213312, 'SEARCH'
10, 29981, 156.5985814305581, 156.5985814305581, 'SEARCH'
10, 29982, 156.57389736326584, 156.57389736326584, 'SEARCH'
10, 29983, 156.55505769694255, 156.55505769694255, 'SEARCH'
10, 29984, 156.53279144911966, 156.53279144911966, 'SEARCH'
10, 29985, 156.50833457542905, 156.50833457542905, 'SEARCH'
10, 29986, 156.48095400765368, 156.48095400765368, 'SEARCH'
10, 29987, 156.45473916248213, 156.45473916248213, 'SEARCH'
10, 29988, 156.42807941008562, 156.42807941008562, 'SEARCH'
10, 29989, 156.40419165593937, 156.40419165593937, 'SEARCH'
10, 29990, 156.4072553529097, 156.4072553529097, 'SEARCH'
10, 29991, 156.38026718751317, 156.38026718751317, 'SEARCH'
10, 29992, 156.3538973357428, 156.3538973357428, 'SEARCH'
10, 29993, 156.32790931757225, 156.32790931757225, 'SEARCH'
10, 29994, 156.31963173853214, 156.31963173853214, 'SEARCH'
10, 29995, 156.32929789148238, 156.32929789148238, 'SEARCH'
10, 29996, 156.3416215472653, 156.3416215472653, 'SEARCH'
10, 29997, 156.33152647263742, 156.33152647263742, 'SEARCH'
10, 29998, 156.3062171671857, 156.3062171671857, 'SEARCH'
10, 29999, 156.28715448045602, 156.28715448045602, 'SEARCH'
10, 30000, 156.2793308056128, 156.2793308056128, 'SEARCH'
10, 30001, 156.2631550720023, 156.2631550720023, 'SEARCH'
10, 30002, 156.255326261715, 156.255326261715, 'SEARCH'
10, 30003, 156.235548879498, 156.235548879498, 'SEARCH'
10, 30004, 156.20800374875117, 156.20800374875117, 'SEARCH'
10, 30005, 156.2029062668009, 156.2029062668009, 'SEARCH'
10, 30006, 156.17760995158358, 156.17760995158358, 'SEARCH'
10, 30007, 156.15614496160836, 156.15614496160836, 'SEARCH'
10, 30008, 156.13467700610624, 156.13467700610624, 'SEARCH'
10, 30009, 156.1135923934659, 156.1135923934659, 'SEARCH'
10, 30010, 156.089634475521, 156.089634475521, 'SEARCH'
10, 30011, 156.08179275362397, 156.08179275362397, 'SEARCH'
10, 30012, 156.054681360716, 156.054681360716, 'SEARCH'
10, 30013, 156.0661734455631, 156.0661734455631, 'SEARCH'
10, 30014, 156.03844489661984, 156.03844489661984, 'SEARCH'
10, 30015, 156.02785126680433, 156.02785126680433, 'SEARCH'
10, 30016, 156.00031459350623, 156.00031459350623, 'SEARCH'
10, 30017, 155.98192398693976, 155.98192398693976, 'SEARCH'
10, 30018, 155.98697756621002, 155.98697756621002, 'SEARCH'
10, 30019, 155.96021583656093, 155.96021583656093, 'SEARCH'
10, 30020, 155.93848562350686, 155.93848562350686, 'SEARCH'
10, 30021, 155.91246811621576, 155.91246811621576, 'SEARCH'
10, 30022, 155.89480306607405, 155.89480306607405, 'SEARCH'
10, 30023, 155.90315407174643, 155.90315407174643, 'SEARCH'
10, 30024, 155.87603147038945, 155.87603147038945, 'SEARCH'
10, 30025, 155.86109488852426, 155.86109488852426, 'SEARCH'
10, 30026, 155.84701555513521, 155.84701555513521, 'SEARCH'
10, 30027, 155.83867136779656, 155.83867136779656, 'SEARCH'
10, 30028, 155.8112751937826, 155.8112751937826, 'SEARCH'
10, 30029, 155.79361096661444, 155.79361096661444, 'SEARCH'
10, 30030, 155.79336758977192, 155.79336758977192, 'SEARCH'
10, 30031, 155.76752756250121, 155.76752756250121, 'SEARCH'
10, 30032, 155.7418623517102, 155.7418623517102, 'SEARCH'
10, 30033, 155.71768868916215, 155.71768868916215, 'SEARCH'
10, 30034, 155.68992032825759, 155.68992032825759, 'SEARCH'
10, 30035, 155.67114774440844, 155.67114774440844, 'SEARCH'
10, 30036, 155.64824380157393, 155.64824380157393, 'SEARCH'
10, 30037, 155.6403841167997, 155.6403841167997, 'SEARCH'
10, 30038, 155.619274806334, 155.619274806334, 'SEARCH'
10, 30039, 155.5981425497617, 155.5981425497617, 'SEARCH'
10, 30040, 155.58793732922464, 155.58793732922464, 'SEARCH'
10, 30041, 155.5616076029453, 155.5616076029453, 'SEARCH'
10, 30042, 155.53383125683024, 155.53383125683024, 'SEARCH'
10, 30043, 155.50750282762576, 155.50750282762576, 'SEARCH'
10, 30044, 155.48003665602664, 155.48003665602664, 'SEARCH'
10, 30045, 155.47540666149274, 155.47540666149274, 'SEARCH'
10, 30046, 155.45563554321734, 155.45563554321734, 'SEARCH'
10, 30047, 155.427865942174, 155.427865942174, 'SEARCH'
10, 30048, 155.431067823634, 155.431067823634, 'SEARCH'
10, 30049, 155.41412224758676, 155.41412224758676, 'SEARCH'
10, 30050, 155.40995977166654, 155.40995977166654, 'SEARCH'
10, 30051, 155.39793772466743, 155.39793772466743, 'SEARCH'
10, 30052, 155.38187504715674, 155.38187504715674, 'SEARCH'
10, 30053, 155.36813084146235, 155.36813084146235, 'SEARCH'
10, 30054, 155.37280284694734, 155.37280284694734, 'SEARCH'
10, 30055, 155.38350270027928, 155.38350270027928, 'SEARCH'
10, 30056, 155.39283388987775, 155.39283388987775, 'SEARCH'
10, 30057, 155.36595325524337, 155.36595325524337, 'SEARCH'
10, 30058, 155.35066347454082, 155.35066347454082, 'SEARCH'
10, 30059, 155.34188926245386, 155.34188926245386, 'SEARCH'
10, 30060, 155.3230997225695, 155.3230997225695, 'SEARCH'
10, 30061, 155.29969557600202, 155.29969557600202, 'SEARCH'
10, 30062, 155.27763348171197, 155.27763348171197, 'SEARCH'
10, 30063, 155.25115680156443, 155.25115680156443, 'SEARCH'
10, 30064, 155.23538089214773, 155.23538089214773, 'SEARCH'
10, 30065, 155.21360186366732, 155.21360186366732, 'SEARCH'
10, 30066, 155.18694668982033, 155.18694668982033, 'SEARCH'
10, 30067, 155.17944353903644, 155.17944353903644, 'SEARCH'
10, 30068, 155.16419221633922, 155.16419221633922, 'SEARCH'
10, 30069, 155.14696908415465, 155.14696908415465, 'SEARCH'
10, 30070, 155.14922900630634, 155.14922900630634, 'SEARCH'
10, 30071, 155.13853621358192, 155.13853621358192, 'SEARCH'
10, 30072, 155.11489425219216, 155.11489425219216, 'SEARCH'
10, 30073, 155.1102325470278, 155.1102325470278, 'SEARCH'
10, 30074, 155.10041915584677, 155.10041915584677, 'SEARCH'
10, 30075, 155.07719815069862, 155.07719815069862, 'SEARCH'
10, 30076, 155.09012635161378, 155.09012635161378, 'SEARCH'
10, 30077, 155.09095529492993, 155.09095529492993, 'SEARCH'
10, 30078, 155.08361795988645, 155.08361795988645, 'SEARCH'
10, 30079, 155.07627001366248, 155.07627001366248, 'SEARCH'
10, 30080, 155.04872119430522, 155.04872119430522, 'SEARCH'
10, 30081, 155.02434451106873, 155.02434451106873, 'SEARCH'
10, 30082, 155.0196901750433, 155.0196901750433, 'SEARCH'
10, 30083, 154.9927763288831, 154.9927763288831, 'SEARCH'
10, 30084, 154.98178350119503, 154.98178350119503, 'SEARCH'
10, 30085, 154.95526707592393, 154.95526707592393, 'SEARCH'
10, 30086, 154.9350566531134, 154.9350566531134, 'SEARCH'
10, 30087, 154.91531485896928, 154.91531485896928, 'SEARCH'
10, 30088, 154.9113028987491, 154.9113028987491, 'SEARCH'
10, 30089, 154.88427336465065, 154.88427336465065, 'SEARCH'
10, 30090, 154.87267220742345, 154.87267220742345, 'SEARCH'
10, 30091, 154.85866303738584, 154.85866303738584, 'SEARCH'
10, 30092, 154.85161651453006, 154.85161651453006, 'SEARCH'
10, 30093, 154.8285127291986, 154.8285127291986, 'SEARCH'
10, 30094, 154.84012691904468, 154.84012691904468, 'SEARCH'
10, 30095, 154.81623917218954, 154.81623917218954, 'SEARCH'
10, 30096, 154.789720589878, 154.789720589878, 'SEARCH'
10, 30097, 154.77102525547494, 154.77102525547494, 'SEARCH'
10, 30098, 154.75855060775834, 154.75855060775834, 'SEARCH'
10, 30099, 154.76034917238786, 154.76034917238786, 'SEARCH'
10, 30100, 154.74760279373027, 154.74760279373027, 'SEARCH'
10, 30101, 154.74405719745346, 154.74405719745346, 'SEARCH'
10, 30102, 154.71682343302794, 154.71682343302794, 'SEARCH'
10, 30103, 154.68952465342696, 154.68952465342696, 'SEARCH'
10, 30104, 154.68296487775174, 154.68296487775174, 'SEARCH'
10, 30105, 154.6852346661275, 154.6852346661275, 'SEARCH'
10, 30106, 154.6580986236683, 154.6580986236683, 'SEARCH'
10, 30107, 154.64694474977262, 154.64694474977262, 'SEARCH'
10, 30108, 154.62015124070106, 154.62015124070106, 'SEARCH'
10, 30109, 154.60942386150333, 154.60942386150333, 'SEARCH'
10, 30110, 154.59522340166498, 154.59522340166498, 'SEARCH'
10, 30111, 154.5895562938161, 154.5895562938161, 'SEARCH'
10, 30112, 154.57924084038083, 154.57924084038083, 'SEARCH'
10, 30113, 154.5614500156652, 154.5614500156652, 'SEARCH'
10, 30114, 154.5589578526287, 154.5589578526287, 'SEARCH'
10, 30115, 154.53187331670267, 154.53187331670267, 'SEARCH'
10, 30116, 154.52937036878322, 154.52937036878322, 'SEARCH'
10, 30117, 154.50656206512707, 154.50656206512707, 'SEARCH'
10, 30118, 154.49031425215688, 154.49031425215688, 'SEARCH'
10, 30119, 154.4858845300826, 154.4858845300826, 'SEARCH'
10, 30120, 154.487241202075, 154.487241202075, 'SEARCH'
10, 30121, 154.46152754803484, 154.46152754803484, 'SEARCH'
10, 30122, 154.44195746615787, 154.44195746615787, 'SEARCH'
10, 30123, 154.41761932560576, 154.41761932560576, 'SEARCH'
10, 30124, 154.4165583654948, 154.4165583654948, 'SEARCH'
10, 30125, 154.42175636788534, 154.42175636788534, 'SEARCH'
10, 30126, 154.41079473882192, 154.41079473882192, 'SEARCH'
10, 30127, 154.4219764764945, 154.4219764764945, 'SEARCH'
10, 30128, 154.41797120128615, 154.41797120128615, 'SEARCH'
10, 30129, 154.39351695862268, 154.39351695862268, 'SEARCH'
10, 30130, 154.38253190441915, 154.38253190441915, 'SEARCH'
10, 30131, 154.36935621831512, 154.36935621831512, 'SEARCH'
10, 30132, 154.35477393622847, 154.35477393622847, 'SEARCH'
10, 30133, 154.3280315440989, 154.3280315440989, 'SEARCH'
10, 30134, 154.32594598476268, 154.32594598476268, 'SEARCH'
10, 30135, 154.31568937622774, 154.31568937622774, 'SEARCH'
10, 30136, 154.29924313658205, 154.29924313658205, 'SEARCH'
10, 30137, 154.29811887769876, 154.29811887769876, 'SEARCH'
10, 30138, 154.27694792395388, 154.27694792395388, 'SEARCH'
10, 30139, 154.25183901762733, 154.25183901762733, 'SEARCH'
10, 30140, 154.23724357158736, 154.23724357158736, 'SEARCH'
10, 30141, 154.223660051131, 154.223660051131, 'SEARCH'
10, 30142, 154.20311275946486, 154.20311275946486, 'SEARCH'
10, 30143, 154.17562380826067, 154.17562380826067, 'SEARCH'
10, 30144, 154.16646254475918, 154.16646254475918, 'SEARCH'
10, 30145, 154.14123048311495, 154.14123048311495, 'SEARCH'
10, 30146, 154.14734592543869, 154.14734592543869, 'SEARCH'
10, 30147, 154.12628363553065, 154.12628363553065, 'SEARCH'
10, 30148, 154.10372012169034, 154.10372012169034, 'SEARCH'
10, 30149, 154.07594425398625, 154.07594425398625, 'SEARCH'
10, 30150, 154.0703205151759, 154.0703205151759, 'SEARCH'
10, 30151, 154.06727629416312, 154.06727629416312, 'SEARCH'
10, 30152, 154.04752604513973, 154.04752604513973, 'SEARCH'
10, 30153, 154.02743381425293, 154.02743381425293, 'SEARCH'
10, 30154, 154.01510842475813, 154.01510842475813, 'SEARCH'
10, 30155, 154.02352568599235, 154.02352568599235, 'SEARCH'
10, 30156, 154.00236830928318, 154.00236830928318, 'SEARCH'
10, 30157, 153.97654746975468, 153.97654746975468, 'SEARCH'
10, 30158, 153.950074899865, 153.950074899865, 'SEARCH'
10, 30159, 153.92286781651634, 153.92286781651634, 'SEARCH'
10, 30160, 153.89704741207797, 153.89704741207797, 'SEARCH'
10, 30161, 153.87365540594783, 153.87365540594783, 'SEARCH'
10, 30162, 153.847658768172, 153.847658768172, 'SEARCH'
10, 30163, 153.84457609628078, 153.84457609628078, 'SEARCH'
10, 30164, 153.8261326069022, 153.8261326069022, 'SEARCH'
10, 30165, 153.79965931520078, 153.79965931520078, 'SEARCH'
10, 30166, 153.77235817213537, 153.77235817213537, 'SEARCH'
10, 30167, 153.74497208249787, 153.74497208249787, 'SEARCH'
10, 30168, 153.72688118655896, 153.72688118655896, 'SEARCH'
10, 30169, 153.707354987294, 153.707354987294, 'SEARCH'
10, 30170, 153.67994320299124, 153.67994320299124, 'SEARCH'
10, 30171, 153.69110931989408, 153.69110931989408, 'SEARCH'
10, 30172, 153.666431279734, 153.666431279734, 'SEARCH'
10, 30173, 153.63905015920275, 153.63905015920275, 'SEARCH'
10, 30174, 153.61930527180752, 153.61930527180752, 'SEARCH'
10, 30175, 153.5921032952167, 153.5921032952167, 'SEARCH'
10, 30176, 153.56943567557667, 153.56943567557667, 'SEARCH'
10, 30177, 153.57123429974519, 153.57123429974519, 'SEARCH'
10, 30178, 153.54701363188374, 153.54701363188374, 'SEARCH'
10, 30179, 153.54252763338891, 153.54252763338891, 'SEARCH'
10, 30180, 153.53707584261798, 153.53707584261798, 'SEARCH'
10, 30181, 153.5383635347782, 153.5383635347782, 'SEARCH'
10, 30182, 153.52000464756333, 153.52000464756333, 'SEARCH'
10, 30183, 153.49289752474724, 153.49289752474724, 'SEARCH'
10, 30184, 153.4751842861496, 153.4751842861496, 'SEARCH'
10, 30185, 153.4507392085046, 153.4507392085046, 'SEARCH'
10, 30186, 153.439293120065, 153.439293120065, 'SEARCH'
10, 30187, 153.42904710868316, 153.42904710868316, 'SEARCH'
10, 30188, 153.40929357171308, 153.40929357171308, 'SEARCH'
10, 30189, 153.39963869889561, 153.39963869889561, 'SEARCH'
10, 30190, 153.380121001625, 153.380121001625, 'SEARCH'
10, 30191, 153.36353416294963, 153.36353416294963, 'SEARCH'
10, 30192, 153.351930610982, 153.351930610982, 'SEARCH'
10, 30193, 153.35130977136959, 153.35130977136959, 'SEARCH'
10, 30194, 153.33943554895274, 153.33943554895274, 'SEARCH'
10, 30195, 153.31649590848465, 153.31649590848465, 'SEARCH'
10, 30196, 153.32021535156144, 153.32021535156144, 'SEARCH'
10, 30197, 153.31428233103128, 153.31428233103128, 'SEARCH'
10, 30198, 153.2980952986709, 153.2980952986709, 'SEARCH'
10, 30199, 153.27079780776953, 153.27079780776953, 'SEARCH'
10, 30200, 153.2430429165849, 153.2430429165849, 'SEARCH'
10, 30201, 153.24385929804725, 153.24385929804725, 'SEARCH'
10, 30202, 153.21855111298964, 153.21855111298964, 'SEARCH'
10, 30203, 153.2056489702837, 153.2056489702837, 'SEARCH'
10, 30204, 153.17840925886622, 153.17840925886622, 'SEARCH'
10, 30205, 153.15103012330954, 153.15103012330954, 'SEARCH'
10, 30206, 153.12667030473136, 153.12667030473136, 'SEARCH'
10, 30207, 153.10593617928225, 153.10593617928225, 'SEARCH'
10, 30208, 153.08171038076426, 153.08171038076426, 'SEARCH'
10, 30209, 153.05735174672955, 153.05735174672955, 'SEARCH'
10, 30210, 153.06108469878527, 153.06108469878527, 'SEARCH'
10, 30211, 153.04904069145653, 153.04904069145653, 'SEARCH'
10, 30212, 153.04360888934994, 153.04360888934994, 'SEARCH'
10, 30213, 153.01700254613553, 153.01700254613553, 'SEARCH'
10, 30214, 152.99502406240907, 152.99502406240907, 'SEARCH'
10, 30215, 152.97654885810454, 152.97654885810454, 'SEARCH'
10, 30216, 152.9764115370004, 152.9764115370004, 'SEARCH'
10, 30217, 152.95060047908615, 152.95060047908615, 'SEARCH'
10, 30218, 152.92285327275678, 152.92285327275678, 'SEARCH'
10, 30219, 152.92076869687676, 152.92076869687676, 'SEARCH'
10, 30220, 152.8958727477779, 152.8958727477779, 'SEARCH'
10, 30221, 152.8866872784463, 152.8866872784463, 'SEARCH'
10, 30222, 152.86208572859502, 152.86208572859502, 'SEARCH'
10, 30223, 152.83914861082891, 152.83914861082891, 'SEARCH'
10, 30224, 152.83417520156075, 152.83417520156075, 'SEARCH'
10, 30225, 152.82214614210557, 152.82214614210557, 'SEARCH'
10, 30226, 152.7945574671803, 152.7945574671803, 'SEARCH'
10, 30227, 152.80660149856467, 152.80660149856467, 'SEARCH'
10, 30228, 152.8016190095129, 152.8016190095129, 'SEARCH'
10, 30229, 152.7804519834086, 152.7804519834086, 'SEARCH'
10, 30230, 152.75384113551738, 152.75384113551738, 'SEARCH'
10, 30231, 152.72673949007103, 152.72673949007103, 'SEARCH'
10, 30232, 152.71892944378394, 152.71892944378394, 'SEARCH'
10, 30233, 152.6942574229991, 152.6942574229991, 'SEARCH'
10, 30234, 152.66648715573788, 152.66648715573788, 'SEARCH'
10, 30235, 152.66730026340943, 152.66730026340943, 'SEARCH'
10, 30236, 152.65764043672988, 152.65764043672988, 'SEARCH'
10, 30237, 152.63534797678395, 152.63534797678395, 'SEARCH'
10, 30238, 152.62939205632006, 152.62939205632006, 'SEARCH'
10, 30239, 152.60433996562327, 152.60433996562327, 'SEARCH'
10, 30240, 152.58560606364472, 152.58560606364472, 'SEARCH'
10, 30241, 152.58153713678377, 152.58153713678377, 'SEARCH'
10, 30242, 152.55783968683892, 152.55783968683892, 'SEARCH'
10, 30243, 152.55424921906484, 152.55424921906484, 'SEARCH'
10, 30244, 152.53586037661114, 152.53586037661114, 'SEARCH'
10, 30245, 152.5298324599123, 152.5298324599123, 'SEARCH'
10, 30246, 152.52243802329116, 152.52243802329116, 'SEARCH'
10, 30247, 152.4958093702607, 152.4958093702607, 'SEARCH'
10, 30248, 152.47320601629215, 152.47320601629215, 'SEARCH'
10, 30249, 152.46391965503787, 152.46391965503787, 'SEARCH'
10, 30250, 152.45467433781906, 152.45467433781906, 'SEARCH'
10, 30251, 152.45055096785646, 152.45055096785646, 'SEARCH'
10, 30252, 152.44641401683714, 152.44641401683714, 'SEARCH'
10, 30253, 152.42157493677752, 152.42157493677752, 'SEARCH'
10, 30254, 152.43042998145506, 152.43042998145506, 'SEARCH'
10, 30255, 152.42629516677948, 152.42629516677948, 'SEARCH'
10, 30256, 152.40238290689268, 152.40238290689268, 'SEARCH'
10, 30257, 152.39453210466397, 152.39453210466397, 'SEARCH'
10, 30258, 152.37726251893898, 152.37726251893898, 'SEARCH'
10, 30259, 152.37607196491396, 152.37607196491396, 'SEARCH'
10, 30260, 152.34988478504826, 152.34988478504826, 'SEARCH'
10, 30261, 152.333767727837, 152.333767727837, 'SEARCH'
10, 30262, 152.32181672275527, 152.32181672275527, 'SEARCH'
10, 30263, 152.30414911810865, 152.30414911810865, 'SEARCH'
10, 30264, 152.27751198440717, 152.27751198440717, 'SEARCH'
10, 30265, 152.24973544119402, 152.24973544119402, 'SEARCH'
10, 30266, 152.2276833609423, 152.2276833609423, 'SEARCH'
10, 30267, 152.2265071003143, 152.2265071003143, 'SEARCH'
10, 30268, 152.20033008188454, 152.20033008188454, 'SEARCH'
10, 30269, 152.17548066315393, 152.17548066315393, 'SEARCH'
10, 30270, 152.1553175105659, 152.1553175105659, 'SEARCH'
10, 30271, 152.14880128846397, 152.14880128846397, 'SEARCH'
10, 30272, 152.13270853166418, 152.13270853166418, 'SEARCH'
10, 30273, 152.12808614893368, 152.12808614893368, 'SEARCH'
10, 30274, 152.11083488910987, 152.11083488910987, 'SEARCH'
10, 30275, 152.0846355930672, 152.0846355930672, 'SEARCH'
10, 30276, 152.0626303729909, 152.0626303729909, 'SEARCH'
10, 30277, 152.0667841892474, 152.0667841892474, 'SEARCH'
10, 30278, 152.0499016955373, 152.0499016955373, 'SEARCH'
10, 30279, 152.03459250592735, 152.03459250592735, 'SEARCH'
10, 30280, 152.02622222091077, 152.02622222091077, 'SEARCH'
10, 30281, 152.01132443856844, 152.01132443856844, 'SEARCH'
10, 30282, 151.99938691779573, 151.99938691779573, 'SEARCH'
10, 30283, 152.0068229971483, 152.0068229971483, 'SEARCH'
10, 30284, 151.99486365518342, 151.99486365518342, 'SEARCH'
10, 30285, 151.9750435038414, 151.9750435038414, 'SEARCH'
10, 30286, 151.9539322082916, 151.9539322082916, 'SEARCH'
10, 30287, 151.9295230081594, 151.9295230081594, 'SEARCH'
10, 30288, 151.92070395975875, 151.92070395975875, 'SEARCH'
10, 30289, 151.89485192554633, 151.89485192554633, 'SEARCH'
10, 30290, 151.89512278285187, 151.89512278285187, 'SEARCH'
10, 30291, 151.87897989747515, 151.87897989747515, 'SEARCH'
10, 30292, 151.88918702723737, 151.88918702723737, 'SEARCH'
10, 30293, 151.8711577945251, 151.8711577945251, 'SEARCH'
10, 30294, 151.8462953012217, 151.8462953012217, 'SEARCH'
10, 30295, 151.8202706234732, 151.8202706234732, 'SEARCH'
10, 30296, 151.80828847743942, 151.80828847743942, 'SEARCH'
10, 30297, 151.78279863954728, 151.78279863954728, 'SEARCH'
10, 30298, 151.76592790445463, 151.76592790445463, 'SEARCH'
10, 30299, 151.75349629815437, 151.75349629815437, 'SEARCH'
10, 30300, 151.74336745998693, 151.74336745998693, 'SEARCH'
10, 30301, 151.75448486784677, 151.75448486784677, 'SEARCH'
10, 30302, 151.75717780011544, 151.75717780011544, 'SEARCH'
10, 30303, 151.76692163015747, 151.76692163015747, 'SEARCH'
10, 30304, 151.7748136247201, 151.7748136247201, 'SEARCH'
10, 30305, 151.7481829637952, 151.7481829637952, 'SEARCH'
10, 30306, 151.72585169083817, 151.72585169083817, 'SEARCH'
10, 30307, 151.6996697404689, 151.6996697404689, 'SEARCH'
10, 30308, 151.68903860957244, 151.68903860957244, 'SEARCH'
10, 30309, 151.69506569912656, 151.69506569912656, 'SEARCH'
10, 30310, 151.67491561037065, 151.67491561037065, 'SEARCH'
10, 30311, 151.6517596597377, 151.6517596597377, 'SEARCH'
10, 30312, 151.6360343935979, 151.6360343935979, 'SEARCH'
10, 30313, 151.6158861171714, 151.6158861171714, 'SEARCH'
10, 30314, 151.58816042697313, 151.58816042697313, 'SEARCH'
10, 30315, 151.58027035296416, 151.58027035296416, 'SEARCH'
10, 30316, 151.55824187442715, 151.55824187442715, 'SEARCH'
10, 30317, 151.56843208995912, 151.56843208995912, 'SEARCH'
10, 30318, 151.55560234762356, 151.55560234762356, 'SEARCH'
10, 30319, 151.5684165575807, 151.5684165575807, 'SEARCH'
10, 30320, 151.5638045794774, 151.5638045794774, 'SEARCH'
10, 30321, 151.5423449897247, 151.5423449897247, 'SEARCH'
10, 30322, 151.5145956644908, 151.5145956644908, 'SEARCH'
10, 30323, 151.495799622986, 151.495799622986, 'SEARCH'
10, 30324, 151.48132598044762, 151.48132598044762, 'SEARCH'
10, 30325, 151.46082358817293, 151.46082358817293, 'SEARCH'
10, 30326, 151.4619962116155, 151.4619962116155, 'SEARCH'
10, 30327, 151.4660498616044, 151.4660498616044, 'SEARCH'
10, 30328, 151.4571725664998, 151.4571725664998, 'SEARCH'
10, 30329, 151.42944194045802, 151.42944194045802, 'SEARCH'
10, 30330, 151.40597449134052, 151.40597449134052, 'SEARCH'
10, 30331, 151.39815988034698, 151.39815988034698, 'SEARCH'
10, 30332, 151.37864483727327, 151.37864483727327, 'SEARCH'
10, 30333, 151.36460700547426, 151.36460700547426, 'SEARCH'
10, 30334, 151.34224428338968, 151.34224428338968, 'SEARCH'
10, 30335, 151.32247427639803, 151.32247427639803, 'SEARCH'
10, 30336, 151.2954752148663, 151.2954752148663, 'SEARCH'
10, 30337, 151.26882991489043, 151.26882991489043, 'SEARCH'
10, 30338, 151.2556104989341, 151.2556104989341, 'SEARCH'
10, 30339, 151.23012635494322, 151.23012635494322, 'SEARCH'
10, 30340, 151.20547471615066, 151.20547471615066, 'SEARCH'
10, 30341, 151.18564173270371, 151.18564173270371, 'SEARCH'
10, 30342, 151.16757453598393, 151.16757453598393, 'SEARCH'
10, 30343, 151.1682588266657, 151.1682588266657, 'SEARCH'
10, 30344, 151.1713471718637, 151.1713471718637, 'SEARCH'
10, 30345, 151.1615531434105, 151.1615531434105, 'SEARCH'
10, 30346, 151.17343801888455, 151.17343801888455, 'SEARCH'
10, 30347, 151.1490723273453, 151.1490723273453, 'SEARCH'
10, 30348, 151.134219439208, 151.134219439208, 'SEARCH'
10, 30349, 151.14296561465272, 151.14296561465272, 'SEARCH'
10, 30350, 151.11665065126817, 151.11665065126817, 'SEARCH'
10, 30351, 151.0934446315977, 151.0934446315977, 'SEARCH'
10, 30352, 151.06585469072087, 151.06585469072087, 'SEARCH'
10, 30353, 151.0708431664533, 151.0708431664533, 'SEARCH'
10, 30354, 151.07911112367037, 151.07911112367037, 'SEARCH'
10, 30355, 151.05774302750552, 151.05774302750552, 'SEARCH'
10, 30356, 151.04543035971028, 151.04543035971028, 'SEARCH'
10, 30357, 151.02039180329547, 151.02039180329547, 'SEARCH'
10, 30358, 151.02821680130077, 151.02821680130077, 'SEARCH'
10, 30359, 151.005008477785, 151.005008477785, 'SEARCH'
10, 30360, 150.99844114928453, 150.99844114928453, 'SEARCH'
10, 30361, 150.97835896123607, 150.97835896123607, 'SEARCH'
10, 30362, 150.95782196657913, 150.95782196657913, 'SEARCH'
10, 30363, 150.93005148683497, 150.93005148683497, 'SEARCH'
10, 30364, 150.9273032599361, 150.9273032599361, 'SEARCH'
10, 30365, 150.90520529957865, 150.90520529957865, 'SEARCH'
10, 30366, 150.87774821385815, 150.87774821385815, 'SEARCH'
10, 30367, 150.86631779034929, 150.86631779034929, 'SEARCH'
10, 30368, 150.86550746041684, 150.86550746041684, 'SEARCH'
10, 30369, 150.85363622365662, 150.85363622365662, 'SEARCH'
10, 30370, 150.82999496536638, 150.82999496536638, 'SEARCH'
10, 30371, 150.81420264755977, 150.81420264755977, 'SEARCH'
10, 30372, 150.79271777089548, 150.79271777089548, 'SEARCH'
10, 30373, 150.77786476599007, 150.77786476599007, 'SEARCH'
10, 30374, 150.7528237189845, 150.7528237189845, 'SEARCH'
10, 30375, 150.7520353536605, 150.7520353536605, 'SEARCH'
10, 30376, 150.74375379361655, 150.74375379361655, 'SEARCH'
10, 30377, 150.73217961819003, 150.73217961819003, 'SEARCH'
10, 30378, 150.72657212196887, 150.72657212196887, 'SEARCH'
10, 30379, 150.7277004004472, 150.7277004004472, 'SEARCH'
10, 30380, 150.70288469236615, 150.70288469236615, 'SEARCH'
10, 30381, 150.67866536827066, 150.67866536827066, 'SEARCH'
10, 30382, 150.66019204371676, 150.66019204371676, 'SEARCH'
10, 30383, 150.6472796429371, 150.6472796429371, 'SEARCH'
10, 30384, 150.642589341832, 150.642589341832, 'SEARCH'
10, 30385, 150.6163650682652, 150.6163650682652, 'SEARCH'
10, 30386, 150.62367248032686, 150.62367248032686, 'SEARCH'
10, 30387, 150.6004349472605, 150.6004349472605, 'SEARCH'
10, 30388, 150.59860104963502, 150.59860104963502, 'SEARCH'
10, 30389, 150.5957875897016, 150.5957875897016, 'SEARCH'
10, 30390, 150.57201731812043, 150.57201731812043, 'SEARCH'
10, 30391, 150.54467451010476, 150.54467451010476, 'SEARCH'
10, 30392, 150.53375084987135, 150.53375084987135, 'SEARCH'
10, 30393, 150.50694315812208, 150.50694315812208, 'SEARCH'
10, 30394, 150.50173257853865, 150.50173257853865, 'SEARCH'
10, 30395, 150.50758478422142, 150.50758478422142, 'SEARCH'
10, 30396, 150.49417402232402, 150.49417402232402, 'SEARCH'
10, 30397, 150.499527542958, 150.499527542958, 'SEARCH'
10, 30398, 150.472014577267, 150.472014577267, 'SEARCH'
10, 30399, 150.4686752096439, 150.4686752096439, 'SEARCH'
10, 30400, 150.44183539945118, 150.44183539945118, 'SEARCH'
10, 30401, 150.44477971873664, 150.44477971873664, 'SEARCH'
10, 30402, 150.41782059992158, 150.41782059992158, 'SEARCH'
10, 30403, 150.39683385100946, 150.39683385100946, 'SEARCH'
10, 30404, 150.3801542772141, 150.3801542772141, 'SEARCH'
10, 30405, 150.36088598714818, 150.36088598714818, 'SEARCH'
10, 30406, 150.36621739883074, 150.36621739883074, 'SEARCH'
10, 30407, 150.3387789121489, 150.3387789121489, 'SEARCH'
10, 30408, 150.3464584829017, 150.3464584829017, 'SEARCH'
10, 30409, 150.31918928030728, 150.31918928030728, 'SEARCH'
10, 30410, 150.2976122234663, 150.2976122234663, 'SEARCH'
10, 30411, 150.30979924928505, 150.30979924928505, 'SEARCH'
10, 30412, 150.28262916116097, 150.28262916116097, 'SEARCH'
10, 30413, 150.25592855958777, 150.25592855958777, 'SEARCH'
10, 30414, 150.2635895202701, 150.2635895202701, 'SEARCH'
10, 30415, 150.2597136497754, 150.2597136497754, 'SEARCH'
10, 30416, 150.26114428171593, 150.26114428171593, 'SEARCH'
10, 30417, 150.23396578750797, 150.23396578750797, 'SEARCH'
10, 30418, 150.21576892715305, 150.21576892715305, 'SEARCH'
10, 30419, 150.18849725877533, 150.18849725877533, 'SEARCH'
10, 30420, 150.16852985717793, 150.16852985717793, 'SEARCH'
10, 30421, 150.14259979322586, 150.14259979322586, 'SEARCH'
10, 30422, 150.1240140261171, 150.1240140261171, 'SEARCH'
10, 30423, 150.11681908919687, 150.11681908919687, 'SEARCH'
10, 30424, 150.12675695097204, 150.12675695097204, 'SEARCH'
10, 30425, 150.10398403204587, 150.10398403204587, 'SEARCH'
10, 30426, 150.07970695397708, 150.07970695397708, 'SEARCH'
10, 30427, 150.0590465295974, 150.0590465295974, 'SEARCH'
10, 30428, 150.061435492568, 150.061435492568, 'SEARCH'
10, 30429, 150.0336933914828, 150.0336933914828, 'SEARCH'
10, 30430, 150.00653152288504, 150.00653152288504, 'SEARCH'
10, 30431, 150.00601143659125, 150.00601143659125, 'SEARCH'
10, 30432, 149.9873879517814, 149.9873879517814, 'SEARCH'
10, 30433, 149.96336000614954, 149.96336000614954, 'SEARCH'
10, 30434, 149.95210344879533, 149.95210344879533, 'SEARCH'
10, 30435, 149.96468667133198, 149.96468667133198, 'SEARCH'
10, 30436, 149.93784365575982, 149.93784365575982, 'SEARCH'
10, 30437, 149.93586134778383, 149.93586134778383, 'SEARCH'
10, 30438, 149.94346181095628, 149.94346181095628, 'SEARCH'
10, 30439, 149.93254094348438, 149.93254094348438, 'SEARCH'
10, 30440, 149.93342624687585, 149.93342624687585, 'SEARCH'
10, 30441, 149.9323585653424, 149.9323585653424, 'SEARCH'
10, 30442, 149.91314332733057, 149.91314332733057, 'SEARCH'
10, 30443, 149.88550755476152, 149.88550755476152, 'SEARCH'
10, 30444, 149.87775886640705, 149.87775886640705, 'SEARCH'
10, 30445, 149.8581935746592, 149.8581935746592, 'SEARCH'
10, 30446, 149.83229495920008, 149.83229495920008, 'SEARCH'
10, 30447, 149.83414717725663, 149.83414717725663, 'SEARCH'
10, 30448, 149.80980387824422, 149.80980387824422, 'SEARCH'
10, 30449, 149.78265466681648, 149.78265466681648, 'SEARCH'
10, 30450, 149.76952963209337, 149.76952963209337, 'SEARCH'
10, 30451, 149.74849631150735, 149.74849631150735, 'SEARCH'
10, 30452, 149.73729995696047, 149.73729995696047, 'SEARCH'
10, 30453, 149.73095709565123, 149.73095709565123, 'SEARCH'
10, 30454, 149.72226930864784, 149.72226930864784, 'SEARCH'
10, 30455, 149.71972744114456, 149.71972744114456, 'SEARCH'
10, 30456, 149.71127209824698, 149.71127209824698, 'SEARCH'
10, 30457, 149.68604632544506, 149.68604632544506, 'SEARCH'
10, 30458, 149.65951822612038, 149.65951822612038, 'SEARCH'
10, 30459, 149.63298761100765, 149.63298761100765, 'SEARCH'
10, 30460, 149.6423894264568, 149.6423894264568, 'SEARCH'
10, 30461, 149.61851774200994, 149.61851774200994, 'SEARCH'
10, 30462, 149.59763457658337, 149.59763457658337, 'SEARCH'
10, 30463, 149.58778309083758, 149.58778309083758, 'SEARCH'
10, 30464, 149.56807372376798, 149.56807372376798, 'SEARCH'
10, 30465, 149.54032884520115, 149.54032884520115, 'SEARCH'
10, 30466, 149.51304279419332, 149.51304279419332, 'SEARCH'
10, 30467, 149.50390783509792, 149.50390783509792, 'SEARCH'
10, 30468, 149.48081847381735, 149.48081847381735, 'SEARCH'
10, 30469, 149.45670607514054, 149.45670607514054, 'SEARCH'
10, 30470, 149.46834045532842, 149.46834045532842, 'SEARCH'
10, 30471, 149.4407015104311, 149.4407015104311, 'SEARCH'
10, 30472, 149.44539954047582, 149.44539954047582, 'SEARCH'
10, 30473, 149.41762212635044, 149.41762212635044, 'SEARCH'
10, 30474, 149.3909586511659, 149.3909586511659, 'SEARCH'
10, 30475, 149.38696481143313, 149.38696481143313, 'SEARCH'
10, 30476, 149.36429267793596, 149.36429267793596, 'SEARCH'
10, 30477, 149.36367720762686, 149.36367720762686, 'SEARCH'
10, 30478, 149.3393123521294, 149.3393123521294, 'SEARCH'
10, 30479, 149.31692674925714, 149.31692674925714, 'SEARCH'
10, 30480, 149.2954249366349, 149.2954249366349, 'SEARCH'
10, 30481, 149.2720617323595, 149.2720617323595, 'SEARCH'
10, 30482, 149.24683313614307, 149.24683313614307, 'SEARCH'
10, 30483, 149.21908698664473, 149.21908698664473, 'SEARCH'
10, 30484, 149.19204951778303, 149.19204951778303, 'SEARCH'
10, 30485, 149.1645586259408, 149.1645586259408, 'SEARCH'
10, 30486, 149.16347863201588, 149.16347863201588, 'SEARCH'
10, 30487, 149.15594197092747, 149.15594197092747, 'SEARCH'
10, 30488, 149.12823973021625, 149.12823973021625, 'SEARCH'
10, 30489, 149.10886888496282, 149.10886888496282, 'SEARCH'
10, 30490, 149.12094584613732, 149.12094584613732, 'SEARCH'
10, 30491, 149.10262709024832, 149.10262709024832, 'SEARCH'
10, 30492, 149.09793524774477, 149.09793524774477, 'SEARCH'
10, 30493, 149.07213584629324, 149.07213584629324, 'SEARCH'
10, 30494, 149.0549398024824, 149.0549398024824, 'SEARCH'
10, 30495, 149.04331680555902, 149.04331680555902, 'SEARCH'
10, 30496, 149.01708954661126, 149.01708954661126, 'SEARCH'
10, 30497, 149.00569600991145, 149.00569600991145, 'SEARCH'
10, 30498, 148.99450342375292, 148.99450342375292, 'SEARCH'
10, 30499, 148.98555507300756, 148.98555507300756, 'SEARCH'
10, 30500, 148.96313282288483, 148.96313282288483, 'SEARCH'
10, 30501, 148.97071873321383, 148.97071873321383, 'SEARCH'
10, 30502, 148.9477395143933, 148.9477395143933, 'SEARCH'
10, 30503, 148.95485484701388, 148.95485484701388, 'SEARCH'
10, 30504, 148.92992866093408, 148.92992866093408, 'SEARCH'
10, 30505, 148.93935285073124, 148.93935285073124, 'SEARCH'
10, 30506, 148.92597016247942, 148.92597016247942, 'SEARCH'
10, 30507, 148.89967933913698, 148.89967933913698, 'SEARCH'
10, 30508, 148.90201887755427, 148.90201887755427, 'SEARCH'
10, 30509, 148.88616525530009, 148.88616525530009, 'SEARCH'
10, 30510, 148.86215011105293, 148.86215011105293, 'SEARCH'
10, 30511, 148.83586272380097, 148.83586272380097, 'SEARCH'
10, 30512, 148.8140173916274, 148.8140173916274, 'SEARCH'
10, 30513, 148.78861733249164, 148.78861733249164, 'SEARCH'
10, 30514, 148.7704389605789, 148.7704389605789, 'SEARCH'
10, 30515, 148.76320477237934, 148.76320477237934, 'SEARCH'
10, 30516, 148.73800468266393, 148.73800468266393, 'SEARCH'
10, 30517, 148.72459098074907, 148.72459098074907, 'SEARCH'
10, 30518, 148.71924555001888, 148.71924555001888, 'SEARCH'
10, 30519, 148.69280907440992, 148.69280907440992, 'SEARCH'
10, 30520, 148.6819009470298, 148.6819009470298, 'SEARCH'
10, 30521, 148.66196839542607, 148.66196839542607, 'SEARCH'
10, 30522, 148.64370134325281, 148.64370134325281, 'SEARCH'
10, 30523, 148.6416987724748, 148.6416987724748, 'SEARCH'
10, 30524, 148.6283010367555, 148.6283010367555, 'SEARCH'
10, 30525, 148.61874014514657, 148.61874014514657, 'SEARCH'
10, 30526, 148.61384162380634, 148.61384162380634, 'SEARCH'
10, 30527, 148.62593811480917, 148.62593811480917, 'SEARCH'
10, 30528, 148.6174536989312, 148.6174536989312, 'SEARCH'
10, 30529, 148.62314161513967, 148.62314161513967, 'SEARCH'
10, 30530, 148.63565938915366, 148.63565938915366, 'SEARCH'
10, 30531, 148.63505534082523, 148.63505534082523, 'SEARCH'
10, 30532, 148.61210147729287, 148.61210147729287, 'SEARCH'
10, 30533, 148.6119798191318, 148.6119798191318, 'SEARCH'
10, 30534, 148.58799186525198, 148.58799186525198, 'SEARCH'
10, 30535, 148.5941188435406, 148.5941188435406, 'SEARCH'
10, 30536, 148.59784620936875, 148.59784620936875, 'SEARCH'
10, 30537, 148.57395666721953, 148.57395666721953, 'SEARCH'
10, 30538, 148.55386545744062, 148.55386545744062, 'SEARCH'
10, 30539, 148.52707731162474, 148.52707731162474, 'SEARCH'
10, 30540, 148.50934231180415, 148.50934231180415, 'SEARCH'
10, 30541, 148.48319134271475, 148.48319134271475, 'SEARCH'
10, 30542, 148.46582161134808, 148.46582161134808, 'SEARCH'
10, 30543, 148.44575063909443, 148.44575063909443, 'SEARCH'
10, 30544, 148.4206329993377, 148.4206329993377, 'SEARCH'
10, 30545, 148.40007405737927, 148.40007405737927, 'SEARCH'
10, 30546, 148.37935635066847, 148.37935635066847, 'SEARCH'
10, 30547, 148.37181345569974, 148.37181345569974, 'SEARCH'
10, 30548, 148.35209888363588, 148.35209888363588, 'SEARCH'
10, 30549, 148.34249510048008, 148.34249510048008, 'SEARCH'
10, 30550, 148.34672005500494, 148.34672005500494, 'SEARCH'
10, 30551, 148.32323600711814, 148.32323600711814, 'SEARCH'
10, 30552, 148.31205232339633, 148.31205232339633, 'SEARCH'
10, 30553, 148.31960297709293, 148.31960297709293, 'SEARCH'
10, 30554, 148.3041739156781, 148.3041739156781, 'SEARCH'
10, 30555, 148.29342228134462, 148.29342228134462, 'SEARCH'
10, 30556, 148.27454788973276, 148.27454788973276, 'SEARCH'
10, 30557, 148.2476955669982, 148.2476955669982, 'SEARCH'
10, 30558, 148.24011685180514, 148.24011685180514, 'SEARCH'
10, 30559, 148.21585381301873, 148.21585381301873, 'SEARCH'
10, 30560, 148.22062356427034, 148.22062356427034, 'SEARCH'
10, 30561, 148.20035579135035, 148.20035579135035, 'SEARCH'
10, 30562, 148.1807538489317, 148.1807538489317, 'SEARCH'
10, 30563, 148.15367841577137, 148.15367841577137, 'SEARCH'
10, 30564, 148.14376248765694, 148.14376248765694, 'SEARCH'
10, 30565, 148.11839691505642, 148.11839691505642, 'SEARCH'
10, 30566, 148.11595993553536, 148.11595993553536, 'SEARCH'
10, 30567, 148.08824774016685, 148.08824774016685, 'SEARCH'
10, 30568, 148.0735053794577, 148.0735053794577, 'SEARCH'
10, 30569, 148.04922796584918, 148.04922796584918, 'SEARCH'
10, 30570, 148.03135357806684, 148.03135357806684, 'SEARCH'
10, 30571, 148.01877226948437, 148.01877226948437, 'SEARCH'
10, 30572, 148.01488848190888, 148.01488848190888, 'SEARCH'
10, 30573, 148.00451222187294, 148.00451222187294, 'SEARCH'
10, 30574, 147.9918866451465, 147.9918866451465, 'SEARCH'
10, 30575, 148.00044443538394, 148.00044443538394, 'SEARCH'
10, 30576, 147.99415424997582, 147.99415424997582, 'SEARCH'
10, 30577, 148.00450826782708, 148.00450826782708, 'SEARCH'
10, 30578, 148.0015340755972, 148.0015340755972, 'SEARCH'
10, 30579, 147.98607148219224, 147.98607148219224, 'SEARCH'
10, 30580, 147.95870359313741, 147.95870359313741, 'SEARCH'
10, 30581, 147.93376704581385, 147.93376704581385, 'SEARCH'
10, 30582, 147.90671420715464, 147.90671420715464, 'SEARCH'
10, 30583, 147.88927167722446, 147.88927167722446, 'SEARCH'
10, 30584, 147.8670661247234, 147.8670661247234, 'SEARCH'
10, 30585, 147.86077821932722, 147.86077821932722, 'SEARCH'
10, 30586, 147.84952883422073, 147.84952883422073, 'SEARCH'
10, 30587, 147.84474289436005, 147.84474289436005, 'SEARCH'
10, 30588, 147.82408459719963, 147.82408459719963, 'SEARCH'
10, 30589, 147.81144769776233, 147.81144769776233, 'SEARCH'
10, 30590, 147.8109228101829, 147.8109228101829, 'SEARCH'
10, 30591, 147.7934841751009, 147.7934841751009, 'SEARCH'
10, 30592, 147.7724936123852, 147.7724936123852, 'SEARCH'
10, 30593, 147.7460897171945, 147.7460897171945, 'SEARCH'
10, 30594, 147.7489562340979, 147.7489562340979, 'SEARCH'
10, 30595, 147.72355874606168, 147.72355874606168, 'SEARCH'
10, 30596, 147.7036145669644, 147.7036145669644, 'SEARCH'
10, 30597, 147.6927238264306, 147.6927238264306, 'SEARCH'
10, 30598, 147.67050829087543, 147.67050829087543, 'SEARCH'
10, 30599, 147.64718091851046, 147.64718091851046, 'SEARCH'
10, 30600, 147.63762311879492, 147.63762311879492, 'SEARCH'
10, 30601, 147.64520942942139, 147.64520942942139, 'SEARCH'
10, 30602, 147.6320904815692, 147.6320904815692, 'SEARCH'
10, 30603, 147.60595414328523, 147.60595414328523, 'SEARCH'
10, 30604, 147.58993985760003, 147.58993985760003, 'SEARCH'
10, 30605, 147.5622774993857, 147.5622774993857, 'SEARCH'
10, 30606, 147.53946435114824, 147.53946435114824, 'SEARCH'
10, 30607, 147.51433476495532, 147.51433476495532, 'SEARCH'
10, 30608, 147.51810462589776, 147.51810462589776, 'SEARCH'
10, 30609, 147.51557187253385, 147.51557187253385, 'SEARCH'
10, 30610, 147.4985699816545, 147.4985699816545, 'SEARCH'
10, 30611, 147.49652068244902, 147.49652068244902, 'SEARCH'
10, 30612, 147.47441257338778, 147.47441257338778, 'SEARCH'
10, 30613, 147.4466372762927, 147.4466372762927, 'SEARCH'
10, 30614, 147.4307940467756, 147.4307940467756, 'SEARCH'
10, 30615, 147.40622362493684, 147.40622362493684, 'SEARCH'
10, 30616, 147.3855159821711, 147.3855159821711, 'SEARCH'
10, 30617, 147.3707085575623, 147.3707085575623, 'SEARCH'
10, 30618, 147.34859254987228, 147.34859254987228, 'SEARCH'
10, 30619, 147.34037506446646, 147.34037506446646, 'SEARCH'
10, 30620, 147.3150450583318, 147.3150450583318, 'SEARCH'
10, 30621, 147.2889074986325, 147.2889074986325, 'SEARCH'
10, 30622, 147.26411056433867, 147.26411056433867, 'SEARCH'
10, 30623, 147.23986703751157, 147.23986703751157, 'SEARCH'
10, 30624, 147.21529653050476, 147.21529653050476, 'SEARCH'
10, 30625, 147.19232215870557, 147.19232215870557, 'SEARCH'
10, 30626, 147.17453203300283, 147.17453203300283, 'SEARCH'
10, 30627, 147.14681709731218, 147.14681709731218, 'SEARCH'
10, 30628, 147.12792149857944, 147.12792149857944, 'SEARCH'
10, 30629, 147.10123431185772, 147.10123431185772, 'SEARCH'
10, 30630, 147.08866251852058, 147.08866251852058, 'SEARCH'
10, 30631, 147.0611590413223, 147.0611590413223, 'SEARCH'
10, 30632, 147.04150193373025, 147.04150193373025, 'SEARCH'
10, 30633, 147.0139984911819, 147.0139984911819, 'SEARCH'
10, 30634, 146.98623840491348, 146.98623840491348, 'SEARCH'
10, 30635, 146.9915224802878, 146.9915224802878, 'SEARCH'
10, 30636, 147.0005357944769, 147.0005357944769, 'SEARCH'
10, 30637, 146.9900859354242, 146.9900859354242, 'SEARCH'
10, 30638, 146.970832767428, 146.970832767428, 'SEARCH'
10, 30639, 146.9688496773307, 146.9688496773307, 'SEARCH'
10, 30640, 146.9626595333763, 146.9626595333763, 'SEARCH'
10, 30641, 146.93987984612664, 146.93987984612664, 'SEARCH'
10, 30642, 146.94513196937234, 146.94513196937234, 'SEARCH'
10, 30643, 146.93834930617365, 146.93834930617365, 'SEARCH'
10, 30644, 146.91137792737007, 146.91137792737007, 'SEARCH'
10, 30645, 146.88376044441296, 146.88376044441296, 'SEARCH'
10, 30646, 146.8575190283671, 146.8575190283671, 'SEARCH'
10, 30647, 146.86036200259989, 146.86036200259989, 'SEARCH'
10, 30648, 146.83651261660987, 146.83651261660987, 'SEARCH'
10, 30649, 146.81249634473667, 146.81249634473667, 'SEARCH'
10, 30650, 146.81820501934192, 146.81820501934192, 'SEARCH'
10, 30651, 146.79135219866808, 146.79135219866808, 'SEARCH'
10, 30652, 146.78471261667687, 146.78471261667687, 'SEARCH'
10, 30653, 146.7576317342724, 146.7576317342724, 'SEARCH'
10, 30654, 146.74991183952687, 146.74991183952687, 'SEARCH'
10, 30655, 146.7222073426137, 146.7222073426137, 'SEARCH'
10, 30656, 146.7283848210579, 146.7283848210579, 'SEARCH'
10, 30657, 146.70540570187887, 146.70540570187887, 'SEARCH'
10, 30658, 146.67901113677152, 146.67901113677152, 'SEARCH'
10, 30659, 146.65144865980264, 146.65144865980264, 'SEARCH'
10, 30660, 146.64009528672838, 146.64009528672838, 'SEARCH'
10, 30661, 146.62016376544926, 146.62016376544926, 'SEARCH'
10, 30662, 146.59376356375316, 146.59376356375316, 'SEARCH'
10, 30663, 146.57900212741714, 146.57900212741714, 'SEARCH'
10, 30664, 146.5534095349113, 146.5534095349113, 'SEARCH'
10, 30665, 146.52613064886347, 146.52613064886347, 'SEARCH'
10, 30666, 146.49958378965567, 146.49958378965567, 'SEARCH'
10, 30667, 146.50195552692148, 146.50195552692148, 'SEARCH'
10, 30668, 146.48688107524924, 146.48688107524924, 'SEARCH'
10, 30669, 146.46898791870944, 146.46898791870944, 'SEARCH'
10, 30670, 146.4779766706685, 146.4779766706685, 'SEARCH'
10, 30671, 146.4684068467552, 146.4684068467552, 'SEARCH'
10, 30672, 146.47314549149837, 146.47314549149837, 'SEARCH'
10, 30673, 146.44953478205403, 146.44953478205403, 'SEARCH'
10, 30674, 146.436400686067, 146.436400686067, 'SEARCH'
10, 30675, 146.40890972064204, 146.40890972064204, 'SEARCH'
10, 30676, 146.3988526854262, 146.3988526854262, 'SEARCH'
10, 30677, 146.3791247212316, 146.3791247212316, 'SEARCH'
10, 30678, 146.36794466903052, 146.36794466903052, 'SEARCH'
10, 30679, 146.34134769178672, 146.34134769178672, 'SEARCH'
10, 30680, 146.31811313469075, 146.31811313469075, 'SEARCH'
10, 30681, 146.30226319271753, 146.30226319271753, 'SEARCH'
10, 30682, 146.27492243423103, 146.27492243423103, 'SEARCH'
10, 30683, 146.24783910371818, 146.24783910371818, 'SEARCH'
10, 30684, 146.23401683712467, 146.23401683712467, 'SEARCH'
10, 30685, 146.21502762983098, 146.21502762983098, 'SEARCH'
10, 30686, 146.1974929113616, 146.1974929113616, 'SEARCH'
10, 30687, 146.1734755915322, 146.1734755915322, 'SEARCH'
10, 30688, 146.16871691848925, 146.16871691848925, 'SEARCH'
10, 30689, 146.14870046984376, 146.14870046984376, 'SEARCH'
10, 30690, 146.12842407487875, 146.12842407487875, 'SEARCH'
10, 30691, 146.11135641412008, 146.11135641412008, 'SEARCH'
10, 30692, 146.08831182399095, 146.08831182399095, 'SEARCH'
10, 30693, 146.06096173471903, 146.06096173471903, 'SEARCH'
10, 30694, 146.06093660576866, 146.06093660576866, 'SEARCH'
10, 30695, 146.03557675644922, 146.03557675644922, 'SEARCH'
10, 30696, 146.03506235403106, 146.03506235403106, 'SEARCH'
10, 30697, 146.0282989394156, 146.0282989394156, 'SEARCH'
10, 30698, 146.02533746817244, 146.02533746817244, 'SEARCH'
10, 30699, 145.9983672882511, 145.9983672882511, 'SEARCH'
10, 30700, 145.98370815640806, 145.98370815640806, 'SEARCH'
10, 30701, 145.9601215327891, 145.9601215327891, 'SEARCH'
10, 30702, 145.94832772834397, 145.94832772834397, 'SEARCH'
10, 30703, 145.92292236557685, 145.92292236557685, 'SEARCH'
10, 30704, 145.89624098378974, 145.89624098378974, 'SEARCH'
10, 30705, 145.89183191008175, 145.89183191008175, 'SEARCH'
10, 30706, 145.8670460818835, 145.8670460818835, 'SEARCH'
10, 30707, 145.8393417551501, 145.8393417551501, 'SEARCH'
10, 30708, 145.8165444586363, 145.8165444586363, 'SEARCH'
10, 30709, 145.7971909770235, 145.7971909770235, 'SEARCH'
10, 30710, 145.7913301334385, 145.7913301334385, 'SEARCH'
10, 30711, 145.78660641889297, 145.78660641889297, 'SEARCH'
10, 30712, 145.76139520204208, 145.76139520204208, 'SEARCH'
10, 30713, 145.7675586293234, 145.7675586293234, 'SEARCH'
10, 30714, 145.7698765839474, 145.7698765839474, 'SEARCH'
10, 30715, 145.75715977041443, 145.75715977041443, 'SEARCH'
10, 30716, 145.75173155885633, 145.75173155885633, 'SEARCH'
10, 30717, 145.72574734721613, 145.72574734721613, 'SEARCH'
10, 30718, 145.7069094801365, 145.7069094801365, 'SEARCH'
10, 30719, 145.69573079888616, 145.69573079888616, 'SEARCH'
10, 30720, 145.67871965666995, 145.67871965666995, 'SEARCH'
10, 30721, 145.65094454943943, 145.65094454943943, 'SEARCH'
10, 30722, 145.6462145001886, 145.6462145001886, 'SEARCH'
10, 30723, 145.62829885084003, 145.62829885084003, 'SEARCH'
10, 30724, 145.60185369970407, 145.60185369970407, 'SEARCH'
10, 30725, 145.57411870863166, 145.57411870863166, 'SEARCH'
10, 30726, 145.56731936748363, 145.56731936748363, 'SEARCH'
10, 30727, 145.539703896193, 145.539703896193, 'SEARCH'
10, 30728, 145.52788402805214, 145.52788402805214, 'SEARCH'
10, 30729, 145.51324950908045, 145.51324950908045, 'SEARCH'
10, 30730, 145.48964768508858, 145.48964768508858, 'SEARCH'
10, 30731, 145.47961006998582, 145.47961006998582, 'SEARCH'
10, 30732, 145.4666588644, 145.4666588644, 'SEARCH'
10, 30733, 145.4514583261069, 145.4514583261069, 'SEARCH'
10, 30734, 145.45330050596743, 145.45330050596743, 'SEARCH'
10, 30735, 145.42838304316476, 145.42838304316476, 'SEARCH'
10, 30736, 145.40716855906314, 145.40716855906314, 'SEARCH'
10, 30737, 145.3821642799705, 145.3821642799705, 'SEARCH'
10, 30738, 145.35464462834776, 145.35464462834776, 'SEARCH'
10, 30739, 145.33563750123474, 145.33563750123474, 'SEARCH'
10, 30740, 145.32714290618196, 145.32714290618196, 'SEARCH'
10, 30741, 145.32335379261195, 145.32335379261195, 'SEARCH'
10, 30742, 145.31563801518567, 145.31563801518567, 'SEARCH'
10, 30743, 145.3160477879352, 145.3160477879352, 'SEARCH'
10, 30744, 145.31036104404868, 145.31036104404868, 'SEARCH'
10, 30745, 145.29043114236018, 145.29043114236018, 'SEARCH'
10, 30746, 145.2851898919177, 145.2851898919177, 'SEARCH'
10, 30747, 145.26812287722976, 145.26812287722976, 'SEARCH'
10, 30748, 145.2752845109345, 145.2752845109345, 'SEARCH'
10, 30749, 145.27146311403658, 145.27146311403658, 'SEARCH'
10, 30750, 145.2437032844456, 145.2437032844456, 'SEARCH'
10, 30751, 145.22855477171655, 145.22855477171655, 'SEARCH'
10, 30752, 145.2020006090893, 145.2020006090893, 'SEARCH'
10, 30753, 145.183074016776, 145.183074016776, 'SEARCH'
10, 30754, 145.156245234248, 145.156245234248, 'SEARCH'
10, 30755, 145.13914412941256, 145.13914412941256, 'SEARCH'
10, 30756, 145.1121879639127, 145.1121879639127, 'SEARCH'
10, 30757, 145.10455360458587, 145.10455360458587, 'SEARCH'
10, 30758, 145.0867057792795, 145.0867057792795, 'SEARCH'
10, 30759, 145.05893221448807, 145.05893221448807, 'SEARCH'
10, 30760, 145.0364558075361, 145.0364558075361, 'SEARCH'
10, 30761, 145.04821287085792, 145.04821287085792, 'SEARCH'
10, 30762, 145.02227888851928, 145.02227888851928, 'SEARCH'
10, 30763, 144.99775894704345, 144.99775894704345, 'SEARCH'
10, 30764, 144.97219357127008, 144.97219357127008, 'SEARCH'
10, 30765, 144.94971539357516, 144.94971539357516, 'SEARCH'
10, 30766, 144.9300576100401, 144.9300576100401, 'SEARCH'
10, 30767, 144.93491768474328, 144.93491768474328, 'SEARCH'
10, 30768, 144.91896787905546, 144.91896787905546, 'SEARCH'
10, 30769, 144.89129264423568, 144.89129264423568, 'SEARCH'
10, 30770, 144.88266803534336, 144.88266803534336, 'SEARCH'
10, 30771, 144.8549093100912, 144.8549093100912, 'SEARCH'
10, 30772, 144.85642675445956, 144.85642675445956, 'SEARCH'
10, 30773, 144.83065371754358, 144.83065371754358, 'SEARCH'
10, 30774, 144.80291100909807, 144.80291100909807, 'SEARCH'
10, 30775, 144.7970727603086, 144.7970727603086, 'SEARCH'
10, 30776, 144.78042013421197, 144.78042013421197, 'SEARCH'
10, 30777, 144.76861622011984, 144.76861622011984, 'SEARCH'
10, 30778, 144.7427149102473, 144.7427149102473, 'SEARCH'
10, 30779, 144.7271100336868, 144.7271100336868, 'SEARCH'
10, 30780, 144.7015806303582, 144.7015806303582, 'SEARCH'
10, 30781, 144.68100540286582, 144.68100540286582, 'SEARCH'
10, 30782, 144.67325822971574, 144.67325822971574, 'SEARCH'
10, 30783, 144.65662966457433, 144.65662966457433, 'SEARCH'
10, 30784, 144.6354158805166, 144.6354158805166, 'SEARCH'
10, 30785, 144.6120678143311, 144.6120678143311, 'SEARCH'
10, 30786, 144.5842902460109, 144.5842902460109, 'SEARCH'
10, 30787, 144.56634865595638, 144.56634865595638, 'SEARCH'
10, 30788, 144.546616361784, 144.546616361784, 'SEARCH'
10, 30789, 144.52653573348934, 144.52653573348934, 'SEARCH'
10, 30790, 144.51194945070912, 144.51194945070912, 'SEARCH'
10, 30791, 144.49589674692186, 144.49589674692186, 'SEARCH'
10, 30792, 144.47332890094066, 144.47332890094066, 'SEARCH'
10, 30793, 144.46087499670904, 144.46087499670904, 'SEARCH'
10, 30794, 144.46394182426403, 144.46394182426403, 'SEARCH'
10, 30795, 144.4394853769028, 144.4394853769028, 'SEARCH'
10, 30796, 144.4287655693907, 144.4287655693907, 'SEARCH'
10, 30797, 144.40101922756534, 144.40101922756534, 'SEARCH'
10, 30798, 144.38853211923973, 144.38853211923973, 'SEARCH'
10, 30799, 144.40082313893555, 144.40082313893555, 'SEARCH'
10, 30800, 144.37373262079245, 144.37373262079245, 'SEARCH'
10, 30801, 144.34915056973344, 144.34915056973344, 'SEARCH'
10, 30802, 144.3555268523321, 144.3555268523321, 'SEARCH'
10, 30803, 144.32879377450544, 144.32879377450544, 'SEARCH'
10, 30804, 144.30530275053812, 144.30530275053812, 'SEARCH'
10, 30805, 144.28753951900777, 144.28753951900777, 'SEARCH'
10, 30806, 144.26353899267582, 144.26353899267582, 'SEARCH'
10, 30807, 144.2708323312826, 144.2708323312826, 'SEARCH'
10, 30808, 144.25217776434744, 144.25217776434744, 'SEARCH'
10, 30809, 144.2349924656256, 144.2349924656256, 'SEARCH'
10, 30810, 144.2074071600882, 144.2074071600882, 'SEARCH'
10, 30811, 144.18142848838718, 144.18142848838718, 'SEARCH'
10, 30812, 144.17694561131475, 144.17694561131475, 'SEARCH'
10, 30813, 144.15972154126374, 144.15972154126374, 'SEARCH'
10, 30814, 144.14210770040555, 144.14210770040555, 'SEARCH'
10, 30815, 144.1259317366446, 144.1259317366446, 'SEARCH'
10, 30816, 144.11359597862236, 144.11359597862236, 'SEARCH'
10, 30817, 144.10519628797573, 144.10519628797573, 'SEARCH'
10, 30818, 144.10115226159004, 144.10115226159004, 'SEARCH'
10, 30819, 144.07354786078847, 144.07354786078847, 'SEARCH'
10, 30820, 144.04614402930204, 144.04614402930204, 'SEARCH'
10, 30821, 144.0256370580077, 144.0256370580077, 'SEARCH'
10, 30822, 144.01541291363364, 144.01541291363364, 'SEARCH'
10, 30823, 143.99432926301463, 143.99432926301463, 'SEARCH'
10, 30824, 143.97823553214047, 143.97823553214047, 'SEARCH'
10, 30825, 143.9727263372138, 143.9727263372138, 'SEARCH'
10, 30826, 143.95161231064566, 143.95161231064566, 'SEARCH'
10, 30827, 143.93751281713952, 143.93751281713952, 'SEARCH'
10, 30828, 143.92780140208484, 143.92780140208484, 'SEARCH'
10, 30829, 143.90939173898988, 143.90939173898988, 'SEARCH'
10, 30830, 143.88163953099271, 143.88163953099271, 'SEARCH'
10, 30831, 143.87612706346607, 143.87612706346607, 'SEARCH'
10, 30832, 143.86506134878852, 143.86506134878852, 'SEARCH'
10, 30833, 143.8477698910627, 143.8477698910627, 'SEARCH'
10, 30834, 143.83495675215693, 143.83495675215693, 'SEARCH'
10, 30835, 143.8176672592234, 143.8176672592234, 'SEARCH'
10, 30836, 143.7965411056621, 143.7965411056621, 'SEARCH'
10, 30837, 143.7692262744167, 143.7692262744167, 'SEARCH'
10, 30838, 143.7684894087445, 143.7684894087445, 'SEARCH'
10, 30839, 143.7504298431608, 143.7504298431608, 'SEARCH'
10, 30840, 143.72783532126974, 143.72783532126974, 'SEARCH'
10, 30841, 143.72708766829356, 143.72708766829356, 'SEARCH'
10, 30842, 143.70243175902104, 143.70243175902104, 'SEARCH'
10, 30843, 143.69000259693917, 143.69000259693917, 'SEARCH'
10, 30844, 143.68206465888207, 143.68206465888207, 'SEARCH'
10, 30845, 143.67789510357528, 143.67789510357528, 'SEARCH'
10, 30846, 143.66054096306226, 143.66054096306226, 'SEARCH'
10, 30847, 143.64256815447445, 143.64256815447445, 'SEARCH'
10, 30848, 143.62937792357326, 143.62937792357326, 'SEARCH'
10, 30849, 143.60547247970044, 143.60547247970044, 'SEARCH'
10, 30850, 143.59669998796076, 143.59669998796076, 'SEARCH'
10, 30851, 143.57230129072062, 143.57230129072062, 'SEARCH'
10, 30852, 143.57155945426945, 143.57155945426945, 'SEARCH'
10, 30853, 143.54443353763486, 143.54443353763486, 'SEARCH'
10, 30854, 143.53427968786855, 143.53427968786855, 'SEARCH'
10, 30855, 143.50651111869308, 143.50651111869308, 'SEARCH'
10, 30856, 143.48084510949008, 143.48084510949008, 'SEARCH'
10, 30857, 143.4566726025387, 143.4566726025387, 'SEARCH'
10, 30858, 143.43587113314135, 143.43587113314135, 'SEARCH'
10, 30859, 143.41710306310367, 143.41710306310367, 'SEARCH'
10, 30860, 143.3972832315537, 143.3972832315537, 'SEARCH'
10, 30861, 143.3719991377835, 143.3719991377835, 'SEARCH'
10, 30862, 143.3591554041034, 143.3591554041034, 'SEARCH'
10, 30863, 143.33743580505632, 143.33743580505632, 'SEARCH'
10, 30864, 143.31865675841584, 143.31865675841584, 'SEARCH'
10, 30865, 143.31404709527544, 143.31404709527544, 'SEARCH'
10, 30866, 143.30345422542462, 143.30345422542462, 'SEARCH'
10, 30867, 143.28328882382115, 143.28328882382115, 'SEARCH'
10, 30868, 143.27263049523935, 143.27263049523935, 'SEARCH'
10, 30869, 143.25607282500468, 143.25607282500468, 'SEARCH'
10, 30870, 143.2284280650566, 143.2284280650566, 'SEARCH'
10, 30871, 143.2403450310436, 143.2403450310436, 'SEARCH'
10, 30872, 143.21619955111504, 143.21619955111504, 'SEARCH'
10, 30873, 143.19003192343018, 143.19003192343018, 'SEARCH'
10, 30874, 143.18257015721414, 143.18257015721414, 'SEARCH'
10, 30875, 143.15609430646748, 143.15609430646748, 'SEARCH'
10, 30876, 143.1666837156282, 143.1666837156282, 'SEARCH'
10, 30877, 143.1556632706847, 143.1556632706847, 'SEARCH'
10, 30878, 143.14322948403108, 143.14322948403108, 'SEARCH'
10, 30879, 143.1467996364695, 143.1467996364695, 'SEARCH'
10, 30880, 143.1426219229725, 143.1426219229725, 'SEARCH'
10, 30881, 143.14949184891134, 143.14949184891134, 'SEARCH'
10, 30882, 143.12425877627558, 143.12425877627558, 'SEARCH'
10, 30883, 143.10276560448912, 143.10276560448912, 'SEARCH'
10, 30884, 143.09028244986865, 143.09028244986865, 'SEARCH'
10, 30885, 143.07822344233873, 143.07822344233873, 'SEARCH'
10, 30886, 143.05124227407487, 143.05124227407487, 'SEARCH'
10, 30887, 143.03982732602873, 143.03982732602873, 'SEARCH'
10, 30888, 143.0126870365717, 143.0126870365717, 'SEARCH'
10, 30889, 143.00020697919604, 143.00020697919604, 'SEARCH'
10, 30890, 142.98578520744027, 142.98578520744027, 'SEARCH'
10, 30891, 142.99451263593724, 142.99451263593724, 'SEARCH'
10, 30892, 142.97462436613233, 142.97462436613233, 'SEARCH'
10, 30893, 142.95236406763806, 142.95236406763806, 'SEARCH'
10, 30894, 142.93388183378556, 142.93388183378556, 'SEARCH'
10, 30895, 142.90865108621185, 142.90865108621185, 'SEARCH'
10, 30896, 142.8811640093309, 142.8811640093309, 'SEARCH'
10, 30897, 142.8708944167896, 142.8708944167896, 'SEARCH'
10, 30898, 142.85565369167398, 142.85565369167398, 'SEARCH'
10, 30899, 142.84290928800777, 142.84290928800777, 'SEARCH'
10, 30900, 142.81970425064708, 142.81970425064708, 'SEARCH'
10, 30901, 142.79950008195596, 142.79950008195596, 'SEARCH'
10, 30902, 142.7792909502307, 142.7792909502307, 'SEARCH'
10, 30903, 142.7736605594356, 142.7736605594356, 'SEARCH'
10, 30904, 142.77669661811225, 142.77669661811225, 'SEARCH'
10, 30905, 142.74950186937537, 142.74950186937537, 'SEARCH'
10, 30906, 142.76135449562221, 142.76135449562221, 'SEARCH'
10, 30907, 142.77095652205026, 142.77095652205026, 'SEARCH'
10, 30908, 142.7541669102956, 142.7541669102956, 'SEARCH'
10, 30909, 142.73912801191196, 142.73912801191196, 'SEARCH'
10, 30910, 142.72248797061891, 142.72248797061891, 'SEARCH'
10, 30911, 142.69485345466578, 142.69485345466578, 'SEARCH'
10, 30912, 142.66717338883748, 142.66717338883748, 'SEARCH'
10, 30913, 142.64866100813038, 142.64866100813038, 'SEARCH'
10, 30914, 142.62373479798782, 142.62373479798782, 'SEARCH'
10, 30915, 142.59728913093602, 142.59728913093602, 'SEARCH'
10, 30916, 142.5713209132983, 142.5713209132983, 'SEARCH'
10, 30917, 142.57385162385978, 142.57385162385978, 'SEARCH'
10, 30918, 142.55629803125117, 142.55629803125117, 'SEARCH'
10, 30919, 142.5377925568033, 142.5377925568033, 'SEARCH'
10, 30920, 142.51482027707516, 142.51482027707516, 'SEARCH'
10, 30921, 142.51085922645254, 142.51085922645254, 'SEARCH'
10, 30922, 142.51815779898428, 142.51815779898428, 'SEARCH'
10, 30923, 142.52590648411265, 142.52590648411265, 'SEARCH'
10, 30924, 142.50396898038713, 142.50396898038713, 'SEARCH'
10, 30925, 142.4860426891194, 142.4860426891194, 'SEARCH'
10, 30926, 142.4700209166941, 142.4700209166941, 'SEARCH'
10, 30927, 142.4424086991924, 142.4424086991924, 'SEARCH'
10, 30928, 142.44011624309985, 142.44011624309985, 'SEARCH'
10, 30929, 142.4149890362666, 142.4149890362666, 'SEARCH'
10, 30930, 142.38919255329947, 142.38919255329947, 'SEARCH'
10, 30931, 142.36330377540088, 142.36330377540088, 'SEARCH'
10, 30932, 142.35256180794227, 142.35256180794227, 'SEARCH'
10, 30933, 142.3307393681777, 142.3307393681777, 'SEARCH'
10, 30934, 142.31432940889462, 142.31432940889462, 'SEARCH'
10, 30935, 142.32617627258517, 142.32617627258517, 'SEARCH'
10, 30936, 142.2997895800291, 142.2997895800291, 'SEARCH'
10, 30937, 142.28539605324792, 142.28539605324792, 'SEARCH'
10, 30938, 142.27809234110427, 142.27809234110427, 'SEARCH'
10, 30939, 142.26366958149052, 142.26366958149052, 'SEARCH'
10, 30940, 142.25162993331332, 142.25162993331332, 'SEARCH'
10, 30941, 142.24430526691813, 142.24430526691813, 'SEARCH'
10, 30942, 142.22092349427194, 142.22092349427194, 'SEARCH'
10, 30943, 142.20605885401707, 142.20605885401707, 'SEARCH'
10, 30944, 142.21796813420056, 142.21796813420056, 'SEARCH'
10, 30945, 142.2285317845054, 142.2285317845054, 'SEARCH'
10, 30946, 142.20192337020973, 142.20192337020973, 'SEARCH'
10, 30947, 142.17459640635883, 142.17459640635883, 'SEARCH'
10, 30948, 142.15174760753882, 142.15174760753882, 'SEARCH'
10, 30949, 142.12649707101218, 142.12649707101218, 'SEARCH'
10, 30950, 142.11112291414491, 142.11112291414491, 'SEARCH'
10, 30951, 142.10010324526607, 142.10010324526607, 'SEARCH'
10, 30952, 142.09078892708848, 142.09078892708848, 'SEARCH'
10, 30953, 142.07206546595918, 142.07206546595918, 'SEARCH'
10, 30954, 142.06275320908296, 142.06275320908296, 'SEARCH'
10, 30955, 142.04737496174656, 142.04737496174656, 'SEARCH'
10, 30956, 142.02293160958382, 142.02293160958382, 'SEARCH'
10, 30957, 142.01923674376232, 142.01923674376232, 'SEARCH'
10, 30958, 141.99170788770158, 141.99170788770158, 'SEARCH'
10, 30959, 141.96850156030735, 141.96850156030735, 'SEARCH'
10, 30960, 141.94078073872112, 141.94078073872112, 'SEARCH'
10, 30961, 141.91633310130607, 141.91633310130607, 'SEARCH'
10, 30962, 141.9282205911235, 141.9282205911235, 'SEARCH'
10, 30963, 141.93601769768625, 141.93601769768625, 'SEARCH'
10, 30964, 141.9230907067199, 141.9230907067199, 'SEARCH'
10, 30965, 141.90173688039414, 141.90173688039414, 'SEARCH'
10, 30966, 141.91136091338177, 141.91136091338177, 'SEARCH'
10, 30967, 141.90196759269585, 141.90196759269585, 'SEARCH'
10, 30968, 141.9001299330264, 141.9001299330264, 'SEARCH'
10, 30969, 141.89730994671555, 141.89730994671555, 'SEARCH'
10, 30970, 141.8696915336141, 141.8696915336141, 'SEARCH'
10, 30971, 141.8635127588112, 141.8635127588112, 'SEARCH'
10, 30972, 141.83998594490888, 141.83998594490888, 'SEARCH'
10, 30973, 141.82107992166812, 141.82107992166812, 'SEARCH'
10, 30974, 141.8130004996613, 141.8130004996613, 'SEARCH'
10, 30975, 141.81689568111702, 141.81689568111702, 'SEARCH'
10, 30976, 141.823627640563, 141.823627640563, 'SEARCH'
10, 30977, 141.82071886843954, 141.82071886843954, 'SEARCH'
10, 30978, 141.80440871017467, 141.80440871017467, 'SEARCH'
10, 30979, 141.79490385564114, 141.79490385564114, 'SEARCH'
10, 30980, 141.76739897746887, 141.76739897746887, 'SEARCH'
10, 30981, 141.7640030912529, 141.7640030912529, 'SEARCH'
10, 30982, 141.7492605294082, 141.7492605294082, 'SEARCH'
10, 30983, 141.74439960981366, 141.74439960981366, 'SEARCH'
10, 30984, 141.7409612838027, 141.7409612838027, 'SEARCH'
10, 30985, 141.71424051927067, 141.71424051927067, 'SEARCH'
10, 30986, 141.6991694069328, 141.6991694069328, 'SEARCH'
10, 30987, 141.70862127920142, 141.70862127920142, 'SEARCH'
10, 30988, 141.71289812954905, 141.71289812954905, 'SEARCH'
10, 30989, 141.6899179504665, 141.6899179504665, 'SEARCH'
10, 30990, 141.6732591471569, 141.6732591471569, 'SEARCH'
10, 30991, 141.67706936370342, 141.67706936370342, 'SEARCH'
10, 30992, 141.66809542333482, 141.66809542333482, 'SEARCH'
10, 30993, 141.641812847422, 141.641812847422, 'SEARCH'
10, 30994, 141.64321041326792, 141.64321041326792, 'SEARCH'
10, 30995, 141.61578619153403, 141.61578619153403, 'SEARCH'
10, 30996, 141.58873512262429, 141.58873512262429, 'SEARCH'
10, 30997, 141.57158915156256, 141.57158915156256, 'SEARCH'
10, 30998, 141.5611221608205, 141.5611221608205, 'SEARCH'
10, 30999, 141.5494549846127, 141.5494549846127, 'SEARCH'
10, 31000, 141.52639150047938, 141.52639150047938, 'SEARCH'
10, 31001, 141.53444887455325, 141.53444887455325, 'SEARCH'
10, 31002, 141.53097961420158, 141.53097961420158, 'SEARCH'
10, 31003, 141.52295451238467, 141.52295451238467, 'SEARCH'
10, 31004, 141.50695392088167, 141.50695392088167, 'SEARCH'
10, 31005, 141.47943359804165, 141.47943359804165, 'SEARCH'
10, 31006, 141.4520121247752, 141.4520121247752, 'SEARCH'
10, 31007, 141.4471073149716, 141.4471073149716, 'SEARCH'
10, 31008, 141.4407630547301, 141.4407630547301, 'SEARCH'
10, 31009, 141.4130063863395, 141.4130063863395, 'SEARCH'
10, 31010, 141.3901907846323, 141.3901907846323, 'SEARCH'
10, 31011, 141.38217699559783, 141.38217699559783, 'SEARCH'
10, 31012, 141.35976012244896, 141.35976012244896, 'SEARCH'
10, 31013, 141.35677662793893, 141.35677662793893, 'SEARCH'
10, 31014, 141.3318526272632, 141.3318526272632, 'SEARCH'
10, 31015, 141.32838375017394, 141.32838375017394, 'SEARCH'
10, 31016, 141.30541120669244, 141.30541120669244, 'SEARCH'
10, 31017, 141.27868581829048, 141.27868581829048, 'SEARCH'
10, 31018, 141.25296295176764, 141.25296295176764, 'SEARCH'
10, 31019, 141.23132888685055, 141.23132888685055, 'SEARCH'
10, 31020, 141.24386779663132, 141.24386779663132, 'SEARCH'
10, 31021, 141.225569882527, 141.225569882527, 'SEARCH'
10, 31022, 141.20422196150577, 141.20422196150577, 'SEARCH'
10, 31023, 141.18398458958828, 141.18398458958828, 'SEARCH'
10, 31024, 141.15630410136484, 141.15630410136484, 'SEARCH'
10, 31025, 141.13927697033012, 141.13927697033012, 'SEARCH'
10, 31026, 141.14210321704982, 141.14210321704982, 'SEARCH'
10, 31027, 141.12120164353894, 141.12120164353894, 'SEARCH'
10, 31028, 141.1182186333897, 141.1182186333897, 'SEARCH'
10, 31029, 141.12808341574063, 141.12808341574063, 'SEARCH'
10, 31030, 141.10687789627278, 141.10687789627278, 'SEARCH'
10, 31031, 141.0954893792045, 141.0954893792045, 'SEARCH'
10, 31032, 141.0687569604476, 141.0687569604476, 'SEARCH'
10, 31033, 141.04525937770018, 141.04525937770018, 'SEARCH'
10, 31034, 141.0353961255076, 141.0353961255076, 'SEARCH'
10, 31035, 141.03531615013875, 141.03531615013875, 'SEARCH'
10, 31036, 141.01852169857483, 141.01852169857483, 'SEARCH'
10, 31037, 141.01696080325524, 141.01696080325524, 'SEARCH'
10, 31038, 140.99009770322837, 140.99009770322837, 'SEARCH'
10, 31039, 140.96673450116316, 140.96673450116316, 'SEARCH'
10, 31040, 140.9450669721647, 140.9450669721647, 'SEARCH'
10, 31041, 140.9178254636363, 140.9178254636363, 'SEARCH'
10, 31042, 140.9215671308622, 140.9215671308622, 'SEARCH'
10, 31043, 140.89534967092698, 140.89534967092698, 'SEARCH'
10, 31044, 140.87891544905142, 140.87891544905142, 'SEARCH'
10, 31045, 140.856079576025, 140.856079576025, 'SEARCH'
10, 31046, 140.8308421123671, 140.8308421123671, 'SEARCH'
10, 31047, 140.8415572154837, 140.8415572154837, 'SEARCH'
10, 31048, 140.81417272752344, 140.81417272752344, 'SEARCH'
10, 31049, 140.78995852933159, 140.78995852933159, 'SEARCH'
10, 31050, 140.7632992744091, 140.7632992744091, 'SEARCH'
10, 31051, 140.74764820961806, 140.74764820961806, 'SEARCH'
10, 31052, 140.72678514669232, 140.72678514669232, 'SEARCH'
10, 31053, 140.7101785864182, 140.7101785864182, 'SEARCH'
10, 31054, 140.70310617581296, 140.70310617581296, 'SEARCH'
10, 31055, 140.68888798218154, 140.68888798218154, 'SEARCH'
10, 31056, 140.66409912553678, 140.66409912553678, 'SEARCH'
10, 31057, 140.6572934550988, 140.6572934550988, 'SEARCH'
10, 31058, 140.63195950635884, 140.63195950635884, 'SEARCH'
10, 31059, 140.63999339550153, 140.63999339550153, 'SEARCH'
10, 31060, 140.61975290527835, 140.61975290527835, 'SEARCH'
10, 31061, 140.59223256670597, 140.59223256670597, 'SEARCH'
10, 31062, 140.58560047584797, 140.58560047584797, 'SEARCH'
10, 31063, 140.57648833496393, 140.57648833496393, 'SEARCH'
10, 31064, 140.57737079014885, 140.57737079014885, 'SEARCH'
10, 31065, 140.56273947535396, 140.56273947535396, 'SEARCH'
10, 31066, 140.55926802259566, 140.55926802259566, 'SEARCH'
10, 31067, 140.53393394084824, 140.53393394084824, 'SEARCH'
10, 31068, 140.51913674289938, 140.51913674289938, 'SEARCH'
10, 31069, 140.51373561506847, 140.51373561506847, 'SEARCH'
10, 31070, 140.5240312326379, 140.5240312326379, 'SEARCH'
10, 31071, 140.49990688288148, 140.49990688288148, 'SEARCH'
10, 31072, 140.47402478786475, 140.47402478786475, 'SEARCH'
10, 31073, 140.48475947011983, 140.48475947011983, 'SEARCH'
10, 31074, 140.4611249082207, 140.4611249082207, 'SEARCH'
10, 31075, 140.43963324029718, 140.43963324029718, 'SEARCH'
10, 31076, 140.41575310056044, 140.41575310056044, 'SEARCH'
10, 31077, 140.40566745247796, 140.40566745247796, 'SEARCH'
10, 31078, 140.38986164273098, 140.38986164273098, 'SEARCH'
10, 31079, 140.37780810689085, 140.37780810689085, 'SEARCH'
10, 31080, 140.3502231130436, 140.3502231130436, 'SEARCH'
10, 31081, 140.3239212748779, 140.3239212748779, 'SEARCH'
10, 31082, 140.3076878917748, 140.3076878917748, 'SEARCH'
10, 31083, 140.3046862208717, 140.3046862208717, 'SEARCH'
10, 31084, 140.30505570667967, 140.30505570667967, 'SEARCH'
10, 31085, 140.28767795427163, 140.28767795427163, 'SEARCH'
10, 31086, 140.2608768665327, 140.2608768665327, 'SEARCH'
10, 31087, 140.27339336477684, 140.27339336477684, 'SEARCH'
10, 31088, 140.27809494777438, 140.27809494777438, 'SEARCH'
10, 31089, 140.25041086796372, 140.25041086796372, 'SEARCH'
10, 31090, 140.24477037783697, 140.24477037783697, 'SEARCH'
10, 31091, 140.24368141448554, 140.24368141448554, 'SEARCH'
10, 31092, 140.2232729984909, 140.2232729984909, 'SEARCH'
10, 31093, 140.19635566185443, 140.19635566185443, 'SEARCH'
10, 31094, 140.20797273977865, 140.20797273977865, 'SEARCH'
10, 31095, 140.18273326245009, 140.18273326245009, 'SEARCH'
10, 31096, 140.1600684058609, 140.1600684058609, 'SEARCH'
10, 31097, 140.1473324710661, 140.1473324710661, 'SEARCH'
10, 31098, 140.15104630741848, 140.15104630741848, 'SEARCH'
10, 31099, 140.1316272047504, 140.1316272047504, 'SEARCH'
10, 31100, 140.1210546478105, 140.1210546478105, 'SEARCH'
10, 31101, 140.10054218423352, 140.10054218423352, 'SEARCH'
10, 31102, 140.0737918697366, 140.0737918697366, 'SEARCH'
10, 31103, 140.04958351433623, 140.04958351433623, 'SEARCH'
10, 31104, 140.0593846642184, 140.0593846642184, 'SEARCH'
10, 31105, 140.04138997198285, 140.04138997198285, 'SEARCH'
10, 31106, 140.02947655961964, 140.02947655961964, 'SEARCH'
10, 31107, 140.0307248231114, 140.0307248231114, 'SEARCH'
10, 31108, 140.02101454265258, 140.02101454265258, 'SEARCH'
10, 31109, 140.01452566323331, 140.01452566323331, 'SEARCH'
10, 31110, 139.98946365186058, 139.98946365186058, 'SEARCH'
10, 31111, 139.99596787422772, 139.99596787422772, 'SEARCH'
10, 31112, 139.96933451378143, 139.96933451378143, 'SEARCH'
10, 31113, 139.9436720184976, 139.9436720184976, 'SEARCH'
10, 31114, 139.91881248522216, 139.91881248522216, 'SEARCH'
10, 31115, 139.9132614017592, 139.9132614017592, 'SEARCH'
10, 31116, 139.8934266947747, 139.8934266947747, 'SEARCH'
10, 31117, 139.87392281305645, 139.87392281305645, 'SEARCH'
10, 31118, 139.87023325222103, 139.87023325222103, 'SEARCH'
10, 31119, 139.85036296470673, 139.85036296470673, 'SEARCH'
10, 31120, 139.82414565116514, 139.82414565116514, 'SEARCH'
10, 31121, 139.80656178756917, 139.80656178756917, 'SEARCH'
10, 31122, 139.7958394750893, 139.7958394750893, 'SEARCH'
10, 31123, 139.7778893603116, 139.7778893603116, 'SEARCH'
10, 31124, 139.75128649604335, 139.75128649604335, 'SEARCH'
10, 31125, 139.7344629165722, 139.7344629165722, 'SEARCH'
10, 31126, 139.71072730289356, 139.71072730289356, 'SEARCH'
10, 31127, 139.69083632808167, 139.69083632808167, 'SEARCH'
10, 31128, 139.67197537917644, 139.67197537917644, 'SEARCH'
10, 31129, 139.66329927641792, 139.66329927641792, 'SEARCH'
10, 31130, 139.63553473424702, 139.63553473424702, 'SEARCH'
10, 31131, 139.6416790899039, 139.6416790899039, 'SEARCH'
10, 31132, 139.63555274638776, 139.63555274638776, 'SEARCH'
10, 31133, 139.61633377961095, 139.61633377961095, 'SEARCH'
10, 31134, 139.5927291528971, 139.5927291528971, 'SEARCH'
10, 31135, 139.59118071083682, 139.59118071083682, 'SEARCH'
10, 31136, 139.60325680556443, 139.60325680556443, 'SEARCH'
10, 31137, 139.5916358191536, 139.5916358191536, 'SEARCH'
10, 31138, 139.56454499030673, 139.56454499030673, 'SEARCH'
10, 31139, 139.53831675806725, 139.53831675806725, 'SEARCH'
10, 31140, 139.51061374838022, 139.51061374838022, 'SEARCH'
10, 31141, 139.5191097043338, 139.5191097043338, 'SEARCH'
10, 31142, 139.51344291548685, 139.51344291548685, 'SEARCH'
10, 31143, 139.5104474457631, 139.5104474457631, 'SEARCH'
10, 31144, 139.49836890342235, 139.49836890342235, 'SEARCH'
10, 31145, 139.4829112889717, 139.4829112889717, 'SEARCH'
10, 31146, 139.47706446818177, 139.47706446818177, 'SEARCH'
10, 31147, 139.45172462908639, 139.45172462908639, 'SEARCH'
10, 31148, 139.42787497701573, 139.42787497701573, 'SEARCH'
10, 31149, 139.41109330476047, 139.41109330476047, 'SEARCH'
10, 31150, 139.40196313395307, 139.40196313395307, 'SEARCH'
10, 31151, 139.374510881056, 139.374510881056, 'SEARCH'
10, 31152, 139.3624271288756, 139.3624271288756, 'SEARCH'
10, 31153, 139.34989220756566, 139.34989220756566, 'SEARCH'
10, 31154, 139.3398752886907, 139.3398752886907, 'SEARCH'
10, 31155, 139.3130651527138, 139.3130651527138, 'SEARCH'
10, 31156, 139.32474011830456, 139.32474011830456, 'SEARCH'
10, 31157, 139.32803643796626, 139.32803643796626, 'SEARCH'
10, 31158, 139.30069961531498, 139.30069961531498, 'SEARCH'
10, 31159, 139.27293547546506, 139.27293547546506, 'SEARCH'
10, 31160, 139.2704208568874, 139.2704208568874, 'SEARCH'
10, 31161, 139.25498005134602, 139.25498005134602, 'SEARCH'
10, 31162, 139.2314726975528, 139.2314726975528, 'SEARCH'
10, 31163, 139.20745597789372, 139.20745597789372, 'SEARCH'
10, 31164, 139.18621878523035, 139.18621878523035, 'SEARCH'
10, 31165, 139.1584816878166, 139.1584816878166, 'SEARCH'
10, 31166, 139.16839679540715, 139.16839679540715, 'SEARCH'
10, 31167, 139.1432474546463, 139.1432474546463, 'SEARCH'
10, 31168, 139.13155184160897, 139.13155184160897, 'SEARCH'
10, 31169, 139.12207916813162, 139.12207916813162, 'SEARCH'
10, 31170, 139.09464167454522, 139.09464167454522, 'SEARCH'
10, 31171, 139.07034281266334, 139.07034281266334, 'SEARCH'
10, 31172, 139.05103842646287, 139.05103842646287, 'SEARCH'
10, 31173, 139.0375893325819, 139.0375893325819, 'SEARCH'
10, 31174, 139.031342582451, 139.031342582451, 'SEARCH'
10, 31175, 139.03948006983683, 139.03948006983683, 'SEARCH'
10, 31176, 139.0223767792311, 139.0223767792311, 'SEARCH'
10, 31177, 138.99662636723806, 138.99662636723806, 'SEARCH'
10, 31178, 138.99085146339624, 138.99085146339624, 'SEARCH'
10, 31179, 138.96836802725858, 138.96836802725858, 'SEARCH'
10, 31180, 138.9536764786795, 138.9536764786795, 'SEARCH'
10, 31181, 138.9317741185612, 138.9317741185612, 'SEARCH'
10, 31182, 138.93899929478187, 138.93899929478187, 'SEARCH'
10, 31183, 138.91193756188972, 138.91193756188972, 'SEARCH'
10, 31184, 138.90337264055972, 138.90337264055972, 'SEARCH'
10, 31185, 138.87931408277365, 138.87931408277365, 'SEARCH'
10, 31186, 138.8883752437437, 138.8883752437437, 'SEARCH'
10, 31187, 138.8618112958792, 138.8618112958792, 'SEARCH'
10, 31188, 138.8411613064594, 138.8411613064594, 'SEARCH'
10, 31189, 138.82605504234425, 138.82605504234425, 'SEARCH'
10, 31190, 138.82849102160048, 138.82849102160048, 'SEARCH'
10, 31191, 138.8342630481352, 138.8342630481352, 'SEARCH'
10, 31192, 138.8313374321733, 138.8313374321733, 'SEARCH'
10, 31193, 138.8057524674089, 138.8057524674089, 'SEARCH'
10, 31194, 138.77838959102613, 138.77838959102613, 'SEARCH'
10, 31195, 138.7617032355799, 138.7617032355799, 'SEARCH'
10, 31196, 138.73896080609674, 138.73896080609674, 'SEARCH'
10, 31197, 138.71648492548246, 138.71648492548246, 'SEARCH'
10, 31198, 138.70699496605872, 138.70699496605872, 'SEARCH'
10, 31199, 138.68735853247242, 138.68735853247242, 'SEARCH'
10, 31200, 138.6734704624825, 138.6734704624825, 'SEARCH'
10, 31201, 138.64754398936748, 138.64754398936748, 'SEARCH'
10, 31202, 138.626275662493, 138.626275662493, 'SEARCH'
10, 31203, 138.63623919759334, 138.63623919759334, 'SEARCH'
10, 31204, 138.6219407010055, 138.6219407010055, 'SEARCH'
10, 31205, 138.5991812916078, 138.5991812916078, 'SEARCH'
10, 31206, 138.58616180720588, 138.58616180720588, 'SEARCH'
10, 31207, 138.5871422441384, 138.5871422441384, 'SEARCH'
10, 31208, 138.5712155205729, 138.5712155205729, 'SEARCH'
10, 31209, 138.57652649196936, 138.57652649196936, 'SEARCH'
10, 31210, 138.58229403011413, 138.58229403011413, 'SEARCH'
10, 31211, 138.59267483922554, 138.59267483922554, 'SEARCH'
10, 31212, 138.59793006347076, 138.59793006347076, 'SEARCH'
10, 31213, 138.57630198837657, 138.57630198837657, 'SEARCH'
10, 31214, 138.57107201000343, 138.57107201000343, 'SEARCH'
10, 31215, 138.55478728494026, 138.55478728494026, 'SEARCH'
10, 31216, 138.535121004651, 138.535121004651, 'SEARCH'
10, 31217, 138.52835902985623, 138.52835902985623, 'SEARCH'
10, 31218, 138.5321661407326, 138.5321661407326, 'SEARCH'
10, 31219, 138.50790913297084, 138.50790913297084, 'SEARCH'
10, 31220, 138.48166570052774, 138.48166570052774, 'SEARCH'
10, 31221, 138.45589089098672, 138.45589089098672, 'SEARCH'
10, 31222, 138.42895135904268, 138.42895135904268, 'SEARCH'
10, 31223, 138.43277377479518, 138.43277377479518, 'SEARCH'
10, 31224, 138.4091836940085, 138.4091836940085, 'SEARCH'
10, 31225, 138.38160483834042, 138.38160483834042, 'SEARCH'
10, 31226, 138.37036483816493, 138.37036483816493, 'SEARCH'
10, 31227, 138.3426228259389, 138.3426228259389, 'SEARCH'
10, 31228, 138.32075812272302, 138.32075812272302, 'SEARCH'
10, 31229, 138.32977912631554, 138.32977912631554, 'SEARCH'
10, 31230, 138.30386177921616, 138.30386177921616, 'SEARCH'
10, 31231, 138.2856145753025, 138.2856145753025, 'SEARCH'
10, 31232, 138.268545052817, 138.268545052817, 'SEARCH'
10, 31233, 138.25726764147572, 138.25726764147572, 'SEARCH'
10, 31234, 138.24338197283018, 138.24338197283018, 'SEARCH'
10, 31235, 138.22551523680198, 138.22551523680198, 'SEARCH'
10, 31236, 138.19869248239235, 138.19869248239235, 'SEARCH'
10, 31237, 138.1726015048814, 138.1726015048814, 'SEARCH'
10, 31238, 138.16924917552356, 138.16924917552356, 'SEARCH'
10, 31239, 138.1615774401631, 138.1615774401631, 'SEARCH'
10, 31240, 138.14483244605026, 138.14483244605026, 'SEARCH'
10, 31241, 138.15300468797108, 138.15300468797108, 'SEARCH'
10, 31242, 138.12606025477135, 138.12606025477135, 'SEARCH'
10, 31243, 138.10449507492757, 138.10449507492757, 'SEARCH'
10, 31244, 138.08737102678282, 138.08737102678282, 'SEARCH'
10, 31245, 138.06238419489705, 138.06238419489705, 'SEARCH'
10, 31246, 138.0353049613224, 138.0353049613224, 'SEARCH'
10, 31247, 138.0122371978513, 138.0122371978513, 'SEARCH'
10, 31248, 137.9854280415394, 137.9854280415394, 'SEARCH'
10, 31249, 137.99409357500647, 137.99409357500647, 'SEARCH'
10, 31250, 137.97449892490116, 137.97449892490116, 'SEARCH'
10, 31251, 137.98313778794375, 137.98313778794375, 'SEARCH'
10, 31252, 137.97779965310045, 137.97779965310045, 'SEARCH'
10, 31253, 137.982202099401, 137.982202099401, 'SEARCH'
10, 31254, 137.96475106293903, 137.96475106293903, 'SEARCH'
10, 31255, 137.951685323023, 137.951685323023, 'SEARCH'
10, 31256, 137.9239075853442, 137.9239075853442, 'SEARCH'
10, 31257, 137.9087341550412, 137.9087341550412, 'SEARCH'
10, 31258, 137.88165224611686, 137.88165224611686, 'SEARCH'
10, 31259, 137.8540182047435, 137.8540182047435, 'SEARCH'
10, 31260, 137.82624636797564, 137.82624636797564, 'SEARCH'
10, 31261, 137.7991592394031, 137.7991592394031, 'SEARCH'
10, 31262, 137.77491549880818, 137.77491549880818, 'SEARCH'
10, 31263, 137.74811071484854, 137.74811071484854, 'SEARCH'
10, 31264, 137.7337161960109, 137.7337161960109, 'SEARCH'
10, 31265, 137.71521977161095, 137.71521977161095, 'SEARCH'
10, 31266, 137.71291024666453, 137.71291024666453, 'SEARCH'
10, 31267, 137.6871200806604, 137.6871200806604, 'SEARCH'
10, 31268, 137.6800335699682, 137.6800335699682, 'SEARCH'
10, 31269, 137.66442576413866, 137.66442576413866, 'SEARCH'
10, 31270, 137.64648728964235, 137.64648728964235, 'SEARCH'
10, 31271, 137.62213102047716, 137.62213102047716, 'SEARCH'
10, 31272, 137.62565634331133, 137.62565634331133, 'SEARCH'
10, 31273, 137.59792328890174, 137.59792328890174, 'SEARCH'
10, 31274, 137.57524219688526, 137.57524219688526, 'SEARCH'
10, 31275, 137.5576669088716, 137.5576669088716, 'SEARCH'
10, 31276, 137.54224969818165, 137.54224969818165, 'SEARCH'
10, 31277, 137.52642169380024, 137.52642169380024, 'SEARCH'
10, 31278, 137.51635898199632, 137.51635898199632, 'SEARCH'
10, 31279, 137.488747847325, 137.488747847325, 'SEARCH'
10, 31280, 137.46833765759894, 137.46833765759894, 'SEARCH'
10, 31281, 137.45213715147375, 137.45213715147375, 'SEARCH'
10, 31282, 137.43514993247774, 137.43514993247774, 'SEARCH'
10, 31283, 137.4347991767892, 137.4347991767892, 'SEARCH'
10, 31284, 137.41044838095183, 137.41044838095183, 'SEARCH'
10, 31285, 137.42186513285165, 137.42186513285165, 'SEARCH'
10, 31286, 137.42197551835432, 137.42197551835432, 'SEARCH'
10, 31287, 137.43246627465095, 137.43246627465095, 'SEARCH'
10, 31288, 137.43783739551338, 137.43783739551338, 'SEARCH'
10, 31289, 137.41539576058983, 137.41539576058983, 'SEARCH'
10, 31290, 137.42074185951702, 137.42074185951702, 'SEARCH'
10, 31291, 137.42888935758705, 137.42888935758705, 'SEARCH'
10, 31292, 137.40121795088803, 137.40121795088803, 'SEARCH'
10, 31293, 137.39880898065186, 137.39880898065186, 'SEARCH'
10, 31294, 137.37951722777782, 137.37951722777782, 'SEARCH'
10, 31295, 137.35215943665807, 137.35215943665807, 'SEARCH'
10, 31296, 137.34541913683643, 137.34541913683643, 'SEARCH'
10, 31297, 137.31798970833148, 137.31798970833148, 'SEARCH'
10, 31298, 137.3214181756803, 137.3214181756803, 'SEARCH'
10, 31299, 137.33184638585504, 137.33184638585504, 'SEARCH'
10, 31300, 137.3070941019641, 137.3070941019641, 'SEARCH'
10, 31301, 137.2976109647718, 137.2976109647718, 'SEARCH'
10, 31302, 137.2841466849557, 137.2841466849557, 'SEARCH'
10, 31303, 137.2750933013264, 137.2750933013264, 'SEARCH'
10, 31304, 137.24813433562574, 137.24813433562574, 'SEARCH'
10, 31305, 137.22046442819092, 137.22046442819092, 'SEARCH'
10, 31306, 137.2065902974731, 137.2065902974731, 'SEARCH'
10, 31307, 137.17881251978673, 137.17881251978673, 'SEARCH'
10, 31308, 137.15363377472414, 137.15363377472414, 'SEARCH'
10, 31309, 137.15123451907334, 137.15123451907334, 'SEARCH'
10, 31310, 137.1464073761519, 137.1464073761519, 'SEARCH'
10, 31311, 137.1392403658753, 137.1392403658753, 'SEARCH'
10, 31312, 137.12331311472713, 137.12331311472713, 'SEARCH'
10, 31313, 137.10142068186516, 137.10142068186516, 'SEARCH'
10, 31314, 137.07370973225326, 137.07370973225326, 'SEARCH'
10, 31315, 137.0732176956448, 137.0732176956448, 'SEARCH'
10, 31316, 137.0660031955291, 137.0660031955291, 'SEARCH'
10, 31317, 137.05292473585598, 137.05292473585598, 'SEARCH'
10, 31318, 137.02530507462055, 137.02530507462055, 'SEARCH'
10, 31319, 137.01137439199368, 137.01137439199368, 'SEARCH'
10, 31320, 137.00238906057876, 137.00238906057876, 'SEARCH'
10, 31321, 136.9747591224738, 136.9747591224738, 'SEARCH'
10, 31322, 136.97569098191732, 136.97569098191732, 'SEARCH'
10, 31323, 136.98188437875157, 136.98188437875157, 'SEARCH'
10, 31324, 136.95438767900154, 136.95438767900154, 'SEARCH'
10, 31325, 136.92664450612054, 136.92664450612054, 'SEARCH'
10, 31326, 136.9236786786817, 136.9236786786817, 'SEARCH'
10, 31327, 136.91334788435356, 136.91334788435356, 'SEARCH'
10, 31328, 136.91667265297264, 136.91667265297264, 'SEARCH'
10, 31329, 136.89708778001477, 136.89708778001477, 'SEARCH'
10, 31330, 136.90607200035828, 136.90607200035828, 'SEARCH'
10, 31331, 136.89225473634085, 136.89225473634085, 'SEARCH'
10, 31332, 136.8712491966823, 136.8712491966823, 'SEARCH'
10, 31333, 136.8797655001131, 136.8797655001131, 'SEARCH'
10, 31334, 136.87485248041727, 136.87485248041727, 'SEARCH'
10, 31335, 136.88693188168935, 136.88693188168935, 'SEARCH'
10, 31336, 136.86141266202856, 136.86141266202856, 'SEARCH'
10, 31337, 136.84101895067855, 136.84101895067855, 'SEARCH'
10, 31338, 136.8145627992172, 136.8145627992172, 'SEARCH'
10, 31339, 136.79056854626583, 136.79056854626583, 'SEARCH'
10, 31340, 136.76534758452252, 136.76534758452252, 'SEARCH'
10, 31341, 136.7606335089163, 136.7606335089163, 'SEARCH'
10, 31342, 136.74038053557118, 136.74038053557118, 'SEARCH'
10, 31343, 136.72333709171048, 136.72333709171048, 'SEARCH'
10, 31344, 136.69883667228012, 136.69883667228012, 'SEARCH'
10, 31345, 136.67951136413777, 136.67951136413777, 'SEARCH'
10, 31346, 136.65201093205803, 136.65201093205803, 'SEARCH'
10, 31347, 136.66009286658084, 136.66009286658084, 'SEARCH'
10, 31348, 136.63354684026808, 136.63354684026808, 'SEARCH'
10, 31349, 136.63398180676413, 136.63398180676413, 'SEARCH'
10, 31350, 136.63004756961087, 136.63004756961087, 'SEARCH'
10, 31351, 136.63808574302436, 136.63808574302436, 'SEARCH'
10, 31352, 136.61247451550858, 136.61247451550858, 'SEARCH'
10, 31353, 136.5958444720242, 136.5958444720242, 'SEARCH'
10, 31354, 136.57792052793553, 136.57792052793553, 'SEARCH'
10, 31355, 136.57733526744053, 136.57733526744053, 'SEARCH'
10, 31356, 136.55371527601795, 136.55371527601795, 'SEARCH'
10, 31357, 136.52765549478275, 136.52765549478275, 'SEARCH'
10, 31358, 136.50827904492098, 136.50827904492098, 'SEARCH'
10, 31359, 136.51990828980584, 136.51990828980584, 'SEARCH'
10, 31360, 136.52696104067664, 136.52696104067664, 'SEARCH'
10, 31361, 136.50458364867512, 136.50458364867512, 'SEARCH'
10, 31362, 136.47705637002363, 136.47705637002363, 'SEARCH'
10, 31363, 136.45317349504646, 136.45317349504646, 'SEARCH'
10, 31364, 136.46299149719988, 136.46299149719988, 'SEARCH'
10, 31365, 136.43816622738515, 136.43816622738515, 'SEARCH'
10, 31366, 136.44565971404072, 136.44565971404072, 'SEARCH'
10, 31367, 136.4440165333588, 136.4440165333588, 'SEARCH'
10, 31368, 136.41962112324333, 136.41962112324333, 'SEARCH'
10, 31369, 136.39647420490218, 136.39647420490218, 'SEARCH'
10, 31370, 136.37205096721524, 136.37205096721524, 'SEARCH'
10, 31371, 136.34494009833483, 136.34494009833483, 'SEARCH'
10, 31372, 136.3403956377645, 136.3403956377645, 'SEARCH'
10, 31373, 136.3238910443777, 136.3238910443777, 'SEARCH'
10, 31374, 136.3358594368223, 136.3358594368223, 'SEARCH'
10, 31375, 136.30922818484504, 136.30922818484504, 'SEARCH'
10, 31376, 136.28436982511238, 136.28436982511238, 'SEARCH'
10, 31377, 136.28170635524387, 136.28170635524387, 'SEARCH'
10, 31378, 136.262954539425, 136.262954539425, 'SEARCH'
10, 31379, 136.25789108929445, 136.25789108929445, 'SEARCH'
10, 31380, 136.23370504448076, 136.23370504448076, 'SEARCH'
10, 31381, 136.21921125753633, 136.21921125753633, 'SEARCH'
10, 31382, 136.20080229309926, 136.20080229309926, 'SEARCH'
10, 31383, 136.1816916932536, 136.1816916932536, 'SEARCH'
10, 31384, 136.16187637737013, 136.16187637737013, 'SEARCH'
10, 31385, 136.13427965411458, 136.13427965411458, 'SEARCH'
10, 31386, 136.10940884364308, 136.10940884364308, 'SEARCH'
10, 31387, 136.1052634717116, 136.1052634717116, 'SEARCH'
10, 31388, 136.0929229166272, 136.0929229166272, 'SEARCH'
10, 31389, 136.10448352186347, 136.10448352186347, 'SEARCH'
10, 31390, 136.0770145998871, 136.0770145998871, 'SEARCH'
10, 31391, 136.05651548288046, 136.05651548288046, 'SEARCH'
10, 31392, 136.03086983493662, 136.03086983493662, 'SEARCH'
10, 31393, 136.02873459054166, 136.02873459054166, 'SEARCH'
10, 31394, 136.0125833003385, 136.0125833003385, 'SEARCH'
10, 31395, 136.01958166501672, 136.01958166501672, 'SEARCH'
10, 31396, 136.00634870672312, 136.00634870672312, 'SEARCH'
10, 31397, 135.97903421193934, 135.97903421193934, 'SEARCH'
10, 31398, 135.99012873761566, 135.99012873761566, 'SEARCH'
10, 31399, 135.96964916750423, 135.96964916750423, 'SEARCH'
10, 31400, 135.94187260272358, 135.94187260272358, 'SEARCH'
10, 31401, 135.92276845737968, 135.92276845737968, 'SEARCH'
10, 31402, 135.9235088322719, 135.9235088322719, 'SEARCH'
10, 31403, 135.89886666446915, 135.89886666446915, 'SEARCH'
10, 31404, 135.88822732100047, 135.88822732100047, 'SEARCH'
10, 31405, 135.8616007566975, 135.8616007566975, 'SEARCH'
10, 31406, 135.87266405330104, 135.87266405330104, 'SEARCH'
10, 31407, 135.8478202483581, 135.8478202483581, 'SEARCH'
10, 31408, 135.8475574526164, 135.8475574526164, 'SEARCH'
10, 31409, 135.83476652966925, 135.83476652966925, 'SEARCH'
10, 31410, 135.80892882271812, 135.80892882271812, 'SEARCH'
10, 31411, 135.79609647370526, 135.79609647370526, 'SEARCH'
10, 31412, 135.79341288721452, 135.79341288721452, 'SEARCH'
10, 31413, 135.7883112313498, 135.7883112313498, 'SEARCH'
10, 31414, 135.76754565174133, 135.76754565174133, 'SEARCH'
10, 31415, 135.74845427869025, 135.74845427869025, 'SEARCH'
10, 31416, 135.72501478890607, 135.72501478890607, 'SEARCH'
10, 31417, 135.72764970944425, 135.72764970944425, 'SEARCH'
10, 31418, 135.70026080788531, 135.70026080788531, 'SEARCH'
10, 31419, 135.6961929562496, 135.6961929562496, 'SEARCH'
10, 31420, 135.67224967349574, 135.67224967349574, 'SEARCH'
10, 31421, 135.6598755722513, 135.6598755722513, 'SEARCH'
10, 31422, 135.64414018991206, 135.64414018991206, 'SEARCH'
10, 31423, 135.62608857128816, 135.62608857128816, 'SEARCH'
10, 31424, 135.5983642002409, 135.5983642002409, 'SEARCH'
10, 31425, 135.57994421492705, 135.57994421492705, 'SEARCH'
10, 31426, 135.55627502777295, 135.55627502777295, 'SEARCH'
10, 31427, 135.53079573199437, 135.53079573199437, 'SEARCH'
10, 31428, 135.5049450395892, 135.5049450395892, 'SEARCH'
10, 31429, 135.49800666725727, 135.49800666725727, 'SEARCH'
10, 31430, 135.50496508277442, 135.50496508277442, 'SEARCH'
10, 31431, 135.49525318848183, 135.49525318848183, 'SEARCH'
10, 31432, 135.4787331699436, 135.4787331699436, 'SEARCH'
10, 31433, 135.48520933817528, 135.48520933817528, 'SEARCH'
10, 31434, 135.48011837602294, 135.48011837602294, 'SEARCH'
10, 31435, 135.45447334049464, 135.45447334049464, 'SEARCH'
10, 31436, 135.44937748650435, 135.44937748650435, 'SEARCH'
10, 31437, 135.42517504452238, 135.42517504452238, 'SEARCH'
10, 31438, 135.40029037726563, 135.40029037726563, 'SEARCH'
10, 31439, 135.37259356702856, 135.37259356702856, 'SEARCH'
10, 31440, 135.35058984594758, 135.35058984594758, 'SEARCH'
10, 31441, 135.3233620641122, 135.3233620641122, 'SEARCH'
10, 31442, 135.30529423065784, 135.30529423065784, 'SEARCH'
10, 31443, 135.28090528800675, 135.28090528800675, 'SEARCH'
10, 31444, 135.25336094633676, 135.25336094633676, 'SEARCH'
10, 31445, 135.23048484612673, 135.23048484612673, 'SEARCH'
10, 31446, 135.22448462738453, 135.22448462738453, 'SEARCH'
10, 31447, 135.2290776926152, 135.2290776926152, 'SEARCH'
10, 31448, 135.21104671859925, 135.21104671859925, 'SEARCH'
10, 31449, 135.20270052739417, 135.20270052739417, 'SEARCH'
10, 31450, 135.1751617060806, 135.1751617060806, 'SEARCH'
10, 31451, 135.16498224169405, 135.16498224169405, 'SEARCH'
10, 31452, 135.1724244748004, 135.1724244748004, 'SEARCH'
10, 31453, 135.1559026229643, 135.1559026229643, 'SEARCH'
10, 31454, 135.14987231273955, 135.14987231273955, 'SEARCH'
10, 31455, 135.13113497561983, 135.13113497561983, 'SEARCH'
10, 31456, 135.12053160121442, 135.12053160121442, 'SEARCH'
10, 31457, 135.11836500991154, 135.11836500991154, 'SEARCH'
10, 31458, 135.10144976407196, 135.10144976407196, 'SEARCH'
10, 31459, 135.0921598294882, 135.0921598294882, 'SEARCH'
10, 31460, 135.07936484048074, 135.07936484048074, 'SEARCH'
10, 31461, 135.05922566153538, 135.05922566153538, 'SEARCH'
10, 31462, 135.03320827707367, 135.03320827707367, 'SEARCH'
10, 31463, 135.00544008560618, 135.00544008560618, 'SEARCH'
10, 31464, 135.0032690108589, 135.0032690108589, 'SEARCH'
10, 31465, 134.97650447340808, 134.97650447340808, 'SEARCH'
10, 31466, 134.952570499629, 134.952570499629, 'SEARCH'
10, 31467, 134.94105524893013, 134.94105524893013, 'SEARCH'
10, 31468, 134.94988491086409, 134.94988491086409, 'SEARCH'
10, 31469, 134.9248150590421, 134.9248150590421, 'SEARCH'
10, 31470, 134.89791961375755, 134.89791961375755, 'SEARCH'
10, 31471, 134.8701923739648, 134.8701923739648, 'SEARCH'
10, 31472, 134.86186666344332, 134.86186666344332, 'SEARCH'
10, 31473, 134.83870938288055, 134.83870938288055, 'SEARCH'
10, 31474, 134.8136352304674, 134.8136352304674, 'SEARCH'
10, 31475, 134.79158556123915, 134.79158556123915, 'SEARCH'
10, 31476, 134.77174701657856, 134.77174701657856, 'SEARCH'
10, 31477, 134.74997318365143, 134.74997318365143, 'SEARCH'
10, 31478, 134.728279825339, 134.728279825339, 'SEARCH'
10, 31479, 134.72471933885447, 134.72471933885447, 'SEARCH'
10, 31480, 134.70010169997906, 134.70010169997906, 'SEARCH'
10, 31481, 134.6734556612782, 134.6734556612782, 'SEARCH'
10, 31482, 134.6785716093075, 134.6785716093075, 'SEARCH'
10, 31483, 134.65087683567322, 134.65087683567322, 'SEARCH'
10, 31484, 134.63591671505264, 134.63591671505264, 'SEARCH'
10, 31485, 134.62567829482813, 134.62567829482813, 'SEARCH'
10, 31486, 134.60461014243762, 134.60461014243762, 'SEARCH'
10, 31487, 134.59867123533056, 134.59867123533056, 'SEARCH'
10, 31488, 134.57091748235683, 134.57091748235683, 'SEARCH'
10, 31489, 134.54487649097183, 134.54487649097183, 'SEARCH'
10, 31490, 134.53522069972976, 134.53522069972976, 'SEARCH'
10, 31491, 134.5099190708236, 134.5099190708236, 'SEARCH'
10, 31492, 134.49085222622006, 134.49085222622006, 'SEARCH'
10, 31493, 134.4671343101509, 134.4671343101509, 'SEARCH'
10, 31494, 134.45106909019958, 134.45106909019958, 'SEARCH'
10, 31495, 134.4374493832578, 134.4374493832578, 'SEARCH'
10, 31496, 134.40976143271874, 134.40976143271874, 'SEARCH'
10, 31497, 134.38412023676935, 134.38412023676935, 'SEARCH'
10, 31498, 134.370816810956, 134.370816810956, 'SEARCH'
10, 31499, 134.3602577136588, 134.3602577136588, 'SEARCH'
10, 31500, 134.33855625491898, 134.33855625491898, 'SEARCH'
10, 31501, 134.3284247476725, 134.3284247476725, 'SEARCH'
10, 31502, 134.3089807968603, 134.3089807968603, 'SEARCH'
10, 31503, 134.28949254914284, 134.28949254914284, 'SEARCH'
10, 31504, 134.27339867068574, 134.27339867068574, 'SEARCH'
10, 31505, 134.25261570155257, 134.25261570155257, 'SEARCH'
10, 31506, 134.22642338956007, 134.22642338956007, 'SEARCH'
10, 31507, 134.20250774481133, 134.20250774481133, 'SEARCH'
10, 31508, 134.17477986885686, 134.17477986885686, 'SEARCH'
10, 31509, 134.1471762313599, 134.1471762313599, 'SEARCH'
10, 31510, 134.12608507639072, 134.12608507639072, 'SEARCH'
10, 31511, 134.09876524749686, 134.09876524749686, 'SEARCH'
10, 31512, 134.0872007413589, 134.0872007413589, 'SEARCH'
10, 31513, 134.07924322516646, 134.07924322516646, 'SEARCH'
10, 31514, 134.05970749601252, 134.05970749601252, 'SEARCH'
10, 31515, 134.03760193082886, 134.03760193082886, 'SEARCH'
10, 31516, 134.00983058075565, 134.00983058075565, 'SEARCH'
10, 31517, 133.98441149434228, 133.98441149434228, 'SEARCH'
10, 31518, 133.97921729832953, 133.97921729832953, 'SEARCH'
10, 31519, 133.96020969943348, 133.96020969943348, 'SEARCH'
10, 31520, 133.951257937239, 133.951257937239, 'SEARCH'
10, 31521, 133.92444627773452, 133.92444627773452, 'SEARCH'
10, 31522, 133.90259630884918, 133.90259630884918, 'SEARCH'
10, 31523, 133.8977277944136, 133.8977277944136, 'SEARCH'
10, 31524, 133.88420423659852, 133.88420423659852, 'SEARCH'
10, 31525, 133.8628741669465, 133.8628741669465, 'SEARCH'
10, 31526, 133.85748786140363, 133.85748786140363, 'SEARCH'
10, 31527, 133.84718110536528, 133.84718110536528, 'SEARCH'
10, 31528, 133.82534436633458, 133.82534436633458, 'SEARCH'
10, 31529, 133.8210651761175, 133.8210651761175, 'SEARCH'
10, 31530, 133.82774099152982, 133.82774099152982, 'SEARCH'
10, 31531, 133.81955527744938, 133.81955527744938, 'SEARCH'
10, 31532, 133.8118169823522, 133.8118169823522, 'SEARCH'
10, 31533, 133.80425949632186, 133.80425949632186, 'SEARCH'
10, 31534, 133.80804486009134, 133.80804486009134, 'SEARCH'
10, 31535, 133.78291323253305, 133.78291323253305, 'SEARCH'
10, 31536, 133.76690862777969, 133.76690862777969, 'SEARCH'
10, 31537, 133.75507777482713, 133.75507777482713, 'SEARCH'
10, 31538, 133.72730024310815, 133.72730024310815, 'SEARCH'
10, 31539, 133.73531624399087, 133.73531624399087, 'SEARCH'
10, 31540, 133.7183187221388, 133.7183187221388, 'SEARCH'
10, 31541, 133.69063715299433, 133.69063715299433, 'SEARCH'
10, 31542, 133.68907694793504, 133.68907694793504, 'SEARCH'
10, 31543, 133.66234052058164, 133.66234052058164, 'SEARCH'
10, 31544, 133.63470200708335, 133.63470200708335, 'SEARCH'
10, 31545, 133.6408320588399, 133.6408320588399, 'SEARCH'
10, 31546, 133.63211197360496, 133.63211197360496, 'SEARCH'
10, 31547, 133.6068016623358, 133.6068016623358, 'SEARCH'
10, 31548, 133.57919174766982, 133.57919174766982, 'SEARCH'
10, 31549, 133.57047722032763, 133.57047722032763, 'SEARCH'
10, 31550, 133.56297000790352, 133.56297000790352, 'SEARCH'
10, 31551, 133.53523759961917, 133.53523759961917, 'SEARCH'
10, 31552, 133.50746652710873, 133.50746652710873, 'SEARCH'
10, 31553, 133.49992381507556, 133.49992381507556, 'SEARCH'
10, 31554, 133.4726749673083, 133.4726749673083, 'SEARCH'
10, 31555, 133.47016847059157, 133.47016847059157, 'SEARCH'
10, 31556, 133.4520247777522, 133.4520247777522, 'SEARCH'
10, 31557, 133.4274582753386, 133.4274582753386, 'SEARCH'
10, 31558, 133.4001738891973, 133.4001738891973, 'SEARCH'
10, 31559, 133.38013191044726, 133.38013191044726, 'SEARCH'
10, 31560, 133.38722795740532, 133.38722795740532, 'SEARCH'
10, 31561, 133.3673288644291, 133.3673288644291, 'SEARCH'
10, 31562, 133.34035238845203, 133.34035238845203, 'SEARCH'
10, 31563, 133.31257478221403, 133.31257478221403, 'SEARCH'
10, 31564, 133.28906613692763, 133.28906613692763, 'SEARCH'
10, 31565, 133.30073851037932, 133.30073851037932, 'SEARCH'
10, 31566, 133.27296680045305, 133.27296680045305, 'SEARCH'
10, 31567, 133.26823053273318, 133.26823053273318, 'SEARCH'
10, 31568, 133.2790226965056, 133.2790226965056, 'SEARCH'
10, 31569, 133.28183799247776, 133.28183799247776, 'SEARCH'
10, 31570, 133.26333317549097, 133.26333317549097, 'SEARCH'
10, 31571, 133.2499451713246, 133.2499451713246, 'SEARCH'
10, 31572, 133.22232680532767, 133.22232680532767, 'SEARCH'
10, 31573, 133.2340122575122, 133.2340122575122, 'SEARCH'
10, 31574, 133.20627692901166, 133.20627692901166, 'SEARCH'
10, 31575, 133.21245392985477, 133.21245392985477, 'SEARCH'
10, 31576, 133.2218646576638, 133.2218646576638, 'SEARCH'
10, 31577, 133.19904316116316, 133.19904316116316, 'SEARCH'
10, 31578, 133.17126772521507, 133.17126772521507, 'SEARCH'
10, 31579, 133.143522107984, 133.143522107984, 'SEARCH'
10, 31580, 133.118394386862, 133.118394386862, 'SEARCH'
10, 31581, 133.10853012565903, 133.10853012565903, 'SEARCH'
10, 31582, 133.09175350963974, 133.09175350963974, 'SEARCH'
10, 31583, 133.0642340424955, 133.0642340424955, 'SEARCH'
10, 31584, 133.04046694903766, 133.04046694903766, 'SEARCH'
10, 31585, 133.02408565273672, 133.02408565273672, 'SEARCH'
10, 31586, 133.00110154461214, 133.00110154461214, 'SEARCH'
10, 31587, 132.9736028315722, 132.9736028315722, 'SEARCH'
10, 31588, 132.96543121052807, 132.96543121052807, 'SEARCH'
10, 31589, 132.95724214871862, 132.95724214871862, 'SEARCH'
10, 31590, 132.95860703834646, 132.95860703834646, 'SEARCH'
10, 31591, 132.93436582763823, 132.93436582763823, 'SEARCH'
10, 31592, 132.90717562739027, 132.90717562739027, 'SEARCH'
10, 31593, 132.89776146684926, 132.89776146684926, 'SEARCH'
10, 31594, 132.87469381038693, 132.87469381038693, 'SEARCH'
10, 31595, 132.85803727382515, 132.85803727382515, 'SEARCH'
10, 31596, 132.8445226069004, 132.8445226069004, 'SEARCH'
10, 31597, 132.85531191257417, 132.85531191257417, 'SEARCH'
10, 31598, 132.8415028869289, 132.8415028869289, 'SEARCH'
10, 31599, 132.83116232128572, 132.83116232128572, 'SEARCH'
10, 31600, 132.82080105247564, 132.82080105247564, 'SEARCH'
10, 31601, 132.81600273902066, 132.81600273902066, 'SEARCH'
10, 31602, 132.82817657942672, 132.82817657942672, 'SEARCH'
10, 31603, 132.82621333092524, 132.82621333092524, 'SEARCH'
10, 31604, 132.81576461263634, 132.81576461263634, 'SEARCH'
10, 31605, 132.80575067808945, 132.80575067808945, 'SEARCH'
10, 31606, 132.77894046114707, 132.77894046114707, 'SEARCH'
10, 31607, 132.78559382275822, 132.78559382275822, 'SEARCH'
10, 31608, 132.7598729670941, 132.7598729670941, 'SEARCH'
10, 31609, 132.75737562318304, 132.75737562318304, 'SEARCH'
10, 31610, 132.7296411761617, 132.7296411761617, 'SEARCH'
10, 31611, 132.70893864882544, 132.70893864882544, 'SEARCH'
10, 31612, 132.7011875261, 132.7011875261, 'SEARCH'
10, 31613, 132.67381167789333, 132.67381167789333, 'SEARCH'
10, 31614, 132.65757658472415, 132.65757658472415, 'SEARCH'
10, 31615, 132.63265076884844, 132.63265076884844, 'SEARCH'
10, 31616, 132.6061093210382, 132.6061093210382, 'SEARCH'
10, 31617, 132.58456222962909, 132.58456222962909, 'SEARCH'
10, 31618, 132.56558491322025, 132.56558491322025, 'SEARCH'
10, 31619, 132.54343432513338, 132.54343432513338, 'SEARCH'
10, 31620, 132.53042656676712, 132.53042656676712, 'SEARCH'
10, 31621, 132.5028539828724, 132.5028539828724, 'SEARCH'
10, 31622, 132.48127349851433, 132.48127349851433, 'SEARCH'
10, 31623, 132.48128147755156, 132.48128147755156, 'SEARCH'
10, 31624, 132.46306781489383, 132.46306781489383, 'SEARCH'
10, 31625, 132.44876745548012, 132.44876745548012, 'SEARCH'
10, 31626, 132.42320082445147, 132.42320082445147, 'SEARCH'
10, 31627, 132.4303972976432, 132.4303972976432, 'SEARCH'
10, 31628, 132.4398834814794, 132.4398834814794, 'SEARCH'
10, 31629, 132.41212397423035, 132.41212397423035, 'SEARCH'
10, 31630, 132.40305189517255, 132.40305189517255, 'SEARCH'
10, 31631, 132.380607604387, 132.380607604387, 'SEARCH'
10, 31632, 132.35325704561117, 132.35325704561117, 'SEARCH'
10, 31633, 132.32608227835763, 132.32608227835763, 'SEARCH'
10, 31634, 132.3193786246828, 132.3193786246828, 'SEARCH'
10, 31635, 132.29531948932427, 132.29531948932427, 'SEARCH'
10, 31636, 132.2904736430876, 132.2904736430876, 'SEARCH'
10, 31637, 132.295818181182, 132.295818181182, 'SEARCH'
10, 31638, 132.27650588104478, 132.27650588104478, 'SEARCH'
10, 31639, 132.25152055889095, 132.25152055889095, 'SEARCH'
10, 31640, 132.230917036165, 132.230917036165, 'SEARCH'
10, 31641, 132.20355270592924, 132.20355270592924, 'SEARCH'
10, 31642, 132.1949116364601, 132.1949116364601, 'SEARCH'
10, 31643, 132.1671538008746, 132.1671538008746, 'SEARCH'
10, 31644, 132.1404276147091, 132.1404276147091, 'SEARCH'
10, 31645, 132.11572392448267, 132.11572392448267, 'SEARCH'
10, 31646, 132.10843943984497, 132.10843943984497, 'SEARCH'
10, 31647, 132.0836344444409, 132.0836344444409, 'SEARCH'
10, 31648, 132.07725199705692, 132.07725199705692, 'SEARCH'
10, 31649, 132.08175550684038, 132.08175550684038, 'SEARCH'
10, 31650, 132.0770675115856, 132.0770675115856, 'SEARCH'
10, 31651, 132.05002833317656, 132.05002833317656, 'SEARCH'
10, 31652, 132.05496945267186, 132.05496945267186, 'SEARCH'
10, 31653, 132.03136142198227, 132.03136142198227, 'SEARCH'
10, 31654, 132.00812746665608, 132.00812746665608, 'SEARCH'
10, 31655, 131.99737366515728, 131.99737366515728, 'SEARCH'
10, 31656, 131.98232127335027, 131.98232127335027, 'SEARCH'
10, 31657, 131.95482460027276, 131.95482460027276, 'SEARCH'
10, 31658, 131.9347870056864, 131.9347870056864, 'SEARCH'
10, 31659, 131.91375678874098, 131.91375678874098, 'SEARCH'
10, 31660, 131.91533097425824, 131.91533097425824, 'SEARCH'
10, 31661, 131.88758628895724, 131.88758628895724, 'SEARCH'
10, 31662, 131.8775321393122, 131.8775321393122, 'SEARCH'
10, 31663, 131.86790990415702, 131.86790990415702, 'SEARCH'
10, 31664, 131.84103954883597, 131.84103954883597, 'SEARCH'
10, 31665, 131.81416602031996, 131.81416602031996, 'SEARCH'
10, 31666, 131.79465017043853, 131.79465017043853, 'SEARCH'
10, 31667, 131.77593931219232, 131.77593931219232, 'SEARCH'
10, 31668, 131.75029677536497, 131.75029677536497, 'SEARCH'
10, 31669, 131.72770515739586, 131.72770515739586, 'SEARCH'
10, 31670, 131.69992826683855, 131.69992826683855, 'SEARCH'
10, 31671, 131.7016108256571, 131.7016108256571, 'SEARCH'
10, 31672, 131.6870666657958, 131.6870666657958, 'SEARCH'
10, 31673, 131.66366625263322, 131.66366625263322, 'SEARCH'
10, 31674, 131.66964677980363, 131.66964677980363, 'SEARCH'
10, 31675, 131.67080303657454, 131.67080303657454, 'SEARCH'
10, 31676, 131.65070729391647, 131.65070729391647, 'SEARCH'
10, 31677, 131.6442783788559, 131.6442783788559, 'SEARCH'
10, 31678, 131.61727610788097, 131.61727610788097, 'SEARCH'
10, 31679, 131.59200850961824, 131.59200850961824, 'SEARCH'
10, 31680, 131.5671464843915, 131.5671464843915, 'SEARCH'
10, 31681, 131.53960757299967, 131.53960757299967, 'SEARCH'
10, 31682, 131.51200844621528, 131.51200844621528, 'SEARCH'
10, 31683, 131.48423177587642, 131.48423177587642, 'SEARCH'
10, 31684, 131.46510152115482, 131.46510152115482, 'SEARCH'
10, 31685, 131.4563196422436, 131.4563196422436, 'SEARCH'
10, 31686, 131.45609254740728, 131.45609254740728, 'SEARCH'
10, 31687, 131.44819682093558, 131.44819682093558, 'SEARCH'
10, 31688, 131.45606144044996, 131.45606144044996, 'SEARCH'
10, 31689, 131.46574349784342, 131.46574349784342, 'SEARCH'
10, 31690, 131.44813048738672, 131.44813048738672, 'SEARCH'
10, 31691, 131.4319587314712, 131.4319587314712, 'SEARCH'
10, 31692, 131.40856576659604, 131.40856576659604, 'SEARCH'
10, 31693, 131.3819188234982, 131.3819188234982, 'SEARCH'
10, 31694, 131.35419012800617, 131.35419012800617, 'SEARCH'
10, 31695, 131.3404775384364, 131.3404775384364, 'SEARCH'
10, 31696, 131.32550628135104, 131.32550628135104, 'SEARCH'
10, 31697, 131.31105182718431, 131.31105182718431, 'SEARCH'
10, 31698, 131.31414983447144, 131.31414983447144, 'SEARCH'
10, 31699, 131.29768305916429, 131.29768305916429, 'SEARCH'
10, 31700, 131.28354390693045, 131.28354390693045, 'SEARCH'
10, 31701, 131.2562198946335, 131.2562198946335, 'SEARCH'
10, 31702, 131.25494875721577, 131.25494875721577, 'SEARCH'
10, 31703, 131.25897402573756, 131.25897402573756, 'SEARCH'
10, 31704, 131.25098456309135, 131.25098456309135, 'SEARCH'
10, 31705, 131.2319535322591, 131.2319535322591, 'SEARCH'
10, 31706, 131.20956338394242, 131.20956338394242, 'SEARCH'
10, 31707, 131.1824680075779, 131.1824680075779, 'SEARCH'
10, 31708, 131.1859969375513, 131.1859969375513, 'SEARCH'
10, 31709, 131.17939506386014, 131.17939506386014, 'SEARCH'
10, 31710, 131.15316397645367, 131.15316397645367, 'SEARCH'
10, 31711, 131.14133277329637, 131.14133277329637, 'SEARCH'
10, 31712, 131.12650715772943, 131.12650715772943, 'SEARCH'
10, 31713, 131.10062761999788, 131.10062761999788, 'SEARCH'
10, 31714, 131.11071876877475, 131.11071876877475, 'SEARCH'
10, 31715, 131.1031803128205, 131.1031803128205, 'SEARCH'
10, 31716, 131.0910962518392, 131.0910962518392, 'SEARCH'
10, 31717, 131.0857112906246, 131.0857112906246, 'SEARCH'
10, 31718, 131.0581887883019, 131.0581887883019, 'SEARCH'
10, 31719, 131.04995260765304, 131.04995260765304, 'SEARCH'
10, 31720, 131.05396073426382, 131.05396073426382, 'SEARCH'
10, 31721, 131.028633688428, 131.028633688428, 'SEARCH'
10, 31722, 131.0014876897377, 131.0014876897377, 'SEARCH'
10, 31723, 131.0137727845143, 131.0137727845143, 'SEARCH'
10, 31724, 130.98920106602213, 130.98920106602213, 'SEARCH'
10, 31725, 130.97278158575133, 130.97278158575133, 'SEARCH'
10, 31726, 130.9546609798183, 130.9546609798183, 'SEARCH'
10, 31727, 130.93727665700249, 130.93727665700249, 'SEARCH'
10, 31728, 130.93352111420987, 130.93352111420987, 'SEARCH'
10, 31729, 130.91187711905107, 130.91187711905107, 'SEARCH'
10, 31730, 130.89320854687597, 130.89320854687597, 'SEARCH'
10, 31731, 130.86641165696017, 130.86641165696017, 'SEARCH'
10, 31732, 130.8549921147414, 130.8549921147414, 'SEARCH'
10, 31733, 130.82730683645445, 130.82730683645445, 'SEARCH'
10, 31734, 130.81934411503266, 130.81934411503266, 'SEARCH'
10, 31735, 130.81949045962563, 130.81949045962563, 'SEARCH'
10, 31736, 130.79490629210417, 130.79490629210417, 'SEARCH'
10, 31737, 130.80633305571388, 130.80633305571388, 'SEARCH'
10, 31738, 130.80091781822787, 130.80091781822787, 'SEARCH'
10, 31739, 130.79691252261273, 130.79691252261273, 'SEARCH'
10, 31740, 130.77522216721388, 130.77522216721388, 'SEARCH'
10, 31741, 130.7475779151151, 130.7475779151151, 'SEARCH'
10, 31742, 130.74057592259743, 130.74057592259743, 'SEARCH'
10, 31743, 130.7128276567563, 130.7128276567563, 'SEARCH'
10, 31744, 130.7224994307607, 130.7224994307607, 'SEARCH'
10, 31745, 130.7160963627231, 130.7160963627231, 'SEARCH'
10, 31746, 130.69658386661794, 130.69658386661794, 'SEARCH'
10, 31747, 130.67338131797095, 130.67338131797095, 'SEARCH'
10, 31748, 130.64569532356418, 130.64569532356418, 'SEARCH'
10, 31749, 130.65444507909734, 130.65444507909734, 'SEARCH'
10, 31750, 130.64554421077275, 130.64554421077275, 'SEARCH'
10, 31751, 130.63305083152616, 130.63305083152616, 'SEARCH'
10, 31752, 130.6138374832937, 130.6138374832937, 'SEARCH'
10, 31753, 130.60131896264494, 130.60131896264494, 'SEARCH'
10, 31754, 130.58094463147057, 130.58094463147057, 'SEARCH'
10, 31755, 130.57814803962196, 130.57814803962196, 'SEARCH'
10, 31756, 130.55072578016015, 130.55072578016015, 'SEARCH'
10, 31757, 130.52300957521805, 130.52300957521805, 'SEARCH'
10, 31758, 130.49976690463538, 130.49976690463538, 'SEARCH'
10, 31759, 130.50179652039608, 130.50179652039608, 'SEARCH'
10, 31760, 130.50428608967252, 130.50428608967252, 'SEARCH'
10, 31761, 130.51518152511463, 130.51518152511463, 'SEARCH'
10, 31762, 130.49269621943526, 130.49269621943526, 'SEARCH'
10, 31763, 130.4724087735229, 130.4724087735229, 'SEARCH'
10, 31764, 130.45084075296285, 130.45084075296285, 'SEARCH'
10, 31765, 130.42317061465062, 130.42317061465062, 'SEARCH'
10, 31766, 130.4289728786901, 130.4289728786901, 'SEARCH'
10, 31767, 130.42414581166926, 130.42414581166926, 'SEARCH'
10, 31768, 130.41834365078006, 130.41834365078006, 'SEARCH'
10, 31769, 130.40699845844577, 130.40699845844577, 'SEARCH'
10, 31770, 130.39193288551496, 130.39193288551496, 'SEARCH'
10, 31771, 130.3642661234448, 130.3642661234448, 'SEARCH'
10, 31772, 130.33708178428984, 130.33708178428984, 'SEARCH'
10, 31773, 130.33909699575813, 130.33909699575813, 'SEARCH'
10, 31774, 130.32954545335085, 130.32954545335085, 'SEARCH'
10, 31775, 130.32560187999584, 130.32560187999584, 'SEARCH'
10, 31776, 130.2984525531586, 130.2984525531586, 'SEARCH'
10, 31777, 130.28661829255822, 130.28661829255822, 'SEARCH'
10, 31778, 130.2745571902075, 130.2745571902075, 'SEARCH'
10, 31779, 130.26700770709905, 130.26700770709905, 'SEARCH'
10, 31780, 130.24061782143443, 130.24061782143443, 'SEARCH'
10, 31781, 130.21389109060794, 130.21389109060794, 'SEARCH'
10, 31782, 130.19317816833686, 130.19317816833686, 'SEARCH'
10, 31783, 130.17734875646752, 130.17734875646752, 'SEARCH'
10, 31784, 130.15025811247295, 130.15025811247295, 'SEARCH'
10, 31785, 130.1436582180032, 130.1436582180032, 'SEARCH'
10, 31786, 130.11895503545088, 130.11895503545088, 'SEARCH'
10, 31787, 130.12195738172232, 130.12195738172232, 'SEARCH'
10, 31788, 130.10441762502137, 130.10441762502137, 'SEARCH'
10, 31789, 130.09546703120907, 130.09546703120907, 'SEARCH'
10, 31790, 130.07576953000174, 130.07576953000174, 'SEARCH'
10, 31791, 130.0694229850412, 130.0694229850412, 'SEARCH'
10, 31792, 130.04217965103268, 130.04217965103268, 'SEARCH'
10, 31793, 130.02614247750037, 130.02614247750037, 'SEARCH'
10, 31794, 130.00216212242347, 130.00216212242347, 'SEARCH'
10, 31795, 129.97452163228246, 129.97452163228246, 'SEARCH'
10, 31796, 129.94920920549646, 129.94920920549646, 'SEARCH'
10, 31797, 129.93198687259627, 129.93198687259627, 'SEARCH'
10, 31798, 129.92369691123952, 129.92369691123952, 'SEARCH'
10, 31799, 129.89801772011296, 129.89801772011296, 'SEARCH'
10, 31800, 129.88653783814948, 129.88653783814948, 'SEARCH'
10, 31801, 129.86237060365775, 129.86237060365775, 'SEARCH'
10, 31802, 129.8486915703062, 129.8486915703062, 'SEARCH'
10, 31803, 129.83419230211243, 129.83419230211243, 'SEARCH'
10, 31804, 129.82913688894683, 129.82913688894683, 'SEARCH'
10, 31805, 129.80346796187592, 129.80346796187592, 'SEARCH'
10, 31806, 129.77569927906703, 129.77569927906703, 'SEARCH'
10, 31807, 129.7835797844756, 129.7835797844756, 'SEARCH'
10, 31808, 129.7715906886512, 129.7715906886512, 'SEARCH'
10, 31809, 129.772750943314, 129.772750943314, 'SEARCH'
10, 31810, 129.76478966093555, 129.76478966093555, 'SEARCH'
10, 31811, 129.7586844935874, 129.7586844935874, 'SEARCH'
10, 31812, 129.73600280438163, 129.73600280438163, 'SEARCH'
10, 31813, 129.71823879775624, 129.71823879775624, 'SEARCH'
10, 31814, 129.71592319692374, 129.71592319692374, 'SEARCH'
10, 31815, 129.6985067085092, 129.6985067085092, 'SEARCH'
10, 31816, 129.67517245898335, 129.67517245898335, 'SEARCH'
10, 31817, 129.64963771456297, 129.64963771456297, 'SEARCH'
10, 31818, 129.65454659848396, 129.65454659848396, 'SEARCH'
10, 31819, 129.63977392753162, 129.63977392753162, 'SEARCH'
10, 31820, 129.62222591928114, 129.62222591928114, 'SEARCH'
10, 31821, 129.6179884785428, 129.6179884785428, 'SEARCH'
10, 31822, 129.590493306356, 129.590493306356, 'SEARCH'
10, 31823, 129.5627769600682, 129.5627769600682, 'SEARCH'
10, 31824, 129.54447713676754, 129.54447713676754, 'SEARCH'
10, 31825, 129.51935442206758, 129.51935442206758, 'SEARCH'
10, 31826, 129.4917986546914, 129.4917986546914, 'SEARCH'
10, 31827, 129.47780134676916, 129.47780134676916, 'SEARCH'
10, 31828, 129.46532403258783, 129.46532403258783, 'SEARCH'
10, 31829, 129.44832659808557, 129.44832659808557, 'SEARCH'
10, 31830, 129.43454016777042, 129.43454016777042, 'SEARCH'
10, 31831, 129.436095297172, 129.436095297172, 'SEARCH'
10, 31832, 129.42606837112717, 129.42606837112717, 'SEARCH'
10, 31833, 129.41442178562684, 129.41442178562684, 'SEARCH'
10, 31834, 129.4149906491254, 129.4149906491254, 'SEARCH'
10, 31835, 129.4014710522166, 129.4014710522166, 'SEARCH'
10, 31836, 129.40107097743135, 129.40107097743135, 'SEARCH'
10, 31837, 129.38712917153214, 129.38712917153214, 'SEARCH'
10, 31838, 129.37192863854105, 129.37192863854105, 'SEARCH'
10, 31839, 129.3472284279525, 129.3472284279525, 'SEARCH'
10, 31840, 129.33874524781507, 129.33874524781507, 'SEARCH'
10, 31841, 129.31314237321823, 129.31314237321823, 'SEARCH'
10, 31842, 129.2882207220397, 129.2882207220397, 'SEARCH'
10, 31843, 129.28046954611543, 129.28046954611543, 'SEARCH'
10, 31844, 129.26523729544695, 129.26523729544695, 'SEARCH'
10, 31845, 129.2453584713966, 129.2453584713966, 'SEARCH'
10, 31846, 129.24019242652048, 129.24019242652048, 'SEARCH'
10, 31847, 129.21619373605242, 129.21619373605242, 'SEARCH'
10, 31848, 129.19161619016617, 129.19161619016617, 'SEARCH'
10, 31849, 129.16463295298416, 129.16463295298416, 'SEARCH'
10, 31850, 129.15062223438193, 129.15062223438193, 'SEARCH'
10, 31851, 129.12296507100902, 129.12296507100902, 'SEARCH'
10, 31852, 129.11375989000902, 129.11375989000902, 'SEARCH'
10, 31853, 129.08643888179913, 129.08643888179913, 'SEARCH'
10, 31854, 129.06918020229844, 129.06918020229844, 'SEARCH'
10, 31855, 129.05506556023724, 129.05506556023724, 'SEARCH'
10, 31856, 129.04485193625686, 129.04485193625686, 'SEARCH'
10, 31857, 129.01959801931082, 129.01959801931082, 'SEARCH'
10, 31858, 129.00044978698008, 129.00044978698008, 'SEARCH'
10, 31859, 128.99076816030075, 128.99076816030075, 'SEARCH'
10, 31860, 128.97311803303998, 128.97311803303998, 'SEARCH'
10, 31861, 128.9652293540059, 128.9652293540059, 'SEARCH'
10, 31862, 128.96549633285272, 128.96549633285272, 'SEARCH'
10, 31863, 128.962352346123, 128.962352346123, 'SEARCH'
10, 31864, 128.95774564503458, 128.95774564503458, 'SEARCH'
10, 31865, 128.93538974206302, 128.93538974206302, 'SEARCH'
10, 31866, 128.9308568705794, 128.9308568705794, 'SEARCH'
10, 31867, 128.90940536844826, 128.90940536844826, 'SEARCH'
10, 31868, 128.90437924378213, 128.90437924378213, 'SEARCH'
10, 31869, 128.91132310112462, 128.91132310112462, 'SEARCH'
10, 31870, 128.8976126798551, 128.8976126798551, 'SEARCH'
10, 31871, 128.87684399050312, 128.87684399050312, 'SEARCH'
10, 31872, 128.8570092238933, 128.8570092238933, 'SEARCH'
10, 31873, 128.8298992058762, 128.8298992058762, 'SEARCH'
10, 31874, 128.81075663045218, 128.81075663045218, 'SEARCH'
10, 31875, 128.80853559915542, 128.80853559915542, 'SEARCH'
10, 31876, 128.81682638803503, 128.81682638803503, 'SEARCH'
10, 31877, 128.7931893813591, 128.7931893813591, 'SEARCH'
10, 31878, 128.76851745396496, 128.76851745396496, 'SEARCH'
10, 31879, 128.77586838853605, 128.77586838853605, 'SEARCH'
10, 31880, 128.75264958609, 128.75264958609, 'SEARCH'
10, 31881, 128.74988064112412, 128.74988064112412, 'SEARCH'
10, 31882, 128.73760306020176, 128.73760306020176, 'SEARCH'
10, 31883, 128.72935043273836, 128.72935043273836, 'SEARCH'
10, 31884, 128.70247749013066, 128.70247749013066, 'SEARCH'
10, 31885, 128.67901469839495, 128.67901469839495, 'SEARCH'
10, 31886, 128.65412340837076, 128.65412340837076, 'SEARCH'
10, 31887, 128.65622758637946, 128.65622758637946, 'SEARCH'
10, 31888, 128.65491576819554, 128.65491576819554, 'SEARCH'
10, 31889, 128.62811534610728, 128.62811534610728, 'SEARCH'
10, 31890, 128.62484882522753, 128.62484882522753, 'SEARCH'
10, 31891, 128.6051389299095, 128.6051389299095, 'SEARCH'
10, 31892, 128.58090195909045, 128.58090195909045, 'SEARCH'
10, 31893, 128.55324008249485, 128.55324008249485, 'SEARCH'
10, 31894, 128.52546889097206, 128.52546889097206, 'SEARCH'
10, 31895, 128.53554258279715, 128.53554258279715, 'SEARCH'
10, 31896, 128.51041062487076, 128.51041062487076, 'SEARCH'
10, 31897, 128.48616369739102, 128.48616369739102, 'SEARCH'
10, 31898, 128.46230526160412, 128.46230526160412, 'SEARCH'
10, 31899, 128.47099679405653, 128.47099679405653, 'SEARCH'
10, 31900, 128.44321915439974, 128.44321915439974, 'SEARCH'
10, 31901, 128.4273648492597, 128.4273648492597, 'SEARCH'
10, 31902, 128.43509835061218, 128.43509835061218, 'SEARCH'
10, 31903, 128.4079389181479, 128.4079389181479, 'SEARCH'
10, 31904, 128.38068242289148, 128.38068242289148, 'SEARCH'
10, 31905, 128.36855950392604, 128.36855950392604, 'SEARCH'
10, 31906, 128.36132999485622, 128.36132999485622, 'SEARCH'
10, 31907, 128.35009329922215, 128.35009329922215, 'SEARCH'
10, 31908, 128.33154211635477, 128.33154211635477, 'SEARCH'
10, 31909, 128.30771382311056, 128.30771382311056, 'SEARCH'
10, 31910, 128.28099707996975, 128.28099707996975, 'SEARCH'
10, 31911, 128.25445337705392, 128.25445337705392, 'SEARCH'
10, 31912, 128.24908475889777, 128.24908475889777, 'SEARCH'
10, 31913, 128.22429140406126, 128.22429140406126, 'SEARCH'
10, 31914, 128.1993749900559, 128.1993749900559, 'SEARCH'
10, 31915, 128.19948515297025, 128.19948515297025, 'SEARCH'
10, 31916, 128.17889950825503, 128.17889950825503, 'SEARCH'
10, 31917, 128.17131489852818, 128.17131489852818, 'SEARCH'
10, 31918, 128.14423712929485, 128.14423712929485, 'SEARCH'
10, 31919, 128.1190901707822, 128.1190901707822, 'SEARCH'
10, 31920, 128.1068561404595, 128.1068561404595, 'SEARCH'
10, 31921, 128.08968411926466, 128.08968411926466, 'SEARCH'
10, 31922, 128.06207064450027, 128.06207064450027, 'SEARCH'
10, 31923, 128.04449698026048, 128.04449698026048, 'SEARCH'
10, 31924, 128.05229157974676, 128.05229157974676, 'SEARCH'
10, 31925, 128.02569342338535, 128.02569342338535, 'SEARCH'
10, 31926, 128.00358913426817, 128.00358913426817, 'SEARCH'
10, 31927, 127.97613421593778, 127.97613421593778, 'SEARCH'
10, 31928, 127.9636446366119, 127.9636446366119, 'SEARCH'
10, 31929, 127.95656868467962, 127.95656868467962, 'SEARCH'
10, 31930, 127.94447753641174, 127.94447753641174, 'SEARCH'
10, 31931, 127.9185174160136, 127.9185174160136, 'SEARCH'
10, 31932, 127.89143079820076, 127.89143079820076, 'SEARCH'
10, 31933, 127.87721566153962, 127.87721566153962, 'SEARCH'
10, 31934, 127.85751073177575, 127.85751073177575, 'SEARCH'
10, 31935, 127.83009281414233, 127.83009281414233, 'SEARCH'
10, 31936, 127.84193805752865, 127.84193805752865, 'SEARCH'
10, 31937, 127.82306014579012, 127.82306014579012, 'SEARCH'
10, 31938, 127.80759173260515, 127.80759173260515, 'SEARCH'
10, 31939, 127.81760403192753, 127.81760403192753, 'SEARCH'
10, 31940, 127.80852698207441, 127.80852698207441, 'SEARCH'
10, 31941, 127.78102820375318, 127.78102820375318, 'SEARCH'
10, 31942, 127.7549030033115, 127.7549030033115, 'SEARCH'
10, 31943, 127.73266904841691, 127.73266904841691, 'SEARCH'
10, 31944, 127.70637087580388, 127.70637087580388, 'SEARCH'
10, 31945, 127.6831401576752, 127.6831401576752, 'SEARCH'
10, 31946, 127.66873650074834, 127.66873650074834, 'SEARCH'
10, 31947, 127.65114745564921, 127.65114745564921, 'SEARCH'
10, 31948, 127.65708298024532, 127.65708298024532, 'SEARCH'
10, 31949, 127.64265865058186, 127.64265865058186, 'SEARCH'
10, 31950, 127.6330047534604, 127.6330047534604, 'SEARCH'
10, 31951, 127.61184826078279, 127.61184826078279, 'SEARCH'
10, 31952, 127.60720196749588, 127.60720196749588, 'SEARCH'
10, 31953, 127.58098892188943, 127.58098892188943, 'SEARCH'
10, 31954, 127.5664014779125, 127.5664014779125, 'SEARCH'
10, 31955, 127.56508645521548, 127.56508645521548, 'SEARCH'
10, 31956, 127.53763304936545, 127.53763304936545, 'SEARCH'
10, 31957, 127.525779410991, 127.525779410991, 'SEARCH'
10, 31958, 127.52351047338344, 127.52351047338344, 'SEARCH'
10, 31959, 127.51015571618977, 127.51015571618977, 'SEARCH'
10, 31960, 127.5014674329177, 127.5014674329177, 'SEARCH'
10, 31961, 127.5035413223241, 127.5035413223241, 'SEARCH'
10, 31962, 127.4986087715288, 127.4986087715288, 'SEARCH'
10, 31963, 127.49439882911183, 127.49439882911183, 'SEARCH'
10, 31964, 127.48276225601217, 127.48276225601217, 'SEARCH'
10, 31965, 127.48334086608523, 127.48334086608523, 'SEARCH'
10, 31966, 127.48727443304581, 127.48727443304581, 'SEARCH'
10, 31967, 127.46541115617438, 127.46541115617438, 'SEARCH'
10, 31968, 127.47629508526448, 127.47629508526448, 'SEARCH'
10, 31969, 127.4550120201097, 127.4550120201097, 'SEARCH'
10, 31970, 127.4555257700889, 127.4555257700889, 'SEARCH'
10, 31971, 127.43881140654514, 127.43881140654514, 'SEARCH'
10, 31972, 127.43541430027095, 127.43541430027095, 'SEARCH'
10, 31973, 127.41985117596093, 127.41985117596093, 'SEARCH'
10, 31974, 127.41308002487419, 127.41308002487419, 'SEARCH'
10, 31975, 127.3996790843446, 127.3996790843446, 'SEARCH'
10, 31976, 127.38931887860015, 127.38931887860015, 'SEARCH'
10, 31977, 127.377121812143, 127.377121812143, 'SEARCH'
10, 31978, 127.37804961898959, 127.37804961898959, 'SEARCH'
10, 31979, 127.3531127522643, 127.3531127522643, 'SEARCH'
10, 31980, 127.32686427125164, 127.32686427125164, 'SEARCH'
10, 31981, 127.30188348786054, 127.30188348786054, 'SEARCH'
10, 31982, 127.28713268453512, 127.28713268453512, 'SEARCH'
10, 31983, 127.27803840594673, 127.27803840594673, 'SEARCH'
10, 31984, 127.25026627230679, 127.25026627230679, 'SEARCH'
10, 31985, 127.24503120649982, 127.24503120649982, 'SEARCH'
10, 31986, 127.21877973463927, 127.21877973463927, 'SEARCH'
10, 31987, 127.2173025782159, 127.2173025782159, 'SEARCH'
10, 31988, 127.22255511471015, 127.22255511471015, 'SEARCH'
10, 31989, 127.23422615225074, 127.23422615225074, 'SEARCH'
10, 31990, 127.22998167614098, 127.22998167614098, 'SEARCH'
10, 31991, 127.22333491807419, 127.22333491807419, 'SEARCH'
10, 31992, 127.19949971726975, 127.19949971726975, 'SEARCH'
10, 31993, 127.17410126335245, 127.17410126335245, 'SEARCH'
10, 31994, 127.15450011238381, 127.15450011238381, 'SEARCH'
10, 31995, 127.13553128810668, 127.13553128810668, 'SEARCH'
10, 31996, 127.13209984587576, 127.13209984587576, 'SEARCH'
10, 31997, 127.12960806399194, 127.12960806399194, 'SEARCH'
10, 31998, 127.14213330444683, 127.14213330444683, 'SEARCH'
10, 31999, 127.11877028030474, 127.11877028030474, 'SEARCH'
10, 32000, 127.0971014734715, 127.0971014734715, 'SEARCH'
10, 32001, 127.06964421396461, 127.06964421396461, 'SEARCH'
10, 32002, 127.05009820929246, 127.05009820929246, 'SEARCH'
10, 32003, 127.02713165377145, 127.02713165377145, 'SEARCH'
10, 32004, 127.02558840505569, 127.02558840505569, 'SEARCH'
10, 32005, 127.01160005417647, 127.01160005417647, 'SEARCH'
10, 32006, 127.00176984955182, 127.00176984955182, 'SEARCH'
10, 32007, 126.9820531705641, 126.9820531705641, 'SEARCH'
10, 32008, 126.98676010217156, 126.98676010217156, 'SEARCH'
10, 32009, 126.99333902387502, 126.99333902387502, 'SEARCH'
10, 32010, 126.98057469440883, 126.98057469440883, 'SEARCH'
10, 32011, 126.95686384607193, 126.95686384607193, 'SEARCH'
10, 32012, 126.94585280157924, 126.94585280157924, 'SEARCH'
10, 32013, 126.94952867745799, 126.94952867745799, 'SEARCH'
10, 32014, 126.93545081783186, 126.93545081783186, 'SEARCH'
10, 32015, 126.93183046691179, 126.93183046691179, 'SEARCH'
10, 32016, 126.91272354469152, 126.91272354469152, 'SEARCH'
10, 32017, 126.88503098682261, 126.88503098682261, 'SEARCH'
10, 32018, 126.85840150601196, 126.85840150601196, 'SEARCH'
10, 32019, 126.8523737156157, 126.8523737156157, 'SEARCH'
10, 32020, 126.82732055023806, 126.82732055023806, 'SEARCH'
10, 32021, 126.80714414086934, 126.80714414086934, 'SEARCH'
10, 32022, 126.77936693973098, 126.77936693973098, 'SEARCH'
10, 32023, 126.75926721634613, 126.75926721634613, 'SEARCH'
10, 32024, 126.75039645252654, 126.75039645252654, 'SEARCH'
10, 32025, 126.72408197150142, 126.72408197150142, 'SEARCH'
10, 32026, 126.73611895062626, 126.73611895062626, 'SEARCH'
10, 32027, 126.74406541179333, 126.74406541179333, 'SEARCH'
10, 32028, 126.73761205278717, 126.73761205278717, 'SEARCH'
10, 32029, 126.71617261299387, 126.71617261299387, 'SEARCH'
10, 32030, 126.69326232340602, 126.69326232340602, 'SEARCH'
10, 32031, 126.67788629596042, 126.67788629596042, 'SEARCH'
10, 32032, 126.66585565618202, 126.66585565618202, 'SEARCH'
10, 32033, 126.6437530178071, 126.6437530178071, 'SEARCH'
10, 32034, 126.61611585693302, 126.61611585693302, 'SEARCH'
10, 32035, 126.59540152968724, 126.59540152968724, 'SEARCH'
10, 32036, 126.56960237889062, 126.56960237889062, 'SEARCH'
10, 32037, 126.5421856398838, 126.5421856398838, 'SEARCH'
10, 32038, 126.52083765050276, 126.52083765050276, 'SEARCH'
10, 32039, 126.53113394609798, 126.53113394609798, 'SEARCH'
10, 32040, 126.54140456661592, 126.54140456661592, 'SEARCH'
10, 32041, 126.53438259837162, 126.53438259837162, 'SEARCH'
10, 32042, 126.52339512774496, 126.52339512774496, 'SEARCH'
10, 32043, 126.4967829130951, 126.4967829130951, 'SEARCH'
10, 32044, 126.48698338515052, 126.48698338515052, 'SEARCH'
10, 32045, 126.45923678290617, 126.45923678290617, 'SEARCH'
10, 32046, 126.4473787155769, 126.4473787155769, 'SEARCH'
10, 32047, 126.44051184858246, 126.44051184858246, 'SEARCH'
10, 32048, 126.41389719082024, 126.41389719082024, 'SEARCH'
10, 32049, 126.39472703794392, 126.39472703794392, 'SEARCH'
10, 32050, 126.40633079049714, 126.40633079049714, 'SEARCH'
10, 32051, 126.38622649915297, 126.38622649915297, 'SEARCH'
10, 32052, 126.3720825110015, 126.3720825110015, 'SEARCH'
10, 32053, 126.37046680901643, 126.37046680901643, 'SEARCH'
10, 32054, 126.36582870823844, 126.36582870823844, 'SEARCH'
10, 32055, 126.35002784778015, 126.35002784778015, 'SEARCH'
10, 32056, 126.33013944863184, 126.33013944863184, 'SEARCH'
10, 32057, 126.32212258229289, 126.32212258229289, 'SEARCH'
10, 32058, 126.33245282123985, 126.33245282123985, 'SEARCH'
10, 32059, 126.30496078750073, 126.30496078750073, 'SEARCH'
10, 32060, 126.29015865957616, 126.29015865957616, 'SEARCH'
10, 32061, 126.27765033205955, 126.27765033205955, 'SEARCH'
10, 32062, 126.24998600508452, 126.24998600508452, 'SEARCH'
10, 32063, 126.22875617970011, 126.22875617970011, 'SEARCH'
10, 32064, 126.20660358809674, 126.20660358809674, 'SEARCH'
10, 32065, 126.17934185059367, 126.17934185059367, 'SEARCH'
10, 32066, 126.1596886029912, 126.1596886029912, 'SEARCH'
10, 32067, 126.1319764925444, 126.1319764925444, 'SEARCH'
10, 32068, 126.12905098532563, 126.12905098532563, 'SEARCH'
10, 32069, 126.11562581861331, 126.11562581861331, 'SEARCH'
10, 32070, 126.11222056800669, 126.11222056800669, 'SEARCH'
10, 32071, 126.09664962717669, 126.09664962717669, 'SEARCH'
10, 32072, 126.06968180809785, 126.06968180809785, 'SEARCH'
10, 32073, 126.04965783067726, 126.04965783067726, 'SEARCH'
10, 32074, 126.03655223888025, 126.03655223888025, 'SEARCH'
10, 32075, 126.01697621644087, 126.01697621644087, 'SEARCH'
10, 32076, 125.99833892960832, 125.99833892960832, 'SEARCH'
10, 32077, 125.97057533503225, 125.97057533503225, 'SEARCH'
10, 32078, 125.94777867593186, 125.94777867593186, 'SEARCH'
10, 32079, 125.94769627380313, 125.94769627380313, 'SEARCH'
10, 32080, 125.94710217167122, 125.94710217167122, 'SEARCH'
10, 32081, 125.9212184732848, 125.9212184732848, 'SEARCH'
10, 32082, 125.89812372139339, 125.89812372139339, 'SEARCH'
10, 32083, 125.87310219967986, 125.87310219967986, 'SEARCH'
10, 32084, 125.86017629423638, 125.86017629423638, 'SEARCH'
10, 32085, 125.87093590552234, 125.87093590552234, 'SEARCH'
10, 32086, 125.88255701508865, 125.88255701508865, 'SEARCH'
10, 32087, 125.87008765565785, 125.87008765565785, 'SEARCH'
10, 32088, 125.85001555821849, 125.85001555821849, 'SEARCH'
10, 32089, 125.8257902017751, 125.8257902017751, 'SEARCH'
10, 32090, 125.8044328722249, 125.8044328722249, 'SEARCH'
10, 32091, 125.77845277718778, 125.77845277718778, 'SEARCH'
10, 32092, 125.76012775433936, 125.76012775433936, 'SEARCH'
10, 32093, 125.73264144327591, 125.73264144327591, 'SEARCH'
10, 32094, 125.74381484973678, 125.74381484973678, 'SEARCH'
10, 32095, 125.7558433992577, 125.7558433992577, 'SEARCH'
10, 32096, 125.73270711060322, 125.73270711060322, 'SEARCH'
10, 32097, 125.73347558093187, 125.73347558093187, 'SEARCH'
10, 32098, 125.70569874332774, 125.70569874332774, 'SEARCH'
10, 32099, 125.68309761718459, 125.68309761718459, 'SEARCH'
10, 32100, 125.65781517295325, 125.65781517295325, 'SEARCH'
10, 32101, 125.63003876082915, 125.63003876082915, 'SEARCH'
10, 32102, 125.61548960359589, 125.61548960359589, 'SEARCH'
10, 32103, 125.58961935945902, 125.58961935945902, 'SEARCH'
10, 32104, 125.58228029258146, 125.58228029258146, 'SEARCH'
10, 32105, 125.5806476406872, 125.5806476406872, 'SEARCH'
10, 32106, 125.57134091545826, 125.57134091545826, 'SEARCH'
10, 32107, 125.5692264491926, 125.5692264491926, 'SEARCH'
10, 32108, 125.54581960404752, 125.54581960404752, 'SEARCH'
10, 32109, 125.51948714007547, 125.51948714007547, 'SEARCH'
10, 32110, 125.50110389588329, 125.50110389588329, 'SEARCH'
10, 32111, 125.47461647124538, 125.47461647124538, 'SEARCH'
10, 32112, 125.46397191080247, 125.46397191080247, 'SEARCH'
10, 32113, 125.44287840718582, 125.44287840718582, 'SEARCH'
10, 32114, 125.42672080399089, 125.42672080399089, 'SEARCH'
10, 32115, 125.4217183453984, 125.4217183453984, 'SEARCH'
10, 32116, 125.40979138863858, 125.40979138863858, 'SEARCH'
10, 32117, 125.38413339715204, 125.38413339715204, 'SEARCH'
10, 32118, 125.3569109979103, 125.3569109979103, 'SEARCH'
10, 32119, 125.34946318262503, 125.34946318262503, 'SEARCH'
10, 32120, 125.33377458012102, 125.33377458012102, 'SEARCH'
10, 32121, 125.32453665158387, 125.32453665158387, 'SEARCH'
10, 32122, 125.31710048008938, 125.31710048008938, 'SEARCH'
10, 32123, 125.31255765383823, 125.31255765383823, 'SEARCH'
10, 32124, 125.31281656393995, 125.31281656393995, 'SEARCH'
10, 32125, 125.2850399447465, 125.2850399447465, 'SEARCH'
10, 32126, 125.266275249111, 125.266275249111, 'SEARCH'
10, 32127, 125.2386733147649, 125.2386733147649, 'SEARCH'
10, 32128, 125.24706052283211, 125.24706052283211, 'SEARCH'
10, 32129, 125.22071604404223, 125.22071604404223, 'SEARCH'
10, 32130, 125.19438132633115, 125.19438132633115, 'SEARCH'
10, 32131, 125.16672919606985, 125.16672919606985, 'SEARCH'
10, 32132, 125.16217891705253, 125.16217891705253, 'SEARCH'
10, 32133, 125.1609760543914, 125.1609760543914, 'SEARCH'
10, 32134, 125.14686166235927, 125.14686166235927, 'SEARCH'
10, 32135, 125.12068998078104, 125.12068998078104, 'SEARCH'
10, 32136, 125.111856382095, 125.111856382095, 'SEARCH'
10, 32137, 125.10541494079911, 125.10541494079911, 'SEARCH'
10, 32138, 125.07852574154767, 125.07852574154767, 'SEARCH'
10, 32139, 125.05740362997581, 125.05740362997581, 'SEARCH'
10, 32140, 125.04999099142724, 125.04999099142724, 'SEARCH'
10, 32141, 125.04399664936363, 125.04399664936363, 'SEARCH'
10, 32142, 125.02865910683529, 125.02865910683529, 'SEARCH'
10, 32143, 125.00381127729082, 125.00381127729082, 'SEARCH'
10, 32144, 124.97987448998936, 124.97987448998936, 'SEARCH'
10, 32145, 124.9524035793836, 124.9524035793836, 'SEARCH'
10, 32146, 124.93128189949485, 124.93128189949485, 'SEARCH'
10, 32147, 124.90735305873183, 124.90735305873183, 'SEARCH'
10, 32148, 124.90135208411412, 124.90135208411412, 'SEARCH'
10, 32149, 124.90876179578376, 124.90876179578376, 'SEARCH'
10, 32150, 124.89998916195964, 124.89998916195964, 'SEARCH'
10, 32151, 124.87708879920388, 124.87708879920388, 'SEARCH'
10, 32152, 124.85341623182246, 124.85341623182246, 'SEARCH'
10, 32153, 124.83429499696445, 124.83429499696445, 'SEARCH'
10, 32154, 124.8069796771271, 124.8069796771271, 'SEARCH'
10, 32155, 124.77928840451767, 124.77928840451767, 'SEARCH'
10, 32156, 124.75239541301724, 124.75239541301724, 'SEARCH'
10, 32157, 124.74000241646795, 124.74000241646795, 'SEARCH'
10, 32158, 124.71252682635334, 124.71252682635334, 'SEARCH'
10, 32159, 124.69110247698022, 124.69110247698022, 'SEARCH'
10, 32160, 124.66646781403107, 124.66646781403107, 'SEARCH'
10, 32161, 124.64665206354802, 124.64665206354802, 'SEARCH'
10, 32162, 124.61917483956263, 124.61917483956263, 'SEARCH'
10, 32163, 124.59349468649779, 124.59349468649779, 'SEARCH'
10, 32164, 124.57202046843567, 124.57202046843567, 'SEARCH'
10, 32165, 124.54427312456797, 124.54427312456797, 'SEARCH'
10, 32166, 124.51967847159409, 124.51967847159409, 'SEARCH'
10, 32167, 124.49424097411513, 124.49424097411513, 'SEARCH'
10, 32168, 124.47650448227553, 124.47650448227553, 'SEARCH'
10, 32169, 124.45627577525698, 124.45627577525698, 'SEARCH'
10, 32170, 124.45859663176073, 124.45859663176073, 'SEARCH'
10, 32171, 124.43279318892434, 124.43279318892434, 'SEARCH'
10, 32172, 124.40727542724385, 124.40727542724385, 'SEARCH'
10, 32173, 124.38531738473749, 124.38531738473749, 'SEARCH'
10, 32174, 124.35794061881374, 124.35794061881374, 'SEARCH'
10, 32175, 124.366872301385, 124.366872301385, 'SEARCH'
10, 32176, 124.3436570537613, 124.3436570537613, 'SEARCH'
10, 32177, 124.327228772633, 124.327228772633, 'SEARCH'
10, 32178, 124.3225458072661, 124.3225458072661, 'SEARCH'
10, 32179, 124.33194030715364, 124.33194030715364, 'SEARCH'
10, 32180, 124.31902584155728, 124.31902584155728, 'SEARCH'
10, 32181, 124.30318603780921, 124.30318603780921, 'SEARCH'
10, 32182, 124.27542236687066, 124.27542236687066, 'SEARCH'
10, 32183, 124.24786100247886, 124.24786100247886, 'SEARCH'
10, 32184, 124.2577566634244, 124.2577566634244, 'SEARCH'
10, 32185, 124.24743759888504, 124.24743759888504, 'SEARCH'
10, 32186, 124.23360348273287, 124.23360348273287, 'SEARCH'
10, 32187, 124.23453936009878, 124.23453936009878, 'SEARCH'
10, 32188, 124.22822964086605, 124.22822964086605, 'SEARCH'
10, 32189, 124.20397777105372, 124.20397777105372, 'SEARCH'
10, 32190, 124.17672311621426, 124.17672311621426, 'SEARCH'
10, 32191, 124.16163770306106, 124.16163770306106, 'SEARCH'
10, 32192, 124.17020017279498, 124.17020017279498, 'SEARCH'
10, 32193, 124.14525686733023, 124.14525686733023, 'SEARCH'
10, 32194, 124.1277511286764, 124.1277511286764, 'SEARCH'
10, 32195, 124.11177893775717, 124.11177893775717, 'SEARCH'
10, 32196, 124.10176212918856, 124.10176212918856, 'SEARCH'
10, 32197, 124.08253110876962, 124.08253110876962, 'SEARCH'
10, 32198, 124.06389747046589, 124.06389747046589, 'SEARCH'
10, 32199, 124.04711805063795, 124.04711805063795, 'SEARCH'
10, 32200, 124.02740867105977, 124.02740867105977, 'SEARCH'
10, 32201, 124.0016947994386, 124.0016947994386, 'SEARCH'
10, 32202, 123.9772107965914, 123.9772107965914, 'SEARCH'
10, 32203, 123.95718207255044, 123.95718207255044, 'SEARCH'
10, 32204, 123.95227849142186, 123.95227849142186, 'SEARCH'
10, 32205, 123.94267617780557, 123.94267617780557, 'SEARCH'
10, 32206, 123.92867265474315, 123.92867265474315, 'SEARCH'
10, 32207, 123.9045402051189, 123.9045402051189, 'SEARCH'
10, 32208, 123.89398675027752, 123.89398675027752, 'SEARCH'
10, 32209, 123.87627217292591, 123.87627217292591, 'SEARCH'
10, 32210, 123.8538906573043, 123.8538906573043, 'SEARCH'
10, 32211, 123.82942544815161, 123.82942544815161, 'SEARCH'
10, 32212, 123.8026943236625, 123.8026943236625, 'SEARCH'
10, 32213, 123.77987926832662, 123.77987926832662, 'SEARCH'
10, 32214, 123.75612869727902, 123.75612869727902, 'SEARCH'
10, 32215, 123.74051933823444, 123.74051933823444, 'SEARCH'
10, 32216, 123.71429131382054, 123.71429131382054, 'SEARCH'
10, 32217, 123.68662745024271, 123.68662745024271, 'SEARCH'
10, 32218, 123.67998537886854, 123.67998537886854, 'SEARCH'
10, 32219, 123.65272742762957, 123.65272742762957, 'SEARCH'
10, 32220, 123.62796166624459, 123.62796166624459, 'SEARCH'
10, 32221, 123.62026737927197, 123.62026737927197, 'SEARCH'
10, 32222, 123.62406892377413, 123.62406892377413, 'SEARCH'
10, 32223, 123.62975068171951, 123.62975068171951, 'SEARCH'
10, 32224, 123.6021121318338, 123.6021121318338, 'SEARCH'
10, 32225, 123.57741669684812, 123.57741669684812, 'SEARCH'
10, 32226, 123.55007812187384, 123.55007812187384, 'SEARCH'
10, 32227, 123.52233417264182, 123.52233417264182, 'SEARCH'
10, 32228, 123.49604534209521, 123.49604534209521, 'SEARCH'
10, 32229, 123.50127109919963, 123.50127109919963, 'SEARCH'
10, 32230, 123.4767951443785, 123.4767951443785, 'SEARCH'
10, 32231, 123.45254117814692, 123.45254117814692, 'SEARCH'
10, 32232, 123.44861437637293, 123.44861437637293, 'SEARCH'
10, 32233, 123.43965562728094, 123.43965562728094, 'SEARCH'
10, 32234, 123.41515674066736, 123.41515674066736, 'SEARCH'
10, 32235, 123.40753453812482, 123.40753453812482, 'SEARCH'
10, 32236, 123.39894651310593, 123.39894651310593, 'SEARCH'
10, 32237, 123.38812032468398, 123.38812032468398, 'SEARCH'
10, 32238, 123.37423268159361, 123.37423268159361, 'SEARCH'
10, 32239, 123.36612996591023, 123.36612996591023, 'SEARCH'
10, 32240, 123.35060663297702, 123.35060663297702, 'SEARCH'
10, 32241, 123.35398442157717, 123.35398442157717, 'SEARCH'
10, 32242, 123.32702250186252, 123.32702250186252, 'SEARCH'
10, 32243, 123.29951004210976, 123.29951004210976, 'SEARCH'
10, 32244, 123.275438435936, 123.275438435936, 'SEARCH'
10, 32245, 123.25266285157502, 123.25266285157502, 'SEARCH'
10, 32246, 123.22839044196863, 123.22839044196863, 'SEARCH'
10, 32247, 123.21619244009256, 123.21619244009256, 'SEARCH'
10, 32248, 123.20849149740674, 123.20849149740674, 'SEARCH'
10, 32249, 123.20648161699577, 123.20648161699577, 'SEARCH'
10, 32250, 123.17870648062369, 123.17870648062369, 'SEARCH'
10, 32251, 123.15413688189646, 123.15413688189646, 'SEARCH'
10, 32252, 123.12720809425564, 123.12720809425564, 'SEARCH'
10, 32253, 123.1005288625485, 123.1005288625485, 'SEARCH'
10, 32254, 123.10951247805976, 123.10951247805976, 'SEARCH'
10, 32255, 123.08517149496926, 123.08517149496926, 'SEARCH'
10, 32256, 123.07012763294809, 123.07012763294809, 'SEARCH'
10, 32257, 123.04246178988753, 123.04246178988753, 'SEARCH'
10, 32258, 123.0330157802554, 123.0330157802554, 'SEARCH'
10, 32259, 123.01440937310883, 123.01440937310883, 'SEARCH'
10, 32260, 122.98696702700107, 122.98696702700107, 'SEARCH'
10, 32261, 122.96180752617515, 122.96180752617515, 'SEARCH'
10, 32262, 122.96565826149185, 122.96565826149185, 'SEARCH'
10, 32263, 122.95711899513483, 122.95711899513483, 'SEARCH'
10, 32264, 122.93925241277519, 122.93925241277519, 'SEARCH'
10, 32265, 122.91197894005401, 122.91197894005401, 'SEARCH'
10, 32266, 122.89891343457245, 122.89891343457245, 'SEARCH'
10, 32267, 122.87175314436838, 122.87175314436838, 'SEARCH'
10, 32268, 122.84412398976647, 122.84412398976647, 'SEARCH'
10, 32269, 122.81801204262926, 122.81801204262926, 'SEARCH'
10, 32270, 122.8094010712798, 122.8094010712798, 'SEARCH'
10, 32271, 122.8202044207211, 122.8202044207211, 'SEARCH'
10, 32272, 122.80639066729292, 122.80639066729292, 'SEARCH'
10, 32273, 122.7788755946918, 122.7788755946918, 'SEARCH'
10, 32274, 122.75144760867518, 122.75144760867518, 'SEARCH'
10, 32275, 122.73393934688369, 122.73393934688369, 'SEARCH'
10, 32276, 122.71495656266437, 122.71495656266437, 'SEARCH'
10, 32277, 122.6940372183666, 122.6940372183666, 'SEARCH'
10, 32278, 122.66775966370221, 122.66775966370221, 'SEARCH'
10, 32279, 122.66578104477927, 122.66578104477927, 'SEARCH'
10, 32280, 122.63816295743878, 122.63816295743878, 'SEARCH'
10, 32281, 122.62178878969273, 122.62178878969273, 'SEARCH'
10, 32282, 122.61327822564375, 122.61327822564375, 'SEARCH'
10, 32283, 122.59508797724497, 122.59508797724497, 'SEARCH'
10, 32284, 122.56825292762836, 122.56825292762836, 'SEARCH'
10, 32285, 122.54350860745775, 122.54350860745775, 'SEARCH'
10, 32286, 122.51680968239974, 122.51680968239974, 'SEARCH'
10, 32287, 122.50418881401848, 122.50418881401848, 'SEARCH'
10, 32288, 122.48950569109506, 122.48950569109506, 'SEARCH'
10, 32289, 122.46223399068226, 122.46223399068226, 'SEARCH'
10, 32290, 122.47312288006789, 122.47312288006789, 'SEARCH'
10, 32291, 122.48217189954222, 122.48217189954222, 'SEARCH'
10, 32292, 122.45454911313439, 122.45454911313439, 'SEARCH'
10, 32293, 122.43206844110809, 122.43206844110809, 'SEARCH'
10, 32294, 122.41820007258424, 122.41820007258424, 'SEARCH'
10, 32295, 122.40307819448302, 122.40307819448302, 'SEARCH'
10, 32296, 122.37536894202866, 122.37536894202866, 'SEARCH'
10, 32297, 122.3853236030079, 122.3853236030079, 'SEARCH'
10, 32298, 122.36470262249341, 122.36470262249341, 'SEARCH'
10, 32299, 122.34998632071307, 122.34998632071307, 'SEARCH'
10, 32300, 122.33443038372972, 122.33443038372972, 'SEARCH'
10, 32301, 122.30883778022482, 122.30883778022482, 'SEARCH'
10, 32302, 122.28229744633707, 122.28229744633707, 'SEARCH'
10, 32303, 122.27196704734004, 122.27196704734004, 'SEARCH'
10, 32304, 122.27056918176457, 122.27056918176457, 'SEARCH'
10, 32305, 122.24699892933313, 122.24699892933313, 'SEARCH'
10, 32306, 122.23664001682174, 122.23664001682174, 'SEARCH'
10, 32307, 122.22235502051178, 122.22235502051178, 'SEARCH'
10, 32308, 122.21516217532547, 122.21516217532547, 'SEARCH'
10, 32309, 122.22378070790943, 122.22378070790943, 'SEARCH'
10, 32310, 122.2151935710273, 122.2151935710273, 'SEARCH'
10, 32311, 122.18751833688769, 122.18751833688769, 'SEARCH'
10, 32312, 122.17284030627773, 122.17284030627773, 'SEARCH'
10, 32313, 122.18416427597789, 122.18416427597789, 'SEARCH'
10, 32314, 122.18319011928122, 122.18319011928122, 'SEARCH'
10, 32315, 122.18218488344507, 122.18218488344507, 'SEARCH'
10, 32316, 122.15769005882507, 122.15769005882507, 'SEARCH'
10, 32317, 122.13295947609326, 122.13295947609326, 'SEARCH'
10, 32318, 122.11950973497078, 122.11950973497078, 'SEARCH'
10, 32319, 122.09207193142093, 122.09207193142093, 'SEARCH'
10, 32320, 122.06776338520415, 122.06776338520415, 'SEARCH'
10, 32321, 122.04878077814922, 122.04878077814922, 'SEARCH'
10, 32322, 122.06146501008988, 122.06146501008988, 'SEARCH'
10, 32323, 122.03673738133173, 122.03673738133173, 'SEARCH'
10, 32324, 122.00899538463817, 122.00899538463817, 'SEARCH'
10, 32325, 121.9947370795968, 121.9947370795968, 'SEARCH'
10, 32326, 121.97546580514887, 121.97546580514887, 'SEARCH'
10, 32327, 121.95356506683586, 121.95356506683586, 'SEARCH'
10, 32328, 121.92797736738807, 121.92797736738807, 'SEARCH'
10, 32329, 121.92417919850315, 121.92417919850315, 'SEARCH'
10, 32330, 121.90417092740154, 121.90417092740154, 'SEARCH'
10, 32331, 121.8920550075889, 121.8920550075889, 'SEARCH'
10, 32332, 121.90339323839314, 121.90339323839314, 'SEARCH'
10, 32333, 121.89760766814885, 121.89760766814885, 'SEARCH'
10, 32334, 121.87076509576734, 121.87076509576734, 'SEARCH'
10, 32335, 121.85692997634379, 121.85692997634379, 'SEARCH'
10, 32336, 121.82919236731907, 121.82919236731907, 'SEARCH'
10, 32337, 121.8070371416188, 121.8070371416188, 'SEARCH'
10, 32338, 121.80225035529575, 121.80225035529575, 'SEARCH'
10, 32339, 121.79275695718434, 121.79275695718434, 'SEARCH'
10, 32340, 121.76579972712541, 121.76579972712541, 'SEARCH'
10, 32341, 121.74684321450674, 121.74684321450674, 'SEARCH'
10, 32342, 121.72015059735617, 121.72015059735617, 'SEARCH'
10, 32343, 121.71066323044022, 121.71066323044022, 'SEARCH'
10, 32344, 121.68637781218379, 121.68637781218379, 'SEARCH'
10, 32345, 121.6647987834334, 121.6647987834334, 'SEARCH'
10, 32346, 121.66383049240669, 121.66383049240669, 'SEARCH'
10, 32347, 121.63975889468486, 121.63975889468486, 'SEARCH'
10, 32348, 121.61198114256655, 121.61198114256655, 'SEARCH'
10, 32349, 121.62413361183057, 121.62413361183057, 'SEARCH'
10, 32350, 121.60141436797588, 121.60141436797588, 'SEARCH'
10, 32351, 121.60763012073865, 121.60763012073865, 'SEARCH'
10, 32352, 121.61797314411187, 121.61797314411187, 'SEARCH'
10, 32353, 121.5903583310952, 121.5903583310952, 'SEARCH'
10, 32354, 121.56783421661109, 121.56783421661109, 'SEARCH'
10, 32355, 121.54031327563784, 121.54031327563784, 'SEARCH'
10, 32356, 121.51993507527735, 121.51993507527735, 'SEARCH'
10, 32357, 121.52979004945652, 121.52979004945652, 'SEARCH'
10, 32358, 121.51602327395514, 121.51602327395514, 'SEARCH'
10, 32359, 121.48898179988333, 121.48898179988333, 'SEARCH'
10, 32360, 121.47475222569136, 121.47475222569136, 'SEARCH'
10, 32361, 121.45549682146637, 121.45549682146637, 'SEARCH'
10, 32362, 121.44927324485336, 121.44927324485336, 'SEARCH'
10, 32363, 121.42409449703177, 121.42409449703177, 'SEARCH'
10, 32364, 121.40160317825132, 121.40160317825132, 'SEARCH'
10, 32365, 121.3770490108211, 121.3770490108211, 'SEARCH'
10, 32366, 121.35019609387683, 121.35019609387683, 'SEARCH'
10, 32367, 121.33681916176333, 121.33681916176333, 'SEARCH'
10, 32368, 121.31401950963146, 121.31401950963146, 'SEARCH'
10, 32369, 121.29206471485112, 121.29206471485112, 'SEARCH'
10, 32370, 121.28020278574293, 121.28020278574293, 'SEARCH'
10, 32371, 121.25345484517861, 121.25345484517861, 'SEARCH'
10, 32372, 121.25750761506076, 121.25750761506076, 'SEARCH'
10, 32373, 121.23206876644963, 121.23206876644963, 'SEARCH'
10, 32374, 121.22194820217454, 121.22194820217454, 'SEARCH'
10, 32375, 121.19417176047594, 121.19417176047594, 'SEARCH'
10, 32376, 121.18223008758359, 121.18223008758359, 'SEARCH'
10, 32377, 121.1757605509738, 121.1757605509738, 'SEARCH'
10, 32378, 121.16785798050682, 121.16785798050682, 'SEARCH'
10, 32379, 121.143660702401, 121.143660702401, 'SEARCH'
10, 32380, 121.13002473307624, 121.13002473307624, 'SEARCH'
10, 32381, 121.10368709774816, 121.10368709774816, 'SEARCH'
10, 32382, 121.08795861972274, 121.08795861972274, 'SEARCH'
10, 32383, 121.08673219943795, 121.08673219943795, 'SEARCH'
10, 32384, 121.06466590527091, 121.06466590527091, 'SEARCH'
10, 32385, 121.0404605967835, 121.0404605967835, 'SEARCH'
10, 32386, 121.04875137063216, 121.04875137063216, 'SEARCH'
10, 32387, 121.03270221442011, 121.03270221442011, 'SEARCH'
10, 32388, 121.03239315279995, 121.03239315279995, 'SEARCH'
10, 32389, 121.0207833421131, 121.0207833421131, 'SEARCH'
10, 32390, 120.99565792953051, 120.99565792953051, 'SEARCH'
10, 32391, 120.97846727063138, 120.97846727063138, 'SEARCH'
10, 32392, 120.98247759181925, 120.98247759181925, 'SEARCH'
10, 32393, 120.97802211986836, 120.97802211986836, 'SEARCH'
10, 32394, 120.95747716503345, 120.95747716503345, 'SEARCH'
10, 32395, 120.96195264452103, 120.96195264452103, 'SEARCH'
10, 32396, 120.93572004936136, 120.93572004936136, 'SEARCH'
10, 32397, 120.90912794582782, 120.90912794582782, 'SEARCH'
10, 32398, 120.9039423015633, 120.9039423015633, 'SEARCH'
10, 32399, 120.87765001388537, 120.87765001388537, 'SEARCH'
10, 32400, 120.88114160664703, 120.88114160664703, 'SEARCH'
10, 32401, 120.8533694232452, 120.8533694232452, 'SEARCH'
10, 32402, 120.82935475304187, 120.82935475304187, 'SEARCH'
10, 32403, 120.8393800058255, 120.8393800058255, 'SEARCH'
10, 32404, 120.81181424439649, 120.81181424439649, 'SEARCH'
10, 32405, 120.78828241193037, 120.78828241193037, 'SEARCH'
10, 32406, 120.76219309657586, 120.76219309657586, 'SEARCH'
10, 32407, 120.73660890565564, 120.73660890565564, 'SEARCH'
10, 32408, 120.72936091603349, 120.72936091603349, 'SEARCH'
10, 32409, 120.70814371780997, 120.70814371780997, 'SEARCH'
10, 32410, 120.7008744438804, 120.7008744438804, 'SEARCH'
10, 32411, 120.6868834394552, 120.6868834394552, 'SEARCH'
10, 32412, 120.67355025759483, 120.67355025759483, 'SEARCH'
10, 32413, 120.65250200918034, 120.65250200918034, 'SEARCH'
10, 32414, 120.6320785767597, 120.6320785767597, 'SEARCH'
10, 32415, 120.62601517340788, 120.62601517340788, 'SEARCH'
10, 32416, 120.60803805629577, 120.60803805629577, 'SEARCH'
10, 32417, 120.59963749885652, 120.59963749885652, 'SEARCH'
10, 32418, 120.5864523121778, 120.5864523121778, 'SEARCH'
10, 32419, 120.55914767070131, 120.55914767070131, 'SEARCH'
10, 32420, 120.55363556955774, 120.55363556955774, 'SEARCH'
10, 32421, 120.54080131934259, 120.54080131934259, 'SEARCH'
10, 32422, 120.53866583977718, 120.53866583977718, 'SEARCH'
10, 32423, 120.51135526178402, 120.51135526178402, 'SEARCH'
10, 32424, 120.49685526763554, 120.49685526763554, 'SEARCH'
10, 32425, 120.50357532029109, 120.50357532029109, 'TRACK'
10, 32426, 120.4899172526012, 120.4899172526012, 'SEARCH'
10, 32427, 120.49663730525675, 120.49663730525675, 'TRACK'
10, 32428, 120.50335735791231, 120.50335735791231, 'TRACK'
10, 32429, 120.4835030803349, 120.4835030803349, 'SEARCH'
10, 32430, 120.49022313299045, 120.49022313299045, 'TRACK'
10, 32431, 120.47859346520393, 120.47859346520393, 'SEARCH'
10, 32432, 120.47273455450015, 120.47273455450015, 'SEARCH'
10, 32433, 120.47744376546265, 120.47744376546265, 'SEARCH'
10, 32434, 120.4497446200444, 120.4497446200444, 'SEARCH'
10, 32435, 120.44622306383793, 120.44622306383793, 'SEARCH'
10, 32436, 120.4401396947272, 120.4401396947272, 'SEARCH'
10, 32437, 120.44530840001715, 120.44530840001715, 'SEARCH'
10, 32438, 120.4190996193568, 120.4190996193568, 'SEARCH'
10, 32439, 120.39855557187799, 120.39855557187799, 'SEARCH'
10, 32440, 120.37094232887056, 120.37094232887056, 'SEARCH'
10, 32441, 120.36621810475584, 120.36621810475584, 'SEARCH'
10, 32442, 120.3637319408698, 120.3637319408698, 'SEARCH'
10, 32443, 120.33692625045785, 120.33692625045785, 'SEARCH'
10, 32444, 120.31938449017454, 120.31938449017454, 'SEARCH'
10, 32445, 120.32787583335872, 120.32787583335872, 'SEARCH'
10, 32446, 120.31514653056226, 120.31514653056226, 'SEARCH'
10, 32447, 120.28737067406593, 120.28737067406593, 'SEARCH'
10, 32448, 120.27335469925195, 120.27335469925195, 'SEARCH'
10, 32449, 120.28493923151449, 120.28493923151449, 'SEARCH'
10, 32450, 120.28715445553998, 120.28715445553998, 'SEARCH'
10, 32451, 120.26097027690288, 120.26097027690288, 'SEARCH'
10, 32452, 120.23395993363104, 120.23395993363104, 'SEARCH'
10, 32453, 120.22068843450923, 120.22068843450923, 'SEARCH'
10, 32454, 120.19580462651903, 120.19580462651903, 'SEARCH'
10, 32455, 120.20560811819375, 120.20560811819375, 'SEARCH'
10, 32456, 120.18215670626266, 120.18215670626266, 'SEARCH'
10, 32457, 120.1771660460656, 120.1771660460656, 'SEARCH'
10, 32458, 120.15170850520953, 120.15170850520953, 'SEARCH'
10, 32459, 120.12424145062089, 120.12424145062089, 'SEARCH'
10, 32460, 120.11410188795136, 120.11410188795136, 'SEARCH'
10, 32461, 120.0865045104806, 120.0865045104806, 'SEARCH'
10, 32462, 120.06844620286999, 120.06844620286999, 'SEARCH'
10, 32463, 120.04208566719268, 120.04208566719268, 'SEARCH'
10, 32464, 120.01547448111508, 120.01547448111508, 'SEARCH'
10, 32465, 119.99629499165864, 119.99629499165864, 'SEARCH'
10, 32466, 119.97797435381396, 119.97797435381396, 'SEARCH'
10, 32467, 119.95809493340478, 119.95809493340478, 'SEARCH'
10, 32468, 119.93995738573292, 119.93995738573292, 'SEARCH'
10, 32469, 119.91586112169645, 119.91586112169645, 'SEARCH'
10, 32470, 119.9119088664401, 119.9119088664401, 'SEARCH'
10, 32471, 119.89627647521515, 119.89627647521515, 'SEARCH'
10, 32472, 119.86928981454115, 119.86928981454115, 'SEARCH'
10, 32473, 119.87774150798857, 119.87774150798857, 'SEARCH'
10, 32474, 119.86840612355779, 119.86840612355779, 'SEARCH'
10, 32475, 119.85196666993949, 119.85196666993949, 'SEARCH'
10, 32476, 119.82714429783958, 119.82714429783958, 'SEARCH'
10, 32477, 119.80000832637137, 119.80000832637137, 'SEARCH'
10, 32478, 119.77297571659356, 119.77297571659356, 'SEARCH'
10, 32479, 119.74935205827641, 119.74935205827641, 'SEARCH'
10, 32480, 119.7275461062795, 119.7275461062795, 'SEARCH'
10, 32481, 119.706972742815, 119.706972742815, 'SEARCH'
10, 32482, 119.69473170836258, 119.69473170836258, 'SEARCH'
10, 32483, 119.69028999308317, 119.69028999308317, 'SEARCH'
10, 32484, 119.6719679866591, 119.6719679866591, 'SEARCH'
10, 32485, 119.6794813519904, 119.6794813519904, 'SEARCH'
10, 32486, 119.67211244173244, 119.67211244173244, 'SEARCH'
10, 32487, 119.65132507929447, 119.65132507929447, 'SEARCH'
10, 32488, 119.643446349739, 119.643446349739, 'SEARCH'
10, 32489, 119.65315608234073, 119.65315608234073, 'SEARCH'
10, 32490, 119.62556334213875, 119.62556334213875, 'SEARCH'
10, 32491, 119.6223781235387, 119.6223781235387, 'SEARCH'
10, 32492, 119.59463014640461, 119.59463014640461, 'SEARCH'
10, 32493, 119.56708206612332, 119.56708206612332, 'SEARCH'
10, 32494, 119.57766202447543, 119.57766202447543, 'SEARCH'
10, 32495, 119.5757243446492, 119.5757243446492, 'TRACK'
10, 32496, 119.55877044382197, 119.55877044382197, 'SEARCH'
10, 32497, 119.55683276399574, 119.55683276399574, 'TRACK'
10, 32498, 119.54113223943293, 119.54113223943293, 'SEARCH'
10, 32499, 119.54330766712197, 119.54330766712197, 'SEARCH'
10, 32500, 119.51561238228301, 119.51561238228301, 'SEARCH'
10, 32501, 119.50148715440871, 119.50148715440871, 'SEARCH'
10, 32502, 119.49954947458248, 119.49954947458248, 'TRACK'
10, 32503, 119.49399231815548, 119.49399231815548, 'SEARCH'
10, 32504, 119.49852560027014, 119.49852560027014, 'SEARCH'
10, 32505, 119.47289654173834, 119.47289654173834, 'SEARCH'
10, 32506, 119.45593536594517, 119.45593536594517, 'SEARCH'
10, 32507, 119.45706152560045, 119.45706152560045, 'SEARCH'
10, 32508, 119.45187974658224, 119.45187974658224, 'SEARCH'
10, 32509, 119.42974830192831, 119.42974830192831, 'SEARCH'
10, 32510, 119.43794180437551, 119.43794180437551, 'SEARCH'
10, 32511, 119.41051193364711, 119.41051193364711, 'SEARCH'
10, 32512, 119.3979399240055, 119.3979399240055, 'SEARCH'
10, 32513, 119.37124285296682, 119.37124285296682, 'SEARCH'
10, 32514, 119.34769558324298, 119.34769558324298, 'SEARCH'
10, 32515, 119.32804738452039, 119.32804738452039, 'SEARCH'
10, 32516, 119.30026963969294, 119.30026963969294, 'SEARCH'
10, 32517, 119.28991447776302, 119.28991447776302, 'SEARCH'
10, 32518, 119.26217610904862, 119.26217610904862, 'SEARCH'
10, 32519, 119.24356296704103, 119.24356296704103, 'SEARCH'
10, 32520, 119.23738260940024, 119.23738260940024, 'SEARCH'
10, 32521, 119.20962308258711, 119.20962308258711, 'SEARCH'
10, 32522, 119.18656751071757, 119.18656751071757, 'SEARCH'
10, 32523, 119.17883595911606, 119.17883595911606, 'SEARCH'
10, 32524, 119.15107940094005, 119.15107940094005, 'SEARCH'
10, 32525, 119.12745559057845, 119.12745559057845, 'SEARCH'
10, 32526, 119.10433985422794, 119.10433985422794, 'SEARCH'
10, 32527, 119.07661051790322, 119.07661051790322, 'SEARCH'
10, 32528, 119.04920610980932, 119.04920610980932, 'SEARCH'
10, 32529, 119.04035399810391, 119.04035399810391, 'SEARCH'
10, 32530, 119.0261946691986, 119.0261946691986, 'SEARCH'
10, 32531, 118.99997824219489, 118.99997824219489, 'SEARCH'
10, 32532, 118.99963901320274, 118.99963901320274, 'SEARCH'
10, 32533, 118.9730432984022, 118.9730432984022, 'SEARCH'
10, 32534, 118.94682191870034, 118.94682191870034, 'SEARCH'
10, 32535, 118.92515259360486, 118.92515259360486, 'SEARCH'
10, 32536, 118.91326563902035, 118.91326563902035, 'SEARCH'
10, 32537, 118.9201809851938, 118.9201809851938, 'SEARCH'
10, 32538, 118.89454821945883, 118.89454821945883, 'SEARCH'
10, 32539, 118.8821054037942, 118.8821054037942, 'SEARCH'
10, 32540, 118.86920675243576, 118.86920675243576, 'SEARCH'
10, 32541, 118.86425142182037, 118.86425142182037, 'SEARCH'
10, 32542, 118.84217122360687, 118.84217122360687, 'SEARCH'
10, 32543, 118.81827918945038, 118.81827918945038, 'SEARCH'
10, 32544, 118.79598163301125, 118.79598163301125, 'SEARCH'
10, 32545, 118.77335483742854, 118.77335483742854, 'SEARCH'
10, 32546, 118.74635226013517, 118.74635226013517, 'SEARCH'
10, 32547, 118.73754982000553, 118.73754982000553, 'SEARCH'
10, 32548, 118.71228425639642, 118.71228425639642, 'SEARCH'
10, 32549, 118.71736871622062, 118.71736871622062, 'SEARCH'
10, 32550, 118.69294951058876, 118.69294951058876, 'SEARCH'
10, 32551, 118.67216028352497, 118.67216028352497, 'SEARCH'
10, 32552, 118.64597207514876, 118.64597207514876, 'SEARCH'
10, 32553, 118.62723172771297, 118.62723172771297, 'SEARCH'
10, 32554, 118.61614044840839, 118.61614044840839, 'SEARCH'
10, 32555, 118.61546869129008, 118.61546869129008, 'SEARCH'
10, 32556, 118.58857108296343, 118.58857108296343, 'SEARCH'
10, 32557, 118.58157746275701, 118.58157746275701, 'SEARCH'
10, 32558, 118.57659320399458, 118.57659320399458, 'SEARCH'
10, 32559, 118.5536755147408, 118.5536755147408, 'SEARCH'
10, 32560, 118.53003095838478, 118.53003095838478, 'SEARCH'
10, 32561, 118.50256832424505, 118.50256832424505, 'SEARCH'
10, 32562, 118.48374731653865, 118.48374731653865, 'SEARCH'
10, 32563, 118.47346419935674, 118.47346419935674, 'SEARCH'
10, 32564, 118.44584842844168, 118.44584842844168, 'SEARCH'
10, 32565, 118.43596466879656, 118.43596466879656, 'SEARCH'
10, 32566, 118.42338621490131, 118.42338621490131, 'SEARCH'
10, 32567, 118.42000380349431, 118.42000380349431, 'SEARCH'
10, 32568, 118.42527190754006, 118.42527190754006, 'SEARCH'
10, 32569, 118.39855044052807, 118.39855044052807, 'SEARCH'
10, 32570, 118.39751114363486, 118.39751114363486, 'SEARCH'
10, 32571, 118.39353931143575, 118.39353931143575, 'SEARCH'
10, 32572, 118.38621245436968, 118.38621245436968, 'SEARCH'
10, 32573, 118.38749109041099, 118.38749109041099, 'SEARCH'
10, 32574, 118.3737875874411, 118.3737875874411, 'SEARCH'
10, 32575, 118.36490922848796, 118.36490922848796, 'SEARCH'
10, 32576, 118.36428972596948, 118.36428972596948, 'SEARCH'
10, 32577, 118.35314896940582, 118.35314896940582, 'SEARCH'
10, 32578, 118.32978067301882, 118.32978067301882, 'SEARCH'
10, 32579, 118.30214056970017, 118.30214056970017, 'SEARCH'
10, 32580, 118.28046963622452, 118.28046963622452, 'SEARCH'
10, 32581, 118.2731384978152, 118.2731384978152, 'SEARCH'
10, 32582, 118.24727075753094, 118.24727075753094, 'SEARCH'
10, 32583, 118.22139364523044, 118.22139364523044, 'SEARCH'
10, 32584, 118.20184284293656, 118.20184284293656, 'SEARCH'
10, 32585, 118.18332465453133, 118.18332465453133, 'SEARCH'
10, 32586, 118.15663827698926, 118.15663827698926, 'SEARCH'
10, 32587, 118.13105605947219, 118.13105605947219, 'SEARCH'
10, 32588, 118.10448176897309, 118.10448176897309, 'SEARCH'
10, 32589, 118.08973314408227, 118.08973314408227, 'SEARCH'
10, 32590, 118.06210141154523, 118.06210141154523, 'SEARCH'
10, 32591, 118.03601601580161, 118.03601601580161, 'SEARCH'
10, 32592, 118.02252754170688, 118.02252754170688, 'SEARCH'
10, 32593, 118.02102210018083, 118.02102210018083, 'SEARCH'
10, 32594, 117.99488911446122, 117.99488911446122, 'SEARCH'
10, 32595, 117.98501854640025, 117.98501854640025, 'SEARCH'
10, 32596, 117.95844010707118, 117.95844010707118, 'SEARCH'
10, 32597, 117.93175167496919, 117.93175167496919, 'SEARCH'
10, 32598, 117.93797624893897, 117.93797624893897, 'SEARCH'
10, 32599, 117.91319654551735, 117.91319654551735, 'SEARCH'
10, 32600, 117.88741498079861, 117.88741498079861, 'SEARCH'
10, 32601, 117.8887958643804, 117.8887958643804, 'SEARCH'
10, 32602, 117.87542721262427, 117.87542721262427, 'SEARCH'
10, 32603, 117.84982958034472, 117.84982958034472, 'SEARCH'
10, 32604, 117.84131701162298, 117.84131701162298, 'SEARCH'
10, 32605, 117.82462706741406, 117.82462706741406, 'SEARCH'
10, 32606, 117.81790220453665, 117.81790220453665, 'SEARCH'
10, 32607, 117.80525063374157, 117.80525063374157, 'SEARCH'
10, 32608, 117.80968120931661, 117.80968120931661, 'SEARCH'
10, 32609, 117.78412961424527, 117.78412961424527, 'SEARCH'
10, 32610, 117.77466954566673, 117.77466954566673, 'SEARCH'
10, 32611, 117.758351226641, 117.758351226641, 'SEARCH'
10, 32612, 117.73617436212807, 117.73617436212807, 'SEARCH'
10, 32613, 117.71186885316149, 117.71186885316149, 'SEARCH'
10, 32614, 117.70853550919495, 117.70853550919495, 'SEARCH'
10, 32615, 117.69856658276454, 117.69856658276454, 'SEARCH'
10, 32616, 117.7107942664855, 117.7107942664855, 'SEARCH'
10, 32617, 117.68422569837392, 117.68422569837392, 'SEARCH'
10, 32618, 117.66231202746383, 117.66231202746383, 'SEARCH'
10, 32619, 117.64108092411239, 117.64108092411239, 'SEARCH'
10, 32620, 117.62509945674613, 117.62509945674613, 'SEARCH'
10, 32621, 117.61460167319782, 117.61460167319782, 'SEARCH'
10, 32622, 117.61232081007982, 117.61232081007982, 'SEARCH'
10, 32623, 117.62054053735018, 117.62054053735018, 'SEARCH'
10, 32624, 117.60128875316104, 117.60128875316104, 'SEARCH'
10, 32625, 117.58067442775084, 117.58067442775084, 'SEARCH'
10, 32626, 117.57345943925932, 117.57345943925932, 'SEARCH'
10, 32627, 117.54805565309854, 117.54805565309854, 'SEARCH'
10, 32628, 117.53366668729201, 117.53366668729201, 'SEARCH'
10, 32629, 117.50885469774153, 117.50885469774153, 'SEARCH'
10, 32630, 117.48619650880113, 117.48619650880113, 'SEARCH'
10, 32631, 117.47344753974372, 117.47344753974372, 'SEARCH'
10, 32632, 117.44680065195169, 117.44680065195169, 'SEARCH'
10, 32633, 117.42288873766388, 117.42288873766388, 'SEARCH'
10, 32634, 117.39761691258488, 117.39761691258488, 'SEARCH'
10, 32635, 117.39253782440727, 117.39253782440727, 'SEARCH'
10, 32636, 117.36633385090826, 117.36633385090826, 'SEARCH'
10, 32637, 117.3623120038156, 117.3623120038156, 'SEARCH'
10, 32638, 117.35217601228095, 117.35217601228095, 'SEARCH'
10, 32639, 117.33237492015229, 117.33237492015229, 'SEARCH'
10, 32640, 117.30671104625303, 117.30671104625303, 'SEARCH'
10, 32641, 117.28903939344802, 117.28903939344802, 'SEARCH'
10, 32642, 117.26302959984923, 117.26302959984923, 'SEARCH'
10, 32643, 117.25150874037823, 117.25150874037823, 'SEARCH'
10, 32644, 117.23277461659667, 117.23277461659667, 'SEARCH'
10, 32645, 117.23061905408528, 117.23061905408528, 'SEARCH'
10, 32646, 117.2177797192797, 117.2177797192797, 'SEARCH'
10, 32647, 117.2107826455537, 117.2107826455537, 'SEARCH'
10, 32648, 117.20296866531417, 117.20296866531417, 'SEARCH'
10, 32649, 117.1827944100737, 117.1827944100737, 'SEARCH'
10, 32650, 117.1854035089587, 117.1854035089587, 'SEARCH'
10, 32651, 117.16621400998991, 117.16621400998991, 'SEARCH'
10, 32652, 117.15328673363759, 117.15328673363759, 'SEARCH'
10, 32653, 117.12565089887984, 117.12565089887984, 'SEARCH'
10, 32654, 117.13154111314844, 117.13154111314844, 'SEARCH'
10, 32655, 117.10546438353346, 117.10546438353346, 'SEARCH'
10, 32656, 117.08842147300186, 117.08842147300186, 'SEARCH'
10, 32657, 117.08354740133464, 117.08354740133464, 'SEARCH'
10, 32658, 117.05833284239233, 117.05833284239233, 'SEARCH'
10, 32659, 117.05845593590912, 117.05845593590912, 'SEARCH'
10, 32660, 117.03352579718951, 117.03352579718951, 'SEARCH'
10, 32661, 117.01636309932569, 117.01636309932569, 'SEARCH'
10, 32662, 116.99768864366904, 116.99768864366904, 'SEARCH'
10, 32663, 116.97404872515561, 116.97404872515561, 'SEARCH'
10, 32664, 116.96074891127462, 116.96074891127462, 'SEARCH'
10, 32665, 116.94054435347371, 116.94054435347371, 'SEARCH'
10, 32666, 116.94214241819527, 116.94214241819527, 'SEARCH'
10, 32667, 116.95484509947961, 116.95484509947961, 'SEARCH'
10, 32668, 116.95539046461641, 116.95539046461641, 'SEARCH'
10, 32669, 116.93000620619874, 116.93000620619874, 'SEARCH'
10, 32670, 116.91649639727139, 116.91649639727139, 'SEARCH'
10, 32671, 116.89455101430484, 116.89455101430484, 'SEARCH'
10, 32672, 116.88182658282966, 116.88182658282966, 'SEARCH'
10, 32673, 116.87861044906246, 116.87861044906246, 'SEARCH'
10, 32674, 116.88164481062589, 116.88164481062589, 'SEARCH'
10, 32675, 116.86659107517553, 116.86659107517553, 'SEARCH'
10, 32676, 116.86568448392637, 116.86568448392637, 'SEARCH'
10, 32677, 116.83790671526273, 116.83790671526273, 'SEARCH'
10, 32678, 116.82935772797146, 116.82935772797146, 'SEARCH'
10, 32679, 116.80776909325924, 116.80776909325924, 'SEARCH'
10, 32680, 116.780267070073, 116.780267070073, 'SEARCH'
10, 32681, 116.77081075134896, 116.77081075134896, 'SEARCH'
10, 32682, 116.75994490091027, 116.75994490091027, 'SEARCH'
10, 32683, 116.73516904926939, 116.73516904926939, 'SEARCH'
10, 32684, 116.74291017817248, 116.74291017817248, 'SEARCH'
10, 32685, 116.72135081751091, 116.72135081751091, 'SEARCH'
10, 32686, 116.72476542914106, 116.72476542914106, 'SEARCH'
10, 32687, 116.73425367653604, 116.73425367653604, 'SEARCH'
10, 32688, 116.71293824820485, 116.71293824820485, 'SEARCH'
10, 32689, 116.6961634157387, 116.6961634157387, 'SEARCH'
10, 32690, 116.6867539174827, 116.6867539174827, 'SEARCH'
10, 32691, 116.67720347692848, 116.67720347692848, 'SEARCH'
10, 32692, 116.65439938713165, 116.65439938713165, 'SEARCH'
10, 32693, 116.66426135545264, 116.66426135545264, 'SEARCH'
10, 32694, 116.64289067192281, 116.64289067192281, 'SEARCH'
10, 32695, 116.62604704245614, 116.62604704245614, 'SEARCH'
10, 32696, 116.61491658081314, 116.61491658081314, 'SEARCH'
10, 32697, 116.60464037975517, 116.60464037975517, 'SEARCH'
10, 32698, 116.59943404461464, 116.59943404461464, 'SEARCH'
10, 32699, 116.57206927662767, 116.57206927662767, 'SEARCH'
10, 32700, 116.54901521105735, 116.54901521105735, 'SEARCH'
10, 32701, 116.52941343066708, 116.52941343066708, 'SEARCH'
10, 32702, 116.52177312033591, 116.52177312033591, 'SEARCH'
10, 32703, 116.49602819423583, 116.49602819423583, 'SEARCH'
10, 32704, 116.50822748362734, 116.50822748362734, 'SEARCH'
10, 32705, 116.48065908456098, 116.48065908456098, 'SEARCH'
10, 32706, 116.4643314238373, 116.4643314238373, 'SEARCH'
10, 32707, 116.46002821620792, 116.46002821620792, 'SEARCH'
10, 32708, 116.44829206591106, 116.44829206591106, 'SEARCH'
10, 32709, 116.45498462045327, 116.45498462045327, 'SEARCH'
10, 32710, 116.43939139530823, 116.43939139530823, 'SEARCH'
10, 32711, 116.41881504990498, 116.41881504990498, 'SEARCH'
10, 32712, 116.39257036896952, 116.39257036896952, 'SEARCH'
10, 32713, 116.3698350785299, 116.3698350785299, 'SEARCH'
10, 32714, 116.36838437172464, 116.36838437172464, 'SEARCH'
10, 32715, 116.36883089438726, 116.36883089438726, 'SEARCH'
10, 32716, 116.34549063405517, 116.34549063405517, 'SEARCH'
10, 32717, 116.3530592177011, 116.3530592177011, 'SEARCH'
10, 32718, 116.35917513259898, 116.35917513259898, 'SEARCH'
10, 32719, 116.33372595366583, 116.33372595366583, 'SEARCH'
10, 32720, 116.31967759679583, 116.31967759679583, 'SEARCH'
10, 32721, 116.29826172528918, 116.29826172528918, 'SEARCH'
10, 32722, 116.27409129707497, 116.27409129707497, 'SEARCH'
10, 32723, 116.26950285186024, 116.26950285186024, 'SEARCH'
10, 32724, 116.24190913598862, 116.24190913598862, 'SEARCH'
10, 32725, 116.23212722310909, 116.23212722310909, 'SEARCH'
10, 32726, 116.22185124751542, 116.22185124751542, 'SEARCH'
10, 32727, 116.21933578267395, 116.21933578267395, 'SEARCH'
10, 32728, 116.21464622166262, 116.21464622166262, 'SEARCH'
10, 32729, 116.19761672380807, 116.19761672380807, 'SEARCH'
10, 32730, 116.17010251390133, 116.17010251390133, 'SEARCH'
10, 32731, 116.14682807790217, 116.14682807790217, 'SEARCH'
10, 32732, 116.12464093946133, 116.12464093946133, 'SEARCH'
10, 32733, 116.10464631423088, 116.10464631423088, 'SEARCH'
10, 32734, 116.08106940120646, 116.08106940120646, 'SEARCH'
10, 32735, 116.0900675295893, 116.0900675295893, 'SEARCH'
10, 32736, 116.09809957256903, 116.09809957256903, 'SEARCH'
10, 32737, 116.08737383093532, 116.08737383093532, 'SEARCH'
10, 32738, 116.0999012908279, 116.0999012908279, 'SEARCH'
10, 32739, 116.07229049857017, 116.07229049857017, 'SEARCH'
10, 32740, 116.06044313714891, 116.06044313714891, 'SEARCH'
10, 32741, 116.03722985732936, 116.03722985732936, 'SEARCH'
10, 32742, 116.04662125026613, 116.04662125026613, 'SEARCH'
10, 32743, 116.022894697532, 116.022894697532, 'SEARCH'
10, 32744, 116.03407707517852, 116.03407707517852, 'SEARCH'
10, 32745, 116.01290910904353, 116.01290910904353, 'SEARCH'
10, 32746, 116.00061272845493, 116.00061272845493, 'SEARCH'
10, 32747, 115.99172563352461, 115.99172563352461, 'SEARCH'
10, 32748, 115.96863013327362, 115.96863013327362, 'SEARCH'
10, 32749, 115.94789948418568, 115.94789948418568, 'SEARCH'
10, 32750, 115.92048746089831, 115.92048746089831, 'SEARCH'
10, 32751, 115.9150617889678, 115.9150617889678, 'SEARCH'
10, 32752, 115.88890236615183, 115.88890236615183, 'SEARCH'
10, 32753, 115.89732584575779, 115.89732584575779, 'SEARCH'
10, 32754, 115.89469132536232, 115.89469132536232, 'SEARCH'
10, 32755, 115.90530841649985, 115.90530841649985, 'SEARCH'
10, 32756, 115.87985851016099, 115.87985851016099, 'SEARCH'
10, 32757, 115.85350694931753, 115.85350694931753, 'SEARCH'
10, 32758, 115.82767271712638, 115.82767271712638, 'SEARCH'
10, 32759, 115.80926618544088, 115.80926618544088, 'SEARCH'
10, 32760, 115.78483404231402, 115.78483404231402, 'SEARCH'
10, 32761, 115.76344909574509, 115.76344909574509, 'SEARCH'
10, 32762, 115.74393636574403, 115.74393636574403, 'SEARCH'
10, 32763, 115.73897470501412, 115.73897470501412, 'SEARCH'
10, 32764, 115.72125846879348, 115.72125846879348, 'SEARCH'
10, 32765, 115.71629952872644, 115.71629952872644, 'SEARCH'
10, 32766, 115.72331665426053, 115.72331665426053, 'SEARCH'
10, 32767, 115.71137405761449, 115.71137405761449, 'SEARCH'
10, 32768, 115.6884727550489, 115.6884727550489, 'SEARCH'
10, 32769, 115.67692748407494, 115.67692748407494, 'SEARCH'
10, 32770, 115.65031149450361, 115.65031149450361, 'SEARCH'
10, 32771, 115.62611727584353, 115.62611727584353, 'SEARCH'
10, 32772, 115.60886033911822, 115.60886033911822, 'SEARCH'
10, 32773, 115.58146365144081, 115.58146365144081, 'SEARCH'
10, 32774, 115.55579221569367, 115.55579221569367, 'SEARCH'
10, 32775, 115.53567880367932, 115.53567880367932, 'SEARCH'
10, 32776, 115.52160824351736, 115.52160824351736, 'SEARCH'
10, 32777, 115.51233700116778, 115.51233700116778, 'SEARCH'
10, 32778, 115.50676378360357, 115.50676378360357, 'SEARCH'
10, 32779, 115.48633585448266, 115.48633585448266, 'SEARCH'
10, 32780, 115.4879962064014, 115.4879962064014, 'SEARCH'
10, 32781, 115.4679028886143, 115.4679028886143, 'SEARCH'
10, 32782, 115.44189803979089, 115.44189803979089, 'SEARCH'
10, 32783, 115.42174216397454, 115.42174216397454, 'SEARCH'
10, 32784, 115.41249768841527, 115.41249768841527, 'SEARCH'
10, 32785, 115.38684119565124, 115.38684119565124, 'SEARCH'
10, 32786, 115.36773076358003, 115.36773076358003, 'SEARCH'
10, 32787, 115.38055015473819, 115.38055015473819, 'SEARCH'
10, 32788, 115.38170698881179, 115.38170698881179, 'SEARCH'
10, 32789, 115.36471720983029, 115.36471720983029, 'SEARCH'
10, 32790, 115.34465577505516, 115.34465577505516, 'SEARCH'
10, 32791, 115.3339470398896, 115.3339470398896, 'SEARCH'
10, 32792, 115.30947783534558, 115.30947783534558, 'SEARCH'
10, 32793, 115.30406684879532, 115.30406684879532, 'SEARCH'
10, 32794, 115.28237890508767, 115.28237890508767, 'SEARCH'
10, 32795, 115.26002466614892, 115.26002466614892, 'SEARCH'
10, 32796, 115.23243192414476, 115.23243192414476, 'SEARCH'
10, 32797, 115.22457750753898, 115.22457750753898, 'SEARCH'
10, 32798, 115.21763377357443, 115.21763377357443, 'SEARCH'
10, 32799, 115.20787890901686, 115.20787890901686, 'SEARCH'
10, 32800, 115.20051936378744, 115.20051936378744, 'SEARCH'
10, 32801, 115.21113278643095, 115.21113278643095, 'SEARCH'
10, 32802, 115.19069755444093, 115.19069755444093, 'SEARCH'
10, 32803, 115.16627455979827, 115.16627455979827, 'SEARCH'
10, 32804, 115.14142970492607, 115.14142970492607, 'SEARCH'
10, 32805, 115.1252975511457, 115.1252975511457, 'SEARCH'
10, 32806, 115.11971242733709, 115.11971242733709, 'SEARCH'
10, 32807, 115.1136064506198, 115.1136064506198, 'SEARCH'
10, 32808, 115.10539109689655, 115.10539109689655, 'SEARCH'
10, 32809, 115.09037765479239, 115.09037765479239, 'SEARCH'
10, 32810, 115.08374539081788, 115.08374539081788, 'SEARCH'
10, 32811, 115.08708873046612, 115.08708873046612, 'SEARCH'
10, 32812, 115.0913456293577, 115.0913456293577, 'SEARCH'
10, 32813, 115.06529032515866, 115.06529032515866, 'SEARCH'
10, 32814, 115.04016041194615, 115.04016041194615, 'SEARCH'
10, 32815, 115.03210884239446, 115.03210884239446, 'SEARCH'
10, 32816, 115.04512807241558, 115.04512807241558, 'SEARCH'
10, 32817, 115.05271499776174, 115.05271499776174, 'SEARCH'
10, 32818, 115.04042945358135, 115.04042945358135, 'SEARCH'
10, 32819, 115.01304714500102, 115.01304714500102, 'SEARCH'
10, 32820, 115.00618390351585, 115.00618390351585, 'SEARCH'
10, 32821, 115.00841701993569, 115.00841701993569, 'SEARCH'
10, 32822, 114.98240064767508, 114.98240064767508, 'SEARCH'
10, 32823, 114.97267721735987, 114.97267721735987, 'SEARCH'
10, 32824, 114.94508176976899, 114.94508176976899, 'SEARCH'
10, 32825, 114.95614672351607, 114.95614672351607, 'SEARCH'
10, 32826, 114.96805008459376, 114.96805008459376, 'SEARCH'
10, 32827, 114.94131212391537, 114.94131212391537, 'SEARCH'
10, 32828, 114.948655988446, 114.948655988446, 'SEARCH'
10, 32829, 114.92099381415517, 114.92099381415517, 'SEARCH'
10, 32830, 114.90496126503248, 114.90496126503248, 'SEARCH'
10, 32831, 114.90030432072308, 114.90030432072308, 'SEARCH'
10, 32832, 114.87253936252984, 114.87253936252984, 'SEARCH'
10, 32833, 114.84632170429514, 114.84632170429514, 'SEARCH'
10, 32834, 114.82061999956821, 114.82061999956821, 'SEARCH'
10, 32835, 114.80770131946915, 114.80770131946915, 'SEARCH'
10, 32836, 114.80182447407503, 114.80182447407503, 'SEARCH'
10, 32837, 114.80488020650208, 114.80488020650208, 'SEARCH'
10, 32838, 114.77710262575022, 114.77710262575022, 'SEARCH'
10, 32839, 114.74934621433164, 114.74934621433164, 'SEARCH'
10, 32840, 114.75619585847693, 114.75619585847693, 'SEARCH'
10, 32841, 114.75128951896352, 114.75128951896352, 'SEARCH'
10, 32842, 114.72387489455896, 114.72387489455896, 'SEARCH'
10, 32843, 114.71182484813603, 114.71182484813603, 'SEARCH'
10, 32844, 114.71435063443512, 114.71435063443512, 'SEARCH'
10, 32845, 114.70947129511697, 114.70947129511697, 'SEARCH'
10, 32846, 114.68781736208092, 114.68781736208092, 'SEARCH'
10, 32847, 114.68030297070258, 114.68030297070258, 'SEARCH'
10, 32848, 114.65278091405776, 114.65278091405776, 'SEARCH'
10, 32849, 114.63596150276018, 114.63596150276018, 'SEARCH'
10, 32850, 114.63144269057655, 114.63144269057655, 'SEARCH'
10, 32851, 114.62403611339163, 114.62403611339163, 'SEARCH'
10, 32852, 114.61658140847422, 114.61658140847422, 'SEARCH'
10, 32853, 114.5992248066414, 114.5992248066414, 'SEARCH'
10, 32854, 114.59214443443044, 114.59214443443044, 'SEARCH'
10, 32855, 114.5650928219804, 114.5650928219804, 'SEARCH'
10, 32856, 114.56699422728387, 114.56699422728387, 'SEARCH'
10, 32857, 114.55179432567718, 114.55179432567718, 'SEARCH'
10, 32858, 114.54332063148317, 114.54332063148317, 'SEARCH'
10, 32859, 114.5190574630209, 114.5190574630209, 'SEARCH'
10, 32860, 114.5137295864774, 114.5137295864774, 'SEARCH'
10, 32861, 114.50118268234743, 114.50118268234743, 'SEARCH'
10, 32862, 114.48052513424611, 114.48052513424611, 'SEARCH'
10, 32863, 114.45383491119888, 114.45383491119888, 'SEARCH'
10, 32864, 114.45091878906494, 114.45091878906494, 'SEARCH'
10, 32865, 114.42320466321652, 114.42320466321652, 'SEARCH'
10, 32866, 114.40575877913055, 114.40575877913055, 'SEARCH'
10, 32867, 114.4014111295629, 114.4014111295629, 'SEARCH'
10, 32868, 114.37605611603746, 114.37605611603746, 'SEARCH'
10, 32869, 114.36427349470073, 114.36427349470073, 'SEARCH'
10, 32870, 114.33979341056872, 114.33979341056872, 'SEARCH'
10, 32871, 114.31987452209569, 114.31987452209569, 'SEARCH'
10, 32872, 114.29315395367614, 114.29315395367614, 'SEARCH'
10, 32873, 114.28329078640498, 114.28329078640498, 'SEARCH'
10, 32874, 114.26852093916516, 114.26852093916516, 'SEARCH'
10, 32875, 114.26169556869036, 114.26169556869036, 'SEARCH'
10, 32876, 114.2380545676158, 114.2380545676158, 'SEARCH'
10, 32877, 114.23486708555669, 114.23486708555669, 'SEARCH'
10, 32878, 114.23019447007138, 114.23019447007138, 'SEARCH'
10, 32879, 114.20241690388004, 114.20241690388004, 'SEARCH'
10, 32880, 114.18948663142324, 114.18948663142324, 'SEARCH'
10, 32881, 114.17679557864916, 114.17679557864916, 'SEARCH'
10, 32882, 114.1524325597124, 114.1524325597124, 'SEARCH'
10, 32883, 114.1278226255267, 114.1278226255267, 'SEARCH'
10, 32884, 114.12084288692782, 114.12084288692782, 'SEARCH'
10, 32885, 114.12913066635006, 114.12913066635006, 'SEARCH'
10, 32886, 114.12371013438305, 114.12371013438305, 'SEARCH'
10, 32887, 114.13472338923548, 114.13472338923548, 'SEARCH'
10, 32888, 114.11110196073253, 114.11110196073253, 'SEARCH'
10, 32889, 114.08444544270196, 114.08444544270196, 'SEARCH'
10, 32890, 114.07930727412239, 114.07930727412239, 'SEARCH'
10, 32891, 114.06969384171204, 114.06969384171204, 'SEARCH'
10, 32892, 114.05482832638796, 114.05482832638796, 'SEARCH'
10, 32893, 114.02706059872618, 114.02706059872618, 'SEARCH'
10, 32894, 114.02247736380004, 114.02247736380004, 'SEARCH'
10, 32895, 114.00170594339568, 114.00170594339568, 'SEARCH'
10, 32896, 113.98763364793727, 113.98763364793727, 'SEARCH'
10, 32897, 113.96682715643072, 113.96682715643072, 'SEARCH'
10, 32898, 113.9484381135551, 113.9484381135551, 'SEARCH'
10, 32899, 113.92068567134265, 113.92068567134265, 'SEARCH'
10, 32900, 113.90084156601286, 113.90084156601286, 'SEARCH'
10, 32901, 113.90694364594138, 113.90694364594138, 'SEARCH'
10, 32902, 113.88210232124642, 113.88210232124642, 'SEARCH'
10, 32903, 113.85437431067083, 113.85437431067083, 'SEARCH'
10, 32904, 113.84032285021868, 113.84032285021868, 'SEARCH'
10, 32905, 113.83476472112704, 113.83476472112704, 'SEARCH'
10, 32906, 113.82915563978823, 113.82915563978823, 'SEARCH'
10, 32907, 113.81474814024801, 113.81474814024801, 'SEARCH'
10, 32908, 113.78971583888907, 113.78971583888907, 'SEARCH'
10, 32909, 113.77512876940825, 113.77512876940825, 'SEARCH'
10, 32910, 113.74784152743224, 113.74784152743224, 'SEARCH'
10, 32911, 113.75209145996779, 113.75209145996779, 'SEARCH'
10, 32912, 113.74199831151962, 113.74199831151962, 'SEARCH'
10, 32913, 113.71521641866177, 113.71521641866177, 'SEARCH'
10, 32914, 113.68753101904706, 113.68753101904706, 'SEARCH'
10, 32915, 113.66679184023235, 113.66679184023235, 'SEARCH'
10, 32916, 113.67382252631025, 113.67382252631025, 'SEARCH'
10, 32917, 113.6632157461519, 113.6632157461519, 'SEARCH'
10, 32918, 113.65127004593117, 113.65127004593117, 'SEARCH'
10, 32919, 113.63891024212046, 113.63891024212046, 'SEARCH'
10, 32920, 113.6449239977524, 113.6449239977524, 'SEARCH'
10, 32921, 113.63886165309464, 113.63886165309464, 'SEARCH'
10, 32922, 113.62769673081405, 113.62769673081405, 'SEARCH'
10, 32923, 113.60268365550975, 113.60268365550975, 'SEARCH'
10, 32924, 113.58471797751443, 113.58471797751443, 'SEARCH'
10, 32925, 113.55694088092929, 113.55694088092929, 'SEARCH'
10, 32926, 113.53302217961021, 113.53302217961021, 'SEARCH'
10, 32927, 113.51254953064698, 113.51254953064698, 'SEARCH'
10, 32928, 113.49451711441547, 113.49451711441547, 'SEARCH'
10, 32929, 113.48347747100506, 113.48347747100506, 'SEARCH'
10, 32930, 113.45800380993545, 113.45800380993545, 'SEARCH'
10, 32931, 113.4553382489559, 113.4553382489559, 'SEARCH'
10, 32932, 113.4275620336313, 113.4275620336313, 'SEARCH'
10, 32933, 113.4041164126233, 113.4041164126233, 'SEARCH'
10, 32934, 113.3773612020143, 113.3773612020143, 'SEARCH'
10, 32935, 113.35825091087528, 113.35825091087528, 'SEARCH'
10, 32936, 113.33433455782854, 113.33433455782854, 'SEARCH'
10, 32937, 113.32148638325168, 113.32148638325168, 'SEARCH'
10, 32938, 113.33307713826474, 113.33307713826474, 'SEARCH'
10, 32939, 113.31465283620417, 113.31465283620417, 'SEARCH'
10, 32940, 113.30715740173564, 113.30715740173564, 'SEARCH'
10, 32941, 113.29575595654987, 113.29575595654987, 'SEARCH'
10, 32942, 113.28549165899152, 113.28549165899152, 'SEARCH'
10, 32943, 113.29844613060575, 113.29844613060575, 'SEARCH'
10, 32944, 113.29140351229293, 113.29140351229293, 'SEARCH'
10, 32945, 113.2660670438799, 113.2660670438799, 'SEARCH'
10, 32946, 113.23848913457383, 113.23848913457383, 'SEARCH'
10, 32947, 113.22180971374466, 113.22180971374466, 'SEARCH'
10, 32948, 113.20021898465474, 113.20021898465474, 'SEARCH'
10, 32949, 113.17448353799911, 113.17448353799911, 'SEARCH'
10, 32950, 113.14823559848382, 113.14823559848382, 'SEARCH'
10, 32951, 113.13698433673179, 113.13698433673179, 'SEARCH'
10, 32952, 113.11343365076179, 113.11343365076179, 'SEARCH'
10, 32953, 113.08616626918825, 113.08616626918825, 'SEARCH'
10, 32954, 113.05890054267742, 113.05890054267742, 'SEARCH'
10, 32955, 113.0323313926517, 113.0323313926517, 'SEARCH'
10, 32956, 113.00551337024956, 113.00551337024956, 'SEARCH'
10, 32957, 112.97973738347851, 112.97973738347851, 'SEARCH'
10, 32958, 112.98512910061038, 112.98512910061038, 'SEARCH'
10, 32959, 112.96730308172579, 112.96730308172579, 'SEARCH'
10, 32960, 112.97069839774191, 112.97069839774191, 'SEARCH'
10, 32961, 112.94398448871851, 112.94398448871851, 'SEARCH'
10, 32962, 112.91672481559597, 112.91672481559597, 'SEARCH'
10, 32963, 112.89290867020131, 112.89290867020131, 'SEARCH'
10, 32964, 112.87291154129184, 112.87291154129184, 'SEARCH'
10, 32965, 112.84524344234106, 112.84524344234106, 'SEARCH'
10, 32966, 112.83481792331791, 112.83481792331791, 'SEARCH'
10, 32967, 112.82756732891617, 112.82756732891617, 'SEARCH'
10, 32968, 112.79978976783994, 112.79978976783994, 'SEARCH'
10, 32969, 112.77765992427086, 112.77765992427086, 'SEARCH'
10, 32970, 112.75140945475398, 112.75140945475398, 'SEARCH'
10, 32971, 112.72363578775466, 112.72363578775466, 'SEARCH'
10, 32972, 112.70087489566245, 112.70087489566245, 'SEARCH'
10, 32973, 112.69316222201512, 112.69316222201512, 'SEARCH'
10, 32974, 112.67276841251729, 112.67276841251729, 'SEARCH'
10, 32975, 112.64809409143984, 112.64809409143984, 'SEARCH'
10, 32976, 112.64295015441945, 112.64295015441945, 'SEARCH'
10, 32977, 112.61528788934282, 112.61528788934282, 'SEARCH'
10, 32978, 112.58751039243164, 112.58751039243164, 'SEARCH'
10, 32979, 112.56260760806892, 112.56260760806892, 'SEARCH'
10, 32980, 112.54600138772426, 112.54600138772426, 'SEARCH'
10, 32981, 112.51828400866337, 112.51828400866337, 'SEARCH'
10, 32982, 112.49588835240071, 112.49588835240071, 'SEARCH'
10, 32983, 112.49358161640521, 112.49358161640521, 'SEARCH'
10, 32984, 112.47257676091529, 112.47257676091529, 'SEARCH'
10, 32985, 112.46050134676624, 112.46050134676624, 'SEARCH'
10, 32986, 112.44115319218598, 112.44115319218598, 'SEARCH'
10, 32987, 112.41381952113777, 112.41381952113777, 'SEARCH'
10, 32988, 112.4197275902178, 112.4197275902178, 'SEARCH'
10, 32989, 112.41450395539084, 112.41450395539084, 'SEARCH'
10, 32990, 112.3891390873299, 112.3891390873299, 'SEARCH'
10, 32991, 112.37283106234409, 112.37283106234409, 'SEARCH'
10, 32992, 112.34902542998579, 112.34902542998579, 'SEARCH'
10, 32993, 112.32206390715181, 112.32206390715181, 'SEARCH'
10, 32994, 112.33025188724054, 112.33025188724054, 'SEARCH'
10, 32995, 112.31165683025932, 112.31165683025932, 'SEARCH'
10, 32996, 112.29782466429158, 112.29782466429158, 'SEARCH'
10, 32997, 112.28829820314813, 112.28829820314813, 'SEARCH'
10, 32998, 112.27979671210579, 112.27979671210579, 'SEARCH'
10, 32999, 112.2764511603228, 112.2764511603228, 'SEARCH'
10, 33000, 112.25751600105323, 112.25751600105323, 'SEARCH'
10, 33001, 112.23722914419007, 112.23722914419007, 'SEARCH'
10, 33002, 112.2439672859194, 112.2439672859194, 'SEARCH'
10, 33003, 112.2265174864719, 112.2265174864719, 'SEARCH'
10, 33004, 112.21099743479859, 112.21099743479859, 'SEARCH'
10, 33005, 112.20285770559443, 112.20285770559443, 'SEARCH'
10, 33006, 112.19620231873017, 112.19620231873017, 'SEARCH'
10, 33007, 112.17214980580069, 112.17214980580069, 'SEARCH'
10, 33008, 112.1582279221698, 112.1582279221698, 'SEARCH'
10, 33009, 112.14221607117207, 112.14221607117207, 'SEARCH'
10, 33010, 112.11475656461374, 112.11475656461374, 'SEARCH'
10, 33011, 112.11493984130226, 112.11493984130226, 'SEARCH'
10, 33012, 112.08905288324391, 112.08905288324391, 'SEARCH'
10, 33013, 112.06530786523986, 112.06530786523986, 'SEARCH'
10, 33014, 112.06300109422877, 112.06300109422877, 'SEARCH'
10, 33015, 112.03656431525216, 112.03656431525216, 'SEARCH'
10, 33016, 112.01733831953324, 112.01733831953324, 'SEARCH'
10, 33017, 112.00744980277867, 112.00744980277867, 'SEARCH'
10, 33018, 111.98249438590885, 111.98249438590885, 'SEARCH'
10, 33019, 111.96183880664424, 111.96183880664424, 'SEARCH'
10, 33020, 111.94506395220348, 111.94506395220348, 'SEARCH'
10, 33021, 111.93941619808517, 111.93941619808517, 'SEARCH'
10, 33022, 111.91179894948742, 111.91179894948742, 'SEARCH'
10, 33023, 111.88583275827342, 111.88583275827342, 'SEARCH'
10, 33024, 111.86714675265792, 111.86714675265792, 'SEARCH'
10, 33025, 111.8772786334396, 111.8772786334396, 'SEARCH'
10, 33026, 111.87232794659297, 111.87232794659297, 'SEARCH'
10, 33027, 111.87348637295801, 111.87348637295801, 'SEARCH'
10, 33028, 111.85906749545485, 111.85906749545485, 'SEARCH'
10, 33029, 111.84492495843826, 111.84492495843826, 'SEARCH'
10, 33030, 111.82926556416236, 111.82926556416236, 'SEARCH'
10, 33031, 111.83896495248659, 111.83896495248659, 'SEARCH'
10, 33032, 111.84860704199308, 111.84860704199308, 'SEARCH'
10, 33033, 111.82535958008926, 111.82535958008926, 'SEARCH'
10, 33034, 111.82930060785608, 111.82930060785608, 'SEARCH'
10, 33035, 111.81259623966177, 111.81259623966177, 'SEARCH'
10, 33036, 111.7853254803816, 111.7853254803816, 'SEARCH'
10, 33037, 111.77906914809041, 111.77906914809041, 'SEARCH'
10, 33038, 111.76683866781093, 111.76683866781093, 'SEARCH'
10, 33039, 111.74626442970352, 111.74626442970352, 'SEARCH'
10, 33040, 111.74767038457473, 111.74767038457473, 'SEARCH'
10, 33041, 111.73010624478454, 111.73010624478454, 'SEARCH'
10, 33042, 111.72494239350294, 111.72494239350294, 'SEARCH'
10, 33043, 111.70223285115001, 111.70223285115001, 'SEARCH'
10, 33044, 111.68261007686834, 111.68261007686834, 'SEARCH'
10, 33045, 111.66227475464424, 111.66227475464424, 'SEARCH'
10, 33046, 111.67139825469802, 111.67139825469802, 'SEARCH'
10, 33047, 111.64733075394689, 111.64733075394689, 'SEARCH'
10, 33048, 111.63094669444506, 111.63094669444506, 'SEARCH'
10, 33049, 111.60333497317343, 111.60333497317343, 'SEARCH'
10, 33050, 111.61159500948798, 111.61159500948798, 'SEARCH'
10, 33051, 111.58385109203458, 111.58385109203458, 'SEARCH'
10, 33052, 111.58202034697491, 111.58202034697491, 'SEARCH'
10, 33053, 111.55430678960788, 111.55430678960788, 'SEARCH'
10, 33054, 111.53726466127837, 111.53726466127837, 'SEARCH'
10, 33055, 111.53392133301601, 111.53392133301601, 'SEARCH'
10, 33056, 111.54564823847677, 111.54564823847677, 'SEARCH'
10, 33057, 111.53472430667846, 111.53472430667846, 'SEARCH'
10, 33058, 111.53798799604631, 111.53798799604631, 'SEARCH'
10, 33059, 111.52608225336354, 111.52608225336354, 'SEARCH'
10, 33060, 111.50561176464045, 111.50561176464045, 'SEARCH'
10, 33061, 111.49542118403778, 111.49542118403778, 'SEARCH'
10, 33062, 111.46863809019652, 111.46863809019652, 'SEARCH'
10, 33063, 111.44663347320031, 111.44663347320031, 'SEARCH'
10, 33064, 111.42222227243181, 111.42222227243181, 'SEARCH'
10, 33065, 111.4210570659764, 111.4210570659764, 'SEARCH'
10, 33066, 111.41179650428819, 111.41179650428819, 'SEARCH'
10, 33067, 111.38834153511596, 111.38834153511596, 'SEARCH'
10, 33068, 111.37825534503408, 111.37825534503408, 'SEARCH'
10, 33069, 111.35257172246229, 111.35257172246229, 'SEARCH'
10, 33070, 111.34477449418154, 111.34477449418154, 'SEARCH'
10, 33071, 111.3197217210569, 111.3197217210569, 'SEARCH'
10, 33072, 111.29712916342798, 111.29712916342798, 'SEARCH'
10, 33073, 111.28059047764165, 111.28059047764165, 'SEARCH'
10, 33074, 111.25534759624206, 111.25534759624206, 'SEARCH'
10, 33075, 111.22847365173155, 111.22847365173155, 'SEARCH'
10, 33076, 111.21162819017947, 111.21162819017947, 'SEARCH'
10, 33077, 111.19219132133752, 111.19219132133752, 'SEARCH'
10, 33078, 111.20283759482012, 111.20283759482012, 'SEARCH'
10, 33079, 111.18962482658299, 111.18962482658299, 'SEARCH'
10, 33080, 111.1747140310217, 111.1747140310217, 'SEARCH'
10, 33081, 111.17735326064205, 111.17735326064205, 'SEARCH'
10, 33082, 111.16037470315246, 111.16037470315246, 'SEARCH'
10, 33083, 111.13260351796607, 111.13260351796607, 'SEARCH'
10, 33084, 111.10482609603851, 111.10482609603851, 'SEARCH'
10, 33085, 111.07734165614265, 111.07734165614265, 'SEARCH'
10, 33086, 111.06414697265153, 111.06414697265153, 'SEARCH'
10, 33087, 111.06535564000453, 111.06535564000453, 'SEARCH'
10, 33088, 111.0508980186631, 111.0508980186631, 'SEARCH'
10, 33089, 111.03360475852656, 111.03360475852656, 'SEARCH'
10, 33090, 111.04005388826137, 111.04005388826137, 'SEARCH'
10, 33091, 111.01241396369949, 111.01241396369949, 'SEARCH'
10, 33092, 110.98553963082243, 110.98553963082243, 'SEARCH'
10, 33093, 110.9698367063346, 110.9698367063346, 'SEARCH'
10, 33094, 110.94205976428562, 110.94205976428562, 'SEARCH'
10, 33095, 110.91530556338789, 110.91530556338789, 'SEARCH'
10, 33096, 110.89913075246726, 110.89913075246726, 'SEARCH'
10, 33097, 110.90142813582007, 110.90142813582007, 'SEARCH'
10, 33098, 110.87699085436644, 110.87699085436644, 'SEARCH'
10, 33099, 110.85472326087287, 110.85472326087287, 'SEARCH'
10, 33100, 110.8287341269915, 110.8287341269915, 'SEARCH'
10, 33101, 110.805262184482, 110.805262184482, 'SEARCH'
10, 33102, 110.77811378568533, 110.77811378568533, 'SEARCH'
10, 33103, 110.7695974753201, 110.7695974753201, 'SEARCH'
10, 33104, 110.77863758292365, 110.77863758292365, 'SEARCH'
10, 33105, 110.76197723463699, 110.76197723463699, 'SEARCH'
10, 33106, 110.74684289023483, 110.74684289023483, 'SEARCH'
10, 33107, 110.73821423978075, 110.73821423978075, 'SEARCH'
10, 33108, 110.74005170772155, 110.74005170772155, 'SEARCH'
10, 33109, 110.71806102980986, 110.71806102980986, 'SEARCH'
10, 33110, 110.73093700182497, 110.73093700182497, 'SEARCH'
10, 33111, 110.70629266162851, 110.70629266162851, 'SEARCH'
10, 33112, 110.71952895047244, 110.71952895047244, 'SEARCH'
10, 33113, 110.70412430598388, 110.70412430598388, 'SEARCH'
10, 33114, 110.68355767336976, 110.68355767336976, 'SEARCH'
10, 33115, 110.67130248504392, 110.67130248504392, 'SEARCH'
10, 33116, 110.65319574360498, 110.65319574360498, 'SEARCH'
10, 33117, 110.64635871588682, 110.64635871588682, 'SEARCH'
10, 33118, 110.636681031483, 110.636681031483, 'SEARCH'
10, 33119, 110.61352564107426, 110.61352564107426, 'SEARCH'
10, 33120, 110.59304443066657, 110.59304443066657, 'SEARCH'
10, 33121, 110.56755909343207, 110.56755909343207, 'SEARCH'
10, 33122, 110.57588003575947, 110.57588003575947, 'SEARCH'
10, 33123, 110.58818272603747, 110.58818272603747, 'SEARCH'
10, 33124, 110.56964911982476, 110.56964911982476, 'SEARCH'
10, 33125, 110.54270574350332, 110.54270574350332, 'SEARCH'
10, 33126, 110.5151296541532, 110.5151296541532, 'SEARCH'
10, 33127, 110.5083371640508, 110.5083371640508, 'SEARCH'
10, 33128, 110.49112243345004, 110.49112243345004, 'SEARCH'
10, 33129, 110.5012722122491, 110.5012722122491, 'SEARCH'
10, 33130, 110.48965983777246, 110.48965983777246, 'SEARCH'
10, 33131, 110.4635266153903, 110.4635266153903, 'SEARCH'
10, 33132, 110.44556909939699, 110.44556909939699, 'SEARCH'
10, 33133, 110.44431394926221, 110.44431394926221, 'SEARCH'
10, 33134, 110.41785454948464, 110.41785454948464, 'SEARCH'
10, 33135, 110.39030585834935, 110.39030585834935, 'SEARCH'
10, 33136, 110.38577208830353, 110.38577208830353, 'SEARCH'
10, 33137, 110.36184676485448, 110.36184676485448, 'SEARCH'
10, 33138, 110.34417485801137, 110.34417485801137, 'SEARCH'
10, 33139, 110.32397745565262, 110.32397745565262, 'SEARCH'
10, 33140, 110.29738155433986, 110.29738155433986, 'SEARCH'
10, 33141, 110.27713865408771, 110.27713865408771, 'SEARCH'
10, 33142, 110.24947037434681, 110.24947037434681, 'SEARCH'
10, 33143, 110.23276388189448, 110.23276388189448, 'SEARCH'
10, 33144, 110.22412830454199, 110.22412830454199, 'SEARCH'
10, 33145, 110.23465003093206, 110.23465003093206, 'SEARCH'
10, 33146, 110.2468759322587, 110.2468759322587, 'SEARCH'
10, 33147, 110.23258297370258, 110.23258297370258, 'SEARCH'
10, 33148, 110.24167717861991, 110.24167717861991, 'SEARCH'
10, 33149, 110.22458904405102, 110.22458904405102, 'SEARCH'
10, 33150, 110.21782031393649, 110.21782031393649, 'SEARCH'
10, 33151, 110.21240169135038, 110.21240169135038, 'SEARCH'
10, 33152, 110.18485484050247, 110.18485484050247, 'SEARCH'
10, 33153, 110.17114521895654, 110.17114521895654, 'SEARCH'
10, 33154, 110.15105216909316, 110.15105216909316, 'SEARCH'
10, 33155, 110.14600734336672, 110.14600734336672, 'SEARCH'
10, 33156, 110.1463022814961, 110.1463022814961, 'SEARCH'
10, 33157, 110.11980581366514, 110.11980581366514, 'SEARCH'
10, 33158, 110.09208050072488, 110.09208050072488, 'SEARCH'
10, 33159, 110.08057803259257, 110.08057803259257, 'SEARCH'
10, 33160, 110.06447367894398, 110.06447367894398, 'SEARCH'
10, 33161, 110.03682025733622, 110.03682025733622, 'SEARCH'
10, 33162, 110.01662381303753, 110.01662381303753, 'SEARCH'
10, 33163, 110.00140358801278, 110.00140358801278, 'SEARCH'
10, 33164, 109.97637104486267, 109.97637104486267, 'SEARCH'
10, 33165, 109.94868566271255, 109.94868566271255, 'SEARCH'
10, 33166, 109.9344973527149, 109.9344973527149, 'SEARCH'
10, 33167, 109.90795280262236, 109.90795280262236, 'SEARCH'
10, 33168, 109.89008107877035, 109.89008107877035, 'SEARCH'
10, 33169, 109.86947628502955, 109.86947628502955, 'SEARCH'
10, 33170, 109.85772952668341, 109.85772952668341, 'SEARCH'
10, 33171, 109.83412984392976, 109.83412984392976, 'SEARCH'
10, 33172, 109.8107578500394, 109.8107578500394, 'SEARCH'
10, 33173, 109.81529925851693, 109.81529925851693, 'SEARCH'
10, 33174, 109.82929790354976, 109.82929790354976, 'SEARCH'
10, 33175, 109.81067042202308, 109.81067042202308, 'SEARCH'
10, 33176, 109.8038310840974, 109.8038310840974, 'SEARCH'
10, 33177, 109.81167563877699, 109.81167563877699, 'SEARCH'
10, 33178, 109.82396279718208, 109.82396279718208, 'SEARCH'
10, 33179, 109.81533171488854, 109.81533171488854, 'SEARCH'
10, 33180, 109.8011305782207, 109.8011305782207, 'SEARCH'
10, 33181, 109.77736048121946, 109.77736048121946, 'SEARCH'
10, 33182, 109.74979774018163, 109.74979774018163, 'SEARCH'
10, 33183, 109.76291163200749, 109.76291163200749, 'SEARCH'
10, 33184, 109.77680877766518, 109.77680877766518, 'SEARCH'
10, 33185, 109.7633972433327, 109.7633972433327, 'SEARCH'
10, 33186, 109.76389178290525, 109.76389178290525, 'SEARCH'
10, 33187, 109.75309305803941, 109.75309305803941, 'SEARCH'
10, 33188, 109.74777890251553, 109.74777890251553, 'SEARCH'
10, 33189, 109.76174294265229, 109.76174294265229, 'SEARCH'
10, 33190, 109.7428087738119, 109.7428087738119, 'SEARCH'
10, 33191, 109.71783419638406, 109.71783419638406, 'SEARCH'
10, 33192, 109.69006022591583, 109.69006022591583, 'SEARCH'
10, 33193, 109.66379599262429, 109.66379599262429, 'SEARCH'
10, 33194, 109.65205376126848, 109.65205376126848, 'SEARCH'
10, 33195, 109.63082464708964, 109.63082464708964, 'SEARCH'
10, 33196, 109.62275406804817, 109.62275406804817, 'SEARCH'
10, 33197, 109.60276835784896, 109.60276835784896, 'SEARCH'
10, 33198, 109.59934820849256, 109.59934820849256, 'SEARCH'
10, 33199, 109.59066792326556, 109.59066792326556, 'SEARCH'
10, 33200, 109.57046200221639, 109.57046200221639, 'SEARCH'
10, 33201, 109.55776901328962, 109.55776901328962, 'SEARCH'
10, 33202, 109.54749581180967, 109.54749581180967, 'SEARCH'
10, 33203, 109.5245046860578, 109.5245046860578, 'SEARCH'
10, 33204, 109.49699798222694, 109.49699798222694, 'SEARCH'
10, 33205, 109.4736844768511, 109.4736844768511, 'SEARCH'
10, 33206, 109.44687738824443, 109.44687738824443, 'SEARCH'
10, 33207, 109.42765397425742, 109.42765397425742, 'SEARCH'
10, 33208, 109.415538656711, 109.415538656711, 'SEARCH'
10, 33209, 109.40651059979575, 109.40651059979575, 'SEARCH'
10, 33210, 109.37923513771572, 109.37923513771572, 'SEARCH'
10, 33211, 109.36835484176363, 109.36835484176363, 'SEARCH'
10, 33212, 109.34191066521552, 109.34191066521552, 'SEARCH'
10, 33213, 109.35530731305127, 109.35530731305127, 'SEARCH'
10, 33214, 109.33846534006541, 109.33846534006541, 'SEARCH'
10, 33215, 109.31554765322939, 109.31554765322939, 'SEARCH'
10, 33216, 109.31638291534797, 109.31638291534797, 'SEARCH'
10, 33217, 109.29323867407989, 109.29323867407989, 'SEARCH'
10, 33218, 109.26954515884836, 109.26954515884836, 'SEARCH'
10, 33219, 109.26111716182966, 109.26111716182966, 'SEARCH'
10, 33220, 109.25909379786088, 109.25909379786088, 'SEARCH'
10, 33221, 109.23464136776538, 109.23464136776538, 'SEARCH'
10, 33222, 109.20686628856795, 109.20686628856795, 'SEARCH'
10, 33223, 109.19684553218767, 109.19684553218767, 'SEARCH'
10, 33224, 109.16975093969215, 109.16975093969215, 'SEARCH'
10, 33225, 109.16963275192414, 109.16963275192414, 'SEARCH'
10, 33226, 109.14203931737028, 109.14203931737028, 'SEARCH'
10, 33227, 109.11616888742915, 109.11616888742915, 'SEARCH'
10, 33228, 109.11314634896316, 109.11314634896316, 'SEARCH'
10, 33229, 109.09697329163286, 109.09697329163286, 'SEARCH'
10, 33230, 109.07250053445767, 109.07250053445767, 'SEARCH'
10, 33231, 109.07631327844963, 109.07631327844963, 'SEARCH'
10, 33232, 109.04885727879433, 109.04885727879433, 'SEARCH'
10, 33233, 109.05686906787902, 109.05686906787902, 'SEARCH'
10, 33234, 109.06480465086781, 109.06480465086781, 'SEARCH'
10, 33235, 109.03790384045581, 109.03790384045581, 'SEARCH'
10, 33236, 109.01423138608226, 109.01423138608226, 'SEARCH'
10, 33237, 109.00825843371386, 109.00825843371386, 'SEARCH'
10, 33238, 109.0132938771201, 109.0132938771201, 'SEARCH'
10, 33239, 109.0139148596075, 109.0139148596075, 'SEARCH'
10, 33240, 108.98697683337076, 108.98697683337076, 'SEARCH'
10, 33241, 108.99921547438174, 108.99921547438174, 'SEARCH'
10, 33242, 108.98026267269283, 108.98026267269283, 'SEARCH'
10, 33243, 108.9525204840746, 108.9525204840746, 'SEARCH'
10, 33244, 108.9273556245659, 108.9273556245659, 'SEARCH'
10, 33245, 108.912199161865, 108.912199161865, 'SEARCH'
10, 33246, 108.89518591161217, 108.89518591161217, 'SEARCH'
10, 33247, 108.86889914891759, 108.86889914891759, 'SEARCH'
10, 33248, 108.84119768719368, 108.84119768719368, 'SEARCH'
10, 33249, 108.83843622632322, 108.83843622632322, 'SEARCH'
10, 33250, 108.81072137362005, 108.81072137362005, 'SEARCH'
10, 33251, 108.78442374063916, 108.78442374063916, 'SEARCH'
10, 33252, 108.76861782645192, 108.76861782645192, 'SEARCH'
10, 33253, 108.74856192349776, 108.74856192349776, 'SEARCH'
10, 33254, 108.72287531946986, 108.72287531946986, 'SEARCH'
10, 33255, 108.70148200474574, 108.70148200474574, 'SEARCH'
10, 33256, 108.69595187058663, 108.69595187058663, 'SEARCH'
10, 33257, 108.67795923141004, 108.67795923141004, 'SEARCH'
10, 33258, 108.65030783398814, 108.65030783398814, 'SEARCH'
10, 33259, 108.62261984060004, 108.62261984060004, 'SEARCH'
10, 33260, 108.59996181406868, 108.59996181406868, 'SEARCH'
10, 33261, 108.5722273763145, 108.5722273763145, 'SEARCH'
10, 33262, 108.57264892038408, 108.57264892038408, 'SEARCH'
10, 33263, 108.55177844327115, 108.55177844327115, 'SEARCH'
10, 33264, 108.54086230770412, 108.54086230770412, 'SEARCH'
10, 33265, 108.52813692071493, 108.52813692071493, 'SEARCH'
10, 33266, 108.54101383886568, 108.54101383886568, 'SEARCH'
10, 33267, 108.52565976481394, 108.52565976481394, 'SEARCH'
10, 33268, 108.51451295948654, 108.51451295948654, 'SEARCH'
10, 33269, 108.51655474571155, 108.51655474571155, 'SEARCH'
10, 33270, 108.50396400377326, 108.50396400377326, 'SEARCH'
10, 33271, 108.48123022762171, 108.48123022762171, 'SEARCH'
10, 33272, 108.45822065034244, 108.45822065034244, 'SEARCH'
10, 33273, 108.43048023011626, 108.43048023011626, 'SEARCH'
10, 33274, 108.40273808897416, 108.40273808897416, 'SEARCH'
10, 33275, 108.40330377607822, 108.40330377607822, 'SEARCH'
10, 33276, 108.40620667666059, 108.40620667666059, 'SEARCH'
10, 33277, 108.37844889613625, 108.37844889613625, 'SEARCH'
10, 33278, 108.38417333191882, 108.38417333191882, 'SEARCH'
10, 33279, 108.36957040134408, 108.36957040134408, 'SEARCH'
10, 33280, 108.35066480672772, 108.35066480672772, 'SEARCH'
10, 33281, 108.32457144187576, 108.32457144187576, 'SEARCH'
10, 33282, 108.3056467153917, 108.3056467153917, 'SEARCH'
10, 33283, 108.27788541694213, 108.27788541694213, 'SEARCH'
10, 33284, 108.26572130334483, 108.26572130334483, 'SEARCH'
10, 33285, 108.23794698105455, 108.23794698105455, 'SEARCH'
10, 33286, 108.21125023480027, 108.21125023480027, 'SEARCH'
10, 33287, 108.19129212222471, 108.19129212222471, 'SEARCH'
10, 33288, 108.19611358881755, 108.19611358881755, 'SEARCH'
10, 33289, 108.16835599435825, 108.16835599435825, 'SEARCH'
10, 33290, 108.17915799972701, 108.17915799972701, 'SEARCH'
10, 33291, 108.18987823707697, 108.18987823707697, 'SEARCH'
10, 33292, 108.16547092795588, 108.16547092795588, 'SEARCH'
10, 33293, 108.15711324552191, 108.15711324552191, 'SEARCH'
10, 33294, 108.15260381620955, 108.15260381620955, 'SEARCH'
10, 33295, 108.13728190206052, 108.13728190206052, 'SEARCH'
10, 33296, 108.11095300807685, 108.11095300807685, 'SEARCH'
10, 33297, 108.08477285504567, 108.08477285504567, 'SEARCH'
10, 33298, 108.08551295947994, 108.08551295947994, 'SEARCH'
10, 33299, 108.09145421127741, 108.09145421127741, 'SEARCH'
10, 33300, 108.08052665950717, 108.08052665950717, 'SEARCH'
10, 33301, 108.05277856260228, 108.05277856260228, 'SEARCH'
10, 33302, 108.04129420276122, 108.04129420276122, 'SEARCH'
10, 33303, 108.02404262816025, 108.02404262816025, 'SEARCH'
10, 33304, 108.01252002537136, 108.01252002537136, 'SEARCH'
10, 33305, 107.98565072486002, 107.98565072486002, 'SEARCH'
10, 33306, 107.97926528589674, 107.97926528589674, 'SEARCH'
10, 33307, 107.98624497413566, 107.98624497413566, 'SEARCH'
10, 33308, 107.98172473588319, 107.98172473588319, 'SEARCH'
10, 33309, 107.9625860736284, 107.9625860736284, 'SEARCH'
10, 33310, 107.94269818946668, 107.94269818946668, 'SEARCH'
10, 33311, 107.93189294294872, 107.93189294294872, 'SEARCH'
10, 33312, 107.90505168326337, 107.90505168326337, 'SEARCH'
10, 33313, 107.89501189843237, 107.89501189843237, 'SEARCH'
10, 33314, 107.90096593782958, 107.90096593782958, 'SEARCH'
10, 33315, 107.88741855220705, 107.88741855220705, 'SEARCH'
10, 33316, 107.88241522580873, 107.88241522580873, 'SEARCH'
10, 33317, 107.86327215314536, 107.86327215314536, 'SEARCH'
10, 33318, 107.8538914398485, 107.8538914398485, 'SEARCH'
10, 33319, 107.8387925147492, 107.8387925147492, 'SEARCH'
10, 33320, 107.81579401165604, 107.81579401165604, 'SEARCH'
10, 33321, 107.7944935350336, 107.7944935350336, 'SEARCH'
10, 33322, 107.77345468803293, 107.77345468803293, 'SEARCH'
10, 33323, 107.74634549816012, 107.74634549816012, 'SEARCH'
10, 33324, 107.72687945713197, 107.72687945713197, 'SEARCH'
10, 33325, 107.70704405551898, 107.70704405551898, 'SEARCH'
10, 33326, 107.68684725885008, 107.68684725885008, 'SEARCH'
10, 33327, 107.65975065722994, 107.65975065722994, 'SEARCH'
10, 33328, 107.63688758429568, 107.63688758429568, 'SEARCH'
10, 33329, 107.63667138830374, 107.63667138830374, 'SEARCH'
10, 33330, 107.60956532957061, 107.60956532957061, 'SEARCH'
10, 33331, 107.61744671717285, 107.61744671717285, 'SEARCH'
10, 33332, 107.59477315008, 107.59477315008, 'SEARCH'
10, 33333, 107.56944478564478, 107.56944478564478, 'SEARCH'
10, 33334, 107.54166950650405, 107.54166950650405, 'SEARCH'
10, 33335, 107.55221226643707, 107.55221226643707, 'SEARCH'
10, 33336, 107.54839848413243, 107.54839848413243, 'SEARCH'
10, 33337, 107.52873482033249, 107.52873482033249, 'SEARCH'
10, 33338, 107.50136701280147, 107.50136701280147, 'SEARCH'
10, 33339, 107.47431280402257, 107.47431280402257, 'SEARCH'
10, 33340, 107.4824365492068, 107.4824365492068, 'SEARCH'
10, 33341, 107.47515661889099, 107.47515661889099, 'SEARCH'
10, 33342, 107.44850279644197, 107.44850279644197, 'SEARCH'
10, 33343, 107.42190578407974, 107.42190578407974, 'SEARCH'
10, 33344, 107.39965734253357, 107.39965734253357, 'SEARCH'
10, 33345, 107.38848137638152, 107.38848137638152, 'SEARCH'
10, 33346, 107.36085958512525, 107.36085958512525, 'SEARCH'
10, 33347, 107.36616781885569, 107.36616781885569, 'SEARCH'
10, 33348, 107.35030754369431, 107.35030754369431, 'SEARCH'
10, 33349, 107.33642453825874, 107.33642453825874, 'SEARCH'
10, 33350, 107.31480255124923, 107.31480255124923, 'SEARCH'
10, 33351, 107.28939162732743, 107.28939162732743, 'SEARCH'
10, 33352, 107.28400238012014, 107.28400238012014, 'SEARCH'
10, 33353, 107.29149083167906, 107.29149083167906, 'SEARCH'
10, 33354, 107.30342135939108, 107.30342135939108, 'SEARCH'
10, 33355, 107.31482229213312, 107.31482229213312, 'SEARCH'
10, 33356, 107.29322631781746, 107.29322631781746, 'SEARCH'
10, 33357, 107.30592507618053, 107.30592507618053, 'SEARCH'
10, 33358, 107.30737910260247, 107.30737910260247, 'SEARCH'
10, 33359, 107.2996314686424, 107.2996314686424, 'SEARCH'
10, 33360, 107.3075851051943, 107.3075851051943, 'SEARCH'
10, 33361, 107.3111787770908, 107.3111787770908, 'SEARCH'
10, 33362, 107.28340349296118, 107.28340349296118, 'SEARCH'
10, 33363, 107.26113113494513, 107.26113113494513, 'SEARCH'
10, 33364, 107.27351429007491, 107.27351429007491, 'SEARCH'
10, 33365, 107.25729265120246, 107.25729265120246, 'SEARCH'
10, 33366, 107.24222494470014, 107.24222494470014, 'SEARCH'
10, 33367, 107.22511469196303, 107.22511469196303, 'SEARCH'
10, 33368, 107.20135935723798, 107.20135935723798, 'SEARCH'
10, 33369, 107.21048338856419, 107.21048338856419, 'SEARCH'
10, 33370, 107.18552392658171, 107.18552392658171, 'SEARCH'
10, 33371, 107.18064552539575, 107.18064552539575, 'SEARCH'
10, 33372, 107.17614625928621, 107.17614625928621, 'SEARCH'
10, 33373, 107.14839434520624, 107.14839434520624, 'SEARCH'
10, 33374, 107.12066529192937, 107.12066529192937, 'SEARCH'
10, 33375, 107.12910516581391, 107.12910516581391, 'SEARCH'
10, 33376, 107.1226100947971, 107.1226100947971, 'SEARCH'
10, 33377, 107.13448154304571, 107.13448154304571, 'SEARCH'
10, 33378, 107.12055435946603, 107.12055435946603, 'SEARCH'
10, 33379, 107.0996853770466, 107.0996853770466, 'SEARCH'
10, 33380, 107.07498358616928, 107.07498358616928, 'SEARCH'
10, 33381, 107.0483928544219, 107.0483928544219, 'SEARCH'
10, 33382, 107.0263006941317, 107.0263006941317, 'SEARCH'
10, 33383, 107.0307651129127, 107.0307651129127, 'SEARCH'
10, 33384, 107.00518835991002, 107.00518835991002, 'SEARCH'
10, 33385, 106.99577052724213, 106.99577052724213, 'SEARCH'
10, 33386, 106.99674689973807, 106.99674689973807, 'SEARCH'
10, 33387, 106.96908307487614, 106.96908307487614, 'SEARCH'
10, 33388, 106.94481249808264, 106.94481249808264, 'SEARCH'
10, 33389, 106.9380655094756, 106.9380655094756, 'SEARCH'
10, 33390, 106.92798740268329, 106.92798740268329, 'SEARCH'
10, 33391, 106.90149372249937, 106.90149372249937, 'SEARCH'
10, 33392, 106.87380168842039, 106.87380168842039, 'SEARCH'
10, 33393, 106.87938040822151, 106.87938040822151, 'SEARCH'
10, 33394, 106.87050645819161, 106.87050645819161, 'SEARCH'
10, 33395, 106.84700037014956, 106.84700037014956, 'SEARCH'
10, 33396, 106.8360808010634, 106.8360808010634, 'SEARCH'
10, 33397, 106.82418042751978, 106.82418042751978, 'SEARCH'
10, 33398, 106.80841280073618, 106.80841280073618, 'SEARCH'
10, 33399, 106.78074943785509, 106.78074943785509, 'SEARCH'
10, 33400, 106.78882040243427, 106.78882040243427, 'SEARCH'
10, 33401, 106.76357813484395, 106.76357813484395, 'SEARCH'
10, 33402, 106.74738779624892, 106.74738779624892, 'SEARCH'
10, 33403, 106.7458684939658, 106.7458684939658, 'SEARCH'
10, 33404, 106.74667323752543, 106.74667323752543, 'SEARCH'
10, 33405, 106.75683062883446, 106.75683062883446, 'SEARCH'
10, 33406, 106.75211515525444, 106.75211515525444, 'SEARCH'
10, 33407, 106.73500144773297, 106.73500144773297, 'SEARCH'
10, 33408, 106.74089165714666, 106.74089165714666, 'SEARCH'
10, 33409, 106.71433058919938, 106.71433058919938, 'SEARCH'
10, 33410, 106.723844195929, 106.723844195929, 'SEARCH'
10, 33411, 106.7039284552572, 106.7039284552572, 'SEARCH'
10, 33412, 106.71697130422616, 106.71697130422616, 'SEARCH'
10, 33413, 106.70017033674466, 106.70017033674466, 'SEARCH'
10, 33414, 106.6936116641607, 106.6936116641607, 'SEARCH'
10, 33415, 106.68730697165714, 106.68730697165714, 'SEARCH'
10, 33416, 106.66790312130864, 106.66790312130864, 'SEARCH'
10, 33417, 106.67767078947523, 106.67767078947523, 'SEARCH'
10, 33418, 106.66787987197881, 106.66787987197881, 'SEARCH'
10, 33419, 106.64546004701006, 106.64546004701006, 'SEARCH'
10, 33420, 106.62997307426238, 106.62997307426238, 'SEARCH'
10, 33421, 106.6160950199018, 106.6160950199018, 'SEARCH'
10, 33422, 106.5885361403278, 106.5885361403278, 'SEARCH'
10, 33423, 106.57310021034485, 106.57310021034485, 'SEARCH'
10, 33424, 106.56364513740526, 106.56364513740526, 'SEARCH'
10, 33425, 106.53648266366206, 106.53648266366206, 'SEARCH'
10, 33426, 106.52472843292762, 106.52472843292762, 'SEARCH'
10, 33427, 106.49753137570472, 106.49753137570472, 'SEARCH'
10, 33428, 106.47014422338465, 106.47014422338465, 'SEARCH'
10, 33429, 106.46699459594971, 106.46699459594971, 'SEARCH'
10, 33430, 106.45646418089967, 106.45646418089967, 'SEARCH'
10, 33431, 106.44674110963024, 106.44674110963024, 'SEARCH'
10, 33432, 106.41995152156152, 106.41995152156152, 'SEARCH'
10, 33433, 106.39219692660875, 106.39219692660875, 'SEARCH'
10, 33434, 106.38622915728433, 106.38622915728433, 'SEARCH'
10, 33435, 106.36155848384558, 106.36155848384558, 'SEARCH'
10, 33436, 106.33458384186736, 106.33458384186736, 'SEARCH'
10, 33437, 106.34122486035805, 106.34122486035805, 'SEARCH'
10, 33438, 106.3144697023857, 106.3144697023857, 'SEARCH'
10, 33439, 106.29684113719168, 106.29684113719168, 'SEARCH'
10, 33440, 106.28275097798105, 106.28275097798105, 'SEARCH'
10, 33441, 106.27113685297246, 106.27113685297246, 'SEARCH'
10, 33442, 106.24346673313107, 106.24346673313107, 'SEARCH'
10, 33443, 106.24926668893337, 106.24926668893337, 'SEARCH'
10, 33444, 106.2311114674767, 106.2311114674767, 'SEARCH'
10, 33445, 106.23451430899254, 106.23451430899254, 'SEARCH'
10, 33446, 106.2082185209935, 106.2082185209935, 'SEARCH'
10, 33447, 106.18044091217912, 106.18044091217912, 'SEARCH'
10, 33448, 106.15588721482067, 106.15588721482067, 'SEARCH'
10, 33449, 106.14862346371552, 106.14862346371552, 'SEARCH'
10, 33450, 106.13805515189094, 106.13805515189094, 'SEARCH'
10, 33451, 106.11040748641366, 106.11040748641366, 'SEARCH'
10, 33452, 106.08648631434983, 106.08648631434983, 'SEARCH'
10, 33453, 106.06014381866349, 106.06014381866349, 'SEARCH'
10, 33454, 106.05755425279757, 106.05755425279757, 'SEARCH'
10, 33455, 106.03388929288764, 106.03388929288764, 'SEARCH'
10, 33456, 106.00900525643993, 106.00900525643993, 'SEARCH'
10, 33457, 105.99520381609534, 105.99520381609534, 'SEARCH'
10, 33458, 105.97696595278082, 105.97696595278082, 'SEARCH'
10, 33459, 105.94930565314878, 105.94930565314878, 'SEARCH'
10, 33460, 105.93830385105365, 105.93830385105365, 'SEARCH'
10, 33461, 105.91154728931124, 105.91154728931124, 'SEARCH'
10, 33462, 105.88479303318519, 105.88479303318519, 'SEARCH'
10, 33463, 105.88509349622473, 105.88509349622473, 'SEARCH'
10, 33464, 105.87451782616182, 105.87451782616182, 'SEARCH'
10, 33465, 105.86891648242829, 105.86891648242829, 'SEARCH'
10, 33466, 105.85668981142032, 105.85668981142032, 'SEARCH'
10, 33467, 105.84526247362453, 105.84526247362453, 'SEARCH'
10, 33468, 105.84696967859115, 105.84696967859115, 'SEARCH'
10, 33469, 105.83092733951995, 105.83092733951995, 'SEARCH'
10, 33470, 105.8052595896412, 105.8052595896412, 'SEARCH'
10, 33471, 105.78270075215778, 105.78270075215778, 'SEARCH'
10, 33472, 105.7830038248327, 105.7830038248327, 'SEARCH'
10, 33473, 105.75839162663719, 105.75839162663719, 'SEARCH'
10, 33474, 105.76348715174971, 105.76348715174971, 'SEARCH'
10, 33475, 105.74199550118348, 105.74199550118348, 'SEARCH'
10, 33476, 105.719746221582, 105.719746221582, 'SEARCH'
10, 33477, 105.69298639950901, 105.69298639950901, 'SEARCH'
10, 33478, 105.69617515845158, 105.69617515845158, 'SEARCH'
10, 33479, 105.70305264982775, 105.70305264982775, 'SEARCH'
10, 33480, 105.70066651953513, 105.70066651953513, 'SEARCH'
10, 33481, 105.6804071784295, 105.6804071784295, 'SEARCH'
10, 33482, 105.66530459179356, 105.66530459179356, 'SEARCH'
10, 33483, 105.64309141062056, 105.64309141062056, 'SEARCH'
10, 33484, 105.62011191758963, 105.62011191758963, 'SEARCH'
10, 33485, 105.59474202301739, 105.59474202301739, 'SEARCH'
10, 33486, 105.57544903766403, 105.57544903766403, 'SEARCH'
10, 33487, 105.56410042442226, 105.56410042442226, 'SEARCH'
10, 33488, 105.54401400081781, 105.54401400081781, 'SEARCH'
10, 33489, 105.51636073475879, 105.51636073475879, 'SEARCH'
10, 33490, 105.49168043510986, 105.49168043510986, 'SEARCH'
10, 33491, 105.47650340858277, 105.47650340858277, 'SEARCH'
10, 33492, 105.44872598172262, 105.44872598172262, 'SEARCH'
10, 33493, 105.44814522834638, 105.44814522834638, 'SEARCH'
10, 33494, 105.43935041285198, 105.43935041285198, 'SEARCH'
10, 33495, 105.41336244349121, 105.41336244349121, 'SEARCH'
10, 33496, 105.3972299868299, 105.3972299868299, 'SEARCH'
10, 33497, 105.37135511319478, 105.37135511319478, 'SEARCH'
10, 33498, 105.34520051741396, 105.34520051741396, 'SEARCH'
10, 33499, 105.34349988044929, 105.34349988044929, 'SEARCH'
10, 33500, 105.3276577496635, 105.3276577496635, 'SEARCH'
10, 33501, 105.3017151115277, 105.3017151115277, 'SEARCH'
10, 33502, 105.27669862571103, 105.27669862571103, 'SEARCH'
10, 33503, 105.2489216483509, 105.2489216483509, 'SEARCH'
10, 33504, 105.22114503136746, 105.22114503136746, 'SEARCH'
10, 33505, 105.21001841726813, 105.21001841726813, 'SEARCH'
10, 33506, 105.18358538567838, 105.18358538567838, 'SEARCH'
10, 33507, 105.1566437818216, 105.1566437818216, 'SEARCH'
10, 33508, 105.14357511971774, 105.14357511971774, 'SEARCH'
10, 33509, 105.11943367983339, 105.11943367983339, 'SEARCH'
10, 33510, 105.09295240291718, 105.09295240291718, 'SEARCH'
10, 33511, 105.09994711313402, 105.09994711313402, 'SEARCH'
10, 33512, 105.10490963844188, 105.10490963844188, 'SEARCH'
10, 33513, 105.07764221350425, 105.07764221350425, 'SEARCH'
10, 33514, 105.0645379903601, 105.0645379903601, 'SEARCH'
10, 33515, 105.0595041275673, 105.0595041275673, 'SEARCH'
10, 33516, 105.05172329137987, 105.05172329137987, 'SEARCH'
10, 33517, 105.02397180303251, 105.02397180303251, 'SEARCH'
10, 33518, 105.00664931136465, 105.00664931136465, 'SEARCH'
10, 33519, 104.98421574918257, 104.98421574918257, 'SEARCH'
10, 33520, 104.96495860133038, 104.96495860133038, 'SEARCH'
10, 33521, 104.94823355161523, 104.94823355161523, 'SEARCH'
10, 33522, 104.92089353064955, 104.92089353064955, 'SEARCH'
10, 33523, 104.9132213783357, 104.9132213783357, 'SEARCH'
10, 33524, 104.91502357633792, 104.91502357633792, 'SEARCH'
10, 33525, 104.90945059930114, 104.90945059930114, 'SEARCH'
10, 33526, 104.90407237773957, 104.90407237773957, 'SEARCH'
10, 33527, 104.87840291907452, 104.87840291907452, 'SEARCH'
10, 33528, 104.85117804214764, 104.85117804214764, 'SEARCH'
10, 33529, 104.83314009192824, 104.83314009192824, 'SEARCH'
10, 33530, 104.80550369077795, 104.80550369077795, 'SEARCH'
10, 33531, 104.79698516593812, 104.79698516593812, 'SEARCH'
10, 33532, 104.80746715132041, 104.80746715132041, 'SEARCH'
10, 33533, 104.80836803894341, 104.80836803894341, 'SEARCH'
10, 33534, 104.78466792031864, 104.78466792031864, 'SEARCH'
10, 33535, 104.75894835346232, 104.75894835346232, 'SEARCH'
10, 33536, 104.73564788512618, 104.73564788512618, 'SEARCH'
10, 33537, 104.73432347914874, 104.73432347914874, 'SEARCH'
10, 33538, 104.72172284949835, 104.72172284949835, 'SEARCH'
10, 33539, 104.7322588791451, 104.7322588791451, 'SEARCH'
10, 33540, 104.71878102824842, 104.71878102824842, 'SEARCH'
10, 33541, 104.72632851189265, 104.72632851189265, 'SEARCH'
10, 33542, 104.71934969784552, 104.71934969784552, 'SEARCH'
10, 33543, 104.71413761394496, 104.71413761394496, 'SEARCH'
10, 33544, 104.69745594134285, 104.69745594134285, 'SEARCH'
10, 33545, 104.69157970495513, 104.69157970495513, 'SEARCH'
10, 33546, 104.68893190492217, 104.68893190492217, 'SEARCH'
10, 33547, 104.67908584983444, 104.67908584983444, 'SEARCH'
10, 33548, 104.6647819823737, 104.6647819823737, 'SEARCH'
10, 33549, 104.64183708950306, 104.64183708950306, 'SEARCH'
10, 33550, 104.62520708052425, 104.62520708052425, 'SEARCH'
10, 33551, 104.59758364228088, 104.59758364228088, 'SEARCH'
10, 33552, 104.58712567120541, 104.58712567120541, 'SEARCH'
10, 33553, 104.58251374959201, 104.58251374959201, 'SEARCH'
10, 33554, 104.55566299786197, 104.55566299786197, 'SEARCH'
10, 33555, 104.55388996136719, 104.55388996136719, 'SEARCH'
10, 33556, 104.52612972386444, 104.52612972386444, 'SEARCH'
10, 33557, 104.50420078609228, 104.50420078609228, 'SEARCH'
10, 33558, 104.4963519825864, 104.4963519825864, 'SEARCH'
10, 33559, 104.4695529000781, 104.4695529000781, 'SEARCH'
10, 33560, 104.44187820358599, 104.44187820358599, 'SEARCH'
10, 33561, 104.4284007978503, 104.4284007978503, 'SEARCH'
10, 33562, 104.40309552476408, 104.40309552476408, 'SEARCH'
10, 33563, 104.38948725539097, 104.38948725539097, 'SEARCH'
10, 33564, 104.37531846281172, 104.37531846281172, 'SEARCH'
10, 33565, 104.3676634348052, 104.3676634348052, 'SEARCH'
10, 33566, 104.34002450789458, 104.34002450789458, 'SEARCH'
10, 33567, 104.34284122443208, 104.34284122443208, 'SEARCH'
10, 33568, 104.33541246980005, 104.33541246980005, 'SEARCH'
10, 33569, 104.31801043140588, 104.31801043140588, 'SEARCH'
10, 33570, 104.31657177848321, 104.31657177848321, 'SEARCH'
10, 33571, 104.30365446581408, 104.30365446581408, 'SEARCH'
10, 33572, 104.2964389503419, 104.2964389503419, 'SEARCH'
10, 33573, 104.28813151445276, 104.28813151445276, 'SEARCH'
10, 33574, 104.26198744517231, 104.26198744517231, 'SEARCH'
10, 33575, 104.23823880739057, 104.23823880739057, 'SEARCH'
10, 33576, 104.22353137905966, 104.22353137905966, 'SEARCH'
10, 33577, 104.19927915811284, 104.19927915811284, 'SEARCH'
10, 33578, 104.17654983259504, 104.17654983259504, 'SEARCH'
10, 33579, 104.14881003777091, 104.14881003777091, 'SEARCH'
10, 33580, 104.12236958376756, 104.12236958376756, 'SEARCH'
10, 33581, 104.09561831067471, 104.09561831067471, 'SEARCH'
10, 33582, 104.08148135914547, 104.08148135914547, 'SEARCH'
10, 33583, 104.07807195808886, 104.07807195808886, 'SEARCH'
10, 33584, 104.05754867872453, 104.05754867872453, 'SEARCH'
10, 33585, 104.04852368621009, 104.04852368621009, 'SEARCH'
10, 33586, 104.02247502963057, 104.02247502963057, 'SEARCH'
10, 33587, 104.03479796136463, 104.03479796136463, 'SEARCH'
10, 33588, 104.0433681702721, 104.0433681702721, 'SEARCH'
10, 33589, 104.03931291692336, 104.03931291692336, 'SEARCH'
10, 33590, 104.04090586366175, 104.04090586366175, 'SEARCH'
10, 33591, 104.02621153146771, 104.02621153146771, 'SEARCH'
10, 33592, 104.01982165095079, 104.01982165095079, 'SEARCH'
10, 33593, 104.02496169416152, 104.02496169416152, 'SEARCH'
10, 33594, 104.00409385944542, 104.00409385944542, 'SEARCH'
10, 33595, 103.97645950430446, 103.97645950430446, 'SEARCH'
10, 33596, 103.95999735326048, 103.95999735326048, 'SEARCH'
10, 33597, 103.93285667353759, 103.93285667353759, 'SEARCH'
10, 33598, 103.90854173579874, 103.90854173579874, 'SEARCH'
10, 33599, 103.89642188656633, 103.89642188656633, 'SEARCH'
10, 33600, 103.90325765213336, 103.90325765213336, 'SEARCH'
10, 33601, 103.91667001964336, 103.91667001964336, 'SEARCH'
10, 33602, 103.89082577636916, 103.89082577636916, 'SEARCH'
10, 33603, 103.87232717338266, 103.87232717338266, 'SEARCH'
10, 33604, 103.84712884558222, 103.84712884558222, 'SEARCH'
10, 33605, 103.83224772188579, 103.83224772188579, 'SEARCH'
10, 33606, 103.80475602234876, 103.80475602234876, 'SEARCH'
10, 33607, 103.79344373113106, 103.79344373113106, 'SEARCH'
10, 33608, 103.76624352115492, 103.76624352115492, 'SEARCH'
10, 33609, 103.76516685114937, 103.76516685114937, 'SEARCH'
10, 33610, 103.7730210723497, 103.7730210723497, 'SEARCH'
10, 33611, 103.76305027396171, 103.76305027396171, 'SEARCH'
10, 33612, 103.74573034515844, 103.74573034515844, 'SEARCH'
10, 33613, 103.71993261893338, 103.71993261893338, 'SEARCH'
10, 33614, 103.69281219110928, 103.69281219110928, 'SEARCH'
10, 33615, 103.66552085601137, 103.66552085601137, 'SEARCH'
10, 33616, 103.6707361934137, 103.6707361934137, 'SEARCH'
10, 33617, 103.65304103435501, 103.65304103435501, 'SEARCH'
10, 33618, 103.64715181212354, 103.64715181212354, 'SEARCH'
10, 33619, 103.62376000896678, 103.62376000896678, 'SEARCH'
10, 33620, 103.59742793411615, 103.59742793411615, 'SEARCH'
10, 33621, 103.57869552236801, 103.57869552236801, 'SEARCH'
10, 33622, 103.56026083567122, 103.56026083567122, 'SEARCH'
10, 33623, 103.53436994860591, 103.53436994860591, 'SEARCH'
10, 33624, 103.5311036458339, 103.5311036458339, 'SEARCH'
10, 33625, 103.54409369621537, 103.54409369621537, 'SEARCH'
10, 33626, 103.53949263737795, 103.53949263737795, 'SEARCH'
10, 33627, 103.52159804530983, 103.52159804530983, 'SEARCH'
10, 33628, 103.49390603777209, 103.49390603777209, 'SEARCH'
10, 33629, 103.50092086592754, 103.50092086592754, 'SEARCH'
10, 33630, 103.48351778650064, 103.48351778650064, 'SEARCH'
10, 33631, 103.45575703939119, 103.45575703939119, 'SEARCH'
10, 33632, 103.42830912216755, 103.42830912216755, 'SEARCH'
10, 33633, 103.40511290677777, 103.40511290677777, 'SEARCH'
10, 33634, 103.39805796709516, 103.39805796709516, 'SEARCH'
10, 33635, 103.41191874200383, 103.41191874200383, 'SEARCH'
10, 33636, 103.38823467668071, 103.38823467668071, 'SEARCH'
10, 33637, 103.36063096020305, 103.36063096020305, 'SEARCH'
10, 33638, 103.33285413773642, 103.33285413773642, 'SEARCH'
10, 33639, 103.32412518246481, 103.32412518246481, 'SEARCH'
10, 33640, 103.3036990499976, 103.3036990499976, 'SEARCH'
10, 33641, 103.27789653113965, 103.27789653113965, 'SEARCH'
10, 33642, 103.25174940067473, 103.25174940067473, 'SEARCH'
10, 33643, 103.25548926268503, 103.25548926268503, 'SEARCH'
10, 33644, 103.2364420275184, 103.2364420275184, 'SEARCH'
10, 33645, 103.21120855224935, 103.21120855224935, 'SEARCH'
10, 33646, 103.19676992025933, 103.19676992025933, 'SEARCH'
10, 33647, 103.18442133949958, 103.18442133949958, 'SEARCH'
10, 33648, 103.19565708068922, 103.19565708068922, 'SEARCH'
10, 33649, 103.17840571999425, 103.17840571999425, 'SEARCH'
10, 33650, 103.17176196568056, 103.17176196568056, 'SEARCH'
10, 33651, 103.14763285911812, 103.14763285911812, 'SEARCH'
10, 33652, 103.15833774462706, 103.15833774462706, 'SEARCH'
10, 33653, 103.14712696356565, 103.14712696356565, 'SEARCH'
10, 33654, 103.12709927726515, 103.12709927726515, 'SEARCH'
10, 33655, 103.13128999836904, 103.13128999836904, 'SEARCH'
10, 33656, 103.10704465939351, 103.10704465939351, 'SEARCH'
10, 33657, 103.08060622362336, 103.08060622362336, 'SEARCH'
10, 33658, 103.08984818403813, 103.08984818403813, 'SEARCH'
10, 33659, 103.08128777505479, 103.08128777505479, 'SEARCH'
10, 33660, 103.05689170504778, 103.05689170504778, 'SEARCH'
10, 33661, 103.02980425787631, 103.02980425787631, 'SEARCH'
10, 33662, 103.00825700623218, 103.00825700623218, 'SEARCH'
10, 33663, 103.01417240204776, 103.01417240204776, 'SEARCH'
10, 33664, 102.9882064037983, 102.9882064037983, 'SEARCH'
10, 33665, 103.00159185907619, 103.00159185907619, 'SEARCH'
10, 33666, 102.98385413033871, 102.98385413033871, 'SEARCH'
10, 33667, 102.97576288093245, 102.97576288093245, 'SEARCH'
10, 33668, 102.95154755088397, 102.95154755088397, 'SEARCH'
10, 33669, 102.94770331902005, 102.94770331902005, 'SEARCH'
10, 33670, 102.92015714457919, 102.92015714457919, 'SEARCH'
10, 33671, 102.89343267404261, 102.89343267404261, 'SEARCH'
10, 33672, 102.87036729082524, 102.87036729082524, 'SEARCH'
10, 33673, 102.87649240481639, 102.87649240481639, 'SEARCH'
10, 33674, 102.86441141537811, 102.86441141537811, 'SEARCH'
10, 33675, 102.84576984633948, 102.84576984633948, 'SEARCH'
10, 33676, 102.81899054390725, 102.81899054390725, 'SEARCH'
10, 33677, 102.79124809390909, 102.79124809390909, 'SEARCH'
10, 33678, 102.76648943606567, 102.76648943606567, 'SEARCH'
10, 33679, 102.74955202713193, 102.74955202713193, 'SEARCH'
10, 33680, 102.73775511928483, 102.73775511928483, 'SEARCH'
10, 33681, 102.72400275545138, 102.72400275545138, 'SEARCH'
10, 33682, 102.70076336966494, 102.70076336966494, 'SEARCH'
10, 33683, 102.68447164452374, 102.68447164452374, 'SEARCH'
10, 33684, 102.67441695787167, 102.67441695787167, 'SEARCH'
10, 33685, 102.65996305284152, 102.65996305284152, 'SEARCH'
10, 33686, 102.63244926120801, 102.63244926120801, 'SEARCH'
10, 33687, 102.60561504107929, 102.60561504107929, 'SEARCH'
10, 33688, 102.58903455674246, 102.58903455674246, 'SEARCH'
10, 33689, 102.59147363415208, 102.59147363415208, 'SEARCH'
10, 33690, 102.582669655041, 102.582669655041, 'SEARCH'
10, 33691, 102.59354870996106, 102.59354870996106, 'SEARCH'
10, 33692, 102.56607753900381, 102.56607753900381, 'SEARCH'
10, 33693, 102.53830001881634, 102.53830001881634, 'SEARCH'
10, 33694, 102.53634049312122, 102.53634049312122, 'SEARCH'
10, 33695, 102.54557366920356, 102.54557366920356, 'SEARCH'
10, 33696, 102.55453575945467, 102.55453575945467, 'SEARCH'
10, 33697, 102.54313547759843, 102.54313547759843, 'SEARCH'
10, 33698, 102.53556293307614, 102.53556293307614, 'SEARCH'
10, 33699, 102.51215861963102, 102.51215861963102, 'SEARCH'
10, 33700, 102.48937119639054, 102.48937119639054, 'SEARCH'
10, 33701, 102.46863920437134, 102.46863920437134, 'SEARCH'
10, 33702, 102.44602404092333, 102.44602404092333, 'SEARCH'
10, 33703, 102.42453700733655, 102.42453700733655, 'SEARCH'
10, 33704, 102.41682654300638, 102.41682654300638, 'SEARCH'
10, 33705, 102.39797643495781, 102.39797643495781, 'SEARCH'
10, 33706, 102.3937783977942, 102.3937783977942, 'SEARCH'
10, 33707, 102.37226431745266, 102.37226431745266, 'SEARCH'
10, 33708, 102.34645513129139, 102.34645513129139, 'SEARCH'
10, 33709, 102.31890101931953, 102.31890101931953, 'SEARCH'
10, 33710, 102.30460478399813, 102.30460478399813, 'SEARCH'
10, 33711, 102.31748573865325, 102.31748573865325, 'SEARCH'
10, 33712, 102.29191359353065, 102.29191359353065, 'SEARCH'
10, 33713, 102.28103866291444, 102.28103866291444, 'SEARCH'
10, 33714, 102.258717619549, 102.258717619549, 'SEARCH'
10, 33715, 102.2412289443611, 102.2412289443611, 'SEARCH'
10, 33716, 102.23294463421695, 102.23294463421695, 'SEARCH'
10, 33717, 102.21588918241018, 102.21588918241018, 'SEARCH'
10, 33718, 102.20928077796087, 102.20928077796087, 'SEARCH'
10, 33719, 102.18849761728804, 102.18849761728804, 'SEARCH'
10, 33720, 102.17459466702064, 102.17459466702064, 'SEARCH'
10, 33721, 102.14718160625355, 102.14718160625355, 'SEARCH'
10, 33722, 102.1256122153658, 102.1256122153658, 'SEARCH'
10, 33723, 102.13901794923622, 102.13901794923622, 'SEARCH'
10, 33724, 102.15126767390366, 102.15126767390366, 'SEARCH'
10, 33725, 102.12361669523766, 102.12361669523766, 'SEARCH'
10, 33726, 102.10626469518834, 102.10626469518834, 'SEARCH'
10, 33727, 102.103037112327, 102.103037112327, 'SEARCH'
10, 33728, 102.1048308823434, 102.1048308823434, 'SEARCH'
10, 33729, 102.07707041885239, 102.07707041885239, 'SEARCH'
10, 33730, 102.06328462303752, 102.06328462303752, 'SEARCH'
10, 33731, 102.0453473414304, 102.0453473414304, 'SEARCH'
10, 33732, 102.03342734980092, 102.03342734980092, 'SEARCH'
10, 33733, 102.01250859171985, 102.01250859171985, 'SEARCH'
10, 33734, 101.98545634355575, 101.98545634355575, 'SEARCH'
10, 33735, 101.9727223220643, 101.9727223220643, 'SEARCH'
10, 33736, 101.9580158888517, 101.9580158888517, 'SEARCH'
10, 33737, 101.94923634275577, 101.94923634275577, 'SEARCH'
10, 33738, 101.92347735072221, 101.92347735072221, 'SEARCH'
10, 33739, 101.9351954124484, 101.9351954124484, 'SEARCH'
10, 33740, 101.91397184963732, 101.91397184963732, 'SEARCH'
10, 33741, 101.88620927402886, 101.88620927402886, 'SEARCH'
10, 33742, 101.86731057086361, 101.86731057086361, 'SEARCH'
10, 33743, 101.84064254200327, 101.84064254200327, 'SEARCH'
10, 33744, 101.81639900164245, 101.81639900164245, 'SEARCH'
10, 33745, 101.79514317886365, 101.79514317886365, 'SEARCH'
10, 33746, 101.76953089952875, 101.76953089952875, 'SEARCH'
10, 33747, 101.74219953724474, 101.74219953724474, 'SEARCH'
10, 33748, 101.72119328252992, 101.72119328252992, 'SEARCH'
10, 33749, 101.69475796056132, 101.69475796056132, 'SEARCH'
10, 33750, 101.6683522737587, 101.6683522737587, 'SEARCH'
10, 33751, 101.64692853843665, 101.64692853843665, 'SEARCH'
10, 33752, 101.65654140766091, 101.65654140766091, 'SEARCH'
10, 33753, 101.6446502007685, 101.6446502007685, 'SEARCH'
10, 33754, 101.61885091525936, 101.61885091525936, 'SEARCH'
10, 33755, 101.61781695668007, 101.61781695668007, 'SEARCH'
10, 33756, 101.62778425814946, 101.62778425814946, 'SEARCH'
10, 33757, 101.60183244812475, 101.60183244812475, 'SEARCH'
10, 33758, 101.58867163415685, 101.58867163415685, 'SEARCH'
10, 33759, 101.5608972663041, 101.5608972663041, 'SEARCH'
10, 33760, 101.55391627534318, 101.55391627534318, 'SEARCH'
10, 33761, 101.52726121891601, 101.52726121891601, 'SEARCH'
10, 33762, 101.5042947293879, 101.5042947293879, 'SEARCH'
10, 33763, 101.49433495115423, 101.49433495115423, 'SEARCH'
10, 33764, 101.47639456761041, 101.47639456761041, 'SEARCH'
10, 33765, 101.45085814668803, 101.45085814668803, 'SEARCH'
10, 33766, 101.44221879558623, 101.44221879558623, 'SEARCH'
10, 33767, 101.42007806802214, 101.42007806802214, 'SEARCH'
10, 33768, 101.4171072365556, 101.4171072365556, 'SEARCH'
10, 33769, 101.4036744000857, 101.4036744000857, 'SEARCH'
10, 33770, 101.38121156362237, 101.38121156362237, 'SEARCH'
10, 33771, 101.39064938312299, 101.39064938312299, 'SEARCH'
10, 33772, 101.36340128732812, 101.36340128732812, 'SEARCH'
10, 33773, 101.35875404545774, 101.35875404545774, 'SEARCH'
10, 33774, 101.33505141724484, 101.33505141724484, 'SEARCH'
10, 33775, 101.32499964467303, 101.32499964467303, 'SEARCH'
10, 33776, 101.31489421695055, 101.31489421695055, 'SEARCH'
10, 33777, 101.29998878184132, 101.29998878184132, 'SEARCH'
10, 33778, 101.27223867136433, 101.27223867136433, 'SEARCH'
10, 33779, 101.24456521159881, 101.24456521159881, 'SEARCH'
10, 33780, 101.22970306771747, 101.22970306771747, 'SEARCH'
10, 33781, 101.2048430689243, 101.2048430689243, 'SEARCH'
10, 33782, 101.17808394096254, 101.17808394096254, 'SEARCH'
10, 33783, 101.1929021241193, 101.1929021241193, 'SEARCH'
10, 33784, 101.1664906291377, 101.1664906291377, 'SEARCH'
10, 33785, 101.1783245429823, 101.1783245429823, 'SEARCH'
10, 33786, 101.17541671515433, 101.17541671515433, 'SEARCH'
10, 33787, 101.15479644810124, 101.15479644810124, 'SEARCH'
10, 33788, 101.1647831290098, 101.1647831290098, 'SEARCH'
10, 33789, 101.17420334121346, 101.17420334121346, 'SEARCH'
10, 33790, 101.18441780346495, 101.18441780346495, 'SEARCH'
10, 33791, 101.17785001306993, 101.17785001306993, 'SEARCH'
10, 33792, 101.1677663957768, 101.1677663957768, 'SEARCH'
10, 33793, 101.15496271219621, 101.15496271219621, 'SEARCH'
10, 33794, 101.16523661382364, 101.16523661382364, 'SEARCH'
10, 33795, 101.14716652506819, 101.14716652506819, 'SEARCH'
10, 33796, 101.15610095348475, 101.15610095348475, 'SEARCH'
10, 33797, 101.14865369108732, 101.14865369108732, 'SEARCH'
10, 33798, 101.13366066961703, 101.13366066961703, 'SEARCH'
10, 33799, 101.11287381389378, 101.11287381389378, 'SEARCH'
10, 33800, 101.11654528143659, 101.11654528143659, 'SEARCH'
10, 33801, 101.08987542057824, 101.08987542057824, 'SEARCH'
10, 33802, 101.06982247727524, 101.06982247727524, 'SEARCH'
10, 33803, 101.07100276011806, 101.07100276011806, 'SEARCH'
10, 33804, 101.05841032636346, 101.05841032636346, 'SEARCH'
10, 33805, 101.04538740160491, 101.04538740160491, 'SEARCH'
10, 33806, 101.04460333122002, 101.04460333122002, 'SEARCH'
10, 33807, 101.03463438650596, 101.03463438650596, 'SEARCH'
10, 33808, 101.02525269662651, 101.02525269662651, 'SEARCH'
10, 33809, 101.01021867425719, 101.01021867425719, 'SEARCH'
10, 33810, 100.98287877168276, 100.98287877168276, 'SEARCH'
10, 33811, 100.95841400252729, 100.95841400252729, 'SEARCH'
10, 33812, 100.9463023380883, 100.9463023380883, 'SEARCH'
10, 33813, 100.91940176746081, 100.91940176746081, 'SEARCH'
10, 33814, 100.90747051792147, 100.90747051792147, 'SEARCH'
10, 33815, 100.88135275653835, 100.88135275653835, 'SEARCH'
10, 33816, 100.85417131958249, 100.85417131958249, 'SEARCH'
10, 33817, 100.8345412475865, 100.8345412475865, 'SEARCH'
10, 33818, 100.80742895803422, 100.80742895803422, 'SEARCH'
10, 33819, 100.7802375016077, 100.7802375016077, 'SEARCH'
10, 33820, 100.76349733097679, 100.76349733097679, 'SEARCH'
10, 33821, 100.73724724992496, 100.73724724992496, 'SEARCH'
10, 33822, 100.71455191559883, 100.71455191559883, 'SEARCH'
10, 33823, 100.6873595951225, 100.6873595951225, 'SEARCH'
10, 33824, 100.70174524193662, 100.70174524193662, 'SEARCH'
11, 0, 99.97339937013801, 99.97339937013801, 'SEARCH'
11, 1, 99.96823953930502, 99.96823953930502, 'SEARCH'
11, 2, 99.9691386593274, 99.9691386593274, 'APPROACH-BLIND'
11, 3, 99.97003777934978, 99.97003777934978, 'APPROACH-BLIND'
11, 4, 99.97093689937216, 99.97093689937216, 'APPROACH-BLIND'
11, 5, 99.97183601939454, 99.97183601939454, 'APPROACH-BLIND'
11, 6, 99.97273513941693, 99.97273513941693, 'APPROACH-BLIND'
11, 7, 99.97363425943931, 99.97363425943931, 'APPROACH-BLIND'
11, 8, 99.97453337946169, 99.97453337946169, 'APPROACH-BLIND'
11, 9, 99.97543249948407, 99.97543249948407, 'APPROACH-BLIND'
11, 10, 99.97633161950645, 99.97633161950645, 'APPROACH-BLIND'
11, 11, 99.97723073952884, 99.97723073952884, 'APPROACH-BLIND'
11, 12, 99.97812985955122, 99.97812985955122, 'APPROACH-BLIND'
11, 13, 99.9790289795736, 99.9790289795736, 'APPROACH-BLIND'
11, 14, 99.979928099596, 99.979928099596, 'APPROACH-BLIND'
11, 15, 99.98082721961838, 99.98082721961838, 'APPROACH-BLIND'
11, 16, 99.98172633964077, 99.98172633964077, 'APPROACH-BLIND'
11, 17, 99.98262545966315, 99.98262545966315, 'APPROACH-BLIND'
11, 18, 99.98352457968555, 99.98352457968555, 'APPROACH-BLIND'
11, 19, 99.98442369970793, 99.98442369970793, 'APPROACH-BLIND'
11, 20, 99.95946552378732, 99.95946552378732, 'APPROACH-BLIND'
11, 21, 99.93450734786671, 99.93450734786671, 'APPROACH-BLIND'
11, 22, 99.90954917194611, 99.90954917194611, 'APPROACH-BLIND'
11, 23, 99.88459099602551, 99.88459099602551, 'APPROACH-BLIND'
11, 24, 99.8596328201049, 99.8596328201049, 'APPROACH-BLIND'
11, 25, 99.8346746441843, 99.8346746441843, 'APPROACH-BLIND'
11, 26, 99.8097164682637, 99.8097164682637, 'APPROACH-BLIND'
11, 27, 99.7847582923431, 99.7847582923431, 'APPROACH-BLIND'
11, 28, 99.7598001164225, 99.7598001164225, 'APPROACH-BLIND'
11, 29, 99.7348419405019, 99.7348419405019, 'APPROACH-BLIND'
11, 30, 99.70988376458129, 99.70988376458129, 'APPROACH-BLIND'
11, 31, 99.68492558866069, 99.68492558866069, 'APPROACH-BLIND'
11, 32, 99.65996741274009, 99.65996741274009, 'APPROACH-BLIND'
11, 33, 99.63500923681949, 99.63500923681949, 'APPROACH-BLIND'
11, 34, 99.61005106089888, 99.61005106089888, 'APPROACH-BLIND'
11, 35, 99.58509288497828, 99.58509288497828, 'APPROACH-BLIND'
11, 36, 99.56013470905768, 99.56013470905768, 'APPROACH-BLIND'
11, 37, 99.53517653313708, 99.53517653313708, 'APPROACH-BLIND'
11, 38, 99.51021835721647, 99.51021835721647, 'APPROACH-BLIND'
11, 39, 99.48526018129587, 99.48526018129587, 'APPROACH-BLIND'
11, 40, 99.45782968082491, 99.45782968082491, 'APPROACH-BLIND'
11, 41, 99.43039918035396, 99.43039918035396, 'APPROACH-BLIND'
11, 42, 99.402968679883, 99.402968679883, 'APPROACH-BLIND'
11, 43, 99.37553817941205, 99.37553817941205, 'APPROACH-BLIND'
11, 44, 99.34810767894109, 99.34810767894109, 'APPROACH-BLIND'
11, 45, 99.32067717847013, 99.32067717847013, 'APPROACH-BLIND'
11, 46, 99.29324667799918, 99.29324667799918, 'APPROACH-BLIND'
11, 47, 99.26581617752822, 99.26581617752822, 'APPROACH-BLIND'
11, 48, 99.23838567705727, 99.23838567705727, 'APPROACH-BLIND'
11, 49, 99.21095517658631, 99.21095517658631, 'APPROACH-BLIND'
11, 50, 99.18352467611535, 99.18352467611535, 'APPROACH-BLIND'
11, 51, 99.1560941756444, 99.1560941756444, 'APPROACH-BLIND'
11, 52, 99.12866367517344, 99.12866367517344, 'APPROACH-BLIND'
11, 53, 99.10123317470249, 99.10123317470249, 'APPROACH-BLIND'
11, 54, 99.07380267423153, 99.07380267423153, 'APPROACH-BLIND'
11, 55, 99.04637217376057, 99.04637217376057, 'APPROACH-BLIND'
11, 56, 99.01894167328962, 99.01894167328962, 'APPROACH-BLIND'
11, 57, 98.99151117281866, 98.99151117281866, 'APPROACH-BLIND'
11, 58, 98.9640806723477, 98.9640806723477, 'APPROACH-BLIND'
11, 59, 98.93665017187675, 98.93665017187675, 'APPROACH-BLIND'
11, 60, 98.9092196714058, 98.9092196714058, 'APPROACH-BLIND'
11, 61, 98.88178917093484, 98.88178917093484, 'APPROACH-BLIND'
11, 62, 98.85435867046388, 98.85435867046388, 'APPROACH-BLIND'
11, 63, 98.82692816999293, 98.82692816999293, 'APPROACH-BLIND'
11, 64, 98.79949766952197, 98.79949766952197, 'APPROACH-BLIND'
11, 65, 98.77206716905101, 98.77206716905101, 'APPROACH-BLIND'
11, 66, 98.74463666858006, 98.74463666858006, 'APPROACH-BLIND'
11, 67, 98.7172061681091, 98.7172061681091, 'APPROACH-BLIND'
11, 68, 98.68977566763814, 98.68977566763814, 'APPROACH-BLIND'
11, 69, 98.66234516716719, 98.66234516716719, 'APPROACH-BLIND'
11, 70, 98.63491466669623, 98.63491466669623, 'APPROACH-BLIND'
11, 71, 98.60748416622528, 98.60748416622528, 'APPROACH-BLIND'
11, 72, 98.58005366575432, 98.58005366575432, 'APPROACH-BLIND'
11, 73, 98.55262316528336, 98.55262316528336, 'APPROACH-BLIND'
11, 74, 98.52519266481241, 98.52519266481241, 'APPROACH-BLIND'
11, 75, 98.49776216434145, 98.49776216434145, 'APPROACH-BLIND'
11, 76, 98.47002339182613, 98.47002339182613, 'APPROACH-BLIND'
11, 77, 98.44228461931081, 98.44228461931081, 'APPROACH-BLIND'
11, 78, 98.41454584679549, 98.41454584679549, 'APPROACH-BLIND'
11, 79, 98.38680707428017, 98.38680707428017, 'APPROACH-BLIND'
11, 80, 98.35906830176485, 98.35906830176485, 'APPROACH-BLIND'
11, 81, 98.33132952924953, 98.33132952924953, 'APPROACH-BLIND'
11, 82, 98.30359075673421, 98.30359075673421, 'APPROACH-BLIND'
11, 83, 98.27585198421889, 98.27585198421889, 'APPROACH-BLIND'
11, 84, 98.24811321170357, 98.24811321170357, 'APPROACH-BLIND'
11, 85, 98.22037443918825, 98.22037443918825, 'APPROACH-BLIND'
11, 86, 98.19263566667293, 98.19263566667293, 'APPROACH-BLIND'
11, 87, 98.16489689415761, 98.16489689415761, 'APPROACH-BLIND'
11, 88, 98.13715812164229, 98.13715812164229, 'APPROACH-BLIND'
11, 89, 98.10941934912697, 98.10941934912697, 'APPROACH-BLIND'
11, 90, 98.08168057661165, 98.08168057661165, 'APPROACH-BLIND'
11, 91, 98.05394180409633, 98.05394180409633, 'APPROACH-BLIND'
11, 92, 98.026203031581, 98.026203031581, 'APPROACH-BLIND'
11, 93, 97.99846425906568, 97.99846425906568, 'APPROACH-BLIND'
11, 94, 97.97072548655036, 97.97072548655036, 'APPROACH-BLIND'
11, 95, 97.94298671403504, 97.94298671403504, 'APPROACH-BLIND'
11, 96, 97.91524794151972, 97.91524794151972, 'APPROACH-BLIND'
11, 97, 97.8875091690044, 97.8875091690044, 'APPROACH-BLIND'
11, 98, 97.85977039648908, 97.85977039648908, 'APPROACH-BLIND'
11, 99, 97.83203162397376, 97.83203162397376, 'APPROACH-BLIND'
11, 100, 97.80429285145844, 97.80429285145844, 'APPROACH-BLIND'
11, 101, 97.77655407894312, 97.77655407894312, 'APPROACH-BLIND'
11, 102, 97.7488153064278, 97.7488153064278, 'APPROACH-BLIND'
11, 103, 97.72107653391248, 97.72107653391248, 'APPROACH-BLIND'
11, 104, 97.69333776139716, 97.69333776139716, 'APPROACH-BLIND'
11, 105, 97.66559898888184, 97.66559898888184, 'APPROACH-BLIND'
11, 106, 97.63786021636652, 97.63786021636652, 'APPROACH-BLIND'
11, 107, 97.6101214438512, 97.6101214438512, 'APPROACH-BLIND'
11, 108, 97.58238267133588, 97.58238267133588, 'APPROACH-BLIND'
11, 109, 97.55464389882056, 97.55464389882056, 'APPROACH-BLIND'
11, 110, 97.52690512630524, 97.52690512630524, 'APPROACH-BLIND'
11, 111, 97.49916635378992, 97.49916635378992, 'APPROACH-BLIND'
11, 112, 97.47139290840713, 97.47139290840713, 'APPROACH-BLIND'
11, 113, 97.44361946302433, 97.44361946302433, 'APPROACH-BLIND'
11, 114, 97.41584601764154, 97.41584601764154, 'APPROACH-BLIND'
11, 115, 97.38807257225875, 97.38807257225875, 'APPROACH-BLIND'
11, 116, 97.36029912687596, 97.36029912687596, 'APPROACH-BLIND'
11, 117, 97.33252568149317, 97.33252568149317, 'APPROACH-BLIND'
11, 118, 97.30475223611037, 97.30475223611037, 'APPROACH-BLIND'
11, 119, 97.27697879072758, 97.27697879072758, 'APPROACH-BLIND'
11, 120, 97.24920534534479, 97.24920534534479, 'APPROACH-BLIND'
11, 121, 97.221431899962, 97.221431899962, 'APPROACH-BLIND'
11, 122, 97.19365845457921, 97.19365845457921, 'APPROACH-BLIND'
11, 123, 97.16588500919642, 97.16588500919642, 'APPROACH-BLIND'
11, 124, 97.13811156381362, 97.13811156381362, 'APPROACH-BLIND'
11, 125, 97.11033811843083, 97.11033811843083, 'APPROACH-BLIND'
11, 126, 97.08256467304804, 97.08256467304804, 'APPROACH-BLIND'
11, 127, 97.05479122766525, 97.05479122766525, 'APPROACH-BLIND'
11, 128, 97.02701778228246, 97.02701778228246, 'APPROACH-BLIND'
11, 129, 96.99924433689966, 96.99924433689966, 'APPROACH-BLIND'
11, 130, 96.97147089151687, 96.97147089151687, 'APPROACH-BLIND'
11, 131, 96.94369744613408, 96.94369744613408, 'APPROACH-BLIND'
11, 132, 96.91592400075129, 96.91592400075129, 'APPROACH-BLIND'
11, 133, 96.8881505553685, 96.8881505553685, 'APPROACH-BLIND'
11, 134, 96.8603771099857, 96.8603771099857, 'APPROACH-BLIND'
11, 135, 96.83260366460291, 96.83260366460291, 'APPROACH-BLIND'
11, 136, 96.80483021922012, 96.80483021922012, 'APPROACH-BLIND'
11, 137, 96.77705677383733, 96.77705677383733, 'APPROACH-BLIND'
11, 138, 96.74928332845454, 96.74928332845454, 'APPROACH-BLIND'
11, 139, 96.72150988307175, 96.72150988307175, 'APPROACH-BLIND'
11, 140, 96.69373643768895, 96.69373643768895, 'APPROACH-BLIND'
11, 141, 96.66596299230616, 96.66596299230616, 'APPROACH-BLIND'
11, 142, 96.63818954692337, 96.63818954692337, 'APPROACH-BLIND'
11, 143, 96.61041610154058, 96.61041610154058, 'APPROACH-BLIND'
11, 144, 96.58264265615779, 96.58264265615779, 'APPROACH-BLIND'
11, 145, 96.554869210775, 96.554869210775, 'APPROACH-BLIND'
11, 146, 96.5270957653922, 96.5270957653922, 'APPROACH-BLIND'
11, 147, 96.49932232000941, 96.49932232000941, 'APPROACH-BLIND'
11, 148, 96.48700026157465, 96.48700026157465, 'APPROACH-BLIND'
11, 149, 96.47467820313989, 96.47467820313989, 'APPROACH-BLIND'
11, 150, 96.46235614470513, 96.46235614470513, 'APPROACH-BLIND'
11, 151, 96.45003408627036, 96.45003408627036, 'APPROACH-BLIND'
11, 152, 96.43771202783562, 96.43771202783562, 'APPROACH-BLIND'
11, 153, 96.42538996940085, 96.42538996940085, 'APPROACH-BLIND'
11, 154, 96.4130679109661, 96.4130679109661, 'APPROACH-BLIND'
11, 155, 96.40074585253136, 96.40074585253136, 'APPROACH-BLIND'
11, 156, 96.3884237940966, 96.3884237940966, 'APPROACH-BLIND'
11, 157, 96.37610173566185, 96.37610173566185, 'APPROACH-BLIND'
11, 158, 96.3637796772271, 96.3637796772271, 'APPROACH-BLIND'
11, 159, 96.35145761879234, 96.35145761879234, 'APPROACH-BLIND'
11, 160, 96.33913556035759, 96.33913556035759, 'APPROACH-BLIND'
11, 161, 96.32681350192284, 96.32681350192284, 'APPROACH-BLIND'
11, 162, 96.31449144348808, 96.31449144348808, 'APPROACH-BLIND'
11, 163, 96.30216938505333, 96.30216938505333, 'APPROACH-BLIND'
11, 164, 96.28984732661858, 96.28984732661858, 'APPROACH-BLIND'
11, 165, 96.27752526818382, 96.27752526818382, 'APPROACH-BLIND'
11, 166, 96.26520320974907, 96.26520320974907, 'APPROACH-BLIND'
11, 167, 96.25288115131431, 96.25288115131431, 'APPROACH-BLIND'
11, 168, 96.24055909287956, 96.24055909287956, 'APPROACH-BLIND'
11, 169, 96.21469537278757, 96.21469537278757, 'APPROACH-BLIND'
11, 170, 96.18883165269558, 96.18883165269558, 'APPROACH-BLIND'
11, 171, 96.16296793260359, 96.16296793260359, 'APPROACH-BLIND'
11, 172, 96.1371042125116, 96.1371042125116, 'APPROACH-BLIND'
11, 173, 96.11124049241961, 96.11124049241961, 'APPROACH-BLIND'
11, 174, 96.08537677232762, 96.08537677232762, 'APPROACH-BLIND'
11, 175, 96.05951305223563, 96.05951305223563, 'APPROACH-BLIND'
11, 176, 96.03364933214364, 96.03364933214364, 'APPROACH-BLIND'
11, 177, 96.00778561205165, 96.00778561205165, 'APPROACH-BLIND'
11, 178, 95.98192189195966, 95.98192189195966, 'APPROACH-BLIND'
11, 179, 95.95605817186767, 95.95605817186767, 'APPROACH-BLIND'
11, 180, 95.93019445177568, 95.93019445177568, 'APPROACH-BLIND'
11, 181, 95.90433073168369, 95.90433073168369, 'APPROACH-BLIND'
11, 182, 95.8784670115917, 95.8784670115917, 'APPROACH-BLIND'
11, 183, 95.8526032914997, 95.8526032914997, 'APPROACH-BLIND'
11, 184, 95.82673957140771, 95.82673957140771, 'APPROACH-BLIND'
11, 185, 95.80087585131572, 95.80087585131572, 'APPROACH-BLIND'
11, 186, 95.77501213122373, 95.77501213122373, 'APPROACH-BLIND'
11, 187, 95.74914841113174, 95.74914841113174, 'APPROACH-BLIND'
11, 188, 95.72328469103975, 95.72328469103975, 'APPROACH-BLIND'
11, 189, 95.69742097094776, 95.69742097094776, 'APPROACH-BLIND'
11, 190, 95.67155725085577, 95.67155725085577, 'APPROACH-BLIND'
11, 191, 95.64569353076378, 95.64569353076378, 'APPROACH-BLIND'
11, 192, 95.61982981067179, 95.61982981067179, 'APPROACH-BLIND'
11, 193, 95.5939660905798, 95.5939660905798, 'APPROACH-BLIND'
11, 194, 95.56810237048781, 95.56810237048781, 'APPROACH-BLIND'
11, 195, 95.54223865039582, 95.54223865039582, 'APPROACH-BLIND'
11, 196, 95.51637493030383, 95.51637493030383, 'APPROACH-BLIND'
11, 197, 95.49051121021184, 95.49051121021184, 'APPROACH-BLIND'
11, 198, 95.46296146416442, 95.46296146416442, 'APPROACH-BLIND'
11, 199, 95.43541171811701, 95.43541171811701, 'APPROACH-BLIND'
11, 200, 95.4078619720696, 95.4078619720696, 'APPROACH-BLIND'
11, 201, 95.38031222602218, 95.38031222602218, 'APPROACH-BLIND'
11, 202, 95.35276247997477, 95.35276247997477, 'APPROACH-BLIND'
11, 203, 95.32521273392736, 95.32521273392736, 'APPROACH-BLIND'
11, 204, 95.29766298787995, 95.29766298787995, 'APPROACH-BLIND'
11, 205, 95.27011324183253, 95.27011324183253, 'APPROACH-BLIND'
11, 206, 95.24256349578512, 95.24256349578512, 'APPROACH-BLIND'
11, 207, 95.21501374973771, 95.21501374973771, 'APPROACH-BLIND'
11, 208, 95.1874640036903, 95.1874640036903, 'APPROACH-BLIND'
11, 209, 95.15991425764288, 95.15991425764288, 'APPROACH-BLIND'
11, 210, 95.13236451159547, 95.13236451159547, 'APPROACH-BLIND'
11, 211, 95.10481476554806, 95.10481476554806, 'APPROACH-BLIND'
11, 212, 95.07726501950064, 95.07726501950064, 'APPROACH-BLIND'
11, 213, 95.04971527345323, 95.04971527345323, 'APPROACH-BLIND'
11, 214, 95.02216552740582, 95.02216552740582, 'APPROACH-BLIND'
11, 215, 94.9946157813584, 94.9946157813584, 'APPROACH-BLIND'
11, 216, 94.96706603531099, 94.96706603531099, 'APPROACH-BLIND'
11, 217, 94.93951628926358, 94.93951628926358, 'APPROACH-BLIND'
11, 218, 94.91196654321617, 94.91196654321617, 'APPROACH-BLIND'
11, 219, 94.88441679716875, 94.88441679716875, 'APPROACH-BLIND'
11, 220, 94.85686705112134, 94.85686705112134, 'APPROACH-BLIND'
11, 221, 94.82931730507393, 94.82931730507393, 'APPROACH-BLIND'
11, 222, 94.80176755902652, 94.80176755902652, 'APPROACH-BLIND'
11, 223, 94.7742178129791, 94.7742178129791, 'APPROACH-BLIND'
11, 224, 94.74666806693169, 94.74666806693169, 'APPROACH-BLIND'
11, 225, 94.71911832088428, 94.71911832088428, 'APPROACH-BLIND'
11, 226, 94.69156857483686, 94.69156857483686, 'APPROACH-BLIND'
11, 227, 94.66401882878945, 94.66401882878945, 'APPROACH-BLIND'
11, 228, 94.63646908274204, 94.63646908274204, 'APPROACH-BLIND'
11, 229, 94.60891933669463, 94.60891933669463, 'APPROACH-BLIND'
11, 230, 94.58136959064721, 94.58136959064721, 'APPROACH-BLIND'
11, 231, 94.5538198445998, 94.5538198445998, 'APPROACH-BLIND'
11, 232, 94.52627009855239, 94.52627009855239, 'APPROACH-BLIND'
11, 233, 94.49872035250498, 94.49872035250498, 'APPROACH-BLIND'
11, 234, 94.47096810425353, 94.47096810425353, 'APPROACH-BLIND'
11, 235, 94.44321585600208, 94.44321585600208, 'APPROACH-BLIND'
11, 236, 94.41546360775064, 94.41546360775064, 'APPROACH-BLIND'
11, 237, 94.38771135949919, 94.38771135949919, 'APPROACH-BLIND'
11, 238, 94.35995911124775, 94.35995911124775, 'APPROACH-BLIND'
11, 239, 94.3322068629963, 94.3322068629963, 'APPROACH-BLIND'
11, 240, 94.30445461474486, 94.30445461474486, 'APPROACH-BLIND'
11, 241, 94.27670236649341, 94.27670236649341, 'APPROACH-BLIND'
11, 242, 94.24895011824196, 94.24895011824196, 'APPROACH-BLIND'
11, 243, 94.22119786999052, 94.22119786999052, 'APPROACH-BLIND'
11, 244, 94.19344562173907, 94.19344562173907, 'APPROACH-BLIND'
11, 245, 94.16569337348763, 94.16569337348763, 'APPROACH-BLIND'
11, 246, 94.13794112523618, 94.13794112523618, 'APPROACH-BLIND'
11, 247, 94.11018887698474, 94.11018887698474, 'APPROACH-BLIND'
11, 248, 94.08243662873329, 94.08243662873329, 'APPROACH-BLIND'
11, 249, 94.05468438048185, 94.05468438048185, 'APPROACH-BLIND'
11, 250, 94.0269321322304, 94.0269321322304, 'APPROACH-BLIND'
11, 251, 93.99917988397895, 93.99917988397895, 'APPROACH-BLIND'
11, 252, 93.97142763572751, 93.97142763572751, 'APPROACH-BLIND'
11, 253, 93.94367538747606, 93.94367538747606, 'APPROACH-BLIND'
11, 254, 93.91592313922462, 93.91592313922462, 'APPROACH-BLIND'
11, 255, 93.88817089097317, 93.88817089097317, 'APPROACH-BLIND'
11, 256, 93.86041864272173, 93.86041864272173, 'APPROACH-BLIND'
11, 257, 93.83266639447028, 93.83266639447028, 'APPROACH-BLIND'
11, 258, 93.80491414621883, 93.80491414621883, 'APPROACH-BLIND'
11, 259, 93.77716189796739, 93.77716189796739, 'APPROACH-BLIND'
11, 260, 93.74940964971594, 93.74940964971594, 'APPROACH-BLIND'
11, 261, 93.7216574014645, 93.7216574014645, 'APPROACH-BLIND'
11, 262, 93.69390515321305, 93.69390515321305, 'APPROACH-BLIND'
11, 263, 93.6661529049616, 93.6661529049616, 'APPROACH-BLIND'
11, 264, 93.63840065671016, 93.63840065671016, 'APPROACH-BLIND'
11, 265, 93.61064840845872, 93.61064840845872, 'APPROACH-BLIND'
11, 266, 93.58289616020727, 93.58289616020727, 'APPROACH-BLIND'
11, 267, 93.55514391195582, 93.55514391195582, 'APPROACH-BLIND'
11, 268, 93.52739166370438, 93.52739166370438, 'APPROACH-BLIND'
11, 269, 93.49963941545293, 93.49963941545293, 'APPROACH-BLIND'
11, 270, 93.48743379701634, 93.48743379701634, 'APPROACH-BLIND'
11, 271, 93.47522817857974, 93.47522817857974, 'APPROACH-BLIND'
11, 272, 93.46302256014314, 93.46302256014314, 'APPROACH-BLIND'
11, 273, 93.45081694170655, 93.45081694170655, 'APPROACH-BLIND'
11, 274, 93.43861132326995, 93.43861132326995, 'APPROACH-BLIND'
11, 275, 93.42640570483336, 93.42640570483336, 'APPROACH-BLIND'
11, 276, 93.41420008639676, 93.41420008639676, 'APPROACH-BLIND'
11, 277, 93.40199446796017, 93.40199446796017, 'APPROACH-BLIND'
11, 278, 93.38978884952357, 93.38978884952357, 'APPROACH-BLIND'
11, 279, 93.37758323108697, 93.37758323108697, 'APPROACH-BLIND'
11, 280, 93.36537761265038, 93.36537761265038, 'APPROACH-BLIND'
11, 281, 93.35317199421378, 93.35317199421378, 'APPROACH-BLIND'
11, 282, 93.34096637577719, 93.34096637577719, 'APPROACH-BLIND'
11, 283, 93.32876075734059, 93.32876075734059, 'APPROACH-BLIND'
11, 284, 93.316555138904, 93.316555138904, 'APPROACH-BLIND'
11, 285, 93.3043495204674, 93.3043495204674, 'APPROACH-BLIND'
11, 286, 93.2921439020308, 93.2921439020308, 'APPROACH-BLIND'
11, 287, 93.2799382835942, 93.2799382835942, 'APPROACH-BLIND'
11, 288, 93.26773266515761, 93.26773266515761, 'APPROACH-BLIND'
11, 289, 93.25552704672101, 93.25552704672101, 'APPROACH-BLIND'
11, 290, 93.24332142828443, 93.24332142828443, 'APPROACH-BLIND'
11, 291, 93.21753115803617, 93.21753115803617, 'APPROACH-BLIND'
11, 292, 93.1917408877879, 93.1917408877879, 'APPROACH-BLIND'
11, 293, 93.16595061753964, 93.16595061753964, 'APPROACH-BLIND'
11, 294, 93.14016034729137, 93.14016034729137, 'APPROACH-BLIND'
11, 295, 93.1143700770431, 93.1143700770431, 'APPROACH-BLIND'
11, 296, 93.08857980679484, 93.08857980679484, 'APPROACH-BLIND'
11, 297, 93.06278953654657, 93.06278953654657, 'APPROACH-BLIND'
11, 298, 93.03699926629831, 93.03699926629831, 'APPROACH-BLIND'
11, 299, 93.01120899605004, 93.01120899605004, 'APPROACH-BLIND'
11, 300, 92.98541872580178, 92.98541872580178, 'APPROACH-BLIND'
11, 301, 92.95962845555351, 92.95962845555351, 'APPROACH-BLIND'
11, 302, 92.93383818530525, 92.93383818530525, 'APPROACH-BLIND'
11, 303, 92.90804791505698, 92.90804791505698, 'APPROACH-BLIND'
11, 304, 92.88225764480872, 92.88225764480872, 'APPROACH-BLIND'
11, 305, 92.85646737456045, 92.85646737456045, 'APPROACH-BLIND'
11, 306, 92.83067710431219, 92.83067710431219, 'APPROACH-BLIND'
11, 307, 92.80488683406392, 92.80488683406392, 'APPROACH-BLIND'
11, 308, 92.77909656381566, 92.77909656381566, 'APPROACH-BLIND'
11, 309, 92.75330629356739, 92.75330629356739, 'APPROACH-BLIND'
11, 310, 92.72751602331913, 92.72751602331913, 'APPROACH-BLIND'
11, 311, 92.70172575307086, 92.70172575307086, 'APPROACH-BLIND'
11, 312, 92.6759354828226, 92.6759354828226, 'APPROACH-BLIND'
11, 313, 92.65014521257433, 92.65014521257433, 'APPROACH-BLIND'
11, 314, 92.62435494232606, 92.62435494232606, 'APPROACH-BLIND'
11, 315, 92.5985646720778, 92.5985646720778, 'APPROACH-BLIND'
11, 316, 92.57277440182953, 92.57277440182953, 'APPROACH-BLIND'
11, 317, 92.54698413158127, 92.54698413158127, 'APPROACH-BLIND'
11, 318, 92.521193861333, 92.521193861333, 'APPROACH-BLIND'
11, 319, 92.49540359108474, 92.49540359108474, 'APPROACH-BLIND'
11, 320, 92.46786663484222, 92.46786663484222, 'APPROACH-BLIND'
11, 321, 92.44032967859971, 92.44032967859971, 'APPROACH-BLIND'
11, 322, 92.4127927223572, 92.4127927223572, 'APPROACH-BLIND'
11, 323, 92.38525576611468, 92.38525576611468, 'APPROACH-BLIND'
11, 324, 92.35771880987217, 92.35771880987217, 'APPROACH-BLIND'
11, 325, 92.33018185362965, 92.33018185362965, 'APPROACH-BLIND'
11, 326, 92.30264489738714, 92.30264489738714, 'APPROACH-BLIND'
11, 327, 92.27510794114463, 92.27510794114463, 'APPROACH-BLIND'
11, 328, 92.24757098490211, 92.24757098490211, 'APPROACH-BLIND'
11, 329, 92.2200340286596, 92.2200340286596, 'APPROACH-BLIND'
11, 330, 92.19249707241708, 92.19249707241708, 'APPROACH-BLIND'
11, 331, 92.16496011617457, 92.16496011617457, 'APPROACH-BLIND'
11, 332, 92.13742315993206, 92.13742315993206, 'APPROACH-BLIND'
11, 333, 92.10988620368954, 92.10988620368954, 'APPROACH-BLIND'
11, 334, 92.08234924744703, 92.08234924744703, 'APPROACH-BLIND'
11, 335, 92.05481229120451, 92.05481229120451, 'APPROACH-BLIND'
11, 336, 92.027275334962, 92.027275334962, 'APPROACH-BLIND'
11, 337, 91.99973837871948, 91.99973837871948, 'APPROACH-BLIND'
11, 338, 91.97220142247697, 91.97220142247697, 'APPROACH-BLIND'
11, 339, 91.94466446623446, 91.94466446623446, 'APPROACH-BLIND'
11, 340, 91.91712750999194, 91.91712750999194, 'APPROACH-BLIND'
11, 341, 91.88959055374943, 91.88959055374943, 'APPROACH-BLIND'
11, 342, 91.86205359750691, 91.86205359750691, 'APPROACH-BLIND'
11, 343, 91.8345166412644, 91.8345166412644, 'APPROACH-BLIND'
11, 344, 91.80697968502189, 91.80697968502189, 'APPROACH-BLIND'
11, 345, 91.77944272877937, 91.77944272877937, 'APPROACH-BLIND'
11, 346, 91.75190577253686, 91.75190577253686, 'APPROACH-BLIND'
11, 347, 91.72436881629434, 91.72436881629434, 'APPROACH-BLIND'
11, 348, 91.69683186005183, 91.69683186005183, 'APPROACH-BLIND'
11, 349, 91.66929490380932, 91.66929490380932, 'APPROACH-BLIND'
11, 350, 91.6417579475668, 91.6417579475668, 'APPROACH-BLIND'
11, 351, 91.61422099132429, 91.61422099132429, 'APPROACH-BLIND'
11, 352, 91.58668403508177, 91.58668403508177, 'APPROACH-BLIND'
11, 353, 91.55914707883926, 91.55914707883926, 'APPROACH-BLIND'
11, 354, 91.53161012259675, 91.53161012259675, 'APPROACH-BLIND'
11, 355, 91.50407316635423, 91.50407316635423, 'APPROACH-BLIND'
11, 356, 91.47653621011172, 91.47653621011172, 'APPROACH-BLIND'
11, 357, 91.44878381164814, 91.44878381164814, 'APPROACH-BLIND'
11, 358, 91.42103141318456, 91.42103141318456, 'APPROACH-BLIND'
11, 359, 91.39327901472099, 91.39327901472099, 'APPROACH-BLIND'
11, 360, 91.36552661625741, 91.36552661625741, 'APPROACH-BLIND'
11, 361, 91.33777421779384, 91.33777421779384, 'APPROACH-BLIND'
11, 362, 91.31002181933026, 91.31002181933026, 'APPROACH-BLIND'
11, 363, 91.28226942086668, 91.28226942086668, 'APPROACH-BLIND'
11, 364, 91.2545170224031, 91.2545170224031, 'APPROACH-BLIND'
11, 365, 91.22676462393953, 91.22676462393953, 'APPROACH-BLIND'
11, 366, 91.19901222547595, 91.19901222547595, 'APPROACH-BLIND'
11, 367, 91.17125982701238, 91.17125982701238, 'APPROACH-BLIND'
11, 368, 91.1435074285488, 91.1435074285488, 'APPROACH-BLIND'
11, 369, 91.11575503008523, 91.11575503008523, 'APPROACH-BLIND'
11, 370, 91.08800263162165, 91.08800263162165, 'APPROACH-BLIND'
11, 371, 91.06025023315807, 91.06025023315807, 'APPROACH-BLIND'
11, 372, 91.0324978346945, 91.0324978346945, 'APPROACH-BLIND'
11, 373, 91.00474543623092, 91.00474543623092, 'APPROACH-BLIND'
11, 374, 90.97699303776734, 90.97699303776734, 'APPROACH-BLIND'
11, 375, 90.94924063930377, 90.94924063930377, 'APPROACH-BLIND'
11, 376, 90.92148824084019, 90.92148824084019, 'APPROACH-BLIND'
11, 377, 90.89373584237661, 90.89373584237661, 'APPROACH-BLIND'
11, 378, 90.86598344391304, 90.86598344391304, 'APPROACH-BLIND'
11, 379, 90.83823104544946, 90.83823104544946, 'APPROACH-BLIND'
11, 380, 90.81047864698589, 90.81047864698589, 'APPROACH-BLIND'
11, 381, 90.78272624852231, 90.78272624852231, 'APPROACH-BLIND'
11, 382, 90.75497385005873, 90.75497385005873, 'APPROACH-BLIND'
11, 383, 90.72722145159516, 90.72722145159516, 'APPROACH-BLIND'
11, 384, 90.69946905313158, 90.69946905313158, 'APPROACH-BLIND'
11, 385, 90.671716654668, 90.671716654668, 'APPROACH-BLIND'
11, 386, 90.64396425620443, 90.64396425620443, 'APPROACH-BLIND'
11, 387, 90.61621185774085, 90.61621185774085, 'APPROACH-BLIND'
11, 388, 90.58845945927727, 90.58845945927727, 'APPROACH-BLIND'
11, 389, 90.5607070608137, 90.5607070608137, 'APPROACH-BLIND'
11, 390, 90.53295466235012, 90.53295466235012, 'APPROACH-BLIND'
11, 391, 90.50520226388655, 90.50520226388655, 'APPROACH-BLIND'
11, 392, 90.47744986542297, 90.47744986542297, 'APPROACH-BLIND'
11, 393, 90.4496747412925, 90.4496747412925, 'APPROACH-BLIND'
11, 394, 90.42189961716203, 90.42189961716203, 'APPROACH-BLIND'
11, 395, 90.39412449303155, 90.39412449303155, 'APPROACH-BLIND'
11, 396, 90.36634936890108, 90.36634936890108, 'APPROACH-BLIND'
11, 397, 90.33857424477061, 90.33857424477061, 'APPROACH-BLIND'
11, 398, 90.31079912064014, 90.31079912064014, 'APPROACH-BLIND'
11, 399, 90.28302399650967, 90.28302399650967, 'APPROACH-BLIND'
11, 400, 90.2552488723792, 90.2552488723792, 'APPROACH-BLIND'
11, 401, 90.22747374824873, 90.22747374824873, 'APPROACH-BLIND'
11, 402, 90.19969862411826, 90.19969862411826, 'APPROACH-BLIND'
11, 403, 90.17192349998778, 90.17192349998778, 'APPROACH-BLIND'
11, 404, 90.14414837585731, 90.14414837585731, 'APPROACH-BLIND'
11, 405, 90.11637325172684, 90.11637325172684, 'APPROACH-BLIND'
11, 406, 90.08859812759637, 90.08859812759637, 'APPROACH-BLIND'
11, 407, 90.0608230034659, 90.0608230034659, 'APPROACH-BLIND'
11, 408, 90.03304787933543, 90.03304787933543, 'APPROACH-BLIND'
11, 409, 90.00527275520496, 90.00527275520496, 'APPROACH-BLIND'
11, 410, 89.97749763107448, 89.97749763107448, 'APPROACH-BLIND'
11, 411, 89.94972250694401, 89.94972250694401, 'APPROACH-BLIND'
11, 412, 89.92194738281354, 89.92194738281354, 'APPROACH-BLIND'
11, 413, 89.89417225868307, 89.89417225868307, 'APPROACH-BLIND'
11, 414, 89.8663971345526, 89.8663971345526, 'APPROACH-BLIND'
11, 415, 89.83862201042213, 89.83862201042213, 'APPROACH-BLIND'
11, 416, 89.81084688629166, 89.81084688629166, 'APPROACH-BLIND'
11, 417, 89.78307176216119, 89.78307176216119, 'APPROACH-BLIND'
11, 418, 89.75529663803071, 89.75529663803071, 'APPROACH-BLIND'
11, 419, 89.72752151390024, 89.72752151390024, 'APPROACH-BLIND'
11, 420, 89.69974638976977, 89.69974638976977, 'APPROACH-BLIND'
11, 421, 89.6719712656393, 89.6719712656393, 'APPROACH-BLIND'
11, 422, 89.64419614150883, 89.64419614150883, 'APPROACH-BLIND'
11, 423, 89.61642101737836, 89.61642101737836, 'APPROACH-BLIND'
11, 424, 89.58864589324789, 89.58864589324789, 'APPROACH-BLIND'
11, 425, 89.56087076911741, 89.56087076911741, 'APPROACH-BLIND'
11, 426, 89.53309564498694, 89.53309564498694, 'APPROACH-BLIND'
11, 427, 89.50532052085647, 89.50532052085647, 'APPROACH-BLIND'
11, 428, 89.477545396726, 89.477545396726, 'APPROACH-BLIND'
11, 429, 89.4497678961823, 89.4497678961823, 'APPROACH-BLIND'
11, 430, 89.42199039563859, 89.42199039563859, 'APPROACH-BLIND'
11, 431, 89.39421289509488, 89.39421289509488, 'APPROACH-BLIND'
11, 432, 89.36643539455117, 89.36643539455117, 'APPROACH-BLIND'
11, 433, 89.33865789400747, 89.33865789400747, 'APPROACH-BLIND'
11, 434, 89.31088039346376, 89.31088039346376, 'APPROACH-BLIND'
11, 435, 89.28310289292006, 89.28310289292006, 'APPROACH-BLIND'
11, 436, 89.25532539237635, 89.25532539237635, 'APPROACH-BLIND'
11, 437, 89.22754789183264, 89.22754789183264, 'APPROACH-BLIND'
11, 438, 89.19977039128894, 89.19977039128894, 'APPROACH-BLIND'
11, 439, 89.17199289074523, 89.17199289074523, 'APPROACH-BLIND'
11, 440, 89.14421539020152, 89.14421539020152, 'APPROACH-BLIND'
11, 441, 89.11643788965782, 89.11643788965782, 'APPROACH-BLIND'
11, 442, 89.08866038911411, 89.08866038911411, 'APPROACH-BLIND'
11, 443, 89.0608828885704, 89.0608828885704, 'APPROACH-BLIND'
11, 444, 89.0331053880267, 89.0331053880267, 'APPROACH-BLIND'
11, 445, 89.00532788748299, 89.00532788748299, 'APPROACH-BLIND'
11, 446, 88.97755038693928, 88.97755038693928, 'APPROACH-BLIND'
11, 447, 88.94977288639558, 88.94977288639558, 'APPROACH-BLIND'
11, 448, 88.92199538585187, 88.92199538585187, 'APPROACH-BLIND'
11, 449, 88.89421788530817, 88.89421788530817, 'APPROACH-BLIND'
11, 450, 88.86644038476446, 88.86644038476446, 'APPROACH-BLIND'
11, 451, 88.83866288422075, 88.83866288422075, 'APPROACH-BLIND'
11, 452, 88.81088538367705, 88.81088538367705, 'APPROACH-BLIND'
11, 453, 88.78310788313334, 88.78310788313334, 'APPROACH-BLIND'
11, 454, 88.75533038258963, 88.75533038258963, 'APPROACH-BLIND'
11, 455, 88.72755288204593, 88.72755288204593, 'APPROACH-BLIND'
11, 456, 88.69977538150222, 88.69977538150222, 'APPROACH-BLIND'
11, 457, 88.67199788095851, 88.67199788095851, 'APPROACH-BLIND'
11, 458, 88.64422038041481, 88.64422038041481, 'APPROACH-BLIND'
11, 459, 88.6164428798711, 88.6164428798711, 'APPROACH-BLIND'
11, 460, 88.5886653793274, 88.5886653793274, 'APPROACH-BLIND'
11, 461, 88.56088787878369, 88.56088787878369, 'APPROACH-BLIND'
11, 462, 88.53311037823998, 88.53311037823998, 'APPROACH-BLIND'
11, 463, 88.50533287769628, 88.50533287769628, 'APPROACH-BLIND'
11, 464, 88.47755537715257, 88.47755537715257, 'APPROACH-BLIND'
11, 465, 88.44977762833571, 88.44977762833571, 'APPROACH-BLIND'
11, 466, 88.42199987951885, 88.42199987951885, 'APPROACH-BLIND'
11, 467, 88.39422213070199, 88.39422213070199, 'APPROACH-BLIND'
11, 468, 88.36644438188513, 88.36644438188513, 'APPROACH-BLIND'
11, 469, 88.33866663306827, 88.33866663306827, 'APPROACH-BLIND'
11, 470, 88.31088888425141, 88.31088888425141, 'APPROACH-BLIND'
11, 471, 88.28311113543455, 88.28311113543455, 'APPROACH-BLIND'
11, 472, 88.25533338661769, 88.25533338661769, 'APPROACH-BLIND'
11, 473, 88.22755563780083, 88.22755563780083, 'APPROACH-BLIND'
11, 474, 88.19977788898397, 88.19977788898397, 'APPROACH-BLIND'
11, 475, 88.17200014016711, 88.17200014016711, 'APPROACH-BLIND'
11, 476, 88.14422239135025, 88.14422239135025, 'APPROACH-BLIND'
11, 477, 88.1164446425334, 88.1164446425334, 'APPROACH-BLIND'
11, 478, 88.08866689371654, 88.08866689371654, 'APPROACH-BLIND'
11, 479, 88.06088914489968, 88.06088914489968, 'APPROACH-BLIND'
11, 480, 88.03311139608282, 88.03311139608282, 'APPROACH-BLIND'
11, 481, 88.00533364726596, 88.00533364726596, 'APPROACH-BLIND'
11, 482, 87.9775558984491, 87.9775558984491, 'APPROACH-BLIND'
11, 483, 87.94977814963224, 87.94977814963224, 'APPROACH-BLIND'
11, 484, 87.92200040081538, 87.92200040081538, 'APPROACH-BLIND'
11, 485, 87.89422265199852, 87.89422265199852, 'APPROACH-BLIND'
11, 486, 87.86644490318166, 87.86644490318166, 'APPROACH-BLIND'
11, 487, 87.8386671543648, 87.8386671543648, 'APPROACH-BLIND'
11, 488, 87.81088940554794, 87.81088940554794, 'APPROACH-BLIND'
11, 489, 87.78311165673108, 87.78311165673108, 'APPROACH-BLIND'
11, 490, 87.75533390791422, 87.75533390791422, 'APPROACH-BLIND'
11, 491, 87.72755615909736, 87.72755615909736, 'APPROACH-BLIND'
11, 492, 87.6997784102805, 87.6997784102805, 'APPROACH-BLIND'
11, 493, 87.67200066146364, 87.67200066146364, 'APPROACH-BLIND'
11, 494, 87.64422291264678, 87.64422291264678, 'APPROACH-BLIND'
11, 495, 87.61644516382992, 87.61644516382992, 'APPROACH-BLIND'
11, 496, 87.58866741501306, 87.58866741501306, 'APPROACH-BLIND'
11, 497, 87.5608896661962, 87.5608896661962, 'APPROACH-BLIND'
11, 498, 87.53311191737934, 87.53311191737934, 'APPROACH-BLIND'
11, 499, 87.50533416856248, 87.50533416856248, 'APPROACH-BLIND'
11, 500, 87.47755641974562, 87.47755641974562, 'APPROACH-BLIND'
11, 501, 87.46557919234507, 87.46557919234507, 'APPROACH-BLIND'
11, 502, 87.45360196494453, 87.45360196494453, 'APPROACH-BLIND'
11, 503, 87.44162473754398, 87.44162473754398, 'APPROACH-BLIND'
11, 504, 87.42964751014343, 87.42964751014343, 'APPROACH-BLIND'
11, 505, 87.41767028274288, 87.41767028274288, 'APPROACH-BLIND'
11, 506, 87.40569305534233, 87.40569305534233, 'APPROACH-BLIND'
11, 507, 87.39371582794178, 87.39371582794178, 'APPROACH-BLIND'
11, 508, 87.38173860054123, 87.38173860054123, 'APPROACH-BLIND'
11, 509, 87.36976137314068, 87.36976137314068, 'APPROACH-BLIND'
11, 510, 87.35778414574013, 87.35778414574013, 'APPROACH-BLIND'
11, 511, 87.34580691833958, 87.34580691833958, 'APPROACH-BLIND'
11, 512, 87.33382969093903, 87.33382969093903, 'APPROACH-BLIND'
11, 513, 87.32185246353848, 87.32185246353848, 'APPROACH-BLIND'
11, 514, 87.30987523613793, 87.30987523613793, 'APPROACH-BLIND'
11, 515, 87.29789800873738, 87.29789800873738, 'APPROACH-BLIND'
11, 516, 87.28592078133683, 87.28592078133683, 'APPROACH-BLIND'
11, 517, 87.27394355393628, 87.27394355393628, 'APPROACH-BLIND'
11, 518, 87.26196632653573, 87.26196632653573, 'APPROACH-BLIND'
11, 519, 87.24998909913518, 87.24998909913518, 'APPROACH-BLIND'
11, 520, 87.23801187173463, 87.23801187173463, 'APPROACH-BLIND'
11, 521, 87.21224133769974, 87.21224133769974, 'APPROACH-BLIND'
11, 522, 87.18647080366485, 87.18647080366485, 'APPROACH-BLIND'
11, 523, 87.16070026962996, 87.16070026962996, 'APPROACH-BLIND'
11, 524, 87.13492973559507, 87.13492973559507, 'APPROACH-BLIND'
11, 525, 87.10915920156017, 87.10915920156017, 'APPROACH-BLIND'
11, 526, 87.08338866752528, 87.08338866752528, 'APPROACH-BLIND'
11, 527, 87.0576181334904, 87.0576181334904, 'APPROACH-BLIND'
11, 528, 87.0318475994555, 87.0318475994555, 'APPROACH-BLIND'
11, 529, 87.00607706542061, 87.00607706542061, 'APPROACH-BLIND'
11, 530, 86.98030653138572, 86.98030653138572, 'APPROACH-BLIND'
11, 531, 86.95453599735083, 86.95453599735083, 'APPROACH-BLIND'
11, 532, 86.92876546331594, 86.92876546331594, 'APPROACH-BLIND'
11, 533, 86.90299492928105, 86.90299492928105, 'APPROACH-BLIND'
11, 534, 86.87722439524616, 86.87722439524616, 'APPROACH-BLIND'
11, 535, 86.85145386121127, 86.85145386121127, 'APPROACH-BLIND'
11, 536, 86.82568332717638, 86.82568332717638, 'APPROACH-BLIND'
11, 537, 86.79991279314149, 86.79991279314149, 'APPROACH-BLIND'
11, 538, 86.7741422591066, 86.7741422591066, 'APPROACH-BLIND'
11, 539, 86.7483717250717, 86.7483717250717, 'APPROACH-BLIND'
11, 540, 86.72260119103682, 86.72260119103682, 'APPROACH-BLIND'
11, 541, 86.69683065700193, 86.69683065700193, 'APPROACH-BLIND'
11, 542, 86.67106012296703, 86.67106012296703, 'APPROACH-BLIND'
11, 543, 86.64528958893214, 86.64528958893214, 'APPROACH-BLIND'
11, 544, 86.61951905489725, 86.61951905489725, 'APPROACH-BLIND'
11, 545, 86.59374852086236, 86.59374852086236, 'APPROACH-BLIND'
11, 546, 86.56797798682747, 86.56797798682747, 'APPROACH-BLIND'
11, 547, 86.54220745279258, 86.54220745279258, 'APPROACH-BLIND'
11, 548, 86.51643691875769, 86.51643691875769, 'APPROACH-BLIND'
11, 549, 86.4906663847228, 86.4906663847228, 'APPROACH-BLIND'
11, 550, 86.46312899455289, 86.46312899455289, 'APPROACH-BLIND'
11, 551, 86.43559160438298, 86.43559160438298, 'APPROACH-BLIND'
11, 552, 86.40805421421307, 86.40805421421307, 'APPROACH-BLIND'
11, 553, 86.38051682404316, 86.38051682404316, 'APPROACH-BLIND'
11, 554, 86.35297943387324, 86.35297943387324, 'APPROACH-BLIND'
11, 555, 86.32544204370333, 86.32544204370333, 'APPROACH-BLIND'
11, 556, 86.29790465353342, 86.29790465353342, 'APPROACH-BLIND'
11, 557, 86.27036726336351, 86.27036726336351, 'APPROACH-BLIND'
11, 558, 86.2428298731936, 86.2428298731936, 'APPROACH-BLIND'
11, 559, 86.21529248302369, 86.21529248302369, 'APPROACH-BLIND'
11, 560, 86.18775509285378, 86.18775509285378, 'APPROACH-BLIND'
11, 561, 86.16021770268387, 86.16021770268387, 'APPROACH-BLIND'
11, 562, 86.13268031251395, 86.13268031251395, 'APPROACH-BLIND'
11, 563, 86.10514292234404, 86.10514292234404, 'APPROACH-BLIND'
11, 564, 86.07760553217413, 86.07760553217413, 'APPROACH-BLIND'
11, 565, 86.05006814200422, 86.05006814200422, 'APPROACH-BLIND'
11, 566, 86.02253075183431, 86.02253075183431, 'APPROACH-BLIND'
11, 567, 85.9949933616644, 85.9949933616644, 'APPROACH-BLIND'
11, 568, 85.96745597149449, 85.96745597149449, 'APPROACH-BLIND'
11, 569, 85.93991858132458, 85.93991858132458, 'APPROACH-BLIND'
11, 570, 85.91238119115467, 85.91238119115467, 'APPROACH-BLIND'
11, 571, 85.88484380098475, 85.88484380098475, 'APPROACH-BLIND'
11, 572, 85.85730641081484, 85.85730641081484, 'APPROACH-BLIND'
11, 573, 85.82976902064493, 85.82976902064493, 'APPROACH-BLIND'
11, 574, 85.80223163047502, 85.80223163047502, 'APPROACH-BLIND'
11, 575, 85.77469424030511, 85.77469424030511, 'APPROACH-BLIND'
11, 576, 85.7471568501352, 85.7471568501352, 'APPROACH-BLIND'
11, 577, 85.71961945996529, 85.71961945996529, 'APPROACH-BLIND'
11, 578, 85.69208206979538, 85.69208206979538, 'APPROACH-BLIND'
11, 579, 85.66454467962546, 85.66454467962546, 'APPROACH-BLIND'
11, 580, 85.63700728945555, 85.63700728945555, 'APPROACH-BLIND'
11, 581, 85.60946989928564, 85.60946989928564, 'APPROACH-BLIND'
11, 582, 85.58193250911573, 85.58193250911573, 'APPROACH-BLIND'
11, 583, 85.55439511894582, 85.55439511894582, 'APPROACH-BLIND'
11, 584, 85.52685772877591, 85.52685772877591, 'APPROACH-BLIND'
11, 585, 85.499320338606, 85.499320338606, 'APPROACH-BLIND'
11, 586, 85.4715695329431, 85.4715695329431, 'APPROACH-BLIND'
11, 587, 85.44381872728019, 85.44381872728019, 'APPROACH-BLIND'
11, 588, 85.41606792161728, 85.41606792161728, 'APPROACH-BLIND'
11, 589, 85.38831711595438, 85.38831711595438, 'APPROACH-BLIND'
11, 590, 85.36056631029147, 85.36056631029147, 'APPROACH-BLIND'
11, 591, 85.33281550462857, 85.33281550462857, 'APPROACH-BLIND'
11, 592, 85.30506469896567, 85.30506469896567, 'APPROACH-BLIND'
11, 593, 85.27731389330276, 85.27731389330276, 'APPROACH-BLIND'
11, 594, 85.24956308763986, 85.24956308763986, 'APPROACH-BLIND'
11, 595, 85.22181228197695, 85.22181228197695, 'APPROACH-BLIND'
11, 596, 85.19406147631405, 85.19406147631405, 'APPROACH-BLIND'
11, 597, 85.16631067065114, 85.16631067065114, 'APPROACH-BLIND'
11, 598, 85.13855986498824, 85.13855986498824, 'APPROACH-BLIND'
11, 599, 85.11080905932533, 85.11080905932533, 'APPROACH-BLIND'
11, 600, 85.08305825366243, 85.08305825366243, 'APPROACH-BLIND'
11, 601, 85.05530744799952, 85.05530744799952, 'APPROACH-BLIND'
11, 602, 85.02755664233662, 85.02755664233662, 'APPROACH-BLIND'
11, 603, 84.99980583667372, 84.99980583667372, 'APPROACH-BLIND'
11, 604, 84.97205503101081, 84.97205503101081, 'APPROACH-BLIND'
11, 605, 84.9443042253479, 84.9443042253479, 'APPROACH-BLIND'
11, 606, 84.916553419685, 84.916553419685, 'APPROACH-BLIND'
11, 607, 84.8888026140221, 84.8888026140221, 'APPROACH-BLIND'
11, 608, 84.86105180835919, 84.86105180835919, 'APPROACH-BLIND'
11, 609, 84.83330100269629, 84.83330100269629, 'APPROACH-BLIND'
11, 610, 84.80555019703338, 84.80555019703338, 'APPROACH-BLIND'
11, 611, 84.77779939137048, 84.77779939137048, 'APPROACH-BLIND'
11, 612, 84.75004858570757, 84.75004858570757, 'APPROACH-BLIND'
11, 613, 84.72229778004467, 84.72229778004467, 'APPROACH-BLIND'
11, 614, 84.69454697438177, 84.69454697438177, 'APPROACH-BLIND'
11, 615, 84.66679616871886, 84.66679616871886, 'APPROACH-BLIND'
11, 616, 84.66679616871886, 84.66679616871886, 'APPROACH-BLIND'
11, 617, 84.63904536305596, 84.63904536305596, 'APPROACH-BLIND'
11, 618, 84.61129455739305, 84.61129455739305, 'APPROACH-BLIND'
11, 619, 84.58354375173015, 84.58354375173015, 'APPROACH-BLIND'
11, 620, 84.55579294606724, 84.55579294606724, 'APPROACH-BLIND'
11, 621, 84.52804214040434, 84.52804214040434, 'APPROACH-BLIND'
11, 622, 84.50029133474143, 84.50029133474143, 'APPROACH-BLIND'
11, 623, 84.47254052907853, 84.47254052907853, 'APPROACH-BLIND'
11, 624, 84.44476553246278, 84.44476553246278, 'APPROACH-BLIND'
11, 625, 84.41699053584703, 84.41699053584703, 'APPROACH-BLIND'
11, 626, 84.40310303753917, 84.40310303753917, 'APPROACH-STEALTH'
11, 627, 84.3892155392313, 84.3892155392313, 'APPROACH-STEALTH'
11, 628, 84.37532804092343, 84.37532804092343, 'APPROACH-STEALTH'
11, 629, 84.31867319400396, 84.31867319400396, 'PURSUE'
11, 630, 84.26201834708449, 84.26201834708449, 'PURSUE'
11, 631, 84.20536350016502, 84.20536350016502, 'PURSUE'
11, 632, 84.14870865324555, 84.14870865324555, 'PURSUE'
11, 633, 84.12094292118863, 84.12094292118863, 'APPROACH-BLIND'
11, 634, 84.09317718913171, 84.09317718913171, 'APPROACH-BLIND'
11, 635, 84.06541145707479, 84.06541145707479, 'APPROACH-BLIND'
11, 636, 84.03764572501787, 84.03764572501787, 'APPROACH-BLIND'
11, 637, 84.02376285898941, 84.02376285898941, 'APPROACH-STEALTH'
11, 638, 84.00987999296096, 84.00987999296096, 'APPROACH-STEALTH'
11, 639, 83.98211426090404, 83.98211426090404, 'APPROACH-BLIND'
11, 640, 83.95434852884712, 83.95434852884712, 'APPROACH-BLIND'
11, 641, 83.9265827967902, 83.9265827967902, 'APPROACH-BLIND'
11, 642, 83.89881706473328, 83.89881706473328, 'APPROACH-BLIND'
11, 643, 83.88493419870483, 83.88493419870483, 'APPROACH-STEALTH'
11, 644, 83.82818997324209, 83.82818997324209, 'PURSUE'
11, 645, 83.77144574777935, 83.77144574777935, 'PURSUE'
11, 646, 83.71470152231662, 83.71470152231662, 'PURSUE'
11, 647, 83.68694996293596, 83.68694996293596, 'APPROACH-BLIND'
11, 648, 83.6591984035553, 83.6591984035553, 'APPROACH-BLIND'
11, 649, 83.63144684417463, 83.63144684417463, 'APPROACH-BLIND'
11, 650, 83.60369528479397, 83.60369528479397, 'APPROACH-BLIND'
11, 651, 83.57594372541331, 83.57594372541331, 'APPROACH-BLIND'
11, 652, 83.54819216603265, 83.54819216603265, 'APPROACH-BLIND'
11, 653, 83.52044060665199, 83.52044060665199, 'APPROACH-BLIND'
11, 654, 83.49268904727133, 83.49268904727133, 'APPROACH-BLIND'
11, 655, 83.46491412946301, 83.46491412946301, 'APPROACH-BLIND'
11, 656, 83.45102667055885, 83.45102667055885, 'APPROACH-STEALTH'
11, 657, 83.3943214540473, 83.3943214540473, 'PURSUE'
11, 658, 83.33761623753576, 83.33761623753576, 'PURSUE'
11, 659, 83.28097225979101, 83.28097225979101, 'PURSUE'
11, 660, 83.22432828204627, 83.22432828204627, 'PURSUE'
11, 661, 83.16762436227692, 83.16762436227692, 'PURSUE'
11, 662, 83.11092044250758, 83.11092044250758, 'PURSUE'
11, 663, 83.05421652273823, 83.05421652273823, 'PURSUE'
11, 664, 82.99756816098409, 82.99756816098409, 'PURSUE'
11, 665, 82.94091979922995, 82.94091979922995, 'PURSUE'
11, 666, 82.88421674424917, 82.88421674424917, 'PURSUE'
11, 667, 82.8275136892684, 82.8275136892684, 'PURSUE'
11, 668, 82.77081063428763, 82.77081063428763, 'PURSUE'
11, 669, 82.75696013982316, 82.75696013982316, 'APPROACH-STEALTH'
11, 670, 82.70025894297083, 82.70025894297083, 'PURSUE'
11, 671, 82.6435577461185, 82.6435577461185, 'PURSUE'
11, 672, 82.6297327391, 82.6297327391, 'APPROACH-STEALTH'
11, 673, 82.61590773208151, 82.61590773208151, 'APPROACH-STEALTH'
11, 674, 82.5592086063188, 82.5592086063188, 'PURSUE'
11, 675, 82.5025094805561, 82.5025094805561, 'PURSUE'
11, 676, 82.4458103547934, 82.4458103547934, 'PURSUE'
11, 677, 82.43193667112982, 82.43193667112982, 'APPROACH-STEALTH'
11, 678, 82.41806298746624, 82.41806298746624, 'APPROACH-STEALTH'
11, 679, 82.36141496913517, 82.36141496913517, 'PURSUE'
11, 680, 82.3047669508041, 82.3047669508041, 'PURSUE'
11, 681, 82.24811893247302, 82.24811893247302, 'PURSUE'
11, 682, 82.19147091414195, 82.19147091414195, 'PURSUE'
11, 683, 82.13482289581087, 82.13482289581087, 'PURSUE'
11, 684, 82.0781748774798, 82.0781748774798, 'PURSUE'
11, 685, 82.06433265914752, 82.06433265914752, 'APPROACH-STEALTH'
11, 686, 82.05049044081525, 82.05049044081525, 'APPROACH-STEALTH'
11, 687, 81.99379431593385, 81.99379431593385, 'PURSUE'
11, 688, 81.93709819105246, 81.93709819105246, 'PURSUE'
11, 689, 81.88040206617106, 81.88040206617106, 'PURSUE'
11, 690, 81.82370594128966, 81.82370594128966, 'PURSUE'
11, 691, 81.76700981640826, 81.76700981640826, 'PURSUE'
11, 692, 81.71031369152686, 81.71031369152686, 'PURSUE'
11, 693, 81.65361756664547, 81.65361756664547, 'PURSUE'
11, 694, 81.59692144176407, 81.59692144176407, 'PURSUE'
11, 695, 81.54022531688267, 81.54022531688267, 'PURSUE'
11, 696, 81.48352919200127, 81.48352919200127, 'PURSUE'
11, 697, 81.42683306711987, 81.42683306711987, 'PURSUE'
11, 698, 81.42078342841573, 81.42078342841573, 'APPROACH-STEALTH'
11, 699, 81.41473378971159, 81.41473378971159, 'APPROACH-STEALTH'
11, 700, 81.35807850799229, 81.35807850799229, 'PURSUE'
11, 701, 81.30142322627299, 81.30142322627299, 'PURSUE'
11, 702, 81.24476794455369, 81.24476794455369, 'PURSUE'
11, 703, 81.18811266283438, 81.18811266283438, 'PURSUE'
11, 704, 81.13145738111508, 81.13145738111508, 'PURSUE'
11, 705, 81.12930782271116, 81.12930782271116, 'APPROACH-STEALTH'
11, 706, 81.07264933452697, 81.07264933452697, 'PURSUE'
11, 707, 81.01599084634279, 81.01599084634279, 'PURSUE'
11, 708, 80.95928914018354, 80.95928914018354, 'PURSUE'
11, 709, 80.9025874340243, 80.9025874340243, 'PURSUE'
11, 710, 80.84588572786505, 80.84588572786505, 'PURSUE'
11, 711, 80.78918402170581, 80.78918402170581, 'PURSUE'
11, 712, 80.73248231554656, 80.73248231554656, 'PURSUE'
11, 713, 80.67578060938732, 80.67578060938732, 'PURSUE'
11, 714, 80.61907890322807, 80.61907890322807, 'PURSUE'
11, 715, 80.56237719706883, 80.56237719706883, 'PURSUE'
11, 716, 80.50567549090958, 80.50567549090958, 'PURSUE'
11, 717, 80.44897378475034, 80.44897378475034, 'PURSUE'
11, 718, 80.39227207859109, 80.39227207859109, 'PURSUE'
11, 719, 80.33560915175048, 80.33560915175048, 'PURSUE'
11, 720, 80.27890943608206, 80.27890943608206, 'PURSUE'
11, 721, 80.22220972041364, 80.22220972041364, 'PURSUE'
11, 722, 80.16554692469921, 80.16554692469921, 'PURSUE'
11, 723, 80.10884582756886, 80.10884582756886, 'PURSUE'
11, 724, 80.0521447304385, 80.0521447304385, 'PURSUE'
11, 725, 80.03857639793132, 80.03857639793132, 'APPROACH-STEALTH'
11, 726, 79.98187780803921, 79.98187780803921, 'PURSUE'
11, 727, 79.92517921814711, 79.92517921814711, 'PURSUE'
11, 728, 79.8685139373966, 79.8685139373966, 'PURSUE'
11, 729, 79.81184865664609, 79.81184865664609, 'PURSUE'
11, 730, 79.75518337589558, 79.75518337589558, 'PURSUE'
11, 731, 79.69851809514508, 79.69851809514508, 'PURSUE'
11, 732, 79.64185281439457, 79.64185281439457, 'PURSUE'
11, 733, 79.5851529228024, 79.5851529228024, 'PURSUE'
11, 734, 79.52845303121022, 79.52845303121022, 'PURSUE'
11, 735, 79.47175313961804, 79.47175313961804, 'PURSUE'
11, 736, 79.41505324802587, 79.41505324802587, 'PURSUE'
11, 737, 79.3583533564337, 79.3583533564337, 'PURSUE'
11, 738, 79.30165346484152, 79.30165346484152, 'PURSUE'
11, 739, 79.24498636099065, 79.24498636099065, 'PURSUE'
11, 740, 79.1882850924442, 79.1882850924442, 'PURSUE'
11, 741, 79.13158382389776, 79.13158382389776, 'PURSUE'
11, 742, 79.07491684491832, 79.07491684491832, 'PURSUE'
11, 743, 79.06147327679422, 79.06147327679422, 'APPROACH-STEALTH'
11, 744, 79.00480891627312, 79.00480891627312, 'PURSUE'
11, 745, 78.94810908373779, 78.94810908373779, 'PURSUE'
11, 746, 78.89140925120246, 78.89140925120246, 'PURSUE'
11, 747, 78.83470941866713, 78.83470941866713, 'PURSUE'
11, 748, 78.7780095861318, 78.7780095861318, 'PURSUE'
11, 749, 78.76499590782217, 78.76499590782217, 'APPROACH-STEALTH'
11, 750, 78.75198222951254, 78.75198222951254, 'APPROACH-STEALTH'
11, 751, 78.7389685512029, 78.7389685512029, 'APPROACH-STEALTH'
11, 752, 78.68227219364995, 78.68227219364995, 'PURSUE'
11, 753, 78.625575836097, 78.625575836097, 'PURSUE'
11, 754, 78.56887947854405, 78.56887947854405, 'PURSUE'
11, 755, 78.5121831209911, 78.5121831209911, 'PURSUE'
11, 756, 78.45551390742288, 78.45551390742288, 'PURSUE'
11, 757, 78.39881564641658, 78.39881564641658, 'PURSUE'
11, 758, 78.34211738541028, 78.34211738541028, 'PURSUE'
11, 759, 78.28544827861245, 78.28544827861245, 'PURSUE'
11, 760, 78.27192140307608, 78.27192140307608, 'APPROACH-STEALTH'
11, 761, 78.2583945275397, 78.2583945275397, 'APPROACH-STEALTH'
11, 762, 78.20169955529198, 78.20169955529198, 'PURSUE'
11, 763, 78.14500458304425, 78.14500458304425, 'PURSUE'
11, 764, 78.08830961079653, 78.08830961079653, 'PURSUE'
11, 765, 78.0316146385488, 78.0316146385488, 'PURSUE'
11, 766, 77.97495037167272, 77.97495037167272, 'PURSUE'
11, 767, 77.91828610479664, 77.91828610479664, 'PURSUE'
11, 768, 77.90513350639314, 77.90513350639314, 'APPROACH-STEALTH'
11, 769, 77.89198090798965, 77.89198090798965, 'APPROACH-STEALTH'
11, 770, 77.83531666293437, 77.83531666293437, 'PURSUE'
11, 771, 77.778624776676, 77.778624776676, 'PURSUE'
11, 772, 77.72193289041762, 77.72193289041762, 'PURSUE'
11, 773, 77.66524100415924, 77.66524100415924, 'PURSUE'
11, 774, 77.60854911790086, 77.60854911790086, 'PURSUE'
11, 775, 77.55185723164249, 77.55185723164249, 'PURSUE'
11, 776, 77.49516534538411, 77.49516534538411, 'PURSUE'
11, 777, 77.43850358860023, 77.43850358860023, 'PURSUE'
11, 778, 77.38184183181635, 77.38184183181635, 'PURSUE'
11, 779, 77.32514914836443, 77.32514914836443, 'PURSUE'
11, 780, 77.26845646491252, 77.26845646491252, 'PURSUE'
11, 781, 77.2117637814606, 77.2117637814606, 'PURSUE'
11, 782, 77.19839001934044, 77.19839001934044, 'APPROACH-STEALTH'
11, 783, 77.14170019296593, 77.14170019296593, 'PURSUE'
11, 784, 77.08501036659142, 77.08501036659142, 'PURSUE'
11, 785, 77.07176319867636, 77.07176319867636, 'APPROACH-STEALTH'
11, 786, 77.01510260557663, 77.01510260557663, 'PURSUE'
11, 787, 76.95841149837277, 76.95841149837277, 'PURSUE'
11, 788, 76.90172039116891, 76.90172039116891, 'PURSUE'
11, 789, 76.84502928396505, 76.84502928396505, 'PURSUE'
11, 790, 76.78837190355992, 76.78837190355992, 'PURSUE'
11, 791, 76.77569916870016, 76.77569916870016, 'APPROACH-STEALTH'
11, 792, 76.71904002901177, 76.71904002901177, 'PURSUE'
11, 793, 76.66234997069417, 76.66234997069417, 'PURSUE'
11, 794, 76.60565991237657, 76.60565991237657, 'PURSUE'
11, 795, 76.54896985405897, 76.54896985405897, 'PURSUE'
11, 796, 76.49227979574137, 76.49227979574137, 'PURSUE'
11, 797, 76.47878520719888, 76.47878520719888, 'APPROACH-STEALTH'
11, 798, 76.4652906186564, 76.4652906186564, 'APPROACH-STEALTH'
11, 799, 76.45179603011391, 76.45179603011391, 'APPROACH-STEALTH'
11, 800, 76.43830144157143, 76.43830144157143, 'APPROACH-STEALTH'
11, 801, 76.38161088250254, 76.38161088250254, 'PURSUE'
11, 802, 76.32492032343366, 76.32492032343366, 'PURSUE'
11, 803, 76.26822976436478, 76.26822976436478, 'PURSUE'
11, 804, 76.21153920529589, 76.21153920529589, 'PURSUE'
11, 805, 76.15484864622701, 76.15484864622701, 'PURSUE'
11, 806, 76.14160585446947, 76.14160585446947, 'APPROACH-STEALTH'
11, 807, 76.08495073897387, 76.08495073897387, 'PURSUE'
11, 808, 76.02829562347827, 76.02829562347827, 'PURSUE'
11, 809, 76.01521935149138, 76.01521935149138, 'APPROACH-STEALTH'
11, 810, 76.00214307950449, 76.00214307950449, 'APPROACH-STEALTH'
11, 811, 75.94545293587464, 75.94545293587464, 'PURSUE'
11, 812, 75.88876279224479, 75.88876279224479, 'PURSUE'
11, 813, 75.83207264861494, 75.83207264861494, 'PURSUE'
11, 814, 75.77538250498509, 75.77538250498509, 'PURSUE'
11, 815, 75.71869236135524, 75.71869236135524, 'PURSUE'
11, 816, 75.66200221772539, 75.66200221772539, 'PURSUE'
11, 817, 75.60534640954928, 75.60534640954928, 'PURSUE'
11, 818, 75.54865367127944, 75.54865367127944, 'PURSUE'
11, 819, 75.4919609330096, 75.4919609330096, 'PURSUE'
11, 820, 75.43530339991013, 75.43530339991013, 'PURSUE'
11, 821, 75.37864586681066, 75.37864586681066, 'PURSUE'
11, 822, 75.32198833371119, 75.32198833371119, 'PURSUE'
11, 823, 75.26529780369779, 75.26529780369779, 'PURSUE'
11, 824, 75.2086072736844, 75.2086072736844, 'PURSUE'
11, 825, 75.151916743671, 75.151916743671, 'PURSUE'
11, 826, 75.0952262136576, 75.0952262136576, 'PURSUE'
11, 827, 75.08221376475744, 75.08221376475744, 'APPROACH-STEALTH'
11, 828, 75.02552196551926, 75.02552196551926, 'PURSUE'
11, 829, 74.96883016628108, 74.96883016628108, 'PURSUE'
11, 830, 74.95603825740702, 74.95603825740702, 'APPROACH-STEALTH'
11, 831, 74.89934925699772, 74.89934925699772, 'PURSUE'
11, 832, 74.84266025658843, 74.84266025658843, 'PURSUE'
11, 833, 74.83017324487547, 74.83017324487547, 'APPROACH-STEALTH'
11, 834, 74.77348303626906, 74.77348303626906, 'PURSUE'
11, 835, 74.71679282766264, 74.71679282766264, 'PURSUE'
11, 836, 74.66014178008751, 74.66014178008751, 'PURSUE'
11, 837, 74.60344918933981, 74.60344918933981, 'PURSUE'
11, 838, 74.54675659859211, 74.54675659859211, 'PURSUE'
11, 839, 74.49010572421476, 74.49010572421476, 'PURSUE'
11, 840, 74.4334548498374, 74.4334548498374, 'PURSUE'
11, 841, 74.37676391807673, 74.37676391807673, 'PURSUE'
11, 842, 74.32007298631606, 74.32007298631606, 'PURSUE'
11, 843, 74.2633820545554, 74.2633820545554, 'PURSUE'
11, 844, 74.25025298735507, 74.25025298735507, 'APPROACH-STEALTH'
11, 845, 74.1935650317551, 74.1935650317551, 'PURSUE'
11, 846, 74.13687707615513, 74.13687707615513, 'PURSUE'
11, 847, 74.12391493676932, 74.12391493676932, 'APPROACH-STEALTH'
11, 848, 74.11095279738352, 74.11095279738352, 'APPROACH-STEALTH'
11, 849, 74.05426195118568, 74.05426195118568, 'PURSUE'
11, 850, 73.99757110498784, 73.99757110498784, 'PURSUE'
11, 851, 73.94088025879, 73.94088025879, 'PURSUE'
11, 852, 73.92828099546821, 73.92828099546821, 'APPROACH-STEALTH'
11, 853, 73.91568173214642, 73.91568173214642, 'APPROACH-STEALTH'
11, 854, 73.90308246882464, 73.90308246882464, 'APPROACH-STEALTH'
11, 855, 73.89048320550285, 73.89048320550285, 'APPROACH-STEALTH'
11, 856, 73.87788394218106, 73.87788394218106, 'APPROACH-STEALTH'
11, 857, 73.86528467885927, 73.86528467885927, 'APPROACH-STEALTH'
11, 858, 73.85268541553748, 73.85268541553748, 'APPROACH-STEALTH'
11, 859, 73.84008615221569, 73.84008615221569, 'APPROACH-STEALTH'
11, 860, 73.8274868888939, 73.8274868888939, 'APPROACH-STEALTH'
11, 861, 73.81488762557211, 73.81488762557211, 'APPROACH-STEALTH'
11, 862, 73.80228836225032, 73.80228836225032, 'APPROACH-STEALTH'
11, 863, 73.78968909892853, 73.78968909892853, 'APPROACH-STEALTH'
11, 864, 73.77708983560674, 73.77708983560674, 'APPROACH-STEALTH'
11, 865, 73.76449057228496, 73.76449057228496, 'APPROACH-STEALTH'
11, 866, 73.75189130896317, 73.75189130896317, 'APPROACH-STEALTH'
11, 867, 73.73929204564138, 73.73929204564138, 'APPROACH-STEALTH'
11, 868, 73.72669278231959, 73.72669278231959, 'APPROACH-STEALTH'
11, 869, 73.7140935189978, 73.7140935189978, 'APPROACH-STEALTH'
11, 870, 73.70149425567601, 73.70149425567601, 'APPROACH-STEALTH'
11, 871, 73.68889499235422, 73.68889499235422, 'APPROACH-STEALTH'
11, 872, 73.67629572903243, 73.67629572903243, 'APPROACH-STEALTH'
11, 873, 73.66369646571064, 73.66369646571064, 'APPROACH-STEALTH'
11, 874, 73.65109720238885, 73.65109720238885, 'APPROACH-STEALTH'
11, 875, 73.63849793906707, 73.63849793906707, 'APPROACH-STEALTH'
11, 876, 73.62589867574528, 73.62589867574528, 'APPROACH-STEALTH'
11, 877, 73.61329941242349, 73.61329941242349, 'APPROACH-STEALTH'
11, 878, 73.6007001491017, 73.6007001491017, 'APPROACH-STEALTH'
11, 879, 73.58810088577991, 73.58810088577991, 'APPROACH-STEALTH'
11, 880, 73.57550162245812, 73.57550162245812, 'APPROACH-STEALTH'
11, 881, 73.56290235913633, 73.56290235913633, 'APPROACH-STEALTH'
11, 882, 73.55030309581454, 73.55030309581454, 'APPROACH-STEALTH'
11, 883, 73.53770383249275, 73.53770383249275, 'APPROACH-STEALTH'
11, 884, 73.52510456917096, 73.52510456917096, 'APPROACH-STEALTH'
11, 885, 73.51250530584917, 73.51250530584917, 'APPROACH-STEALTH'
11, 886, 73.49990604252739, 73.49990604252739, 'APPROACH-STEALTH'
11, 887, 73.4432489066719, 73.4432489066719, 'PURSUE'
11, 888, 73.38659177081641, 73.38659177081641, 'PURSUE'
11, 889, 73.3729047395596, 73.3729047395596, 'APPROACH-STEALTH'
11, 890, 73.3592177083028, 73.3592177083028, 'APPROACH-STEALTH'
11, 891, 73.34553067704599, 73.34553067704599, 'APPROACH-STEALTH'
11, 892, 73.28887303014788, 73.28887303014788, 'PURSUE'
11, 893, 73.23221538324978, 73.23221538324978, 'PURSUE'
11, 894, 73.17555773635168, 73.17555773635168, 'PURSUE'
11, 895, 73.11890008945358, 73.11890008945358, 'PURSUE'
11, 896, 73.0622774454932, 73.0622774454932, 'PURSUE'
11, 897, 73.00565480153281, 73.00565480153281, 'PURSUE'
11, 898, 72.94903215757243, 72.94903215757243, 'PURSUE'
11, 899, 72.89237777159337, 72.89237777159337, 'PURSUE'
11, 900, 72.83572338561432, 72.83572338561432, 'PURSUE'
11, 901, 72.77906899963526, 72.77906899963526, 'PURSUE'
11, 902, 72.7224146136562, 72.7224146136562, 'PURSUE'
11, 903, 72.66579223688801, 72.66579223688801, 'PURSUE'
11, 904, 72.65296772131818, 72.65296772131818, 'APPROACH-STEALTH'
11, 905, 72.59631706859405, 72.59631706859405, 'PURSUE'
11, 906, 72.53966641586992, 72.53966641586992, 'PURSUE'
11, 907, 72.48301576314579, 72.48301576314579, 'PURSUE'
11, 908, 72.47812050279627, 72.47812050279627, 'APPROACH-STEALTH'
11, 909, 72.47322524244676, 72.47322524244676, 'APPROACH-STEALTH'
11, 910, 72.41657340315327, 72.41657340315327, 'PURSUE'
11, 911, 72.35992156385977, 72.35992156385977, 'PURSUE'
11, 912, 72.30326972456628, 72.30326972456628, 'PURSUE'
11, 913, 72.24664588542099, 72.24664588542099, 'PURSUE'
11, 914, 72.18999703373687, 72.18999703373687, 'PURSUE'
11, 915, 72.13334818205276, 72.13334818205276, 'PURSUE'
11, 916, 72.13190774964366, 72.13190774964366, 'APPROACH-STEALTH'
11, 917, 72.07528224018085, 72.07528224018085, 'PURSUE'
11, 918, 72.01863301973697, 72.01863301973697, 'PURSUE'
11, 919, 71.96198379929308, 71.96198379929308, 'PURSUE'
11, 920, 71.90533457884919, 71.90533457884919, 'PURSUE'
11, 921, 71.90635889231396, 71.90635889231396, 'APPROACH-STEALTH'
11, 922, 71.90840751924351, 71.90840751924351, 'PURSUE'
11, 923, 71.91045614617306, 71.91045614617306, 'PURSUE'
11, 924, 71.91250477310261, 71.91250477310261, 'PURSUE'
11, 925, 71.91455340003216, 71.91455340003216, 'PURSUE'
11, 926, 71.91660202696171, 71.91660202696171, 'PURSUE'
11, 927, 71.91865065389126, 71.91865065389126, 'PURSUE'
11, 928, 71.92069928082081, 71.92069928082081, 'PURSUE'
11, 929, 71.92274790775036, 71.92274790775036, 'PURSUE'
11, 930, 71.92479653467991, 71.92479653467991, 'PURSUE'
11, 931, 71.92684516160946, 71.92684516160946, 'PURSUE'
11, 932, 71.92889378853901, 71.92889378853901, 'PURSUE'
11, 933, 71.93094241546856, 71.93094241546856, 'PURSUE'
11, 934, 71.93299104239811, 71.93299104239811, 'PURSUE'
11, 935, 71.93503966932767, 71.93503966932767, 'PURSUE'
11, 936, 71.93708829625722, 71.93708829625722, 'PURSUE'
11, 937, 71.93913692318677, 71.93913692318677, 'PURSUE'
11, 938, 71.9411855501163, 71.9411855501163, 'PURSUE'
11, 939, 71.94323417704585, 71.94323417704585, 'PURSUE'
11, 940, 71.94528280397539, 71.94528280397539, 'PURSUE'
11, 941, 71.94733143090494, 71.94733143090494, 'PURSUE'
11, 942, 71.94938005783449, 71.94938005783449, 'PURSUE'
11, 943, 71.95142868476402, 71.95142868476402, 'PURSUE'
11, 944, 71.95347731169358, 71.95347731169358, 'PURSUE'
11, 945, 71.95552593862311, 71.95552593862311, 'PURSUE'
11, 946, 71.95757456555266, 71.95757456555266, 'PURSUE'
11, 947, 71.9596231924822, 71.9596231924822, 'PURSUE'
11, 948, 71.96167181941175, 71.96167181941175, 'PURSUE'
11, 949, 71.96372044634128, 71.96372044634128, 'PURSUE'
11, 950, 71.93896551440574, 71.93896551440574, 'PURSUE'
11, 951, 71.88247675175214, 71.88247675175214, 'PURSUE'
11, 952, 71.82598798909854, 71.82598798909854, 'PURSUE'
11, 953, 71.76949922644494, 71.76949922644494, 'PURSUE'
11, 954, 71.75781754954137, 71.75781754954137, 'APPROACH-STEALTH'
11, 955, 71.74613587263781, 71.74613587263781, 'APPROACH-STEALTH'
11, 956, 71.73445419573424, 71.73445419573424, 'APPROACH-STEALTH'
11, 957, 71.72277251883068, 71.72277251883068, 'APPROACH-STEALTH'
11, 958, 71.66629384572751, 71.66629384572751, 'PURSUE'
11, 959, 71.60981517262434, 71.60981517262434, 'PURSUE'
11, 960, 71.55333649952117, 71.55333649952117, 'PURSUE'
11, 961, 71.496857826418, 71.496857826418, 'PURSUE'
11, 962, 71.48365232019987, 71.48365232019987, 'APPROACH-STEALTH'
11, 963, 71.47044681398174, 71.47044681398174, 'APPROACH-STEALTH'
11, 964, 71.4137500125931, 71.4137500125931, 'PURSUE'
11, 965, 71.35705321120446, 71.35705321120446, 'PURSUE'
11, 966, 71.34397406144082, 71.34397406144082, 'APPROACH-STEALTH'
11, 967, 71.33089491167718, 71.33089491167718, 'APPROACH-STEALTH'
11, 968, 71.30473661214988, 71.30473661214988, 'PURSUE'
11, 969, 71.27857831262259, 71.27857831262259, 'PURSUE'
11, 970, 71.22188674340534, 71.22188674340534, 'PURSUE'
11, 971, 71.19588860899623, 71.19588860899623, 'PURSUE'
11, 972, 71.16989047458712, 71.16989047458712, 'PURSUE'
11, 973, 71.14389234017801, 71.14389234017801, 'PURSUE'
11, 974, 71.1178942057689, 71.1178942057689, 'PURSUE'
11, 975, 71.0918960713598, 71.0918960713598, 'PURSUE'
11, 976, 71.06589793695069, 71.06589793695069, 'PURSUE'
11, 977, 71.03989980254158, 71.03989980254158, 'PURSUE'
11, 978, 71.01390166813248, 71.01390166813248, 'PURSUE'
11, 979, 70.98790353372337, 70.98790353372337, 'PURSUE'
11, 980, 70.96190539931426, 70.96190539931426, 'PURSUE'
11, 981, 70.90522601366878, 70.90522601366878, 'PURSUE'
11, 982, 70.8485466280233, 70.8485466280233, 'PURSUE'
11, 983, 70.79186724237782, 70.79186724237782, 'PURSUE'
11, 984, 70.73518785673234, 70.73518785673234, 'PURSUE'
11, 985, 70.67850847108686, 70.67850847108686, 'PURSUE'
11, 986, 70.62182900369606, 70.62182900369606, 'PURSUE'
11, 987, 70.609986748806, 70.609986748806, 'APPROACH-STEALTH'
11, 988, 70.55330505831131, 70.55330505831131, 'PURSUE'
11, 989, 70.49662328520289, 70.49662328520289, 'PURSUE'
11, 990, 70.4831617162667, 70.4831617162667, 'APPROACH-STEALTH'
11, 991, 70.4697001473305, 70.4697001473305, 'APPROACH-STEALTH'
11, 992, 70.4562385783943, 70.4562385783943, 'APPROACH-STEALTH'
11, 993, 70.44277700945811, 70.44277700945811, 'APPROACH-STEALTH'
11, 994, 70.38610418793735, 70.38610418793735, 'PURSUE'
11, 995, 70.32943127626028, 70.32943127626028, 'PURSUE'
11, 996, 70.27274388502897, 70.27274388502897, 'PURSUE'
11, 997, 70.21605641215493, 70.21605641215493, 'PURSUE'
11, 998, 70.15938629344764, 70.15938629344764, 'PURSUE'
11, 999, 70.14619640969023, 70.14619640969023, 'APPROACH-STEALTH'
11, 1000, 70.13300652593283, 70.13300652593283, 'APPROACH-STEALTH'
11, 1001, 70.11981664217542, 70.11981664217542, 'APPROACH-STEALTH'
11, 1002, 70.10662675841802, 70.10662675841802, 'APPROACH-STEALTH'
11, 1003, 70.09343687466061, 70.09343687466061, 'APPROACH-STEALTH'
11, 1004, 70.0802469909032, 70.0802469909032, 'APPROACH-STEALTH'
11, 1005, 70.02356028622152, 70.02356028622152, 'PURSUE'
11, 1006, 69.96687358153984, 69.96687358153984, 'PURSUE'
11, 1007, 69.91018687685816, 69.91018687685816, 'PURSUE'
11, 1008, 69.89729818995535, 69.89729818995535, 'APPROACH-STEALTH'
11, 1009, 69.88440950305254, 69.88440950305254, 'APPROACH-STEALTH'
11, 1010, 69.87152081614973, 69.87152081614973, 'APPROACH-STEALTH'
11, 1011, 69.85863212924691, 69.85863212924691, 'APPROACH-STEALTH'
11, 1012, 69.80196614826212, 69.80196614826212, 'PURSUE'
11, 1013, 69.74530016727734, 69.74530016727734, 'PURSUE'
11, 1014, 69.68863418629255, 69.68863418629255, 'PURSUE'
11, 1015, 69.63196809953193, 69.63196809953193, 'PURSUE'
11, 1016, 69.6198869889091, 69.6198869889091, 'APPROACH-STEALTH'
11, 1017, 69.60780587828627, 69.60780587828627, 'APPROACH-STEALTH'
11, 1018, 69.59572476766344, 69.59572476766344, 'APPROACH-STEALTH'
11, 1019, 69.58364365704061, 69.58364365704061, 'APPROACH-STEALTH'
11, 1020, 69.52697351625646, 69.52697351625646, 'PURSUE'
11, 1021, 69.47030337547231, 69.47030337547231, 'PURSUE'
11, 1022, 69.41363323468816, 69.41363323468816, 'PURSUE'
11, 1023, 69.35696309390401, 69.35696309390401, 'PURSUE'
11, 1024, 69.30029284182878, 69.30029284182878, 'PURSUE'
11, 1025, 69.28687546368313, 69.28687546368313, 'APPROACH-STEALTH'
11, 1026, 69.23020890640123, 69.23020890640123, 'PURSUE'
11, 1027, 69.17354234911933, 69.17354234911933, 'PURSUE'
11, 1028, 69.16023576270854, 69.16023576270854, 'APPROACH-STEALTH'
11, 1029, 69.1035736813777, 69.1035736813777, 'PURSUE'
11, 1030, 69.04691160004685, 69.04691160004685, 'PURSUE'
11, 1031, 69.033754279895, 69.033754279895, 'APPROACH-STEALTH'
11, 1032, 69.02059695974316, 69.02059695974316, 'APPROACH-STEALTH'
11, 1033, 69.00743963959131, 69.00743963959131, 'APPROACH-STEALTH'
11, 1034, 68.99428231943946, 68.99428231943946, 'APPROACH-STEALTH'
11, 1035, 68.98112499928762, 68.98112499928762, 'APPROACH-STEALTH'
11, 1036, 68.92446595949104, 68.92446595949104, 'PURSUE'
11, 1037, 68.86780691969447, 68.86780691969447, 'PURSUE'
11, 1038, 68.8111478798979, 68.8111478798979, 'PURSUE'
11, 1039, 68.75448884010133, 68.75448884010133, 'PURSUE'
11, 1040, 68.69782980030476, 68.69782980030476, 'PURSUE'
11, 1041, 68.64117076050819, 68.64117076050819, 'PURSUE'
11, 1042, 68.62900281986047, 68.62900281986047, 'APPROACH-STEALTH'
11, 1043, 68.61683487921276, 68.61683487921276, 'APPROACH-STEALTH'
11, 1044, 68.56017782990853, 68.56017782990853, 'PURSUE'
11, 1045, 68.50352078060429, 68.50352078060429, 'PURSUE'
11, 1046, 68.44686373130006, 68.44686373130006, 'PURSUE'
11, 1047, 68.39017585522568, 68.39017585522568, 'PURSUE'
11, 1048, 68.3335230055444, 68.3335230055444, 'PURSUE'
11, 1049, 68.27687002027636, 68.27687002027636, 'PURSUE'
11, 1050, 68.22017845337233, 68.22017845337233, 'PURSUE'
11, 1051, 68.16352218004971, 68.16352218004971, 'PURSUE'
11, 1052, 68.1068659067271, 68.1068659067271, 'PURSUE'
11, 1053, 68.10578620557958, 68.10578620557958, 'APPROACH-STEALTH'
11, 1054, 68.10470650443206, 68.10470650443206, 'APPROACH-STEALTH'
11, 1055, 68.04805007333748, 68.04805007333748, 'PURSUE'
11, 1056, 67.9913936422429, 67.9913936422429, 'PURSUE'
11, 1057, 67.93473706996072, 67.93473706996072, 'PURSUE'
11, 1058, 67.93540596804382, 67.93540596804382, 'APPROACH-STEALTH'
11, 1059, 67.93674376421004, 67.93674376421004, 'APPROACH-BLIND'
11, 1060, 67.93808156037625, 67.93808156037625, 'APPROACH-BLIND'
11, 1061, 67.93941935654246, 67.93941935654246, 'APPROACH-BLIND'
11, 1062, 67.94075715270867, 67.94075715270867, 'APPROACH-BLIND'
11, 1063, 67.94209494887488, 67.94209494887488, 'APPROACH-BLIND'
11, 1064, 67.9434327450411, 67.9434327450411, 'APPROACH-BLIND'
11, 1065, 67.9447705412073, 67.9447705412073, 'APPROACH-BLIND'
11, 1066, 67.94610833737352, 67.94610833737352, 'APPROACH-BLIND'
11, 1067, 67.94744613353973, 67.94744613353973, 'APPROACH-BLIND'
11, 1068, 67.94878392970594, 67.94878392970594, 'APPROACH-BLIND'
11, 1069, 67.95012172587215, 67.95012172587215, 'APPROACH-BLIND'
11, 1070, 67.95145952203836, 67.95145952203836, 'APPROACH-BLIND'
11, 1071, 67.95279731820457, 67.95279731820457, 'APPROACH-BLIND'
11, 1072, 67.95413511437079, 67.95413511437079, 'APPROACH-BLIND'
11, 1073, 67.955472910537, 67.955472910537, 'APPROACH-BLIND'
11, 1074, 67.95681070670321, 67.95681070670321, 'APPROACH-BLIND'
11, 1075, 67.95814850286942, 67.95814850286942, 'APPROACH-BLIND'
11, 1076, 67.95948629903563, 67.95948629903563, 'APPROACH-BLIND'
11, 1077, 67.96082409520184, 67.96082409520184, 'APPROACH-BLIND'
11, 1078, 67.96216189136805, 67.96216189136805, 'APPROACH-BLIND'
11, 1079, 67.96349968753427, 67.96349968753427, 'APPROACH-BLIND'
11, 1080, 67.96483748370048, 67.96483748370048, 'APPROACH-BLIND'
11, 1081, 67.96617527986669, 67.96617527986669, 'APPROACH-BLIND'
11, 1082, 67.9675130760329, 67.9675130760329, 'APPROACH-BLIND'
11, 1083, 67.96885087219911, 67.96885087219911, 'APPROACH-BLIND'
11, 1084, 67.97018866836532, 67.97018866836532, 'APPROACH-BLIND'
11, 1085, 67.97152646453152, 67.97152646453152, 'APPROACH-BLIND'
11, 1086, 67.97286426069773, 67.97286426069773, 'APPROACH-BLIND'
11, 1087, 67.97420205686393, 67.97420205686393, 'APPROACH-BLIND'
11, 1088, 67.97553985303014, 67.97553985303014, 'APPROACH-BLIND'
11, 1089, 67.97687764919634, 67.97687764919634, 'APPROACH-BLIND'
11, 1090, 67.97731170579054, 67.97731170579054, 'APPROACH-BLIND'
11, 1091, 67.97774576238474, 67.97774576238474, 'APPROACH-BLIND'
11, 1092, 67.97817981897894, 67.97817981897894, 'APPROACH-BLIND'
11, 1093, 67.97861387557315, 67.97861387557315, 'APPROACH-BLIND'
11, 1094, 67.97904793216735, 67.97904793216735, 'APPROACH-BLIND'
11, 1095, 67.97948198876155, 67.97948198876155, 'APPROACH-BLIND'
11, 1096, 67.97991604535575, 67.97991604535575, 'APPROACH-BLIND'
11, 1097, 67.98035010194995, 67.98035010194995, 'APPROACH-BLIND'
11, 1098, 67.98078415854415, 67.98078415854415, 'APPROACH-BLIND'
11, 1099, 67.98121821513836, 67.98121821513836, 'APPROACH-BLIND'
11, 1100, 67.98165227173256, 67.98165227173256, 'APPROACH-BLIND'
11, 1101, 67.98208632832676, 67.98208632832676, 'APPROACH-BLIND'
11, 1102, 67.98252038492096, 67.98252038492096, 'APPROACH-BLIND'
11, 1103, 67.98295444151516, 67.98295444151516, 'APPROACH-BLIND'
11, 1104, 67.98338849810936, 67.98338849810936, 'APPROACH-BLIND'
11, 1105, 67.98382255470356, 67.98382255470356, 'APPROACH-BLIND'
11, 1106, 67.98425661129777, 67.98425661129777, 'APPROACH-BLIND'
11, 1107, 67.98469066789197, 67.98469066789197, 'APPROACH-BLIND'
11, 1108, 67.98512472448617, 67.98512472448617, 'APPROACH-BLIND'
11, 1109, 67.98555878108037, 67.98555878108037, 'APPROACH-BLIND'
11, 1110, 67.98599283767457, 67.98599283767457, 'APPROACH-BLIND'
11, 1111, 67.98642689426877, 67.98642689426877, 'APPROACH-BLIND'
11, 1112, 67.98686095086298, 67.98686095086298, 'APPROACH-BLIND'
11, 1113, 67.98729500745718, 67.98729500745718, 'APPROACH-BLIND'
11, 1114, 67.98772906405138, 67.98772906405138, 'APPROACH-BLIND'
11, 1115, 67.98816312064558, 67.98816312064558, 'APPROACH-BLIND'
11, 1116, 67.98859717723978, 67.98859717723978, 'APPROACH-BLIND'
11, 1117, 67.98903123383398, 67.98903123383398, 'APPROACH-BLIND'
11, 1118, 67.98946529042819, 67.98946529042819, 'APPROACH-BLIND'
11, 1119, 67.98989934702239, 67.98989934702239, 'APPROACH-BLIND'
11, 1120, 67.99033340361659, 67.99033340361659, 'APPROACH-BLIND'
11, 1121, 67.99076746021079, 67.99076746021079, 'APPROACH-BLIND'
11, 1122, 67.99120151680499, 67.99120151680499, 'APPROACH-BLIND'
11, 1123, 67.9916355733992, 67.9916355733992, 'APPROACH-BLIND'
11, 1124, 67.9920696299934, 67.9920696299934, 'APPROACH-BLIND'
11, 1125, 67.99250368658761, 67.99250368658761, 'APPROACH-BLIND'
11, 1126, 68.01758398136712, 68.01758398136712, 'APPROACH-BLIND'
11, 1127, 68.04266427614664, 68.04266427614664, 'APPROACH-BLIND'
11, 1128, 68.06774457092615, 68.06774457092615, 'APPROACH-BLIND'
11, 1129, 68.09282486570567, 68.09282486570567, 'APPROACH-BLIND'
11, 1130, 68.11790516048518, 68.11790516048518, 'APPROACH-BLIND'
11, 1131, 68.1429854552647, 68.1429854552647, 'APPROACH-BLIND'
11, 1132, 68.1680657500442, 68.1680657500442, 'APPROACH-BLIND'
11, 1133, 68.19314604482372, 68.19314604482372, 'APPROACH-BLIND'
11, 1134, 68.21822633960323, 68.21822633960323, 'APPROACH-BLIND'
11, 1135, 68.24330663438275, 68.24330663438275, 'APPROACH-BLIND'
11, 1136, 68.26838692916226, 68.26838692916226, 'APPROACH-BLIND'
11, 1137, 68.29346722394178, 68.29346722394178, 'APPROACH-BLIND'
11, 1138, 68.31854751872129, 68.31854751872129, 'APPROACH-BLIND'
11, 1139, 68.3436278135008, 68.3436278135008, 'APPROACH-BLIND'
11, 1140, 68.36870810828032, 68.36870810828032, 'APPROACH-BLIND'
11, 1141, 68.39378840305983, 68.39378840305983, 'APPROACH-BLIND'
11, 1142, 68.41886869783934, 68.41886869783934, 'APPROACH-BLIND'
11, 1143, 68.44394899261886, 68.44394899261886, 'APPROACH-BLIND'
11, 1144, 68.46902928739837, 68.46902928739837, 'APPROACH-BLIND'
11, 1145, 68.49410958217788, 68.49410958217788, 'APPROACH-BLIND'
11, 1146, 68.5191898769574, 68.5191898769574, 'APPROACH-BLIND'
11, 1147, 68.52931080293497, 68.52931080293497, 'APPROACH-BLIND'
11, 1148, 68.53943172891255, 68.53943172891255, 'APPROACH-BLIND'
11, 1149, 68.54955265489012, 68.54955265489012, 'APPROACH-BLIND'
11, 1150, 68.5596735808677, 68.5596735808677, 'APPROACH-BLIND'
11, 1151, 68.56979450684527, 68.56979450684527, 'APPROACH-BLIND'
11, 1152, 68.57991543282284, 68.57991543282284, 'APPROACH-BLIND'
11, 1153, 68.59003635880042, 68.59003635880042, 'APPROACH-BLIND'
11, 1154, 68.60015728477799, 68.60015728477799, 'APPROACH-BLIND'
11, 1155, 68.61027821075557, 68.61027821075557, 'APPROACH-BLIND'
11, 1156, 68.62039913673314, 68.62039913673314, 'APPROACH-BLIND'
11, 1157, 68.63052006271072, 68.63052006271072, 'APPROACH-BLIND'
11, 1158, 68.64064098868829, 68.64064098868829, 'APPROACH-BLIND'
11, 1159, 68.65076191466586, 68.65076191466586, 'APPROACH-BLIND'
11, 1160, 68.66088284064344, 68.66088284064344, 'APPROACH-BLIND'
11, 1161, 68.67100376662101, 68.67100376662101, 'APPROACH-BLIND'
11, 1162, 68.68112469259859, 68.68112469259859, 'APPROACH-BLIND'
11, 1163, 68.69124561857616, 68.69124561857616, 'APPROACH-BLIND'
11, 1164, 68.70136654455374, 68.70136654455374, 'APPROACH-BLIND'
11, 1165, 68.71148747053131, 68.71148747053131, 'APPROACH-BLIND'
11, 1166, 68.72160839650888, 68.72160839650888, 'APPROACH-BLIND'
11, 1167, 68.73172932248646, 68.73172932248646, 'APPROACH-BLIND'
11, 1168, 68.74185024846403, 68.74185024846403, 'APPROACH-BLIND'
11, 1169, 68.7519711744416, 68.7519711744416, 'APPROACH-BLIND'
11, 1170, 68.76209210041918, 68.76209210041918, 'APPROACH-BLIND'
11, 1171, 68.77221302639676, 68.77221302639676, 'APPROACH-BLIND'
11, 1172, 68.78233395237433, 68.78233395237433, 'APPROACH-BLIND'
11, 1173, 68.7924548783519, 68.7924548783519, 'APPROACH-BLIND'
11, 1174, 68.80257580432948, 68.80257580432948, 'APPROACH-BLIND'
11, 1175, 68.81269673030705, 68.81269673030705, 'APPROACH-BLIND'
11, 1176, 68.7887628272479, 68.7887628272479, 'APPROACH-BLIND'
11, 1177, 68.73289469020635, 68.73289469020635, 'PURSUE'
11, 1178, 68.67702655316481, 68.67702655316481, 'PURSUE'
11, 1179, 68.62115644112534, 68.62115644112534, 'PURSUE'
11, 1180, 68.61029327009811, 68.61029327009811, 'APPROACH-STEALTH'
11, 1181, 68.55443662216543, 68.55443662216543, 'PURSUE'
11, 1182, 68.49857798146857, 68.49857798146857, 'PURSUE'
11, 1183, 68.48538614081355, 68.48538614081355, 'APPROACH-STEALTH'
11, 1184, 68.42953480255754, 68.42953480255754, 'PURSUE'
11, 1185, 68.37368346430154, 68.37368346430154, 'PURSUE'
11, 1186, 68.36053918535174, 68.36053918535174, 'APPROACH-STEALTH'
11, 1187, 68.34739490640195, 68.34739490640195, 'APPROACH-STEALTH'
11, 1188, 68.33425062745215, 68.33425062745215, 'APPROACH-STEALTH'
11, 1189, 68.27840454274917, 68.27840454274917, 'PURSUE'
11, 1190, 68.2225584580462, 68.2225584580462, 'PURSUE'
11, 1191, 68.16671237334322, 68.16671237334322, 'PURSUE'
11, 1192, 68.11086628864024, 68.11086628864024, 'PURSUE'
11, 1193, 68.05528006900218, 68.05528006900218, 'PURSUE'
11, 1194, 67.99941997121446, 67.99941997121446, 'PURSUE'
11, 1195, 67.94355987342675, 67.94355987342675, 'PURSUE'
11, 1196, 67.9306902265432, 67.9306902265432, 'APPROACH-STEALTH'
11, 1197, 67.87483301661405, 67.87483301661405, 'PURSUE'
11, 1198, 67.81897375094695, 67.81897375094695, 'PURSUE'
11, 1199, 67.76366524432832, 67.76366524432832, 'PURSUE'
11, 1200, 67.70781396243677, 67.70781396243677, 'PURSUE'
11, 1201, 67.6519605977707, 67.6519605977707, 'PURSUE'
11, 1202, 67.59635893604408, 67.59635893604408, 'PURSUE'
11, 1203, 67.54049503594453, 67.54049503594453, 'PURSUE'
11, 1204, 67.48463113584498, 67.48463113584498, 'PURSUE'
11, 1205, 67.42903073486434, 67.42903073486434, 'PURSUE'
11, 1206, 67.3734303338837, 67.3734303338837, 'PURSUE'
11, 1207, 67.31782993290307, 67.31782993290307, 'PURSUE'
11, 1208, 67.26195485625729, 67.26195485625729, 'PURSUE'
11, 1209, 67.20607977961151, 67.20607977961151, 'PURSUE'
11, 1210, 67.15020470296574, 67.15020470296574, 'PURSUE'
11, 1211, 67.09458902961539, 67.09458902961539, 'PURSUE'
11, 1212, 67.03897335626505, 67.03897335626505, 'PURSUE'
11, 1213, 66.9833576829147, 66.9833576829147, 'PURSUE'
11, 1214, 66.92774022128197, 66.92774022128197, 'PURSUE'
11, 1215, 66.92858724395332, 66.92858724395332, 'APPROACH-STEALTH'
11, 1216, 66.87297497950415, 66.87297497950415, 'PURSUE'
11, 1217, 66.81736093731419, 66.81736093731419, 'PURSUE'
11, 1218, 66.81954682654148, 66.81954682654148, 'APPROACH-STEALTH'
11, 1219, 66.76424614204461, 66.76424614204461, 'PURSUE'
11, 1220, 66.70894545754774, 66.70894545754774, 'PURSUE'
11, 1221, 66.65303326431776, 66.65303326431776, 'PURSUE'
11, 1222, 66.59712107108777, 66.59712107108777, 'PURSUE'
11, 1223, 66.54147851431182, 66.54147851431182, 'PURSUE'
11, 1224, 66.48555200274681, 66.48555200274681, 'PURSUE'
11, 1225, 66.42962324268862, 66.42962324268862, 'PURSUE'
11, 1226, 66.3739821278165, 66.3739821278165, 'PURSUE'
11, 1227, 66.36010068375269, 66.36010068375269, 'APPROACH-STEALTH'
11, 1228, 66.30417419308462, 66.30417419308462, 'PURSUE'
11, 1229, 66.24824770241655, 66.24824770241655, 'PURSUE'
11, 1230, 66.19232121174848, 66.19232121174848, 'PURSUE'
11, 1231, 66.13706143071644, 66.13706143071644, 'PURSUE'
11, 1232, 66.08180164968441, 66.08180164968441, 'PURSUE'
11, 1233, 66.06791343766635, 66.06791343766635, 'APPROACH-STEALTH'
11, 1234, 66.05402522564829, 66.05402522564829, 'APPROACH-STEALTH'
11, 1235, 66.04013701363023, 66.04013701363023, 'APPROACH-STEALTH'
11, 1236, 65.98446129640705, 65.98446129640705, 'PURSUE'
11, 1237, 65.92878557918387, 65.92878557918387, 'PURSUE'
11, 1238, 65.87310986196069, 65.87310986196069, 'PURSUE'
11, 1239, 65.8174341447375, 65.8174341447375, 'PURSUE'
11, 1240, 65.76175842751432, 65.76175842751432, 'PURSUE'
11, 1241, 65.70608271029114, 65.70608271029114, 'PURSUE'
11, 1242, 65.65040699306796, 65.65040699306796, 'PURSUE'
11, 1243, 65.59472946055712, 65.59472946055712, 'PURSUE'
11, 1244, 65.53948250023743, 65.53948250023743, 'PURSUE'
11, 1245, 65.48423553991773, 65.48423553991773, 'PURSUE'
11, 1246, 65.42898725149895, 65.42898725149895, 'PURSUE'
11, 1247, 65.37331729290732, 65.37331729290732, 'PURSUE'
11, 1248, 65.31764733431568, 65.31764733431568, 'PURSUE'
11, 1249, 65.26197737572404, 65.26197737572404, 'PURSUE'
11, 1250, 65.20630741713241, 65.20630741713241, 'PURSUE'
11, 1251, 65.19257491955582, 65.19257491955582, 'APPROACH-STEALTH'
11, 1252, 65.17884242197924, 65.17884242197924, 'APPROACH-STEALTH'
11, 1253, 65.16510992440266, 65.16510992440266, 'APPROACH-STEALTH'
11, 1254, 65.15137742682607, 65.15137742682607, 'APPROACH-STEALTH'
11, 1255, 65.13764492924949, 65.13764492924949, 'APPROACH-STEALTH'
11, 1256, 65.11017993409631, 65.11017993409631, 'APPROACH-BLIND'
11, 1257, 65.09644743651972, 65.09644743651972, 'APPROACH-STEALTH'
11, 1258, 65.06898244136654, 65.06898244136654, 'APPROACH-BLIND'
11, 1259, 65.05524994378996, 65.05524994378996, 'APPROACH-STEALTH'
11, 1260, 65.04151744621338, 65.04151744621338, 'APPROACH-STEALTH'
11, 1261, 65.02778494863679, 65.02778494863679, 'APPROACH-STEALTH'
11, 1262, 65.01405245106021, 65.01405245106021, 'APPROACH-STEALTH'
11, 1263, 64.98658745590703, 64.98658745590703, 'APPROACH-BLIND'
11, 1264, 64.97285495833044, 64.97285495833044, 'APPROACH-STEALTH'
11, 1265, 64.95912246075386, 64.95912246075386, 'APPROACH-STEALTH'
11, 1266, 64.93165746560068, 64.93165746560068, 'APPROACH-BLIND'
11, 1267, 64.9179249680241, 64.9179249680241, 'APPROACH-STEALTH'
11, 1268, 64.90419247044751, 64.90419247044751, 'APPROACH-STEALTH'
11, 1269, 64.89045997287093, 64.89045997287093, 'APPROACH-STEALTH'
11, 1270, 64.87672747529435, 64.87672747529435, 'APPROACH-STEALTH'
11, 1271, 64.86299497771776, 64.86299497771776, 'APPROACH-STEALTH'
11, 1272, 64.84926248014118, 64.84926248014118, 'APPROACH-STEALTH'
11, 1273, 64.8355299825646, 64.8355299825646, 'APPROACH-STEALTH'
11, 1274, 64.78038837973425, 64.78038837973425, 'PURSUE'
11, 1275, 64.7252467769039, 64.7252467769039, 'PURSUE'
11, 1276, 64.67010517407356, 64.67010517407356, 'PURSUE'
11, 1277, 64.61496357124321, 64.61496357124321, 'PURSUE'
11, 1278, 64.60163648272072, 64.60163648272072, 'APPROACH-STEALTH'
11, 1279, 64.58830939419823, 64.58830939419823, 'APPROACH-STEALTH'
11, 1280, 64.57498230567575, 64.57498230567575, 'APPROACH-STEALTH'
11, 1281, 64.56165521715326, 64.56165521715326, 'APPROACH-STEALTH'
11, 1282, 64.54832812863077, 64.54832812863077, 'APPROACH-STEALTH'
11, 1283, 64.53500104010828, 64.53500104010828, 'APPROACH-STEALTH'
11, 1284, 64.5216739515858, 64.5216739515858, 'APPROACH-STEALTH'
11, 1285, 64.50834686306331, 64.50834686306331, 'APPROACH-STEALTH'
11, 1286, 64.49501977454082, 64.49501977454082, 'APPROACH-STEALTH'
11, 1287, 64.48119596798865, 64.48119596798865, 'APPROACH-STEALTH'
11, 1288, 64.46737216143649, 64.46737216143649, 'APPROACH-STEALTH'
11, 1289, 64.45354835488432, 64.45354835488432, 'APPROACH-STEALTH'
11, 1290, 64.43972454833215, 64.43972454833215, 'APPROACH-STEALTH'
11, 1291, 64.42590074177998, 64.42590074177998, 'APPROACH-STEALTH'
11, 1292, 64.41207693522782, 64.41207693522782, 'APPROACH-STEALTH'
11, 1293, 64.39825312867565, 64.39825312867565, 'APPROACH-STEALTH'
11, 1294, 64.38442932212348, 64.38442932212348, 'APPROACH-STEALTH'
11, 1295, 64.37060551557131, 64.37060551557131, 'APPROACH-STEALTH'
11, 1296, 64.35678170901915, 64.35678170901915, 'APPROACH-STEALTH'
11, 1297, 64.34295790246698, 64.34295790246698, 'APPROACH-STEALTH'
11, 1298, 64.32913409591481, 64.32913409591481, 'APPROACH-STEALTH'
11, 1299, 64.31531028936264, 64.31531028936264, 'APPROACH-STEALTH'
11, 1300, 64.30148648281047, 64.30148648281047, 'APPROACH-STEALTH'
11, 1301, 64.28766267625831, 64.28766267625831, 'APPROACH-STEALTH'
11, 1302, 64.27383886970614, 64.27383886970614, 'APPROACH-STEALTH'
11, 1303, 64.26001506315397, 64.26001506315397, 'APPROACH-STEALTH'
11, 1304, 64.2461912566018, 64.2461912566018, 'APPROACH-STEALTH'
11, 1305, 64.23236745004964, 64.23236745004964, 'APPROACH-STEALTH'
11, 1306, 64.21854364349747, 64.21854364349747, 'APPROACH-STEALTH'
11, 1307, 64.2047198369453, 64.2047198369453, 'APPROACH-STEALTH'
11, 1308, 64.19089603039313, 64.19089603039313, 'APPROACH-STEALTH'
11, 1309, 64.17707222384097, 64.17707222384097, 'APPROACH-STEALTH'
11, 1310, 64.1632484172888, 64.1632484172888, 'APPROACH-STEALTH'
11, 1311, 64.14942461073663, 64.14942461073663, 'APPROACH-STEALTH'
11, 1312, 64.13560080418446, 64.13560080418446, 'APPROACH-STEALTH'
11, 1313, 64.1217769976323, 64.1217769976323, 'APPROACH-STEALTH'
11, 1314, 64.10795319108013, 64.10795319108013, 'APPROACH-STEALTH'
11, 1315, 64.09412938452796, 64.09412938452796, 'APPROACH-STEALTH'
11, 1316, 64.08030557797579, 64.08030557797579, 'APPROACH-STEALTH'
11, 1317, 64.06648177142362, 64.06648177142362, 'APPROACH-STEALTH'
11, 1318, 64.05265796487146, 64.05265796487146, 'APPROACH-STEALTH'
11, 1319, 64.03883415831929, 64.03883415831929, 'APPROACH-STEALTH'
11, 1320, 64.02501035176712, 64.02501035176712, 'APPROACH-STEALTH'
11, 1321, 64.01118654521495, 64.01118654521495, 'APPROACH-STEALTH'
11, 1322, 63.99736273866278, 63.99736273866278, 'APPROACH-STEALTH'
11, 1323, 63.96971512555843, 63.96971512555843, 'APPROACH-BLIND'
11, 1324, 63.955891319006255, 63.955891319006255, 'APPROACH-STEALTH'
11, 1325, 63.94206751245408, 63.94206751245408, 'APPROACH-STEALTH'
11, 1326, 63.928243705901906, 63.928243705901906, 'APPROACH-STEALTH'
11, 1327, 63.91441989934973, 63.91441989934973, 'APPROACH-STEALTH'
11, 1328, 63.90059609279756, 63.90059609279756, 'APPROACH-STEALTH'
11, 1329, 63.88677228624538, 63.88677228624538, 'APPROACH-STEALTH'
11, 1330, 63.87294847969321, 63.87294847969321, 'APPROACH-STEALTH'
11, 1331, 63.85912467314103, 63.85912467314103, 'APPROACH-STEALTH'
11, 1332, 63.84530086658886, 63.84530086658886, 'APPROACH-STEALTH'
11, 1333, 63.83147706003668, 63.83147706003668, 'APPROACH-STEALTH'
11, 1334, 63.81765325348451, 63.81765325348451, 'APPROACH-STEALTH'
11, 1335, 63.80382944693233, 63.80382944693233, 'APPROACH-STEALTH'
11, 1336, 63.79000564038016, 63.79000564038016, 'APPROACH-STEALTH'
11, 1337, 63.776181833827984, 63.776181833827984, 'APPROACH-STEALTH'
11, 1338, 63.76235802727581, 63.76235802727581, 'APPROACH-STEALTH'
11, 1339, 63.748534220723634, 63.748534220723634, 'APPROACH-STEALTH'
11, 1340, 63.73471041417146, 63.73471041417146, 'APPROACH-STEALTH'
11, 1341, 63.720886607619285, 63.720886607619285, 'APPROACH-STEALTH'
11, 1342, 63.70706280106711, 63.70706280106711, 'APPROACH-STEALTH'
11, 1343, 63.693238994514935, 63.693238994514935, 'APPROACH-STEALTH'
11, 1344, 63.67941518796276, 63.67941518796276, 'APPROACH-STEALTH'
11, 1345, 63.665591381410586, 63.665591381410586, 'APPROACH-STEALTH'
11, 1346, 63.65176757485841, 63.65176757485841, 'APPROACH-STEALTH'
11, 1347, 63.637943768306236, 63.637943768306236, 'APPROACH-STEALTH'
11, 1348, 63.62411996175406, 63.62411996175406, 'APPROACH-STEALTH'
11, 1349, 63.61029615520189, 63.61029615520189, 'APPROACH-STEALTH'
11, 1350, 63.59647234864971, 63.59647234864971, 'APPROACH-STEALTH'
11, 1351, 63.58264854209754, 63.58264854209754, 'APPROACH-STEALTH'
11, 1352, 63.56882473554536, 63.56882473554536, 'APPROACH-STEALTH'
11, 1353, 63.55500092899319, 63.55500092899319, 'APPROACH-STEALTH'
11, 1354, 63.54117712244101, 63.54117712244101, 'APPROACH-STEALTH'
11, 1355, 63.52735331588884, 63.52735331588884, 'APPROACH-STEALTH'
11, 1356, 63.513529509336664, 63.513529509336664, 'APPROACH-STEALTH'
11, 1357, 63.49970570278449, 63.49970570278449, 'APPROACH-STEALTH'
11, 1358, 63.48582408498524, 63.48582408498524, 'APPROACH-STEALTH'
11, 1359, 63.47194246718599, 63.47194246718599, 'APPROACH-STEALTH'
11, 1360, 63.45806084938674, 63.45806084938674, 'APPROACH-STEALTH'
11, 1361, 63.44417923158749, 63.44417923158749, 'APPROACH-STEALTH'
11, 1362, 63.43029761378824, 63.43029761378824, 'APPROACH-STEALTH'
11, 1363, 63.41641599598899, 63.41641599598899, 'APPROACH-STEALTH'
11, 1364, 63.40253437818974, 63.40253437818974, 'APPROACH-STEALTH'
11, 1365, 63.38865276039049, 63.38865276039049, 'APPROACH-STEALTH'
11, 1366, 63.37477114259124, 63.37477114259124, 'APPROACH-STEALTH'
11, 1367, 63.36088952479199, 63.36088952479199, 'APPROACH-STEALTH'
11, 1368, 63.347007906992744, 63.347007906992744, 'APPROACH-STEALTH'
11, 1369, 63.333126289193494, 63.333126289193494, 'APPROACH-STEALTH'
11, 1370, 63.319244671394245, 63.319244671394245, 'APPROACH-STEALTH'
11, 1371, 63.305363053594995, 63.305363053594995, 'APPROACH-STEALTH'
11, 1372, 63.291481435795745, 63.291481435795745, 'APPROACH-STEALTH'
11, 1373, 63.277599817996496, 63.277599817996496, 'APPROACH-STEALTH'
11, 1374, 63.263718200197246, 63.263718200197246, 'APPROACH-STEALTH'
11, 1375, 63.249836582398, 63.249836582398, 'APPROACH-STEALTH'
11, 1376, 63.23595496459875, 63.23595496459875, 'APPROACH-STEALTH'
11, 1377, 63.2220733467995, 63.2220733467995, 'APPROACH-STEALTH'
11, 1378, 63.20819172900025, 63.20819172900025, 'APPROACH-STEALTH'
11, 1379, 63.194310111201, 63.194310111201, 'APPROACH-STEALTH'
11, 1380, 63.18042849340175, 63.18042849340175, 'APPROACH-STEALTH'
11, 1381, 63.1665468756025, 63.1665468756025, 'APPROACH-STEALTH'
11, 1382, 63.15266525780325, 63.15266525780325, 'APPROACH-STEALTH'
11, 1383, 63.138783640004, 63.138783640004, 'APPROACH-STEALTH'
11, 1384, 63.12490202220475, 63.12490202220475, 'APPROACH-STEALTH'
11, 1385, 63.1110204044055, 63.1110204044055, 'APPROACH-STEALTH'
11, 1386, 63.09713878660625, 63.09713878660625, 'APPROACH-STEALTH'
11, 1387, 63.083257168807, 63.083257168807, 'APPROACH-STEALTH'
11, 1388, 63.06937555100775, 63.06937555100775, 'APPROACH-STEALTH'
11, 1389, 63.0554939332085, 63.0554939332085, 'APPROACH-STEALTH'
11, 1390, 63.04161231540925, 63.04161231540925, 'APPROACH-STEALTH'
11, 1391, 63.027730697610004, 63.027730697610004, 'APPROACH-STEALTH'
11, 1392, 63.013849079810754, 63.013849079810754, 'APPROACH-STEALTH'
11, 1393, 62.999967462011504, 62.999967462011504, 'APPROACH-STEALTH'
11, 1394, 62.986085844212255, 62.986085844212255, 'APPROACH-STEALTH'
11, 1395, 62.972204226413005, 62.972204226413005, 'APPROACH-STEALTH'
11, 1396, 62.958322608613756, 62.958322608613756, 'APPROACH-STEALTH'
11, 1397, 62.944440990814506, 62.944440990814506, 'APPROACH-STEALTH'
11, 1398, 62.93055937301526, 62.93055937301526, 'APPROACH-STEALTH'
11, 1399, 62.91667775521601, 62.91667775521601, 'APPROACH-STEALTH'
11, 1400, 62.90279613741676, 62.90279613741676, 'APPROACH-STEALTH'
11, 1401, 62.88891451961751, 62.88891451961751, 'APPROACH-STEALTH'
11, 1402, 62.87503290181826, 62.87503290181826, 'APPROACH-STEALTH'
11, 1403, 62.81982950856178, 62.81982950856178, 'PURSUE'
11, 1404, 62.764626115305305, 62.764626115305305, 'PURSUE'
11, 1405, 62.750772764174904, 62.750772764174904, 'APPROACH-STEALTH'
11, 1406, 62.69557988590606, 62.69557988590606, 'PURSUE'
11, 1407, 62.68175516076442, 62.68175516076442, 'APPROACH-STEALTH'
11, 1408, 62.626572986319964, 62.626572986319964, 'PURSUE'
11, 1409, 62.61279343230439, 62.61279343230439, 'APPROACH-STEALTH'
11, 1410, 62.55762218433857, 62.55762218433857, 'PURSUE'
11, 1411, 62.543913535919465, 62.543913535919465, 'APPROACH-STEALTH'
11, 1412, 62.516496239081256, 62.516496239081256, 'APPROACH-BLIND'
11, 1413, 62.50278759066215, 62.50278759066215, 'APPROACH-STEALTH'
11, 1414, 62.447644611740664, 62.447644611740664, 'PURSUE'
11, 1415, 62.44239012448425, 62.44239012448425, 'APPROACH-STEALTH'
11, 1416, 62.387262916848485, 62.387262916848485, 'PURSUE'
11, 1417, 62.382635688962374, 62.382635688962374, 'APPROACH-STEALTH'
11, 1418, 62.32752434015974, 62.32752434015974, 'PURSUE'
11, 1419, 62.32354929539972, 62.32354929539972, 'APPROACH-STEALTH'
11, 1420, 62.31559920587968, 62.31559920587968, 'APPROACH-BLIND'
11, 1421, 62.31162416111966, 62.31162416111966, 'APPROACH-STEALTH'
11, 1422, 62.25656126844392, 62.25656126844392, 'PURSUE'
11, 1423, 62.20056008840369, 62.20056008840369, 'PURSUE'
11, 1424, 62.144558908363464, 62.144558908363464, 'PURSUE'
11, 1425, 62.14270905624413, 62.14270905624413, 'APPROACH-STEALTH'
11, 1426, 62.08671898856493, 62.08671898856493, 'PURSUE'
11, 1427, 62.08559838302463, 62.08559838302463, 'APPROACH-STEALTH'
11, 1428, 62.029619458598155, 62.029619458598155, 'PURSUE'
11, 1429, 62.02923401856499, 62.02923401856499, 'APPROACH-STEALTH'
11, 1430, 61.973266251038176, 61.973266251038176, 'PURSUE'
11, 1431, 61.97361559758139, 61.97361559758139, 'APPROACH-STEALTH'
11, 1432, 61.974314290667834, 61.974314290667834, 'APPROACH-BLIND'
11, 1433, 61.975012983754276, 61.975012983754276, 'APPROACH-BLIND'
11, 1434, 61.97571167684072, 61.97571167684072, 'APPROACH-BLIND'
11, 1435, 61.97641036992716, 61.97641036992716, 'APPROACH-BLIND'
11, 1436, 61.9771090630136, 61.9771090630136, 'APPROACH-BLIND'
11, 1437, 61.977807756100034, 61.977807756100034, 'APPROACH-BLIND'
11, 1438, 61.978506449186476, 61.978506449186476, 'APPROACH-BLIND'
11, 1439, 61.97920514227291, 61.97920514227291, 'APPROACH-BLIND'
11, 1440, 61.97990383535935, 61.97990383535935, 'APPROACH-BLIND'
11, 1441, 61.980602528445786, 61.980602528445786, 'APPROACH-BLIND'
11, 1442, 61.98130122153223, 61.98130122153223, 'APPROACH-BLIND'
11, 1443, 61.98199991461866, 61.98199991461866, 'APPROACH-BLIND'
11, 1444, 61.9826986077051, 61.9826986077051, 'APPROACH-BLIND'
11, 1445, 61.98339730079154, 61.98339730079154, 'APPROACH-BLIND'
11, 1446, 61.98409599387797, 61.98409599387797, 'APPROACH-BLIND'
11, 1447, 61.98479468696441, 61.98479468696441, 'APPROACH-BLIND'
11, 1448, 61.98549338005085, 61.98549338005085, 'APPROACH-BLIND'
11, 1449, 61.98619207313729, 61.98619207313729, 'APPROACH-BLIND'
11, 1450, 61.98689076622372, 61.98689076622372, 'APPROACH-BLIND'
11, 1451, 61.987589459310165, 61.987589459310165, 'APPROACH-BLIND'
11, 1452, 61.9627387475983, 61.9627387475983, 'APPROACH-BLIND'
11, 1453, 61.95031339174237, 61.95031339174237, 'APPROACH-STEALTH'
11, 1454, 61.89508400793031, 61.89508400793031, 'PURSUE'
11, 1455, 61.882888335306475, 61.882888335306475, 'APPROACH-STEALTH'
11, 1456, 61.87069266268264, 61.87069266268264, 'APPROACH-STEALTH'
11, 1457, 61.816204176866016, 61.816204176866016, 'PURSUE'
11, 1458, 61.80429888913189, 61.80429888913189, 'APPROACH-STEALTH'
11, 1459, 61.74982649706862, 61.74982649706862, 'PURSUE'
11, 1460, 61.73826555877151, 61.73826555877151, 'APPROACH-STEALTH'
11, 1461, 61.683809559279766, 61.683809559279766, 'PURSUE'
11, 1462, 61.62864055554402, 61.62864055554402, 'PURSUE'
11, 1463, 61.617593628641266, 61.617593628641266, 'APPROACH-STEALTH'
11, 1464, 61.56242907920466, 61.56242907920466, 'PURSUE'
11, 1465, 61.5516521486668, 61.5516521486668, 'APPROACH-STEALTH'
11, 1466, 61.54087521812893, 61.54087521812893, 'APPROACH-STEALTH'
11, 1467, 61.530098287591066, 61.530098287591066, 'APPROACH-STEALTH'
11, 1468, 61.5193213570532, 61.5193213570532, 'APPROACH-STEALTH'
11, 1469, 61.508544426515336, 61.508544426515336, 'APPROACH-STEALTH'
11, 1470, 61.49776749597747, 61.49776749597747, 'APPROACH-STEALTH'
11, 1471, 61.443378963903456, 61.443378963903456, 'PURSUE'
11, 1472, 61.429967161836224, 61.429967161836224, 'APPROACH-STEALTH'
11, 1473, 61.37558861054632, 61.37558861054632, 'PURSUE'
11, 1474, 61.3621727389739, 61.3621727389739, 'APPROACH-STEALTH'
11, 1475, 61.3078041779173, 61.3078041779173, 'PURSUE'
11, 1476, 61.29438378165075, 61.29438378165075, 'APPROACH-STEALTH'
11, 1477, 61.240025221542474, 61.240025221542474, 'PURSUE'
11, 1478, 61.22659977972833, 61.22659977972833, 'APPROACH-STEALTH'
11, 1479, 61.17225123274408, 61.17225123274408, 'PURSUE'
11, 1480, 61.15882014532654, 61.15882014532654, 'APPROACH-STEALTH'
11, 1481, 61.10448162534044, 61.10448162534044, 'PURSUE'
11, 1482, 61.091044195809886, 61.091044195809886, 'APPROACH-STEALTH'
11, 1483, 61.03671571868791, 61.03671571868791, 'PURSUE'
11, 1484, 61.02327113181696, 61.02327113181696, 'APPROACH-STEALTH'
11, 1485, 60.96895271578351, 60.96895271578351, 'PURSUE'
11, 1486, 60.9555000084892, 60.9555000084892, 'APPROACH-STEALTH'
11, 1487, 60.901191674591615, 60.901191674591615, 'PURSUE'
11, 1488, 60.88772969720426, 60.88772969720426, 'APPROACH-STEALTH'
11, 1489, 60.83343146991083, 60.83343146991083, 'PURSUE'
11, 1490, 60.81995883379214, 60.81995883379214, 'APPROACH-STEALTH'
11, 1491, 60.76567074177601, 60.76567074177601, 'PURSUE'
11, 1492, 60.75218574709125, 60.75218574709125, 'APPROACH-STEALTH'
11, 1493, 60.69790782427976, 60.69790782427976, 'PURSUE'
11, 1494, 60.68440835822389, 60.68440835822389, 'APPROACH-STEALTH'
11, 1495, 60.63014064523798, 60.63014064523798, 'PURSUE'
11, 1496, 60.61662403511578, 60.61662403511578, 'APPROACH-STEALTH'
11, 1497, 60.561256467821735, 60.561256467821735, 'PURSUE'
11, 1498, 60.547742822781125, 60.547742822781125, 'APPROACH-STEALTH'
11, 1499, 60.492385104103256, 60.492385104103256, 'PURSUE'
11, 1500, 60.478538988251195, 60.478538988251195, 'APPROACH-STEALTH'
11, 1501, 60.42319224453541, 60.42319224453541, 'PURSUE'
11, 1502, 60.40934006493966, 60.40934006493966, 'APPROACH-STEALTH'
11, 1503, 60.354004360347076, 60.354004360347076, 'PURSUE'
11, 1504, 60.34014604943549, 60.34014604943549, 'APPROACH-STEALTH'
11, 1505, 60.284821452601136, 60.284821452601136, 'PURSUE'
11, 1506, 60.270957022916335, 60.270957022916335, 'APPROACH-STEALTH'
11, 1507, 60.215643607632806, 60.215643607632806, 'PURSUE'
11, 1508, 60.201773188938645, 60.201773188938645, 'APPROACH-STEALTH'
11, 1509, 60.14647012071958, 60.14647012071958, 'PURSUE'
11, 1510, 60.13259401567356, 60.13259401567356, 'APPROACH-STEALTH'
11, 1511, 60.077301370458564, 60.077301370458564, 'PURSUE'
11, 1512, 60.06342012979981, 60.06342012979981, 'APPROACH-STEALTH'
11, 1513, 60.00813799171983, 60.00813799171983, 'PURSUE'
11, 1514, 59.99425252979222, 59.99425252979222, 'APPROACH-STEALTH'
11, 1515, 59.9389809927054, 59.9389809927054, 'PURSUE'
11, 1516, 59.925092761632285, 59.925092761632285, 'APPROACH-STEALTH'
11, 1517, 59.86983193106735, 59.86983193106735, 'PURSUE'
11, 1518, 59.85594318854362, 59.85594318854362, 'APPROACH-STEALTH'
11, 1519, 59.80069318419461, 59.80069318419461, 'PURSUE'
11, 1520, 59.78680741469812, 59.78680741469812, 'APPROACH-STEALTH'
11, 1521, 59.73156837367894, 59.73156837367894, 'PURSUE'
11, 1522, 59.71769096878239, 59.71769096878239, 'APPROACH-STEALTH'
11, 1523, 59.66246304994935, 59.66246304994935, 'PURSUE'
11, 1524, 59.648602441558275, 59.648602441558275, 'APPROACH-STEALTH'
11, 1525, 59.593385831366696, 59.593385831366696, 'PURSUE'
11, 1526, 59.57955544871313, 59.57955544871313, 'APPROACH-STEALTH'
11, 1527, 59.52435036932947, 59.52435036932947, 'PURSUE'
11, 1528, 59.51057216413976, 59.51057216413976, 'APPROACH-STEALTH'
11, 1529, 59.455378884949496, 59.455378884949496, 'PURSUE'
11, 1530, 59.4492277092004, 59.4492277092004, 'APPROACH-STEALTH'
11, 1531, 59.394037588042636, 59.394037588042636, 'PURSUE'
11, 1532, 59.38018709688406, 59.38018709688406, 'APPROACH-STEALTH'
11, 1533, 59.32500840861017, 59.32500840861017, 'PURSUE'
11, 1534, 59.31117260835028, 59.31117260835028, 'APPROACH-STEALTH'
11, 1535, 59.25600546803854, 59.25600546803854, 'PURSUE'
11, 1536, 59.242188546156896, 59.242188546156896, 'APPROACH-STEALTH'
11, 1537, 59.187033078973975, 59.187033078973975, 'PURSUE'
11, 1538, 59.17324031447321, 59.17324031447321, 'APPROACH-STEALTH'
11, 1539, 59.11809665709841, 59.11809665709841, 'PURSUE'
11, 1540, 59.10433475326699, 59.10433475326699, 'APPROACH-STEALTH'
11, 1541, 59.04920305558105, 59.04920305558105, 'PURSUE'
11, 1542, 59.03548059356294, 59.03548059356294, 'APPROACH-STEALTH'
11, 1543, 58.980361020659764, 58.980361020659764, 'PURSUE'
11, 1544, 58.966689085282844, 58.966689085282844, 'APPROACH-STEALTH'
11, 1545, 58.91158181987489, 58.91158181987489, 'PURSUE'
11, 1546, 58.89797487428857, 58.89797487428857, 'APPROACH-STEALTH'
11, 1547, 58.842880119590674, 58.842880119590674, 'PURSUE'
11, 1548, 58.82935724391973, 58.82935724391973, 'APPROACH-STEALTH'
11, 1549, 58.774275227108504, 58.774275227108504, 'PURSUE'
11, 1550, 58.721585720916636, 58.721585720916636, 'PURSUE'
11, 1551, 58.6665083094791, 58.6665083094791, 'PURSUE'
11, 1552, 58.61382560951588, 58.61382560951588, 'PURSUE'
11, 1553, 58.55875279159989, 58.55875279159989, 'PURSUE'
11, 1554, 58.506076934943955, 58.506076934943955, 'PURSUE'
11, 1555, 58.45100999969168, 58.45100999969168, 'PURSUE'
11, 1556, 58.43743293313381, 58.43743293313381, 'APPROACH-STEALTH'
11, 1557, 58.38287190485019, 58.38287190485019, 'PURSUE'
11, 1558, 58.36935251060714, 58.36935251060714, 'APPROACH-STEALTH'
11, 1559, 58.31480759870499, 58.31480759870499, 'PURSUE'
11, 1560, 58.30135623841212, 58.30135623841212, 'APPROACH-STEALTH'
11, 1561, 58.24682764001242, 58.24682764001242, 'PURSUE'
11, 1562, 58.23345672312205, 58.23345672312205, 'APPROACH-STEALTH'
11, 1563, 58.17894464894614, 58.17894464894614, 'PURSUE'
11, 1564, 58.1656690974222, 58.1656690974222, 'APPROACH-STEALTH'
11, 1565, 58.11117377303911, 58.11117377303911, 'PURSUE'
11, 1566, 58.098011602043655, 58.098011602043655, 'APPROACH-STEALTH'
11, 1567, 58.043533269183925, 58.043533269183925, 'PURSUE'
11, 1568, 58.0305063126734, 58.0305063126734, 'APPROACH-STEALTH'
11, 1569, 57.97604523057517, 57.97604523057517, 'PURSUE'
11, 1570, 57.9765965836074, 57.9765965836074, 'APPROACH-STEALTH'
11, 1571, 57.92213816907991, 57.92213816907991, 'PURSUE'
11, 1572, 57.924008107495695, 57.924008107495695, 'APPROACH-STEALTH'
11, 1573, 57.86955215652932, 57.86955215652932, 'PURSUE'
11, 1574, 57.87279504845926, 57.87279504845926, 'APPROACH-STEALTH'
11, 1575, 57.81834143763318, 57.81834143763318, 'PURSUE'
11, 1576, 57.822971954341625, 57.822971954341625, 'APPROACH-STEALTH'
11, 1577, 57.76851958258009, 57.76851958258009, 'PURSUE'
11, 1578, 57.71501592325372, 57.71501592325372, 'PURSUE'
11, 1579, 57.717666986886506, 57.717666986886506, 'APPROACH-STEALTH'
11, 1580, 57.66322434165396, 57.66322434165396, 'PURSUE'
11, 1581, 57.66639586150024, 57.66639586150024, 'APPROACH-STEALTH'
11, 1582, 57.611954392166645, 57.611954392166645, 'PURSUE'
11, 1583, 57.615648863660844, 57.615648863660844, 'APPROACH-STEALTH'
11, 1584, 57.561208526554076, 57.561208526554076, 'PURSUE'
11, 1585, 57.56542604430301, 57.56542604430301, 'APPROACH-STEALTH'
11, 1586, 57.51098681013639, 57.51098681013639, 'PURSUE'
11, 1587, 57.51572497729319, 57.51572497729319, 'APPROACH-STEALTH'
11, 1588, 57.46128683158546, 57.46128683158546, 'PURSUE'
11, 1589, 57.408948993602145, 57.408948993602145, 'PURSUE'
11, 1590, 57.35451707786015, 57.35451707786015, 'PURSUE'
11, 1591, 57.302203119802826, 57.302203119802826, 'PURSUE'
11, 1592, 57.247777396806484, 57.247777396806484, 'PURSUE'
11, 1593, 57.195487425908766, 57.195487425908766, 'PURSUE'
11, 1594, 57.19328977652375, 57.19328977652375, 'APPROACH-STEALTH'
11, 1595, 57.141005521620166, 57.141005521620166, 'PURSUE'
11, 1596, 57.13936315505071, 57.13936315505071, 'APPROACH-STEALTH'
11, 1597, 57.0870843017512, 57.0870843017512, 'PURSUE'
11, 1598, 57.08603387852174, 57.08603387852174, 'APPROACH-STEALTH'
11, 1599, 57.03376011543253, 57.03376011543253, 'PURSUE'
11, 1600, 57.03333870552387, 57.03333870552387, 'APPROACH-STEALTH'
11, 1601, 56.98106972806992, 56.98106972806992, 'PURSUE'
11, 1602, 56.98131401163098, 56.98131401163098, 'APPROACH-STEALTH'
11, 1603, 56.92690718170618, 56.92690718170618, 'PURSUE'
11, 1604, 56.92787532275041, 56.92787532275041, 'APPROACH-STEALTH'
11, 1605, 56.87346985734231, 56.87346985734231, 'PURSUE'
11, 1606, 56.87518633595908, 56.87518633595908, 'APPROACH-STEALTH'
11, 1607, 56.82078210254616, 56.82078210254616, 'PURSUE'
11, 1608, 56.823265949489056, 56.823265949489056, 'APPROACH-STEALTH'
11, 1609, 56.768862841388355, 56.768862841388355, 'PURSUE'
11, 1610, 56.77212649074551, 56.77212649074551, 'APPROACH-STEALTH'
11, 1611, 56.71772443031328, 56.71772443031328, 'PURSUE'
11, 1612, 56.721772755973696, 56.721772755973696, 'APPROACH-STEALTH'
11, 1613, 56.66957040185284, 56.66957040185284, 'PURSUE'
11, 1614, 56.67440078662297, 56.67440078662297, 'APPROACH-STEALTH'
11, 1615, 56.62220377588192, 56.62220377588192, 'PURSUE'
11, 1616, 56.62781482872809, 56.62781482872809, 'APPROACH-STEALTH'
11, 1617, 56.57340686388336, 56.57340686388336, 'PURSUE'
11, 1618, 56.579776857974636, 56.579776857974636, 'APPROACH-STEALTH'
11, 1619, 56.52639008576746, 56.52639008576746, 'PURSUE'
11, 1620, 56.53349914816707, 56.53349914816707, 'APPROACH-STEALTH'
11, 1621, 56.54771727296628, 56.54771727296628, 'APPROACH-BLIND'
11, 1622, 56.561935397765495, 56.561935397765495, 'APPROACH-BLIND'
11, 1623, 56.57615352256471, 56.57615352256471, 'APPROACH-BLIND'
11, 1624, 56.590371647363924, 56.590371647363924, 'APPROACH-BLIND'
11, 1625, 56.60458977216314, 56.60458977216314, 'APPROACH-BLIND'
11, 1626, 56.61880789696235, 56.61880789696235, 'APPROACH-BLIND'
11, 1627, 56.633026021761566, 56.633026021761566, 'APPROACH-BLIND'
11, 1628, 56.64724414656078, 56.64724414656078, 'APPROACH-BLIND'
11, 1629, 56.661462271359994, 56.661462271359994, 'APPROACH-BLIND'
11, 1630, 56.67568039615921, 56.67568039615921, 'APPROACH-BLIND'
11, 1631, 56.68989852095842, 56.68989852095842, 'APPROACH-BLIND'
11, 1632, 56.70411664575764, 56.70411664575764, 'APPROACH-BLIND'
11, 1633, 56.68141665002128, 56.68141665002128, 'APPROACH-BLIND'
11, 1634, 56.62685704884187, 56.62685704884187, 'PURSUE'
11, 1635, 56.574628435897445, 56.574628435897445, 'PURSUE'
11, 1636, 56.52007417585182, 56.52007417585182, 'PURSUE'
11, 1637, 56.509339401866, 56.509339401866, 'APPROACH-STEALTH'
11, 1638, 56.454791416287456, 56.454791416287456, 'PURSUE'
11, 1639, 56.40262828603951, 56.40262828603951, 'PURSUE'
11, 1640, 56.34808552369226, 56.34808552369226, 'PURSUE'
11, 1641, 56.29333208873834, 56.29333208873834, 'PURSUE'
11, 1642, 56.2387997533081, 56.2387997533081, 'PURSUE'
11, 1643, 56.184055771137174, 56.184055771137174, 'PURSUE'
11, 1644, 56.170643605191444, 56.170643605191444, 'APPROACH-STEALTH'
11, 1645, 56.11590964458345, 56.11590964458345, 'PURSUE'
11, 1646, 56.10249645350907, 56.10249645350907, 'APPROACH-STEALTH'
11, 1647, 56.04777251587172, 56.04777251587172, 'PURSUE'
11, 1648, 56.0343580553608, 56.0343580553608, 'APPROACH-STEALTH'
11, 1649, 55.979644142754005, 55.979644142754005, 'PURSUE'
11, 1650, 55.966228121916075, 55.966228121916075, 'APPROACH-STEALTH'
11, 1651, 55.911524237180615, 55.911524237180615, 'PURSUE'
11, 1652, 55.89810630556285, 55.89810630556285, 'APPROACH-STEALTH'
11, 1653, 55.84341245248543, 55.84341245248543, 'PURSUE'
11, 1654, 55.82999218216349, 55.82999218216349, 'APPROACH-STEALTH'
11, 1655, 55.77530836569227, 55.77530836569227, 'PURSUE'
11, 1656, 55.761885225975504, 55.761885225975504, 'APPROACH-STEALTH'
11, 1657, 55.708532000858014, 55.708532000858014, 'PURSUE'
11, 1658, 55.695084602726006, 55.695084602726006, 'APPROACH-STEALTH'
11, 1659, 55.681637204594, 55.681637204594, 'APPROACH-STEALTH'
11, 1660, 55.62719728142956, 55.62719728142956, 'PURSUE'
11, 1661, 55.613739401766985, 55.613739401766985, 'APPROACH-STEALTH'
11, 1662, 55.60028152210441, 55.60028152210441, 'APPROACH-STEALTH'
11, 1663, 55.586823642441836, 55.586823642441836, 'APPROACH-STEALTH'
11, 1664, 55.57336576277926, 55.57336576277926, 'APPROACH-STEALTH'
11, 1665, 55.559907883116686, 55.559907883116686, 'APPROACH-STEALTH'
11, 1666, 55.50549921283828, 55.50549921283828, 'PURSUE'
11, 1667, 55.45222402942781, 55.45222402942781, 'PURSUE'
11, 1668, 55.397655391975896, 55.397655391975896, 'PURSUE'
11, 1669, 55.344396494692035, 55.344396494692035, 'PURSUE'
11, 1670, 55.289835073508776, 55.289835073508776, 'PURSUE'
11, 1671, 55.28615917244507, 55.28615917244507, 'APPROACH-STEALTH'
11, 1672, 55.23159968807454, 55.23159968807454, 'PURSUE'
11, 1673, 55.178348323677355, 55.178348323677355, 'PURSUE'
11, 1674, 55.123797533692596, 55.123797533692596, 'PURSUE'
11, 1675, 55.07054966056793, 55.07054966056793, 'PURSUE'
11, 1676, 55.01600757960814, 55.01600757960814, 'PURSUE'
11, 1677, 54.9628446729662, 54.9628446729662, 'PURSUE'
11, 1678, 54.90831115356962, 54.90831115356962, 'PURSUE'
11, 1679, 54.85516665643342, 54.85516665643342, 'PURSUE'
11, 1680, 54.80081120654238, 54.80081120654238, 'PURSUE'
11, 1681, 54.74768467155341, 54.74768467155341, 'PURSUE'
11, 1682, 54.693337749260586, 54.693337749260586, 'PURSUE'
11, 1683, 54.6402292372114, 54.6402292372114, 'PURSUE'
11, 1684, 54.585890827212616, 54.585890827212616, 'PURSUE'
11, 1685, 54.53280039936285, 54.53280039936285, 'PURSUE'
11, 1686, 54.478299698136354, 54.478299698136354, 'PURSUE'
11, 1687, 54.42522793658594, 54.42522793658594, 'PURSUE'
11, 1688, 54.370906934560054, 54.370906934560054, 'PURSUE'
11, 1689, 54.31785224788971, 54.31785224788971, 'PURSUE'
11, 1690, 54.31223281286461, 54.31223281286461, 'APPROACH-STEALTH'
11, 1691, 54.306613377839504, 54.306613377839504, 'APPROACH-STEALTH'
11, 1692, 54.3009939428144, 54.3009939428144, 'APPROACH-STEALTH'
11, 1693, 54.247940642679225, 54.247940642679225, 'PURSUE'
11, 1694, 54.243057099901826, 54.243057099901826, 'APPROACH-STEALTH'
11, 1695, 54.190008283234036, 54.190008283234036, 'PURSUE'
11, 1696, 54.18597969314815, 54.18597969314815, 'APPROACH-STEALTH'
11, 1697, 54.13293482476593, 54.13293482476593, 'PURSUE'
11, 1698, 54.12989862336655, 54.12989862336655, 'APPROACH-STEALTH'
11, 1699, 54.07685714728001, 54.07685714728001, 'PURSUE'
11, 1700, 54.074967375701334, 54.074967375701334, 'APPROACH-STEALTH'
11, 1701, 54.02192873116837, 54.02192873116837, 'PURSUE'
11, 1702, 54.02134978385222, 54.02134978385222, 'APPROACH-STEALTH'
11, 1703, 54.02077083653607, 54.02077083653607, 'APPROACH-STEALTH'
11, 1704, 53.96632758055592, 53.96632758055592, 'PURSUE'
11, 1705, 53.95389784589583, 53.95389784589583, 'APPROACH-STEALTH'
11, 1706, 53.89946317867013, 53.89946317867013, 'PURSUE'
11, 1707, 53.88709459334672, 53.88709459334672, 'APPROACH-STEALTH'
11, 1708, 53.832668405588336, 53.832668405588336, 'PURSUE'
11, 1709, 53.82037035685048, 53.82037035685048, 'APPROACH-STEALTH'
11, 1710, 53.7673844824007, 53.7673844824007, 'PURSUE'
11, 1711, 53.755135602759616, 53.755135602759616, 'APPROACH-STEALTH'
11, 1712, 53.70216166057527, 53.70216166057527, 'PURSUE'
11, 1713, 53.68997033067563, 53.68997033067563, 'APPROACH-STEALTH'
11, 1714, 53.63700820482362, 53.63700820482362, 'PURSUE'
11, 1715, 53.62488527436421, 53.62488527436421, 'APPROACH-STEALTH'
11, 1716, 53.57193660614211, 53.57193660614211, 'PURSUE'
11, 1717, 53.55989642165941, 53.55989642165941, 'APPROACH-STEALTH'
11, 1718, 53.50696105674485, 53.50696105674485, 'PURSUE'
11, 1719, 53.49502322995007, 53.49502322995007, 'APPROACH-STEALTH'
11, 1720, 53.44087760669238, 53.44087760669238, 'PURSUE'
11, 1721, 53.427238989087655, 53.427238989087655, 'APPROACH-STEALTH'
11, 1722, 53.37433748367589, 53.37433748367589, 'PURSUE'
11, 1723, 53.36068002725992, 53.36068002725992, 'APPROACH-STEALTH'
11, 1724, 53.30779604579333, 53.30779604579333, 'PURSUE'
11, 1725, 53.29411872335856, 53.29411872335856, 'APPROACH-STEALTH'
11, 1726, 53.2398187758863, 53.2398187758863, 'PURSUE'
11, 1727, 53.22612847576718, 53.22612847576718, 'APPROACH-STEALTH'
11, 1728, 53.17184196893625, 53.17184196893625, 'PURSUE'
11, 1729, 53.15813769731869, 53.15813769731869, 'APPROACH-STEALTH'
11, 1730, 53.103864702076486, 53.103864702076486, 'PURSUE'
11, 1731, 53.090145385466585, 53.090145385466585, 'APPROACH-STEALTH'
11, 1732, 53.03588598086033, 53.03588598086033, 'PURSUE'
11, 1733, 53.02215047046598, 53.02215047046598, 'APPROACH-STEALTH'
11, 1734, 52.96790474513594, 52.96790474513594, 'PURSUE'
11, 1735, 52.95415183140671, 52.95415183140671, 'APPROACH-STEALTH'
11, 1736, 52.89991988547378, 52.89991988547378, 'PURSUE'
11, 1737, 52.88614833127498, 52.88614833127498, 'APPROACH-STEALTH'
11, 1738, 52.832119016308944, 52.832119016308944, 'PURSUE'
11, 1739, 52.818326422859734, 52.818326422859734, 'APPROACH-STEALTH'
11, 1740, 52.765614242550285, 52.765614242550285, 'PURSUE'
11, 1741, 52.75179291573288, 52.75179291573288, 'APPROACH-STEALTH'
11, 1742, 52.6977882693605, 52.6977882693605, 'PURSUE'
11, 1743, 52.683945370608576, 52.683945370608576, 'APPROACH-STEALTH'
11, 1744, 52.63345820652806, 52.63345820652806, 'PURSUE'
11, 1745, 52.619584703139004, 52.619584703139004, 'APPROACH-STEALTH'
11, 1746, 52.56912734726467, 52.56912734726467, 'PURSUE'
11, 1747, 52.55523867426455, 52.55523867426455, 'APPROACH-STEALTH'
11, 1748, 52.50481179725303, 52.50481179725303, 'PURSUE'
11, 1749, 52.490937273509125, 52.490937273509125, 'APPROACH-STEALTH'
11, 1750, 52.44054167860961, 52.44054167860961, 'PURSUE'
11, 1751, 52.426660648188886, 52.426660648188886, 'APPROACH-STEALTH'
11, 1752, 52.3740450457287, 52.3740450457287, 'PURSUE'
11, 1753, 52.36017380127392, 52.36017380127392, 'APPROACH-STEALTH'
11, 1754, 52.307577536040455, 52.307577536040455, 'PURSUE'
11, 1755, 52.29372142173936, 52.29372142173936, 'APPROACH-STEALTH'
11, 1756, 52.2411447257159, 52.2411447257159, 'PURSUE'
11, 1757, 52.227310502269034, 52.227310502269034, 'APPROACH-STEALTH'
11, 1758, 52.17475362732303, 52.17475362732303, 'PURSUE'
11, 1759, 52.16094987232544, 52.16094987232544, 'APPROACH-STEALTH'
11, 1760, 52.110740203014174, 52.110740203014174, 'PURSUE'
11, 1761, 52.09698566455947, 52.09698566455947, 'APPROACH-STEALTH'
11, 1762, 52.0468089290809, 52.0468089290809, 'PURSUE'
11, 1763, 52.03312147113924, 52.03312147113924, 'APPROACH-STEALTH'
11, 1764, 51.98297815113803, 51.98297815113803, 'PURSUE'
11, 1765, 51.96938043072207, 51.96938043072207, 'APPROACH-STEALTH'
11, 1766, 51.91927104399478, 51.91927104399478, 'PURSUE'
11, 1767, 51.87086923384904, 51.87086923384904, 'PURSUE'
11, 1768, 51.82084484611244, 51.82084484611244, 'PURSUE'
11, 1769, 51.80745226507808, 51.80745226507808, 'APPROACH-STEALTH'
11, 1770, 51.75746285865652, 51.75746285865652, 'PURSUE'
11, 1771, 51.74426731865948, 51.74426731865948, 'APPROACH-STEALTH'
11, 1772, 51.694313558289764, 51.694313558289764, 'PURSUE'
11, 1773, 51.68137774292575, 51.68137774292575, 'APPROACH-STEALTH'
11, 1774, 51.631460335481705, 51.631460335481705, 'PURSUE'
11, 1775, 51.618864443014715, 51.618864443014715, 'APPROACH-STEALTH'
11, 1776, 51.56893742426485, 51.56893742426485, 'PURSUE'
11, 1777, 51.51901040551499, 51.51901040551499, 'PURSUE'
11, 1778, 51.469110224356754, 51.469110224356754, 'PURSUE'
11, 1779, 51.460826969488295, 51.460826969488295, 'APPROACH-STEALTH'
11, 1780, 51.408463210724385, 51.408463210724385, 'PURSUE'
11, 1781, 51.356099451960475, 51.356099451960475, 'PURSUE'
11, 1782, 51.30375397201375, 51.30375397201375, 'PURSUE'
11, 1783, 51.29061147404558, 51.29061147404558, 'APPROACH-STEALTH'
11, 1784, 51.23825497190362, 51.23825497190362, 'PURSUE'
11, 1785, 51.18591673199731, 51.18591673199731, 'PURSUE'
11, 1786, 51.133578492091, 51.133578492091, 'PURSUE'
11, 1787, 51.132340788176855, 51.132340788176855, 'APPROACH-STEALTH'
11, 1788, 51.13110308426271, 51.13110308426271, 'APPROACH-STEALTH'
11, 1789, 51.07877336804662, 51.07877336804662, 'PURSUE'
11, 1790, 51.026443651830526, 51.026443651830526, 'PURSUE'
11, 1791, 51.02618529132191, 51.02618529132191, 'APPROACH-STEALTH'
11, 1792, 50.9763924566903, 50.9763924566903, 'PURSUE'
11, 1793, 50.92659962205869, 50.92659962205869, 'PURSUE'
11, 1794, 50.927352050089205, 50.927352050089205, 'APPROACH-STEALTH'
11, 1795, 50.87502305412874, 50.87502305412874, 'PURSUE'
11, 1796, 50.825239612037706, 50.825239612037706, 'PURSUE'
11, 1797, 50.775484750268085, 50.775484750268085, 'PURSUE'
11, 1798, 50.77791670318132, 50.77791670318132, 'APPROACH-STEALTH'
11, 1799, 50.728162369181625, 50.728162369181625, 'PURSUE'
11, 1800, 50.6784369709159, 50.6784369709159, 'PURSUE'
11, 1801, 50.62871157265017, 50.62871157265017, 'PURSUE'
11, 1802, 50.63292369479712, 50.63292369479712, 'APPROACH-STEALTH'
11, 1803, 50.58319805089036, 50.58319805089036, 'PURSUE'
11, 1804, 50.53085031727652, 50.53085031727652, 'PURSUE'
11, 1805, 50.47715741087928, 50.47715741087928, 'PURSUE'
11, 1806, 50.4247926470966, 50.4247926470966, 'PURSUE'
11, 1807, 50.37111278423269, 50.37111278423269, 'PURSUE'
11, 1808, 50.318771477474755, 50.318771477474755, 'PURSUE'
11, 1809, 50.269177415709166, 50.269177415709166, 'PURSUE'
11, 1810, 50.21685850336325, 50.21685850336325, 'PURSUE'
11, 1811, 50.16729206187737, 50.16729206187737, 'PURSUE'
11, 1812, 50.11772562039149, 50.11772562039149, 'PURSUE'
11, 1813, 50.0681904684394, 50.0681904684394, 'PURSUE'
11, 1814, 50.015898881790996, 50.015898881790996, 'PURSUE'
11, 1815, 49.96639169630946, 49.96639169630946, 'PURSUE'
11, 1816, 49.91691648103509, 49.91691648103509, 'PURSUE'
11, 1817, 49.86744126576072, 49.86744126576072, 'PURSUE'
11, 1818, 49.815141063343745, 49.815141063343745, 'PURSUE'
11, 1819, 49.765694307119716, 49.765694307119716, 'PURSUE'
11, 1820, 49.71628052143252, 49.71628052143252, 'PURSUE'
11, 1821, 49.66686673574533, 49.66686673574533, 'PURSUE'
11, 1822, 49.65435161502282, 49.65435161502282, 'APPROACH-STEALTH'
11, 1823, 49.60497412539583, 49.60497412539583, 'PURSUE'
11, 1824, 49.564420775259286, 49.564420775259286, 'PURSUE'
11, 1825, 49.51505535914406, 49.51505535914406, 'PURSUE'
11, 1826, 49.50419576722502, 49.50419576722502, 'APPROACH-STEALTH'
11, 1827, 49.454869592865464, 49.454869592865464, 'PURSUE'
11, 1828, 49.44155054147105, 49.44155054147105, 'APPROACH-STEALTH'
11, 1829, 49.38805765998208, 49.38805765998208, 'PURSUE'
11, 1830, 49.34799010099799, 49.34799010099799, 'PURSUE'
11, 1831, 49.34021001882127, 49.34021001882127, 'APPROACH-STEALTH'
11, 1832, 49.30021618740646, 49.30021618740646, 'PURSUE'
11, 1833, 49.25096164139313, 49.25096164139313, 'PURSUE'
11, 1834, 49.21109749827403, 49.21109749827403, 'PURSUE'
11, 1835, 49.16185456818101, 49.16185456818101, 'PURSUE'
11, 1836, 49.122121710533115, 49.122121710533115, 'PURSUE'
11, 1837, 49.06980978931647, 49.06980978931647, 'PURSUE'
11, 1838, 49.03023062848364, 49.03023062848364, 'PURSUE'
11, 1839, 48.98094283509261, 48.98094283509261, 'PURSUE'
11, 1840, 48.941498682283466, 48.941498682283466, 'PURSUE'
11, 1841, 48.892222044484015, 48.892222044484015, 'PURSUE'
11, 1842, 48.852914605574675, 48.852914605574675, 'PURSUE'
11, 1843, 48.80357581468901, 48.80357581468901, 'PURSUE'
11, 1844, 48.764407215522155, 48.764407215522155, 'PURSUE'
11, 1845, 48.71507924356684, 48.71507924356684, 'PURSUE'
11, 1846, 48.701200415045534, 48.701200415045534, 'APPROACH-STEALTH'
11, 1847, 48.647500622342655, 48.647500622342655, 'PURSUE'
11, 1848, 48.6085629515935, 48.6085629515935, 'PURSUE'
11, 1849, 48.56962528084434, 48.56962528084434, 'PURSUE'
11, 1850, 48.530687610095185, 48.530687610095185, 'PURSUE'
11, 1851, 48.49174993934603, 48.49174993934603, 'PURSUE'
11, 1852, 48.442395833429764, 48.442395833429764, 'PURSUE'
11, 1853, 48.40356598878501, 48.40356598878501, 'PURSUE'
11, 1854, 48.36473614414026, 48.36473614414026, 'PURSUE'
11, 1855, 48.35854320503663, 48.35854320503663, 'APPROACH-STEALTH'
11, 1856, 48.30475847601613, 48.30475847601613, 'PURSUE'
11, 1857, 48.25097374699563, 48.25097374699563, 'PURSUE'
11, 1858, 48.19844827675904, 48.19844827675904, 'PURSUE'
11, 1859, 48.1598982092197, 48.1598982092197, 'PURSUE'
11, 1860, 48.12134814168036, 48.12134814168036, 'PURSUE'
11, 1861, 48.08279807414102, 48.08279807414102, 'PURSUE'
11, 1862, 48.04424800660168, 48.04424800660168, 'PURSUE'
11, 1863, 48.00569793906234, 48.00569793906234, 'PURSUE'
11, 1864, 47.95626205195315, 47.95626205195315, 'PURSUE'
11, 1865, 47.91783678090647, 47.91783678090647, 'PURSUE'
11, 1866, 47.879411509859786, 47.879411509859786, 'PURSUE'
11, 1867, 47.82994864635034, 47.82994864635034, 'PURSUE'
11, 1868, 47.77601328285664, 47.77601328285664, 'PURSUE'
11, 1869, 47.723326478176055, 47.723326478176055, 'PURSUE'
11, 1870, 47.67391288351847, 47.67391288351847, 'PURSUE'
11, 1871, 47.62449928886088, 47.62449928886088, 'PURSUE'
11, 1872, 47.575085694203295, 47.575085694203295, 'PURSUE'
11, 1873, 47.56190815024634, 47.56190815024634, 'APPROACH-STEALTH'
11, 1874, 47.5125398266763, 47.5125398266763, 'PURSUE'
11, 1875, 47.459856232059025, 47.459856232059025, 'PURSUE'
11, 1876, 47.42208722444835, 47.42208722444835, 'PURSUE'
11, 1877, 47.38431821683767, 47.38431821683767, 'PURSUE'
11, 1878, 47.34654920922699, 47.34654920922699, 'PURSUE'
11, 1879, 47.308780201616315, 47.308780201616315, 'PURSUE'
11, 1880, 47.27101119400564, 47.27101119400564, 'PURSUE'
11, 1881, 47.23324218639496, 47.23324218639496, 'PURSUE'
11, 1882, 47.19547317878428, 47.19547317878428, 'PURSUE'
11, 1883, 47.157704171173606, 47.157704171173606, 'PURSUE'
11, 1884, 47.11993516356293, 47.11993516356293, 'PURSUE'
11, 1885, 47.08216615595225, 47.08216615595225, 'PURSUE'
11, 1886, 47.032750603567095, 47.032750603567095, 'PURSUE'
11, 1887, 46.979853721681394, 46.979853721681394, 'PURSUE'
11, 1888, 46.93049454990814, 46.93049454990814, 'PURSUE'
11, 1889, 46.87760398359383, 46.87760398359383, 'PURSUE'
11, 1890, 46.828301747548856, 46.828301747548856, 'PURSUE'
11, 1891, 46.77416618987405, 46.77416618987405, 'PURSUE'
11, 1892, 46.7249078804031, 46.7249078804031, 'PURSUE'
11, 1893, 46.67564957093215, 46.67564957093215, 'PURSUE'
11, 1894, 46.622778113937684, 46.622778113937684, 'PURSUE'
11, 1895, 46.62617701948848, 46.62617701948848, 'APPROACH-STEALTH'
11, 1896, 46.572043463092825, 46.572043463092825, 'PURSUE'
11, 1897, 46.51790990669717, 46.51790990669717, 'PURSUE'
11, 1898, 46.52230021537099, 46.52230021537099, 'APPROACH-STEALTH'
11, 1899, 46.52669052404481, 46.52669052404481, 'APPROACH-STEALTH'
11, 1900, 46.47248960180689, 46.47248960180689, 'PURSUE'
11, 1901, 46.435708022451784, 46.435708022451784, 'PURSUE'
11, 1902, 46.39892644309668, 46.39892644309668, 'PURSUE'
11, 1903, 46.36214486374157, 46.36214486374157, 'PURSUE'
11, 1904, 46.32536328438646, 46.32536328438646, 'PURSUE'
11, 1905, 46.288581705031355, 46.288581705031355, 'PURSUE'
11, 1906, 46.25180012567625, 46.25180012567625, 'PURSUE'
11, 1907, 46.21501854632114, 46.21501854632114, 'PURSUE'
11, 1908, 46.17823696696603, 46.17823696696603, 'PURSUE'
11, 1909, 46.141455387610925, 46.141455387610925, 'PURSUE'
11, 1910, 46.10467380825582, 46.10467380825582, 'PURSUE'
11, 1911, 46.06789222890071, 46.06789222890071, 'PURSUE'
11, 1912, 46.0311106495456, 46.0311106495456, 'PURSUE'
11, 1913, 45.994329070190496, 45.994329070190496, 'PURSUE'
11, 1914, 45.95754749083539, 45.95754749083539, 'PURSUE'
11, 1915, 45.92076591148028, 45.92076591148028, 'PURSUE'
11, 1916, 45.88398433212517, 45.88398433212517, 'PURSUE'
11, 1917, 45.83456900848101, 45.83456900848101, 'PURSUE'
11, 1918, 45.78004472693146, 45.78004472693146, 'PURSUE'
11, 1919, 45.73070071339445, 45.73070071339445, 'PURSUE'
11, 1920, 45.677491143888126, 45.677491143888126, 'PURSUE'
11, 1921, 45.62821149004871, 45.62821149004871, 'PURSUE'
11, 1922, 45.57499067059595, 45.57499067059595, 'PURSUE'
11, 1923, 45.52577610645834, 45.52577610645834, 'PURSUE'
11, 1924, 45.47123126190129, 45.47123126190129, 'PURSUE'
11, 1925, 45.45800565011437, 45.45800565011437, 'APPROACH-STEALTH'
11, 1926, 45.404872053547955, 45.404872053547955, 'PURSUE'
11, 1927, 45.351738456981536, 45.351738456981536, 'PURSUE'
11, 1928, 45.31625525731048, 45.31625525731048, 'PURSUE'
11, 1929, 45.280772057639425, 45.280772057639425, 'PURSUE'
11, 1930, 45.24528885796837, 45.24528885796837, 'PURSUE'
11, 1931, 45.20980565829731, 45.20980565829731, 'PURSUE'
11, 1932, 45.15658053845812, 45.15658053845812, 'PURSUE'
11, 1933, 45.10745504447677, 45.10745504447677, 'PURSUE'
11, 1934, 45.05278244432035, 45.05278244432035, 'PURSUE'
11, 1935, 45.00373411481864, 45.00373411481864, 'PURSUE'
11, 1936, 44.95047493328967, 44.95047493328967, 'PURSUE'
11, 1937, 44.90149568966895, 44.90149568966895, 'PURSUE'
11, 1938, 44.84822384655626, 44.84822384655626, 'PURSUE'
11, 1939, 44.799314523037886, 44.799314523037886, 'PURSUE'
11, 1940, 44.744651590136016, 44.744651590136016, 'PURSUE'
11, 1941, 44.69582196251926, 44.69582196251926, 'PURSUE'
11, 1942, 44.64258705693758, 44.64258705693758, 'PURSUE'
11, 1943, 44.59382872356589, 44.59382872356589, 'PURSUE'
11, 1944, 44.53915361623513, 44.53915361623513, 'PURSUE'
11, 1945, 44.49047686212872, 44.49047686212872, 'PURSUE'
11, 1946, 44.43732133135799, 44.43732133135799, 'PURSUE'
11, 1947, 44.38871707530565, 44.38871707530565, 'PURSUE'
11, 1948, 44.33402301832942, 44.33402301832942, 'PURSUE'
11, 1949, 44.28550229836977, 44.28550229836977, 'PURSUE'
11, 1950, 44.232320942046286, 44.232320942046286, 'PURSUE'
11, 1951, 44.183874557216654, 44.183874557216654, 'PURSUE'
11, 1952, 44.13071192511778, 44.13071192511778, 'PURSUE'
11, 1953, 44.077549293018905, 44.077549293018905, 'PURSUE'
11, 1954, 44.0228230751411, 44.0228230751411, 'PURSUE'
11, 1955, 43.96809685726329, 43.96809685726329, 'PURSUE'
11, 1956, 43.91493380034467, 43.91493380034467, 'PURSUE'
11, 1957, 43.86022710799301, 43.86022710799301, 'PURSUE'
11, 1958, 43.80554244199686, 43.80554244199686, 'PURSUE'
11, 1959, 43.75081629599252, 43.75081629599252, 'PURSUE'
11, 1960, 43.696114906019275, 43.696114906019275, 'PURSUE'
11, 1961, 43.648218163504225, 43.648218163504225, 'PURSUE'
11, 1962, 43.59356622300908, 43.59356622300908, 'PURSUE'
11, 1963, 43.5457605251705, 43.5457605251705, 'PURSUE'
11, 1964, 43.492618526968506, 43.492618526968506, 'PURSUE'
11, 1965, 43.48379192342281, 43.48379192342281, 'APPROACH-STEALTH'
11, 1966, 43.47496531987711, 43.47496531987711, 'APPROACH-STEALTH'
11, 1967, 43.46613871633141, 43.46613871633141, 'APPROACH-STEALTH'
11, 1968, 43.45731211278571, 43.45731211278571, 'APPROACH-STEALTH'
11, 1969, 43.44848550924001, 43.44848550924001, 'APPROACH-STEALTH'
11, 1970, 43.43965890569431, 43.43965890569431, 'APPROACH-STEALTH'
11, 1971, 43.43083230214861, 43.43083230214861, 'APPROACH-STEALTH'
11, 1972, 43.42200569860291, 43.42200569860291, 'APPROACH-STEALTH'
11, 1973, 43.41317909505721, 43.41317909505721, 'APPROACH-STEALTH'
11, 1974, 43.40435249151151, 43.40435249151151, 'APPROACH-STEALTH'
11, 1975, 43.3566229209714, 43.3566229209714, 'PURSUE'
11, 1976, 43.303491285416314, 43.303491285416314, 'PURSUE'
11, 1977, 43.25035964986123, 43.25035964986123, 'PURSUE'
11, 1978, 43.20269625186908, 43.20269625186908, 'PURSUE'
11, 1979, 43.155032853876925, 43.155032853876925, 'PURSUE'
11, 1980, 43.10736945588477, 43.10736945588477, 'PURSUE'
11, 1981, 43.052643514426904, 43.052643514426904, 'PURSUE'
11, 1982, 43.005076107708646, 43.005076107708646, 'PURSUE'
11, 1983, 42.95750870099039, 42.95750870099039, 'PURSUE'
11, 1984, 42.90270544530735, 42.90270544530735, 'PURSUE'
11, 1985, 42.84790218962431, 42.84790218962431, 'PURSUE'
11, 1986, 42.800407662358744, 42.800407662358744, 'PURSUE'
11, 1987, 42.75291313509318, 42.75291313509318, 'PURSUE'
11, 1988, 42.70541860782762, 42.70541860782762, 'PURSUE'
11, 1989, 42.708927888128315, 42.708927888128315, 'APPROACH-STEALTH'
11, 1990, 42.6614451583447, 42.6614451583447, 'PURSUE'
11, 1991, 42.61396242856108, 42.61396242856108, 'PURSUE'
11, 1992, 42.559207813182624, 42.559207813182624, 'PURSUE'
11, 1993, 42.50589409199354, 42.50589409199354, 'PURSUE'
11, 1994, 42.452580370804455, 42.452580370804455, 'PURSUE'
11, 1995, 42.40527134731228, 42.40527134731228, 'PURSUE'
11, 1996, 42.357962323820104, 42.357962323820104, 'PURSUE'
11, 1997, 42.31065330032793, 42.31065330032793, 'PURSUE'
11, 1998, 42.26334427683575, 42.26334427683575, 'PURSUE'
11, 1999, 42.21000621859277, 42.21000621859277, 'PURSUE'
11, 2000, 42.15666816034978, 42.15666816034978, 'PURSUE'
11, 2001, 42.1094397182894, 42.1094397182894, 'PURSUE'
11, 2002, 42.06221127622902, 42.06221127622902, 'PURSUE'
11, 2003, 42.01498283416864, 42.01498283416864, 'PURSUE'
11, 2004, 41.961608988862565, 41.961608988862565, 'PURSUE'
11, 2005, 41.90823514355649, 41.90823514355649, 'PURSUE'
11, 2006, 41.86109857283789, 41.86109857283789, 'PURSUE'
11, 2007, 41.81396200211929, 41.81396200211929, 'PURSUE'
11, 2008, 41.76682543140069, 41.76682543140069, 'PURSUE'
11, 2009, 41.71186548822967, 41.71186548822967, 'PURSUE'
11, 2010, 41.65680184285114, 41.65680184285114, 'PURSUE'
11, 2011, 41.609751944023614, 41.609751944023614, 'PURSUE'
11, 2012, 41.56270204519609, 41.56270204519609, 'PURSUE'
11, 2013, 41.515652146368566, 41.515652146368566, 'PURSUE'
11, 2014, 41.46070862883168, 41.46070862883168, 'PURSUE'
11, 2015, 41.40563677624651, 41.40563677624651, 'PURSUE'
11, 2016, 41.35874710285858, 41.35874710285858, 'PURSUE'
11, 2017, 41.31185742947065, 41.31185742947065, 'PURSUE'
11, 2018, 41.26496775608272, 41.26496775608272, 'PURSUE'
11, 2019, 41.2098397733755, 41.2098397733755, 'PURSUE'
11, 2020, 41.16306272407953, 41.16306272407953, 'PURSUE'
11, 2021, 41.11628567478356, 41.11628567478356, 'PURSUE'
11, 2022, 41.06123187741037, 41.06123187741037, 'PURSUE'
11, 2023, 41.01458211459127, 41.01458211459127, 'PURSUE'
11, 2024, 40.96114261905657, 40.96114261905657, 'PURSUE'
11, 2025, 40.9146061076921, 40.9146061076921, 'PURSUE'
11, 2026, 40.86114171932735, 40.86114171932735, 'PURSUE'
11, 2027, 40.81472041287233, 40.81472041287233, 'PURSUE'
11, 2028, 40.76126391439453, 40.76126391439453, 'PURSUE'
11, 2029, 40.714959583717835, 40.714959583717835, 'PURSUE'
11, 2030, 40.659715883766694, 40.659715883766694, 'PURSUE'
11, 2031, 40.61354893616114, 40.61354893616114, 'PURSUE'
11, 2032, 40.560007165582824, 40.560007165582824, 'PURSUE'
11, 2033, 40.51396179309314, 40.51396179309314, 'PURSUE'
11, 2034, 40.460439945932094, 40.460439945932094, 'PURSUE'
11, 2035, 40.414517741776415, 40.414517741776415, 'PURSUE'
11, 2036, 40.35918254616179, 40.35918254616179, 'PURSUE'
11, 2037, 40.31340525277971, 40.31340525277971, 'PURSUE'
11, 2038, 40.25989733098305, 40.25989733098305, 'PURSUE'
11, 2039, 40.2142471048454, 40.2142471048454, 'PURSUE'
11, 2040, 40.16071008801696, 40.16071008801696, 'PURSUE'
11, 2041, 40.115189222116285, 40.115189222116285, 'PURSUE'
11, 2042, 40.05978253303545, 40.05978253303545, 'PURSUE'
11, 2043, 40.01441428080067, 40.01441428080067, 'PURSUE'
11, 2044, 39.96088530538951, 39.96088530538951, 'PURSUE'
11, 2045, 39.91565070554719, 39.91565070554719, 'PURSUE'
11, 2046, 39.8603341885545, 39.8603341885545, 'PURSUE'
11, 2047, 39.815255830643004, 39.815255830643004, 'PURSUE'
11, 2048, 39.76162926905664, 39.76162926905664, 'PURSUE'
11, 2049, 39.70619593359515, 39.70619593359515, 'PURSUE'
11, 2050, 39.652631627798236, 39.652631627798236, 'PURSUE'
11, 2051, 39.607912373279355, 39.607912373279355, 'PURSUE'
11, 2052, 39.552474982702606, 39.552474982702606, 'PURSUE'
11, 2053, 39.50791337532666, 39.50791337532666, 'PURSUE'
11, 2054, 39.45259605905963, 39.45259605905963, 'PURSUE'
11, 2055, 39.397522708933316, 39.397522708933316, 'PURSUE'
11, 2056, 39.34393194685457, 39.34393194685457, 'PURSUE'
11, 2057, 39.29962441228341, 39.29962441228341, 'PURSUE'
11, 2058, 39.24599814680462, 39.24599814680462, 'PURSUE'
11, 2059, 39.192371881325826, 39.192371881325826, 'PURSUE'
11, 2060, 39.138745615847036, 39.138745615847036, 'PURSUE'
11, 2061, 39.09471689484629, 39.09471689484629, 'PURSUE'
11, 2062, 39.039414250782826, 39.039414250782826, 'PURSUE'
11, 2063, 38.98433461029106, 38.98433461029106, 'PURSUE'
11, 2064, 38.92905453008189, 38.92905453008189, 'PURSUE'
11, 2065, 38.87377444987273, 38.87377444987273, 'PURSUE'
11, 2066, 38.83017585573765, 38.83017585573765, 'PURSUE'
11, 2067, 38.77488825453559, 38.77488825453559, 'PURSUE'
11, 2068, 38.73143482756546, 38.73143482756546, 'PURSUE'
11, 2069, 38.687981400595326, 38.687981400595326, 'PURSUE'
11, 2070, 38.63264821951351, 38.63264821951351, 'PURSUE'
11, 2071, 38.58936447125271, 38.58936447125271, 'PURSUE'
11, 2072, 38.5460807229919, 38.5460807229919, 'PURSUE'
11, 2073, 38.49090304161388, 38.49090304161388, 'PURSUE'
11, 2074, 38.43549560423582, 38.43549560423582, 'PURSUE'
11, 2075, 38.38174643642477, 38.38174643642477, 'PURSUE'
11, 2076, 38.32799726861372, 38.32799726861372, 'PURSUE'
11, 2077, 38.27424810080267, 38.27424810080267, 'PURSUE'
11, 2078, 38.285444839686086, 38.285444839686086, 'PURSUE'
11, 2079, 38.24256505824917, 38.24256505824917, 'PURSUE'
11, 2080, 38.23891760231826, 38.23891760231826, 'APPROACH-STEALTH'
11, 2081, 38.23527014638735, 38.23527014638735, 'APPROACH-STEALTH'
11, 2082, 38.23162269045644, 38.23162269045644, 'APPROACH-STEALTH'
11, 2083, 38.18873008264466, 38.18873008264466, 'PURSUE'
11, 2084, 38.14583747483288, 38.14583747483288, 'PURSUE'
11, 2085, 38.14327424237079, 38.14327424237079, 'APPROACH-STEALTH'
11, 2086, 38.14071100990869, 38.14071100990869, 'APPROACH-STEALTH'
11, 2087, 38.097871727114594, 38.097871727114594, 'PURSUE'
11, 2088, 38.055032444320496, 38.055032444320496, 'PURSUE'
11, 2089, 38.0121931615264, 38.0121931615264, 'PURSUE'
11, 2090, 38.0119276053819, 38.0119276053819, 'APPROACH-STEALTH'
11, 2091, 37.96912800780325, 37.96912800780325, 'PURSUE'
11, 2092, 37.91335574789385, 37.91335574789385, 'PURSUE'
11, 2093, 37.857583487984456, 37.857583487984456, 'PURSUE'
11, 2094, 37.80181122807506, 37.80181122807506, 'PURSUE'
11, 2095, 37.75934797388561, 37.75934797388561, 'PURSUE'
11, 2096, 37.71688471969616, 37.71688471969616, 'PURSUE'
11, 2097, 37.719495464878605, 37.719495464878605, 'APPROACH-STEALTH'
11, 2098, 37.677065535554476, 37.677065535554476, 'PURSUE'
11, 2099, 37.62120416561589, 37.62120416561589, 'PURSUE'
11, 2100, 37.56534279567731, 37.56534279567731, 'PURSUE'
11, 2101, 37.50948142573873, 37.50948142573873, 'PURSUE'
11, 2102, 37.46739015263701, 37.46739015263701, 'PURSUE'
11, 2103, 37.42529887953529, 37.42529887953529, 'PURSUE'
11, 2104, 37.36939893079095, 37.36939893079095, 'PURSUE'
11, 2105, 37.31349898204661, 37.31349898204661, 'PURSUE'
11, 2106, 37.25759903330227, 37.25759903330227, 'PURSUE'
11, 2107, 37.2711486312763, 37.2711486312763, 'PURSUE'
11, 2108, 37.284698229250324, 37.284698229250324, 'PURSUE'
11, 2109, 37.24281482236237, 37.24281482236237, 'PURSUE'
11, 2110, 37.256462828538986, 37.256462828538986, 'PURSUE'
11, 2111, 37.21446820676793, 37.21446820676793, 'PURSUE'
11, 2112, 37.228215125315174, 37.228215125315174, 'PURSUE'
11, 2113, 37.18611009604682, 37.18611009604682, 'PURSUE'
11, 2114, 37.1999564302567, 37.1999564302567, 'PURSUE'
11, 2115, 37.15774084951954, 37.15774084951954, 'PURSUE'
11, 2116, 37.171687103089546, 37.171687103089546, 'PURSUE'
11, 2117, 37.12936069052711, 37.12936069052711, 'PURSUE'
11, 2118, 37.14340736769508, 37.14340736769508, 'PURSUE'
11, 2119, 37.10096967426699, 37.10096967426699, 'PURSUE'
11, 2120, 37.115117279985995, 37.115117279985995, 'PURSUE'
11, 2121, 37.07259148757225, 37.07259148757225, 'PURSUE'
11, 2122, 37.0300656951585, 37.0300656951585, 'PURSUE'
11, 2123, 37.044416246321695, 37.044416246321695, 'PURSUE'
11, 2124, 37.03185640491706, 37.03185640491706, 'APPROACH-STEALTH'
11, 2125, 37.03155894540642, 37.03155894540642, 'APPROACH-STEALTH'
11, 2126, 37.031261485895776, 37.031261485895776, 'APPROACH-STEALTH'
11, 2127, 37.030964026385135, 37.030964026385135, 'APPROACH-STEALTH'
11, 2128, 37.030666566874494, 37.030666566874494, 'APPROACH-STEALTH'
11, 2129, 37.03036910736385, 37.03036910736385, 'APPROACH-STEALTH'
11, 2130, 37.03007164785321, 37.03007164785321, 'APPROACH-STEALTH'
11, 2131, 37.02977418834257, 37.02977418834257, 'APPROACH-STEALTH'
11, 2132, 37.02947672883193, 37.02947672883193, 'APPROACH-STEALTH'
11, 2133, 37.02917926932129, 37.02917926932129, 'APPROACH-STEALTH'
11, 2134, 37.02888180981065, 37.02888180981065, 'APPROACH-STEALTH'
11, 2135, 37.02858435030001, 37.02858435030001, 'APPROACH-STEALTH'
11, 2136, 37.02828689078937, 37.02828689078937, 'APPROACH-STEALTH'
11, 2137, 36.9851075432087, 36.9851075432087, 'PURSUE'
11, 2138, 36.92851158901291, 36.92851158901291, 'PURSUE'
11, 2139, 36.91521091833894, 36.91521091833894, 'APPROACH-STEALTH'
11, 2140, 36.872250155076756, 36.872250155076756, 'PURSUE'
11, 2141, 36.82928939181457, 36.82928939181457, 'PURSUE'
11, 2142, 36.77267418090848, 36.77267418090848, 'PURSUE'
11, 2143, 36.71605897000239, 36.71605897000239, 'PURSUE'
11, 2144, 36.68810132085323, 36.68810132085323, 'PURSUE'
11, 2145, 36.66014449146523, 36.66014449146523, 'PURSUE'
11, 2146, 36.64743867154398, 36.64743867154398, 'APPROACH-STEALTH'
11, 2147, 36.59087843058664, 36.59087843058664, 'PURSUE'
11, 2148, 36.53440444015735, 36.53440444015735, 'PURSUE'
11, 2149, 36.47793044972806, 36.47793044972806, 'PURSUE'
11, 2150, 36.43609217013499, 36.43609217013499, 'PURSUE'
11, 2151, 36.43145446438029, 36.43145446438029, 'APPROACH-STEALTH'
11, 2152, 36.426816758625584, 36.426816758625584, 'APPROACH-STEALTH'
11, 2153, 36.44289237110946, 36.44289237110946, 'PURSUE'
11, 2154, 36.400863249419146, 36.400863249419146, 'PURSUE'
11, 2155, 36.34424972738398, 36.34424972738398, 'PURSUE'
11, 2156, 36.28763620534882, 36.28763620534882, 'PURSUE'
11, 2157, 36.262097669860076, 36.262097669860076, 'PURSUE'
11, 2158, 36.23656102007866, 36.23656102007866, 'PURSUE'
11, 2159, 36.22285960855419, 36.22285960855419, 'APPROACH-STEALTH'
11, 2160, 36.209158197029716, 36.209158197029716, 'APPROACH-STEALTH'
11, 2161, 36.19545678550524, 36.19545678550524, 'APPROACH-STEALTH'
11, 2162, 36.18175537398077, 36.18175537398077, 'APPROACH-STEALTH'
11, 2163, 36.1680539624563, 36.1680539624563, 'APPROACH-STEALTH'
11, 2164, 36.154352550931826, 36.154352550931826, 'APPROACH-STEALTH'
11, 2165, 36.14065113940735, 36.14065113940735, 'APPROACH-STEALTH'
11, 2166, 36.12694972788288, 36.12694972788288, 'APPROACH-STEALTH'
11, 2167, 36.11324831635841, 36.11324831635841, 'APPROACH-STEALTH'
11, 2168, 36.099546904833936, 36.099546904833936, 'APPROACH-STEALTH'
11, 2169, 36.08584549330946, 36.08584549330946, 'APPROACH-STEALTH'
11, 2170, 36.07214408178499, 36.07214408178499, 'APPROACH-STEALTH'
11, 2171, 36.05844267026052, 36.05844267026052, 'APPROACH-STEALTH'
11, 2172, 36.01749073840435, 36.01749073840435, 'PURSUE'
11, 2173, 35.960887213928096, 35.960887213928096, 'PURSUE'
11, 2174, 35.920076139983, 35.920076139983, 'PURSUE'
11, 2175, 35.93719180804647, 35.93719180804647, 'PURSUE'
11, 2176, 35.896269585512066, 35.896269585512066, 'PURSUE'
11, 2177, 35.85534736297766, 35.85534736297766, 'PURSUE'
11, 2178, 35.87266750291629, 35.87266750291629, 'PURSUE'
11, 2179, 35.889987642854926, 35.889987642854926, 'PURSUE'
11, 2180, 35.848654823725, 35.848654823725, 'PURSUE'
11, 2181, 35.79200041554514, 35.79200041554514, 'PURSUE'
11, 2182, 35.73534600736528, 35.73534600736528, 'PURSUE'
11, 2183, 35.67869159918542, 35.67869159918542, 'PURSUE'
11, 2184, 35.62203719100556, 35.62203719100556, 'PURSUE'
11, 2185, 35.5653827828257, 35.5653827828257, 'PURSUE'
11, 2186, 35.50872837464584, 35.50872837464584, 'PURSUE'
11, 2187, 35.452031329116494, 35.452031329116494, 'PURSUE'
11, 2188, 35.39538742588621, 35.39538742588621, 'PURSUE'
11, 2189, 35.33874352265593, 35.33874352265593, 'PURSUE'
11, 2190, 35.32503723043225, 35.32503723043225, 'APPROACH-STEALTH'
11, 2191, 35.31133093820857, 35.31133093820857, 'APPROACH-STEALTH'
11, 2192, 35.29762464598489, 35.29762464598489, 'APPROACH-STEALTH'
11, 2193, 35.28391835376121, 35.28391835376121, 'APPROACH-STEALTH'
11, 2194, 35.27021206153753, 35.27021206153753, 'APPROACH-STEALTH'
11, 2195, 35.230563558102304, 35.230563558102304, 'PURSUE'
11, 2196, 35.19091505466708, 35.19091505466708, 'PURSUE'
11, 2197, 35.151266551231856, 35.151266551231856, 'PURSUE'
11, 2198, 35.11161804779663, 35.11161804779663, 'PURSUE'
11, 2199, 35.10919304665027, 35.10919304665027, 'APPROACH-STEALTH'
11, 2200, 35.106768045503905, 35.106768045503905, 'APPROACH-STEALTH'
11, 2201, 35.0669871140558, 35.0669871140558, 'PURSUE'
11, 2202, 35.02720618260769, 35.02720618260769, 'PURSUE'
11, 2203, 35.04643170874853, 35.04643170874853, 'PURSUE'
11, 2204, 35.0065195226568, 35.0065195226568, 'PURSUE'
11, 2205, 34.94978787222584, 34.94978787222584, 'PURSUE'
11, 2206, 34.89305622179488, 34.89305622179488, 'PURSUE'
11, 2207, 34.83632457136392, 34.83632457136392, 'PURSUE'
11, 2208, 34.779592920932956, 34.779592920932956, 'PURSUE'
11, 2209, 34.72283353692334, 34.72283353692334, 'PURSUE'
11, 2210, 34.66607415291372, 34.66607415291372, 'PURSUE'
11, 2211, 34.609346303543425, 34.609346303543425, 'PURSUE'
11, 2212, 34.552588569042456, 34.552588569042456, 'PURSUE'
11, 2213, 34.495830834541486, 34.495830834541486, 'PURSUE'
11, 2214, 34.43910954051078, 34.43910954051078, 'PURSUE'
11, 2215, 34.38235408105637, 34.38235408105637, 'PURSUE'
11, 2216, 34.32559862160196, 34.32559862160196, 'PURSUE'
11, 2217, 34.31232395233711, 34.31232395233711, 'APPROACH-STEALTH'
11, 2218, 34.29904928307226, 34.29904928307226, 'APPROACH-STEALTH'
11, 2219, 34.285774613807405, 34.285774613807405, 'APPROACH-STEALTH'
11, 2220, 34.27249994454255, 34.27249994454255, 'APPROACH-STEALTH'
11, 2221, 34.2592252752777, 34.2592252752777, 'APPROACH-STEALTH'
11, 2222, 34.24595060601285, 34.24595060601285, 'APPROACH-STEALTH'
11, 2223, 34.232675936747995, 34.232675936747995, 'APPROACH-STEALTH'
11, 2224, 34.21940126748314, 34.21940126748314, 'APPROACH-STEALTH'
11, 2225, 34.20612659821829, 34.20612659821829, 'APPROACH-STEALTH'
11, 2226, 34.19285192895344, 34.19285192895344, 'APPROACH-STEALTH'
11, 2227, 34.179577259688585, 34.179577259688585, 'APPROACH-STEALTH'
11, 2228, 34.16630259042373, 34.16630259042373, 'APPROACH-STEALTH'
11, 2229, 34.15302792115888, 34.15302792115888, 'APPROACH-STEALTH'
11, 2230, 34.13975325189403, 34.13975325189403, 'APPROACH-STEALTH'
11, 2231, 34.126478582629176, 34.126478582629176, 'APPROACH-STEALTH'
11, 2232, 34.06974159216227, 34.06974159216227, 'PURSUE'
11, 2233, 34.01300460169537, 34.01300460169537, 'PURSUE'
11, 2234, 33.95626761122847, 33.95626761122847, 'PURSUE'
11, 2235, 33.94318526972966, 33.94318526972966, 'APPROACH-STEALTH'
11, 2236, 33.88644300320176, 33.88644300320176, 'PURSUE'
11, 2237, 33.829700736673864, 33.829700736673864, 'PURSUE'
11, 2238, 33.80834196246467, 33.80834196246467, 'PURSUE'
11, 2239, 33.75161514272348, 33.75161514272348, 'PURSUE'
11, 2240, 33.6948526665629, 33.6948526665629, 'PURSUE'
11, 2241, 33.63809019040232, 33.63809019040232, 'PURSUE'
11, 2242, 33.58135823285841, 33.58135823285841, 'PURSUE'
11, 2243, 33.524598081404335, 33.524598081404335, 'PURSUE'
11, 2244, 33.46783792995026, 33.46783792995026, 'PURSUE'
11, 2245, 33.4324281629859, 33.4324281629859, 'PURSUE'
11, 2246, 33.375666468054035, 33.375666468054035, 'PURSUE'
11, 2247, 33.31890477312217, 33.31890477312217, 'PURSUE'
11, 2248, 33.262166227886, 33.262166227886, 'PURSUE'
11, 2249, 33.20542768264983, 33.20542768264983, 'PURSUE'
11, 2250, 33.148689137413655, 33.148689137413655, 'PURSUE'
11, 2251, 33.12632187151739, 33.12632187151739, 'PURSUE'
11, 2252, 33.069599287465536, 33.069599287465536, 'PURSUE'
11, 2253, 33.01287670341368, 33.01287670341368, 'PURSUE'
11, 2254, 32.990715010984246, 32.990715010984246, 'PURSUE'
11, 2255, 32.93401148076752, 32.93401148076752, 'PURSUE'
11, 2256, 32.87726427128284, 32.87726427128284, 'PURSUE'
11, 2257, 32.85658581353852, 32.85658581353852, 'PURSUE'
11, 2258, 32.799852454662826, 32.799852454662826, 'PURSUE'
11, 2259, 32.743169346442336, 32.743169346442336, 'PURSUE'
11, 2260, 32.686440306196346, 32.686440306196346, 'PURSUE'
11, 2261, 32.662854917429534, 32.662854917429534, 'PURSUE'
11, 2262, 32.606143982860964, 32.606143982860964, 'PURSUE'
11, 2263, 32.54943304829239, 32.54943304829239, 'PURSUE'
11, 2264, 32.492777710294675, 32.492777710294675, 'PURSUE'
11, 2265, 32.47334939101011, 32.47334939101011, 'PURSUE'
11, 2266, 32.41664911755266, 32.41664911755266, 'PURSUE'
11, 2267, 32.35994884409521, 32.35994884409521, 'PURSUE'
11, 2268, 32.303248570637756, 32.303248570637756, 'PURSUE'
11, 2269, 32.28408222946649, 32.28408222946649, 'PURSUE'
11, 2270, 32.26491798394637, 32.26491798394637, 'PURSUE'
11, 2271, 32.24493634181142, 32.24493634181142, 'PURSUE'
11, 2272, 32.224954699676466, 32.224954699676466, 'PURSUE'
11, 2273, 32.20573877828033, 32.20573877828033, 'PURSUE'
11, 2274, 32.18652285688419, 32.18652285688419, 'PURSUE'
11, 2275, 32.16730693548805, 32.16730693548805, 'PURSUE'
11, 2276, 32.145984724176444, 32.145984724176444, 'PURSUE'
11, 2277, 32.08959717933248, 32.08959717933248, 'PURSUE'
11, 2278, 32.033209634488514, 32.033209634488514, 'PURSUE'
11, 2279, 32.0048298079367, 32.0048298079367, 'PURSUE'
11, 2280, 31.97644998138489, 31.97644998138489, 'PURSUE'
11, 2281, 31.920000761369355, 31.920000761369355, 'PURSUE'
11, 2282, 31.863444693656696, 31.863444693656696, 'PURSUE'
11, 2283, 31.806996147439737, 31.806996147439737, 'PURSUE'
11, 2284, 31.750449470734807, 31.750449470734807, 'PURSUE'
11, 2285, 31.7368388292857, 31.7368388292857, 'APPROACH-STEALTH'
11, 2286, 31.68030415543599, 31.68030415543599, 'PURSUE'
11, 2287, 31.661813851049594, 31.661813851049594, 'PURSUE'
11, 2288, 31.605319097538672, 31.605319097538672, 'PURSUE'
11, 2289, 31.578512220882157, 31.578512220882157, 'PURSUE'
11, 2290, 31.522271283706196, 31.522271283706196, 'PURSUE'
11, 2291, 31.495693454729484, 31.495693454729484, 'PURSUE'
11, 2292, 31.4391666346589, 31.4391666346589, 'PURSUE'
11, 2293, 31.412828359231128, 31.412828359231128, 'PURSUE'
11, 2294, 31.386490083803356, 31.386490083803356, 'PURSUE'
11, 2295, 31.417330900485343, 31.417330900485343, 'PURSUE'
11, 2296, 31.44817171716733, 31.44817171716733, 'PURSUE'
11, 2297, 31.473706598448903, 31.473706598448903, 'PURSUE'
11, 2298, 31.504570925928842, 31.504570925928842, 'PURSUE'
11, 2299, 31.53543525340878, 31.53543525340878, 'PURSUE'
11, 2300, 31.56629958088872, 31.56629958088872, 'PURSUE'
11, 2301, 31.59716390836866, 31.59716390836866, 'PURSUE'
11, 2302, 31.6280282358486, 31.6280282358486, 'PURSUE'
11, 2303, 31.59991901693569, 31.59991901693569, 'PURSUE'
11, 2304, 31.57180979802278, 31.57180979802278, 'PURSUE'
11, 2305, 31.597364286036754, 31.597364286036754, 'PURSUE'
11, 2306, 31.622918774050728, 31.622918774050728, 'PURSUE'
11, 2307, 31.6484732620647, 31.6484732620647, 'PURSUE'
11, 2308, 31.679803292350993, 31.679803292350993, 'PURSUE'
11, 2309, 31.71113332263728, 31.71113332263728, 'PURSUE'
11, 2310, 31.68185805451932, 31.68185805451932, 'PURSUE'
11, 2311, 31.65258278640136, 31.65258278640136, 'PURSUE'
11, 2312, 31.595917192762794, 31.595917192762794, 'PURSUE'
11, 2313, 31.5391495898753, 31.5391495898753, 'PURSUE'
11, 2314, 31.482381986987807, 31.482381986987807, 'PURSUE'
11, 2315, 31.425614384100314, 31.425614384100314, 'PURSUE'
11, 2316, 31.3688475338294, 31.3688475338294, 'PURSUE'
11, 2317, 31.34923614836997, 31.34923614836997, 'PURSUE'
11, 2318, 31.292473515988853, 31.292473515988853, 'PURSUE'
11, 2319, 31.235710883607734, 31.235710883607734, 'PURSUE'
11, 2320, 31.218315118091642, 31.218315118091642, 'PURSUE'
11, 2321, 31.20091935257555, 31.20091935257555, 'PURSUE'
11, 2322, 31.144167542249733, 31.144167542249733, 'PURSUE'
11, 2323, 31.087415731923915, 31.087415731923915, 'PURSUE'
11, 2324, 31.030663921598098, 31.030663921598098, 'PURSUE'
11, 2325, 31.01348731418894, 31.01348731418894, 'PURSUE'
11, 2326, 30.95692024620136, 30.95692024620136, 'PURSUE'
11, 2327, 30.900172085844815, 30.900172085844815, 'PURSUE'
11, 2328, 30.84342392548827, 30.84342392548827, 'PURSUE'
11, 2329, 30.818237014473915, 30.818237014473915, 'PURSUE'
11, 2330, 30.79305010345956, 30.79305010345956, 'PURSUE'
11, 2331, 30.82718631939756, 30.82718631939756, 'PURSUE'
11, 2332, 30.861322535335557, 30.861322535335557, 'PURSUE'
11, 2333, 30.83563957658313, 30.83563957658313, 'PURSUE'
11, 2334, 30.809956617830704, 30.809956617830704, 'PURSUE'
11, 2335, 30.784273659078277, 30.784273659078277, 'PURSUE'
11, 2336, 30.727580541503755, 30.727580541503755, 'PURSUE'
11, 2337, 30.702256874398017, 30.702256874398017, 'PURSUE'
11, 2338, 30.64549031425108, 30.64549031425108, 'PURSUE'
11, 2339, 30.588784488351827, 30.588784488351827, 'PURSUE'
11, 2340, 30.56406708073746, 30.56406708073746, 'PURSUE'
11, 2341, 30.53934967312309, 30.53934967312309, 'PURSUE'
11, 2342, 30.548297198738847, 30.548297198738847, 'APPROACH-STEALTH'
11, 2343, 30.52365672320293, 30.52365672320293, 'PURSUE'
11, 2344, 30.466917762933868, 30.466917762933868, 'PURSUE'
11, 2345, 30.450317975435706, 30.450317975435706, 'PURSUE'
11, 2346, 30.393592967265526, 30.393592967265526, 'PURSUE'
11, 2347, 30.336867959095347, 30.336867959095347, 'PURSUE'
11, 2348, 30.31893394214998, 30.31893394214998, 'PURSUE'
11, 2349, 30.30099992520461, 30.30099992520461, 'PURSUE'
11, 2350, 30.28461317429784, 30.28461317429784, 'PURSUE'
11, 2351, 30.268626291030635, 30.268626291030635, 'PURSUE'
11, 2352, 30.252639407763432, 30.252639407763432, 'PURSUE'
11, 2353, 30.23665252449623, 30.23665252449623, 'PURSUE'
11, 2354, 30.220664481001307, 30.220664481001307, 'PURSUE'
11, 2355, 30.202756127231094, 30.202756127231094, 'PURSUE'
11, 2356, 30.1461803810688, 30.1461803810688, 'PURSUE'
11, 2357, 30.089604634906504, 30.089604634906504, 'PURSUE'
11, 2358, 30.07335110859945, 30.07335110859945, 'PURSUE'
11, 2359, 30.057097582292396, 30.057097582292396, 'PURSUE'
11, 2360, 30.000369942298782, 30.000369942298782, 'PURSUE'
11, 2361, 29.943642302305168, 29.943642302305168, 'PURSUE'
11, 2362, 29.887136680436114, 29.887136680436114, 'PURSUE'
11, 2363, 29.830411349548978, 29.830411349548978, 'PURSUE'
11, 2364, 29.77392202566488, 29.77392202566488, 'PURSUE'
11, 2365, 29.717432701780783, 29.717432701780783, 'PURSUE'
11, 2366, 29.66070893109063, 29.66070893109063, 'PURSUE'
11, 2367, 29.603985160400473, 29.603985160400473, 'PURSUE'
11, 2368, 29.58556886643272, 29.58556886643272, 'PURSUE'
11, 2369, 29.52886187581634, 29.52886187581634, 'PURSUE'
11, 2370, 29.472406624811104, 29.472406624811104, 'PURSUE'
11, 2371, 29.415951373805868, 29.415951373805868, 'PURSUE'
11, 2372, 29.359496122800632, 29.359496122800632, 'PURSUE'
11, 2373, 29.302790160507083, 29.302790160507083, 'PURSUE'
11, 2374, 29.284938741282645, 29.284938741282645, 'PURSUE'
11, 2375, 29.267087322058206, 29.267087322058206, 'PURSUE'
11, 2376, 29.25320489058515, 29.25320489058515, 'APPROACH-STEALTH'
11, 2377, 29.239322459112092, 29.239322459112092, 'APPROACH-STEALTH'
11, 2378, 29.225440027639035, 29.225440027639035, 'APPROACH-STEALTH'
11, 2379, 29.211557596165978, 29.211557596165978, 'APPROACH-STEALTH'
11, 2380, 29.19767516469292, 29.19767516469292, 'APPROACH-STEALTH'
11, 2381, 29.183792733219864, 29.183792733219864, 'APPROACH-STEALTH'
11, 2382, 29.169910301746807, 29.169910301746807, 'APPROACH-STEALTH'
11, 2383, 29.15602787027375, 29.15602787027375, 'APPROACH-STEALTH'
11, 2384, 29.142145438800693, 29.142145438800693, 'APPROACH-STEALTH'
11, 2385, 29.085644551103037, 29.085644551103037, 'PURSUE'
11, 2386, 29.02914366340538, 29.02914366340538, 'PURSUE'
11, 2387, 28.972642775707726, 28.972642775707726, 'PURSUE'
11, 2388, 28.956381857550898, 28.956381857550898, 'PURSUE'
11, 2389, 28.899642638891134, 28.899642638891134, 'PURSUE'
11, 2390, 28.84290342023137, 28.84290342023137, 'PURSUE'
11, 2391, 28.829139042691768, 28.829139042691768, 'PURSUE'
11, 2392, 28.77263050893029, 28.77263050893029, 'PURSUE'
11, 2393, 28.716121975168814, 28.716121975168814, 'PURSUE'
11, 2394, 28.659613441407338, 28.659613441407338, 'PURSUE'
11, 2395, 28.60310490764586, 28.60310490764586, 'PURSUE'
11, 2396, 28.546596373884384, 28.546596373884384, 'PURSUE'
11, 2397, 28.532859300354016, 28.532859300354016, 'APPROACH-STEALTH'
11, 2398, 28.476360293717836, 28.476360293717836, 'PURSUE'
11, 2399, 28.419861287081655, 28.419861287081655, 'PURSUE'
11, 2400, 28.40676246644409, 28.40676246644409, 'PURSUE'
11, 2401, 28.393663645806523, 28.393663645806523, 'PURSUE'
11, 2402, 28.379907253071988, 28.379907253071988, 'PURSUE'
11, 2403, 28.366850498545176, 28.366850498545176, 'PURSUE'
11, 2404, 28.353789428907298, 28.353789428907298, 'PURSUE'
11, 2405, 28.340003434901654, 28.340003434901654, 'PURSUE'
11, 2406, 28.324648099811036, 28.324648099811036, 'PURSUE'
11, 2407, 28.31163367526771, 28.31163367526771, 'PURSUE'
11, 2408, 28.298619250724386, 28.298619250724386, 'PURSUE'
11, 2409, 28.285600580540954, 28.285600580540954, 'PURSUE'
11, 2410, 28.271767117275182, 28.271767117275182, 'PURSUE'
11, 2411, 28.2587861503366, 28.2587861503366, 'APPROACH-STEALTH'
11, 2412, 28.24580518339802, 28.24580518339802, 'APPROACH-STEALTH'
11, 2413, 28.232824216459438, 28.232824216459438, 'APPROACH-STEALTH'
11, 2414, 28.219843249520856, 28.219843249520856, 'APPROACH-STEALTH'
11, 2415, 28.206862282582275, 28.206862282582275, 'APPROACH-STEALTH'
11, 2416, 28.193881315643694, 28.193881315643694, 'APPROACH-STEALTH'
11, 2417, 28.1378558136233, 28.1378558136233, 'PURSUE'
11, 2418, 28.081830311602907, 28.081830311602907, 'PURSUE'
11, 2419, 28.025367808524678, 28.025367808524678, 'PURSUE'
11, 2420, 27.968905305446448, 27.968905305446448, 'PURSUE'
11, 2421, 27.912885831795467, 27.912885831795467, 'PURSUE'
11, 2422, 27.902745245915703, 27.902745245915703, 'PURSUE'
11, 2423, 27.89260466003594, 27.89260466003594, 'PURSUE'
11, 2424, 27.83608828535458, 27.83608828535458, 'PURSUE'
11, 2425, 27.779571910673223, 27.779571910673223, 'PURSUE'
11, 2426, 27.723055535991865, 27.723055535991865, 'PURSUE'
11, 2427, 27.666951700554478, 27.666951700554478, 'PURSUE'
11, 2428, 27.61084786511709, 27.61084786511709, 'PURSUE'
11, 2429, 27.554322983721036, 27.554322983721036, 'PURSUE'
11, 2430, 27.497798102324982, 27.497798102324982, 'PURSUE'
11, 2431, 27.441273220928927, 27.441273220928927, 'PURSUE'
11, 2432, 27.385168296452374, 27.385168296452374, 'PURSUE'
11, 2433, 27.32906337197582, 27.32906337197582, 'PURSUE'
11, 2434, 27.32188699799296, 27.32188699799296, 'PURSUE'
11, 2435, 27.308283072814554, 27.308283072814554, 'APPROACH-STEALTH'
11, 2436, 27.29467914763615, 27.29467914763615, 'APPROACH-STEALTH'
11, 2437, 27.282633396218092, 27.282633396218092, 'PURSUE'
11, 2438, 27.270587644800035, 27.270587644800035, 'PURSUE'
11, 2439, 27.258541893381977, 27.258541893381977, 'PURSUE'
11, 2440, 27.245407950059743, 27.245407950059743, 'APPROACH-STEALTH'
11, 2441, 27.23227400673751, 27.23227400673751, 'APPROACH-STEALTH'
11, 2442, 27.219140063415274, 27.219140063415274, 'APPROACH-STEALTH'
11, 2443, 27.20600612009304, 27.20600612009304, 'APPROACH-STEALTH'
11, 2444, 27.192872176770805, 27.192872176770805, 'APPROACH-STEALTH'
11, 2445, 27.17973823344857, 27.17973823344857, 'APPROACH-STEALTH'
11, 2446, 27.166604290126337, 27.166604290126337, 'APPROACH-STEALTH'
11, 2447, 27.11058834433418, 27.11058834433418, 'PURSUE'
11, 2448, 27.05457239854202, 27.05457239854202, 'PURSUE'
11, 2449, 27.048960855357656, 27.048960855357656, 'PURSUE'
11, 2450, 27.04334931217329, 27.04334931217329, 'PURSUE'
11, 2451, 26.987227060911543, 26.987227060911543, 'PURSUE'
11, 2452, 26.931104809649796, 26.931104809649796, 'PURSUE'
11, 2453, 26.874982558388048, 26.874982558388048, 'PURSUE'
11, 2454, 26.870337226942212, 26.870337226942212, 'PURSUE'
11, 2455, 26.814191994076054, 26.814191994076054, 'PURSUE'
11, 2456, 26.758046761209897, 26.758046761209897, 'PURSUE'
11, 2457, 26.70146202010288, 26.70146202010288, 'PURSUE'
11, 2458, 26.644877278995864, 26.644877278995864, 'PURSUE'
11, 2459, 26.588740844323286, 26.588740844323286, 'PURSUE'
11, 2460, 26.532160509362907, 26.532160509362907, 'PURSUE'
11, 2461, 26.475580174402527, 26.475580174402527, 'PURSUE'
11, 2462, 26.472979172386296, 26.472979172386296, 'PURSUE'
11, 2463, 26.416378885671914, 26.416378885671914, 'PURSUE'
11, 2464, 26.359778598957533, 26.359778598957533, 'PURSUE'
11, 2465, 26.30362975031312, 26.30362975031312, 'PURSUE'
11, 2466, 26.24748090166871, 26.24748090166871, 'PURSUE'
11, 2467, 26.24616913788679, 26.24616913788679, 'PURSUE'
11, 2468, 26.244857374104868, 26.244857374104868, 'PURSUE'
11, 2469, 26.230980457927263, 26.230980457927263, 'APPROACH-STEALTH'
11, 2470, 26.22066538557077, 26.22066538557077, 'PURSUE'
11, 2471, 26.206776598671606, 26.206776598671606, 'APPROACH-STEALTH'
11, 2472, 26.196509193568197, 26.196509193568197, 'PURSUE'
11, 2473, 26.186241788464788, 26.186241788464788, 'PURSUE'
11, 2474, 26.172419160538094, 26.172419160538094, 'APPROACH-STEALTH'
11, 2475, 26.162213486484934, 26.162213486484934, 'PURSUE'
11, 2476, 26.152003717796024, 26.152003717796024, 'PURSUE'
11, 2477, 26.096021404907216, 26.096021404907216, 'PURSUE'
11, 2478, 26.040039092018407, 26.040039092018407, 'PURSUE'
11, 2479, 26.03063396309373, 26.03063396309373, 'PURSUE'
11, 2480, 26.021228834169055, 26.021228834169055, 'PURSUE'
11, 2481, 26.011823705244378, 26.011823705244378, 'PURSUE'
11, 2482, 26.0024185763197, 26.0024185763197, 'PURSUE'
11, 2483, 25.993013447395025, 25.993013447395025, 'PURSUE'
11, 2484, 25.98360831847035, 25.98360831847035, 'PURSUE'
11, 2485, 25.927968942933852, 25.927968942933852, 'PURSUE'
11, 2486, 25.872329567397355, 25.872329567397355, 'PURSUE'
11, 2487, 25.816690191860857, 25.816690191860857, 'PURSUE'
11, 2488, 25.76105081632436, 25.76105081632436, 'PURSUE'
11, 2489, 25.752050629877697, 25.752050629877697, 'PURSUE'
11, 2490, 25.695769910882085, 25.695769910882085, 'PURSUE'
11, 2491, 25.64020116044568, 25.64020116044568, 'PURSUE'
11, 2492, 25.628958377724704, 25.628958377724704, 'APPROACH-STEALTH'
11, 2493, 25.57267490049199, 25.57267490049199, 'PURSUE'
11, 2494, 25.516391423259275, 25.516391423259275, 'PURSUE'
11, 2495, 25.46010794602656, 25.46010794602656, 'PURSUE'
11, 2496, 25.44933280644978, 25.44933280644978, 'PURSUE'
11, 2497, 25.440240511740008, 25.440240511740008, 'PURSUE'
11, 2498, 25.38404061325598, 25.38404061325598, 'PURSUE'
11, 2499, 25.327840714771952, 25.327840714771952, 'PURSUE'
11, 2500, 25.271640816287924, 25.271640816287924, 'PURSUE'
11, 2501, 25.26109243382265, 25.26109243382265, 'PURSUE'
11, 2502, 25.250544051357377, 25.250544051357377, 'PURSUE'
11, 2503, 25.241807492819326, 25.241807492819326, 'PURSUE'
11, 2504, 25.233065828143125, 25.233065828143125, 'PURSUE'
11, 2505, 25.21930253264852, 25.21930253264852, 'APPROACH-STEALTH'
11, 2506, 25.205539237153914, 25.205539237153914, 'APPROACH-STEALTH'
11, 2507, 25.197339812622815, 25.197339812622815, 'PURSUE'
11, 2508, 25.18350611315437, 25.18350611315437, 'APPROACH-STEALTH'
11, 2509, 25.169672413685923, 25.169672413685923, 'APPROACH-STEALTH'
11, 2510, 25.161560970686867, 25.161560970686867, 'PURSUE'
11, 2511, 25.153444170751463, 25.153444170751463, 'PURSUE'
11, 2512, 25.144700380226762, 25.144700380226762, 'PURSUE'
11, 2513, 25.13083306579831, 25.13083306579831, 'APPROACH-STEALTH'
11, 2514, 25.134961002775704, 25.134961002775704, 'PURSUE'
11, 2515, 25.139088939753098, 25.139088939753098, 'PURSUE'
11, 2516, 25.125213482838035, 25.125213482838035, 'APPROACH-STEALTH'
11, 2517, 25.111338025922972, 25.111338025922972, 'APPROACH-STEALTH'
11, 2518, 25.09746256900791, 25.09746256900791, 'APPROACH-STEALTH'
11, 2519, 25.04264409432676, 25.04264409432676, 'PURSUE'
11, 2520, 24.987825619645612, 24.987825619645612, 'PURSUE'
11, 2521, 24.99256204317011, 24.99256204317011, 'PURSUE'
11, 2522, 24.99729846669461, 24.99729846669461, 'PURSUE'
11, 2523, 24.941355168002364, 24.941355168002364, 'PURSUE'
11, 2524, 24.886416823842808, 24.886416823842808, 'PURSUE'
11, 2525, 24.831478479683252, 24.831478479683252, 'PURSUE'
11, 2526, 24.776540135523696, 24.776540135523696, 'PURSUE'
11, 2527, 24.72160179136414, 24.72160179136414, 'PURSUE'
11, 2528, 24.71421408262805, 24.71421408262805, 'PURSUE'
11, 2529, 24.6583075549536, 24.6583075549536, 'PURSUE'
11, 2530, 24.602401027279146, 24.602401027279146, 'PURSUE'
11, 2531, 24.546494499604695, 24.546494499604695, 'PURSUE'
11, 2532, 24.491643328373534, 24.491643328373534, 'PURSUE'
11, 2533, 24.435754815224975, 24.435754815224975, 'PURSUE'
11, 2534, 24.38091080830582, 24.38091080830582, 'PURSUE'
11, 2535, 24.326066801386666, 24.326066801386666, 'PURSUE'
11, 2536, 24.271222794467512, 24.271222794467512, 'PURSUE'
11, 2537, 24.26232816052629, 24.26232816052629, 'PURSUE'
11, 2538, 24.25343352658507, 24.25343352658507, 'PURSUE'
11, 2539, 24.24453889264385, 24.24453889264385, 'PURSUE'
11, 2540, 24.235638183163132, 24.235638183163132, 'PURSUE'
11, 2541, 24.225813750327607, 24.225813750327607, 'PURSUE'
11, 2542, 24.216958886823956, 24.216958886823956, 'PURSUE'
11, 2543, 24.208104023320306, 24.208104023320306, 'PURSUE'
11, 2544, 24.194255839920643, 24.194255839920643, 'APPROACH-STEALTH'
11, 2545, 24.185371659121838, 24.185371659121838, 'PURSUE'
11, 2546, 24.176481514625994, 24.176481514625994, 'PURSUE'
11, 2547, 24.169257390851662, 24.169257390851662, 'PURSUE'
11, 2548, 24.16203326707733, 24.16203326707733, 'PURSUE'
11, 2549, 24.153181567405266, 24.153181567405266, 'PURSUE'
11, 2550, 24.099438976619783, 24.099438976619783, 'PURSUE'
11, 2551, 24.107639253452497, 24.107639253452497, 'PURSUE'
11, 2552, 24.094227285939187, 24.094227285939187, 'APPROACH-STEALTH'
11, 2553, 24.0390235603795, 24.0390235603795, 'PURSUE'
11, 2554, 23.983819834819815, 23.983819834819815, 'PURSUE'
11, 2555, 23.929983470045837, 23.929983470045837, 'PURSUE'
11, 2556, 23.938949979877172, 23.938949979877172, 'PURSUE'
11, 2557, 23.947916489708508, 23.947916489708508, 'PURSUE'
11, 2558, 23.892544600437514, 23.892544600437514, 'PURSUE'
11, 2559, 23.83717271116652, 23.83717271116652, 'PURSUE'
11, 2560, 23.783190901182184, 23.783190901182184, 'PURSUE'
11, 2561, 23.72920909119785, 23.72920909119785, 'PURSUE'
11, 2562, 23.675227281213512, 23.675227281213512, 'PURSUE'
11, 2563, 23.621245471229177, 23.621245471229177, 'PURSUE'
11, 2564, 23.565878179429927, 23.565878179429927, 'PURSUE'
11, 2565, 23.510510887630677, 23.510510887630677, 'PURSUE'
11, 2566, 23.455143595831426, 23.455143595831426, 'PURSUE'
11, 2567, 23.401169898220246, 23.401169898220246, 'PURSUE'
11, 2568, 23.345829464984586, 23.345829464984586, 'PURSUE'
11, 2569, 23.290489031748926, 23.290489031748926, 'PURSUE'
11, 2570, 23.302943929418735, 23.302943929418735, 'PURSUE'
11, 2571, 23.315398827088543, 23.315398827088543, 'PURSUE'
11, 2572, 23.327853724758352, 23.327853724758352, 'PURSUE'
11, 2573, 23.34030862242816, 23.34030862242816, 'PURSUE'
11, 2574, 23.35276352009797, 23.35276352009797, 'PURSUE'
11, 2575, 23.365218417767778, 23.365218417767778, 'PURSUE'
11, 2576, 23.377673315437587, 23.377673315437587, 'PURSUE'
11, 2577, 23.364403544676602, 23.364403544676602, 'APPROACH-STEALTH'
11, 2578, 23.351133773915617, 23.351133773915617, 'APPROACH-STEALTH'
11, 2579, 23.296592383165255, 23.296592383165255, 'PURSUE'
11, 2580, 23.242050992414892, 23.242050992414892, 'PURSUE'
11, 2581, 23.234891162265743, 23.234891162265743, 'PURSUE'
11, 2582, 23.227731332116594, 23.227731332116594, 'PURSUE'
11, 2583, 23.214336118214163, 23.214336118214163, 'APPROACH-STEALTH'
11, 2584, 23.20715372527244, 23.20715372527244, 'PURSUE'
11, 2585, 23.19997133233072, 23.19997133233072, 'PURSUE'
11, 2586, 23.192041556605687, 23.192041556605687, 'PURSUE'
11, 2587, 23.18649503660582, 23.18649503660582, 'PURSUE'
11, 2588, 23.18094851660595, 23.18094851660595, 'PURSUE'
11, 2589, 23.17374064726804, 23.17374064726804, 'PURSUE'
11, 2590, 23.16652626775497, 23.16652626775497, 'PURSUE'
11, 2591, 23.11137897838436, 23.11137897838436, 'PURSUE'
11, 2592, 23.056231689013746, 23.056231689013746, 'PURSUE'
11, 2593, 23.069042296747867, 23.069042296747867, 'PURSUE'
11, 2594, 23.055155962290254, 23.055155962290254, 'APPROACH-STEALTH'
11, 2595, 23.049849104901494, 23.049849104901494, 'PURSUE'
11, 2596, 22.994741975830404, 22.994741975830404, 'PURSUE'
11, 2597, 22.939634846759315, 22.939634846759315, 'PURSUE'
11, 2598, 22.884527717688226, 22.884527717688226, 'PURSUE'
11, 2599, 22.831012058972686, 22.831012058972686, 'PURSUE'
11, 2600, 22.775933535355435, 22.775933535355435, 'PURSUE'
11, 2601, 22.720855011738184, 22.720855011738184, 'PURSUE'
11, 2602, 22.716189790128936, 22.716189790128936, 'PURSUE'
11, 2603, 22.7097716062047, 22.7097716062047, 'PURSUE'
11, 2604, 22.703353422280465, 22.703353422280465, 'PURSUE'
11, 2605, 22.64849773657873, 22.64849773657873, 'PURSUE'
11, 2606, 22.593642050876994, 22.593642050876994, 'PURSUE'
11, 2607, 22.53878636517526, 22.53878636517526, 'PURSUE'
11, 2608, 22.48567863805512, 22.48567863805512, 'PURSUE'
11, 2609, 22.430855712410963, 22.430855712410963, 'PURSUE'
11, 2610, 22.376032786766807, 22.376032786766807, 'PURSUE'
11, 2611, 22.362146181650008, 22.362146181650008, 'APPROACH-STEALTH'
11, 2612, 22.34825957653321, 22.34825957653321, 'APPROACH-STEALTH'
11, 2613, 22.342401327482055, 22.342401327482055, 'PURSUE'
11, 2614, 22.3365430784309, 22.3365430784309, 'PURSUE'
11, 2615, 22.330684829379745, 22.330684829379745, 'PURSUE'
11, 2616, 22.32482658032859, 22.32482658032859, 'PURSUE'
11, 2617, 22.318960681370143, 22.318960681370143, 'PURSUE'
11, 2618, 22.315013441499428, 22.315013441499428, 'PURSUE'
11, 2619, 22.311066201628712, 22.311066201628712, 'PURSUE'
11, 2620, 22.307118961757997, 22.307118961757997, 'PURSUE'
11, 2621, 22.30317172188728, 22.30317172188728, 'PURSUE'
11, 2622, 22.30036026475778, 22.30036026475778, 'APPROACH-STEALTH'
11, 2623, 22.29754880762828, 22.29754880762828, 'APPROACH-STEALTH'
11, 2624, 22.29473735049878, 22.29473735049878, 'APPROACH-STEALTH'
11, 2625, 22.288912453540988, 22.288912453540988, 'PURSUE'
11, 2626, 22.283087556583194, 22.283087556583194, 'PURSUE'
11, 2627, 22.2772626596254, 22.2772626596254, 'PURSUE'
11, 2628, 22.271437762667606, 22.271437762667606, 'PURSUE'
11, 2629, 22.265612865709812, 22.265612865709812, 'PURSUE'
11, 2630, 22.25978796875202, 22.25978796875202, 'PURSUE'
11, 2631, 22.253963071794225, 22.253963071794225, 'PURSUE'
11, 2632, 22.248130128881538, 22.248130128881538, 'PURSUE'
11, 2633, 22.24470185076678, 22.24470185076678, 'APPROACH-STEALTH'
11, 2634, 22.238847512967066, 22.238847512967066, 'PURSUE'
11, 2635, 22.23298502401533, 22.23298502401533, 'PURSUE'
11, 2636, 22.229304432180665, 22.229304432180665, 'APPROACH-STEALTH'
11, 2637, 22.17647141029872, 22.17647141029872, 'PURSUE'
11, 2638, 22.17366432128663, 22.17366432128663, 'APPROACH-STEALTH'
11, 2639, 22.17085723227454, 22.17085723227454, 'APPROACH-STEALTH'
11, 2640, 22.168050143262448, 22.168050143262448, 'APPROACH-STEALTH'
11, 2641, 22.165243054250357, 22.165243054250357, 'APPROACH-STEALTH'
11, 2642, 22.162435965238267, 22.162435965238267, 'APPROACH-STEALTH'
11, 2643, 22.159628876226176, 22.159628876226176, 'APPROACH-STEALTH'
11, 2644, 22.153859924050415, 22.153859924050415, 'PURSUE'
11, 2645, 22.148090971874655, 22.148090971874655, 'PURSUE'
11, 2646, 22.142322019698895, 22.142322019698895, 'PURSUE'
11, 2647, 22.136553067523135, 22.136553067523135, 'PURSUE'
11, 2648, 22.130784115347375, 22.130784115347375, 'PURSUE'
11, 2649, 22.125015163171614, 22.125015163171614, 'PURSUE'
11, 2650, 22.121712872640384, 22.121712872640384, 'PURSUE'
11, 2651, 22.118410582109153, 22.118410582109153, 'PURSUE'
11, 2652, 22.114573762934018, 22.114573762934018, 'PURSUE'
11, 2653, 22.110736943758884, 22.110736943758884, 'PURSUE'
11, 2654, 22.10690012458375, 22.10690012458375, 'PURSUE'
11, 2655, 22.10561615164718, 22.10561615164718, 'APPROACH-STEALTH'
11, 2656, 22.101820784138795, 22.101820784138795, 'PURSUE'
11, 2657, 22.098017089846778, 22.098017089846778, 'PURSUE'
11, 2658, 22.0966940646096, 22.0966940646096, 'APPROACH-STEALTH'
11, 2659, 22.09093758487828, 22.09093758487828, 'PURSUE'
11, 2660, 22.085181105146958, 22.085181105146958, 'PURSUE'
11, 2661, 22.079424625415637, 22.079424625415637, 'PURSUE'
11, 2662, 22.073668145684316, 22.073668145684316, 'PURSUE'
11, 2663, 22.067911665952995, 22.067911665952995, 'PURSUE'
11, 2664, 22.062155186221673, 22.062155186221673, 'PURSUE'
11, 2665, 22.056398706490352, 22.056398706490352, 'PURSUE'
11, 2666, 22.05064222675903, 22.05064222675903, 'PURSUE'
11, 2667, 22.04488574702771, 22.04488574702771, 'PURSUE'
11, 2668, 22.03911965232939, 22.03911965232939, 'PURSUE'
11, 2669, 22.038743966342786, 22.038743966342786, 'APPROACH-STEALTH'
11, 2670, 22.03836828035618, 22.03836828035618, 'APPROACH-STEALTH'
11, 2671, 22.03262419867119, 22.03262419867119, 'PURSUE'
11, 2672, 22.0268801169862, 22.0268801169862, 'PURSUE'
11, 2673, 22.021136035301208, 22.021136035301208, 'PURSUE'
11, 2674, 22.01747257397716, 22.01747257397716, 'PURSUE'
11, 2675, 22.01380911265311, 22.01380911265311, 'PURSUE'
11, 2676, 22.01014565132906, 22.01014565132906, 'PURSUE'
11, 2677, 22.006482190005013, 22.006482190005013, 'PURSUE'
11, 2678, 22.00280947310703, 22.00280947310703, 'PURSUE'
11, 2679, 22.002769048041582, 22.002769048041582, 'APPROACH-STEALTH'
11, 2680, 21.99700181470451, 21.99700181470451, 'PURSUE'
11, 2681, 21.99123458136744, 21.99123458136744, 'PURSUE'
11, 2682, 21.98546734803037, 21.98546734803037, 'PURSUE'
11, 2683, 21.979700114693298, 21.979700114693298, 'PURSUE'
11, 2684, 21.97607911083936, 21.97607911083936, 'PURSUE'
11, 2685, 21.97024832832096, 21.97024832832096, 'PURSUE'
11, 2686, 21.964417545802558, 21.964417545802558, 'PURSUE'
11, 2687, 21.960804768327232, 21.960804768327232, 'PURSUE'
11, 2688, 21.96116775259755, 21.96116775259755, 'APPROACH-STEALTH'
11, 2689, 21.961893721138185, 21.961893721138185, 'APPROACH-STEALTH'
11, 2690, 21.96261968967882, 21.96261968967882, 'APPROACH-BLIND'
11, 2691, 21.963345658219456, 21.963345658219456, 'APPROACH-STEALTH'
11, 2692, 21.96407162676009, 21.96407162676009, 'APPROACH-STEALTH'
11, 2693, 21.964797595300727, 21.964797595300727, 'PURSUE'
11, 2694, 21.965523563841362, 21.965523563841362, 'APPROACH-BLIND'
11, 2695, 21.966249532381998, 21.966249532381998, 'APPROACH-BLIND'
11, 2696, 21.966975500922633, 21.966975500922633, 'APPROACH-BLIND'
11, 2697, 21.967701469463268, 21.967701469463268, 'APPROACH-BLIND'
11, 2698, 21.968427438003904, 21.968427438003904, 'APPROACH-BLIND'
11, 2699, 21.96915340654454, 21.96915340654454, 'PURSUE'
11, 2700, 21.969879375085174, 21.969879375085174, 'PURSUE'
11, 2701, 21.97060534362581, 21.97060534362581, 'PURSUE'
11, 2702, 21.971331312166445, 21.971331312166445, 'PURSUE'
11, 2703, 21.97205728070708, 21.97205728070708, 'PURSUE'
11, 2704, 21.972783249247716, 21.972783249247716, 'PURSUE'
11, 2705, 21.97350921778835, 21.97350921778835, 'APPROACH-STEALTH'
11, 2706, 21.974235186328986, 21.974235186328986, 'PURSUE'
11, 2707, 21.97496115486962, 21.97496115486962, 'PURSUE'
11, 2708, 21.975687123410257, 21.975687123410257, 'PURSUE'
11, 2709, 21.976413091950892, 21.976413091950892, 'PURSUE'
11, 2710, 21.977139060491528, 21.977139060491528, 'PURSUE'
11, 2711, 21.977865029032163, 21.977865029032163, 'PURSUE'
11, 2712, 21.978590997572798, 21.978590997572798, 'PURSUE'
11, 2713, 21.979316966113434, 21.979316966113434, 'PURSUE'
11, 2714, 21.98004293465407, 21.98004293465407, 'PURSUE'
11, 2715, 21.980768903194704, 21.980768903194704, 'PURSUE'
11, 2716, 21.98149487173534, 21.98149487173534, 'PURSUE'
11, 2717, 21.982220840275975, 21.982220840275975, 'PURSUE'
11, 2718, 21.98294680881661, 21.98294680881661, 'APPROACH-BLIND'
11, 2719, 21.983672777357246, 21.983672777357246, 'APPROACH-BLIND'
11, 2720, 21.98439874589788, 21.98439874589788, 'APPROACH-BLIND'
11, 2721, 21.985124714438516, 21.985124714438516, 'APPROACH-BLIND'
11, 2722, 21.98585068297915, 21.98585068297915, 'APPROACH-BLIND'
11, 2723, 21.986576651519787, 21.986576651519787, 'APPROACH-BLIND'
11, 2724, 21.987302620060422, 21.987302620060422, 'APPROACH-BLIND'
11, 2725, 21.987540015317514, 21.987540015317514, 'APPROACH-BLIND'
11, 2726, 21.987777410574605, 21.987777410574605, 'APPROACH-BLIND'
11, 2727, 21.988014805831696, 21.988014805831696, 'APPROACH-BLIND'
11, 2728, 21.988252201088788, 21.988252201088788, 'APPROACH-BLIND'
11, 2729, 21.98848959634588, 21.98848959634588, 'APPROACH-BLIND'
11, 2730, 21.98872699160297, 21.98872699160297, 'APPROACH-BLIND'
11, 2731, 21.98896438686006, 21.98896438686006, 'APPROACH-BLIND'
11, 2732, 21.989201782117153, 21.989201782117153, 'APPROACH-BLIND'
11, 2733, 21.989439177374244, 21.989439177374244, 'APPROACH-BLIND'
11, 2734, 21.989676572631335, 21.989676572631335, 'PURSUE'
11, 2735, 21.98991396788843, 21.98991396788843, 'PURSUE'
11, 2736, 21.99015136314552, 21.99015136314552, 'PURSUE'
11, 2737, 21.990388758402617, 21.990388758402617, 'PURSUE'
11, 2738, 21.990626153659708, 21.990626153659708, 'PURSUE'
11, 2739, 21.990863548916803, 21.990863548916803, 'APPROACH-BLIND'
11, 2740, 21.991100944173894, 21.991100944173894, 'APPROACH-BLIND'
11, 2741, 21.99133833943099, 21.99133833943099, 'APPROACH-BLIND'
11, 2742, 21.99157573468808, 21.99157573468808, 'APPROACH-BLIND'
11, 2743, 21.991813129945175, 21.991813129945175, 'APPROACH-BLIND'
11, 2744, 21.992050525202266, 21.992050525202266, 'PURSUE'
11, 2745, 21.99228792045936, 21.99228792045936, 'PURSUE'
11, 2746, 21.992525315716453, 21.992525315716453, 'PURSUE'
11, 2747, 21.992762710973548, 21.992762710973548, 'PURSUE'
11, 2748, 21.99300010623064, 21.99300010623064, 'PURSUE'
11, 2749, 21.993237501487734, 21.993237501487734, 'PURSUE'
11, 2750, 21.993474896744825, 21.993474896744825, 'PURSUE'
11, 2751, 21.99371229200192, 21.99371229200192, 'PURSUE'
11, 2752, 21.99394968725901, 21.99394968725901, 'PURSUE'
11, 2753, 21.994187082516106, 21.994187082516106, 'PURSUE'
11, 2754, 21.994424477773197, 21.994424477773197, 'PURSUE'
11, 2755, 21.994661873030292, 21.994661873030292, 'PURSUE'
11, 2756, 21.994899268287384, 21.994899268287384, 'APPROACH-STEALTH'
11, 2757, 21.99513666354448, 21.99513666354448, 'PURSUE'
11, 2758, 21.99537405880157, 21.99537405880157, 'PURSUE'
11, 2759, 21.995611454058665, 21.995611454058665, 'PURSUE'
11, 2760, 21.995848849315756, 21.995848849315756, 'PURSUE'
11, 2761, 22.020854917043337, 22.020854917043337, 'PURSUE'
11, 2762, 22.033357950907128, 22.033357950907128, 'APPROACH-STEALTH'
11, 2763, 22.05836401863471, 22.05836401863471, 'PURSUE'
11, 2764, 22.0708670524985, 22.0708670524985, 'APPROACH-STEALTH'
11, 2765, 22.09587312022608, 22.09587312022608, 'PURSUE'
11, 2766, 22.120879187953662, 22.120879187953662, 'PURSUE'
11, 2767, 22.145885255681243, 22.145885255681243, 'APPROACH-STEALTH'
11, 2768, 22.170891323408824, 22.170891323408824, 'PURSUE'
11, 2769, 22.195897391136405, 22.195897391136405, 'APPROACH-STEALTH'
11, 2770, 22.220903458863987, 22.220903458863987, 'PURSUE'
11, 2771, 22.245909526591568, 22.245909526591568, 'PURSUE'
11, 2772, 22.27091559431915, 22.27091559431915, 'PURSUE'
11, 2773, 22.29592166204673, 22.29592166204673, 'APPROACH-STEALTH'
11, 2774, 22.32092772977431, 22.32092772977431, 'PURSUE'
11, 2775, 22.345933797501893, 22.345933797501893, 'PURSUE'
11, 2776, 22.358436831365683, 22.358436831365683, 'APPROACH-STEALTH'
11, 2777, 22.370939865229474, 22.370939865229474, 'APPROACH-STEALTH'
11, 2778, 22.395945932957055, 22.395945932957055, 'PURSUE'
11, 2779, 22.420952000684636, 22.420952000684636, 'APPROACH-BLIND'
11, 2780, 22.445958068412217, 22.445958068412217, 'APPROACH-BLIND'
11, 2781, 22.458461102276008, 22.458461102276008, 'APPROACH-STEALTH'
11, 2782, 22.4709641361398, 22.4709641361398, 'APPROACH-STEALTH'
11, 2783, 22.48346717000359, 22.48346717000359, 'APPROACH-STEALTH'
11, 2784, 22.49597020386738, 22.49597020386738, 'APPROACH-STEALTH'
11, 2785, 22.50847323773117, 22.50847323773117, 'APPROACH-STEALTH'
11, 2786, 22.51600012358416, 22.51600012358416, 'APPROACH-STEALTH'
11, 2787, 22.47320336018447, 22.47320336018447, 'PURSUE'
11, 2788, 22.44079079617405, 22.44079079617405, 'PURSUE'
11, 2789, 22.452721040731774, 22.452721040731774, 'APPROACH-STEALTH'
11, 2790, 22.4646512852895, 22.4646512852895, 'APPROACH-STEALTH'
11, 2791, 22.476581529847223, 22.476581529847223, 'APPROACH-STEALTH'
11, 2792, 22.488511774404948, 22.488511774404948, 'APPROACH-STEALTH'
11, 2793, 22.500442018962673, 22.500442018962673, 'APPROACH-STEALTH'
11, 2794, 22.50849306347726, 22.50849306347726, 'APPROACH-STEALTH'
11, 2795, 22.516544107991848, 22.516544107991848, 'APPROACH-STEALTH'
11, 2796, 22.483969957944336, 22.483969957944336, 'PURSUE'
11, 2797, 22.475534963170407, 22.475534963170407, 'APPROACH-STEALTH'
11, 2798, 22.46709996839648, 22.46709996839648, 'APPROACH-STEALTH'
11, 2799, 22.45866497362255, 22.45866497362255, 'APPROACH-STEALTH'
11, 2800, 22.450229978848622, 22.450229978848622, 'APPROACH-STEALTH'
11, 2801, 22.441794984074694, 22.441794984074694, 'APPROACH-STEALTH'
11, 2802, 22.43335998930077, 22.43335998930077, 'APPROACH-STEALTH'
11, 2803, 22.42492499452684, 22.42492499452684, 'APPROACH-STEALTH'
11, 2804, 22.416489999752915, 22.416489999752915, 'APPROACH-STEALTH'
11, 2805, 22.408055004978987, 22.408055004978987, 'APPROACH-STEALTH'
11, 2806, 22.399620010205062, 22.399620010205062, 'APPROACH-STEALTH'
11, 2807, 22.36714981862108, 22.36714981862108, 'PURSUE'
11, 2808, 22.327102639085172, 22.327102639085172, 'PURSUE'
11, 2809, 22.287055459549265, 22.287055459549265, 'PURSUE'
11, 2810, 22.247008280013358, 22.247008280013358, 'PURSUE'
11, 2811, 22.20696110047745, 22.20696110047745, 'PURSUE'
11, 2812, 22.16412347947517, 22.16412347947517, 'PURSUE'
11, 2813, 22.121285858472888, 22.121285858472888, 'PURSUE'
11, 2814, 22.078448237470607, 22.078448237470607, 'PURSUE'
11, 2815, 22.04635878530943, 22.04635878530943, 'PURSUE'
11, 2816, 22.006312911855307, 22.006312911855307, 'PURSUE'
11, 2817, 21.963413536406293, 21.963413536406293, 'PURSUE'
11, 2818, 21.92051416095728, 21.92051416095728, 'PURSUE'
11, 2819, 21.877614785508264, 21.877614785508264, 'PURSUE'
11, 2820, 21.83760596599648, 21.83760596599648, 'PURSUE'
11, 2821, 21.79474992426755, 21.79474992426755, 'PURSUE'
11, 2822, 21.751893882538617, 21.751893882538617, 'PURSUE'
11, 2823, 21.711989814448977, 21.711989814448977, 'PURSUE'
11, 2824, 21.68028172355345, 21.68028172355345, 'PURSUE'
11, 2825, 21.637361856274666, 21.637361856274666, 'PURSUE'
11, 2826, 21.594441988995882, 21.594441988995882, 'PURSUE'
11, 2827, 21.5515221217171, 21.5515221217171, 'PURSUE'
11, 2828, 21.511784554042165, 21.511784554042165, 'PURSUE'
11, 2829, 21.472046986367232, 21.472046986367232, 'PURSUE'
11, 2830, 21.48678078412316, 21.48678078412316, 'PURSUE'
11, 2831, 21.501514581879086, 21.501514581879086, 'PURSUE'
11, 2832, 21.45828323213948, 21.45828323213948, 'PURSUE'
11, 2833, 21.426642983228387, 21.426642983228387, 'PURSUE'
11, 2834, 21.383426341839932, 21.383426341839932, 'PURSUE'
11, 2835, 21.34354433298237, 21.34354433298237, 'PURSUE'
11, 2836, 21.312073139520056, 21.312073139520056, 'PURSUE'
11, 2837, 21.280601946057743, 21.280601946057743, 'PURSUE'
11, 2838, 21.237284326702685, 21.237284326702685, 'PURSUE'
11, 2839, 21.193966707347627, 21.193966707347627, 'PURSUE'
11, 2840, 21.15064908799257, 21.15064908799257, 'PURSUE'
11, 2841, 21.110753094043734, 21.110753094043734, 'PURSUE'
11, 2842, 21.067487247721434, 21.067487247721434, 'PURSUE'
11, 2843, 21.024221401399135, 21.024221401399135, 'PURSUE'
11, 2844, 21.010335402706, 21.010335402706, 'APPROACH-STEALTH'
11, 2845, 20.970496490254963, 20.970496490254963, 'PURSUE'
11, 2846, 20.930657577803924, 20.930657577803924, 'PURSUE'
11, 2847, 20.887373029849275, 20.887373029849275, 'PURSUE'
11, 2848, 20.844088481894627, 20.844088481894627, 'PURSUE'
11, 2849, 20.800803933939978, 20.800803933939978, 'PURSUE'
11, 2850, 20.760952528800082, 20.760952528800082, 'PURSUE'
11, 2851, 20.74756813769191, 20.74756813769191, 'APPROACH-STEALTH'
11, 2852, 20.70783907447901, 20.70783907447901, 'PURSUE'
11, 2853, 20.668110011266112, 20.668110011266112, 'PURSUE'
11, 2854, 20.624799315500535, 20.624799315500535, 'PURSUE'
11, 2855, 20.594443787413894, 20.594443787413894, 'PURSUE'
11, 2856, 20.601986574029638, 20.601986574029638, 'APPROACH-STEALTH'
11, 2857, 20.562287379107513, 20.562287379107513, 'PURSUE'
11, 2858, 20.522588184185388, 20.522588184185388, 'PURSUE'
11, 2859, 20.482888989263262, 20.482888989263262, 'PURSUE'
11, 2860, 20.439407178766213, 20.439407178766213, 'PURSUE'
11, 2861, 20.395925368269165, 20.395925368269165, 'PURSUE'
11, 2862, 20.352443557772116, 20.352443557772116, 'PURSUE'
11, 2863, 20.312722727599137, 20.312722727599137, 'PURSUE'
11, 2864, 20.269289031795893, 20.269289031795893, 'PURSUE'
11, 2865, 20.225855335992648, 20.225855335992648, 'PURSUE'
11, 2866, 20.19616086187876, 20.19616086187876, 'PURSUE'
11, 2867, 20.152725759132768, 20.152725759132768, 'PURSUE'
11, 2868, 20.109290656386776, 20.109290656386776, 'PURSUE'
11, 2869, 20.069689031622975, 20.069689031622975, 'PURSUE'
11, 2870, 20.030087406859174, 20.030087406859174, 'PURSUE'
11, 2871, 20.050471055377482, 20.050471055377482, 'PURSUE'
11, 2872, 20.010766700874417, 20.010766700874417, 'PURSUE'
11, 2873, 19.967074215748287, 19.967074215748287, 'PURSUE'
11, 2874, 19.923381730622157, 19.923381730622157, 'PURSUE'
11, 2875, 19.88366199744465, 19.88366199744465, 'PURSUE'
11, 2876, 19.843942264267145, 19.843942264267145, 'PURSUE'
11, 2877, 19.814790272778566, 19.814790272778566, 'PURSUE'
11, 2878, 19.770998289325686, 19.770998289325686, 'PURSUE'
11, 2879, 19.727206305872805, 19.727206305872805, 'PURSUE'
11, 2880, 19.683414322419925, 19.683414322419925, 'PURSUE'
11, 2881, 19.6437979099423, 19.6437979099423, 'PURSUE'
11, 2882, 19.604181497464676, 19.604181497464676, 'PURSUE'
11, 2883, 19.56036770945094, 19.56036770945094, 'PURSUE'
11, 2884, 19.516553921437204, 19.516553921437204, 'PURSUE'
11, 2885, 19.472740133423468, 19.472740133423468, 'PURSUE'
11, 2886, 19.43318552178699, 19.43318552178699, 'PURSUE'
11, 2887, 19.389432211020473, 19.389432211020473, 'PURSUE'
11, 2888, 19.345678900253958, 19.345678900253958, 'PURSUE'
11, 2889, 19.317734456145264, 19.317734456145264, 'PURSUE'
11, 2890, 19.304217665484853, 19.304217665484853, 'APPROACH-STEALTH'
11, 2891, 19.276437063692203, 19.276437063692203, 'PURSUE'
11, 2892, 19.248656461899554, 19.248656461899554, 'PURSUE'
11, 2893, 19.27219398564997, 19.27219398564997, 'PURSUE'
11, 2894, 19.244323984621033, 19.244323984621033, 'PURSUE'
11, 2895, 19.216453983592096, 19.216453983592096, 'PURSUE'
11, 2896, 19.240263935383975, 19.240263935383975, 'PURSUE'
11, 2897, 19.20014983974416, 19.20014983974416, 'PURSUE'
11, 2898, 19.160035744104345, 19.160035744104345, 'PURSUE'
11, 2899, 19.146174525243133, 19.146174525243133, 'APPROACH-STEALTH'
11, 2900, 19.11853390639199, 19.11853390639199, 'PURSUE'
11, 2901, 19.07843377054114, 19.07843377054114, 'PURSUE'
11, 2902, 19.03833363469029, 19.03833363469029, 'PURSUE'
11, 2903, 18.99823349883944, 18.99823349883944, 'PURSUE'
11, 2904, 18.97093882481909, 18.97093882481909, 'PURSUE'
11, 2905, 18.930869174196534, 18.930869174196534, 'PURSUE'
11, 2906, 18.89079952357398, 18.89079952357398, 'PURSUE'
11, 2907, 18.863785455869447, 18.863785455869447, 'PURSUE'
11, 2908, 18.866975099019367, 18.866975099019367, 'APPROACH-STEALTH'
11, 2909, 18.840044379439828, 18.840044379439828, 'PURSUE'
11, 2910, 18.81311365986029, 18.81311365986029, 'PURSUE'
11, 2911, 18.83893325135813, 18.83893325135813, 'PURSUE'
11, 2912, 18.7985098831289, 18.7985098831289, 'PURSUE'
11, 2913, 18.75808651489967, 18.75808651489967, 'PURSUE'
11, 2914, 18.71766314667044, 18.71766314667044, 'PURSUE'
11, 2915, 18.743964450326686, 18.743964450326686, 'PURSUE'
11, 2916, 18.770265753982933, 18.770265753982933, 'PURSUE'
11, 2917, 18.729395968451772, 18.729395968451772, 'PURSUE'
11, 2918, 18.68852618292061, 18.68852618292061, 'PURSUE'
11, 2919, 18.715152093283205, 18.715152093283205, 'PURSUE'
11, 2920, 18.687701836679427, 18.687701836679427, 'PURSUE'
11, 2921, 18.66025158007565, 18.66025158007565, 'PURSUE'
11, 2922, 18.63280132347187, 18.63280132347187, 'PURSUE'
11, 2923, 18.65977176052198, 18.65977176052198, 'PURSUE'
11, 2924, 18.63221224784566, 18.63221224784566, 'PURSUE'
11, 2925, 18.604652735169342, 18.604652735169342, 'PURSUE'
11, 2926, 18.611023734373607, 18.611023734373607, 'APPROACH-STEALTH'
11, 2927, 18.583537052365113, 18.583537052365113, 'PURSUE'
11, 2928, 18.55605037035662, 18.55605037035662, 'PURSUE'
11, 2929, 18.563849694459595, 18.563849694459595, 'APPROACH-STEALTH'
11, 2930, 18.536407709970653, 18.536407709970653, 'PURSUE'
11, 2931, 18.508965725481712, 18.508965725481712, 'PURSUE'
11, 2932, 18.518278760262305, 18.518278760262305, 'APPROACH-STEALTH'
11, 2933, 18.476655849788578, 18.476655849788578, 'PURSUE'
11, 2934, 18.449245564417364, 18.449245564417364, 'PURSUE'
11, 2935, 18.42183527904615, 18.42183527904615, 'PURSUE'
11, 2936, 18.394424993674935, 18.394424993674935, 'PURSUE'
11, 2937, 18.380943141967695, 18.380943141967695, 'APPROACH-STEALTH'
11, 2938, 18.367461290260454, 18.367461290260454, 'APPROACH-STEALTH'
11, 2939, 18.353979438553214, 18.353979438553214, 'APPROACH-STEALTH'
11, 2940, 18.340497586845974, 18.340497586845974, 'APPROACH-STEALTH'
11, 2941, 18.327015735138733, 18.327015735138733, 'APPROACH-STEALTH'
11, 2942, 18.313533883431493, 18.313533883431493, 'APPROACH-STEALTH'
11, 2943, 18.300052031724253, 18.300052031724253, 'APPROACH-STEALTH'
11, 2944, 18.286570180017012, 18.286570180017012, 'APPROACH-STEALTH'
11, 2945, 18.273088328309772, 18.273088328309772, 'APPROACH-STEALTH'
11, 2946, 18.25960647660253, 18.25960647660253, 'APPROACH-STEALTH'
11, 2947, 18.24612462489529, 18.24612462489529, 'APPROACH-STEALTH'
11, 2948, 18.23264277318805, 18.23264277318805, 'APPROACH-STEALTH'
11, 2949, 18.21916092148081, 18.21916092148081, 'APPROACH-STEALTH'
11, 2950, 18.20567906977357, 18.20567906977357, 'APPROACH-STEALTH'
11, 2951, 18.19219721806633, 18.19219721806633, 'APPROACH-STEALTH'
11, 2952, 18.150726992038713, 18.150726992038713, 'PURSUE'
11, 2953, 18.109256766011097, 18.109256766011097, 'PURSUE'
11, 2954, 18.06778653998348, 18.06778653998348, 'PURSUE'
11, 2955, 18.05408848941251, 18.05408848941251, 'APPROACH-STEALTH'
11, 2956, 18.01275318225863, 18.01275318225863, 'PURSUE'
11, 2957, 17.971417875104752, 17.971417875104752, 'PURSUE'
11, 2958, 17.95760018594671, 17.95760018594671, 'APPROACH-STEALTH'
11, 2959, 17.943782496788668, 17.943782496788668, 'APPROACH-STEALTH'
11, 2960, 17.929964807630626, 17.929964807630626, 'APPROACH-STEALTH'
11, 2961, 17.88870489267821, 17.88870489267821, 'PURSUE'
11, 2962, 17.847444977725793, 17.847444977725793, 'PURSUE'
11, 2963, 17.806185062773377, 17.806185062773377, 'PURSUE'
11, 2964, 17.76492514782096, 17.76492514782096, 'PURSUE'
11, 2965, 17.739495594205874, 17.739495594205874, 'PURSUE'
11, 2966, 17.725763836546697, 17.725763836546697, 'APPROACH-STEALTH'
11, 2967, 17.684504669630137, 17.684504669630137, 'PURSUE'
11, 2968, 17.643245502713576, 17.643245502713576, 'PURSUE'
11, 2969, 17.601986335797015, 17.601986335797015, 'PURSUE'
11, 2970, 17.58899128840848, 17.58899128840848, 'APPROACH-STEALTH'
11, 2971, 17.563923788706543, 17.563923788706543, 'PURSUE'
11, 2972, 17.538856289004606, 17.538856289004606, 'PURSUE'
11, 2973, 17.51378878930267, 17.51378878930267, 'PURSUE'
11, 2974, 17.488721289600733, 17.488721289600733, 'PURSUE'
11, 2975, 17.447344018787774, 17.447344018787774, 'PURSUE'
11, 2976, 17.405966747974816, 17.405966747974816, 'PURSUE'
11, 2977, 17.364589477161857, 17.364589477161857, 'PURSUE'
11, 2978, 17.351420919665703, 17.351420919665703, 'APPROACH-STEALTH'
11, 2979, 17.33825236216955, 17.33825236216955, 'APPROACH-STEALTH'
11, 2980, 17.325083804673394, 17.325083804673394, 'APPROACH-STEALTH'
11, 2981, 17.31191524717724, 17.31191524717724, 'APPROACH-STEALTH'
11, 2982, 17.298746689681085, 17.298746689681085, 'APPROACH-STEALTH'
11, 2983, 17.28557813218493, 17.28557813218493, 'APPROACH-STEALTH'
11, 2984, 17.272409574688776, 17.272409574688776, 'APPROACH-STEALTH'
11, 2985, 17.259241017192622, 17.259241017192622, 'APPROACH-STEALTH'
11, 2986, 17.246072459696467, 17.246072459696467, 'APPROACH-STEALTH'
11, 2987, 17.232903902200313, 17.232903902200313, 'APPROACH-STEALTH'
11, 2988, 17.21973534470416, 17.21973534470416, 'APPROACH-STEALTH'
11, 2989, 17.206566787208004, 17.206566787208004, 'APPROACH-STEALTH'
11, 2990, 17.19339822971185, 17.19339822971185, 'APPROACH-STEALTH'
11, 2991, 17.180229672215695, 17.180229672215695, 'APPROACH-STEALTH'
11, 2992, 17.16706111471954, 17.16706111471954, 'APPROACH-STEALTH'
11, 2993, 17.153892557223386, 17.153892557223386, 'APPROACH-STEALTH'
11, 2994, 17.140723999727232, 17.140723999727232, 'APPROACH-STEALTH'
11, 2995, 17.127555442231078, 17.127555442231078, 'APPROACH-STEALTH'
11, 2996, 17.086608894312356, 17.086608894312356, 'PURSUE'
11, 2997, 17.045662346393634, 17.045662346393634, 'PURSUE'
11, 2998, 17.03230992127652, 17.03230992127652, 'APPROACH-STEALTH'
11, 2999, 17.01895749615941, 17.01895749615941, 'APPROACH-STEALTH'
11, 3000, 17.005605071042297, 17.005605071042297, 'APPROACH-STEALTH'
11, 3001, 16.964721415377728, 16.964721415377728, 'PURSUE'
11, 3002, 16.92383775971316, 16.92383775971316, 'PURSUE'
11, 3003, 16.88295410404859, 16.88295410404859, 'PURSUE'
11, 3004, 16.84207044838402, 16.84207044838402, 'PURSUE'
11, 3005, 16.828345066979676, 16.828345066979676, 'APPROACH-STEALTH'
11, 3006, 16.78757273741151, 16.78757273741151, 'PURSUE'
11, 3007, 16.74680040784334, 16.74680040784334, 'PURSUE'
11, 3008, 16.732941608832054, 16.732941608832054, 'APPROACH-STEALTH'
11, 3009, 16.719082809820765, 16.719082809820765, 'APPROACH-STEALTH'
11, 3010, 16.705224010809477, 16.705224010809477, 'APPROACH-STEALTH'
11, 3011, 16.69136521179819, 16.69136521179819, 'APPROACH-STEALTH'
11, 3012, 16.6775064127869, 16.6775064127869, 'APPROACH-STEALTH'
11, 3013, 16.663647613775613, 16.663647613775613, 'APPROACH-STEALTH'
11, 3014, 16.649788814764324, 16.649788814764324, 'APPROACH-STEALTH'
11, 3015, 16.635930015753036, 16.635930015753036, 'APPROACH-STEALTH'
11, 3016, 16.622071216741748, 16.622071216741748, 'APPROACH-STEALTH'
11, 3017, 16.60821241773046, 16.60821241773046, 'APPROACH-STEALTH'
11, 3018, 16.594353618719172, 16.594353618719172, 'APPROACH-STEALTH'
11, 3019, 16.572557836088393, 16.572557836088393, 'PURSUE'
11, 3020, 16.550762053457614, 16.550762053457614, 'PURSUE'
11, 3021, 16.536970790127555, 16.536970790127555, 'APPROACH-STEALTH'
11, 3022, 16.51538727057085, 16.51538727057085, 'PURSUE'
11, 3023, 16.49380375101415, 16.49380375101415, 'PURSUE'
11, 3024, 16.48000291853036, 16.48000291853036, 'APPROACH-STEALTH'
11, 3025, 16.46620208604657, 16.46620208604657, 'APPROACH-STEALTH'
11, 3026, 16.444887315011947, 16.444887315011947, 'PURSUE'
11, 3027, 16.423572543977322, 16.423572543977322, 'PURSUE'
11, 3028, 16.402257772942697, 16.402257772942697, 'PURSUE'
11, 3029, 16.388724860255614, 16.388724860255614, 'APPROACH-STEALTH'
11, 3030, 16.37519194756853, 16.37519194756853, 'APPROACH-STEALTH'
11, 3031, 16.36165903488145, 16.36165903488145, 'APPROACH-STEALTH'
11, 3032, 16.340568346029105, 16.340568346029105, 'PURSUE'
11, 3033, 16.319477657176762, 16.319477657176762, 'PURSUE'
11, 3034, 16.29838696832442, 16.29838696832442, 'PURSUE'
11, 3035, 16.277296279472075, 16.277296279472075, 'PURSUE'
11, 3036, 16.2642777737562, 16.2642777737562, 'APPROACH-STEALTH'
11, 3037, 16.223540398825843, 16.223540398825843, 'PURSUE'
11, 3038, 16.202748988663465, 16.202748988663465, 'PURSUE'
11, 3039, 16.189497830421494, 16.189497830421494, 'APPROACH-STEALTH'
11, 3040, 16.176246672179524, 16.176246672179524, 'APPROACH-STEALTH'
11, 3041, 16.162995513937553, 16.162995513937553, 'APPROACH-STEALTH'
11, 3042, 16.14974435569558, 16.14974435569558, 'APPROACH-STEALTH'
11, 3043, 16.13649319745361, 16.13649319745361, 'APPROACH-STEALTH'
11, 3044, 16.12324203921164, 16.12324203921164, 'APPROACH-STEALTH'
11, 3045, 16.10999088096967, 16.10999088096967, 'APPROACH-STEALTH'
11, 3046, 16.096739722727698, 16.096739722727698, 'APPROACH-STEALTH'
11, 3047, 16.083488564485727, 16.083488564485727, 'APPROACH-STEALTH'
11, 3048, 16.070237406243756, 16.070237406243756, 'APPROACH-STEALTH'
11, 3049, 16.056986248001785, 16.056986248001785, 'APPROACH-STEALTH'
11, 3050, 16.043735089759814, 16.043735089759814, 'APPROACH-STEALTH'
11, 3051, 16.030483931517843, 16.030483931517843, 'APPROACH-STEALTH'
11, 3052, 16.01723277327587, 16.01723277327587, 'APPROACH-STEALTH'
11, 3053, 16.0039816150339, 16.0039816150339, 'APPROACH-STEALTH'
11, 3054, 15.99073045679193, 15.99073045679193, 'APPROACH-STEALTH'
11, 3055, 15.977479298549959, 15.977479298549959, 'APPROACH-STEALTH'
11, 3056, 15.964228140307988, 15.964228140307988, 'APPROACH-STEALTH'
11, 3057, 15.923805195055213, 15.923805195055213, 'PURSUE'
11, 3058, 15.883382249802438, 15.883382249802438, 'PURSUE'
11, 3059, 15.842959304549662, 15.842959304549662, 'PURSUE'
11, 3060, 15.802536359296887, 15.802536359296887, 'PURSUE'
11, 3061, 15.762113414044112, 15.762113414044112, 'PURSUE'
11, 3062, 15.765040433532661, 15.765040433532661, 'APPROACH-STEALTH'
11, 3063, 15.76796745302121, 15.76796745302121, 'APPROACH-STEALTH'
11, 3064, 15.749024959679897, 15.749024959679897, 'PURSUE'
11, 3065, 15.730082466338583, 15.730082466338583, 'PURSUE'
11, 3066, 15.71113997299727, 15.71113997299727, 'PURSUE'
11, 3067, 15.715318148102476, 15.715318148102476, 'APPROACH-STEALTH'
11, 3068, 15.719496323207682, 15.719496323207682, 'APPROACH-STEALTH'
11, 3069, 15.723674498312889, 15.723674498312889, 'APPROACH-STEALTH'
11, 3070, 15.727852673418095, 15.727852673418095, 'APPROACH-STEALTH'
11, 3071, 15.708676907826462, 15.708676907826462, 'PURSUE'
11, 3072, 15.689501142234828, 15.689501142234828, 'PURSUE'
11, 3073, 15.670325376643195, 15.670325376643195, 'PURSUE'
11, 3074, 15.651149611051562, 15.651149611051562, 'PURSUE'
11, 3075, 15.631973845459928, 15.631973845459928, 'PURSUE'
11, 3076, 15.590554876499562, 15.590554876499562, 'PURSUE'
11, 3077, 15.571646996638727, 15.571646996638727, 'PURSUE'
11, 3078, 15.552739116777891, 15.552739116777891, 'PURSUE'
11, 3079, 15.511060666151312, 15.511060666151312, 'PURSUE'
11, 3080, 15.500239318801558, 15.500239318801558, 'APPROACH-STEALTH'
11, 3081, 15.489417971451804, 15.489417971451804, 'APPROACH-STEALTH'
11, 3082, 15.47073032724317, 15.47073032724317, 'PURSUE'
11, 3083, 15.452042683034538, 15.452042683034538, 'PURSUE'
11, 3084, 15.433355038825905, 15.433355038825905, 'PURSUE'
11, 3085, 15.414667394617272, 15.414667394617272, 'PURSUE'
11, 3086, 15.400888785415788, 15.400888785415788, 'APPROACH-STEALTH'
11, 3087, 15.387110176214303, 15.387110176214303, 'APPROACH-STEALTH'
11, 3088, 15.37333156701282, 15.37333156701282, 'APPROACH-STEALTH'
11, 3089, 15.359552957811335, 15.359552957811335, 'APPROACH-STEALTH'
11, 3090, 15.34577434860985, 15.34577434860985, 'APPROACH-STEALTH'
11, 3091, 15.331995739408367, 15.331995739408367, 'APPROACH-STEALTH'
11, 3092, 15.318217130206882, 15.318217130206882, 'APPROACH-STEALTH'
11, 3093, 15.304438521005398, 15.304438521005398, 'APPROACH-STEALTH'
11, 3094, 15.290659911803914, 15.290659911803914, 'APPROACH-STEALTH'
11, 3095, 15.27688130260243, 15.27688130260243, 'APPROACH-STEALTH'
11, 3096, 15.263102693400945, 15.263102693400945, 'APPROACH-STEALTH'
11, 3097, 15.249324084199461, 15.249324084199461, 'APPROACH-STEALTH'
11, 3098, 15.207776603228417, 15.207776603228417, 'PURSUE'
11, 3099, 15.166229122257374, 15.166229122257374, 'PURSUE'
11, 3100, 15.15237362179241, 15.15237362179241, 'APPROACH-STEALTH'
11, 3101, 15.138518121327447, 15.138518121327447, 'APPROACH-STEALTH'
11, 3102, 15.124662620862484, 15.124662620862484, 'APPROACH-STEALTH'
11, 3103, 15.11080712039752, 15.11080712039752, 'APPROACH-STEALTH'
11, 3104, 15.096951619932558, 15.096951619932558, 'APPROACH-STEALTH'
11, 3105, 15.083096119467594, 15.083096119467594, 'APPROACH-STEALTH'
11, 3106, 15.069240619002631, 15.069240619002631, 'APPROACH-STEALTH'
11, 3107, 15.02806807574575, 15.02806807574575, 'PURSUE'
11, 3108, 14.98689553248887, 14.98689553248887, 'PURSUE'
11, 3109, 14.945722989231989, 14.945722989231989, 'PURSUE'
11, 3110, 14.904550445975108, 14.904550445975108, 'PURSUE'
11, 3111, 14.863377902718227, 14.863377902718227, 'PURSUE'
11, 3112, 14.822205359461346, 14.822205359461346, 'PURSUE'
11, 3113, 14.781032816204466, 14.781032816204466, 'PURSUE'
11, 3114, 14.764967919623754, 14.764967919623754, 'PURSUE'
11, 3115, 14.748903023043042, 14.748903023043042, 'PURSUE'
11, 3116, 14.73283812646233, 14.73283812646233, 'PURSUE'
11, 3117, 14.716773229881618, 14.716773229881618, 'PURSUE'
11, 3118, 14.700708333300906, 14.700708333300906, 'PURSUE'
11, 3119, 14.684643436720194, 14.684643436720194, 'PURSUE'
11, 3120, 14.673224235768522, 14.673224235768522, 'APPROACH-STEALTH'
11, 3121, 14.661805034816851, 14.661805034816851, 'APPROACH-STEALTH'
11, 3122, 14.619918777010518, 14.619918777010518, 'PURSUE'
11, 3123, 14.578032519204186, 14.578032519204186, 'PURSUE'
11, 3124, 14.536146261397853, 14.536146261397853, 'PURSUE'
11, 3125, 14.52444907090401, 14.52444907090401, 'APPROACH-STEALTH'
11, 3126, 14.512751880410168, 14.512751880410168, 'APPROACH-STEALTH'
11, 3127, 14.501054689916325, 14.501054689916325, 'APPROACH-STEALTH'
11, 3128, 14.489357499422482, 14.489357499422482, 'APPROACH-STEALTH'
11, 3129, 14.47576604129382, 14.47576604129382, 'APPROACH-STEALTH'
11, 3130, 14.462174583165158, 14.462174583165158, 'APPROACH-STEALTH'
11, 3131, 14.448583125036496, 14.448583125036496, 'APPROACH-STEALTH'
11, 3132, 14.434991666907834, 14.434991666907834, 'APPROACH-STEALTH'
11, 3133, 14.421400208779172, 14.421400208779172, 'APPROACH-STEALTH'
11, 3134, 14.40780875065051, 14.40780875065051, 'APPROACH-STEALTH'
11, 3135, 14.366181943178825, 14.366181943178825, 'PURSUE'
11, 3136, 14.32455513570714, 14.32455513570714, 'PURSUE'
11, 3137, 14.282928328235455, 14.282928328235455, 'PURSUE'
11, 3138, 14.24130152076377, 14.24130152076377, 'PURSUE'
11, 3139, 14.227502292426149, 14.227502292426149, 'APPROACH-STEALTH'
11, 3140, 14.213703064088527, 14.213703064088527, 'APPROACH-STEALTH'
11, 3141, 14.199903835750906, 14.199903835750906, 'APPROACH-STEALTH'
11, 3142, 14.186104607413284, 14.186104607413284, 'APPROACH-STEALTH'
11, 3143, 14.172305379075663, 14.172305379075663, 'APPROACH-STEALTH'
11, 3144, 14.130938952175294, 14.130938952175294, 'PURSUE'
11, 3145, 14.089572525274924, 14.089572525274924, 'PURSUE'
11, 3146, 14.048206098374555, 14.048206098374555, 'PURSUE'
11, 3147, 14.047548641352112, 14.047548641352112, 'APPROACH-STEALTH'
11, 3148, 14.046891184329668, 14.046891184329668, 'APPROACH-STEALTH'
11, 3149, 14.046233727307225, 14.046233727307225, 'APPROACH-STEALTH'
11, 3150, 14.045576270284782, 14.045576270284782, 'APPROACH-STEALTH'
11, 3151, 14.004106408673888, 14.004106408673888, 'PURSUE'
11, 3152, 13.962636547062994, 13.962636547062994, 'PURSUE'
11, 3153, 13.9211666854521, 13.9211666854521, 'PURSUE'
11, 3154, 13.879696823841206, 13.879696823841206, 'PURSUE'
11, 3155, 13.838226962230312, 13.838226962230312, 'PURSUE'
11, 3156, 13.824841771882502, 13.824841771882502, 'APPROACH-STEALTH'
11, 3157, 13.811456581534692, 13.811456581534692, 'APPROACH-STEALTH'
11, 3158, 13.798071391186882, 13.798071391186882, 'APPROACH-STEALTH'
11, 3159, 13.784686200839072, 13.784686200839072, 'APPROACH-STEALTH'
11, 3160, 13.771301010491262, 13.771301010491262, 'APPROACH-STEALTH'
11, 3161, 13.757915820143452, 13.757915820143452, 'APPROACH-STEALTH'
11, 3162, 13.744530629795642, 13.744530629795642, 'APPROACH-STEALTH'
11, 3163, 13.732734098400277, 13.732734098400277, 'PURSUE'
11, 3164, 13.720937567004912, 13.720937567004912, 'PURSUE'
11, 3165, 13.709141035609546, 13.709141035609546, 'PURSUE'
11, 3166, 13.69734450421418, 13.69734450421418, 'PURSUE'
11, 3167, 13.685547972818815, 13.685547972818815, 'PURSUE'
11, 3168, 13.674200403349463, 13.674200403349463, 'APPROACH-STEALTH'
11, 3169, 13.66285283388011, 13.66285283388011, 'APPROACH-STEALTH'
11, 3170, 13.621330598627935, 13.621330598627935, 'PURSUE'
11, 3171, 13.57980836337576, 13.57980836337576, 'PURSUE'
11, 3172, 13.538286128123584, 13.538286128123584, 'PURSUE'
11, 3173, 13.496763892871408, 13.496763892871408, 'PURSUE'
11, 3174, 13.455241657619233, 13.455241657619233, 'PURSUE'
11, 3175, 13.441714210645678, 13.441714210645678, 'APPROACH-STEALTH'
11, 3176, 13.428186763672123, 13.428186763672123, 'APPROACH-STEALTH'
11, 3177, 13.386809630197996, 13.386809630197996, 'PURSUE'
11, 3178, 13.34543249672387, 13.34543249672387, 'PURSUE'
11, 3179, 13.304055363249743, 13.304055363249743, 'PURSUE'
11, 3180, 13.290352740024074, 13.290352740024074, 'APPROACH-STEALTH'
11, 3181, 13.276650116798406, 13.276650116798406, 'APPROACH-STEALTH'
11, 3182, 13.262947493572737, 13.262947493572737, 'APPROACH-STEALTH'
11, 3183, 13.249244870347068, 13.249244870347068, 'APPROACH-STEALTH'
11, 3184, 13.2355422471214, 13.2355422471214, 'APPROACH-STEALTH'
11, 3185, 13.22183962389573, 13.22183962389573, 'APPROACH-STEALTH'
11, 3186, 13.208137000670062, 13.208137000670062, 'APPROACH-STEALTH'
11, 3187, 13.194434377444393, 13.194434377444393, 'APPROACH-STEALTH'
11, 3188, 13.180731754218725, 13.180731754218725, 'APPROACH-STEALTH'
11, 3189, 13.167029130993056, 13.167029130993056, 'APPROACH-STEALTH'
11, 3190, 13.153326507767387, 13.153326507767387, 'APPROACH-STEALTH'
11, 3191, 13.139623884541718, 13.139623884541718, 'APPROACH-STEALTH'
11, 3192, 13.12592126131605, 13.12592126131605, 'APPROACH-STEALTH'
11, 3193, 13.112218638090381, 13.112218638090381, 'APPROACH-STEALTH'
11, 3194, 13.098516014864712, 13.098516014864712, 'APPROACH-STEALTH'
11, 3195, 13.084813391639043, 13.084813391639043, 'APPROACH-STEALTH'
11, 3196, 13.071110768413375, 13.071110768413375, 'APPROACH-STEALTH'
11, 3197, 13.030214586488695, 13.030214586488695, 'PURSUE'
11, 3198, 12.989318404564015, 12.989318404564015, 'PURSUE'
11, 3199, 12.948422222639335, 12.948422222639335, 'PURSUE'
11, 3200, 12.907526040714655, 12.907526040714655, 'PURSUE'
11, 3201, 12.866629858789976, 12.866629858789976, 'PURSUE'
11, 3202, 12.825733676865296, 12.825733676865296, 'PURSUE'
11, 3203, 12.811880137855256, 12.811880137855256, 'APPROACH-STEALTH'
11, 3204, 12.77110021618528, 12.77110021618528, 'PURSUE'
11, 3205, 12.730320294515304, 12.730320294515304, 'PURSUE'
11, 3206, 12.723426381065643, 12.723426381065643, 'PURSUE'
11, 3207, 12.716532467615982, 12.716532467615982, 'PURSUE'
11, 3208, 12.709638554166322, 12.709638554166322, 'PURSUE'
11, 3209, 12.69688528702094, 12.69688528702094, 'APPROACH-STEALTH'
11, 3210, 12.655911983052645, 12.655911983052645, 'PURSUE'
11, 3211, 12.61493867908435, 12.61493867908435, 'PURSUE'
11, 3212, 12.60865521494751, 12.60865521494751, 'PURSUE'
11, 3213, 12.602371750810669, 12.602371750810669, 'PURSUE'
11, 3214, 12.591614836227754, 12.591614836227754, 'APPROACH-STEALTH'
11, 3215, 12.55037683574005, 12.55037683574005, 'PURSUE'
11, 3216, 12.509138835252346, 12.509138835252346, 'PURSUE'
11, 3217, 12.467900834764642, 12.467900834764642, 'PURSUE'
11, 3218, 12.462326340211312, 12.462326340211312, 'PURSUE'
11, 3219, 12.456751845657983, 12.456751845657983, 'PURSUE'
11, 3220, 12.415323138100993, 12.415323138100993, 'PURSUE'
11, 3221, 12.373894430544002, 12.373894430544002, 'PURSUE'
11, 3222, 12.36016371490689, 12.36016371490689, 'APPROACH-STEALTH'
11, 3223, 12.346432999269776, 12.346432999269776, 'APPROACH-STEALTH'
11, 3224, 12.332702283632663, 12.332702283632663, 'APPROACH-STEALTH'
11, 3225, 12.31897156799555, 12.31897156799555, 'APPROACH-STEALTH'
11, 3226, 12.305240852358438, 12.305240852358438, 'APPROACH-STEALTH'
11, 3227, 12.291510136721325, 12.291510136721325, 'APPROACH-STEALTH'
11, 3228, 12.288222730966114, 12.288222730966114, 'APPROACH-STEALTH'
11, 3229, 12.284935325210903, 12.284935325210903, 'APPROACH-STEALTH'
11, 3230, 12.281647919455692, 12.281647919455692, 'APPROACH-STEALTH'
11, 3231, 12.27836051370048, 12.27836051370048, 'APPROACH-STEALTH'
11, 3232, 12.27507310794527, 12.27507310794527, 'APPROACH-STEALTH'
11, 3233, 12.271785702190058, 12.271785702190058, 'APPROACH-STEALTH'
11, 3234, 12.268498296434847, 12.268498296434847, 'APPROACH-STEALTH'
11, 3235, 12.265210890679636, 12.265210890679636, 'APPROACH-STEALTH'
11, 3236, 12.261923484924425, 12.261923484924425, 'APPROACH-STEALTH'
11, 3237, 12.258636079169214, 12.258636079169214, 'APPROACH-STEALTH'
11, 3238, 12.217144794070235, 12.217144794070235, 'PURSUE'
11, 3239, 12.175653508971255, 12.175653508971255, 'PURSUE'
11, 3240, 12.134162223872275, 12.134162223872275, 'PURSUE'
11, 3241, 12.120289388728876, 12.120289388728876, 'APPROACH-STEALTH'
11, 3242, 12.106416553585477, 12.106416553585477, 'APPROACH-STEALTH'
11, 3243, 12.065133674529571, 12.065133674529571, 'PURSUE'
11, 3244, 12.061719918536628, 12.061719918536628, 'PURSUE'
11, 3245, 12.058306162543685, 12.058306162543685, 'PURSUE'
11, 3246, 12.054892406550742, 12.054892406550742, 'PURSUE'
11, 3247, 12.051478650557799, 12.051478650557799, 'PURSUE'
11, 3248, 12.009695413628322, 12.009695413628322, 'PURSUE'
11, 3249, 12.006669033912216, 12.006669033912216, 'PURSUE'
11, 3250, 12.00364265419611, 12.00364265419611, 'PURSUE'
11, 3251, 11.991067907220911, 11.991067907220911, 'APPROACH-STEALTH'
11, 3252, 11.978493160245712, 11.978493160245712, 'APPROACH-STEALTH'
11, 3253, 11.965918413270513, 11.965918413270513, 'APPROACH-STEALTH'
11, 3254, 11.953343666295314, 11.953343666295314, 'APPROACH-STEALTH'
11, 3255, 11.940768919320115, 11.940768919320115, 'APPROACH-STEALTH'
11, 3256, 11.928194172344917, 11.928194172344917, 'APPROACH-STEALTH'
11, 3257, 11.929946131626448, 11.929946131626448, 'APPROACH-STEALTH'
11, 3258, 11.927620218120648, 11.927620218120648, 'PURSUE'
11, 3259, 11.925294304614848, 11.925294304614848, 'PURSUE'
11, 3260, 11.922968391109048, 11.922968391109048, 'PURSUE'
11, 3261, 11.881102070916432, 11.881102070916432, 'PURSUE'
11, 3262, 11.839235750723816, 11.839235750723816, 'PURSUE'
11, 3263, 11.7973694305312, 11.7973694305312, 'PURSUE'
11, 3264, 11.755503110338584, 11.755503110338584, 'PURSUE'
11, 3265, 11.713636790145967, 11.713636790145967, 'PURSUE'
11, 3266, 11.671770469953351, 11.671770469953351, 'PURSUE'
11, 3267, 11.658218513361296, 11.658218513361296, 'APPROACH-STEALTH'
11, 3268, 11.644666556769241, 11.644666556769241, 'APPROACH-STEALTH'
11, 3269, 11.631114600177186, 11.631114600177186, 'APPROACH-STEALTH'
11, 3270, 11.617562643585131, 11.617562643585131, 'APPROACH-STEALTH'
11, 3271, 11.57595244169429, 11.57595244169429, 'PURSUE'
11, 3272, 11.534342239803447, 11.534342239803447, 'PURSUE'
11, 3273, 11.492732037912605, 11.492732037912605, 'PURSUE'
11, 3274, 11.478844756403527, 11.478844756403527, 'APPROACH-STEALTH'
11, 3275, 11.46495747489445, 11.46495747489445, 'APPROACH-STEALTH'
11, 3276, 11.451070193385371, 11.451070193385371, 'APPROACH-STEALTH'
11, 3277, 11.451399725824633, 11.451399725824633, 'PURSUE'
11, 3278, 11.451729258263894, 11.451729258263894, 'PURSUE'
11, 3279, 11.452058790703155, 11.452058790703155, 'PURSUE'
11, 3280, 11.452388323142417, 11.452388323142417, 'PURSUE'
11, 3281, 11.452717855581678, 11.452717855581678, 'PURSUE'
11, 3282, 11.504744852061679, 11.504744852061679, 'PURSUE'
11, 3283, 11.556771848541679, 11.556771848541679, 'PURSUE'
11, 3284, 11.556656392395631, 11.556656392395631, 'PURSUE'
11, 3285, 11.545031696046298, 11.545031696046298, 'APPROACH-STEALTH'
11, 3286, 11.533406999696965, 11.533406999696965, 'APPROACH-STEALTH'
11, 3287, 11.521782303347631, 11.521782303347631, 'APPROACH-STEALTH'
11, 3288, 11.510157606998298, 11.510157606998298, 'APPROACH-STEALTH'
11, 3289, 11.498532910648965, 11.498532910648965, 'APPROACH-STEALTH'
11, 3290, 11.484961364064572, 11.484961364064572, 'APPROACH-STEALTH'
11, 3291, 11.47138981748018, 11.47138981748018, 'APPROACH-STEALTH'
11, 3292, 11.457818270895787, 11.457818270895787, 'APPROACH-STEALTH'
11, 3293, 11.444246724311395, 11.444246724311395, 'APPROACH-STEALTH'
11, 3294, 11.430675177727002, 11.430675177727002, 'APPROACH-STEALTH'
11, 3295, 11.41710363114261, 11.41710363114261, 'APPROACH-STEALTH'
11, 3296, 11.403532084558217, 11.403532084558217, 'APPROACH-STEALTH'
11, 3297, 11.389960537973824, 11.389960537973824, 'APPROACH-STEALTH'
11, 3298, 11.347953564611993, 11.347953564611993, 'PURSUE'
11, 3299, 11.305946591250162, 11.305946591250162, 'PURSUE'
11, 3300, 11.263939617888331, 11.263939617888331, 'PURSUE'
11, 3301, 11.2219326445265, 11.2219326445265, 'PURSUE'
11, 3302, 11.17992567116467, 11.17992567116467, 'PURSUE'
11, 3303, 11.137918697802839, 11.137918697802839, 'PURSUE'
11, 3304, 11.095911724441008, 11.095911724441008, 'PURSUE'
11, 3305, 11.098189147829673, 11.098189147829673, 'PURSUE'
11, 3306, 11.10046657121834, 11.10046657121834, 'PURSUE'
11, 3307, 11.087120117852752, 11.087120117852752, 'APPROACH-STEALTH'
11, 3308, 11.044768140689772, 11.044768140689772, 'PURSUE'
11, 3309, 11.002416163526792, 11.002416163526792, 'PURSUE'
11, 3310, 10.960064186363812, 10.960064186363812, 'PURSUE'
11, 3311, 10.946466269641656, 10.946466269641656, 'APPROACH-STEALTH'
11, 3312, 10.904226553038983, 10.904226553038983, 'PURSUE'
11, 3313, 10.86198683643631, 10.86198683643631, 'PURSUE'
11, 3314, 10.84823277022986, 10.84823277022986, 'APPROACH-STEALTH'
11, 3315, 10.850099301733833, 10.850099301733833, 'APPROACH-STEALTH'
11, 3316, 10.836315742367145, 10.836315742367145, 'APPROACH-STEALTH'
11, 3317, 10.838353452483199, 10.838353452483199, 'APPROACH-STEALTH'
11, 3318, 10.824543647474009, 10.824543647474009, 'APPROACH-STEALTH'
11, 3319, 10.78236653688472, 10.78236653688472, 'PURSUE'
11, 3320, 10.725808702808713, 10.725808702808713, 'PURSUE'
11, 3321, 10.669250868732707, 10.669250868732707, 'PURSUE'
11, 3322, 10.6126930346567, 10.6126930346567, 'PURSUE'
11, 3323, 10.570903996290292, 10.570903996290292, 'PURSUE'
11, 3324, 10.514331211127535, 10.514331211127535, 'PURSUE'
11, 3325, 10.457758425964778, 10.457758425964778, 'PURSUE'
11, 3326, 10.416343038454565, 10.416343038454565, 'PURSUE'
11, 3327, 10.359755463671336, 10.359755463671336, 'PURSUE'
11, 3328, 10.303167888888106, 10.303167888888106, 'PURSUE'
11, 3329, 10.26212999295352, 10.26212999295352, 'PURSUE'
11, 3330, 10.221092097018934, 10.221092097018934, 'PURSUE'
11, 3331, 10.207291672408845, 10.207291672408845, 'APPROACH-STEALTH'
11, 3332, 10.16638617586148, 10.16638617586148, 'PURSUE'
11, 3333, 10.125480679314114, 10.125480679314114, 'PURSUE'
11, 3334, 10.111839916708538, 10.111839916708538, 'APPROACH-STEALTH'
11, 3335, 10.138851562549766, 10.138851562549766, 'APPROACH-BLIND'
11, 3336, 10.165863208390993, 10.165863208390993, 'PURSUE'
11, 3337, 10.19287485423222, 10.19287485423222, 'PURSUE'
11, 3338, 10.219886500073448, 10.219886500073448, 'PURSUE'
11, 3339, 10.246898145914676, 10.246898145914676, 'PURSUE'
11, 3340, 10.273909791755901, 10.273909791755901, 'APPROACH-BLIND'
11, 3341, 10.300921437597127, 10.300921437597127, 'APPROACH-BLIND'
11, 3342, 10.327933083438353, 10.327933083438353, 'APPROACH-BLIND'
11, 3343, 10.354944729279579, 10.354944729279579, 'APPROACH-BLIND'
11, 3344, 10.381956375120804, 10.381956375120804, 'APPROACH-BLIND'
11, 3345, 10.40896802096203, 10.40896802096203, 'APPROACH-BLIND'
11, 3346, 10.435979666803256, 10.435979666803256, 'APPROACH-BLIND'
11, 3347, 10.462991312644482, 10.462991312644482, 'APPROACH-BLIND'
11, 3348, 10.490002958485707, 10.490002958485707, 'APPROACH-BLIND'
11, 3349, 10.517014604326933, 10.517014604326933, 'APPROACH-BLIND'
11, 3350, 10.544708014085318, 10.544708014085318, 'APPROACH-BLIND'
11, 3351, 10.572401423843703, 10.572401423843703, 'APPROACH-BLIND'
11, 3352, 10.600094833602087, 10.600094833602087, 'APPROACH-BLIND'
11, 3353, 10.627788243360472, 10.627788243360472, 'APPROACH-BLIND'
11, 3354, 10.655481653118857, 10.655481653118857, 'APPROACH-BLIND'
11, 3355, 10.683175062877242, 10.683175062877242, 'APPROACH-BLIND'
11, 3356, 10.710868472635626, 10.710868472635626, 'APPROACH-BLIND'
11, 3357, 10.738561882394011, 10.738561882394011, 'APPROACH-BLIND'
11, 3358, 10.766255292152396, 10.766255292152396, 'PURSUE'
11, 3359, 10.738694658356552, 10.738694658356552, 'PURSUE'
11, 3360, 10.711134024560709, 10.711134024560709, 'APPROACH-BLIND'
11, 3361, 10.683573390764865, 10.683573390764865, 'APPROACH-BLIND'
11, 3362, 10.656012756969021, 10.656012756969021, 'APPROACH-BLIND'
11, 3363, 10.628452123173178, 10.628452123173178, 'APPROACH-BLIND'
11, 3364, 10.600891489377334, 10.600891489377334, 'APPROACH-BLIND'
11, 3365, 10.57333085558149, 10.57333085558149, 'APPROACH-BLIND'
11, 3366, 10.545770221785647, 10.545770221785647, 'APPROACH-BLIND'
11, 3367, 10.518209587989803, 10.518209587989803, 'APPROACH-BLIND'
11, 3368, 10.49064895419396, 10.49064895419396, 'APPROACH-BLIND'
11, 3369, 10.518225071175404, 10.518225071175404, 'APPROACH-BLIND'
11, 3370, 10.545981321643323, 10.545981321643323, 'PURSUE'
11, 3371, 10.51835514849601, 10.51835514849601, 'PURSUE'
11, 3372, 10.490728975348697, 10.490728975348697, 'APPROACH-BLIND'
11, 3373, 10.518365904781392, 10.518365904781392, 'APPROACH-BLIND'
11, 3374, 10.546128697250568, 10.546128697250568, 'PURSUE'
11, 3375, 10.51845660006599, 10.51845660006599, 'PURSUE'
11, 3376, 10.490784502881413, 10.490784502881413, 'APPROACH-BLIND'
11, 3377, 10.518464072021988, 10.518464072021988, 'APPROACH-BLIND'
11, 3378, 10.546231425518535, 10.546231425518535, 'APPROACH-STEALTH'
11, 3379, 10.51852723445491, 10.51852723445491, 'PURSUE'
11, 3380, 10.490823043391284, 10.490823043391284, 'APPROACH-BLIND'
11, 3381, 10.51853242466547, 10.51853242466547, 'APPROACH-BLIND'
11, 3382, 10.546302954412624, 10.546302954412624, 'APPROACH-STEALTH'
11, 3383, 10.518576376488086, 10.518576376488086, 'APPROACH-STEALTH'
11, 3384, 10.490849798563548, 10.490849798563548, 'APPROACH-BLIND'
11, 3385, 10.518579981615071, 10.518579981615071, 'APPROACH-BLIND'
11, 3386, 10.546352721489301, 10.546352721489301, 'PURSUE'
11, 3387, 10.518610548158966, 10.518610548158966, 'PURSUE'
11, 3388, 10.490868374828631, 10.490868374828631, 'APPROACH-BLIND'
11, 3389, 10.518613052223587, 10.518613052223587, 'APPROACH-BLIND'
11, 3390, 10.546387329104567, 10.546387329104567, 'APPROACH-BLIND'
11, 3391, 10.574161605985546, 10.574161605985546, 'APPROACH-BLIND'
11, 3392, 10.601935882866526, 10.601935882866526, 'APPROACH-BLIND'
11, 3393, 10.629710159747505, 10.629710159747505, 'APPROACH-BLIND'
11, 3394, 10.657484436628485, 10.657484436628485, 'APPROACH-BLIND'
11, 3395, 10.685258713509464, 10.685258713509464, 'APPROACH-BLIND'
11, 3396, 10.713032990390444, 10.713032990390444, 'APPROACH-BLIND'
11, 3397, 10.740807267271423, 10.740807267271423, 'APPROACH-BLIND'
11, 3398, 10.768581544152402, 10.768581544152402, 'APPROACH-BLIND'
11, 3399, 10.796355821033382, 10.796355821033382, 'APPROACH-BLIND'
11, 3400, 10.824130097914361, 10.824130097914361, 'APPROACH-BLIND'
11, 3401, 10.85190437479534, 10.85190437479534, 'APPROACH-BLIND'
11, 3402, 10.87967865167632, 10.87967865167632, 'PURSUE'
11, 3403, 10.851906551506087, 10.851906551506087, 'APPROACH-BLIND'
11, 3404, 10.824134451335853, 10.824134451335853, 'APPROACH-BLIND'
11, 3405, 10.79636235116562, 10.79636235116562, 'APPROACH-BLIND'
11, 3406, 10.768590250995386, 10.768590250995386, 'APPROACH-BLIND'
11, 3407, 10.740818150825152, 10.740818150825152, 'APPROACH-BLIND'
11, 3408, 10.713046050654919, 10.713046050654919, 'APPROACH-BLIND'
11, 3409, 10.685273950484685, 10.685273950484685, 'APPROACH-BLIND'
11, 3410, 10.657501850314452, 10.657501850314452, 'APPROACH-BLIND'
11, 3411, 10.629729750144218, 10.629729750144218, 'APPROACH-BLIND'
11, 3412, 10.601957649973984, 10.601957649973984, 'APPROACH-BLIND'
11, 3413, 10.574185549803751, 10.574185549803751, 'APPROACH-BLIND'
11, 3414, 10.546413449633517, 10.546413449633517, 'APPROACH-BLIND'
11, 3415, 10.518641349463284, 10.518641349463284, 'APPROACH-BLIND'
11, 3416, 10.49086924929305, 10.49086924929305, 'APPROACH-BLIND'
11, 3417, 10.518641749333826, 10.518641749333826, 'APPROACH-BLIND'
11, 3418, 10.546418969701165, 10.546418969701165, 'APPROACH-BLIND'
11, 3419, 10.574196190068504, 10.574196190068504, 'APPROACH-BLIND'
11, 3420, 10.601973410435843, 10.601973410435843, 'APPROACH-BLIND'
11, 3421, 10.629750630803182, 10.629750630803182, 'APPROACH-BLIND'
11, 3422, 10.65752785117052, 10.65752785117052, 'APPROACH-BLIND'
11, 3423, 10.68530507153786, 10.68530507153786, 'APPROACH-BLIND'
11, 3424, 10.713082291905199, 10.713082291905199, 'APPROACH-BLIND'
11, 3425, 10.740859512272538, 10.740859512272538, 'APPROACH-BLIND'
11, 3426, 10.768636732639877, 10.768636732639877, 'APPROACH-BLIND'
11, 3427, 10.796413953007216, 10.796413953007216, 'APPROACH-BLIND'
11, 3428, 10.824191173374555, 10.824191173374555, 'APPROACH-BLIND'
11, 3429, 10.851968393741894, 10.851968393741894, 'APPROACH-BLIND'
11, 3430, 10.879745614109233, 10.879745614109233, 'APPROACH-BLIND'
11, 3431, 10.907522834476572, 10.907522834476572, 'APPROACH-BLIND'
11, 3432, 10.93530005484391, 10.93530005484391, 'APPROACH-BLIND'
11, 3433, 10.96307727521125, 10.96307727521125, 'APPROACH-BLIND'
11, 3434, 10.990854495578589, 10.990854495578589, 'APPROACH-BLIND'
11, 3435, 11.018631715945927, 11.018631715945927, 'APPROACH-BLIND'
11, 3436, 11.046408936313266, 11.046408936313266, 'APPROACH-BLIND'
11, 3437, 11.074186156680605, 11.074186156680605, 'APPROACH-BLIND'
11, 3438, 11.101963377047944, 11.101963377047944, 'APPROACH-BLIND'
11, 3439, 11.129740597415283, 11.129740597415283, 'APPROACH-BLIND'
11, 3440, 11.157517817782622, 11.157517817782622, 'APPROACH-BLIND'
11, 3441, 11.185295038149961, 11.185295038149961, 'APPROACH-BLIND'
11, 3442, 11.2130722585173, 11.2130722585173, 'APPROACH-BLIND'
11, 3443, 11.24084947888464, 11.24084947888464, 'APPROACH-BLIND'
11, 3444, 11.268626699251978, 11.268626699251978, 'APPROACH-BLIND'
11, 3445, 11.296403919619317, 11.296403919619317, 'APPROACH-BLIND'
11, 3446, 11.324181139986656, 11.324181139986656, 'APPROACH-BLIND'
11, 3447, 11.351958360353995, 11.351958360353995, 'APPROACH-BLIND'
11, 3448, 11.379735580721334, 11.379735580721334, 'APPROACH-BLIND'
11, 3449, 11.407512801088673, 11.407512801088673, 'APPROACH-BLIND'
11, 3450, 11.435290021456012, 11.435290021456012, 'APPROACH-BLIND'
11, 3451, 11.463067241823351, 11.463067241823351, 'APPROACH-BLIND'
11, 3452, 11.49084446219069, 11.49084446219069, 'PURSUE'
11, 3453, 11.463066749429313, 11.463066749429313, 'APPROACH-STEALTH'
11, 3454, 11.435289036667935, 11.435289036667935, 'APPROACH-BLIND'
11, 3455, 11.407511323906558, 11.407511323906558, 'APPROACH-BLIND'
11, 3456, 11.37973361114518, 11.37973361114518, 'APPROACH-BLIND'
11, 3457, 11.351955898383803, 11.351955898383803, 'APPROACH-BLIND'
11, 3458, 11.324178185622426, 11.324178185622426, 'APPROACH-BLIND'
11, 3459, 11.296400472861048, 11.296400472861048, 'APPROACH-BLIND'
11, 3460, 11.268622760099671, 11.268622760099671, 'APPROACH-BLIND'
11, 3461, 11.240845047338293, 11.240845047338293, 'APPROACH-BLIND'
11, 3462, 11.213067334576916, 11.213067334576916, 'APPROACH-BLIND'
11, 3463, 11.185289621815539, 11.185289621815539, 'APPROACH-BLIND'
11, 3464, 11.157511909054161, 11.157511909054161, 'APPROACH-BLIND'
11, 3465, 11.129734196292784, 11.129734196292784, 'APPROACH-BLIND'
11, 3466, 11.101956483531406, 11.101956483531406, 'APPROACH-BLIND'
11, 3467, 11.074178770770029, 11.074178770770029, 'APPROACH-BLIND'
11, 3468, 11.046401058008652, 11.046401058008652, 'APPROACH-BLIND'
11, 3469, 11.018623345247274, 11.018623345247274, 'APPROACH-BLIND'
11, 3470, 10.990845632485897, 10.990845632485897, 'APPROACH-BLIND'
11, 3471, 10.96306791972452, 10.96306791972452, 'APPROACH-BLIND'
11, 3472, 10.935290206963142, 10.935290206963142, 'APPROACH-BLIND'
11, 3473, 10.907512494201764, 10.907512494201764, 'APPROACH-BLIND'
11, 3474, 10.879734781440387, 10.879734781440387, 'APPROACH-BLIND'
11, 3475, 10.85195706867901, 10.85195706867901, 'APPROACH-BLIND'
11, 3476, 10.824179355917632, 10.824179355917632, 'APPROACH-BLIND'
11, 3477, 10.796401643156255, 10.796401643156255, 'APPROACH-BLIND'
11, 3478, 10.768623930394877, 10.768623930394877, 'APPROACH-BLIND'
11, 3479, 10.7408462176335, 10.7408462176335, 'APPROACH-BLIND'
11, 3480, 10.713068504872123, 10.713068504872123, 'APPROACH-BLIND'
11, 3481, 10.685290792110745, 10.685290792110745, 'APPROACH-BLIND'
11, 3482, 10.657513079349368, 10.657513079349368, 'APPROACH-BLIND'
11, 3483, 10.62973536658799, 10.62973536658799, 'APPROACH-BLIND'
11, 3484, 10.601957653826613, 10.601957653826613, 'APPROACH-BLIND'
11, 3485, 10.574179941065236, 10.574179941065236, 'APPROACH-BLIND'
11, 3486, 10.546402228303858, 10.546402228303858, 'APPROACH-BLIND'
11, 3487, 10.51862451554248, 10.51862451554248, 'APPROACH-BLIND'
11, 3488, 10.490846802781103, 10.490846802781103, 'APPROACH-BLIND'
11, 3489, 10.518624520133693, 10.518624520133693, 'APPROACH-BLIND'
11, 3490, 10.546402291530939, 10.546402291530939, 'APPROACH-BLIND'
11, 3491, 10.574180062928184, 10.574180062928184, 'APPROACH-BLIND'
11, 3492, 10.601957834325429, 10.601957834325429, 'APPROACH-BLIND'
11, 3493, 10.629735605722674, 10.629735605722674, 'APPROACH-BLIND'
11, 3494, 10.657513377119919, 10.657513377119919, 'APPROACH-BLIND'
11, 3495, 10.685291148517164, 10.685291148517164, 'APPROACH-BLIND'
11, 3496, 10.71306891991441, 10.71306891991441, 'APPROACH-BLIND'
11, 3497, 10.740846691311654, 10.740846691311654, 'APPROACH-BLIND'
11, 3498, 10.7686244627089, 10.7686244627089, 'APPROACH-BLIND'
11, 3499, 10.796402234106145, 10.796402234106145, 'APPROACH-BLIND'
11, 3500, 10.82418000550339, 10.82418000550339, 'APPROACH-BLIND'
11, 3501, 10.851957776900635, 10.851957776900635, 'APPROACH-BLIND'
11, 3502, 10.87973554829788, 10.87973554829788, 'APPROACH-BLIND'
11, 3503, 10.907513319695125, 10.907513319695125, 'APPROACH-BLIND'
11, 3504, 10.93529109109237, 10.93529109109237, 'APPROACH-BLIND'
11, 3505, 10.963068862489616, 10.963068862489616, 'APPROACH-BLIND'
11, 3506, 10.99084663388686, 10.99084663388686, 'APPROACH-BLIND'
11, 3507, 11.018624405284106, 11.018624405284106, 'APPROACH-BLIND'
11, 3508, 11.046402176681351, 11.046402176681351, 'APPROACH-BLIND'
11, 3509, 11.074179948078596, 11.074179948078596, 'APPROACH-BLIND'
11, 3510, 11.101957719475841, 11.101957719475841, 'APPROACH-BLIND'
11, 3511, 11.129735490873086, 11.129735490873086, 'APPROACH-BLIND'
11, 3512, 11.157513262270331, 11.157513262270331, 'APPROACH-BLIND'
11, 3513, 11.185291033667577, 11.185291033667577, 'APPROACH-BLIND'
11, 3514, 11.213068805064822, 11.213068805064822, 'APPROACH-BLIND'
11, 3515, 11.240846576462067, 11.240846576462067, 'APPROACH-BLIND'
11, 3516, 11.268624347859312, 11.268624347859312, 'APPROACH-BLIND'
11, 3517, 11.296402119256557, 11.296402119256557, 'APPROACH-BLIND'
11, 3518, 11.324179890653802, 11.324179890653802, 'APPROACH-BLIND'
11, 3519, 11.351957662051047, 11.351957662051047, 'APPROACH-BLIND'
11, 3520, 11.379735433448293, 11.379735433448293, 'APPROACH-BLIND'
11, 3521, 11.407513204845538, 11.407513204845538, 'APPROACH-BLIND'
11, 3522, 11.435290976242783, 11.435290976242783, 'APPROACH-BLIND'
11, 3523, 11.463068747640028, 11.463068747640028, 'APPROACH-BLIND'
11, 3524, 11.490846519037273, 11.490846519037273, 'APPROACH-BLIND'
11, 3525, 11.518624290434518, 11.518624290434518, 'APPROACH-BLIND'
11, 3526, 11.530675767336511, 11.530675767336511, 'APPROACH-BLIND'
11, 3527, 11.542727244238504, 11.542727244238504, 'APPROACH-BLIND'
11, 3528, 11.554778721140497, 11.554778721140497, 'APPROACH-BLIND'
11, 3529, 11.56683019804249, 11.56683019804249, 'APPROACH-BLIND'
11, 3530, 11.578881674944483, 11.578881674944483, 'APPROACH-BLIND'
11, 3531, 11.590933151846476, 11.590933151846476, 'APPROACH-BLIND'
11, 3532, 11.60298462874847, 11.60298462874847, 'APPROACH-BLIND'
11, 3533, 11.615036105650463, 11.615036105650463, 'APPROACH-BLIND'
11, 3534, 11.627087582552456, 11.627087582552456, 'APPROACH-BLIND'
11, 3535, 11.639139059454449, 11.639139059454449, 'APPROACH-BLIND'
11, 3536, 11.651190536356442, 11.651190536356442, 'APPROACH-BLIND'
11, 3537, 11.663242013258435, 11.663242013258435, 'APPROACH-BLIND'
11, 3538, 11.675293490160428, 11.675293490160428, 'APPROACH-BLIND'
11, 3539, 11.68734496706242, 11.68734496706242, 'APPROACH-BLIND'
11, 3540, 11.699396443964414, 11.699396443964414, 'APPROACH-BLIND'
11, 3541, 11.711447920866407, 11.711447920866407, 'APPROACH-BLIND'
11, 3542, 11.7234993977684, 11.7234993977684, 'APPROACH-BLIND'
11, 3543, 11.735550874670393, 11.735550874670393, 'APPROACH-BLIND'
11, 3544, 11.747602351572386, 11.747602351572386, 'APPROACH-BLIND'
11, 3545, 11.759653828474379, 11.759653828474379, 'APPROACH-BLIND'
11, 3546, 11.78542337968313, 11.78542337968313, 'APPROACH-BLIND'
11, 3547, 11.81119293089188, 11.81119293089188, 'APPROACH-BLIND'
11, 3548, 11.83696248210063, 11.83696248210063, 'APPROACH-BLIND'
11, 3549, 11.86273203330938, 11.86273203330938, 'APPROACH-BLIND'
11, 3550, 11.88850158451813, 11.88850158451813, 'APPROACH-BLIND'
11, 3551, 11.91427113572688, 11.91427113572688, 'APPROACH-BLIND'
11, 3552, 11.94004068693563, 11.94004068693563, 'APPROACH-BLIND'
11, 3553, 11.96581023814438, 11.96581023814438, 'APPROACH-BLIND'
11, 3554, 11.99157978935313, 11.99157978935313, 'APPROACH-BLIND'
11, 3555, 12.01734934056188, 12.01734934056188, 'APPROACH-BLIND'
11, 3556, 12.04311889177063, 12.04311889177063, 'APPROACH-BLIND'
11, 3557, 12.06888844297938, 12.06888844297938, 'APPROACH-BLIND'
11, 3558, 12.09465799418813, 12.09465799418813, 'APPROACH-BLIND'
11, 3559, 12.12042754539688, 12.12042754539688, 'APPROACH-BLIND'
11, 3560, 12.146197096605631, 12.146197096605631, 'APPROACH-BLIND'
11, 3561, 12.171966647814381, 12.171966647814381, 'APPROACH-BLIND'
11, 3562, 12.197736199023131, 12.197736199023131, 'APPROACH-BLIND'
11, 3563, 12.223505750231881, 12.223505750231881, 'PURSUE'
11, 3564, 12.249275301440631, 12.249275301440631, 'APPROACH-BLIND'
11, 3565, 12.275044852649382, 12.275044852649382, 'APPROACH-BLIND'
11, 3566, 12.300814403858132, 12.300814403858132, 'APPROACH-BLIND'
11, 3567, 12.326583955066882, 12.326583955066882, 'APPROACH-BLIND'
11, 3568, 12.352353506275632, 12.352353506275632, 'APPROACH-BLIND'
11, 3569, 12.378123057484382, 12.378123057484382, 'APPROACH-BLIND'
11, 3570, 12.403892608693132, 12.403892608693132, 'APPROACH-BLIND'
11, 3571, 12.429662159901882, 12.429662159901882, 'APPROACH-BLIND'
11, 3572, 12.455431711110633, 12.455431711110633, 'APPROACH-BLIND'
11, 3573, 12.481201262319383, 12.481201262319383, 'APPROACH-BLIND'
11, 3574, 12.506970813528133, 12.506970813528133, 'APPROACH-BLIND'
11, 3575, 12.481103301852942, 12.481103301852942, 'APPROACH-BLIND'
11, 3576, 12.453547274675035, 12.453547274675035, 'APPROACH-BLIND'
11, 3577, 12.425991247497128, 12.425991247497128, 'APPROACH-BLIND'
11, 3578, 12.398435220319222, 12.398435220319222, 'APPROACH-BLIND'
11, 3579, 12.370879193141315, 12.370879193141315, 'APPROACH-BLIND'
11, 3580, 12.343323165963408, 12.343323165963408, 'APPROACH-BLIND'
11, 3581, 12.315767138785501, 12.315767138785501, 'APPROACH-BLIND'
11, 3582, 12.288211111607595, 12.288211111607595, 'APPROACH-BLIND'
11, 3583, 12.260655084429688, 12.260655084429688, 'APPROACH-BLIND'
11, 3584, 12.233099057251781, 12.233099057251781, 'APPROACH-BLIND'
11, 3585, 12.205543030073875, 12.205543030073875, 'APPROACH-BLIND'
11, 3586, 12.177987002895968, 12.177987002895968, 'APPROACH-BLIND'
11, 3587, 12.150430975718061, 12.150430975718061, 'APPROACH-BLIND'
11, 3588, 12.122874948540154, 12.122874948540154, 'APPROACH-BLIND'
11, 3589, 12.095318921362248, 12.095318921362248, 'APPROACH-BLIND'
11, 3590, 12.067762894184341, 12.067762894184341, 'APPROACH-BLIND'
11, 3591, 12.040206867006434, 12.040206867006434, 'APPROACH-BLIND'
11, 3592, 12.012650839828527, 12.012650839828527, 'APPROACH-BLIND'
11, 3593, 11.98509481265062, 11.98509481265062, 'APPROACH-BLIND'
11, 3594, 11.957538785472714, 11.957538785472714, 'APPROACH-BLIND'
11, 3595, 11.929982758294807, 11.929982758294807, 'APPROACH-BLIND'
11, 3596, 11.9024267311169, 11.9024267311169, 'APPROACH-BLIND'
11, 3597, 11.874870703938994, 11.874870703938994, 'APPROACH-BLIND'
11, 3598, 11.847314676761087, 11.847314676761087, 'APPROACH-BLIND'
11, 3599, 11.81975864958318, 11.81975864958318, 'APPROACH-BLIND'
11, 3600, 11.792202622405274, 11.792202622405274, 'APPROACH-BLIND'
11, 3601, 11.764646595227367, 11.764646595227367, 'APPROACH-BLIND'
11, 3602, 11.73709056804946, 11.73709056804946, 'APPROACH-BLIND'
11, 3603, 11.709534540871553, 11.709534540871553, 'APPROACH-BLIND'
11, 3604, 11.681978513693647, 11.681978513693647, 'APPROACH-BLIND'
11, 3605, 11.65442248651574, 11.65442248651574, 'APPROACH-BLIND'
11, 3606, 11.626866459337833, 11.626866459337833, 'APPROACH-BLIND'
11, 3607, 11.599310432159927, 11.599310432159927, 'APPROACH-BLIND'
11, 3608, 11.57175440498202, 11.57175440498202, 'APPROACH-BLIND'
11, 3609, 11.544198377804113, 11.544198377804113, 'APPROACH-BLIND'
11, 3610, 11.516642350626206, 11.516642350626206, 'APPROACH-BLIND'
11, 3611, 11.4890863234483, 11.4890863234483, 'APPROACH-BLIND'
11, 3612, 11.46133272551866, 11.46133272551866, 'APPROACH-BLIND'
11, 3613, 11.433579127589022, 11.433579127589022, 'APPROACH-BLIND'
11, 3614, 11.405825529659383, 11.405825529659383, 'APPROACH-BLIND'
11, 3615, 11.378071931729744, 11.378071931729744, 'APPROACH-BLIND'
11, 3616, 11.350318333800105, 11.350318333800105, 'APPROACH-BLIND'
11, 3617, 11.322564735870467, 11.322564735870467, 'APPROACH-BLIND'
11, 3618, 11.294811137940828, 11.294811137940828, 'APPROACH-BLIND'
11, 3619, 11.267057540011189, 11.267057540011189, 'APPROACH-BLIND'
11, 3620, 11.23930394208155, 11.23930394208155, 'APPROACH-BLIND'
11, 3621, 11.211550344151911, 11.211550344151911, 'APPROACH-BLIND'
11, 3622, 11.183796746222272, 11.183796746222272, 'APPROACH-BLIND'
11, 3623, 11.156043148292634, 11.156043148292634, 'APPROACH-BLIND'
11, 3624, 11.128289550362995, 11.128289550362995, 'APPROACH-BLIND'
11, 3625, 11.100535952433356, 11.100535952433356, 'APPROACH-BLIND'
11, 3626, 11.072782354503717, 11.072782354503717, 'APPROACH-BLIND'
11, 3627, 11.045028756574078, 11.045028756574078, 'APPROACH-BLIND'
11, 3628, 11.01727515864444, 11.01727515864444, 'APPROACH-BLIND'
11, 3629, 10.9895215607148, 10.9895215607148, 'APPROACH-BLIND'
11, 3630, 10.961767962785162, 10.961767962785162, 'APPROACH-BLIND'
11, 3631, 10.934014364855523, 10.934014364855523, 'APPROACH-BLIND'
11, 3632, 10.906260766925884, 10.906260766925884, 'APPROACH-BLIND'
11, 3633, 10.878507168996245, 10.878507168996245, 'APPROACH-BLIND'
11, 3634, 10.850753571066607, 10.850753571066607, 'APPROACH-BLIND'
11, 3635, 10.822999973136968, 10.822999973136968, 'APPROACH-BLIND'
11, 3636, 10.795246375207329, 10.795246375207329, 'APPROACH-BLIND'
11, 3637, 10.76749277727769, 10.76749277727769, 'APPROACH-BLIND'
11, 3638, 10.739739179348051, 10.739739179348051, 'APPROACH-BLIND'
11, 3639, 10.711985581418412, 10.711985581418412, 'APPROACH-BLIND'
11, 3640, 10.684231983488774, 10.684231983488774, 'APPROACH-BLIND'
11, 3641, 10.656478385559135, 10.656478385559135, 'APPROACH-BLIND'
11, 3642, 10.628724787629496, 10.628724787629496, 'APPROACH-BLIND'
11, 3643, 10.600971189699857, 10.600971189699857, 'APPROACH-BLIND'
11, 3644, 10.573217591770218, 10.573217591770218, 'APPROACH-BLIND'
11, 3645, 10.54546399384058, 10.54546399384058, 'APPROACH-BLIND'
11, 3646, 10.51771039591094, 10.51771039591094, 'APPROACH-BLIND'
11, 3647, 10.489956797981302, 10.489956797981302, 'APPROACH-BLIND'
11, 3648, 10.477530442164262, 10.477530442164262, 'APPROACH-BLIND'
11, 3649, 10.465104086347223, 10.465104086347223, 'APPROACH-BLIND'
11, 3650, 10.452677730530183, 10.452677730530183, 'APPROACH-BLIND'
11, 3651, 10.440251374713146, 10.440251374713146, 'APPROACH-BLIND'
11, 3652, 10.427825018896108, 10.427825018896108, 'APPROACH-BLIND'
11, 3653, 10.41539866307907, 10.41539866307907, 'APPROACH-BLIND'
11, 3654, 10.402972307262033, 10.402972307262033, 'APPROACH-BLIND'
11, 3655, 10.390545951444995, 10.390545951444995, 'APPROACH-BLIND'
11, 3656, 10.378119595627957, 10.378119595627957, 'APPROACH-BLIND'
11, 3657, 10.36569323981092, 10.36569323981092, 'APPROACH-BLIND'
11, 3658, 10.353266883993882, 10.353266883993882, 'APPROACH-BLIND'
11, 3659, 10.340840528176845, 10.340840528176845, 'APPROACH-BLIND'
11, 3660, 10.328414172359807, 10.328414172359807, 'APPROACH-BLIND'
11, 3661, 10.31598781654277, 10.31598781654277, 'APPROACH-BLIND'
11, 3662, 10.303561460725732, 10.303561460725732, 'APPROACH-BLIND'
11, 3663, 10.291135104908694, 10.291135104908694, 'APPROACH-BLIND'
11, 3664, 10.278708749091656, 10.278708749091656, 'APPROACH-BLIND'
11, 3665, 10.266282393274619, 10.266282393274619, 'APPROACH-BLIND'
11, 3666, 10.253856037457581, 10.253856037457581, 'APPROACH-BLIND'
11, 3667, 10.241429681640543, 10.241429681640543, 'APPROACH-BLIND'
11, 3668, 10.264865417629172, 10.264865417629172, 'APPROACH-BLIND'
11, 3669, 10.288301153617802, 10.288301153617802, 'PURSUE'
11, 3670, 10.311736889606431, 10.311736889606431, 'APPROACH-BLIND'
11, 3671, 10.33517262559506, 10.33517262559506, 'APPROACH-BLIND'
11, 3672, 10.35860836158369, 10.35860836158369, 'APPROACH-BLIND'
11, 3673, 10.382044097572319, 10.382044097572319, 'APPROACH-BLIND'
11, 3674, 10.405479833560948, 10.405479833560948, 'APPROACH-BLIND'
11, 3675, 10.428915569549577, 10.428915569549577, 'APPROACH-BLIND'
11, 3676, 10.452351305538206, 10.452351305538206, 'APPROACH-BLIND'
11, 3677, 10.475787041526836, 10.475787041526836, 'APPROACH-BLIND'
11, 3678, 10.499222777515465, 10.499222777515465, 'APPROACH-BLIND'
11, 3679, 10.522658513504094, 10.522658513504094, 'APPROACH-BLIND'
11, 3680, 10.549867205869255, 10.549867205869255, 'APPROACH-BLIND'
11, 3681, 10.577075898234416, 10.577075898234416, 'APPROACH-BLIND'
11, 3682, 10.604284590599576, 10.604284590599576, 'APPROACH-BLIND'
11, 3683, 10.631493282964737, 10.631493282964737, 'APPROACH-BLIND'
11, 3684, 10.658701975329897, 10.658701975329897, 'APPROACH-BLIND'
11, 3685, 10.685910667695058, 10.685910667695058, 'APPROACH-BLIND'
11, 3686, 10.713119360060219, 10.713119360060219, 'APPROACH-BLIND'
11, 3687, 10.74032805242538, 10.74032805242538, 'APPROACH-BLIND'
11, 3688, 10.76753674479054, 10.76753674479054, 'APPROACH-BLIND'
11, 3689, 10.7947454371557, 10.7947454371557, 'APPROACH-BLIND'
11, 3690, 10.821954129520861, 10.821954129520861, 'APPROACH-BLIND'
11, 3691, 10.849162821886022, 10.849162821886022, 'APPROACH-BLIND'
11, 3692, 10.876371514251183, 10.876371514251183, 'APPROACH-BLIND'
11, 3693, 10.903580206616343, 10.903580206616343, 'APPROACH-BLIND'
11, 3694, 10.930788898981504, 10.930788898981504, 'APPROACH-BLIND'
11, 3695, 10.957997591346665, 10.957997591346665, 'APPROACH-BLIND'
11, 3696, 10.985206283711825, 10.985206283711825, 'APPROACH-BLIND'
11, 3697, 11.012414976076986, 11.012414976076986, 'APPROACH-BLIND'
11, 3698, 11.039623668442147, 11.039623668442147, 'APPROACH-BLIND'
11, 3699, 11.066832360807307, 11.066832360807307, 'APPROACH-BLIND'
11, 3700, 11.094041053172468, 11.094041053172468, 'APPROACH-BLIND'
11, 3701, 11.121249745537629, 11.121249745537629, 'APPROACH-BLIND'
11, 3702, 11.14845843790279, 11.14845843790279, 'APPROACH-BLIND'
11, 3703, 11.17566713026795, 11.17566713026795, 'APPROACH-BLIND'
11, 3704, 11.20287582263311, 11.20287582263311, 'APPROACH-BLIND'
11, 3705, 11.230084514998271, 11.230084514998271, 'APPROACH-BLIND'
11, 3706, 11.257293207363432, 11.257293207363432, 'APPROACH-BLIND'
11, 3707, 11.284501899728593, 11.284501899728593, 'APPROACH-BLIND'
11, 3708, 11.311710592093753, 11.311710592093753, 'APPROACH-BLIND'
11, 3709, 11.338919284458914, 11.338919284458914, 'APPROACH-BLIND'
11, 3710, 11.366127976824075, 11.366127976824075, 'APPROACH-BLIND'
11, 3711, 11.393336669189235, 11.393336669189235, 'APPROACH-BLIND'
11, 3712, 11.420545361554396, 11.420545361554396, 'APPROACH-BLIND'
11, 3713, 11.447754053919557, 11.447754053919557, 'APPROACH-BLIND'
11, 3714, 11.474962746284717, 11.474962746284717, 'APPROACH-BLIND'
11, 3715, 11.502171438649878, 11.502171438649878, 'APPROACH-BLIND'
11, 3716, 11.529884591032461, 11.529884591032461, 'APPROACH-BLIND'
11, 3717, 11.557597743415045, 11.557597743415045, 'APPROACH-BLIND'
11, 3718, 11.585310895797628, 11.585310895797628, 'APPROACH-BLIND'
11, 3719, 11.613024048180211, 11.613024048180211, 'APPROACH-BLIND'
11, 3720, 11.640737200562794, 11.640737200562794, 'APPROACH-BLIND'
11, 3721, 11.668450352945378, 11.668450352945378, 'APPROACH-BLIND'
11, 3722, 11.696163505327961, 11.696163505327961, 'APPROACH-BLIND'
11, 3723, 11.723876657710544, 11.723876657710544, 'APPROACH-BLIND'
11, 3724, 11.751589810093128, 11.751589810093128, 'APPROACH-BLIND'
11, 3725, 11.779302962475711, 11.779302962475711, 'APPROACH-BLIND'
11, 3726, 11.807016114858294, 11.807016114858294, 'APPROACH-BLIND'
11, 3727, 11.834729267240878, 11.834729267240878, 'APPROACH-BLIND'
11, 3728, 11.862442419623461, 11.862442419623461, 'APPROACH-BLIND'
11, 3729, 11.890155572006044, 11.890155572006044, 'APPROACH-BLIND'
11, 3730, 11.917868724388628, 11.917868724388628, 'APPROACH-BLIND'
11, 3731, 11.945581876771211, 11.945581876771211, 'APPROACH-BLIND'
11, 3732, 11.973295029153794, 11.973295029153794, 'APPROACH-BLIND'
11, 3733, 12.001008181536378, 12.001008181536378, 'APPROACH-BLIND'
11, 3734, 12.028721333918961, 12.028721333918961, 'APPROACH-BLIND'
11, 3735, 12.056434486301544, 12.056434486301544, 'APPROACH-BLIND'
11, 3736, 12.084147638684128, 12.084147638684128, 'APPROACH-BLIND'
11, 3737, 12.11186079106671, 12.11186079106671, 'APPROACH-BLIND'
11, 3738, 12.139573943449294, 12.139573943449294, 'APPROACH-BLIND'
11, 3739, 12.167287095831878, 12.167287095831878, 'APPROACH-BLIND'
11, 3740, 12.19500024821446, 12.19500024821446, 'APPROACH-BLIND'
11, 3741, 12.222713400597044, 12.222713400597044, 'APPROACH-BLIND'
11, 3742, 12.250426552979627, 12.250426552979627, 'APPROACH-BLIND'
11, 3743, 12.27813970536221, 12.27813970536221, 'APPROACH-BLIND'
11, 3744, 12.305852857744794, 12.305852857744794, 'APPROACH-BLIND'
11, 3745, 12.333566010127377, 12.333566010127377, 'APPROACH-BLIND'
11, 3746, 12.36127916250996, 12.36127916250996, 'APPROACH-BLIND'
11, 3747, 12.388992314892544, 12.388992314892544, 'APPROACH-BLIND'
11, 3748, 12.416705467275127, 12.416705467275127, 'APPROACH-BLIND'
11, 3749, 12.44441861965771, 12.44441861965771, 'APPROACH-BLIND'
11, 3750, 12.472131772040294, 12.472131772040294, 'APPROACH-BLIND'
11, 3751, 12.499844924422877, 12.499844924422877, 'APPROACH-BLIND'
11, 3752, 12.52755807680546, 12.52755807680546, 'APPROACH-BLIND'
11, 3753, 12.539744530245793, 12.539744530245793, 'APPROACH-BLIND'
11, 3754, 12.551930983686125, 12.551930983686125, 'APPROACH-BLIND'
11, 3755, 12.564117437126457, 12.564117437126457, 'APPROACH-BLIND'
11, 3756, 12.57630389056679, 12.57630389056679, 'APPROACH-BLIND'
11, 3757, 12.588490344007122, 12.588490344007122, 'APPROACH-BLIND'
11, 3758, 12.600676797447456, 12.600676797447456, 'APPROACH-BLIND'
11, 3759, 12.61286325088779, 12.61286325088779, 'APPROACH-BLIND'
11, 3760, 12.625049704328122, 12.625049704328122, 'APPROACH-BLIND'
11, 3761, 12.637236157768456, 12.637236157768456, 'APPROACH-BLIND'
11, 3762, 12.64942261120879, 12.64942261120879, 'APPROACH-BLIND'
11, 3763, 12.661609064649124, 12.661609064649124, 'APPROACH-BLIND'
11, 3764, 12.673795518089456, 12.673795518089456, 'APPROACH-BLIND'
11, 3765, 12.68598197152979, 12.68598197152979, 'APPROACH-BLIND'
11, 3766, 12.698168424970124, 12.698168424970124, 'APPROACH-BLIND'
11, 3767, 12.710354878410458, 12.710354878410458, 'APPROACH-BLIND'
11, 3768, 12.72254133185079, 12.72254133185079, 'APPROACH-BLIND'
11, 3769, 12.734727785291124, 12.734727785291124, 'APPROACH-BLIND'
11, 3770, 12.746914238731458, 12.746914238731458, 'APPROACH-BLIND'
11, 3771, 12.759100692171792, 12.759100692171792, 'APPROACH-BLIND'
11, 3772, 12.784912591724849, 12.784912591724849, 'APPROACH-BLIND'
11, 3773, 12.810724491277906, 12.810724491277906, 'APPROACH-BLIND'
11, 3774, 12.836536390830963, 12.836536390830963, 'APPROACH-BLIND'
11, 3775, 12.86234829038402, 12.86234829038402, 'APPROACH-BLIND'
11, 3776, 12.888160189937077, 12.888160189937077, 'APPROACH-BLIND'
11, 3777, 12.913972089490134, 12.913972089490134, 'APPROACH-BLIND'
11, 3778, 12.93978398904319, 12.93978398904319, 'APPROACH-BLIND'
11, 3779, 12.965595888596248, 12.965595888596248, 'APPROACH-BLIND'
11, 3780, 12.991407788149305, 12.991407788149305, 'APPROACH-BLIND'
11, 3781, 13.017219687702362, 13.017219687702362, 'APPROACH-BLIND'
11, 3782, 13.043031587255419, 13.043031587255419, 'APPROACH-BLIND'
11, 3783, 13.068843486808476, 13.068843486808476, 'APPROACH-BLIND'
11, 3784, 13.094655386361532, 13.094655386361532, 'APPROACH-BLIND'
11, 3785, 13.12046728591459, 13.12046728591459, 'APPROACH-BLIND'
11, 3786, 13.146279185467646, 13.146279185467646, 'APPROACH-BLIND'
11, 3787, 13.172091085020703, 13.172091085020703, 'APPROACH-BLIND'
11, 3788, 13.19790298457376, 13.19790298457376, 'APPROACH-BLIND'
11, 3789, 13.223714884126817, 13.223714884126817, 'APPROACH-BLIND'
11, 3790, 13.249526783679874, 13.249526783679874, 'APPROACH-BLIND'
11, 3791, 13.275338683232931, 13.275338683232931, 'APPROACH-BLIND'
11, 3792, 13.301150582785988, 13.301150582785988, 'APPROACH-BLIND'
11, 3793, 13.326962482339045, 13.326962482339045, 'APPROACH-BLIND'
11, 3794, 13.352774381892102, 13.352774381892102, 'APPROACH-BLIND'
11, 3795, 13.378586281445159, 13.378586281445159, 'APPROACH-BLIND'
11, 3796, 13.404398180998216, 13.404398180998216, 'APPROACH-BLIND'
11, 3797, 13.430210080551273, 13.430210080551273, 'APPROACH-BLIND'
11, 3798, 13.45602198010433, 13.45602198010433, 'APPROACH-BLIND'
11, 3799, 13.481833879657387, 13.481833879657387, 'APPROACH-BLIND'
11, 3800, 13.507645779210444, 13.507645779210444, 'APPROACH-BLIND'
11, 3801, 13.535187555609298, 13.535187555609298, 'APPROACH-BLIND'
11, 3802, 13.562729332008152, 13.562729332008152, 'APPROACH-BLIND'
11, 3803, 13.590271108407006, 13.590271108407006, 'APPROACH-BLIND'
11, 3804, 13.61781288480586, 13.61781288480586, 'APPROACH-BLIND'
11, 3805, 13.645354661204713, 13.645354661204713, 'APPROACH-BLIND'
11, 3806, 13.672896437603567, 13.672896437603567, 'APPROACH-BLIND'
11, 3807, 13.700438214002421, 13.700438214002421, 'APPROACH-BLIND'
11, 3808, 13.727979990401275, 13.727979990401275, 'APPROACH-BLIND'
11, 3809, 13.755521766800129, 13.755521766800129, 'APPROACH-BLIND'
11, 3810, 13.783063543198983, 13.783063543198983, 'APPROACH-BLIND'
11, 3811, 13.810605319597837, 13.810605319597837, 'APPROACH-BLIND'
11, 3812, 13.83814709599669, 13.83814709599669, 'APPROACH-BLIND'
11, 3813, 13.865688872395545, 13.865688872395545, 'APPROACH-BLIND'
11, 3814, 13.893230648794399, 13.893230648794399, 'APPROACH-BLIND'
11, 3815, 13.920772425193253, 13.920772425193253, 'APPROACH-BLIND'
11, 3816, 13.948314201592106, 13.948314201592106, 'APPROACH-BLIND'
11, 3817, 13.97585597799096, 13.97585597799096, 'APPROACH-BLIND'
11, 3818, 14.003397754389814, 14.003397754389814, 'APPROACH-BLIND'
11, 3819, 14.030939530788668, 14.030939530788668, 'APPROACH-BLIND'
11, 3820, 14.058481307187522, 14.058481307187522, 'APPROACH-BLIND'
11, 3821, 14.086023083586376, 14.086023083586376, 'APPROACH-BLIND'
11, 3822, 14.11356485998523, 14.11356485998523, 'APPROACH-BLIND'
11, 3823, 14.141106636384084, 14.141106636384084, 'APPROACH-BLIND'
11, 3824, 14.168648412782938, 14.168648412782938, 'APPROACH-BLIND'
11, 3825, 14.196190189181792, 14.196190189181792, 'APPROACH-BLIND'
11, 3826, 14.168519726427128, 14.168519726427128, 'APPROACH-BLIND'
11, 3827, 14.140849263672465, 14.140849263672465, 'APPROACH-BLIND'
11, 3828, 14.113178800917801, 14.113178800917801, 'APPROACH-BLIND'
11, 3829, 14.085508338163137, 14.085508338163137, 'APPROACH-BLIND'
11, 3830, 14.057837875408474, 14.057837875408474, 'APPROACH-BLIND'
11, 3831, 14.03016741265381, 14.03016741265381, 'APPROACH-BLIND'
11, 3832, 14.002496949899147, 14.002496949899147, 'APPROACH-BLIND'
11, 3833, 13.974826487144483, 13.974826487144483, 'APPROACH-BLIND'
11, 3834, 13.94715602438982, 13.94715602438982, 'APPROACH-BLIND'
11, 3835, 13.919485561635156, 13.919485561635156, 'APPROACH-BLIND'
11, 3836, 13.891815098880492, 13.891815098880492, 'APPROACH-BLIND'
11, 3837, 13.864144636125829, 13.864144636125829, 'APPROACH-BLIND'
11, 3838, 13.836474173371165, 13.836474173371165, 'APPROACH-BLIND'
11, 3839, 13.808803710616502, 13.808803710616502, 'APPROACH-BLIND'
11, 3840, 13.781133247861838, 13.781133247861838, 'APPROACH-BLIND'
11, 3841, 13.753462785107175, 13.753462785107175, 'APPROACH-BLIND'
11, 3842, 13.725792322352511, 13.725792322352511, 'APPROACH-BLIND'
11, 3843, 13.698121859597848, 13.698121859597848, 'APPROACH-BLIND'
11, 3844, 13.670451396843184, 13.670451396843184, 'APPROACH-BLIND'
11, 3845, 13.64278093408852, 13.64278093408852, 'APPROACH-BLIND'
11, 3846, 13.615110471333857, 13.615110471333857, 'APPROACH-BLIND'
11, 3847, 13.587440008579193, 13.587440008579193, 'APPROACH-BLIND'
11, 3848, 13.55976954582453, 13.55976954582453, 'APPROACH-BLIND'
11, 3849, 13.532099083069866, 13.532099083069866, 'APPROACH-BLIND'
11, 3850, 13.504428620315203, 13.504428620315203, 'APPROACH-BLIND'
11, 3851, 13.476758157560539, 13.476758157560539, 'APPROACH-BLIND'
11, 3852, 13.448991623158383, 13.448991623158383, 'APPROACH-BLIND'
11, 3853, 13.421225088756227, 13.421225088756227, 'APPROACH-BLIND'
11, 3854, 13.393458554354071, 13.393458554354071, 'APPROACH-BLIND'
11, 3855, 13.365692019951915, 13.365692019951915, 'APPROACH-BLIND'
11, 3856, 13.337925485549759, 13.337925485549759, 'APPROACH-BLIND'
11, 3857, 13.310158951147603, 13.310158951147603, 'APPROACH-BLIND'
11, 3858, 13.282392416745447, 13.282392416745447, 'APPROACH-BLIND'
11, 3859, 13.25462588234329, 13.25462588234329, 'APPROACH-BLIND'
11, 3860, 13.226859347941135, 13.226859347941135, 'APPROACH-BLIND'
11, 3861, 13.199092813538979, 13.199092813538979, 'APPROACH-BLIND'
11, 3862, 13.171326279136823, 13.171326279136823, 'APPROACH-BLIND'
11, 3863, 13.143559744734667, 13.143559744734667, 'APPROACH-BLIND'
11, 3864, 13.11579321033251, 13.11579321033251, 'APPROACH-BLIND'
11, 3865, 13.088026675930355, 13.088026675930355, 'APPROACH-BLIND'
11, 3866, 13.060260141528198, 13.060260141528198, 'APPROACH-BLIND'
11, 3867, 13.032493607126042, 13.032493607126042, 'APPROACH-BLIND'
11, 3868, 13.004727072723886, 13.004727072723886, 'APPROACH-BLIND'
11, 3869, 12.97696053832173, 12.97696053832173, 'APPROACH-BLIND'
11, 3870, 12.949194003919574, 12.949194003919574, 'APPROACH-BLIND'
11, 3871, 12.921427469517418, 12.921427469517418, 'APPROACH-BLIND'
11, 3872, 12.893660935115262, 12.893660935115262, 'APPROACH-BLIND'
11, 3873, 12.865894400713106, 12.865894400713106, 'APPROACH-BLIND'
11, 3874, 12.83812786631095, 12.83812786631095, 'APPROACH-BLIND'
11, 3875, 12.810361331908794, 12.810361331908794, 'APPROACH-BLIND'
11, 3876, 12.782594797506638, 12.782594797506638, 'APPROACH-BLIND'
11, 3877, 12.754828263104482, 12.754828263104482, 'APPROACH-BLIND'
11, 3878, 12.727061728702326, 12.727061728702326, 'APPROACH-BLIND'
11, 3879, 12.69929519430017, 12.69929519430017, 'APPROACH-BLIND'
11, 3880, 12.671528659898014, 12.671528659898014, 'APPROACH-BLIND'
11, 3881, 12.643762125495858, 12.643762125495858, 'APPROACH-BLIND'
11, 3882, 12.615995591093702, 12.615995591093702, 'APPROACH-BLIND'
11, 3883, 12.588229056691546, 12.588229056691546, 'APPROACH-BLIND'
11, 3884, 12.56046252228939, 12.56046252228939, 'APPROACH-BLIND'
11, 3885, 12.532695987887234, 12.532695987887234, 'APPROACH-BLIND'
11, 3886, 12.504929453485078, 12.504929453485078, 'APPROACH-BLIND'
11, 3887, 12.477162919082922, 12.477162919082922, 'APPROACH-BLIND'
11, 3888, 12.449386315146782, 12.449386315146782, 'APPROACH-BLIND'
11, 3889, 12.421609711210643, 12.421609711210643, 'APPROACH-BLIND'
11, 3890, 12.393833107274503, 12.393833107274503, 'APPROACH-BLIND'
11, 3891, 12.366056503338363, 12.366056503338363, 'APPROACH-BLIND'
11, 3892, 12.338279899402224, 12.338279899402224, 'APPROACH-BLIND'
11, 3893, 12.310503295466084, 12.310503295466084, 'APPROACH-BLIND'
11, 3894, 12.282726691529945, 12.282726691529945, 'APPROACH-BLIND'
11, 3895, 12.254950087593805, 12.254950087593805, 'APPROACH-BLIND'
11, 3896, 12.227173483657666, 12.227173483657666, 'APPROACH-BLIND'
11, 3897, 12.199396879721526, 12.199396879721526, 'APPROACH-BLIND'
11, 3898, 12.171620275785386, 12.171620275785386, 'APPROACH-BLIND'
11, 3899, 12.143843671849247, 12.143843671849247, 'APPROACH-BLIND'
11, 3900, 12.116067067913107, 12.116067067913107, 'APPROACH-BLIND'
11, 3901, 12.088290463976968, 12.088290463976968, 'APPROACH-BLIND'
11, 3902, 12.060513860040828, 12.060513860040828, 'APPROACH-BLIND'
11, 3903, 12.032737256104689, 12.032737256104689, 'APPROACH-BLIND'
11, 3904, 12.004960652168549, 12.004960652168549, 'APPROACH-BLIND'
11, 3905, 11.97718404823241, 11.97718404823241, 'APPROACH-BLIND'
11, 3906, 11.94940744429627, 11.94940744429627, 'APPROACH-BLIND'
11, 3907, 11.92163084036013, 11.92163084036013, 'APPROACH-BLIND'
11, 3908, 11.89385423642399, 11.89385423642399, 'APPROACH-BLIND'
11, 3909, 11.866077632487851, 11.866077632487851, 'APPROACH-BLIND'
11, 3910, 11.838301028551712, 11.838301028551712, 'APPROACH-BLIND'
11, 3911, 11.810524424615572, 11.810524424615572, 'APPROACH-BLIND'
11, 3912, 11.782747820679432, 11.782747820679432, 'APPROACH-BLIND'
11, 3913, 11.754971216743293, 11.754971216743293, 'APPROACH-BLIND'
11, 3914, 11.727194612807153, 11.727194612807153, 'APPROACH-BLIND'
11, 3915, 11.699418008871014, 11.699418008871014, 'APPROACH-BLIND'
11, 3916, 11.671641404934874, 11.671641404934874, 'APPROACH-BLIND'
11, 3917, 11.643864800998735, 11.643864800998735, 'APPROACH-BLIND'
11, 3918, 11.616088197062595, 11.616088197062595, 'APPROACH-BLIND'
11, 3919, 11.588311593126456, 11.588311593126456, 'APPROACH-BLIND'
11, 3920, 11.560534989190316, 11.560534989190316, 'APPROACH-BLIND'
11, 3921, 11.532758385254176, 11.532758385254176, 'APPROACH-BLIND'
11, 3922, 11.504981781318037, 11.504981781318037, 'APPROACH-BLIND'
11, 3923, 11.477205177381897, 11.477205177381897, 'APPROACH-BLIND'
11, 3924, 11.449427522111659, 11.449427522111659, 'APPROACH-BLIND'
11, 3925, 11.437999654337807, 11.437999654337807, 'APPROACH-BLIND'
11, 3926, 11.426571786563954, 11.426571786563954, 'APPROACH-BLIND'
11, 3927, 11.415143918790102, 11.415143918790102, 'APPROACH-BLIND'
11, 3928, 11.38741070761947, 11.38741070761947, 'APPROACH-BLIND'
11, 3929, 11.37664340764722, 11.37664340764722, 'APPROACH-BLIND'
11, 3930, 11.348945001458196, 11.348945001458196, 'APPROACH-BLIND'
11, 3931, 11.338882104632265, 11.338882104632265, 'APPROACH-BLIND'
11, 3932, 11.328819207806335, 11.328819207806335, 'APPROACH-BLIND'
11, 3933, 11.301226056824538, 11.301226056824538, 'APPROACH-BLIND'
11, 3934, 11.27363290584274, 11.27363290584274, 'APPROACH-BLIND'
11, 3935, 11.246039754860943, 11.246039754860943, 'APPROACH-BLIND'
11, 3936, 11.218446603879146, 11.218446603879146, 'APPROACH-BLIND'
11, 3937, 11.21159912501679, 11.21159912501679, 'APPROACH-BLIND'
11, 3938, 11.184084923470547, 11.184084923470547, 'APPROACH-BLIND'
11, 3939, 11.156570721924304, 11.156570721924304, 'APPROACH-BLIND'
11, 3940, 11.129056520378061, 11.129056520378061, 'APPROACH-BLIND'
11, 3941, 11.124854623211823, 11.124854623211823, 'APPROACH-BLIND'
11, 3942, 11.097441617254471, 11.097441617254471, 'APPROACH-BLIND'
11, 3943, 11.094165285421676, 11.094165285421676, 'APPROACH-BLIND'
11, 3944, 11.066872603867978, 11.066872603867978, 'APPROACH-BLIND'
11, 3945, 11.064552831064331, 11.064552831064331, 'APPROACH-BLIND'
11, 3946, 11.03740005960577, 11.03740005960577, 'APPROACH-BLIND'
11, 3947, 11.03606307173063, 11.03606307173063, 'APPROACH-BLIND'
11, 3948, 11.03472608385549, 11.03472608385549, 'APPROACH-BLIND'
11, 3949, 11.007908463168844, 11.007908463168844, 'APPROACH-BLIND'
11, 3950, 10.981090842482198, 10.981090842482198, 'APPROACH-BLIND'
11, 3951, 10.981805114840332, 10.981805114840332, 'APPROACH-BLIND'
11, 3952, 10.95518469485764, 10.95518469485764, 'APPROACH-BLIND'
11, 3953, 10.956921652833602, 10.956921652833602, 'APPROACH-BLIND'
11, 3954, 10.930515672596874, 10.930515672596874, 'APPROACH-BLIND'
11, 3955, 10.904109692360146, 10.904109692360146, 'APPROACH-BLIND'
11, 3956, 10.907854385056371, 10.907854385056371, 'APPROACH-BLIND'
11, 3957, 10.881681020831644, 10.881681020831644, 'APPROACH-BLIND'
11, 3958, 10.886398376510769, 10.886398376510769, 'APPROACH-BLIND'
11, 3959, 10.891115732189894, 10.891115732189894, 'APPROACH-BLIND'
11, 3960, 10.895833087869018, 10.895833087869018, 'APPROACH-BLIND'
11, 3961, 10.870421959520066, 10.870421959520066, 'APPROACH-BLIND'
11, 3962, 10.845010831171113, 10.845010831171113, 'APPROACH-BLIND'
11, 3963, 10.851677553753806, 10.851677553753806, 'APPROACH-BLIND'
11, 3964, 10.82653538590677, 10.82653538590677, 'APPROACH-BLIND'
11, 3965, 10.801393218059733, 10.801393218059733, 'APPROACH-BLIND'
11, 3966, 10.776251050212696, 10.776251050212696, 'APPROACH-BLIND'
11, 3967, 10.75110888236566, 10.75110888236566, 'APPROACH-BLIND'
11, 3968, 10.725966714518623, 10.725966714518623, 'APPROACH-BLIND'
11, 3969, 10.700824546671587, 10.700824546671587, 'APPROACH-BLIND'
11, 3970, 10.67568237882455, 10.67568237882455, 'APPROACH-BLIND'
11, 3971, 10.650540210977514, 10.650540210977514, 'APPROACH-BLIND'
11, 3972, 10.663027047958243, 10.663027047958243, 'APPROACH-BLIND'
11, 3973, 10.675513884938972, 10.675513884938972, 'APPROACH-BLIND'
11, 3974, 10.688000721919702, 10.688000721919702, 'APPROACH-BLIND'
11, 3975, 10.663685550969657, 10.663685550969657, 'APPROACH-BLIND'
11, 3976, 10.676712002321418, 10.676712002321418, 'APPROACH-BLIND'
11, 3977, 10.68973845367318, 10.68973845367318, 'APPROACH-BLIND'
11, 3978, 10.70276490502494, 10.70276490502494, 'APPROACH-BLIND'
11, 3979, 10.715791356376702, 10.715791356376702, 'APPROACH-BLIND'
11, 3980, 10.692493194419905, 10.692493194419905, 'APPROACH-BLIND'
11, 3981, 10.669195032463108, 10.669195032463108, 'APPROACH-BLIND'
11, 3982, 10.645896870506311, 10.645896870506311, 'APPROACH-BLIND'
11, 3983, 10.660359509447725, 10.660359509447725, 'APPROACH-BLIND'
11, 3984, 10.674822148389138, 10.674822148389138, 'APPROACH-BLIND'
11, 3985, 10.689284787330552, 10.689284787330552, 'APPROACH-BLIND'
11, 3986, 10.666652302366298, 10.666652302366298, 'APPROACH-BLIND'
11, 3987, 10.644019817402045, 10.644019817402045, 'APPROACH-BLIND'
11, 3988, 10.621387332437791, 10.621387332437791, 'APPROACH-BLIND'
11, 3989, 10.636987102147708, 10.636987102147708, 'APPROACH-BLIND'
11, 3990, 10.652586871857626, 10.652586871857626, 'APPROACH-BLIND'
11, 3991, 10.630343444840985, 10.630343444840985, 'APPROACH-BLIND'
11, 3992, 10.608100017824345, 10.608100017824345, 'APPROACH-BLIND'
11, 3993, 10.585856590807705, 10.585856590807705, 'APPROACH-BLIND'
11, 3994, 10.602339657299375, 10.602339657299375, 'APPROACH-BLIND'
11, 3995, 10.618822723791045, 10.618822723791045, 'APPROACH-BLIND'
11, 3996, 10.635305790282715, 10.635305790282715, 'APPROACH-BLIND'
11, 3997, 10.613388858128715, 10.613388858128715, 'APPROACH-BLIND'
11, 3998, 10.591471925974716, 10.591471925974716, 'APPROACH-BLIND'
11, 3999, 10.569554993820717, 10.569554993820717, 'APPROACH-BLIND'
11, 4000, 10.547638061666717, 10.547638061666717, 'APPROACH-BLIND'
11, 4001, 10.525721129512718, 10.525721129512718, 'APPROACH-BLIND'
11, 4002, 10.503804197358718, 10.503804197358718, 'APPROACH-BLIND'
11, 4003, 10.481887265204719, 10.481887265204719, 'APPROACH-BLIND'
11, 4004, 10.504384671168104, 10.504384671168104, 'APPROACH-BLIND'
11, 4005, 10.531395462680365, 10.531395462680365, 'APPROACH-BLIND'
11, 4006, 10.558406254192626, 10.558406254192626, 'APPROACH-BLIND'
11, 4007, 10.585417045704887, 10.585417045704887, 'APPROACH-BLIND'
11, 4008, 10.612427837217147, 10.612427837217147, 'APPROACH-BLIND'
11, 4009, 10.639438628729408, 10.639438628729408, 'APPROACH-BLIND'
11, 4010, 10.666449420241669, 10.666449420241669, 'APPROACH-BLIND'
11, 4011, 10.69346021175393, 10.69346021175393, 'APPROACH-BLIND'
11, 4012, 10.72047100326619, 10.72047100326619, 'APPROACH-BLIND'
11, 4013, 10.747481794778452, 10.747481794778452, 'APPROACH-BLIND'
11, 4014, 10.774492586290712, 10.774492586290712, 'APPROACH-BLIND'
11, 4015, 10.801503377802973, 10.801503377802973, 'APPROACH-BLIND'
11, 4016, 10.828514169315234, 10.828514169315234, 'APPROACH-BLIND'
11, 4017, 10.855524960827495, 10.855524960827495, 'APPROACH-BLIND'
11, 4018, 10.882535752339756, 10.882535752339756, 'APPROACH-BLIND'
11, 4019, 10.909546543852016, 10.909546543852016, 'APPROACH-BLIND'
11, 4020, 10.936557335364277, 10.936557335364277, 'APPROACH-BLIND'
11, 4021, 10.963568126876538, 10.963568126876538, 'APPROACH-BLIND'
11, 4022, 10.990578918388799, 10.990578918388799, 'APPROACH-BLIND'
11, 4023, 11.01758970990106, 11.01758970990106, 'APPROACH-BLIND'
11, 4024, 11.04460050141332, 11.04460050141332, 'APPROACH-BLIND'
11, 4025, 11.071611292925581, 11.071611292925581, 'APPROACH-BLIND'
11, 4026, 11.098622084437842, 11.098622084437842, 'APPROACH-BLIND'
11, 4027, 11.125632875950103, 11.125632875950103, 'APPROACH-BLIND'
11, 4028, 11.152643667462364, 11.152643667462364, 'APPROACH-BLIND'
11, 4029, 11.179654458974625, 11.179654458974625, 'APPROACH-BLIND'
11, 4030, 11.206665250486886, 11.206665250486886, 'APPROACH-BLIND'
11, 4031, 11.233676041999146, 11.233676041999146, 'APPROACH-BLIND'
11, 4032, 11.260686833511407, 11.260686833511407, 'APPROACH-BLIND'
11, 4033, 11.287697625023668, 11.287697625023668, 'APPROACH-BLIND'
11, 4034, 11.314708416535929, 11.314708416535929, 'APPROACH-BLIND'
11, 4035, 11.34171920804819, 11.34171920804819, 'APPROACH-BLIND'
11, 4036, 11.36872999956045, 11.36872999956045, 'APPROACH-BLIND'
11, 4037, 11.395740791072711, 11.395740791072711, 'APPROACH-BLIND'
11, 4038, 11.422751582584972, 11.422751582584972, 'APPROACH-BLIND'
11, 4039, 11.449762374097233, 11.449762374097233, 'APPROACH-BLIND'
11, 4040, 11.476773165609494, 11.476773165609494, 'APPROACH-BLIND'
11, 4041, 11.503783957121755, 11.503783957121755, 'APPROACH-BLIND'
11, 4042, 11.531474162772454, 11.531474162772454, 'APPROACH-BLIND'
11, 4043, 11.559164368423154, 11.559164368423154, 'APPROACH-BLIND'
11, 4044, 11.586854574073854, 11.586854574073854, 'APPROACH-BLIND'
11, 4045, 11.614544779724554, 11.614544779724554, 'APPROACH-BLIND'
11, 4046, 11.642234985375254, 11.642234985375254, 'APPROACH-BLIND'
11, 4047, 11.669925191025953, 11.669925191025953, 'APPROACH-BLIND'
11, 4048, 11.697615396676653, 11.697615396676653, 'APPROACH-BLIND'
11, 4049, 11.725305602327353, 11.725305602327353, 'APPROACH-BLIND'
11, 4050, 11.752995807978053, 11.752995807978053, 'APPROACH-BLIND'
11, 4051, 11.780686013628753, 11.780686013628753, 'APPROACH-BLIND'
11, 4052, 11.808376219279452, 11.808376219279452, 'APPROACH-BLIND'
11, 4053, 11.836066424930152, 11.836066424930152, 'APPROACH-BLIND'
11, 4054, 11.863756630580852, 11.863756630580852, 'APPROACH-BLIND'
11, 4055, 11.891446836231552, 11.891446836231552, 'APPROACH-BLIND'
11, 4056, 11.919137041882252, 11.919137041882252, 'APPROACH-BLIND'
11, 4057, 11.946827247532951, 11.946827247532951, 'APPROACH-BLIND'
11, 4058, 11.974517453183651, 11.974517453183651, 'APPROACH-BLIND'
11, 4059, 12.002207658834351, 12.002207658834351, 'APPROACH-BLIND'
11, 4060, 12.02989786448505, 12.02989786448505, 'APPROACH-BLIND'
11, 4061, 12.05758807013575, 12.05758807013575, 'APPROACH-BLIND'
11, 4062, 12.08527827578645, 12.08527827578645, 'APPROACH-BLIND'
11, 4063, 12.11296848143715, 12.11296848143715, 'APPROACH-BLIND'
11, 4064, 12.14065868708785, 12.14065868708785, 'APPROACH-BLIND'
11, 4065, 12.16834889273855, 12.16834889273855, 'APPROACH-BLIND'
11, 4066, 12.19603909838925, 12.19603909838925, 'APPROACH-BLIND'
11, 4067, 12.22372930403995, 12.22372930403995, 'APPROACH-BLIND'
11, 4068, 12.251419509690649, 12.251419509690649, 'APPROACH-BLIND'
11, 4069, 12.27910971534135, 12.27910971534135, 'APPROACH-BLIND'
11, 4070, 12.306799920992052, 12.306799920992052, 'APPROACH-BLIND'
11, 4071, 12.334490126642754, 12.334490126642754, 'APPROACH-BLIND'
11, 4072, 12.362180332293455, 12.362180332293455, 'APPROACH-BLIND'
11, 4073, 12.389870537944157, 12.389870537944157, 'APPROACH-BLIND'
11, 4074, 12.417560743594859, 12.417560743594859, 'APPROACH-BLIND'
11, 4075, 12.44525094924556, 12.44525094924556, 'APPROACH-BLIND'
11, 4076, 12.472941154896262, 12.472941154896262, 'APPROACH-BLIND'
11, 4077, 12.500631360546963, 12.500631360546963, 'APPROACH-BLIND'
11, 4078, 12.52839938348173, 12.52839938348173, 'APPROACH-BLIND'
11, 4079, 12.556167406416497, 12.556167406416497, 'APPROACH-BLIND'
11, 4080, 12.583935429351264, 12.583935429351264, 'APPROACH-BLIND'
11, 4081, 12.611703452286031, 12.611703452286031, 'APPROACH-BLIND'
11, 4082, 12.639471475220798, 12.639471475220798, 'APPROACH-BLIND'
11, 4083, 12.667239498155565, 12.667239498155565, 'APPROACH-BLIND'
11, 4084, 12.695007521090332, 12.695007521090332, 'APPROACH-BLIND'
11, 4085, 12.7227755440251, 12.7227755440251, 'APPROACH-BLIND'
11, 4086, 12.750543566959866, 12.750543566959866, 'APPROACH-BLIND'
11, 4087, 12.778311589894633, 12.778311589894633, 'APPROACH-BLIND'
11, 4088, 12.8060796128294, 12.8060796128294, 'APPROACH-BLIND'
11, 4089, 12.833847635764167, 12.833847635764167, 'APPROACH-BLIND'
11, 4090, 12.861615658698934, 12.861615658698934, 'APPROACH-BLIND'
11, 4091, 12.889383681633701, 12.889383681633701, 'APPROACH-BLIND'
11, 4092, 12.917151704568468, 12.917151704568468, 'APPROACH-BLIND'
11, 4093, 12.944919727503235, 12.944919727503235, 'APPROACH-BLIND'
11, 4094, 12.972687750438002, 12.972687750438002, 'APPROACH-BLIND'
11, 4095, 13.000455773372769, 13.000455773372769, 'APPROACH-BLIND'
11, 4096, 13.028223796307536, 13.028223796307536, 'APPROACH-BLIND'
11, 4097, 13.055991819242303, 13.055991819242303, 'APPROACH-BLIND'
11, 4098, 13.08375984217707, 13.08375984217707, 'APPROACH-BLIND'
11, 4099, 13.111527865111837, 13.111527865111837, 'APPROACH-BLIND'
11, 4100, 13.139295888046604, 13.139295888046604, 'APPROACH-BLIND'
11, 4101, 13.167063910981371, 13.167063910981371, 'APPROACH-BLIND'
11, 4102, 13.194831933916138, 13.194831933916138, 'APPROACH-BLIND'
11, 4103, 13.222599956850905, 13.222599956850905, 'APPROACH-BLIND'
11, 4104, 13.250367979785672, 13.250367979785672, 'APPROACH-BLIND'
11, 4105, 13.278136002720439, 13.278136002720439, 'APPROACH-BLIND'
11, 4106, 13.305904025655206, 13.305904025655206, 'APPROACH-BLIND'
11, 4107, 13.333672048589973, 13.333672048589973, 'APPROACH-BLIND'
11, 4108, 13.36144007152474, 13.36144007152474, 'APPROACH-BLIND'
11, 4109, 13.389208094459507, 13.389208094459507, 'APPROACH-BLIND'
11, 4110, 13.416976117394274, 13.416976117394274, 'APPROACH-BLIND'
11, 4111, 13.44474414032904, 13.44474414032904, 'APPROACH-BLIND'
11, 4112, 13.472512163263808, 13.472512163263808, 'APPROACH-BLIND'
11, 4113, 13.500280186198575, 13.500280186198575, 'APPROACH-BLIND'
11, 4114, 13.528056880407359, 13.528056880407359, 'APPROACH-BLIND'
11, 4115, 13.555833574616143, 13.555833574616143, 'APPROACH-BLIND'
11, 4116, 13.583610268824927, 13.583610268824927, 'APPROACH-BLIND'
11, 4117, 13.611386963033711, 13.611386963033711, 'APPROACH-BLIND'
11, 4118, 13.639163657242495, 13.639163657242495, 'APPROACH-BLIND'
11, 4119, 13.666940351451279, 13.666940351451279, 'APPROACH-BLIND'
11, 4120, 13.694717045660063, 13.694717045660063, 'APPROACH-BLIND'
11, 4121, 13.722493739868847, 13.722493739868847, 'APPROACH-BLIND'
11, 4122, 13.750270434077631, 13.750270434077631, 'APPROACH-BLIND'
11, 4123, 13.778047128286415, 13.778047128286415, 'APPROACH-BLIND'
11, 4124, 13.8058238224952, 13.8058238224952, 'APPROACH-BLIND'
11, 4125, 13.833600516703983, 13.833600516703983, 'APPROACH-BLIND'
11, 4126, 13.861377210912767, 13.861377210912767, 'APPROACH-BLIND'
11, 4127, 13.889153905121551, 13.889153905121551, 'APPROACH-BLIND'
11, 4128, 13.916930599330335, 13.916930599330335, 'APPROACH-BLIND'
11, 4129, 13.94470729353912, 13.94470729353912, 'APPROACH-BLIND'
11, 4130, 13.972483987747903, 13.972483987747903, 'APPROACH-BLIND'
11, 4131, 14.000260681956687, 14.000260681956687, 'APPROACH-BLIND'
11, 4132, 14.028037376165472, 14.028037376165472, 'APPROACH-BLIND'
11, 4133, 14.055814070374256, 14.055814070374256, 'APPROACH-BLIND'
11, 4134, 14.08359076458304, 14.08359076458304, 'APPROACH-BLIND'
11, 4135, 14.111367458791824, 14.111367458791824, 'APPROACH-BLIND'
11, 4136, 14.139144153000608, 14.139144153000608, 'APPROACH-BLIND'
11, 4137, 14.166920847209392, 14.166920847209392, 'APPROACH-BLIND'
11, 4138, 14.194697541418176, 14.194697541418176, 'APPROACH-BLIND'
11, 4139, 14.22247423562696, 14.22247423562696, 'APPROACH-BLIND'
11, 4140, 14.250250929835744, 14.250250929835744, 'APPROACH-BLIND'
11, 4141, 14.278027624044528, 14.278027624044528, 'APPROACH-BLIND'
11, 4142, 14.305804318253312, 14.305804318253312, 'APPROACH-BLIND'
11, 4143, 14.333581012462096, 14.333581012462096, 'APPROACH-BLIND'
11, 4144, 14.36135770667088, 14.36135770667088, 'APPROACH-BLIND'
11, 4145, 14.389134400879664, 14.389134400879664, 'APPROACH-BLIND'
11, 4146, 14.416911095088448, 14.416911095088448, 'APPROACH-BLIND'
11, 4147, 14.444687789297232, 14.444687789297232, 'APPROACH-BLIND'
11, 4148, 14.472464483506016, 14.472464483506016, 'APPROACH-BLIND'
11, 4149, 14.5002411777148, 14.5002411777148, 'APPROACH-BLIND'
11, 4150, 14.528018835167197, 14.528018835167197, 'APPROACH-BLIND'
11, 4151, 14.555796492619594, 14.555796492619594, 'APPROACH-BLIND'
11, 4152, 14.58357415007199, 14.58357415007199, 'APPROACH-BLIND'
11, 4153, 14.611351807524388, 14.611351807524388, 'APPROACH-BLIND'
11, 4154, 14.639129464976785, 14.639129464976785, 'APPROACH-BLIND'
11, 4155, 14.666907122429182, 14.666907122429182, 'APPROACH-BLIND'
11, 4156, 14.694684779881579, 14.694684779881579, 'APPROACH-BLIND'
11, 4157, 14.722462437333975, 14.722462437333975, 'APPROACH-BLIND'
11, 4158, 14.750240094786372, 14.750240094786372, 'APPROACH-BLIND'
11, 4159, 14.77801775223877, 14.77801775223877, 'APPROACH-BLIND'
11, 4160, 14.805795409691166, 14.805795409691166, 'APPROACH-BLIND'
11, 4161, 14.833573067143563, 14.833573067143563, 'APPROACH-BLIND'
11, 4162, 14.86135072459596, 14.86135072459596, 'APPROACH-BLIND'
11, 4163, 14.889128382048357, 14.889128382048357, 'APPROACH-BLIND'
11, 4164, 14.916906039500754, 14.916906039500754, 'APPROACH-BLIND'
11, 4165, 14.94468369695315, 14.94468369695315, 'APPROACH-BLIND'
11, 4166, 14.972461354405548, 14.972461354405548, 'APPROACH-BLIND'
11, 4167, 15.000239011857945, 15.000239011857945, 'APPROACH-BLIND'
11, 4168, 15.028016669310341, 15.028016669310341, 'APPROACH-BLIND'
11, 4169, 15.055794326762738, 15.055794326762738, 'APPROACH-BLIND'
11, 4170, 15.083571984215135, 15.083571984215135, 'APPROACH-BLIND'
11, 4171, 15.111349641667532, 15.111349641667532, 'APPROACH-BLIND'
11, 4172, 15.139127299119929, 15.139127299119929, 'APPROACH-BLIND'
11, 4173, 15.166904956572326, 15.166904956572326, 'APPROACH-BLIND'
11, 4174, 15.194682614024723, 15.194682614024723, 'APPROACH-BLIND'
11, 4175, 15.22246027147712, 15.22246027147712, 'APPROACH-BLIND'
11, 4176, 15.250237928929517, 15.250237928929517, 'APPROACH-BLIND'
11, 4177, 15.278015586381914, 15.278015586381914, 'APPROACH-BLIND'
11, 4178, 15.30579324383431, 15.30579324383431, 'APPROACH-BLIND'
11, 4179, 15.333570901286707, 15.333570901286707, 'APPROACH-BLIND'
11, 4180, 15.361348558739104, 15.361348558739104, 'APPROACH-BLIND'
11, 4181, 15.389126216191501, 15.389126216191501, 'APPROACH-BLIND'
11, 4182, 15.416903873643898, 15.416903873643898, 'APPROACH-BLIND'
11, 4183, 15.444681531096295, 15.444681531096295, 'APPROACH-BLIND'
11, 4184, 15.472459188548692, 15.472459188548692, 'APPROACH-BLIND'
11, 4185, 15.500236846001089, 15.500236846001089, 'APPROACH-BLIND'
11, 4186, 15.512669368756852, 15.512669368756852, 'APPROACH-BLIND'
11, 4187, 15.525101891512614, 15.525101891512614, 'APPROACH-BLIND'
11, 4188, 15.537534414268377, 15.537534414268377, 'APPROACH-BLIND'
11, 4189, 15.54996693702414, 15.54996693702414, 'APPROACH-BLIND'
11, 4190, 15.562399459779904, 15.562399459779904, 'APPROACH-BLIND'
11, 4191, 15.574831982535668, 15.574831982535668, 'APPROACH-BLIND'
11, 4192, 15.587264505291433, 15.587264505291433, 'APPROACH-BLIND'
11, 4193, 15.599697028047197, 15.599697028047197, 'APPROACH-BLIND'
11, 4194, 15.612129550802962, 15.612129550802962, 'APPROACH-BLIND'
11, 4195, 15.624562073558726, 15.624562073558726, 'APPROACH-BLIND'
11, 4196, 15.63699459631449, 15.63699459631449, 'APPROACH-BLIND'
11, 4197, 15.649427119070255, 15.649427119070255, 'APPROACH-BLIND'
11, 4198, 15.66185964182602, 15.66185964182602, 'APPROACH-BLIND'
11, 4199, 15.674292164581784, 15.674292164581784, 'APPROACH-BLIND'
11, 4200, 15.686724687337549, 15.686724687337549, 'APPROACH-BLIND'
11, 4201, 15.699157210093313, 15.699157210093313, 'APPROACH-BLIND'
11, 4202, 15.711589732849077, 15.711589732849077, 'APPROACH-BLIND'
11, 4203, 15.724022255604842, 15.724022255604842, 'APPROACH-BLIND'
11, 4204, 15.736454778360606, 15.736454778360606, 'APPROACH-BLIND'
11, 4205, 15.74888730111637, 15.74888730111637, 'APPROACH-BLIND'
11, 4206, 15.761319823872135, 15.761319823872135, 'APPROACH-BLIND'
11, 4207, 15.787242803497476, 15.787242803497476, 'APPROACH-BLIND'
11, 4208, 15.813165783122816, 15.813165783122816, 'APPROACH-BLIND'
11, 4209, 15.839088762748156, 15.839088762748156, 'APPROACH-BLIND'
11, 4210, 15.865011742373497, 15.865011742373497, 'APPROACH-BLIND'
11, 4211, 15.890934721998837, 15.890934721998837, 'APPROACH-BLIND'
11, 4212, 15.916857701624178, 15.916857701624178, 'APPROACH-BLIND'
11, 4213, 15.942780681249518, 15.942780681249518, 'APPROACH-BLIND'
11, 4214, 15.968703660874858, 15.968703660874858, 'APPROACH-BLIND'
11, 4215, 15.994626640500199, 15.994626640500199, 'APPROACH-BLIND'
11, 4216, 16.02054962012554, 16.02054962012554, 'APPROACH-BLIND'
11, 4217, 16.04647259975088, 16.04647259975088, 'APPROACH-BLIND'
11, 4218, 16.07239557937622, 16.07239557937622, 'APPROACH-BLIND'
11, 4219, 16.09831855900156, 16.09831855900156, 'APPROACH-BLIND'
11, 4220, 16.124241538626897, 16.124241538626897, 'APPROACH-BLIND'
11, 4221, 16.150164518252236, 16.150164518252236, 'APPROACH-BLIND'
11, 4222, 16.176087497877575, 16.176087497877575, 'APPROACH-BLIND'
11, 4223, 16.202010477502913, 16.202010477502913, 'APPROACH-BLIND'
11, 4224, 16.227933457128252, 16.227933457128252, 'APPROACH-BLIND'
11, 4225, 16.25385643675359, 16.25385643675359, 'APPROACH-BLIND'
11, 4226, 16.27977941637893, 16.27977941637893, 'APPROACH-BLIND'
11, 4227, 16.305702396004268, 16.305702396004268, 'APPROACH-BLIND'
11, 4228, 16.331625375629606, 16.331625375629606, 'APPROACH-BLIND'
11, 4229, 16.357548355254945, 16.357548355254945, 'APPROACH-BLIND'
11, 4230, 16.383471334880284, 16.383471334880284, 'APPROACH-BLIND'
11, 4231, 16.409394314505622, 16.409394314505622, 'APPROACH-BLIND'
11, 4232, 16.43531729413096, 16.43531729413096, 'APPROACH-BLIND'
11, 4233, 16.4612402737563, 16.4612402737563, 'APPROACH-BLIND'
11, 4234, 16.487163253381638, 16.487163253381638, 'APPROACH-BLIND'
11, 4235, 16.513086233006977, 16.513086233006977, 'APPROACH-BLIND'
11, 4236, 16.54064585460151, 16.54064585460151, 'APPROACH-BLIND'
11, 4237, 16.568205476196045, 16.568205476196045, 'APPROACH-BLIND'
11, 4238, 16.59576509779058, 16.59576509779058, 'APPROACH-BLIND'
11, 4239, 16.623324719385113, 16.623324719385113, 'APPROACH-BLIND'
11, 4240, 16.650884340979648, 16.650884340979648, 'APPROACH-BLIND'
11, 4241, 16.678443962574182, 16.678443962574182, 'APPROACH-BLIND'
11, 4242, 16.706003584168716, 16.706003584168716, 'APPROACH-BLIND'
11, 4243, 16.73356320576325, 16.73356320576325, 'APPROACH-BLIND'
11, 4244, 16.761122827357784, 16.761122827357784, 'APPROACH-BLIND'
11, 4245, 16.78868244895232, 16.78868244895232, 'APPROACH-BLIND'
11, 4246, 16.816242070546853, 16.816242070546853, 'APPROACH-BLIND'
11, 4247, 16.843801692141387, 16.843801692141387, 'APPROACH-BLIND'
11, 4248, 16.87136131373592, 16.87136131373592, 'APPROACH-BLIND'
11, 4249, 16.898920935330455, 16.898920935330455, 'APPROACH-BLIND'
11, 4250, 16.92648055692499, 16.92648055692499, 'APPROACH-BLIND'
11, 4251, 16.954040178519524, 16.954040178519524, 'APPROACH-BLIND'
11, 4252, 16.981599800114058, 16.981599800114058, 'APPROACH-BLIND'
11, 4253, 17.009159421708592, 17.009159421708592, 'APPROACH-BLIND'
11, 4254, 17.036719043303126, 17.036719043303126, 'APPROACH-BLIND'
11, 4255, 17.06427866489766, 17.06427866489766, 'APPROACH-BLIND'
11, 4256, 17.091838286492194, 17.091838286492194, 'APPROACH-BLIND'
11, 4257, 17.11939790808673, 17.11939790808673, 'APPROACH-BLIND'
11, 4258, 17.146957529681263, 17.146957529681263, 'APPROACH-BLIND'
11, 4259, 17.174517151275797, 17.174517151275797, 'APPROACH-BLIND'
11, 4260, 17.20207677287033, 17.20207677287033, 'APPROACH-BLIND'
11, 4261, 17.229636394464865, 17.229636394464865, 'APPROACH-BLIND'
11, 4262, 17.2571960160594, 17.2571960160594, 'APPROACH-BLIND'
11, 4263, 17.284755637653934, 17.284755637653934, 'APPROACH-BLIND'
11, 4264, 17.312315259248468, 17.312315259248468, 'APPROACH-BLIND'
11, 4265, 17.339874880843002, 17.339874880843002, 'APPROACH-BLIND'
11, 4266, 17.367434502437536, 17.367434502437536, 'APPROACH-BLIND'
11, 4267, 17.39499412403207, 17.39499412403207, 'APPROACH-BLIND'
11, 4268, 17.422553745626605, 17.422553745626605, 'APPROACH-BLIND'
11, 4269, 17.45011336722114, 17.45011336722114, 'APPROACH-BLIND'
11, 4270, 17.477672988815673, 17.477672988815673, 'APPROACH-BLIND'
11, 4271, 17.505232610410207, 17.505232610410207, 'APPROACH-BLIND'
11, 4272, 17.53298623383395, 17.53298623383395, 'APPROACH-BLIND'
11, 4273, 17.56073985725769, 17.56073985725769, 'APPROACH-BLIND'
11, 4274, 17.588493480681432, 17.588493480681432, 'APPROACH-BLIND'
11, 4275, 17.616247104105174, 17.616247104105174, 'APPROACH-BLIND'
11, 4276, 17.644000727528915, 17.644000727528915, 'APPROACH-BLIND'
11, 4277, 17.671754350952657, 17.671754350952657, 'APPROACH-BLIND'
11, 4278, 17.6995079743764, 17.6995079743764, 'APPROACH-BLIND'
11, 4279, 17.72726159780014, 17.72726159780014, 'APPROACH-BLIND'
11, 4280, 17.755015221223882, 17.755015221223882, 'APPROACH-BLIND'
11, 4281, 17.782768844647624, 17.782768844647624, 'APPROACH-BLIND'
11, 4282, 17.810522468071365, 17.810522468071365, 'APPROACH-BLIND'
11, 4283, 17.838276091495107, 17.838276091495107, 'APPROACH-BLIND'
11, 4284, 17.86602971491885, 17.86602971491885, 'APPROACH-BLIND'
11, 4285, 17.89378333834259, 17.89378333834259, 'APPROACH-BLIND'
11, 4286, 17.921536961766332, 17.921536961766332, 'APPROACH-BLIND'
11, 4287, 17.949290585190074, 17.949290585190074, 'APPROACH-BLIND'
11, 4288, 17.977044208613815, 17.977044208613815, 'APPROACH-BLIND'
11, 4289, 18.004797832037557, 18.004797832037557, 'APPROACH-BLIND'
11, 4290, 18.0325514554613, 18.0325514554613, 'APPROACH-BLIND'
11, 4291, 18.06030507888504, 18.06030507888504, 'APPROACH-BLIND'
11, 4292, 18.088058702308782, 18.088058702308782, 'APPROACH-BLIND'
11, 4293, 18.115812325732524, 18.115812325732524, 'APPROACH-BLIND'
11, 4294, 18.143565949156265, 18.143565949156265, 'APPROACH-BLIND'
11, 4295, 18.171319572580007, 18.171319572580007, 'APPROACH-BLIND'
11, 4296, 18.19907319600375, 18.19907319600375, 'APPROACH-BLIND'
11, 4297, 18.22682681942749, 18.22682681942749, 'APPROACH-BLIND'
11, 4298, 18.254580442851232, 18.254580442851232, 'APPROACH-BLIND'
11, 4299, 18.282334066274974, 18.282334066274974, 'APPROACH-BLIND'
11, 4300, 18.310087689698715, 18.310087689698715, 'APPROACH-BLIND'
11, 4301, 18.337841313122457, 18.337841313122457, 'APPROACH-BLIND'
11, 4302, 18.3655949365462, 18.3655949365462, 'APPROACH-BLIND'
11, 4303, 18.39334855996994, 18.39334855996994, 'APPROACH-BLIND'
11, 4304, 18.421102183393682, 18.421102183393682, 'APPROACH-BLIND'
11, 4305, 18.448855806817424, 18.448855806817424, 'APPROACH-BLIND'
11, 4306, 18.476609430241165, 18.476609430241165, 'APPROACH-BLIND'
11, 4307, 18.504363053664907, 18.504363053664907, 'APPROACH-BLIND'
11, 4308, 18.53213817576801, 18.53213817576801, 'APPROACH-BLIND'
11, 4309, 18.559913297871116, 18.559913297871116, 'APPROACH-BLIND'
11, 4310, 18.58768841997422, 18.58768841997422, 'APPROACH-BLIND'
11, 4311, 18.615463542077325, 18.615463542077325, 'APPROACH-BLIND'
11, 4312, 18.64323866418043, 18.64323866418043, 'APPROACH-BLIND'
11, 4313, 18.671013786283535, 18.671013786283535, 'APPROACH-BLIND'
11, 4314, 18.69878890838664, 18.69878890838664, 'APPROACH-BLIND'
11, 4315, 18.726564030489744, 18.726564030489744, 'APPROACH-BLIND'
11, 4316, 18.75433915259285, 18.75433915259285, 'APPROACH-BLIND'
11, 4317, 18.782114274695953, 18.782114274695953, 'APPROACH-BLIND'
11, 4318, 18.809889396799058, 18.809889396799058, 'APPROACH-BLIND'
11, 4319, 18.837664518902162, 18.837664518902162, 'APPROACH-BLIND'
11, 4320, 18.865439641005267, 18.865439641005267, 'APPROACH-BLIND'
11, 4321, 18.89321476310837, 18.89321476310837, 'APPROACH-BLIND'
11, 4322, 18.920989885211476, 18.920989885211476, 'APPROACH-BLIND'
11, 4323, 18.94876500731458, 18.94876500731458, 'APPROACH-BLIND'
11, 4324, 18.976540129417685, 18.976540129417685, 'APPROACH-BLIND'
11, 4325, 19.00431525152079, 19.00431525152079, 'APPROACH-BLIND'
11, 4326, 19.032090373623895, 19.032090373623895, 'APPROACH-BLIND'
11, 4327, 19.059865495727, 19.059865495727, 'APPROACH-BLIND'
11, 4328, 19.087640617830104, 19.087640617830104, 'APPROACH-BLIND'
11, 4329, 19.11541573993321, 19.11541573993321, 'APPROACH-BLIND'
11, 4330, 19.143190862036313, 19.143190862036313, 'APPROACH-BLIND'
11, 4331, 19.170965984139418, 19.170965984139418, 'APPROACH-BLIND'
11, 4332, 19.198741106242522, 19.198741106242522, 'APPROACH-BLIND'
11, 4333, 19.226516228345627, 19.226516228345627, 'APPROACH-BLIND'
11, 4334, 19.25429135044873, 19.25429135044873, 'APPROACH-BLIND'
11, 4335, 19.282066472551836, 19.282066472551836, 'APPROACH-BLIND'
11, 4336, 19.30984159465494, 19.30984159465494, 'APPROACH-BLIND'
11, 4337, 19.337616716758045, 19.337616716758045, 'APPROACH-BLIND'
11, 4338, 19.36539183886115, 19.36539183886115, 'APPROACH-BLIND'
11, 4339, 19.393166960964255, 19.393166960964255, 'APPROACH-BLIND'
11, 4340, 19.42094208306736, 19.42094208306736, 'APPROACH-BLIND'
11, 4341, 19.448717205170464, 19.448717205170464, 'APPROACH-BLIND'
11, 4342, 19.47649232727357, 19.47649232727357, 'APPROACH-BLIND'
11, 4343, 19.504267449376673, 19.504267449376673, 'APPROACH-BLIND'
11, 4344, 19.51653744413215, 19.51653744413215, 'APPROACH-BLIND'
11, 4345, 19.52880743888763, 19.52880743888763, 'APPROACH-BLIND'
11, 4346, 19.541077433643107, 19.541077433643107, 'APPROACH-BLIND'
11, 4347, 19.553347428398585, 19.553347428398585, 'APPROACH-BLIND'
11, 4348, 19.565617423154062, 19.565617423154062, 'APPROACH-BLIND'
11, 4349, 19.57788741790954, 19.57788741790954, 'APPROACH-BLIND'
11, 4350, 19.590157412665018, 19.590157412665018, 'APPROACH-BLIND'
11, 4351, 19.602427407420496, 19.602427407420496, 'APPROACH-BLIND'
11, 4352, 19.614697402175974, 19.614697402175974, 'APPROACH-BLIND'
11, 4353, 19.62696739693145, 19.62696739693145, 'APPROACH-BLIND'
11, 4354, 19.63923739168693, 19.63923739168693, 'APPROACH-BLIND'
11, 4355, 19.651507386442407, 19.651507386442407, 'APPROACH-BLIND'
11, 4356, 19.663777381197885, 19.663777381197885, 'APPROACH-BLIND'
11, 4357, 19.676047375953363, 19.676047375953363, 'APPROACH-BLIND'
11, 4358, 19.68831737070884, 19.68831737070884, 'APPROACH-BLIND'
11, 4359, 19.70058736546432, 19.70058736546432, 'APPROACH-BLIND'
11, 4360, 19.712857360219797, 19.712857360219797, 'APPROACH-BLIND'
11, 4361, 19.725127354975275, 19.725127354975275, 'APPROACH-BLIND'
11, 4362, 19.737397349730752, 19.737397349730752, 'APPROACH-BLIND'
11, 4363, 19.74966734448623, 19.74966734448623, 'APPROACH-BLIND'
11, 4364, 19.761937339241708, 19.761937339241708, 'APPROACH-BLIND'
11, 4365, 19.787811877744296, 19.787811877744296, 'APPROACH-BLIND'
11, 4366, 19.813686416246885, 19.813686416246885, 'APPROACH-BLIND'
11, 4367, 19.839560954749473, 19.839560954749473, 'APPROACH-BLIND'
11, 4368, 19.86543549325206, 19.86543549325206, 'APPROACH-BLIND'
11, 4369, 19.89131003175465, 19.89131003175465, 'APPROACH-BLIND'
11, 4370, 19.917184570257238, 19.917184570257238, 'APPROACH-BLIND'
11, 4371, 19.943059108759826, 19.943059108759826, 'APPROACH-BLIND'
11, 4372, 19.968933647262414, 19.968933647262414, 'APPROACH-BLIND'
11, 4373, 19.994808185765002, 19.994808185765002, 'APPROACH-BLIND'
11, 4374, 20.02068272426759, 20.02068272426759, 'APPROACH-BLIND'
11, 4375, 20.04655726277018, 20.04655726277018, 'APPROACH-BLIND'
11, 4376, 20.072431801272767, 20.072431801272767, 'APPROACH-BLIND'
11, 4377, 20.098306339775355, 20.098306339775355, 'APPROACH-BLIND'
11, 4378, 20.124180878277944, 20.124180878277944, 'APPROACH-BLIND'
11, 4379, 20.150055416780532, 20.150055416780532, 'APPROACH-BLIND'
11, 4380, 20.17592995528312, 20.17592995528312, 'APPROACH-BLIND'
11, 4381, 20.20180449378571, 20.20180449378571, 'APPROACH-BLIND'
11, 4382, 20.227679032288297, 20.227679032288297, 'APPROACH-BLIND'
11, 4383, 20.253553570790885, 20.253553570790885, 'APPROACH-BLIND'
11, 4384, 20.279428109293473, 20.279428109293473, 'APPROACH-BLIND'
11, 4385, 20.30530264779606, 20.30530264779606, 'APPROACH-BLIND'
11, 4386, 20.33117718629865, 20.33117718629865, 'APPROACH-BLIND'
11, 4387, 20.357051724801238, 20.357051724801238, 'APPROACH-BLIND'
11, 4388, 20.382926263303826, 20.382926263303826, 'APPROACH-BLIND'
11, 4389, 20.408800801806414, 20.408800801806414, 'APPROACH-BLIND'
11, 4390, 20.434675340309003, 20.434675340309003, 'APPROACH-BLIND'
11, 4391, 20.46054987881159, 20.46054987881159, 'APPROACH-BLIND'
11, 4392, 20.48642441731418, 20.48642441731418, 'APPROACH-BLIND'
11, 4393, 20.512298955816767, 20.512298955816767, 'APPROACH-BLIND'
11, 4394, 20.522829322153747, 20.522829322153747, 'APPROACH-BLIND'
11, 4395, 20.533359688490727, 20.533359688490727, 'APPROACH-BLIND'
11, 4396, 20.543890054827706, 20.543890054827706, 'APPROACH-BLIND'
11, 4397, 20.554420421164686, 20.554420421164686, 'APPROACH-BLIND'
11, 4398, 20.564950787501665, 20.564950787501665, 'APPROACH-BLIND'
11, 4399, 20.575481153838645, 20.575481153838645, 'APPROACH-BLIND'
11, 4400, 20.586011520175624, 20.586011520175624, 'APPROACH-BLIND'
11, 4401, 20.596541886512604, 20.596541886512604, 'APPROACH-BLIND'
11, 4402, 20.607072252849584, 20.607072252849584, 'APPROACH-BLIND'
11, 4403, 20.617602619186563, 20.617602619186563, 'APPROACH-BLIND'
11, 4404, 20.628132985523543, 20.628132985523543, 'APPROACH-BLIND'
11, 4405, 20.638663351860526, 20.638663351860526, 'APPROACH-BLIND'
11, 4406, 20.649193718197505, 20.649193718197505, 'APPROACH-BLIND'
11, 4407, 20.659724084534485, 20.659724084534485, 'APPROACH-BLIND'
11, 4408, 20.670254450871465, 20.670254450871465, 'APPROACH-BLIND'
11, 4409, 20.680784817208448, 20.680784817208448, 'APPROACH-BLIND'
11, 4410, 20.691315183545427, 20.691315183545427, 'APPROACH-BLIND'
11, 4411, 20.701845549882407, 20.701845549882407, 'APPROACH-BLIND'
11, 4412, 20.71237591621939, 20.71237591621939, 'APPROACH-BLIND'
11, 4413, 20.72290628255637, 20.72290628255637, 'APPROACH-BLIND'
11, 4414, 20.73343664889335, 20.73343664889335, 'APPROACH-BLIND'
11, 4415, 20.743967015230332, 20.743967015230332, 'APPROACH-BLIND'
11, 4416, 20.75449738156731, 20.75449738156731, 'APPROACH-BLIND'
11, 4417, 20.76502774790429, 20.76502774790429, 'APPROACH-BLIND'
11, 4418, 20.775558114241274, 20.775558114241274, 'APPROACH-BLIND'
11, 4419, 20.786088480578254, 20.786088480578254, 'APPROACH-BLIND'
11, 4420, 20.796618846915234, 20.796618846915234, 'APPROACH-BLIND'
11, 4421, 20.800359710331822, 20.800359710331822, 'APPROACH-BLIND'
11, 4422, 20.80410057374841, 20.80410057374841, 'APPROACH-BLIND'
11, 4423, 20.807841437165, 20.807841437165, 'APPROACH-BLIND'
11, 4424, 20.811582300581588, 20.811582300581588, 'APPROACH-BLIND'
11, 4425, 20.815323163998176, 20.815323163998176, 'APPROACH-BLIND'
11, 4426, 20.819064027414765, 20.819064027414765, 'APPROACH-BLIND'
11, 4427, 20.822804890831353, 20.822804890831353, 'APPROACH-BLIND'
11, 4428, 20.82654575424794, 20.82654575424794, 'APPROACH-BLIND'
11, 4429, 20.83028661766453, 20.83028661766453, 'APPROACH-BLIND'
11, 4430, 20.83402748108112, 20.83402748108112, 'APPROACH-BLIND'
11, 4431, 20.837768344497707, 20.837768344497707, 'APPROACH-BLIND'
11, 4432, 20.841509207914296, 20.841509207914296, 'APPROACH-BLIND'
11, 4433, 20.845250071330884, 20.845250071330884, 'APPROACH-BLIND'
11, 4434, 20.848990934747473, 20.848990934747473, 'APPROACH-BLIND'
11, 4435, 20.85273179816406, 20.85273179816406, 'APPROACH-BLIND'
11, 4436, 20.85647266158065, 20.85647266158065, 'APPROACH-BLIND'
11, 4437, 20.86021352499724, 20.86021352499724, 'APPROACH-BLIND'
11, 4438, 20.863954388413827, 20.863954388413827, 'APPROACH-BLIND'
11, 4439, 20.867695251830416, 20.867695251830416, 'APPROACH-BLIND'
11, 4440, 20.871436115247004, 20.871436115247004, 'APPROACH-BLIND'
11, 4441, 20.875176978663593, 20.875176978663593, 'APPROACH-BLIND'
11, 4442, 20.87891784208018, 20.87891784208018, 'APPROACH-BLIND'
11, 4443, 20.88265870549677, 20.88265870549677, 'APPROACH-BLIND'
11, 4444, 20.886399568913358, 20.886399568913358, 'APPROACH-BLIND'
11, 4445, 20.890140432329947, 20.890140432329947, 'APPROACH-BLIND'
11, 4446, 20.89388129574653, 20.89388129574653, 'APPROACH-BLIND'
11, 4447, 20.89762215916312, 20.89762215916312, 'APPROACH-BLIND'
11, 4448, 20.90136302257971, 20.90136302257971, 'APPROACH-BLIND'
11, 4449, 20.905103885996294, 20.905103885996294, 'APPROACH-BLIND'
11, 4450, 20.908844749412882, 20.908844749412882, 'APPROACH-BLIND'
11, 4451, 20.91258561282947, 20.91258561282947, 'APPROACH-BLIND'
11, 4452, 20.91632647624606, 20.91632647624606, 'APPROACH-BLIND'
11, 4453, 20.920067339662644, 20.920067339662644, 'APPROACH-BLIND'
11, 4454, 20.923808203079233, 20.923808203079233, 'APPROACH-BLIND'
11, 4455, 20.92754906649582, 20.92754906649582, 'APPROACH-BLIND'
11, 4456, 20.93128992991241, 20.93128992991241, 'APPROACH-BLIND'
11, 4457, 20.935030793328995, 20.935030793328995, 'APPROACH-BLIND'
11, 4458, 20.910297883848266, 20.910297883848266, 'APPROACH-BLIND'
11, 4459, 20.885564974367536, 20.885564974367536, 'APPROACH-BLIND'
11, 4460, 20.860832064886807, 20.860832064886807, 'APPROACH-BLIND'
11, 4461, 20.836099155406078, 20.836099155406078, 'APPROACH-BLIND'
11, 4462, 20.81136624592535, 20.81136624592535, 'APPROACH-BLIND'
11, 4463, 20.78663333644462, 20.78663333644462, 'APPROACH-BLIND'
11, 4464, 20.76190042696389, 20.76190042696389, 'APPROACH-BLIND'
11, 4465, 20.73716751748316, 20.73716751748316, 'APPROACH-BLIND'
11, 4466, 20.712434608002432, 20.712434608002432, 'APPROACH-BLIND'
11, 4467, 20.687701698521703, 20.687701698521703, 'APPROACH-BLIND'
11, 4468, 20.662968789040974, 20.662968789040974, 'APPROACH-BLIND'
11, 4469, 20.638235879560245, 20.638235879560245, 'APPROACH-BLIND'
11, 4470, 20.613502970079516, 20.613502970079516, 'APPROACH-BLIND'
11, 4471, 20.588770060598787, 20.588770060598787, 'APPROACH-BLIND'
11, 4472, 20.564037151118058, 20.564037151118058, 'APPROACH-BLIND'
11, 4473, 20.53930424163733, 20.53930424163733, 'APPROACH-BLIND'
11, 4474, 20.5145713321566, 20.5145713321566, 'APPROACH-BLIND'
11, 4475, 20.48983842267587, 20.48983842267587, 'APPROACH-BLIND'
11, 4476, 20.479706535419076, 20.479706535419076, 'APPROACH-BLIND'
11, 4477, 20.469574648162283, 20.469574648162283, 'APPROACH-BLIND'
11, 4478, 20.45944276090549, 20.45944276090549, 'APPROACH-BLIND'
11, 4479, 20.449310873648695, 20.449310873648695, 'APPROACH-BLIND'
11, 4480, 20.4391789863919, 20.4391789863919, 'APPROACH-BLIND'
11, 4481, 20.429047099135108, 20.429047099135108, 'APPROACH-BLIND'
11, 4482, 20.418915211878314, 20.418915211878314, 'APPROACH-BLIND'
11, 4483, 20.40878332462152, 20.40878332462152, 'APPROACH-BLIND'
11, 4484, 20.398651437364727, 20.398651437364727, 'APPROACH-BLIND'
11, 4485, 20.388519550107933, 20.388519550107933, 'APPROACH-BLIND'
11, 4486, 20.37838766285114, 20.37838766285114, 'APPROACH-BLIND'
11, 4487, 20.368255775594346, 20.368255775594346, 'APPROACH-BLIND'
11, 4488, 20.358123888337552, 20.358123888337552, 'APPROACH-BLIND'
11, 4489, 20.34799200108076, 20.34799200108076, 'APPROACH-BLIND'
11, 4490, 20.337860113823965, 20.337860113823965, 'APPROACH-BLIND'
11, 4491, 20.32772822656717, 20.32772822656717, 'APPROACH-BLIND'
11, 4492, 20.317596339310377, 20.317596339310377, 'APPROACH-BLIND'
11, 4493, 20.307464452053583, 20.307464452053583, 'APPROACH-BLIND'
11, 4494, 20.29733256479679, 20.29733256479679, 'APPROACH-BLIND'
11, 4495, 20.287200677539996, 20.287200677539996, 'APPROACH-BLIND'
11, 4496, 20.277068790283202, 20.277068790283202, 'APPROACH-BLIND'
11, 4497, 20.266936903026405, 20.266936903026405, 'APPROACH-BLIND'
11, 4498, 20.256805015769608, 20.256805015769608, 'APPROACH-BLIND'
11, 4499, 20.24667312851281, 20.24667312851281, 'APPROACH-BLIND'
11, 4500, 20.236541241256017, 20.236541241256017, 'APPROACH-BLIND'
11, 4501, 20.22640935399922, 20.22640935399922, 'APPROACH-BLIND'
11, 4502, 20.216277466742422, 20.216277466742422, 'APPROACH-BLIND'
11, 4503, 20.20614557948563, 20.20614557948563, 'APPROACH-BLIND'
11, 4504, 20.19601369222883, 20.19601369222883, 'APPROACH-BLIND'
11, 4505, 20.185881804972034, 20.185881804972034, 'APPROACH-BLIND'
11, 4506, 20.209880723774827, 20.209880723774827, 'APPROACH-BLIND'
11, 4507, 20.23387964257762, 20.23387964257762, 'APPROACH-BLIND'
11, 4508, 20.257878561380412, 20.257878561380412, 'APPROACH-BLIND'
11, 4509, 20.281877480183205, 20.281877480183205, 'APPROACH-BLIND'
11, 4510, 20.305876398985998, 20.305876398985998, 'APPROACH-BLIND'
11, 4511, 20.32987531778879, 20.32987531778879, 'APPROACH-BLIND'
11, 4512, 20.353874236591583, 20.353874236591583, 'APPROACH-BLIND'
11, 4513, 20.377873155394376, 20.377873155394376, 'APPROACH-BLIND'
11, 4514, 20.40187207419717, 20.40187207419717, 'APPROACH-BLIND'
11, 4515, 20.42587099299996, 20.42587099299996, 'APPROACH-BLIND'
11, 4516, 20.449869911802757, 20.449869911802757, 'APPROACH-BLIND'
11, 4517, 20.47386883060555, 20.47386883060555, 'APPROACH-BLIND'
11, 4518, 20.497867749408346, 20.497867749408346, 'APPROACH-BLIND'
11, 4519, 20.52186666821114, 20.52186666821114, 'APPROACH-BLIND'
11, 4520, 20.53159562747815, 20.53159562747815, 'APPROACH-BLIND'
11, 4521, 20.541324586745162, 20.541324586745162, 'APPROACH-BLIND'
11, 4522, 20.551053546012174, 20.551053546012174, 'APPROACH-BLIND'
11, 4523, 20.560782505279185, 20.560782505279185, 'APPROACH-BLIND'
11, 4524, 20.570511464546197, 20.570511464546197, 'APPROACH-BLIND'
11, 4525, 20.58024042381321, 20.58024042381321, 'APPROACH-BLIND'
11, 4526, 20.58996938308022, 20.58996938308022, 'APPROACH-BLIND'
11, 4527, 20.59969834234723, 20.59969834234723, 'APPROACH-BLIND'
11, 4528, 20.609427301614243, 20.609427301614243, 'APPROACH-BLIND'
11, 4529, 20.619156260881255, 20.619156260881255, 'APPROACH-BLIND'
11, 4530, 20.628885220148266, 20.628885220148266, 'APPROACH-BLIND'
11, 4531, 20.638614179415278, 20.638614179415278, 'APPROACH-BLIND'
11, 4532, 20.64834313868229, 20.64834313868229, 'APPROACH-BLIND'
11, 4533, 20.6580720979493, 20.6580720979493, 'APPROACH-BLIND'
11, 4534, 20.667801057216312, 20.667801057216312, 'APPROACH-BLIND'
11, 4535, 20.677530016483324, 20.677530016483324, 'APPROACH-BLIND'
11, 4536, 20.687258975750336, 20.687258975750336, 'APPROACH-BLIND'
11, 4537, 20.696987935017347, 20.696987935017347, 'APPROACH-BLIND'
11, 4538, 20.70671689428436, 20.70671689428436, 'APPROACH-BLIND'
11, 4539, 20.716445853551374, 20.716445853551374, 'APPROACH-BLIND'
11, 4540, 20.72617481281839, 20.72617481281839, 'APPROACH-BLIND'
11, 4541, 20.7359037720854, 20.7359037720854, 'APPROACH-BLIND'
11, 4542, 20.745632731352416, 20.745632731352416, 'APPROACH-BLIND'
11, 4543, 20.75536169061943, 20.75536169061943, 'APPROACH-BLIND'
11, 4544, 20.765090649886442, 20.765090649886442, 'APPROACH-BLIND'
11, 4545, 20.774819609153457, 20.774819609153457, 'APPROACH-BLIND'
11, 4546, 20.78454856842047, 20.78454856842047, 'APPROACH-BLIND'
11, 4547, 20.794277527687484, 20.794277527687484, 'APPROACH-BLIND'
11, 4548, 20.8040064869545, 20.8040064869545, 'APPROACH-BLIND'
11, 4549, 20.81373544622151, 20.81373544622151, 'APPROACH-BLIND'
11, 4550, 20.839346838132276, 20.839346838132276, 'APPROACH-BLIND'
11, 4551, 20.86495823004304, 20.86495823004304, 'APPROACH-BLIND'
11, 4552, 20.890569621953805, 20.890569621953805, 'APPROACH-BLIND'
11, 4553, 20.91618101386457, 20.91618101386457, 'APPROACH-BLIND'
11, 4554, 20.941792405775335, 20.941792405775335, 'APPROACH-BLIND'
11, 4555, 20.9674037976861, 20.9674037976861, 'APPROACH-BLIND'
11, 4556, 20.993015189596864, 20.993015189596864, 'APPROACH-BLIND'
11, 4557, 21.01862658150763, 21.01862658150763, 'APPROACH-BLIND'
11, 4558, 21.044237973418394, 21.044237973418394, 'APPROACH-BLIND'
11, 4559, 21.06984936532916, 21.06984936532916, 'APPROACH-BLIND'
11, 4560, 21.095460757239923, 21.095460757239923, 'APPROACH-BLIND'
11, 4561, 21.121072149150688, 21.121072149150688, 'APPROACH-BLIND'
11, 4562, 21.146683541061453, 21.146683541061453, 'APPROACH-BLIND'
11, 4563, 21.172294932972218, 21.172294932972218, 'APPROACH-BLIND'
11, 4564, 21.197906324882982, 21.197906324882982, 'APPROACH-BLIND'
11, 4565, 21.223517716793747, 21.223517716793747, 'APPROACH-BLIND'
11, 4566, 21.249129108704512, 21.249129108704512, 'APPROACH-BLIND'
11, 4567, 21.274740500615277, 21.274740500615277, 'APPROACH-BLIND'
11, 4568, 21.30035189252604, 21.30035189252604, 'APPROACH-BLIND'
11, 4569, 21.325963284436806, 21.325963284436806, 'APPROACH-BLIND'
11, 4570, 21.35157467634757, 21.35157467634757, 'APPROACH-BLIND'
11, 4571, 21.377186068258336, 21.377186068258336, 'APPROACH-BLIND'
11, 4572, 21.4027974601691, 21.4027974601691, 'APPROACH-BLIND'
11, 4573, 21.428408852079865, 21.428408852079865, 'APPROACH-BLIND'
11, 4574, 21.45402024399063, 21.45402024399063, 'APPROACH-BLIND'
11, 4575, 21.479631635901395, 21.479631635901395, 'APPROACH-BLIND'
11, 4576, 21.50524302781216, 21.50524302781216, 'APPROACH-BLIND'
11, 4577, 21.532756323963056, 21.532756323963056, 'APPROACH-BLIND'
11, 4578, 21.560269620113953, 21.560269620113953, 'APPROACH-BLIND'
11, 4579, 21.58778291626485, 21.58778291626485, 'APPROACH-BLIND'
11, 4580, 21.615296212415746, 21.615296212415746, 'APPROACH-BLIND'
11, 4581, 21.642809508566643, 21.642809508566643, 'APPROACH-BLIND'
11, 4582, 21.67032280471754, 21.67032280471754, 'APPROACH-BLIND'
11, 4583, 21.697836100868436, 21.697836100868436, 'APPROACH-BLIND'
11, 4584, 21.725349397019333, 21.725349397019333, 'APPROACH-BLIND'
11, 4585, 21.75286269317023, 21.75286269317023, 'APPROACH-BLIND'
11, 4586, 21.780375989321126, 21.780375989321126, 'APPROACH-BLIND'
11, 4587, 21.807889285472022, 21.807889285472022, 'APPROACH-BLIND'
11, 4588, 21.83540258162292, 21.83540258162292, 'APPROACH-BLIND'
11, 4589, 21.862915877773816, 21.862915877773816, 'APPROACH-BLIND'
11, 4590, 21.890429173924712, 21.890429173924712, 'APPROACH-BLIND'
11, 4591, 21.91794247007561, 21.91794247007561, 'APPROACH-BLIND'
11, 4592, 21.945455766226505, 21.945455766226505, 'APPROACH-BLIND'
11, 4593, 21.972969062377402, 21.972969062377402, 'APPROACH-BLIND'
11, 4594, 22.0004823585283, 22.0004823585283, 'APPROACH-BLIND'
11, 4595, 22.027995654679195, 22.027995654679195, 'APPROACH-BLIND'
11, 4596, 22.05550895083009, 22.05550895083009, 'APPROACH-BLIND'
11, 4597, 22.08302224698099, 22.08302224698099, 'APPROACH-BLIND'
11, 4598, 22.110535543131885, 22.110535543131885, 'APPROACH-BLIND'
11, 4599, 22.13804883928278, 22.13804883928278, 'APPROACH-BLIND'
11, 4600, 22.165562135433678, 22.165562135433678, 'APPROACH-BLIND'
11, 4601, 22.193075431584575, 22.193075431584575, 'APPROACH-BLIND'
11, 4602, 22.22058872773547, 22.22058872773547, 'APPROACH-BLIND'
11, 4603, 22.248102023886368, 22.248102023886368, 'APPROACH-BLIND'
11, 4604, 22.275615320037264, 22.275615320037264, 'APPROACH-BLIND'
11, 4605, 22.30312861618816, 22.30312861618816, 'APPROACH-BLIND'
11, 4606, 22.330641912339058, 22.330641912339058, 'APPROACH-BLIND'
11, 4607, 22.358155208489954, 22.358155208489954, 'APPROACH-BLIND'
11, 4608, 22.38566850464085, 22.38566850464085, 'APPROACH-BLIND'
11, 4609, 22.413181800791747, 22.413181800791747, 'APPROACH-BLIND'
11, 4610, 22.440695096942644, 22.440695096942644, 'APPROACH-BLIND'
11, 4611, 22.46820839309354, 22.46820839309354, 'APPROACH-BLIND'
11, 4612, 22.495721689244437, 22.495721689244437, 'APPROACH-BLIND'
11, 4613, 22.523234985395334, 22.523234985395334, 'APPROACH-BLIND'
11, 4614, 22.550984840079987, 22.550984840079987, 'APPROACH-BLIND'
11, 4615, 22.57873469476464, 22.57873469476464, 'APPROACH-BLIND'
11, 4616, 22.606484549449295, 22.606484549449295, 'APPROACH-BLIND'
11, 4617, 22.63423440413395, 22.63423440413395, 'APPROACH-BLIND'
11, 4618, 22.661984258818602, 22.661984258818602, 'APPROACH-BLIND'
11, 4619, 22.689734113503256, 22.689734113503256, 'APPROACH-BLIND'
11, 4620, 22.71748396818791, 22.71748396818791, 'APPROACH-BLIND'
11, 4621, 22.745233822872564, 22.745233822872564, 'APPROACH-BLIND'
11, 4622, 22.772983677557217, 22.772983677557217, 'APPROACH-BLIND'
11, 4623, 22.80073353224187, 22.80073353224187, 'APPROACH-BLIND'
11, 4624, 22.828483386926525, 22.828483386926525, 'APPROACH-BLIND'
11, 4625, 22.85623324161118, 22.85623324161118, 'APPROACH-BLIND'
11, 4626, 22.883983096295832, 22.883983096295832, 'APPROACH-BLIND'
11, 4627, 22.911732950980486, 22.911732950980486, 'APPROACH-BLIND'
11, 4628, 22.93948280566514, 22.93948280566514, 'APPROACH-BLIND'
11, 4629, 22.967232660349794, 22.967232660349794, 'APPROACH-BLIND'
11, 4630, 22.994982515034447, 22.994982515034447, 'APPROACH-BLIND'
11, 4631, 23.0227323697191, 23.0227323697191, 'APPROACH-BLIND'
11, 4632, 23.050482224403755, 23.050482224403755, 'APPROACH-BLIND'
11, 4633, 23.07823207908841, 23.07823207908841, 'APPROACH-BLIND'
11, 4634, 23.105981933773062, 23.105981933773062, 'APPROACH-BLIND'
11, 4635, 23.133731788457716, 23.133731788457716, 'APPROACH-BLIND'
11, 4636, 23.16148164314237, 23.16148164314237, 'APPROACH-BLIND'
11, 4637, 23.189231497827024, 23.189231497827024, 'APPROACH-BLIND'
11, 4638, 23.216981352511677, 23.216981352511677, 'APPROACH-BLIND'
11, 4639, 23.24473120719633, 23.24473120719633, 'APPROACH-BLIND'
11, 4640, 23.272481061880985, 23.272481061880985, 'APPROACH-BLIND'
11, 4641, 23.30023091656564, 23.30023091656564, 'APPROACH-BLIND'
11, 4642, 23.327980771250292, 23.327980771250292, 'APPROACH-BLIND'
11, 4643, 23.355730625934946, 23.355730625934946, 'APPROACH-BLIND'
11, 4644, 23.3834804806196, 23.3834804806196, 'APPROACH-BLIND'
11, 4645, 23.411230335304253, 23.411230335304253, 'APPROACH-BLIND'
11, 4646, 23.438980189988907, 23.438980189988907, 'APPROACH-BLIND'
11, 4647, 23.46673004467356, 23.46673004467356, 'APPROACH-BLIND'
11, 4648, 23.494479899358215, 23.494479899358215, 'APPROACH-BLIND'
11, 4649, 23.52222975404287, 23.52222975404287, 'APPROACH-BLIND'
11, 4650, 23.550004609185677, 23.550004609185677, 'APPROACH-BLIND'
11, 4651, 23.577779464328486, 23.577779464328486, 'APPROACH-BLIND'
11, 4652, 23.605554319471295, 23.605554319471295, 'APPROACH-BLIND'
11, 4653, 23.633329174614104, 23.633329174614104, 'APPROACH-BLIND'
11, 4654, 23.661104029756913, 23.661104029756913, 'APPROACH-BLIND'
11, 4655, 23.688878884899722, 23.688878884899722, 'APPROACH-BLIND'
11, 4656, 23.71665374004253, 23.71665374004253, 'APPROACH-BLIND'
11, 4657, 23.74442859518534, 23.74442859518534, 'APPROACH-BLIND'
11, 4658, 23.77220345032815, 23.77220345032815, 'APPROACH-BLIND'
11, 4659, 23.799978305470958, 23.799978305470958, 'APPROACH-BLIND'
11, 4660, 23.827753160613767, 23.827753160613767, 'APPROACH-BLIND'
11, 4661, 23.855528015756576, 23.855528015756576, 'APPROACH-BLIND'
11, 4662, 23.883302870899385, 23.883302870899385, 'APPROACH-BLIND'
11, 4663, 23.911077726042194, 23.911077726042194, 'APPROACH-BLIND'
11, 4664, 23.938852581185003, 23.938852581185003, 'APPROACH-BLIND'
11, 4665, 23.966627436327812, 23.966627436327812, 'APPROACH-BLIND'
11, 4666, 23.99440229147062, 23.99440229147062, 'APPROACH-BLIND'
11, 4667, 24.02217714661343, 24.02217714661343, 'APPROACH-BLIND'
11, 4668, 24.04995200175624, 24.04995200175624, 'APPROACH-BLIND'
11, 4669, 24.077726856899048, 24.077726856899048, 'APPROACH-BLIND'
11, 4670, 24.105501712041857, 24.105501712041857, 'APPROACH-BLIND'
11, 4671, 24.133276567184666, 24.133276567184666, 'APPROACH-BLIND'
11, 4672, 24.161051422327475, 24.161051422327475, 'APPROACH-BLIND'
11, 4673, 24.188826277470284, 24.188826277470284, 'APPROACH-BLIND'
11, 4674, 24.216601132613093, 24.216601132613093, 'APPROACH-BLIND'
11, 4675, 24.2443759877559, 24.2443759877559, 'APPROACH-BLIND'
11, 4676, 24.27215084289871, 24.27215084289871, 'APPROACH-BLIND'
11, 4677, 24.29992569804152, 24.29992569804152, 'APPROACH-BLIND'
11, 4678, 24.32770055318433, 24.32770055318433, 'APPROACH-BLIND'
11, 4679, 24.355475408327138, 24.355475408327138, 'APPROACH-BLIND'
11, 4680, 24.383250263469947, 24.383250263469947, 'APPROACH-BLIND'
11, 4681, 24.411025118612756, 24.411025118612756, 'APPROACH-BLIND'
11, 4682, 24.438799973755565, 24.438799973755565, 'APPROACH-BLIND'
11, 4683, 24.466574828898374, 24.466574828898374, 'APPROACH-BLIND'
11, 4684, 24.494349684041183, 24.494349684041183, 'APPROACH-BLIND'
11, 4685, 24.52212453918399, 24.52212453918399, 'APPROACH-BLIND'
11, 4686, 24.54990201133616, 24.54990201133616, 'APPROACH-BLIND'
11, 4687, 24.577679483488332, 24.577679483488332, 'APPROACH-BLIND'
11, 4688, 24.605456955640502, 24.605456955640502, 'APPROACH-BLIND'
11, 4689, 24.633234427792672, 24.633234427792672, 'APPROACH-BLIND'
11, 4690, 24.661011899944842, 24.661011899944842, 'APPROACH-BLIND'
11, 4691, 24.688789372097013, 24.688789372097013, 'APPROACH-BLIND'
11, 4692, 24.716566844249183, 24.716566844249183, 'APPROACH-BLIND'
11, 4693, 24.744344316401353, 24.744344316401353, 'APPROACH-BLIND'
11, 4694, 24.772121788553523, 24.772121788553523, 'APPROACH-BLIND'
11, 4695, 24.799899260705693, 24.799899260705693, 'APPROACH-BLIND'
11, 4696, 24.827676732857864, 24.827676732857864, 'APPROACH-BLIND'
11, 4697, 24.855454205010034, 24.855454205010034, 'APPROACH-BLIND'
11, 4698, 24.883231677162204, 24.883231677162204, 'APPROACH-BLIND'
11, 4699, 24.911009149314374, 24.911009149314374, 'APPROACH-BLIND'
11, 4700, 24.938786621466544, 24.938786621466544, 'APPROACH-BLIND'
11, 4701, 24.966564093618715, 24.966564093618715, 'APPROACH-BLIND'
11, 4702, 24.994341565770885, 24.994341565770885, 'APPROACH-BLIND'
11, 4703, 25.022119037923055, 25.022119037923055, 'APPROACH-BLIND'
11, 4704, 25.049896510075225, 25.049896510075225, 'APPROACH-BLIND'
11, 4705, 25.077673982227395, 25.077673982227395, 'APPROACH-BLIND'
11, 4706, 25.105451454379565, 25.105451454379565, 'APPROACH-BLIND'
11, 4707, 25.133228926531736, 25.133228926531736, 'APPROACH-BLIND'
11, 4708, 25.161006398683906, 25.161006398683906, 'APPROACH-BLIND'
11, 4709, 25.188783870836076, 25.188783870836076, 'APPROACH-BLIND'
11, 4710, 25.216561342988246, 25.216561342988246, 'APPROACH-BLIND'
11, 4711, 25.244338815140416, 25.244338815140416, 'APPROACH-BLIND'
11, 4712, 25.272116287292587, 25.272116287292587, 'APPROACH-BLIND'
11, 4713, 25.299893759444757, 25.299893759444757, 'APPROACH-BLIND'
11, 4714, 25.327671231596927, 25.327671231596927, 'APPROACH-BLIND'
11, 4715, 25.355448703749097, 25.355448703749097, 'APPROACH-BLIND'
11, 4716, 25.383226175901267, 25.383226175901267, 'APPROACH-BLIND'
11, 4717, 25.411003648053438, 25.411003648053438, 'APPROACH-BLIND'
11, 4718, 25.438781120205608, 25.438781120205608, 'APPROACH-BLIND'
11, 4719, 25.466558592357778, 25.466558592357778, 'APPROACH-BLIND'
11, 4720, 25.494336064509948, 25.494336064509948, 'APPROACH-BLIND'
11, 4721, 25.52211353666212, 25.52211353666212, 'APPROACH-BLIND'
11, 4722, 25.54989128248308, 25.54989128248308, 'APPROACH-BLIND'
11, 4723, 25.577669028304044, 25.577669028304044, 'APPROACH-BLIND'
11, 4724, 25.605446774125006, 25.605446774125006, 'APPROACH-BLIND'
11, 4725, 25.63322451994597, 25.63322451994597, 'APPROACH-BLIND'
11, 4726, 25.661002265766932, 25.661002265766932, 'APPROACH-BLIND'
11, 4727, 25.688780011587895, 25.688780011587895, 'APPROACH-BLIND'
11, 4728, 25.716557757408857, 25.716557757408857, 'APPROACH-BLIND'
11, 4729, 25.74433550322982, 25.74433550322982, 'APPROACH-BLIND'
11, 4730, 25.772113249050783, 25.772113249050783, 'APPROACH-BLIND'
11, 4731, 25.799890994871745, 25.799890994871745, 'APPROACH-BLIND'
11, 4732, 25.827668740692708, 25.827668740692708, 'APPROACH-BLIND'
11, 4733, 25.85544648651367, 25.85544648651367, 'APPROACH-BLIND'
11, 4734, 25.883224232334634, 25.883224232334634, 'APPROACH-BLIND'
11, 4735, 25.911001978155596, 25.911001978155596, 'APPROACH-BLIND'
11, 4736, 25.93877972397656, 25.93877972397656, 'APPROACH-BLIND'
11, 4737, 25.96655746979752, 25.96655746979752, 'APPROACH-BLIND'
11, 4738, 25.994335215618484, 25.994335215618484, 'APPROACH-BLIND'
11, 4739, 26.022112961439447, 26.022112961439447, 'APPROACH-BLIND'
11, 4740, 26.04989070726041, 26.04989070726041, 'APPROACH-BLIND'
11, 4741, 26.077668453081372, 26.077668453081372, 'APPROACH-BLIND'
11, 4742, 26.105446198902335, 26.105446198902335, 'APPROACH-BLIND'
11, 4743, 26.133223944723298, 26.133223944723298, 'APPROACH-BLIND'
11, 4744, 26.16100169054426, 26.16100169054426, 'APPROACH-BLIND'
11, 4745, 26.188779436365223, 26.188779436365223, 'APPROACH-BLIND'
11, 4746, 26.216557182186186, 26.216557182186186, 'APPROACH-BLIND'
11, 4747, 26.24433492800715, 26.24433492800715, 'APPROACH-BLIND'
11, 4748, 26.27211267382811, 26.27211267382811, 'APPROACH-BLIND'
11, 4749, 26.299890419649074, 26.299890419649074, 'APPROACH-BLIND'
11, 4750, 26.327668165470037, 26.327668165470037, 'APPROACH-BLIND'
11, 4751, 26.355445911291, 26.355445911291, 'APPROACH-BLIND'
11, 4752, 26.383223657111962, 26.383223657111962, 'APPROACH-BLIND'
11, 4753, 26.411001402932925, 26.411001402932925, 'APPROACH-BLIND'
11, 4754, 26.438779148753888, 26.438779148753888, 'APPROACH-BLIND'
11, 4755, 26.46655689457485, 26.46655689457485, 'APPROACH-BLIND'
11, 4756, 26.494334640395813, 26.494334640395813, 'APPROACH-BLIND'
11, 4757, 26.522112386216776, 26.522112386216776, 'APPROACH-BLIND'
11, 4758, 26.5340967189092, 26.5340967189092, 'APPROACH-BLIND'
11, 4759, 26.546081051601625, 26.546081051601625, 'APPROACH-BLIND'
11, 4760, 26.55806538429405, 26.55806538429405, 'APPROACH-BLIND'
11, 4761, 26.570049716986475, 26.570049716986475, 'APPROACH-BLIND'
11, 4762, 26.5820340496789, 26.5820340496789, 'APPROACH-BLIND'
11, 4763, 26.594018382371324, 26.594018382371324, 'APPROACH-BLIND'
11, 4764, 26.60600271506375, 26.60600271506375, 'APPROACH-BLIND'
11, 4765, 26.617987047756174, 26.617987047756174, 'APPROACH-BLIND'
11, 4766, 26.6299713804486, 26.6299713804486, 'APPROACH-BLIND'
11, 4767, 26.641955713141023, 26.641955713141023, 'APPROACH-BLIND'
11, 4768, 26.653940045833448, 26.653940045833448, 'APPROACH-BLIND'
11, 4769, 26.665924378525872, 26.665924378525872, 'APPROACH-BLIND'
11, 4770, 26.677908711218297, 26.677908711218297, 'APPROACH-BLIND'
11, 4771, 26.689893043910722, 26.689893043910722, 'APPROACH-BLIND'
11, 4772, 26.701877376603147, 26.701877376603147, 'APPROACH-BLIND'
11, 4773, 26.71386170929557, 26.71386170929557, 'APPROACH-BLIND'
11, 4774, 26.725846041988, 26.725846041988, 'APPROACH-BLIND'
11, 4775, 26.737830374680428, 26.737830374680428, 'APPROACH-BLIND'
11, 4776, 26.749814707372856, 26.749814707372856, 'APPROACH-BLIND'
11, 4777, 26.76179904006528, 26.76179904006528, 'APPROACH-BLIND'
11, 4778, 26.766161013999394, 26.766161013999394, 'APPROACH-BLIND'
11, 4779, 26.770522987933507, 26.770522987933507, 'APPROACH-BLIND'
11, 4780, 26.77488496186762, 26.77488496186762, 'APPROACH-BLIND'
11, 4781, 26.779246935801734, 26.779246935801734, 'APPROACH-BLIND'
11, 4782, 26.783608909735847, 26.783608909735847, 'APPROACH-BLIND'
11, 4783, 26.78797088366996, 26.78797088366996, 'APPROACH-BLIND'
11, 4784, 26.792332857604073, 26.792332857604073, 'APPROACH-BLIND'
11, 4785, 26.796694831538186, 26.796694831538186, 'APPROACH-BLIND'
11, 4786, 26.8010568054723, 26.8010568054723, 'APPROACH-BLIND'
11, 4787, 26.805418779406413, 26.805418779406413, 'APPROACH-BLIND'
11, 4788, 26.809780753340526, 26.809780753340526, 'APPROACH-BLIND'
11, 4789, 26.81414272727464, 26.81414272727464, 'APPROACH-BLIND'
11, 4790, 26.818504701208752, 26.818504701208752, 'APPROACH-BLIND'
11, 4791, 26.822866675142865, 26.822866675142865, 'APPROACH-BLIND'
11, 4792, 26.82722864907698, 26.82722864907698, 'APPROACH-BLIND'
11, 4793, 26.831590623011092, 26.831590623011092, 'APPROACH-BLIND'
11, 4794, 26.835952596945205, 26.835952596945205, 'APPROACH-BLIND'
11, 4795, 26.84031457087932, 26.84031457087932, 'APPROACH-BLIND'
11, 4796, 26.84467654481343, 26.84467654481343, 'APPROACH-BLIND'
11, 4797, 26.849038518747545, 26.849038518747545, 'APPROACH-BLIND'
11, 4798, 26.853400492681658, 26.853400492681658, 'APPROACH-BLIND'
11, 4799, 26.85776246661577, 26.85776246661577, 'APPROACH-BLIND'
11, 4800, 26.862124440549884, 26.862124440549884, 'APPROACH-BLIND'
11, 4801, 26.866486414483997, 26.866486414483997, 'APPROACH-BLIND'
11, 4802, 26.87084838841811, 26.87084838841811, 'APPROACH-BLIND'
11, 4803, 26.875210362352224, 26.875210362352224, 'APPROACH-BLIND'
11, 4804, 26.879572336286337, 26.879572336286337, 'APPROACH-BLIND'
11, 4805, 26.88393431022045, 26.88393431022045, 'APPROACH-BLIND'
11, 4806, 26.888296284154563, 26.888296284154563, 'APPROACH-BLIND'
11, 4807, 26.892658258088677, 26.892658258088677, 'APPROACH-BLIND'
11, 4808, 26.89702023202279, 26.89702023202279, 'APPROACH-BLIND'
11, 4809, 26.901382205956903, 26.901382205956903, 'APPROACH-BLIND'
11, 4810, 26.905744179891016, 26.905744179891016, 'APPROACH-BLIND'
11, 4811, 26.91010615382513, 26.91010615382513, 'APPROACH-BLIND'
11, 4812, 26.914468127759243, 26.914468127759243, 'APPROACH-BLIND'
11, 4813, 26.918830101693356, 26.918830101693356, 'APPROACH-BLIND'
11, 4814, 26.92319207562747, 26.92319207562747, 'APPROACH-BLIND'
11, 4815, 26.948536477343843, 26.948536477343843, 'APPROACH-BLIND'
11, 4816, 26.973880879060218, 26.973880879060218, 'APPROACH-BLIND'
11, 4817, 26.999225280776592, 26.999225280776592, 'APPROACH-BLIND'
11, 4818, 27.024569682492967, 27.024569682492967, 'APPROACH-BLIND'
11, 4819, 27.04991408420934, 27.04991408420934, 'APPROACH-BLIND'
11, 4820, 27.075258485925715, 27.075258485925715, 'APPROACH-BLIND'
11, 4821, 27.10060288764209, 27.10060288764209, 'APPROACH-BLIND'
11, 4822, 27.125947289358464, 27.125947289358464, 'APPROACH-BLIND'
11, 4823, 27.15129169107484, 27.15129169107484, 'APPROACH-BLIND'
11, 4824, 27.176636092791213, 27.176636092791213, 'APPROACH-BLIND'
11, 4825, 27.201980494507588, 27.201980494507588, 'APPROACH-BLIND'
11, 4826, 27.227324896223962, 27.227324896223962, 'APPROACH-BLIND'
11, 4827, 27.252669297940336, 27.252669297940336, 'APPROACH-BLIND'
11, 4828, 27.27801369965671, 27.27801369965671, 'APPROACH-BLIND'
11, 4829, 27.303358101373085, 27.303358101373085, 'APPROACH-BLIND'
11, 4830, 27.32870250308946, 27.32870250308946, 'APPROACH-BLIND'
11, 4831, 27.354046904805834, 27.354046904805834, 'APPROACH-BLIND'
11, 4832, 27.37939130652221, 27.37939130652221, 'APPROACH-BLIND'
11, 4833, 27.404735708238583, 27.404735708238583, 'APPROACH-BLIND'
11, 4834, 27.430080109954957, 27.430080109954957, 'APPROACH-BLIND'
11, 4835, 27.455424511671332, 27.455424511671332, 'APPROACH-BLIND'
11, 4836, 27.480768913387706, 27.480768913387706, 'APPROACH-BLIND'
11, 4837, 27.50611331510408, 27.50611331510408, 'APPROACH-BLIND'
11, 4838, 27.516525308500377, 27.516525308500377, 'APPROACH-BLIND'
11, 4839, 27.526937301896673, 27.526937301896673, 'APPROACH-BLIND'
11, 4840, 27.53734929529297, 27.53734929529297, 'APPROACH-BLIND'
11, 4841, 27.547761288689266, 27.547761288689266, 'APPROACH-BLIND'
11, 4842, 27.558173282085562, 27.558173282085562, 'APPROACH-BLIND'
11, 4843, 27.56858527548186, 27.56858527548186, 'APPROACH-BLIND'
11, 4844, 27.578997268878155, 27.578997268878155, 'APPROACH-BLIND'
11, 4845, 27.58940926227445, 27.58940926227445, 'APPROACH-BLIND'
11, 4846, 27.599821255670747, 27.599821255670747, 'APPROACH-BLIND'
11, 4847, 27.610233249067043, 27.610233249067043, 'APPROACH-BLIND'
11, 4848, 27.62064524246334, 27.62064524246334, 'APPROACH-BLIND'
11, 4849, 27.631057235859636, 27.631057235859636, 'APPROACH-BLIND'
11, 4850, 27.641469229255932, 27.641469229255932, 'APPROACH-BLIND'
11, 4851, 27.65188122265223, 27.65188122265223, 'APPROACH-BLIND'
11, 4852, 27.662293216048525, 27.662293216048525, 'APPROACH-BLIND'
11, 4853, 27.67270520944482, 27.67270520944482, 'APPROACH-BLIND'
11, 4854, 27.683117202841117, 27.683117202841117, 'APPROACH-BLIND'
11, 4855, 27.69352919623741, 27.69352919623741, 'APPROACH-BLIND'
11, 4856, 27.703941189633703, 27.703941189633703, 'APPROACH-BLIND'
11, 4857, 27.714353183029996, 27.714353183029996, 'APPROACH-BLIND'
11, 4858, 27.72476517642629, 27.72476517642629, 'APPROACH-BLIND'
11, 4859, 27.73517716982258, 27.73517716982258, 'APPROACH-BLIND'
11, 4860, 27.745589163218874, 27.745589163218874, 'APPROACH-BLIND'
11, 4861, 27.756001156615167, 27.756001156615167, 'APPROACH-BLIND'
11, 4862, 27.76641315001146, 27.76641315001146, 'APPROACH-BLIND'
11, 4863, 27.776825143407752, 27.776825143407752, 'APPROACH-BLIND'
11, 4864, 27.787237136804045, 27.787237136804045, 'APPROACH-BLIND'
11, 4865, 27.797649130200337, 27.797649130200337, 'APPROACH-BLIND'
11, 4866, 27.80806112359663, 27.80806112359663, 'APPROACH-BLIND'
11, 4867, 27.811646208002568, 27.811646208002568, 'APPROACH-BLIND'
11, 4868, 27.815231292408505, 27.815231292408505, 'APPROACH-BLIND'
11, 4869, 27.818816376814443, 27.818816376814443, 'APPROACH-BLIND'
11, 4870, 27.82240146122038, 27.82240146122038, 'APPROACH-BLIND'
11, 4871, 27.825986545626318, 27.825986545626318, 'APPROACH-BLIND'
11, 4872, 27.829571630032255, 27.829571630032255, 'APPROACH-BLIND'
11, 4873, 27.833156714438193, 27.833156714438193, 'APPROACH-BLIND'
11, 4874, 27.83674179884413, 27.83674179884413, 'APPROACH-BLIND'
11, 4875, 27.840326883250068, 27.840326883250068, 'APPROACH-BLIND'
11, 4876, 27.843911967656005, 27.843911967656005, 'APPROACH-BLIND'
11, 4877, 27.847497052061943, 27.847497052061943, 'APPROACH-BLIND'
11, 4878, 27.85108213646788, 27.85108213646788, 'APPROACH-BLIND'
11, 4879, 27.854667220873818, 27.854667220873818, 'APPROACH-BLIND'
11, 4880, 27.858252305279755, 27.858252305279755, 'APPROACH-BLIND'
11, 4881, 27.861837389685693, 27.861837389685693, 'APPROACH-BLIND'
11, 4882, 27.86542247409163, 27.86542247409163, 'APPROACH-BLIND'
11, 4883, 27.869007558497568, 27.869007558497568, 'APPROACH-BLIND'
11, 4884, 27.87259264290351, 27.87259264290351, 'APPROACH-BLIND'
11, 4885, 27.876177727309447, 27.876177727309447, 'APPROACH-BLIND'
11, 4886, 27.879762811715388, 27.879762811715388, 'APPROACH-BLIND'
11, 4887, 27.88334789612133, 27.88334789612133, 'APPROACH-BLIND'
11, 4888, 27.886932980527266, 27.886932980527266, 'APPROACH-BLIND'
11, 4889, 27.890518064933207, 27.890518064933207, 'APPROACH-BLIND'
11, 4890, 27.89410314933915, 27.89410314933915, 'APPROACH-BLIND'
11, 4891, 27.897688233745086, 27.897688233745086, 'APPROACH-BLIND'
11, 4892, 27.901273318151027, 27.901273318151027, 'APPROACH-BLIND'
11, 4893, 27.904858402556968, 27.904858402556968, 'APPROACH-BLIND'
11, 4894, 27.90844348696291, 27.90844348696291, 'APPROACH-BLIND'
11, 4895, 27.912028571368847, 27.912028571368847, 'APPROACH-BLIND'
11, 4896, 27.915613655774788, 27.915613655774788, 'APPROACH-BLIND'
11, 4897, 27.91919874018073, 27.91919874018073, 'APPROACH-BLIND'
11, 4898, 27.922783824586666, 27.922783824586666, 'APPROACH-BLIND'
11, 4899, 27.926368908992607, 27.926368908992607, 'APPROACH-BLIND'
11, 4900, 27.92995399339855, 27.92995399339855, 'APPROACH-BLIND'
11, 4901, 27.933539077804486, 27.933539077804486, 'APPROACH-BLIND'
11, 4902, 27.937124162210427, 27.937124162210427, 'APPROACH-BLIND'
11, 4903, 27.962412374137916, 27.962412374137916, 'APPROACH-BLIND'
11, 4904, 27.987700586065404, 27.987700586065404, 'APPROACH-BLIND'
11, 4905, 28.012988797992893, 28.012988797992893, 'APPROACH-BLIND'
11, 4906, 28.03827700992038, 28.03827700992038, 'APPROACH-BLIND'
11, 4907, 28.06356522184787, 28.06356522184787, 'APPROACH-BLIND'
11, 4908, 28.08885343377536, 28.08885343377536, 'APPROACH-BLIND'
11, 4909, 28.114141645702848, 28.114141645702848, 'APPROACH-BLIND'
11, 4910, 28.139429857630336, 28.139429857630336, 'APPROACH-BLIND'
11, 4911, 28.164718069557825, 28.164718069557825, 'APPROACH-BLIND'
11, 4912, 28.190006281485314, 28.190006281485314, 'APPROACH-BLIND'
11, 4913, 28.215294493412802, 28.215294493412802, 'APPROACH-BLIND'
11, 4914, 28.24058270534029, 28.24058270534029, 'APPROACH-BLIND'
11, 4915, 28.26587091726778, 28.26587091726778, 'APPROACH-BLIND'
11, 4916, 28.291159129195268, 28.291159129195268, 'APPROACH-BLIND'
11, 4917, 28.316447341122757, 28.316447341122757, 'APPROACH-BLIND'
11, 4918, 28.341735553050245, 28.341735553050245, 'APPROACH-BLIND'
11, 4919, 28.367023764977734, 28.367023764977734, 'APPROACH-BLIND'
11, 4920, 28.392311976905223, 28.392311976905223, 'APPROACH-BLIND'
11, 4921, 28.41760018883271, 28.41760018883271, 'APPROACH-BLIND'
11, 4922, 28.4428884007602, 28.4428884007602, 'APPROACH-BLIND'
11, 4923, 28.46817661268769, 28.46817661268769, 'APPROACH-BLIND'
11, 4924, 28.493464824615177, 28.493464824615177, 'APPROACH-BLIND'
11, 4925, 28.518753036542666, 28.518753036542666, 'APPROACH-BLIND'
11, 4926, 28.533321594532424, 28.533321594532424, 'APPROACH-BLIND'
11, 4927, 28.547890152522182, 28.547890152522182, 'APPROACH-BLIND'
11, 4928, 28.56245871051194, 28.56245871051194, 'APPROACH-BLIND'
11, 4929, 28.5770272685017, 28.5770272685017, 'APPROACH-BLIND'
11, 4930, 28.591595826491456, 28.591595826491456, 'APPROACH-BLIND'
11, 4931, 28.606164384481215, 28.606164384481215, 'APPROACH-BLIND'
11, 4932, 28.620732942470973, 28.620732942470973, 'APPROACH-BLIND'
11, 4933, 28.635301500460734, 28.635301500460734, 'APPROACH-BLIND'
11, 4934, 28.649870058450496, 28.649870058450496, 'APPROACH-BLIND'
11, 4935, 28.664438616440258, 28.664438616440258, 'APPROACH-BLIND'
11, 4936, 28.67900717443002, 28.67900717443002, 'APPROACH-BLIND'
11, 4937, 28.69357573241978, 28.69357573241978, 'APPROACH-BLIND'
11, 4938, 28.719535253393904, 28.719535253393904, 'APPROACH-BLIND'
11, 4939, 28.745494774368026, 28.745494774368026, 'APPROACH-BLIND'
11, 4940, 28.77145429534215, 28.77145429534215, 'APPROACH-BLIND'
11, 4941, 28.797413816316272, 28.797413816316272, 'APPROACH-BLIND'
11, 4942, 28.823373337290395, 28.823373337290395, 'APPROACH-BLIND'
11, 4943, 28.849332858264518, 28.849332858264518, 'APPROACH-BLIND'
11, 4944, 28.875292379238637, 28.875292379238637, 'APPROACH-BLIND'
11, 4945, 28.901251900212756, 28.901251900212756, 'APPROACH-BLIND'
11, 4946, 28.927211421186875, 28.927211421186875, 'APPROACH-BLIND'
11, 4947, 28.953170942160995, 28.953170942160995, 'APPROACH-BLIND'
11, 4948, 28.979130463135114, 28.979130463135114, 'APPROACH-BLIND'
11, 4949, 29.005089984109233, 29.005089984109233, 'APPROACH-BLIND'
11, 4950, 29.031049505083352, 29.031049505083352, 'APPROACH-BLIND'
11, 4951, 29.05700902605747, 29.05700902605747, 'APPROACH-BLIND'
11, 4952, 29.08296854703159, 29.08296854703159, 'APPROACH-BLIND'
11, 4953, 29.10892806800571, 29.10892806800571, 'APPROACH-BLIND'
11, 4954, 29.13488758897983, 29.13488758897983, 'APPROACH-BLIND'
11, 4955, 29.16084710995395, 29.16084710995395, 'APPROACH-BLIND'
11, 4956, 29.186806630928068, 29.186806630928068, 'APPROACH-BLIND'
11, 4957, 29.212766151902187, 29.212766151902187, 'APPROACH-BLIND'
11, 4958, 29.238725672876306, 29.238725672876306, 'APPROACH-BLIND'
11, 4959, 29.264685193850426, 29.264685193850426, 'APPROACH-BLIND'
11, 4960, 29.290644714824545, 29.290644714824545, 'APPROACH-BLIND'
11, 4961, 29.316604235798664, 29.316604235798664, 'APPROACH-BLIND'
11, 4962, 29.342563756772783, 29.342563756772783, 'APPROACH-BLIND'
11, 4963, 29.368523277746903, 29.368523277746903, 'APPROACH-BLIND'
11, 4964, 29.39448279872102, 29.39448279872102, 'APPROACH-BLIND'
11, 4965, 29.42044231969514, 29.42044231969514, 'APPROACH-BLIND'
11, 4966, 29.44640184066926, 29.44640184066926, 'APPROACH-BLIND'
11, 4967, 29.47236136164338, 29.47236136164338, 'APPROACH-BLIND'
11, 4968, 29.4983208826175, 29.4983208826175, 'APPROACH-BLIND'
11, 4969, 29.524280403591618, 29.524280403591618, 'APPROACH-BLIND'
11, 4970, 29.551851250407452, 29.551851250407452, 'APPROACH-BLIND'
11, 4971, 29.579422097223286, 29.579422097223286, 'APPROACH-BLIND'
11, 4972, 29.60699294403912, 29.60699294403912, 'APPROACH-BLIND'
11, 4973, 29.634563790854955, 29.634563790854955, 'APPROACH-BLIND'
11, 4974, 29.66213463767079, 29.66213463767079, 'APPROACH-BLIND'
11, 4975, 29.689705484486623, 29.689705484486623, 'APPROACH-BLIND'
11, 4976, 29.717276331302457, 29.717276331302457, 'APPROACH-BLIND'
11, 4977, 29.74484717811829, 29.74484717811829, 'APPROACH-BLIND'
11, 4978, 29.772418024934126, 29.772418024934126, 'APPROACH-BLIND'
11, 4979, 29.79998887174996, 29.79998887174996, 'APPROACH-BLIND'
11, 4980, 29.827559718565794, 29.827559718565794, 'APPROACH-BLIND'
11, 4981, 29.85513056538163, 29.85513056538163, 'APPROACH-BLIND'
11, 4982, 29.882701412197463, 29.882701412197463, 'APPROACH-BLIND'
11, 4983, 29.910272259013297, 29.910272259013297, 'APPROACH-BLIND'
11, 4984, 29.93784310582913, 29.93784310582913, 'APPROACH-BLIND'
11, 4985, 29.965413952644965, 29.965413952644965, 'APPROACH-BLIND'
11, 4986, 29.9929847994608, 29.9929847994608, 'APPROACH-BLIND'
11, 4987, 30.020555646276634, 30.020555646276634, 'APPROACH-BLIND'
11, 4988, 30.048126493092468, 30.048126493092468, 'APPROACH-BLIND'
11, 4989, 30.075697339908302, 30.075697339908302, 'APPROACH-BLIND'
11, 4990, 30.103268186724137, 30.103268186724137, 'APPROACH-BLIND'
11, 4991, 30.13083903353997, 30.13083903353997, 'APPROACH-BLIND'
11, 4992, 30.158409880355805, 30.158409880355805, 'APPROACH-BLIND'
11, 4993, 30.18598072717164, 30.18598072717164, 'APPROACH-BLIND'
11, 4994, 30.213551573987473, 30.213551573987473, 'APPROACH-BLIND'
11, 4995, 30.241122420803308, 30.241122420803308, 'APPROACH-BLIND'
11, 4996, 30.268693267619142, 30.268693267619142, 'APPROACH-BLIND'
11, 4997, 30.296264114434976, 30.296264114434976, 'APPROACH-BLIND'
11, 4998, 30.32383496125081, 30.32383496125081, 'APPROACH-BLIND'
11, 4999, 30.351405808066644, 30.351405808066644, 'APPROACH-BLIND'
11, 5000, 30.37897665488248, 30.37897665488248, 'APPROACH-BLIND'
11, 5001, 30.406547501698313, 30.406547501698313, 'APPROACH-BLIND'
11, 5002, 30.434118348514147, 30.434118348514147, 'APPROACH-BLIND'
11, 5003, 30.46168919532998, 30.46168919532998, 'APPROACH-BLIND'
11, 5004, 30.489260042145816, 30.489260042145816, 'APPROACH-BLIND'
11, 5005, 30.51683088896165, 30.51683088896165, 'APPROACH-BLIND'
11, 5006, 30.544586484972605, 30.544586484972605, 'APPROACH-BLIND'
11, 5007, 30.57234208098356, 30.57234208098356, 'APPROACH-BLIND'
11, 5008, 30.600097676994515, 30.600097676994515, 'APPROACH-BLIND'
11, 5009, 30.62785327300547, 30.62785327300547, 'APPROACH-BLIND'
11, 5010, 30.655608869016426, 30.655608869016426, 'APPROACH-BLIND'
11, 5011, 30.68336446502738, 30.68336446502738, 'APPROACH-BLIND'
11, 5012, 30.711120061038336, 30.711120061038336, 'APPROACH-BLIND'
11, 5013, 30.73887565704929, 30.73887565704929, 'APPROACH-BLIND'
11, 5014, 30.766631253060247, 30.766631253060247, 'APPROACH-BLIND'
11, 5015, 30.794386849071202, 30.794386849071202, 'APPROACH-BLIND'
11, 5016, 30.822142445082157, 30.822142445082157, 'APPROACH-BLIND'
11, 5017, 30.849898041093113, 30.849898041093113, 'APPROACH-BLIND'
11, 5018, 30.877653637104068, 30.877653637104068, 'APPROACH-BLIND'
11, 5019, 30.905409233115023, 30.905409233115023, 'APPROACH-BLIND'
11, 5020, 30.933164829125978, 30.933164829125978, 'APPROACH-BLIND'
11, 5021, 30.960920425136933, 30.960920425136933, 'APPROACH-BLIND'
11, 5022, 30.98867602114789, 30.98867602114789, 'APPROACH-BLIND'
11, 5023, 31.016431617158844, 31.016431617158844, 'APPROACH-BLIND'
11, 5024, 31.0441872131698, 31.0441872131698, 'APPROACH-BLIND'
11, 5025, 31.071942809180754, 31.071942809180754, 'APPROACH-BLIND'
11, 5026, 31.09969840519171, 31.09969840519171, 'APPROACH-BLIND'
11, 5027, 31.127454001202665, 31.127454001202665, 'APPROACH-BLIND'
11, 5028, 31.15520959721362, 31.15520959721362, 'APPROACH-BLIND'
11, 5029, 31.182965193224575, 31.182965193224575, 'APPROACH-BLIND'
11, 5030, 31.21072078923553, 31.21072078923553, 'APPROACH-BLIND'
11, 5031, 31.238476385246486, 31.238476385246486, 'APPROACH-BLIND'
11, 5032, 31.26623198125744, 31.26623198125744, 'APPROACH-BLIND'
11, 5033, 31.293987577268396, 31.293987577268396, 'APPROACH-BLIND'
11, 5034, 31.32174317327935, 31.32174317327935, 'APPROACH-BLIND'
11, 5035, 31.349498769290307, 31.349498769290307, 'APPROACH-BLIND'
11, 5036, 31.377254365301262, 31.377254365301262, 'APPROACH-BLIND'
11, 5037, 31.405009961312217, 31.405009961312217, 'APPROACH-BLIND'
11, 5038, 31.432765557323172, 31.432765557323172, 'APPROACH-BLIND'
11, 5039, 31.460521153334128, 31.460521153334128, 'APPROACH-BLIND'
11, 5040, 31.488276749345083, 31.488276749345083, 'APPROACH-BLIND'
11, 5041, 31.516032345356038, 31.516032345356038, 'APPROACH-BLIND'
11, 5042, 31.54380776132361, 31.54380776132361, 'APPROACH-BLIND'
11, 5043, 31.57158317729118, 31.57158317729118, 'APPROACH-BLIND'
11, 5044, 31.599358593258753, 31.599358593258753, 'APPROACH-BLIND'
11, 5045, 31.627134009226324, 31.627134009226324, 'APPROACH-BLIND'
11, 5046, 31.654909425193896, 31.654909425193896, 'APPROACH-BLIND'
11, 5047, 31.682684841161468, 31.682684841161468, 'APPROACH-BLIND'
11, 5048, 31.71046025712904, 31.71046025712904, 'APPROACH-BLIND'
11, 5049, 31.73823567309661, 31.73823567309661, 'APPROACH-BLIND'
11, 5050, 31.766011089064182, 31.766011089064182, 'APPROACH-BLIND'
11, 5051, 31.793786505031754, 31.793786505031754, 'APPROACH-BLIND'
11, 5052, 31.821561920999326, 31.821561920999326, 'APPROACH-BLIND'
11, 5053, 31.849337336966897, 31.849337336966897, 'APPROACH-BLIND'
11, 5054, 31.87711275293447, 31.87711275293447, 'APPROACH-BLIND'
11, 5055, 31.90488816890204, 31.90488816890204, 'APPROACH-BLIND'
11, 5056, 31.932663584869612, 31.932663584869612, 'APPROACH-BLIND'
11, 5057, 31.960439000837184, 31.960439000837184, 'APPROACH-BLIND'
11, 5058, 31.988214416804755, 31.988214416804755, 'APPROACH-BLIND'
11, 5059, 32.01598983277233, 32.01598983277233, 'APPROACH-BLIND'
11, 5060, 32.043765248739895, 32.043765248739895, 'APPROACH-BLIND'
11, 5061, 32.07154066470746, 32.07154066470746, 'APPROACH-BLIND'
11, 5062, 32.09931608067503, 32.09931608067503, 'APPROACH-BLIND'
11, 5063, 32.1270914966426, 32.1270914966426, 'APPROACH-BLIND'
11, 5064, 32.15486691261017, 32.15486691261017, 'APPROACH-BLIND'
11, 5065, 32.182642328577735, 32.182642328577735, 'APPROACH-BLIND'
11, 5066, 32.2104177445453, 32.2104177445453, 'APPROACH-BLIND'
11, 5067, 32.23819316051287, 32.23819316051287, 'APPROACH-BLIND'
11, 5068, 32.26596857648044, 32.26596857648044, 'APPROACH-BLIND'
11, 5069, 32.29374399244801, 32.29374399244801, 'APPROACH-BLIND'
11, 5070, 32.321519408415575, 32.321519408415575, 'APPROACH-BLIND'
11, 5071, 32.34929482438314, 32.34929482438314, 'APPROACH-BLIND'
11, 5072, 32.37707024035071, 32.37707024035071, 'APPROACH-BLIND'
11, 5073, 32.40484565631828, 32.40484565631828, 'APPROACH-BLIND'
11, 5074, 32.43262107228585, 32.43262107228585, 'APPROACH-BLIND'
11, 5075, 32.460396488253416, 32.460396488253416, 'APPROACH-BLIND'
11, 5076, 32.488171904220984, 32.488171904220984, 'APPROACH-BLIND'
11, 5077, 32.51594732018855, 32.51594732018855, 'APPROACH-BLIND'
11, 5078, 32.54372484667291, 32.54372484667291, 'APPROACH-BLIND'
11, 5079, 32.571502373157266, 32.571502373157266, 'APPROACH-BLIND'
11, 5080, 32.59927989964162, 32.59927989964162, 'APPROACH-BLIND'
11, 5081, 32.62705742612598, 32.62705742612598, 'APPROACH-BLIND'
11, 5082, 32.65483495261034, 32.65483495261034, 'APPROACH-BLIND'
11, 5083, 32.68261247909469, 32.68261247909469, 'APPROACH-BLIND'
11, 5084, 32.71039000557905, 32.71039000557905, 'APPROACH-BLIND'
11, 5085, 32.73816753206341, 32.73816753206341, 'APPROACH-BLIND'
11, 5086, 32.765945058547764, 32.765945058547764, 'APPROACH-BLIND'
11, 5087, 32.79372258503212, 32.79372258503212, 'APPROACH-BLIND'
11, 5088, 32.82150011151648, 32.82150011151648, 'APPROACH-BLIND'
11, 5089, 32.849277638000835, 32.849277638000835, 'APPROACH-BLIND'
11, 5090, 32.87705516448519, 32.87705516448519, 'APPROACH-BLIND'
11, 5091, 32.90483269096955, 32.90483269096955, 'APPROACH-BLIND'
11, 5092, 32.932610217453906, 32.932610217453906, 'APPROACH-BLIND'
11, 5093, 32.96038774393826, 32.96038774393826, 'APPROACH-BLIND'
11, 5094, 32.98816527042262, 32.98816527042262, 'APPROACH-BLIND'
11, 5095, 33.01594279690698, 33.01594279690698, 'APPROACH-BLIND'
11, 5096, 33.043720323391334, 33.043720323391334, 'APPROACH-BLIND'
11, 5097, 33.07149784987569, 33.07149784987569, 'APPROACH-BLIND'
11, 5098, 33.09927537636005, 33.09927537636005, 'APPROACH-BLIND'
11, 5099, 33.127052902844405, 33.127052902844405, 'APPROACH-BLIND'
11, 5100, 33.15483042932876, 33.15483042932876, 'APPROACH-BLIND'
11, 5101, 33.18260795581312, 33.18260795581312, 'APPROACH-BLIND'
11, 5102, 33.210385482297475, 33.210385482297475, 'APPROACH-BLIND'
11, 5103, 33.23816300878183, 33.23816300878183, 'APPROACH-BLIND'
11, 5104, 33.26594053526619, 33.26594053526619, 'APPROACH-BLIND'
11, 5105, 33.293718061750546, 33.293718061750546, 'APPROACH-BLIND'
11, 5106, 33.3214955882349, 33.3214955882349, 'APPROACH-BLIND'
11, 5107, 33.34927311471926, 33.34927311471926, 'APPROACH-BLIND'
11, 5108, 33.37705064120362, 33.37705064120362, 'APPROACH-BLIND'
11, 5109, 33.404828167687974, 33.404828167687974, 'APPROACH-BLIND'
11, 5110, 33.43260569417233, 33.43260569417233, 'APPROACH-BLIND'
11, 5111, 33.46038322065669, 33.46038322065669, 'APPROACH-BLIND'
11, 5112, 33.488160747141045, 33.488160747141045, 'APPROACH-BLIND'
11, 5113, 33.5159382736254, 33.5159382736254, 'APPROACH-BLIND'
11, 5114, 33.52802089326063, 33.52802089326063, 'APPROACH-BLIND'
11, 5115, 33.54010351289586, 33.54010351289586, 'APPROACH-BLIND'
11, 5116, 33.55218613253109, 33.55218613253109, 'APPROACH-BLIND'
11, 5117, 33.56426875216632, 33.56426875216632, 'APPROACH-BLIND'
11, 5118, 33.57635137180155, 33.57635137180155, 'APPROACH-BLIND'
11, 5119, 33.58843399143678, 33.58843399143678, 'APPROACH-BLIND'
11, 5120, 33.60051661107201, 33.60051661107201, 'APPROACH-BLIND'
11, 5121, 33.61259923070724, 33.61259923070724, 'APPROACH-BLIND'
11, 5122, 33.62468185034247, 33.62468185034247, 'APPROACH-BLIND'
11, 5123, 33.6367644699777, 33.6367644699777, 'APPROACH-BLIND'
11, 5124, 33.64884708961293, 33.64884708961293, 'APPROACH-BLIND'
11, 5125, 33.66092970924816, 33.66092970924816, 'APPROACH-BLIND'
11, 5126, 33.67301232888339, 33.67301232888339, 'APPROACH-BLIND'
11, 5127, 33.68509494851862, 33.68509494851862, 'APPROACH-BLIND'
11, 5128, 33.69717756815385, 33.69717756815385, 'APPROACH-BLIND'
11, 5129, 33.70926018778908, 33.70926018778908, 'APPROACH-BLIND'
11, 5130, 33.72134280742431, 33.72134280742431, 'APPROACH-BLIND'
11, 5131, 33.73342542705954, 33.73342542705954, 'APPROACH-BLIND'
11, 5132, 33.745508046694766, 33.745508046694766, 'APPROACH-BLIND'
11, 5133, 33.757590666329996, 33.757590666329996, 'APPROACH-BLIND'
11, 5134, 33.769673285965226, 33.769673285965226, 'APPROACH-BLIND'
11, 5135, 33.746059428032936, 33.746059428032936, 'APPROACH-BLIND'
11, 5136, 33.722445570100646, 33.722445570100646, 'APPROACH-BLIND'
11, 5137, 33.69883171216836, 33.69883171216836, 'APPROACH-BLIND'
11, 5138, 33.67521785423607, 33.67521785423607, 'APPROACH-BLIND'
11, 5139, 33.65160399630378, 33.65160399630378, 'APPROACH-BLIND'
11, 5140, 33.62799013837149, 33.62799013837149, 'APPROACH-BLIND'
11, 5141, 33.6043762804392, 33.6043762804392, 'APPROACH-BLIND'
11, 5142, 33.58076242250691, 33.58076242250691, 'APPROACH-BLIND'
11, 5143, 33.55714856457462, 33.55714856457462, 'APPROACH-BLIND'
11, 5144, 33.53353470664233, 33.53353470664233, 'APPROACH-BLIND'
11, 5145, 33.50992084871004, 33.50992084871004, 'APPROACH-BLIND'
11, 5146, 33.48630699077775, 33.48630699077775, 'APPROACH-BLIND'
11, 5147, 33.51026819225391, 33.51026819225391, 'APPROACH-BLIND'
11, 5148, 33.48606144152745, 33.48606144152745, 'APPROACH-BLIND'
11, 5149, 33.510581501177704, 33.510581501177704, 'APPROACH-BLIND'
11, 5150, 33.4858386863402, 33.4858386863402, 'APPROACH-BLIND'
11, 5151, 33.51085993688378, 33.51085993688378, 'APPROACH-BLIND'
11, 5152, 33.4856399504988, 33.4856399504988, 'APPROACH-BLIND'
11, 5153, 33.51110392061434, 33.51110392061434, 'APPROACH-BLIND'
11, 5154, 33.485465361321765, 33.485465361321765, 'APPROACH-BLIND'
11, 5155, 33.51131494818892, 33.51131494818892, 'APPROACH-BLIND'
11, 5156, 33.48531412044394, 33.48531412044394, 'APPROACH-BLIND'
11, 5157, 33.51149533035442, 33.51149533035442, 'APPROACH-BLIND'
11, 5158, 33.53908698760697, 33.53908698760697, 'APPROACH-BLIND'
11, 5159, 33.56667864485952, 33.56667864485952, 'APPROACH-BLIND'
11, 5160, 33.59427030211207, 33.59427030211207, 'APPROACH-BLIND'
11, 5161, 33.62186195936462, 33.62186195936462, 'APPROACH-BLIND'
11, 5162, 33.64945361661717, 33.64945361661717, 'APPROACH-BLIND'
11, 5163, 33.67704527386972, 33.67704527386972, 'APPROACH-BLIND'
11, 5164, 33.70463693112227, 33.70463693112227, 'APPROACH-BLIND'
11, 5165, 33.732228588374824, 33.732228588374824, 'APPROACH-BLIND'
11, 5166, 33.759820245627374, 33.759820245627374, 'APPROACH-BLIND'
11, 5167, 33.787411902879924, 33.787411902879924, 'APPROACH-BLIND'
11, 5168, 33.815003560132475, 33.815003560132475, 'APPROACH-BLIND'
11, 5169, 33.842595217385025, 33.842595217385025, 'APPROACH-BLIND'
11, 5170, 33.870186874637575, 33.870186874637575, 'APPROACH-BLIND'
11, 5171, 33.897778531890125, 33.897778531890125, 'APPROACH-BLIND'
11, 5172, 33.925370189142676, 33.925370189142676, 'APPROACH-BLIND'
11, 5173, 33.952961846395226, 33.952961846395226, 'APPROACH-BLIND'
11, 5174, 33.980553503647776, 33.980553503647776, 'APPROACH-BLIND'
11, 5175, 34.00814516090033, 34.00814516090033, 'APPROACH-BLIND'
11, 5176, 34.03573681815288, 34.03573681815288, 'APPROACH-BLIND'
11, 5177, 34.06332847540543, 34.06332847540543, 'APPROACH-BLIND'
11, 5178, 34.09092013265798, 34.09092013265798, 'APPROACH-BLIND'
11, 5179, 34.11851178991053, 34.11851178991053, 'APPROACH-BLIND'
11, 5180, 34.14610344716308, 34.14610344716308, 'APPROACH-BLIND'
11, 5181, 34.17369510441563, 34.17369510441563, 'APPROACH-BLIND'
11, 5182, 34.20128676166818, 34.20128676166818, 'APPROACH-BLIND'
11, 5183, 34.22887841892073, 34.22887841892073, 'APPROACH-BLIND'
11, 5184, 34.25647007617328, 34.25647007617328, 'APPROACH-BLIND'
11, 5185, 34.28406173342583, 34.28406173342583, 'APPROACH-BLIND'
11, 5186, 34.31165339067838, 34.31165339067838, 'APPROACH-BLIND'
11, 5187, 34.33924504793093, 34.33924504793093, 'APPROACH-BLIND'
11, 5188, 34.36683670518348, 34.36683670518348, 'APPROACH-BLIND'
11, 5189, 34.39442836243603, 34.39442836243603, 'APPROACH-BLIND'
11, 5190, 34.42202001968858, 34.42202001968858, 'APPROACH-BLIND'
11, 5191, 34.44961167694113, 34.44961167694113, 'APPROACH-BLIND'
11, 5192, 34.47720333419368, 34.47720333419368, 'APPROACH-BLIND'
11, 5193, 34.50479499144623, 34.50479499144623, 'APPROACH-BLIND'
11, 5194, 34.51771631249317, 34.51771631249317, 'APPROACH-BLIND'
11, 5195, 34.53063763354011, 34.53063763354011, 'APPROACH-BLIND'
11, 5196, 34.54355895458705, 34.54355895458705, 'APPROACH-BLIND'
11, 5197, 34.55648027563399, 34.55648027563399, 'APPROACH-BLIND'
11, 5198, 34.569401596680926, 34.569401596680926, 'APPROACH-BLIND'
11, 5199, 34.582322917727865, 34.582322917727865, 'APPROACH-BLIND'
11, 5200, 34.595244238774804, 34.595244238774804, 'APPROACH-BLIND'
11, 5201, 34.60816555982174, 34.60816555982174, 'APPROACH-BLIND'
11, 5202, 34.62108688086868, 34.62108688086868, 'APPROACH-BLIND'
11, 5203, 34.63400820191562, 34.63400820191562, 'APPROACH-BLIND'
11, 5204, 34.64692952296256, 34.64692952296256, 'APPROACH-BLIND'
11, 5205, 34.6598508440095, 34.6598508440095, 'APPROACH-BLIND'
11, 5206, 34.672772165056436, 34.672772165056436, 'APPROACH-BLIND'
11, 5207, 34.685693486103375, 34.685693486103375, 'APPROACH-BLIND'
11, 5208, 34.698614807150314, 34.698614807150314, 'APPROACH-BLIND'
11, 5209, 34.71153612819725, 34.71153612819725, 'APPROACH-BLIND'
11, 5210, 34.72445744924419, 34.72445744924419, 'APPROACH-BLIND'
11, 5211, 34.73737877029113, 34.73737877029113, 'APPROACH-BLIND'
11, 5212, 34.76320683262171, 34.76320683262171, 'APPROACH-BLIND'
11, 5213, 34.789034894952295, 34.789034894952295, 'APPROACH-BLIND'
11, 5214, 34.81486295728288, 34.81486295728288, 'APPROACH-BLIND'
11, 5215, 34.84069101961346, 34.84069101961346, 'APPROACH-BLIND'
11, 5216, 34.86651908194404, 34.86651908194404, 'APPROACH-BLIND'
11, 5217, 34.89234714427462, 34.89234714427462, 'APPROACH-BLIND'
11, 5218, 34.918175206605206, 34.918175206605206, 'APPROACH-BLIND'
11, 5219, 34.94400326893579, 34.94400326893579, 'APPROACH-BLIND'
11, 5220, 34.96983133126637, 34.96983133126637, 'APPROACH-BLIND'
11, 5221, 34.99565939359695, 34.99565939359695, 'APPROACH-BLIND'
11, 5222, 35.021487455927534, 35.021487455927534, 'APPROACH-BLIND'
11, 5223, 35.04731551825812, 35.04731551825812, 'APPROACH-BLIND'
11, 5224, 35.0731435805887, 35.0731435805887, 'APPROACH-BLIND'
11, 5225, 35.09897164291928, 35.09897164291928, 'APPROACH-BLIND'
11, 5226, 35.12479970524986, 35.12479970524986, 'APPROACH-BLIND'
11, 5227, 35.150627767580445, 35.150627767580445, 'APPROACH-BLIND'
11, 5228, 35.17645582991103, 35.17645582991103, 'APPROACH-BLIND'
11, 5229, 35.20228389224161, 35.20228389224161, 'APPROACH-BLIND'
11, 5230, 35.22811195457219, 35.22811195457219, 'APPROACH-BLIND'
11, 5231, 35.253940016902774, 35.253940016902774, 'APPROACH-BLIND'
11, 5232, 35.27976807923336, 35.27976807923336, 'APPROACH-BLIND'
11, 5233, 35.30559614156394, 35.30559614156394, 'APPROACH-BLIND'
11, 5234, 35.33142420389452, 35.33142420389452, 'APPROACH-BLIND'
11, 5235, 35.3572522662251, 35.3572522662251, 'APPROACH-BLIND'
11, 5236, 35.383080328555685, 35.383080328555685, 'APPROACH-BLIND'
11, 5237, 35.40890839088627, 35.40890839088627, 'APPROACH-BLIND'
11, 5238, 35.43473645321685, 35.43473645321685, 'APPROACH-BLIND'
11, 5239, 35.46056451554743, 35.46056451554743, 'APPROACH-BLIND'
11, 5240, 35.486392577878014, 35.486392577878014, 'APPROACH-BLIND'
11, 5241, 35.5122206402086, 35.5122206402086, 'APPROACH-BLIND'
11, 5242, 35.53976742787986, 35.53976742787986, 'APPROACH-BLIND'
11, 5243, 35.56731421555112, 35.56731421555112, 'APPROACH-BLIND'
11, 5244, 35.594861003222384, 35.594861003222384, 'APPROACH-BLIND'
11, 5245, 35.62240779089365, 35.62240779089365, 'APPROACH-BLIND'
11, 5246, 35.64995457856491, 35.64995457856491, 'APPROACH-BLIND'
11, 5247, 35.67750136623617, 35.67750136623617, 'APPROACH-BLIND'
11, 5248, 35.705048153907434, 35.705048153907434, 'APPROACH-BLIND'
11, 5249, 35.7325949415787, 35.7325949415787, 'APPROACH-BLIND'
11, 5250, 35.76014172924996, 35.76014172924996, 'APPROACH-BLIND'
11, 5251, 35.78768851692122, 35.78768851692122, 'APPROACH-BLIND'
11, 5252, 35.815235304592484, 35.815235304592484, 'APPROACH-BLIND'
11, 5253, 35.84278209226375, 35.84278209226375, 'APPROACH-BLIND'
11, 5254, 35.87032887993501, 35.87032887993501, 'APPROACH-BLIND'
11, 5255, 35.89787566760627, 35.89787566760627, 'APPROACH-BLIND'
11, 5256, 35.925422455277534, 35.925422455277534, 'APPROACH-BLIND'
11, 5257, 35.9529692429488, 35.9529692429488, 'APPROACH-BLIND'
11, 5258, 35.98051603062006, 35.98051603062006, 'APPROACH-BLIND'
11, 5259, 36.00806281829132, 36.00806281829132, 'APPROACH-BLIND'
11, 5260, 36.035609605962584, 36.035609605962584, 'APPROACH-BLIND'
11, 5261, 36.06315639363385, 36.06315639363385, 'APPROACH-BLIND'
11, 5262, 36.09070318130511, 36.09070318130511, 'APPROACH-BLIND'
11, 5263, 36.11824996897637, 36.11824996897637, 'APPROACH-BLIND'
11, 5264, 36.145796756647634, 36.145796756647634, 'APPROACH-BLIND'
11, 5265, 36.1733435443189, 36.1733435443189, 'APPROACH-BLIND'
11, 5266, 36.20089033199016, 36.20089033199016, 'APPROACH-BLIND'
11, 5267, 36.22843711966142, 36.22843711966142, 'APPROACH-BLIND'
11, 5268, 36.255983907332684, 36.255983907332684, 'APPROACH-BLIND'
11, 5269, 36.28353069500395, 36.28353069500395, 'APPROACH-BLIND'
11, 5270, 36.31107748267521, 36.31107748267521, 'APPROACH-BLIND'
11, 5271, 36.33862427034647, 36.33862427034647, 'APPROACH-BLIND'
11, 5272, 36.366171058017734, 36.366171058017734, 'APPROACH-BLIND'
11, 5273, 36.393717845689, 36.393717845689, 'APPROACH-BLIND'
11, 5274, 36.42126463336026, 36.42126463336026, 'APPROACH-BLIND'
11, 5275, 36.44881142103152, 36.44881142103152, 'APPROACH-BLIND'
11, 5276, 36.476358208702784, 36.476358208702784, 'APPROACH-BLIND'
11, 5277, 36.50390499637405, 36.50390499637405, 'APPROACH-BLIND'
11, 5278, 36.53165709115536, 36.53165709115536, 'APPROACH-BLIND'
11, 5279, 36.55940918593667, 36.55940918593667, 'APPROACH-BLIND'
11, 5280, 36.587161280717986, 36.587161280717986, 'APPROACH-BLIND'
11, 5281, 36.6149133754993, 36.6149133754993, 'APPROACH-BLIND'
11, 5282, 36.64266547028061, 36.64266547028061, 'APPROACH-BLIND'
11, 5283, 36.670417565061925, 36.670417565061925, 'APPROACH-BLIND'
11, 5284, 36.69816965984324, 36.69816965984324, 'APPROACH-BLIND'
11, 5285, 36.72592175462455, 36.72592175462455, 'APPROACH-BLIND'
11, 5286, 36.753673849405864, 36.753673849405864, 'APPROACH-BLIND'
11, 5287, 36.78142594418718, 36.78142594418718, 'APPROACH-BLIND'
11, 5288, 36.80917803896849, 36.80917803896849, 'APPROACH-BLIND'
11, 5289, 36.8369301337498, 36.8369301337498, 'APPROACH-BLIND'
11, 5290, 36.864682228531116, 36.864682228531116, 'APPROACH-BLIND'
11, 5291, 36.89243432331243, 36.89243432331243, 'APPROACH-BLIND'
11, 5292, 36.92018641809374, 36.92018641809374, 'APPROACH-BLIND'
11, 5293, 36.947938512875055, 36.947938512875055, 'APPROACH-BLIND'
11, 5294, 36.97569060765637, 36.97569060765637, 'APPROACH-BLIND'
11, 5295, 37.00344270243768, 37.00344270243768, 'APPROACH-BLIND'
11, 5296, 37.031194797218994, 37.031194797218994, 'APPROACH-BLIND'
11, 5297, 37.05894689200031, 37.05894689200031, 'APPROACH-BLIND'
11, 5298, 37.08669898678162, 37.08669898678162, 'APPROACH-BLIND'
11, 5299, 37.11445108156293, 37.11445108156293, 'APPROACH-BLIND'
11, 5300, 37.142203176344246, 37.142203176344246, 'APPROACH-BLIND'
11, 5301, 37.16995527112556, 37.16995527112556, 'APPROACH-BLIND'
11, 5302, 37.19770736590687, 37.19770736590687, 'APPROACH-BLIND'
11, 5303, 37.225459460688185, 37.225459460688185, 'APPROACH-BLIND'
11, 5304, 37.2532115554695, 37.2532115554695, 'APPROACH-BLIND'
11, 5305, 37.28096365025081, 37.28096365025081, 'APPROACH-BLIND'
11, 5306, 37.308715745032124, 37.308715745032124, 'APPROACH-BLIND'
11, 5307, 37.33646783981344, 37.33646783981344, 'APPROACH-BLIND'
11, 5308, 37.36421993459475, 37.36421993459475, 'APPROACH-BLIND'
11, 5309, 37.35934932312641, 37.35934932312641, 'APPROACH-STEALTH'
11, 5310, 37.35447871165807, 37.35447871165807, 'APPROACH-STEALTH'
11, 5311, 37.37525855189792, 37.37525855189792, 'PURSUE'
11, 5312, 37.396038392137775, 37.396038392137775, 'PURSUE'
11, 5313, 37.41681823237763, 37.41681823237763, 'PURSUE'
11, 5314, 37.410325058883004, 37.410325058883004, 'APPROACH-STEALTH'
11, 5315, 37.40383188538838, 37.40383188538838, 'APPROACH-STEALTH'
11, 5316, 37.39733871189375, 37.39733871189375, 'APPROACH-STEALTH'
11, 5317, 37.39084553839913, 37.39084553839913, 'APPROACH-STEALTH'
11, 5318, 37.3843523649045, 37.3843523649045, 'APPROACH-STEALTH'
11, 5319, 37.377859191409875, 37.377859191409875, 'APPROACH-STEALTH'
11, 5320, 37.37136601791525, 37.37136601791525, 'APPROACH-STEALTH'
11, 5321, 37.364872844420624, 37.364872844420624, 'APPROACH-STEALTH'
11, 5322, 37.358379670926, 37.358379670926, 'APPROACH-STEALTH'
11, 5323, 37.35188649743137, 37.35188649743137, 'APPROACH-STEALTH'
11, 5324, 37.34539332393675, 37.34539332393675, 'APPROACH-STEALTH'
11, 5325, 37.33890015044212, 37.33890015044212, 'APPROACH-STEALTH'
11, 5326, 37.332406976947496, 37.332406976947496, 'APPROACH-STEALTH'
11, 5327, 37.32591380345287, 37.32591380345287, 'APPROACH-STEALTH'
11, 5328, 37.319420629958245, 37.319420629958245, 'APPROACH-STEALTH'
11, 5329, 37.31292745646362, 37.31292745646362, 'APPROACH-STEALTH'
11, 5330, 37.30643428296899, 37.30643428296899, 'APPROACH-STEALTH'
11, 5331, 37.29994110947437, 37.29994110947437, 'APPROACH-STEALTH'
11, 5332, 37.29344793597974, 37.29344793597974, 'APPROACH-STEALTH'
11, 5333, 37.28695476248512, 37.28695476248512, 'APPROACH-STEALTH'
11, 5334, 37.28046158899049, 37.28046158899049, 'APPROACH-STEALTH'
11, 5335, 37.273968415495865, 37.273968415495865, 'APPROACH-STEALTH'
11, 5336, 37.26747524200124, 37.26747524200124, 'APPROACH-STEALTH'
11, 5337, 37.260982068506614, 37.260982068506614, 'APPROACH-STEALTH'
11, 5338, 37.258591244651036, 37.258591244651036, 'APPROACH-STEALTH'
11, 5339, 37.25620042079546, 37.25620042079546, 'APPROACH-STEALTH'
11, 5340, 37.25380959693988, 37.25380959693988, 'APPROACH-STEALTH'
11, 5341, 37.2514187730843, 37.2514187730843, 'APPROACH-STEALTH'
11, 5342, 37.249027949228726, 37.249027949228726, 'APPROACH-STEALTH'
11, 5343, 37.24663712537315, 37.24663712537315, 'APPROACH-STEALTH'
11, 5344, 37.24424630151757, 37.24424630151757, 'APPROACH-STEALTH'
11, 5345, 37.24185547766199, 37.24185547766199, 'APPROACH-STEALTH'
11, 5346, 37.239464653806415, 37.239464653806415, 'APPROACH-STEALTH'
11, 5347, 37.23707382995084, 37.23707382995084, 'APPROACH-STEALTH'
11, 5348, 37.23468300609526, 37.23468300609526, 'APPROACH-STEALTH'
11, 5349, 37.23229218223968, 37.23229218223968, 'APPROACH-STEALTH'
11, 5350, 37.229901358384105, 37.229901358384105, 'APPROACH-STEALTH'
11, 5351, 37.22751053452853, 37.22751053452853, 'APPROACH-STEALTH'
11, 5352, 37.22511971067295, 37.22511971067295, 'APPROACH-STEALTH'
11, 5353, 37.22272888681737, 37.22272888681737, 'APPROACH-STEALTH'
11, 5354, 37.220338062961794, 37.220338062961794, 'APPROACH-STEALTH'
11, 5355, 37.217947239106216, 37.217947239106216, 'APPROACH-STEALTH'
11, 5356, 37.21555641525064, 37.21555641525064, 'APPROACH-STEALTH'
11, 5357, 37.21316559139506, 37.21316559139506, 'APPROACH-STEALTH'
11, 5358, 37.21077476753948, 37.21077476753948, 'APPROACH-STEALTH'
11, 5359, 37.208383943683906, 37.208383943683906, 'APPROACH-STEALTH'
11, 5360, 37.20599311982833, 37.20599311982833, 'APPROACH-STEALTH'
11, 5361, 37.20360229597275, 37.20360229597275, 'APPROACH-STEALTH'
11, 5362, 37.20121147211717, 37.20121147211717, 'APPROACH-STEALTH'
11, 5363, 37.198820648261595, 37.198820648261595, 'APPROACH-STEALTH'
11, 5364, 37.19642982440602, 37.19642982440602, 'APPROACH-STEALTH'
11, 5365, 37.19403900055044, 37.19403900055044, 'APPROACH-STEALTH'
11, 5366, 37.19164817669486, 37.19164817669486, 'APPROACH-STEALTH'
11, 5367, 37.189257352839284, 37.189257352839284, 'APPROACH-STEALTH'
11, 5368, 37.18686652898371, 37.18686652898371, 'APPROACH-STEALTH'
11, 5369, 37.18447570512813, 37.18447570512813, 'APPROACH-STEALTH'
11, 5370, 37.18208488127255, 37.18208488127255, 'APPROACH-STEALTH'
11, 5371, 37.179694057416974, 37.179694057416974, 'APPROACH-STEALTH'
11, 5372, 37.177303233561396, 37.177303233561396, 'APPROACH-STEALTH'
11, 5373, 37.17491240970582, 37.17491240970582, 'APPROACH-STEALTH'
11, 5374, 37.17252158585024, 37.17252158585024, 'APPROACH-STEALTH'
11, 5375, 37.17013076199466, 37.17013076199466, 'APPROACH-STEALTH'
11, 5376, 37.167739938139086, 37.167739938139086, 'APPROACH-STEALTH'
11, 5377, 37.16534911428351, 37.16534911428351, 'APPROACH-STEALTH'
11, 5378, 37.16295829042793, 37.16295829042793, 'APPROACH-STEALTH'
11, 5379, 37.16056746657235, 37.16056746657235, 'APPROACH-STEALTH'
11, 5380, 37.158176642716775, 37.158176642716775, 'APPROACH-STEALTH'
11, 5381, 37.15578581886119, 37.15578581886119, 'APPROACH-STEALTH'
11, 5382, 37.15339499500561, 37.15339499500561, 'APPROACH-STEALTH'
11, 5383, 37.15100417115003, 37.15100417115003, 'APPROACH-STEALTH'
11, 5384, 37.14861334729445, 37.14861334729445, 'APPROACH-STEALTH'
11, 5385, 37.146222523438865, 37.146222523438865, 'APPROACH-STEALTH'
11, 5386, 37.14383169958329, 37.14383169958329, 'APPROACH-STEALTH'
11, 5387, 37.1414408757277, 37.1414408757277, 'APPROACH-STEALTH'
11, 5388, 37.139050051872125, 37.139050051872125, 'APPROACH-STEALTH'
11, 5389, 37.13665922801654, 37.13665922801654, 'APPROACH-STEALTH'
11, 5390, 37.134268404160956, 37.134268404160956, 'APPROACH-STEALTH'
11, 5391, 37.13187758030538, 37.13187758030538, 'APPROACH-STEALTH'
11, 5392, 37.12948675644979, 37.12948675644979, 'APPROACH-STEALTH'
11, 5393, 37.127095932594216, 37.127095932594216, 'APPROACH-STEALTH'
11, 5394, 37.12470510873863, 37.12470510873863, 'APPROACH-STEALTH'
11, 5395, 37.12231428488305, 37.12231428488305, 'APPROACH-STEALTH'
11, 5396, 37.11992346102747, 37.11992346102747, 'APPROACH-STEALTH'
11, 5397, 37.11753263717189, 37.11753263717189, 'APPROACH-STEALTH'
11, 5398, 37.115141813316306, 37.115141813316306, 'APPROACH-STEALTH'
11, 5399, 37.11275098946073, 37.11275098946073, 'APPROACH-STEALTH'
11, 5400, 37.110360165605144, 37.110360165605144, 'APPROACH-STEALTH'
11, 5401, 37.107969341749566, 37.107969341749566, 'APPROACH-STEALTH'
11, 5402, 37.10557851789398, 37.10557851789398, 'APPROACH-STEALTH'
11, 5403, 37.1031876940384, 37.1031876940384, 'APPROACH-STEALTH'
11, 5404, 37.10079687018282, 37.10079687018282, 'APPROACH-STEALTH'
11, 5405, 37.098406046327234, 37.098406046327234, 'APPROACH-STEALTH'
11, 5406, 37.09601522247166, 37.09601522247166, 'APPROACH-STEALTH'
11, 5407, 37.09362439861607, 37.09362439861607, 'APPROACH-STEALTH'
11, 5408, 37.091233574760494, 37.091233574760494, 'APPROACH-STEALTH'
11, 5409, 37.08884275090491, 37.08884275090491, 'APPROACH-STEALTH'
11, 5410, 37.08645192704933, 37.08645192704933, 'APPROACH-STEALTH'
11, 5411, 37.08564996093127, 37.08564996093127, 'APPROACH-STEALTH'
11, 5412, 37.08484799481321, 37.08484799481321, 'APPROACH-STEALTH'
11, 5413, 37.08404602869515, 37.08404602869515, 'APPROACH-STEALTH'
11, 5414, 37.08324406257709, 37.08324406257709, 'APPROACH-STEALTH'
11, 5415, 37.082442096459026, 37.082442096459026, 'APPROACH-STEALTH'
11, 5416, 37.081640130340965, 37.081640130340965, 'APPROACH-STEALTH'
11, 5417, 37.080838164222904, 37.080838164222904, 'APPROACH-STEALTH'
11, 5418, 37.08003619810484, 37.08003619810484, 'APPROACH-STEALTH'
11, 5419, 37.07923423198678, 37.07923423198678, 'APPROACH-STEALTH'
11, 5420, 37.07843226586872, 37.07843226586872, 'APPROACH-STEALTH'
11, 5421, 37.07763029975066, 37.07763029975066, 'APPROACH-STEALTH'
11, 5422, 37.0768283336326, 37.0768283336326, 'APPROACH-STEALTH'
11, 5423, 37.07602636751454, 37.07602636751454, 'APPROACH-STEALTH'
11, 5424, 37.075224401396476, 37.075224401396476, 'APPROACH-STEALTH'
11, 5425, 37.074422435278414, 37.074422435278414, 'APPROACH-STEALTH'
11, 5426, 37.09897123937982, 37.09897123937982, 'PURSUE'
11, 5427, 37.12352004348123, 37.12352004348123, 'PURSUE'
11, 5428, 37.148068847582635, 37.148068847582635, 'PURSUE'
11, 5429, 37.17261765168404, 37.17261765168404, 'PURSUE'
11, 5430, 37.19716645578545, 37.19716645578545, 'PURSUE'
11, 5431, 37.22171525988686, 37.22171525988686, 'PURSUE'
11, 5432, 37.246264063988264, 37.246264063988264, 'PURSUE'
11, 5433, 37.27081286808967, 37.27081286808967, 'PURSUE'
11, 5434, 37.29536167219108, 37.29536167219108, 'PURSUE'
11, 5435, 37.319910476292485, 37.319910476292485, 'PURSUE'
11, 5436, 37.34445928039389, 37.34445928039389, 'PURSUE'
11, 5437, 37.3690080844953, 37.3690080844953, 'PURSUE'
11, 5438, 37.393556888596706, 37.393556888596706, 'PURSUE'
11, 5439, 37.41810569269811, 37.41810569269811, 'PURSUE'
11, 5440, 37.44265449679952, 37.44265449679952, 'PURSUE'
11, 5441, 37.46720330090093, 37.46720330090093, 'PURSUE'
11, 5442, 37.46299058281481, 37.46299058281481, 'APPROACH-STEALTH'
11, 5443, 37.458777864728695, 37.458777864728695, 'APPROACH-STEALTH'
11, 5444, 37.45456514664258, 37.45456514664258, 'APPROACH-STEALTH'
11, 5445, 37.450352428556464, 37.450352428556464, 'APPROACH-STEALTH'
11, 5446, 37.44613971047035, 37.44613971047035, 'APPROACH-STEALTH'
11, 5447, 37.44192699238423, 37.44192699238423, 'APPROACH-STEALTH'
11, 5448, 37.437714274298116, 37.437714274298116, 'APPROACH-STEALTH'
11, 5449, 37.433501556212, 37.433501556212, 'APPROACH-STEALTH'
11, 5450, 37.429288838125885, 37.429288838125885, 'APPROACH-STEALTH'
11, 5451, 37.42507612003977, 37.42507612003977, 'APPROACH-STEALTH'
11, 5452, 37.42086340195365, 37.42086340195365, 'APPROACH-STEALTH'
11, 5453, 37.41665068386754, 37.41665068386754, 'APPROACH-STEALTH'
11, 5454, 37.41243796578142, 37.41243796578142, 'APPROACH-STEALTH'
11, 5455, 37.408225247695306, 37.408225247695306, 'APPROACH-STEALTH'
11, 5456, 37.40401252960919, 37.40401252960919, 'APPROACH-STEALTH'
11, 5457, 37.399799811523074, 37.399799811523074, 'APPROACH-STEALTH'
11, 5458, 37.39558709343696, 37.39558709343696, 'APPROACH-STEALTH'
11, 5459, 37.39137437535084, 37.39137437535084, 'APPROACH-STEALTH'
11, 5460, 37.38716165726473, 37.38716165726473, 'APPROACH-STEALTH'
11, 5461, 37.38294893917861, 37.38294893917861, 'APPROACH-STEALTH'
11, 5462, 37.378736221092495, 37.378736221092495, 'APPROACH-STEALTH'
11, 5463, 37.37452350300638, 37.37452350300638, 'APPROACH-STEALTH'
11, 5464, 37.370310784920264, 37.370310784920264, 'APPROACH-STEALTH'
11, 5465, 37.36609806683415, 37.36609806683415, 'APPROACH-STEALTH'
11, 5466, 37.36188534874803, 37.36188534874803, 'APPROACH-STEALTH'
11, 5467, 37.35767263066192, 37.35767263066192, 'APPROACH-STEALTH'
11, 5468, 37.3534599125758, 37.3534599125758, 'APPROACH-STEALTH'
11, 5469, 37.349247194489685, 37.349247194489685, 'APPROACH-STEALTH'
11, 5470, 37.34503447640357, 37.34503447640357, 'APPROACH-STEALTH'
11, 5471, 37.34082175831745, 37.34082175831745, 'APPROACH-STEALTH'
11, 5472, 37.33660904023134, 37.33660904023134, 'APPROACH-STEALTH'
11, 5473, 37.33239632214522, 37.33239632214522, 'APPROACH-STEALTH'
11, 5474, 37.328183604059106, 37.328183604059106, 'APPROACH-STEALTH'
11, 5475, 37.32397088597299, 37.32397088597299, 'APPROACH-STEALTH'
11, 5476, 37.319758167886874, 37.319758167886874, 'APPROACH-STEALTH'
11, 5477, 37.31554544980076, 37.31554544980076, 'APPROACH-STEALTH'
11, 5478, 37.31133273171464, 37.31133273171464, 'APPROACH-STEALTH'
11, 5479, 37.30712001362853, 37.30712001362853, 'APPROACH-STEALTH'
11, 5480, 37.30290729554241, 37.30290729554241, 'APPROACH-STEALTH'
11, 5481, 37.298694577456295, 37.298694577456295, 'APPROACH-STEALTH'
11, 5482, 37.29448185937018, 37.29448185937018, 'APPROACH-STEALTH'
11, 5483, 37.290269141284064, 37.290269141284064, 'APPROACH-STEALTH'
11, 5484, 37.28605642319795, 37.28605642319795, 'APPROACH-STEALTH'
11, 5485, 37.28184370511183, 37.28184370511183, 'APPROACH-STEALTH'
11, 5486, 37.27763098702572, 37.27763098702572, 'APPROACH-STEALTH'
11, 5487, 37.2734182689396, 37.2734182689396, 'APPROACH-STEALTH'
11, 5488, 37.269205550853485, 37.269205550853485, 'APPROACH-STEALTH'
11, 5489, 37.26499283276737, 37.26499283276737, 'APPROACH-STEALTH'
11, 5490, 37.26078011468125, 37.26078011468125, 'APPROACH-STEALTH'
11, 5491, 37.25656739659514, 37.25656739659514, 'APPROACH-STEALTH'
11, 5492, 37.25235467850902, 37.25235467850902, 'APPROACH-STEALTH'
11, 5493, 37.248141960422906, 37.248141960422906, 'APPROACH-STEALTH'
11, 5494, 37.24392924233679, 37.24392924233679, 'APPROACH-STEALTH'
11, 5495, 37.239716524250674, 37.239716524250674, 'APPROACH-STEALTH'
11, 5496, 37.23550380616456, 37.23550380616456, 'APPROACH-STEALTH'
11, 5497, 37.23129108807844, 37.23129108807844, 'APPROACH-STEALTH'
11, 5498, 37.22707836999233, 37.22707836999233, 'APPROACH-STEALTH'
11, 5499, 37.22286565190621, 37.22286565190621, 'APPROACH-STEALTH'
11, 5500, 37.21865293382009, 37.21865293382009, 'APPROACH-STEALTH'
11, 5501, 37.21444021573397, 37.21444021573397, 'APPROACH-STEALTH'
11, 5502, 37.21022749764786, 37.21022749764786, 'APPROACH-STEALTH'
11, 5503, 37.20601477956174, 37.20601477956174, 'APPROACH-STEALTH'
11, 5504, 37.20180206147562, 37.20180206147562, 'APPROACH-STEALTH'
11, 5505, 37.1975893433895, 37.1975893433895, 'APPROACH-STEALTH'
11, 5506, 37.19337662530339, 37.19337662530339, 'APPROACH-STEALTH'
11, 5507, 37.18916390721727, 37.18916390721727, 'APPROACH-STEALTH'
11, 5508, 37.18495118913115, 37.18495118913115, 'APPROACH-STEALTH'
11, 5509, 37.18073847104503, 37.18073847104503, 'APPROACH-STEALTH'
11, 5510, 37.176525752958916, 37.176525752958916, 'APPROACH-STEALTH'
11, 5511, 37.1723130348728, 37.1723130348728, 'APPROACH-STEALTH'
11, 5512, 37.19928475976739, 37.19928475976739, 'PURSUE'
11, 5513, 37.211122345979994, 37.211122345979994, 'APPROACH-STEALTH'
11, 5514, 37.2229599321926, 37.2229599321926, 'APPROACH-STEALTH'
11, 5515, 37.23479751840521, 37.23479751840521, 'APPROACH-STEALTH'
11, 5516, 37.246635104617816, 37.246635104617816, 'APPROACH-STEALTH'
11, 5517, 37.25847269083042, 37.25847269083042, 'APPROACH-STEALTH'
11, 5518, 37.27031027704303, 37.27031027704303, 'APPROACH-STEALTH'
11, 5519, 37.28214786325564, 37.28214786325564, 'APPROACH-STEALTH'
11, 5520, 37.293985449468245, 37.293985449468245, 'APPROACH-STEALTH'
11, 5521, 37.30582303568085, 37.30582303568085, 'APPROACH-STEALTH'
11, 5522, 37.31766062189346, 37.31766062189346, 'APPROACH-STEALTH'
11, 5523, 37.32949820810607, 37.32949820810607, 'APPROACH-STEALTH'
11, 5524, 37.341335794318674, 37.341335794318674, 'APPROACH-STEALTH'
11, 5525, 37.35317338053128, 37.35317338053128, 'APPROACH-STEALTH'
11, 5526, 37.36501096674389, 37.36501096674389, 'APPROACH-STEALTH'
11, 5527, 37.376848552956496, 37.376848552956496, 'APPROACH-STEALTH'
11, 5528, 37.3886861391691, 37.3886861391691, 'APPROACH-STEALTH'
11, 5529, 37.40052372538171, 37.40052372538171, 'APPROACH-STEALTH'
11, 5530, 37.41236131159432, 37.41236131159432, 'APPROACH-STEALTH'
11, 5531, 37.424198897806924, 37.424198897806924, 'APPROACH-STEALTH'
11, 5532, 37.43603648401953, 37.43603648401953, 'APPROACH-STEALTH'
11, 5533, 37.44787407023214, 37.44787407023214, 'APPROACH-STEALTH'
11, 5534, 37.459711656444746, 37.459711656444746, 'APPROACH-STEALTH'
11, 5535, 37.47154924265735, 37.47154924265735, 'APPROACH-STEALTH'
11, 5536, 37.48338682886996, 37.48338682886996, 'APPROACH-STEALTH'
11, 5537, 37.49522441508257, 37.49522441508257, 'APPROACH-STEALTH'
11, 5538, 37.507062001295175, 37.507062001295175, 'APPROACH-STEALTH'
11, 5539, 37.511978022910796, 37.511978022910796, 'APPROACH-STEALTH'
11, 5540, 37.538485797159446, 37.538485797159446, 'PURSUE'
11, 5541, 37.564993571408095, 37.564993571408095, 'PURSUE'
11, 5542, 37.591501345656745, 37.591501345656745, 'PURSUE'
11, 5543, 37.618009119905395, 37.618009119905395, 'PURSUE'
11, 5544, 37.62260739932618, 37.62260739932618, 'APPROACH-STEALTH'
11, 5545, 37.62720567874696, 37.62720567874696, 'APPROACH-STEALTH'
11, 5546, 37.631803958167744, 37.631803958167744, 'APPROACH-STEALTH'
11, 5547, 37.63640223758853, 37.63640223758853, 'APPROACH-STEALTH'
11, 5548, 37.64100051700931, 37.64100051700931, 'APPROACH-STEALTH'
11, 5549, 37.64559879643009, 37.64559879643009, 'APPROACH-STEALTH'
11, 5550, 37.650197075850876, 37.650197075850876, 'APPROACH-STEALTH'
11, 5551, 37.65479535527166, 37.65479535527166, 'APPROACH-STEALTH'
11, 5552, 37.65939363469244, 37.65939363469244, 'APPROACH-STEALTH'
11, 5553, 37.663991914113225, 37.663991914113225, 'APPROACH-STEALTH'
11, 5554, 37.66859019353401, 37.66859019353401, 'APPROACH-STEALTH'
11, 5555, 37.67318847295479, 37.67318847295479, 'APPROACH-STEALTH'
11, 5556, 37.677786752375575, 37.677786752375575, 'APPROACH-STEALTH'
11, 5557, 37.68238503179636, 37.68238503179636, 'APPROACH-STEALTH'
11, 5558, 37.68698331121714, 37.68698331121714, 'APPROACH-STEALTH'
11, 5559, 37.691581590637924, 37.691581590637924, 'APPROACH-STEALTH'
11, 5560, 37.69617987005871, 37.69617987005871, 'APPROACH-STEALTH'
11, 5561, 37.70077814947949, 37.70077814947949, 'APPROACH-STEALTH'
11, 5562, 37.70537642890027, 37.70537642890027, 'APPROACH-STEALTH'
11, 5563, 37.709974708321056, 37.709974708321056, 'APPROACH-STEALTH'
11, 5564, 37.71457298774184, 37.71457298774184, 'APPROACH-STEALTH'
11, 5565, 37.71917126716262, 37.71917126716262, 'APPROACH-STEALTH'
11, 5566, 37.723769546583405, 37.723769546583405, 'APPROACH-STEALTH'
11, 5567, 37.72836782600419, 37.72836782600419, 'APPROACH-STEALTH'
11, 5568, 37.73296610542497, 37.73296610542497, 'APPROACH-STEALTH'
11, 5569, 37.737564384845754, 37.737564384845754, 'APPROACH-STEALTH'
11, 5570, 37.74216266426654, 37.74216266426654, 'APPROACH-STEALTH'
11, 5571, 37.74676094368732, 37.74676094368732, 'APPROACH-STEALTH'
11, 5572, 37.7513592231081, 37.7513592231081, 'APPROACH-STEALTH'
11, 5573, 37.75595750252889, 37.75595750252889, 'APPROACH-STEALTH'
11, 5574, 37.76055578194967, 37.76055578194967, 'APPROACH-STEALTH'
11, 5575, 37.76515406137045, 37.76515406137045, 'APPROACH-STEALTH'
11, 5576, 37.769752340791236, 37.769752340791236, 'APPROACH-STEALTH'
11, 5577, 37.77435062021202, 37.77435062021202, 'APPROACH-STEALTH'
11, 5578, 37.7789488996328, 37.7789488996328, 'APPROACH-STEALTH'
11, 5579, 37.783547179053585, 37.783547179053585, 'APPROACH-STEALTH'
11, 5580, 37.78814545847437, 37.78814545847437, 'APPROACH-STEALTH'
11, 5581, 37.79274373789515, 37.79274373789515, 'APPROACH-STEALTH'
11, 5582, 37.797342017315934, 37.797342017315934, 'APPROACH-STEALTH'
11, 5583, 37.80194029673672, 37.80194029673672, 'APPROACH-STEALTH'
11, 5584, 37.8065385761575, 37.8065385761575, 'APPROACH-STEALTH'
11, 5585, 37.81113685557828, 37.81113685557828, 'APPROACH-STEALTH'
11, 5586, 37.815735134999066, 37.815735134999066, 'APPROACH-STEALTH'
11, 5587, 37.82033341441985, 37.82033341441985, 'APPROACH-STEALTH'
11, 5588, 37.82493169384063, 37.82493169384063, 'APPROACH-STEALTH'
11, 5589, 37.85083276494259, 37.85083276494259, 'PURSUE'
11, 5590, 37.876733836044544, 37.876733836044544, 'PURSUE'
11, 5591, 37.9026349071465, 37.9026349071465, 'PURSUE'
11, 5592, 37.928535978248455, 37.928535978248455, 'PURSUE'
11, 5593, 37.95443704935041, 37.95443704935041, 'PURSUE'
11, 5594, 37.967955660443614, 37.967955660443614, 'APPROACH-STEALTH'
11, 5595, 37.98147427153682, 37.98147427153682, 'APPROACH-STEALTH'
11, 5596, 37.99499288263002, 37.99499288263002, 'APPROACH-STEALTH'
11, 5597, 38.008511493723226, 38.008511493723226, 'APPROACH-STEALTH'
11, 5598, 38.02203010481643, 38.02203010481643, 'APPROACH-STEALTH'
11, 5599, 38.035548715909634, 38.035548715909634, 'APPROACH-STEALTH'
11, 5600, 38.04906732700284, 38.04906732700284, 'APPROACH-STEALTH'
11, 5601, 38.06258593809604, 38.06258593809604, 'APPROACH-STEALTH'
11, 5602, 38.076104549189246, 38.076104549189246, 'APPROACH-STEALTH'
11, 5603, 38.08962316028245, 38.08962316028245, 'APPROACH-STEALTH'
11, 5604, 38.103141771375654, 38.103141771375654, 'APPROACH-STEALTH'
11, 5605, 38.11666038246886, 38.11666038246886, 'APPROACH-STEALTH'
11, 5606, 38.13017899356206, 38.13017899356206, 'APPROACH-STEALTH'
11, 5607, 38.143697604655266, 38.143697604655266, 'APPROACH-STEALTH'
11, 5608, 38.15721621574847, 38.15721621574847, 'APPROACH-STEALTH'
11, 5609, 38.170734826841674, 38.170734826841674, 'APPROACH-STEALTH'
11, 5610, 38.18425343793488, 38.18425343793488, 'APPROACH-STEALTH'
11, 5611, 38.19777204902808, 38.19777204902808, 'APPROACH-STEALTH'
11, 5612, 38.211290660121286, 38.211290660121286, 'APPROACH-STEALTH'
11, 5613, 38.22480927121449, 38.22480927121449, 'APPROACH-STEALTH'
11, 5614, 38.23832788230769, 38.23832788230769, 'APPROACH-STEALTH'
11, 5615, 38.2518464934009, 38.2518464934009, 'APPROACH-STEALTH'
11, 5616, 38.2653651044941, 38.2653651044941, 'APPROACH-STEALTH'
11, 5617, 38.278883715587305, 38.278883715587305, 'APPROACH-STEALTH'
11, 5618, 38.29240232668051, 38.29240232668051, 'APPROACH-STEALTH'
11, 5619, 38.30592093777371, 38.30592093777371, 'APPROACH-STEALTH'
11, 5620, 38.31943954886692, 38.31943954886692, 'APPROACH-STEALTH'
11, 5621, 38.33295815996012, 38.33295815996012, 'APPROACH-STEALTH'
11, 5622, 38.35999538214652, 38.35999538214652, 'APPROACH-BLIND'
11, 5623, 38.38703260433292, 38.38703260433292, 'APPROACH-BLIND'
11, 5624, 38.414069826519324, 38.414069826519324, 'APPROACH-BLIND'
11, 5625, 38.441107048705724, 38.441107048705724, 'APPROACH-BLIND'
11, 5626, 38.468144270892125, 38.468144270892125, 'APPROACH-BLIND'
11, 5627, 38.495181493078526, 38.495181493078526, 'APPROACH-BLIND'
11, 5628, 38.50870010417173, 38.50870010417173, 'APPROACH-STEALTH'
11, 5629, 38.514297123142214, 38.514297123142214, 'APPROACH-STEALTH'
11, 5630, 38.5198941421127, 38.5198941421127, 'APPROACH-STEALTH'
11, 5631, 38.52549116108318, 38.52549116108318, 'APPROACH-STEALTH'
11, 5632, 38.531088180053665, 38.531088180053665, 'APPROACH-STEALTH'
11, 5633, 38.53668519902415, 38.53668519902415, 'APPROACH-STEALTH'
11, 5634, 38.54228221799463, 38.54228221799463, 'APPROACH-STEALTH'
11, 5635, 38.547879236965116, 38.547879236965116, 'APPROACH-STEALTH'
11, 5636, 38.5534762559356, 38.5534762559356, 'APPROACH-STEALTH'
11, 5637, 38.55907327490608, 38.55907327490608, 'APPROACH-STEALTH'
11, 5638, 38.56467029387657, 38.56467029387657, 'APPROACH-STEALTH'
11, 5639, 38.57026731284705, 38.57026731284705, 'APPROACH-STEALTH'
11, 5640, 38.575864331817534, 38.575864331817534, 'APPROACH-STEALTH'
11, 5641, 38.58146135078802, 38.58146135078802, 'APPROACH-STEALTH'
11, 5642, 38.5870583697585, 38.5870583697585, 'APPROACH-STEALTH'
11, 5643, 38.592655388728986, 38.592655388728986, 'APPROACH-STEALTH'
11, 5644, 38.59825240769947, 38.59825240769947, 'APPROACH-STEALTH'
11, 5645, 38.60384942666995, 38.60384942666995, 'APPROACH-STEALTH'
11, 5646, 38.60944644564044, 38.60944644564044, 'APPROACH-STEALTH'
11, 5647, 38.61504346461092, 38.61504346461092, 'APPROACH-STEALTH'
11, 5648, 38.620640483581404, 38.620640483581404, 'APPROACH-STEALTH'
11, 5649, 38.62623750255189, 38.62623750255189, 'APPROACH-STEALTH'
11, 5650, 38.63183452152237, 38.63183452152237, 'APPROACH-STEALTH'
11, 5651, 38.637431540492855, 38.637431540492855, 'APPROACH-STEALTH'
11, 5652, 38.64302855946334, 38.64302855946334, 'APPROACH-STEALTH'
11, 5653, 38.64862557843382, 38.64862557843382, 'APPROACH-STEALTH'
11, 5654, 38.654222597404306, 38.654222597404306, 'APPROACH-STEALTH'
11, 5655, 38.65981961637479, 38.65981961637479, 'APPROACH-STEALTH'
11, 5656, 38.665416635345274, 38.665416635345274, 'APPROACH-STEALTH'
11, 5657, 38.67101365431576, 38.67101365431576, 'APPROACH-STEALTH'
11, 5658, 38.67661067328624, 38.67661067328624, 'APPROACH-STEALTH'
11, 5659, 38.682207692256725, 38.682207692256725, 'APPROACH-STEALTH'
11, 5660, 38.68780471122721, 38.68780471122721, 'APPROACH-STEALTH'
11, 5661, 38.69340173019769, 38.69340173019769, 'APPROACH-STEALTH'
11, 5662, 38.698998749168176, 38.698998749168176, 'APPROACH-STEALTH'
11, 5663, 38.70459576813866, 38.70459576813866, 'APPROACH-STEALTH'
11, 5664, 38.71019278710914, 38.71019278710914, 'APPROACH-STEALTH'
11, 5665, 38.71578980607963, 38.71578980607963, 'APPROACH-STEALTH'
11, 5666, 38.72138682505011, 38.72138682505011, 'APPROACH-STEALTH'
11, 5667, 38.726983844020594, 38.726983844020594, 'APPROACH-STEALTH'
11, 5668, 38.73258086299108, 38.73258086299108, 'APPROACH-STEALTH'
11, 5669, 38.73817788196156, 38.73817788196156, 'APPROACH-STEALTH'
11, 5670, 38.743774900932046, 38.743774900932046, 'APPROACH-STEALTH'
11, 5671, 38.74937191990253, 38.74937191990253, 'APPROACH-STEALTH'
11, 5672, 38.75496893887301, 38.75496893887301, 'APPROACH-STEALTH'
11, 5673, 38.7605659578435, 38.7605659578435, 'APPROACH-STEALTH'
11, 5674, 38.76616297681398, 38.76616297681398, 'APPROACH-STEALTH'
11, 5675, 38.771759995784464, 38.771759995784464, 'APPROACH-STEALTH'
11, 5676, 38.77735701475495, 38.77735701475495, 'APPROACH-STEALTH'
11, 5677, 38.78295403372543, 38.78295403372543, 'APPROACH-STEALTH'
11, 5678, 38.80518241345731, 38.80518241345731, 'PURSUE'
11, 5679, 38.807043601745804, 38.807043601745804, 'APPROACH-STEALTH'
11, 5680, 38.8089047900343, 38.8089047900343, 'APPROACH-STEALTH'
11, 5681, 38.81076597832279, 38.81076597832279, 'APPROACH-STEALTH'
11, 5682, 38.812627166611286, 38.812627166611286, 'APPROACH-STEALTH'
11, 5683, 38.81448835489978, 38.81448835489978, 'APPROACH-STEALTH'
11, 5684, 38.816349543188274, 38.816349543188274, 'APPROACH-STEALTH'
11, 5685, 38.81821073147677, 38.81821073147677, 'APPROACH-STEALTH'
11, 5686, 38.82007191976526, 38.82007191976526, 'APPROACH-STEALTH'
11, 5687, 38.821933108053756, 38.821933108053756, 'APPROACH-STEALTH'
11, 5688, 38.82379429634225, 38.82379429634225, 'APPROACH-STEALTH'
11, 5689, 38.825655484630744, 38.825655484630744, 'APPROACH-STEALTH'
11, 5690, 38.82751667291924, 38.82751667291924, 'APPROACH-STEALTH'
11, 5691, 38.82937786120773, 38.82937786120773, 'APPROACH-STEALTH'
11, 5692, 38.831239049496226, 38.831239049496226, 'APPROACH-STEALTH'
11, 5693, 38.83310023778472, 38.83310023778472, 'APPROACH-STEALTH'
11, 5694, 38.834961426073214, 38.834961426073214, 'APPROACH-STEALTH'
11, 5695, 38.83682261436171, 38.83682261436171, 'APPROACH-STEALTH'
11, 5696, 38.8386838026502, 38.8386838026502, 'APPROACH-STEALTH'
11, 5697, 38.840544990938696, 38.840544990938696, 'APPROACH-STEALTH'
11, 5698, 38.84240617922719, 38.84240617922719, 'APPROACH-STEALTH'
11, 5699, 38.844267367515684, 38.844267367515684, 'APPROACH-STEALTH'
11, 5700, 38.84612855580418, 38.84612855580418, 'APPROACH-STEALTH'
11, 5701, 38.84798974409267, 38.84798974409267, 'APPROACH-STEALTH'
11, 5702, 38.849850932381166, 38.849850932381166, 'APPROACH-STEALTH'
11, 5703, 38.85171212066966, 38.85171212066966, 'APPROACH-STEALTH'
11, 5704, 38.853573308958154, 38.853573308958154, 'APPROACH-STEALTH'
11, 5705, 38.85543449724665, 38.85543449724665, 'APPROACH-STEALTH'
11, 5706, 38.85729568553514, 38.85729568553514, 'APPROACH-STEALTH'
11, 5707, 38.859156873823636, 38.859156873823636, 'APPROACH-STEALTH'
11, 5708, 38.86101806211213, 38.86101806211213, 'APPROACH-STEALTH'
11, 5709, 38.862879250400624, 38.862879250400624, 'APPROACH-STEALTH'
11, 5710, 38.86474043868912, 38.86474043868912, 'APPROACH-STEALTH'
11, 5711, 38.86660162697761, 38.86660162697761, 'APPROACH-STEALTH'
11, 5712, 38.868462815266106, 38.868462815266106, 'APPROACH-STEALTH'
11, 5713, 38.8703240035546, 38.8703240035546, 'APPROACH-STEALTH'
11, 5714, 38.872185191843094, 38.872185191843094, 'APPROACH-STEALTH'
11, 5715, 38.87404638013159, 38.87404638013159, 'APPROACH-STEALTH'
11, 5716, 38.87590756842008, 38.87590756842008, 'APPROACH-STEALTH'
11, 5717, 38.877768756708576, 38.877768756708576, 'APPROACH-STEALTH'
11, 5718, 38.87962994499707, 38.87962994499707, 'APPROACH-STEALTH'
11, 5719, 38.881491133285564, 38.881491133285564, 'APPROACH-STEALTH'
11, 5720, 38.88335232157406, 38.88335232157406, 'APPROACH-STEALTH'
11, 5721, 38.88521350986255, 38.88521350986255, 'APPROACH-STEALTH'
11, 5722, 38.88707469815104, 38.88707469815104, 'APPROACH-STEALTH'
11, 5723, 38.88893588643953, 38.88893588643953, 'APPROACH-STEALTH'
11, 5724, 38.89079707472802, 38.89079707472802, 'APPROACH-STEALTH'
11, 5725, 38.892658263016514, 38.892658263016514, 'APPROACH-STEALTH'
11, 5726, 38.894519451305, 38.894519451305, 'APPROACH-STEALTH'
11, 5727, 38.896380639593495, 38.896380639593495, 'APPROACH-STEALTH'
11, 5728, 38.89824182788198, 38.89824182788198, 'APPROACH-STEALTH'
11, 5729, 38.900103016170476, 38.900103016170476, 'APPROACH-STEALTH'
11, 5730, 38.90196420445896, 38.90196420445896, 'APPROACH-STEALTH'
11, 5731, 38.90382539274746, 38.90382539274746, 'APPROACH-STEALTH'
11, 5732, 38.905686581035944, 38.905686581035944, 'APPROACH-STEALTH'
11, 5733, 38.90754776932444, 38.90754776932444, 'APPROACH-STEALTH'
11, 5734, 38.909408957612925, 38.909408957612925, 'APPROACH-STEALTH'
11, 5735, 38.91127014590142, 38.91127014590142, 'APPROACH-STEALTH'
11, 5736, 38.913131334189906, 38.913131334189906, 'APPROACH-STEALTH'
11, 5737, 38.9149925224784, 38.9149925224784, 'APPROACH-STEALTH'
11, 5738, 38.91685371076689, 38.91685371076689, 'APPROACH-STEALTH'
11, 5739, 38.91871489905538, 38.91871489905538, 'APPROACH-STEALTH'
11, 5740, 38.92057608734387, 38.92057608734387, 'APPROACH-STEALTH'
11, 5741, 38.92243727563236, 38.92243727563236, 'APPROACH-STEALTH'
11, 5742, 38.924298463920856, 38.924298463920856, 'APPROACH-STEALTH'
11, 5743, 38.92615965220934, 38.92615965220934, 'APPROACH-STEALTH'
11, 5744, 38.92802084049784, 38.92802084049784, 'APPROACH-STEALTH'
11, 5745, 38.929882028786324, 38.929882028786324, 'APPROACH-STEALTH'
11, 5746, 38.93174321707482, 38.93174321707482, 'APPROACH-STEALTH'
11, 5747, 38.933604405363305, 38.933604405363305, 'APPROACH-STEALTH'
11, 5748, 38.93422227792825, 38.93422227792825, 'APPROACH-STEALTH'
11, 5749, 38.934840150493194, 38.934840150493194, 'APPROACH-STEALTH'
11, 5750, 38.93545802305814, 38.93545802305814, 'APPROACH-STEALTH'
11, 5751, 38.936075895623084, 38.936075895623084, 'APPROACH-STEALTH'
11, 5752, 38.93669376818803, 38.93669376818803, 'APPROACH-STEALTH'
11, 5753, 38.937311640752974, 38.937311640752974, 'APPROACH-STEALTH'
11, 5754, 38.93792951331792, 38.93792951331792, 'APPROACH-STEALTH'
11, 5755, 38.93854738588286, 38.93854738588286, 'APPROACH-STEALTH'
11, 5756, 38.93916525844781, 38.93916525844781, 'APPROACH-STEALTH'
11, 5757, 38.93978313101275, 38.93978313101275, 'APPROACH-STEALTH'
11, 5758, 38.9404010035777, 38.9404010035777, 'APPROACH-STEALTH'
11, 5759, 38.94101887614264, 38.94101887614264, 'APPROACH-STEALTH'
11, 5760, 38.94163674870759, 38.94163674870759, 'APPROACH-STEALTH'
11, 5761, 38.94225462127253, 38.94225462127253, 'APPROACH-STEALTH'
11, 5762, 38.94287249383748, 38.94287249383748, 'APPROACH-STEALTH'
11, 5763, 38.94349036640243, 38.94349036640243, 'APPROACH-STEALTH'
11, 5764, 38.944108238967374, 38.944108238967374, 'APPROACH-STEALTH'
11, 5765, 38.944726111532326, 38.944726111532326, 'APPROACH-STEALTH'
11, 5766, 38.94534398409727, 38.94534398409727, 'APPROACH-STEALTH'
11, 5767, 38.94596185666222, 38.94596185666222, 'APPROACH-STEALTH'
11, 5768, 38.94657972922717, 38.94657972922717, 'APPROACH-STEALTH'
11, 5769, 38.94719760179212, 38.94719760179212, 'APPROACH-STEALTH'
11, 5770, 38.947815474357064, 38.947815474357064, 'APPROACH-STEALTH'
11, 5771, 38.948433346922016, 38.948433346922016, 'APPROACH-STEALTH'
11, 5772, 38.94905121948696, 38.94905121948696, 'APPROACH-STEALTH'
11, 5773, 38.94966909205191, 38.94966909205191, 'APPROACH-STEALTH'
11, 5774, 38.95028696461686, 38.95028696461686, 'APPROACH-STEALTH'
11, 5775, 38.95090483718181, 38.95090483718181, 'APPROACH-STEALTH'
11, 5776, 38.951522709746754, 38.951522709746754, 'APPROACH-STEALTH'
11, 5777, 38.952140582311706, 38.952140582311706, 'APPROACH-STEALTH'
11, 5778, 38.95275845487665, 38.95275845487665, 'APPROACH-STEALTH'
11, 5779, 38.953376327441596, 38.953376327441596, 'APPROACH-STEALTH'
11, 5780, 38.95399420000655, 38.95399420000655, 'APPROACH-STEALTH'
11, 5781, 38.95461207257149, 38.95461207257149, 'APPROACH-STEALTH'
11, 5782, 38.955229945136445, 38.955229945136445, 'APPROACH-STEALTH'
11, 5783, 38.95584781770139, 38.95584781770139, 'APPROACH-STEALTH'
11, 5784, 38.95646569026634, 38.95646569026634, 'APPROACH-STEALTH'
11, 5785, 38.957083562831286, 38.957083562831286, 'APPROACH-STEALTH'
11, 5786, 38.95770143539624, 38.95770143539624, 'APPROACH-STEALTH'
11, 5787, 38.95831930796118, 38.95831930796118, 'APPROACH-STEALTH'
11, 5788, 38.958937180526135, 38.958937180526135, 'APPROACH-STEALTH'
11, 5789, 38.95955505309108, 38.95955505309108, 'APPROACH-STEALTH'
11, 5790, 38.96017292565603, 38.96017292565603, 'APPROACH-STEALTH'
11, 5791, 38.96079079822098, 38.96079079822098, 'APPROACH-STEALTH'
11, 5792, 38.96140867078593, 38.96140867078593, 'APPROACH-STEALTH'
11, 5793, 38.96202654335087, 38.96202654335087, 'APPROACH-STEALTH'
11, 5794, 38.962644415915825, 38.962644415915825, 'APPROACH-STEALTH'
11, 5795, 38.96326228848077, 38.96326228848077, 'APPROACH-STEALTH'
11, 5796, 38.96449803361067, 38.96449803361067, 'APPROACH-BLIND'
11, 5797, 38.965733778740564, 38.965733778740564, 'APPROACH-BLIND'
11, 5798, 38.96696952387046, 38.96696952387046, 'APPROACH-BLIND'
11, 5799, 38.96758739643541, 38.96758739643541, 'APPROACH-STEALTH'
11, 5800, 38.96820526900036, 38.96820526900036, 'APPROACH-STEALTH'
11, 5801, 38.96882314156531, 38.96882314156531, 'APPROACH-STEALTH'
11, 5802, 38.969441014130254, 38.969441014130254, 'APPROACH-STEALTH'
11, 5803, 38.970058886695206, 38.970058886695206, 'APPROACH-STEALTH'
11, 5804, 38.97067675926015, 38.97067675926015, 'APPROACH-STEALTH'
11, 5805, 38.9712946318251, 38.9712946318251, 'APPROACH-STEALTH'
11, 5806, 38.97191250439005, 38.97191250439005, 'APPROACH-STEALTH'
11, 5807, 38.972530376955, 38.972530376955, 'APPROACH-STEALTH'
11, 5808, 38.973148249519944, 38.973148249519944, 'APPROACH-STEALTH'
11, 5809, 38.97376612208489, 38.97376612208489, 'APPROACH-STEALTH'
11, 5810, 38.97438399464984, 38.97438399464984, 'APPROACH-STEALTH'
11, 5811, 38.975001867214786, 38.975001867214786, 'APPROACH-STEALTH'
11, 5812, 38.97561973977974, 38.97561973977974, 'APPROACH-STEALTH'
11, 5813, 38.97623761234468, 38.97623761234468, 'APPROACH-STEALTH'
11, 5814, 38.976855484909635, 38.976855484909635, 'APPROACH-STEALTH'
11, 5815, 38.97747335747458, 38.97747335747458, 'APPROACH-STEALTH'
11, 5816, 38.97809123003953, 38.97809123003953, 'APPROACH-STEALTH'
11, 5817, 38.97829515609765, 38.97829515609765, 'APPROACH-STEALTH'
11, 5818, 38.97849908215577, 38.97849908215577, 'APPROACH-STEALTH'
11, 5819, 38.97870300821389, 38.97870300821389, 'APPROACH-STEALTH'
11, 5820, 38.97890693427201, 38.97890693427201, 'APPROACH-STEALTH'
11, 5821, 38.97911086033013, 38.97911086033013, 'APPROACH-STEALTH'
11, 5822, 38.97931478638825, 38.97931478638825, 'APPROACH-STEALTH'
11, 5823, 38.97951871244637, 38.97951871244637, 'APPROACH-STEALTH'
11, 5824, 38.97972263850449, 38.97972263850449, 'APPROACH-STEALTH'
11, 5825, 38.97992656456261, 38.97992656456261, 'APPROACH-STEALTH'
11, 5826, 38.98013049062073, 38.98013049062073, 'APPROACH-STEALTH'
11, 5827, 38.98033441667885, 38.98033441667885, 'APPROACH-STEALTH'
11, 5828, 38.98053834273697, 38.98053834273697, 'APPROACH-STEALTH'
11, 5829, 38.98074226879509, 38.98074226879509, 'APPROACH-STEALTH'
11, 5830, 38.98094619485321, 38.98094619485321, 'APPROACH-STEALTH'
11, 5831, 38.98115012091133, 38.98115012091133, 'APPROACH-STEALTH'
11, 5832, 38.98135404696945, 38.98135404696945, 'APPROACH-STEALTH'
11, 5833, 38.98155797302757, 38.98155797302757, 'APPROACH-STEALTH'
11, 5834, 38.98176189908569, 38.98176189908569, 'APPROACH-STEALTH'
11, 5835, 38.98196582514381, 38.98196582514381, 'APPROACH-STEALTH'
11, 5836, 38.98216975120193, 38.98216975120193, 'APPROACH-STEALTH'
11, 5837, 38.98237367726005, 38.98237367726005, 'APPROACH-STEALTH'
11, 5838, 38.98278152937629, 38.98278152937629, 'APPROACH-BLIND'
11, 5839, 38.98318938149253, 38.98318938149253, 'APPROACH-BLIND'
11, 5840, 38.98359723360877, 38.98359723360877, 'APPROACH-BLIND'
11, 5841, 38.98380115966689, 38.98380115966689, 'APPROACH-STEALTH'
11, 5842, 38.98400508572501, 38.98400508572501, 'APPROACH-STEALTH'
11, 5843, 38.98420901178313, 38.98420901178313, 'APPROACH-STEALTH'
11, 5844, 38.98441293784125, 38.98441293784125, 'APPROACH-STEALTH'
11, 5845, 38.98461686389937, 38.98461686389937, 'APPROACH-STEALTH'
11, 5846, 38.98482078995749, 38.98482078995749, 'APPROACH-STEALTH'
11, 5847, 38.98502471601561, 38.98502471601561, 'APPROACH-STEALTH'
11, 5848, 38.98522864207373, 38.98522864207373, 'APPROACH-STEALTH'
11, 5849, 38.98543256813185, 38.98543256813185, 'APPROACH-STEALTH'
11, 5850, 38.98563649418997, 38.98563649418997, 'APPROACH-STEALTH'
11, 5851, 38.98584042024809, 38.98584042024809, 'APPROACH-STEALTH'
11, 5852, 38.98604434630621, 38.98604434630621, 'APPROACH-STEALTH'
11, 5853, 38.98624827236433, 38.98624827236433, 'APPROACH-STEALTH'
11, 5854, 38.98645219842245, 38.98645219842245, 'APPROACH-STEALTH'
11, 5855, 38.98665612448057, 38.98665612448057, 'APPROACH-STEALTH'
11, 5856, 38.98686005053869, 38.98686005053869, 'APPROACH-STEALTH'
11, 5857, 38.98706397659681, 38.98706397659681, 'APPROACH-STEALTH'
11, 5858, 38.98726790265493, 38.98726790265493, 'APPROACH-STEALTH'
11, 5859, 38.98747182871305, 38.98747182871305, 'APPROACH-STEALTH'
11, 5860, 38.98767575477117, 38.98767575477117, 'APPROACH-STEALTH'
11, 5861, 38.98808360688741, 38.98808360688741, 'APPROACH-BLIND'
11, 5862, 38.98828753294553, 38.98828753294553, 'APPROACH-STEALTH'
11, 5863, 38.98869538506177, 38.98869538506177, 'APPROACH-BLIND'
11, 5864, 38.98889931111989, 38.98889931111989, 'APPROACH-STEALTH'
11, 5865, 38.98930716323612, 38.98930716323612, 'APPROACH-BLIND'
11, 5866, 38.98951108929424, 38.98951108929424, 'APPROACH-STEALTH'
11, 5867, 38.98991894141048, 38.98991894141048, 'APPROACH-BLIND'
11, 5868, 38.9901228674686, 38.9901228674686, 'APPROACH-STEALTH'
11, 5869, 38.99053071958483, 38.99053071958483, 'APPROACH-BLIND'
11, 5870, 38.99073464564295, 38.99073464564295, 'APPROACH-STEALTH'
11, 5871, 38.991142497759185, 38.991142497759185, 'APPROACH-BLIND'
11, 5872, 38.991550349875425, 38.991550349875425, 'APPROACH-BLIND'
11, 5873, 38.99195820199166, 38.99195820199166, 'APPROACH-BLIND'
11, 5874, 38.9923660541079, 38.9923660541079, 'APPROACH-BLIND'
11, 5875, 38.99277390622413, 38.99277390622413, 'APPROACH-BLIND'
11, 5876, 39.01773219143116, 39.01773219143116, 'APPROACH-BLIND'
11, 5877, 39.04610630669344, 39.04610630669344, 'PURSUE'
11, 5878, 39.07448042195572, 39.07448042195572, 'PURSUE'
11, 5879, 39.102854537218, 39.102854537218, 'PURSUE'
11, 5880, 39.13122865248028, 39.13122865248028, 'PURSUE'
11, 5881, 39.15960276774256, 39.15960276774256, 'PURSUE'
11, 5882, 39.18797688300484, 39.18797688300484, 'PURSUE'
11, 5883, 39.216350998267124, 39.216350998267124, 'PURSUE'
11, 5884, 39.244725113529405, 39.244725113529405, 'PURSUE'
11, 5885, 39.273099228791686, 39.273099228791686, 'PURSUE'
11, 5886, 39.30147334405397, 39.30147334405397, 'PURSUE'
11, 5887, 39.32984745931625, 39.32984745931625, 'PURSUE'
11, 5888, 39.35822157457853, 39.35822157457853, 'PURSUE'
11, 5889, 39.38659568984081, 39.38659568984081, 'PURSUE'
11, 5890, 39.41496980510309, 39.41496980510309, 'PURSUE'
11, 5891, 39.44334392036537, 39.44334392036537, 'PURSUE'
11, 5892, 39.45594830840182, 39.45594830840182, 'APPROACH-STEALTH'
11, 5893, 39.48115708447473, 39.48115708447473, 'APPROACH-BLIND'
11, 5894, 39.50636586054764, 39.50636586054764, 'APPROACH-BLIND'
11, 5895, 39.521336375601926, 39.521336375601926, 'APPROACH-BLIND'
11, 5896, 39.53630689065621, 39.53630689065621, 'APPROACH-BLIND'
11, 5897, 39.54379214818336, 39.54379214818336, 'APPROACH-STEALTH'
11, 5898, 39.5512774057105, 39.5512774057105, 'APPROACH-STEALTH'
11, 5899, 39.558762663237644, 39.558762663237644, 'APPROACH-STEALTH'
11, 5900, 39.56624792076479, 39.56624792076479, 'APPROACH-STEALTH'
11, 5901, 39.57373317829193, 39.57373317829193, 'APPROACH-STEALTH'
11, 5902, 39.581218435819075, 39.581218435819075, 'APPROACH-STEALTH'
11, 5903, 39.58870369334622, 39.58870369334622, 'APPROACH-STEALTH'
11, 5904, 39.59618895087336, 39.59618895087336, 'APPROACH-STEALTH'
11, 5905, 39.603674208400506, 39.603674208400506, 'APPROACH-STEALTH'
11, 5906, 39.61115946592765, 39.61115946592765, 'APPROACH-STEALTH'
11, 5907, 39.61864472345479, 39.61864472345479, 'APPROACH-STEALTH'
11, 5908, 39.626129980981936, 39.626129980981936, 'APPROACH-STEALTH'
11, 5909, 39.63361523850908, 39.63361523850908, 'APPROACH-STEALTH'
11, 5910, 39.64110049603622, 39.64110049603622, 'APPROACH-STEALTH'
11, 5911, 39.64858575356337, 39.64858575356337, 'APPROACH-STEALTH'
11, 5912, 39.65607101109051, 39.65607101109051, 'APPROACH-STEALTH'
11, 5913, 39.663556268617654, 39.663556268617654, 'APPROACH-STEALTH'
11, 5914, 39.6710415261448, 39.6710415261448, 'APPROACH-STEALTH'
11, 5915, 39.67852678367194, 39.67852678367194, 'APPROACH-STEALTH'
11, 5916, 39.686012041199085, 39.686012041199085, 'APPROACH-STEALTH'
11, 5917, 39.68887456388475, 39.68887456388475, 'APPROACH-STEALTH'
11, 5918, 39.69173708657042, 39.69173708657042, 'APPROACH-STEALTH'
11, 5919, 39.69459960925609, 39.69459960925609, 'APPROACH-STEALTH'
11, 5920, 39.697462131941755, 39.697462131941755, 'APPROACH-STEALTH'
11, 5921, 39.70032465462742, 39.70032465462742, 'APPROACH-STEALTH'
11, 5922, 39.70318717731309, 39.70318717731309, 'APPROACH-STEALTH'
11, 5923, 39.70604969999876, 39.70604969999876, 'APPROACH-STEALTH'
11, 5924, 39.708912222684425, 39.708912222684425, 'APPROACH-STEALTH'
11, 5925, 39.71177474537009, 39.71177474537009, 'APPROACH-STEALTH'
11, 5926, 39.71463726805576, 39.71463726805576, 'APPROACH-STEALTH'
11, 5927, 39.71749979074143, 39.71749979074143, 'APPROACH-STEALTH'
11, 5928, 39.720362313427096, 39.720362313427096, 'APPROACH-STEALTH'
11, 5929, 39.72322483611276, 39.72322483611276, 'APPROACH-STEALTH'
11, 5930, 39.72608735879843, 39.72608735879843, 'APPROACH-STEALTH'
11, 5931, 39.728949881484105, 39.728949881484105, 'APPROACH-STEALTH'
11, 5932, 39.73181240416977, 39.73181240416977, 'APPROACH-STEALTH'
11, 5933, 39.73467492685545, 39.73467492685545, 'APPROACH-STEALTH'
11, 5934, 39.73753744954112, 39.73753744954112, 'APPROACH-STEALTH'
11, 5935, 39.74039997222679, 39.74039997222679, 'APPROACH-STEALTH'
11, 5936, 39.743262494912464, 39.743262494912464, 'APPROACH-STEALTH'
11, 5937, 39.74612501759814, 39.74612501759814, 'APPROACH-STEALTH'
11, 5938, 39.74898754028381, 39.74898754028381, 'APPROACH-STEALTH'
11, 5939, 39.75185006296948, 39.75185006296948, 'APPROACH-STEALTH'
11, 5940, 39.754712585655156, 39.754712585655156, 'APPROACH-STEALTH'
11, 5941, 39.75757510834082, 39.75757510834082, 'APPROACH-STEALTH'
11, 5942, 39.7604376310265, 39.7604376310265, 'APPROACH-STEALTH'
11, 5943, 39.76330015371217, 39.76330015371217, 'APPROACH-STEALTH'
11, 5944, 39.76616267639784, 39.76616267639784, 'APPROACH-STEALTH'
11, 5945, 39.769025199083515, 39.769025199083515, 'APPROACH-STEALTH'
11, 5946, 39.77188772176919, 39.77188772176919, 'APPROACH-STEALTH'
11, 5947, 39.774750244454864, 39.774750244454864, 'APPROACH-STEALTH'
11, 5948, 39.78047528982621, 39.78047528982621, 'APPROACH-BLIND'
11, 5949, 39.78620033519755, 39.78620033519755, 'APPROACH-BLIND'
11, 5950, 39.79192538056889, 39.79192538056889, 'APPROACH-BLIND'
11, 5951, 39.79765042594023, 39.79765042594023, 'APPROACH-BLIND'
11, 5952, 39.803375471311575, 39.803375471311575, 'APPROACH-BLIND'
11, 5953, 39.80910051668292, 39.80910051668292, 'APPROACH-BLIND'
11, 5954, 39.81482556205426, 39.81482556205426, 'APPROACH-BLIND'
11, 5955, 39.8205506074256, 39.8205506074256, 'APPROACH-BLIND'
11, 5956, 39.826275652796944, 39.826275652796944, 'APPROACH-BLIND'
11, 5957, 39.83200069816829, 39.83200069816829, 'APPROACH-BLIND'
11, 5958, 39.83772574353963, 39.83772574353963, 'APPROACH-BLIND'
11, 5959, 39.84345078891097, 39.84345078891097, 'APPROACH-BLIND'
11, 5960, 39.84917583428231, 39.84917583428231, 'APPROACH-BLIND'
11, 5961, 39.854900879653655, 39.854900879653655, 'APPROACH-BLIND'
11, 5962, 39.860625925025, 39.860625925025, 'APPROACH-BLIND'
11, 5963, 39.86635097039634, 39.86635097039634, 'APPROACH-BLIND'
11, 5964, 39.87207601576768, 39.87207601576768, 'APPROACH-BLIND'
11, 5965, 39.877801061139024, 39.877801061139024, 'APPROACH-BLIND'
11, 5966, 39.88352610651037, 39.88352610651037, 'APPROACH-BLIND'
11, 5967, 39.88925115188171, 39.88925115188171, 'APPROACH-BLIND'
11, 5968, 39.89497619725305, 39.89497619725305, 'APPROACH-BLIND'
11, 5969, 39.89691809434412, 39.89691809434412, 'APPROACH-BLIND'
11, 5970, 39.898859991435195, 39.898859991435195, 'APPROACH-BLIND'
11, 5971, 39.90080188852627, 39.90080188852627, 'APPROACH-BLIND'
11, 5972, 39.90274378561734, 39.90274378561734, 'APPROACH-BLIND'
11, 5973, 39.90468568270841, 39.90468568270841, 'APPROACH-BLIND'
11, 5974, 39.90662757979948, 39.90662757979948, 'APPROACH-BLIND'
11, 5975, 39.908569476890555, 39.908569476890555, 'APPROACH-BLIND'
11, 5976, 39.91051137398163, 39.91051137398163, 'APPROACH-BLIND'
11, 5977, 39.9124532710727, 39.9124532710727, 'APPROACH-BLIND'
11, 5978, 39.91439516816377, 39.91439516816377, 'APPROACH-BLIND'
11, 5979, 39.916337065254844, 39.916337065254844, 'APPROACH-BLIND'
11, 5980, 39.918278962345916, 39.918278962345916, 'APPROACH-BLIND'
11, 5981, 39.92022085943699, 39.92022085943699, 'APPROACH-BLIND'
11, 5982, 39.92216275652806, 39.92216275652806, 'APPROACH-BLIND'
11, 5983, 39.92410465361913, 39.92410465361913, 'APPROACH-BLIND'
11, 5984, 39.926046550710204, 39.926046550710204, 'APPROACH-BLIND'
11, 5985, 39.927988447801276, 39.927988447801276, 'APPROACH-BLIND'
11, 5986, 39.92993034489235, 39.92993034489235, 'APPROACH-BLIND'
11, 5987, 39.93187224198342, 39.93187224198342, 'APPROACH-BLIND'
11, 5988, 39.93381413907449, 39.93381413907449, 'APPROACH-BLIND'
11, 5989, 39.935756036165564, 39.935756036165564, 'APPROACH-BLIND'
11, 5990, 39.937697933256636, 39.937697933256636, 'APPROACH-BLIND'
11, 5991, 39.93963983034771, 39.93963983034771, 'APPROACH-BLIND'
11, 5992, 39.94158172743878, 39.94158172743878, 'APPROACH-BLIND'
11, 5993, 39.94352362452985, 39.94352362452985, 'APPROACH-BLIND'
11, 5994, 39.945465521620925, 39.945465521620925, 'APPROACH-BLIND'
11, 5995, 39.947407418712, 39.947407418712, 'APPROACH-BLIND'
11, 5996, 39.94934931580307, 39.94934931580307, 'APPROACH-BLIND'
11, 5997, 39.95129121289414, 39.95129121289414, 'APPROACH-BLIND'
11, 5998, 39.95323310998521, 39.95323310998521, 'APPROACH-BLIND'
11, 5999, 39.955175007076285, 39.955175007076285, 'APPROACH-BLIND'
11, 6000, 39.95711690416736, 39.95711690416736, 'APPROACH-BLIND'
11, 6001, 39.95905880125843, 39.95905880125843, 'APPROACH-BLIND'
11, 6002, 39.9610006983495, 39.9610006983495, 'APPROACH-BLIND'
11, 6003, 39.96294259544057, 39.96294259544057, 'APPROACH-BLIND'
11, 6004, 39.964884492531645, 39.964884492531645, 'APPROACH-BLIND'
11, 6005, 39.96682638962271, 39.96682638962271, 'APPROACH-BLIND'
11, 6006, 39.967451660981105, 39.967451660981105, 'APPROACH-BLIND'
11, 6007, 39.96807693233949, 39.96807693233949, 'APPROACH-BLIND'
11, 6008, 39.96870220369789, 39.96870220369789, 'APPROACH-BLIND'
11, 6009, 39.969327475056275, 39.969327475056275, 'APPROACH-BLIND'
11, 6010, 39.96995274641466, 39.96995274641466, 'APPROACH-BLIND'
11, 6011, 39.97057801777306, 39.97057801777306, 'APPROACH-BLIND'
11, 6012, 39.971203289131445, 39.971203289131445, 'APPROACH-BLIND'
11, 6013, 39.97182856048984, 39.97182856048984, 'APPROACH-BLIND'
11, 6014, 39.97245383184823, 39.97245383184823, 'APPROACH-BLIND'
11, 6015, 39.97307910320662, 39.97307910320662, 'APPROACH-BLIND'
11, 6016, 39.97370437456501, 39.97370437456501, 'APPROACH-BLIND'
11, 6017, 39.974329645923405, 39.974329645923405, 'APPROACH-BLIND'
11, 6018, 39.97495491728179, 39.97495491728179, 'APPROACH-BLIND'
11, 6019, 39.97558018864019, 39.97558018864019, 'APPROACH-BLIND'
11, 6020, 39.976205459998575, 39.976205459998575, 'APPROACH-BLIND'
11, 6021, 39.97683073135697, 39.97683073135697, 'APPROACH-BLIND'
11, 6022, 39.97714336703616, 39.97714336703616, 'APPROACH-STEALTH'
11, 6023, 39.97745600271536, 39.97745600271536, 'APPROACH-STEALTH'
11, 6024, 39.97776863839455, 39.97776863839455, 'APPROACH-STEALTH'
11, 6025, 39.978081274073745, 39.978081274073745, 'APPROACH-STEALTH'
11, 6026, 39.97839390975294, 39.97839390975294, 'APPROACH-STEALTH'
11, 6027, 39.97870654543213, 39.97870654543213, 'APPROACH-STEALTH'
11, 6028, 39.979019181111326, 39.979019181111326, 'APPROACH-STEALTH'
11, 6029, 39.97933181679052, 39.97933181679052, 'APPROACH-STEALTH'
11, 6030, 39.979644452469714, 39.979644452469714, 'APPROACH-STEALTH'
11, 6031, 39.97995708814891, 39.97995708814891, 'APPROACH-STEALTH'
11, 6032, 39.9802697238281, 39.9802697238281, 'APPROACH-STEALTH'
11, 6033, 39.980582359507295, 39.980582359507295, 'APPROACH-STEALTH'
11, 6034, 39.98089499518649, 39.98089499518649, 'APPROACH-STEALTH'
11, 6035, 39.98120763086568, 39.98120763086568, 'APPROACH-STEALTH'
11, 6036, 39.98152026654488, 39.98152026654488, 'APPROACH-STEALTH'
11, 6037, 39.98183290222407, 39.98183290222407, 'APPROACH-STEALTH'
11, 6038, 39.982145537903264, 39.982145537903264, 'APPROACH-STEALTH'
11, 6039, 39.98245817358246, 39.98245817358246, 'APPROACH-STEALTH'
11, 6040, 39.98277080926165, 39.98277080926165, 'APPROACH-STEALTH'
11, 6041, 39.983083444940846, 39.983083444940846, 'APPROACH-STEALTH'
11, 6042, 39.98339608062004, 39.98339608062004, 'APPROACH-STEALTH'
11, 6043, 39.98370871629923, 39.98370871629923, 'APPROACH-STEALTH'
11, 6044, 39.98402135197843, 39.98402135197843, 'APPROACH-STEALTH'
11, 6045, 39.98433398765762, 39.98433398765762, 'APPROACH-STEALTH'
11, 6046, 39.984646623336815, 39.984646623336815, 'APPROACH-STEALTH'
11, 6047, 39.98495925901601, 39.98495925901601, 'APPROACH-STEALTH'
11, 6048, 39.9852718946952, 39.9852718946952, 'APPROACH-STEALTH'
11, 6049, 39.985584530374396, 39.985584530374396, 'APPROACH-STEALTH'
11, 6050, 39.98589716605359, 39.98589716605359, 'APPROACH-STEALTH'
11, 6051, 39.986522437411985, 39.986522437411985, 'APPROACH-BLIND'
11, 6052, 39.98714770877038, 39.98714770877038, 'APPROACH-BLIND'
11, 6053, 39.98746034444957, 39.98746034444957, 'APPROACH-STEALTH'
11, 6054, 39.98777298012877, 39.98777298012877, 'APPROACH-STEALTH'
11, 6055, 39.98808561580796, 39.98808561580796, 'APPROACH-STEALTH'
11, 6056, 39.988398251487155, 39.988398251487155, 'APPROACH-STEALTH'
11, 6057, 39.98871088716635, 39.98871088716635, 'APPROACH-STEALTH'
11, 6058, 39.98902352284554, 39.98902352284554, 'APPROACH-STEALTH'
11, 6059, 40.00153384522412, 40.00153384522412, 'APPROACH-STEALTH'
11, 6060, 40.01404416760269, 40.01404416760269, 'APPROACH-STEALTH'
11, 6061, 40.026554489981265, 40.026554489981265, 'APPROACH-STEALTH'
11, 6062, 40.03906481235984, 40.03906481235984, 'APPROACH-STEALTH'
11, 6063, 40.051575134738414, 40.051575134738414, 'APPROACH-STEALTH'
11, 6064, 40.06408545711699, 40.06408545711699, 'APPROACH-STEALTH'
11, 6065, 40.07659577949556, 40.07659577949556, 'APPROACH-STEALTH'
11, 6066, 40.08910610187414, 40.08910610187414, 'APPROACH-STEALTH'
11, 6067, 40.10161642425271, 40.10161642425271, 'APPROACH-STEALTH'
11, 6068, 40.114126746631285, 40.114126746631285, 'APPROACH-STEALTH'
11, 6069, 40.12663706900986, 40.12663706900986, 'APPROACH-STEALTH'
11, 6070, 40.139147391388434, 40.139147391388434, 'APPROACH-STEALTH'
11, 6071, 40.15165771376701, 40.15165771376701, 'APPROACH-STEALTH'
11, 6072, 40.16416803614558, 40.16416803614558, 'APPROACH-STEALTH'
11, 6073, 40.17667835852416, 40.17667835852416, 'APPROACH-STEALTH'
11, 6074, 40.18918868090273, 40.18918868090273, 'APPROACH-STEALTH'
11, 6075, 40.201699003281306, 40.201699003281306, 'APPROACH-STEALTH'
11, 6076, 40.21420932565988, 40.21420932565988, 'APPROACH-STEALTH'
11, 6077, 40.226719648038454, 40.226719648038454, 'APPROACH-STEALTH'
11, 6078, 40.23922997041703, 40.23922997041703, 'APPROACH-STEALTH'
11, 6079, 40.2517402927956, 40.2517402927956, 'APPROACH-STEALTH'
11, 6080, 40.26425061517418, 40.26425061517418, 'APPROACH-STEALTH'
11, 6081, 40.28927125993133, 40.28927125993133, 'APPROACH-BLIND'
11, 6082, 40.31429190468849, 40.31429190468849, 'APPROACH-BLIND'
11, 6083, 40.339312549445644, 40.339312549445644, 'APPROACH-BLIND'
11, 6084, 40.3643331942028, 40.3643331942028, 'APPROACH-BLIND'
11, 6085, 40.389353838959956, 40.389353838959956, 'APPROACH-BLIND'
11, 6086, 40.41437448371711, 40.41437448371711, 'APPROACH-BLIND'
11, 6087, 40.43939512847427, 40.43939512847427, 'APPROACH-BLIND'
11, 6088, 40.46441577323142, 40.46441577323142, 'APPROACH-BLIND'
11, 6089, 40.48943641798858, 40.48943641798858, 'APPROACH-BLIND'
11, 6090, 40.514457062745734, 40.514457062745734, 'APPROACH-BLIND'
11, 6091, 40.51954195184624, 40.51954195184624, 'APPROACH-STEALTH'
11, 6092, 40.52462684094675, 40.52462684094675, 'APPROACH-STEALTH'
11, 6093, 40.52971173004726, 40.52971173004726, 'APPROACH-STEALTH'
11, 6094, 40.53479661914777, 40.53479661914777, 'APPROACH-STEALTH'
11, 6095, 40.53988150824828, 40.53988150824828, 'APPROACH-STEALTH'
11, 6096, 40.54496639734879, 40.54496639734879, 'APPROACH-STEALTH'
11, 6097, 40.550051286449296, 40.550051286449296, 'APPROACH-STEALTH'
11, 6098, 40.555136175549805, 40.555136175549805, 'APPROACH-STEALTH'
11, 6099, 40.560221064650314, 40.560221064650314, 'APPROACH-STEALTH'
11, 6100, 40.56530595375082, 40.56530595375082, 'APPROACH-STEALTH'
11, 6101, 40.57039084285133, 40.57039084285133, 'APPROACH-STEALTH'
11, 6102, 40.57547573195184, 40.57547573195184, 'APPROACH-STEALTH'
11, 6103, 40.58056062105235, 40.58056062105235, 'APPROACH-STEALTH'
11, 6104, 40.58564551015286, 40.58564551015286, 'APPROACH-STEALTH'
11, 6105, 40.59073039925337, 40.59073039925337, 'APPROACH-STEALTH'
11, 6106, 40.595815288353876, 40.595815288353876, 'APPROACH-STEALTH'
11, 6107, 40.600900177454385, 40.600900177454385, 'APPROACH-STEALTH'
11, 6108, 40.605985066554894, 40.605985066554894, 'APPROACH-STEALTH'
11, 6109, 40.6110699556554, 40.6110699556554, 'APPROACH-STEALTH'
11, 6110, 40.61615484475591, 40.61615484475591, 'APPROACH-STEALTH'
11, 6111, 40.62123973385642, 40.62123973385642, 'APPROACH-STEALTH'
11, 6112, 40.62632462295693, 40.62632462295693, 'APPROACH-STEALTH'
11, 6113, 40.63140951205744, 40.63140951205744, 'APPROACH-STEALTH'
11, 6114, 40.63649440115795, 40.63649440115795, 'APPROACH-STEALTH'
11, 6115, 40.641579290258456, 40.641579290258456, 'APPROACH-STEALTH'
11, 6116, 40.646664179358964, 40.646664179358964, 'APPROACH-STEALTH'
11, 6117, 40.65174906845947, 40.65174906845947, 'APPROACH-STEALTH'
11, 6118, 40.65683395755998, 40.65683395755998, 'APPROACH-STEALTH'
11, 6119, 40.66191884666049, 40.66191884666049, 'APPROACH-STEALTH'
11, 6120, 40.667003735761, 40.667003735761, 'APPROACH-STEALTH'
11, 6121, 40.67208862486151, 40.67208862486151, 'APPROACH-STEALTH'
11, 6122, 40.67717351396202, 40.67717351396202, 'APPROACH-STEALTH'
11, 6123, 40.68225840306253, 40.68225840306253, 'APPROACH-STEALTH'
11, 6124, 40.687343292163035, 40.687343292163035, 'APPROACH-STEALTH'
11, 6125, 40.692428181263544, 40.692428181263544, 'APPROACH-STEALTH'
11, 6126, 40.69751307036405, 40.69751307036405, 'APPROACH-STEALTH'
11, 6127, 40.70259795946456, 40.70259795946456, 'APPROACH-STEALTH'
11, 6128, 40.71276773766558, 40.71276773766558, 'APPROACH-BLIND'
11, 6129, 40.7229375158666, 40.7229375158666, 'APPROACH-BLIND'
11, 6130, 40.733107294067615, 40.733107294067615, 'APPROACH-BLIND'
11, 6131, 40.74327707226863, 40.74327707226863, 'APPROACH-BLIND'
11, 6132, 40.75344685046965, 40.75344685046965, 'APPROACH-BLIND'
11, 6133, 40.763616628670675, 40.763616628670675, 'APPROACH-BLIND'
11, 6134, 40.77378640687169, 40.77378640687169, 'APPROACH-BLIND'
11, 6135, 40.78395618507271, 40.78395618507271, 'APPROACH-BLIND'
11, 6136, 40.794125963273736, 40.794125963273736, 'APPROACH-BLIND'
11, 6137, 40.80429574147475, 40.80429574147475, 'APPROACH-BLIND'
11, 6138, 40.7806711796861, 40.7806711796861, 'APPROACH-BLIND'
11, 6139, 40.75704661789745, 40.75704661789745, 'APPROACH-BLIND'
11, 6140, 40.7334220561088, 40.7334220561088, 'APPROACH-BLIND'
11, 6141, 40.70979749432015, 40.70979749432015, 'APPROACH-BLIND'
11, 6142, 40.6861729325315, 40.6861729325315, 'APPROACH-BLIND'
11, 6143, 40.66254837074285, 40.66254837074285, 'APPROACH-BLIND'
11, 6144, 40.638923808954196, 40.638923808954196, 'APPROACH-BLIND'
11, 6145, 40.615299247165545, 40.615299247165545, 'APPROACH-BLIND'
11, 6146, 40.591674685376894, 40.591674685376894, 'APPROACH-BLIND'
11, 6147, 40.56805012358824, 40.56805012358824, 'APPROACH-BLIND'
11, 6148, 40.54442556179959, 40.54442556179959, 'APPROACH-BLIND'
11, 6149, 40.52080100001094, 40.52080100001094, 'APPROACH-BLIND'
11, 6150, 40.49717643822229, 40.49717643822229, 'APPROACH-BLIND'
11, 6151, 40.4873035456502, 40.4873035456502, 'APPROACH-BLIND'
11, 6152, 40.47743065307811, 40.47743065307811, 'APPROACH-BLIND'
11, 6153, 40.46755776050602, 40.46755776050602, 'APPROACH-BLIND'
11, 6154, 40.46262131421997, 40.46262131421997, 'APPROACH-STEALTH'
11, 6155, 40.45768486793393, 40.45768486793393, 'APPROACH-STEALTH'
11, 6156, 40.45274842164788, 40.45274842164788, 'APPROACH-STEALTH'
11, 6157, 40.44781197536184, 40.44781197536184, 'APPROACH-STEALTH'
11, 6158, 40.44287552907579, 40.44287552907579, 'APPROACH-STEALTH'
11, 6159, 40.43793908278975, 40.43793908278975, 'APPROACH-STEALTH'
11, 6160, 40.4330026365037, 40.4330026365037, 'APPROACH-STEALTH'
11, 6161, 40.428066190217656, 40.428066190217656, 'APPROACH-STEALTH'
11, 6162, 40.42312974393161, 40.42312974393161, 'APPROACH-STEALTH'
11, 6163, 40.418193297645566, 40.418193297645566, 'APPROACH-STEALTH'
11, 6164, 40.41325685135952, 40.41325685135952, 'APPROACH-STEALTH'
11, 6165, 40.408320405073475, 40.408320405073475, 'APPROACH-STEALTH'
11, 6166, 40.40338395878743, 40.40338395878743, 'APPROACH-STEALTH'
11, 6167, 40.398447512501384, 40.398447512501384, 'APPROACH-STEALTH'
11, 6168, 40.39351106621534, 40.39351106621534, 'APPROACH-STEALTH'
11, 6169, 40.388574619929294, 40.388574619929294, 'APPROACH-STEALTH'
11, 6170, 40.38363817364325, 40.38363817364325, 'APPROACH-STEALTH'
11, 6171, 40.3787017273572, 40.3787017273572, 'APPROACH-STEALTH'
11, 6172, 40.37376528107116, 40.37376528107116, 'APPROACH-STEALTH'
11, 6173, 40.36882883478511, 40.36882883478511, 'APPROACH-STEALTH'
11, 6174, 40.36389238849907, 40.36389238849907, 'APPROACH-STEALTH'
11, 6175, 40.35895594221302, 40.35895594221302, 'APPROACH-STEALTH'
11, 6176, 40.35401949592698, 40.35401949592698, 'APPROACH-STEALTH'
11, 6177, 40.34908304964093, 40.34908304964093, 'APPROACH-STEALTH'
11, 6178, 40.344146603354886, 40.344146603354886, 'APPROACH-STEALTH'
11, 6179, 40.33921015706884, 40.33921015706884, 'APPROACH-STEALTH'
11, 6180, 40.334273710782796, 40.334273710782796, 'APPROACH-STEALTH'
11, 6181, 40.32933726449675, 40.32933726449675, 'APPROACH-STEALTH'
11, 6182, 40.324400818210705, 40.324400818210705, 'APPROACH-STEALTH'
11, 6183, 40.31946437192466, 40.31946437192466, 'APPROACH-STEALTH'
11, 6184, 40.314527925638615, 40.314527925638615, 'APPROACH-STEALTH'
11, 6185, 40.30959147935257, 40.30959147935257, 'APPROACH-STEALTH'
11, 6186, 40.304655033066524, 40.304655033066524, 'APPROACH-STEALTH'
11, 6187, 40.29478214049444, 40.29478214049444, 'APPROACH-BLIND'
11, 6188, 40.28490924792236, 40.28490924792236, 'APPROACH-BLIND'
11, 6189, 40.275036355350274, 40.275036355350274, 'APPROACH-BLIND'
11, 6190, 40.26516346277819, 40.26516346277819, 'APPROACH-BLIND'
11, 6191, 40.25529057020611, 40.25529057020611, 'APPROACH-BLIND'
11, 6192, 40.24541767763402, 40.24541767763402, 'APPROACH-BLIND'
11, 6193, 40.23554478506194, 40.23554478506194, 'APPROACH-BLIND'
11, 6194, 40.22567189248985, 40.22567189248985, 'APPROACH-BLIND'
11, 6195, 40.215798999917766, 40.215798999917766, 'APPROACH-BLIND'
11, 6196, 40.205926107345675, 40.205926107345675, 'APPROACH-BLIND'
11, 6197, 40.196053214773585, 40.196053214773585, 'APPROACH-BLIND'
11, 6198, 40.1861803222015, 40.1861803222015, 'APPROACH-BLIND'
11, 6199, 40.20998238085908, 40.20998238085908, 'APPROACH-BLIND'
11, 6200, 40.23378443951666, 40.23378443951666, 'APPROACH-BLIND'
11, 6201, 40.25758649817424, 40.25758649817424, 'APPROACH-BLIND'
11, 6202, 40.28138855683182, 40.28138855683182, 'APPROACH-BLIND'
11, 6203, 40.29328958616061, 40.29328958616061, 'APPROACH-STEALTH'
11, 6204, 40.3051906154894, 40.3051906154894, 'APPROACH-STEALTH'
11, 6205, 40.31709164481819, 40.31709164481819, 'APPROACH-STEALTH'
11, 6206, 40.32899267414698, 40.32899267414698, 'APPROACH-STEALTH'
11, 6207, 40.34089370347577, 40.34089370347577, 'APPROACH-STEALTH'
11, 6208, 40.35279473280456, 40.35279473280456, 'APPROACH-STEALTH'
11, 6209, 40.36469576213335, 40.36469576213335, 'APPROACH-STEALTH'
11, 6210, 40.37659679146214, 40.37659679146214, 'APPROACH-STEALTH'
11, 6211, 40.38849782079093, 40.38849782079093, 'APPROACH-STEALTH'
11, 6212, 40.40039885011972, 40.40039885011972, 'APPROACH-STEALTH'
11, 6213, 40.41229987944851, 40.41229987944851, 'APPROACH-STEALTH'
11, 6214, 40.4242009087773, 40.4242009087773, 'APPROACH-STEALTH'
11, 6215, 40.43610193810609, 40.43610193810609, 'APPROACH-STEALTH'
11, 6216, 40.44800296743488, 40.44800296743488, 'APPROACH-STEALTH'
11, 6217, 40.45990399676367, 40.45990399676367, 'APPROACH-STEALTH'
11, 6218, 40.47180502609246, 40.47180502609246, 'APPROACH-STEALTH'
11, 6219, 40.48370605542125, 40.48370605542125, 'APPROACH-STEALTH'
11, 6220, 40.49560708475004, 40.49560708475004, 'APPROACH-STEALTH'
11, 6221, 40.50750811407883, 40.50750811407883, 'APPROACH-STEALTH'
11, 6222, 40.521131134460695, 40.521131134460695, 'APPROACH-STEALTH'
11, 6223, 40.53475415484256, 40.53475415484256, 'APPROACH-STEALTH'
11, 6224, 40.548377175224424, 40.548377175224424, 'APPROACH-STEALTH'
11, 6225, 40.56200019560629, 40.56200019560629, 'APPROACH-STEALTH'
11, 6226, 40.57562321598815, 40.57562321598815, 'APPROACH-STEALTH'
11, 6227, 40.589246236370016, 40.589246236370016, 'APPROACH-STEALTH'
11, 6228, 40.60286925675188, 40.60286925675188, 'APPROACH-STEALTH'
11, 6229, 40.64506669312799, 40.64506669312799, 'PURSUE'
11, 6230, 40.68726412950409, 40.68726412950409, 'PURSUE'
11, 6231, 40.7294615658802, 40.7294615658802, 'PURSUE'
11, 6232, 40.75701231242946, 40.75701231242946, 'APPROACH-BLIND'
11, 6233, 40.78456305897872, 40.78456305897872, 'APPROACH-BLIND'
11, 6234, 40.81211380552798, 40.81211380552798, 'APPROACH-BLIND'
11, 6235, 40.83966455207724, 40.83966455207724, 'APPROACH-BLIND'
11, 6236, 40.8672152986265, 40.8672152986265, 'APPROACH-BLIND'
11, 6237, 40.880990671901124, 40.880990671901124, 'APPROACH-STEALTH'
11, 6238, 40.89476604517575, 40.89476604517575, 'APPROACH-STEALTH'
11, 6239, 40.908541418450376, 40.908541418450376, 'APPROACH-STEALTH'
11, 6240, 40.922316791725, 40.922316791725, 'APPROACH-STEALTH'
11, 6241, 40.93609216499963, 40.93609216499963, 'APPROACH-STEALTH'
11, 6242, 40.949867538274255, 40.949867538274255, 'APPROACH-STEALTH'
11, 6243, 40.96364291154888, 40.96364291154888, 'APPROACH-STEALTH'
11, 6244, 40.97741828482351, 40.97741828482351, 'APPROACH-STEALTH'
11, 6245, 40.99119365809813, 40.99119365809813, 'APPROACH-STEALTH'
11, 6246, 41.00496903137276, 41.00496903137276, 'APPROACH-STEALTH'
11, 6247, 41.018744404647386, 41.018744404647386, 'APPROACH-STEALTH'
11, 6248, 41.03251977792201, 41.03251977792201, 'APPROACH-STEALTH'
11, 6249, 41.04629515119664, 41.04629515119664, 'APPROACH-STEALTH'
11, 6250, 41.060070524471264, 41.060070524471264, 'APPROACH-STEALTH'
11, 6251, 41.07384589774589, 41.07384589774589, 'APPROACH-STEALTH'
11, 6252, 41.08762127102052, 41.08762127102052, 'APPROACH-STEALTH'
11, 6253, 41.10139664429514, 41.10139664429514, 'APPROACH-STEALTH'
11, 6254, 41.11517201756977, 41.11517201756977, 'APPROACH-STEALTH'
11, 6255, 41.128947390844395, 41.128947390844395, 'APPROACH-STEALTH'
11, 6256, 41.14272276411902, 41.14272276411902, 'APPROACH-STEALTH'
11, 6257, 41.15649813739365, 41.15649813739365, 'APPROACH-STEALTH'
11, 6258, 41.170273510668274, 41.170273510668274, 'APPROACH-STEALTH'
11, 6259, 41.1840488839429, 41.1840488839429, 'APPROACH-STEALTH'
11, 6260, 41.197824257217526, 41.197824257217526, 'APPROACH-STEALTH'
11, 6261, 41.21159963049215, 41.21159963049215, 'APPROACH-STEALTH'
11, 6262, 41.22537500376678, 41.22537500376678, 'APPROACH-STEALTH'
11, 6263, 41.25292575031604, 41.25292575031604, 'APPROACH-BLIND'
11, 6264, 41.2804764968653, 41.2804764968653, 'APPROACH-BLIND'
11, 6265, 41.30802724341456, 41.30802724341456, 'APPROACH-BLIND'
11, 6266, 41.33557798996382, 41.33557798996382, 'APPROACH-BLIND'
11, 6267, 41.363128736513076, 41.363128736513076, 'APPROACH-BLIND'
11, 6268, 41.390679483062335, 41.390679483062335, 'APPROACH-BLIND'
11, 6269, 41.418230229611595, 41.418230229611595, 'APPROACH-BLIND'
11, 6270, 41.445780976160854, 41.445780976160854, 'APPROACH-BLIND'
11, 6271, 41.473331722710114, 41.473331722710114, 'APPROACH-BLIND'
11, 6272, 41.50088246925937, 41.50088246925937, 'APPROACH-BLIND'
11, 6273, 41.512677533815065, 41.512677533815065, 'APPROACH-BLIND'
11, 6274, 41.52447259837076, 41.52447259837076, 'APPROACH-BLIND'
11, 6275, 41.5303701306486, 41.5303701306486, 'APPROACH-STEALTH'
11, 6276, 41.53626766292644, 41.53626766292644, 'APPROACH-STEALTH'
11, 6277, 41.542165195204284, 41.542165195204284, 'APPROACH-STEALTH'
11, 6278, 41.548062727482126, 41.548062727482126, 'APPROACH-STEALTH'
11, 6279, 41.55396025975997, 41.55396025975997, 'APPROACH-STEALTH'
11, 6280, 41.55985779203781, 41.55985779203781, 'APPROACH-STEALTH'
11, 6281, 41.56575532431565, 41.56575532431565, 'APPROACH-STEALTH'
11, 6282, 41.571652856593495, 41.571652856593495, 'APPROACH-STEALTH'
11, 6283, 41.57755038887134, 41.57755038887134, 'APPROACH-STEALTH'
11, 6284, 41.58344792114918, 41.58344792114918, 'APPROACH-STEALTH'
11, 6285, 41.58934545342702, 41.58934545342702, 'APPROACH-STEALTH'
11, 6286, 41.595242985704864, 41.595242985704864, 'APPROACH-STEALTH'
11, 6287, 41.60114051798271, 41.60114051798271, 'APPROACH-STEALTH'
11, 6288, 41.60703805026055, 41.60703805026055, 'APPROACH-STEALTH'
11, 6289, 41.61293558253839, 41.61293558253839, 'APPROACH-STEALTH'
11, 6290, 41.61883311481623, 41.61883311481623, 'APPROACH-STEALTH'
11, 6291, 41.624730647094076, 41.624730647094076, 'APPROACH-STEALTH'
11, 6292, 41.63062817937192, 41.63062817937192, 'APPROACH-STEALTH'
11, 6293, 41.63652571164976, 41.63652571164976, 'APPROACH-STEALTH'
11, 6294, 41.6424232439276, 41.6424232439276, 'APPROACH-STEALTH'
11, 6295, 41.648320776205445, 41.648320776205445, 'APPROACH-STEALTH'
11, 6296, 41.65421830848329, 41.65421830848329, 'APPROACH-STEALTH'
11, 6297, 41.66011584076113, 41.66011584076113, 'APPROACH-STEALTH'
11, 6298, 41.66601337303897, 41.66601337303897, 'APPROACH-STEALTH'
11, 6299, 41.671910905316814, 41.671910905316814, 'APPROACH-STEALTH'
11, 6300, 41.67780843759466, 41.67780843759466, 'APPROACH-STEALTH'
11, 6301, 41.683705969872506, 41.683705969872506, 'APPROACH-STEALTH'
11, 6302, 41.689603502150355, 41.689603502150355, 'APPROACH-STEALTH'
11, 6303, 41.6955010344282, 41.6955010344282, 'APPROACH-STEALTH'
11, 6304, 41.70139856670605, 41.70139856670605, 'APPROACH-STEALTH'
11, 6305, 41.707296098983896, 41.707296098983896, 'APPROACH-STEALTH'
11, 6306, 41.71319363126174, 41.71319363126174, 'APPROACH-STEALTH'
11, 6307, 41.71909116353959, 41.71909116353959, 'APPROACH-STEALTH'
11, 6308, 41.72498869581744, 41.72498869581744, 'APPROACH-STEALTH'
11, 6309, 41.73088622809528, 41.73088622809528, 'APPROACH-STEALTH'
11, 6310, 41.73678376037313, 41.73678376037313, 'APPROACH-STEALTH'
11, 6311, 41.74268129265098, 41.74268129265098, 'APPROACH-STEALTH'
11, 6312, 41.74857882492882, 41.74857882492882, 'APPROACH-STEALTH'
11, 6313, 41.75447635720667, 41.75447635720667, 'APPROACH-STEALTH'
11, 6314, 41.76037388948452, 41.76037388948452, 'APPROACH-STEALTH'
11, 6315, 41.76627142176236, 41.76627142176236, 'APPROACH-STEALTH'
11, 6316, 41.80806625325086, 41.80806625325086, 'PURSUE'
11, 6317, 41.84986108473935, 41.84986108473935, 'PURSUE'
11, 6318, 41.89165591622785, 41.89165591622785, 'PURSUE'
11, 6319, 41.93345074771634, 41.93345074771634, 'PURSUE'
11, 6320, 41.97524557920484, 41.97524557920484, 'PURSUE'
11, 6321, 42.01704041069333, 42.01704041069333, 'PURSUE'
11, 6322, 42.05883524218183, 42.05883524218183, 'PURSUE'
11, 6323, 42.100630073670324, 42.100630073670324, 'PURSUE'
11, 6324, 42.14242490515882, 42.14242490515882, 'PURSUE'
11, 6325, 42.184219736647314, 42.184219736647314, 'PURSUE'
11, 6326, 42.22601456813581, 42.22601456813581, 'PURSUE'
11, 6327, 42.267809399624305, 42.267809399624305, 'PURSUE'
11, 6328, 42.3096042311128, 42.3096042311128, 'PURSUE'
11, 6329, 42.351399062601295, 42.351399062601295, 'PURSUE'
11, 6330, 42.39319389408979, 42.39319389408979, 'PURSUE'
11, 6331, 42.434988725578286, 42.434988725578286, 'PURSUE'
11, 6332, 42.47678355706678, 42.47678355706678, 'PURSUE'
11, 6333, 42.51857838855528, 42.51857838855528, 'PURSUE'
11, 6334, 42.56037322004377, 42.56037322004377, 'PURSUE'
11, 6335, 42.60216805153227, 42.60216805153227, 'PURSUE'
11, 6336, 42.64396288302076, 42.64396288302076, 'PURSUE'
11, 6337, 42.68575771450926, 42.68575771450926, 'PURSUE'
11, 6338, 42.72755254599775, 42.72755254599775, 'PURSUE'
11, 6339, 42.76934737748625, 42.76934737748625, 'PURSUE'
11, 6340, 42.81114220897474, 42.81114220897474, 'PURSUE'
11, 6341, 42.85293704046324, 42.85293704046324, 'PURSUE'
11, 6342, 42.894731871951734, 42.894731871951734, 'PURSUE'
11, 6343, 42.93652670344023, 42.93652670344023, 'PURSUE'
11, 6344, 42.978321534928725, 42.978321534928725, 'PURSUE'
11, 6345, 43.02011636641722, 43.02011636641722, 'PURSUE'
11, 6346, 43.061911197905715, 43.061911197905715, 'PURSUE'
11, 6347, 43.10370602939421, 43.10370602939421, 'PURSUE'
11, 6348, 43.145500860882706, 43.145500860882706, 'PURSUE'
11, 6349, 43.1872956923712, 43.1872956923712, 'PURSUE'
11, 6350, 43.229090523859696, 43.229090523859696, 'PURSUE'
11, 6351, 43.27088535534819, 43.27088535534819, 'PURSUE'
11, 6352, 43.31268018683669, 43.31268018683669, 'PURSUE'
11, 6353, 43.35447501832518, 43.35447501832518, 'PURSUE'
11, 6354, 43.39626984981368, 43.39626984981368, 'PURSUE'
11, 6355, 43.43806468130217, 43.43806468130217, 'PURSUE'
11, 6356, 43.47985951279067, 43.47985951279067, 'PURSUE'
11, 6357, 43.52165434427916, 43.52165434427916, 'PURSUE'
11, 6358, 43.535501275933925, 43.535501275933925, 'APPROACH-STEALTH'
11, 6359, 43.549348207588686, 43.549348207588686, 'APPROACH-STEALTH'
11, 6360, 43.56319513924345, 43.56319513924345, 'APPROACH-STEALTH'
11, 6361, 43.57704207089821, 43.57704207089821, 'APPROACH-STEALTH'
11, 6362, 43.59088900255297, 43.59088900255297, 'APPROACH-STEALTH'
11, 6363, 43.60473593420773, 43.60473593420773, 'APPROACH-STEALTH'
11, 6364, 43.61858286586249, 43.61858286586249, 'APPROACH-STEALTH'
11, 6365, 43.632429797517254, 43.632429797517254, 'APPROACH-STEALTH'
11, 6366, 43.646276729172016, 43.646276729172016, 'APPROACH-STEALTH'
11, 6367, 43.66012366082678, 43.66012366082678, 'APPROACH-STEALTH'
11, 6368, 43.67397059248154, 43.67397059248154, 'APPROACH-STEALTH'
11, 6369, 43.6878175241363, 43.6878175241363, 'APPROACH-STEALTH'
11, 6370, 43.70166445579106, 43.70166445579106, 'APPROACH-STEALTH'
11, 6371, 43.71551138744582, 43.71551138744582, 'APPROACH-STEALTH'
11, 6372, 43.729358319100584, 43.729358319100584, 'APPROACH-STEALTH'
11, 6373, 43.743205250755345, 43.743205250755345, 'APPROACH-STEALTH'
11, 6374, 43.757052182410106, 43.757052182410106, 'APPROACH-STEALTH'
11, 6375, 43.77089911406487, 43.77089911406487, 'APPROACH-STEALTH'
11, 6376, 43.78474604571963, 43.78474604571963, 'APPROACH-STEALTH'
11, 6377, 43.79859297737439, 43.79859297737439, 'APPROACH-STEALTH'
11, 6378, 43.81243990902915, 43.81243990902915, 'APPROACH-STEALTH'
11, 6379, 43.82628684068391, 43.82628684068391, 'APPROACH-STEALTH'
11, 6380, 43.840133772338675, 43.840133772338675, 'APPROACH-STEALTH'
11, 6381, 43.853980703993436, 43.853980703993436, 'APPROACH-STEALTH'
11, 6382, 43.8678276356482, 43.8678276356482, 'APPROACH-STEALTH'
11, 6383, 43.88167456730296, 43.88167456730296, 'APPROACH-STEALTH'
11, 6384, 43.89552149895772, 43.89552149895772, 'APPROACH-STEALTH'
11, 6385, 43.90936843061248, 43.90936843061248, 'APPROACH-STEALTH'
11, 6386, 43.92321536226724, 43.92321536226724, 'APPROACH-STEALTH'
11, 6387, 43.937062293922004, 43.937062293922004, 'APPROACH-STEALTH'
11, 6388, 43.950909225576765, 43.950909225576765, 'APPROACH-STEALTH'
11, 6389, 43.96475615723153, 43.96475615723153, 'APPROACH-STEALTH'
11, 6390, 43.97860308888629, 43.97860308888629, 'APPROACH-STEALTH'
11, 6391, 43.99245002054105, 43.99245002054105, 'APPROACH-STEALTH'
11, 6392, 44.00629695219581, 44.00629695219581, 'APPROACH-STEALTH'
11, 6393, 44.02014388385057, 44.02014388385057, 'APPROACH-STEALTH'
11, 6394, 44.033990815505334, 44.033990815505334, 'APPROACH-STEALTH'
11, 6395, 44.047837747160095, 44.047837747160095, 'APPROACH-STEALTH'
11, 6396, 44.07553161046961, 44.07553161046961, 'APPROACH-BLIND'
11, 6397, 44.103225473779126, 44.103225473779126, 'APPROACH-BLIND'
11, 6398, 44.13091933708864, 44.13091933708864, 'APPROACH-BLIND'
11, 6399, 44.15861320039816, 44.15861320039816, 'APPROACH-BLIND'
11, 6400, 44.17246013205292, 44.17246013205292, 'APPROACH-STEALTH'
11, 6401, 44.18630706370768, 44.18630706370768, 'APPROACH-STEALTH'
11, 6402, 44.225585501132315, 44.225585501132315, 'PURSUE'
11, 6403, 44.26486393855695, 44.26486393855695, 'PURSUE'
11, 6404, 44.27848900862789, 44.27848900862789, 'APPROACH-STEALTH'
11, 6405, 44.29211407869884, 44.29211407869884, 'APPROACH-STEALTH'
11, 6406, 44.30573914876978, 44.30573914876978, 'APPROACH-STEALTH'
11, 6407, 44.319364218840725, 44.319364218840725, 'APPROACH-STEALTH'
11, 6408, 44.33298928891167, 44.33298928891167, 'APPROACH-STEALTH'
11, 6409, 44.34661435898261, 44.34661435898261, 'APPROACH-STEALTH'
11, 6410, 44.36023942905356, 44.36023942905356, 'APPROACH-STEALTH'
11, 6411, 44.3738644991245, 44.3738644991245, 'APPROACH-STEALTH'
11, 6412, 44.387489569195445, 44.387489569195445, 'APPROACH-STEALTH'
11, 6413, 44.40111463926639, 44.40111463926639, 'APPROACH-STEALTH'
11, 6414, 44.41473970933733, 44.41473970933733, 'APPROACH-STEALTH'
11, 6415, 44.42836477940828, 44.42836477940828, 'APPROACH-STEALTH'
11, 6416, 44.44198984947922, 44.44198984947922, 'APPROACH-STEALTH'
11, 6417, 44.455614919550165, 44.455614919550165, 'APPROACH-STEALTH'
11, 6418, 44.46923998962111, 44.46923998962111, 'APPROACH-STEALTH'
11, 6419, 44.48286505969205, 44.48286505969205, 'APPROACH-STEALTH'
11, 6420, 44.496490129762996, 44.496490129762996, 'APPROACH-STEALTH'
11, 6421, 44.51011519983394, 44.51011519983394, 'APPROACH-STEALTH'
11, 6422, 44.523974825162526, 44.523974825162526, 'APPROACH-STEALTH'
11, 6423, 44.53783445049111, 44.53783445049111, 'APPROACH-STEALTH'
11, 6424, 44.5516940758197, 44.5516940758197, 'APPROACH-STEALTH'
11, 6425, 44.56555370114828, 44.56555370114828, 'APPROACH-STEALTH'
11, 6426, 44.57941332647687, 44.57941332647687, 'APPROACH-STEALTH'
11, 6427, 44.59327295180545, 44.59327295180545, 'APPROACH-STEALTH'
11, 6428, 44.60713257713404, 44.60713257713404, 'APPROACH-STEALTH'
11, 6429, 44.620992202462624, 44.620992202462624, 'APPROACH-STEALTH'
11, 6430, 44.63485182779121, 44.63485182779121, 'APPROACH-STEALTH'
11, 6431, 44.648711453119795, 44.648711453119795, 'APPROACH-STEALTH'
11, 6432, 44.66257107844838, 44.66257107844838, 'APPROACH-STEALTH'
11, 6433, 44.676430703776965, 44.676430703776965, 'APPROACH-STEALTH'
11, 6434, 44.69029032910555, 44.69029032910555, 'APPROACH-STEALTH'
11, 6435, 44.704149954434136, 44.704149954434136, 'APPROACH-STEALTH'
11, 6436, 44.71800957976272, 44.71800957976272, 'APPROACH-STEALTH'
11, 6437, 44.73186920509131, 44.73186920509131, 'APPROACH-STEALTH'
11, 6438, 44.74572883041989, 44.74572883041989, 'APPROACH-STEALTH'
11, 6439, 44.75958845574848, 44.75958845574848, 'APPROACH-STEALTH'
11, 6440, 44.77344808107706, 44.77344808107706, 'APPROACH-STEALTH'
11, 6441, 44.78730770640565, 44.78730770640565, 'APPROACH-STEALTH'
11, 6442, 44.801167331734234, 44.801167331734234, 'APPROACH-STEALTH'
11, 6443, 44.81502695706282, 44.81502695706282, 'APPROACH-STEALTH'
11, 6444, 44.84274620771998, 44.84274620771998, 'APPROACH-BLIND'
11, 6445, 44.87046545837715, 44.87046545837715, 'APPROACH-BLIND'
11, 6446, 44.89818470903431, 44.89818470903431, 'APPROACH-BLIND'
11, 6447, 44.925903959691475, 44.925903959691475, 'APPROACH-BLIND'
11, 6448, 44.95362321034864, 44.95362321034864, 'APPROACH-BLIND'
11, 6449, 44.9813424610058, 44.9813424610058, 'APPROACH-BLIND'
11, 6450, 45.009061711662966, 45.009061711662966, 'APPROACH-BLIND'
11, 6451, 45.02292133699155, 45.02292133699155, 'APPROACH-STEALTH'
11, 6452, 45.03678096232014, 45.03678096232014, 'APPROACH-STEALTH'
11, 6453, 45.05064058764872, 45.05064058764872, 'APPROACH-STEALTH'
11, 6454, 45.06450021297731, 45.06450021297731, 'APPROACH-STEALTH'
11, 6455, 45.07835983830589, 45.07835983830589, 'APPROACH-STEALTH'
11, 6456, 45.09221946363448, 45.09221946363448, 'APPROACH-STEALTH'
11, 6457, 45.106079088963064, 45.106079088963064, 'APPROACH-STEALTH'
11, 6458, 45.11993871429165, 45.11993871429165, 'APPROACH-STEALTH'
11, 6459, 45.133798339620235, 45.133798339620235, 'APPROACH-STEALTH'
11, 6460, 45.14765796494882, 45.14765796494882, 'APPROACH-STEALTH'
11, 6461, 45.161517590277406, 45.161517590277406, 'APPROACH-STEALTH'
11, 6462, 45.17537721560599, 45.17537721560599, 'APPROACH-STEALTH'
11, 6463, 45.189236840934576, 45.189236840934576, 'APPROACH-STEALTH'
11, 6464, 45.20309646626316, 45.20309646626316, 'APPROACH-STEALTH'
11, 6465, 45.21695609159175, 45.21695609159175, 'APPROACH-STEALTH'
11, 6466, 45.23081571692033, 45.23081571692033, 'APPROACH-STEALTH'
11, 6467, 45.24467534224892, 45.24467534224892, 'APPROACH-STEALTH'
11, 6468, 45.2585349675775, 45.2585349675775, 'APPROACH-STEALTH'
11, 6469, 45.27239459290609, 45.27239459290609, 'APPROACH-STEALTH'
11, 6470, 45.286254218234674, 45.286254218234674, 'APPROACH-STEALTH'
11, 6471, 45.30011384356326, 45.30011384356326, 'APPROACH-STEALTH'
11, 6472, 45.313973468891845, 45.313973468891845, 'APPROACH-STEALTH'
11, 6473, 45.32783309422043, 45.32783309422043, 'APPROACH-STEALTH'
11, 6474, 45.341692719549016, 45.341692719549016, 'APPROACH-STEALTH'
11, 6475, 45.3555523448776, 45.3555523448776, 'APPROACH-STEALTH'
11, 6476, 45.36941197020619, 45.36941197020619, 'APPROACH-STEALTH'
11, 6477, 45.38327159553477, 45.38327159553477, 'APPROACH-STEALTH'
11, 6478, 45.39713122086336, 45.39713122086336, 'APPROACH-STEALTH'
11, 6479, 45.41099084619194, 45.41099084619194, 'APPROACH-STEALTH'
11, 6480, 45.42485047152053, 45.42485047152053, 'APPROACH-STEALTH'
11, 6481, 45.438710096849114, 45.438710096849114, 'APPROACH-STEALTH'
11, 6482, 45.4525697221777, 45.4525697221777, 'APPROACH-STEALTH'
11, 6483, 45.48785057736471, 45.48785057736471, 'PURSUE'
11, 6484, 45.52313143255172, 45.52313143255172, 'PURSUE'
11, 6485, 45.52977512774337, 45.52977512774337, 'APPROACH-STEALTH'
11, 6486, 45.53641882293502, 45.53641882293502, 'APPROACH-STEALTH'
11, 6487, 45.54306251812667, 45.54306251812667, 'APPROACH-STEALTH'
11, 6488, 45.549706213318316, 45.549706213318316, 'APPROACH-STEALTH'
11, 6489, 45.556349908509965, 45.556349908509965, 'APPROACH-STEALTH'
11, 6490, 45.562993603701614, 45.562993603701614, 'APPROACH-STEALTH'
11, 6491, 45.56963729889326, 45.56963729889326, 'APPROACH-STEALTH'
11, 6492, 45.57628099408491, 45.57628099408491, 'APPROACH-STEALTH'
11, 6493, 45.58292468927656, 45.58292468927656, 'APPROACH-STEALTH'
11, 6494, 45.58956838446821, 45.58956838446821, 'APPROACH-STEALTH'
11, 6495, 45.59621207965986, 45.59621207965986, 'APPROACH-STEALTH'
11, 6496, 45.602855774851506, 45.602855774851506, 'APPROACH-STEALTH'
11, 6497, 45.609499470043154, 45.609499470043154, 'APPROACH-STEALTH'
11, 6498, 45.6161431652348, 45.6161431652348, 'APPROACH-STEALTH'
11, 6499, 45.62278686042645, 45.62278686042645, 'APPROACH-STEALTH'
11, 6500, 45.6294305556181, 45.6294305556181, 'APPROACH-STEALTH'
11, 6501, 45.63607425080975, 45.63607425080975, 'APPROACH-STEALTH'
11, 6502, 45.6427179460014, 45.6427179460014, 'APPROACH-STEALTH'
11, 6503, 45.649361641193046, 45.649361641193046, 'APPROACH-STEALTH'
11, 6504, 45.66264903157635, 45.66264903157635, 'APPROACH-BLIND'
11, 6505, 45.675936421959655, 45.675936421959655, 'APPROACH-BLIND'
11, 6506, 45.68922381234296, 45.68922381234296, 'APPROACH-BLIND'
11, 6507, 45.702511202726264, 45.702511202726264, 'APPROACH-BLIND'
11, 6508, 45.71579859310957, 45.71579859310957, 'APPROACH-BLIND'
11, 6509, 45.72908598349287, 45.72908598349287, 'APPROACH-BLIND'
11, 6510, 45.75495353998404, 45.75495353998404, 'APPROACH-BLIND'
11, 6511, 45.7907091536291, 45.7907091536291, 'PURSUE'
11, 6512, 45.80375002794327, 45.80375002794327, 'APPROACH-STEALTH'
11, 6513, 45.816790902257445, 45.816790902257445, 'APPROACH-STEALTH'
11, 6514, 45.829831776571616, 45.829831776571616, 'APPROACH-STEALTH'
11, 6515, 45.84287265088579, 45.84287265088579, 'APPROACH-STEALTH'
11, 6516, 45.85591352519996, 45.85591352519996, 'APPROACH-STEALTH'
11, 6517, 45.86895439951413, 45.86895439951413, 'APPROACH-STEALTH'
11, 6518, 45.8819952738283, 45.8819952738283, 'APPROACH-STEALTH'
11, 6519, 45.895036148142474, 45.895036148142474, 'APPROACH-STEALTH'
11, 6520, 45.908077022456645, 45.908077022456645, 'APPROACH-STEALTH'
11, 6521, 45.92111789677082, 45.92111789677082, 'APPROACH-STEALTH'
11, 6522, 45.93415877108499, 45.93415877108499, 'APPROACH-STEALTH'
11, 6523, 45.94719964539916, 45.94719964539916, 'APPROACH-STEALTH'
11, 6524, 45.96024051971333, 45.96024051971333, 'APPROACH-STEALTH'
11, 6525, 45.9732813940275, 45.9732813940275, 'APPROACH-STEALTH'
11, 6526, 45.986322268341674, 45.986322268341674, 'APPROACH-STEALTH'
11, 6527, 45.999363142655845, 45.999363142655845, 'APPROACH-STEALTH'
11, 6528, 46.01240401697002, 46.01240401697002, 'APPROACH-STEALTH'
11, 6529, 46.02544489128419, 46.02544489128419, 'APPROACH-STEALTH'
11, 6530, 46.03848576559836, 46.03848576559836, 'APPROACH-STEALTH'
11, 6531, 46.05152663991253, 46.05152663991253, 'APPROACH-STEALTH'
11, 6532, 46.0645675142267, 46.0645675142267, 'APPROACH-STEALTH'
11, 6533, 46.077608388540874, 46.077608388540874, 'APPROACH-STEALTH'
11, 6534, 46.090649262855045, 46.090649262855045, 'APPROACH-STEALTH'
11, 6535, 46.10369013716922, 46.10369013716922, 'APPROACH-STEALTH'
11, 6536, 46.11673101148339, 46.11673101148339, 'APPROACH-STEALTH'
11, 6537, 46.12977188579756, 46.12977188579756, 'APPROACH-STEALTH'
11, 6538, 46.14281276011173, 46.14281276011173, 'APPROACH-STEALTH'
11, 6539, 46.1558536344259, 46.1558536344259, 'APPROACH-STEALTH'
11, 6540, 46.168894508740074, 46.168894508740074, 'APPROACH-STEALTH'
11, 6541, 46.181935383054245, 46.181935383054245, 'APPROACH-STEALTH'
11, 6542, 46.19497625736842, 46.19497625736842, 'APPROACH-STEALTH'
11, 6543, 46.20801713168259, 46.20801713168259, 'APPROACH-STEALTH'
11, 6544, 46.22105800599676, 46.22105800599676, 'APPROACH-STEALTH'
11, 6545, 46.23409888031093, 46.23409888031093, 'APPROACH-STEALTH'
11, 6546, 46.2471397546251, 46.2471397546251, 'APPROACH-STEALTH'
11, 6547, 46.260180628939274, 46.260180628939274, 'APPROACH-STEALTH'
11, 6548, 46.273221503253446, 46.273221503253446, 'APPROACH-STEALTH'
11, 6549, 46.28626237756762, 46.28626237756762, 'APPROACH-STEALTH'
11, 6550, 46.29930325188179, 46.29930325188179, 'APPROACH-STEALTH'
11, 6551, 46.31234412619596, 46.31234412619596, 'APPROACH-STEALTH'
11, 6552, 46.32538500051013, 46.32538500051013, 'APPROACH-STEALTH'
11, 6553, 46.3384258748243, 46.3384258748243, 'APPROACH-STEALTH'
11, 6554, 46.351466749138474, 46.351466749138474, 'APPROACH-STEALTH'
11, 6555, 46.364507623452646, 46.364507623452646, 'APPROACH-STEALTH'
11, 6556, 46.37754849776682, 46.37754849776682, 'APPROACH-STEALTH'
11, 6557, 46.39058937208099, 46.39058937208099, 'APPROACH-STEALTH'
11, 6558, 46.40363024639516, 46.40363024639516, 'APPROACH-STEALTH'
11, 6559, 46.41667112070933, 46.41667112070933, 'APPROACH-STEALTH'
11, 6560, 46.4297119950235, 46.4297119950235, 'APPROACH-STEALTH'
11, 6561, 46.463934080470665, 46.463934080470665, 'PURSUE'
11, 6562, 46.49815616591783, 46.49815616591783, 'PURSUE'
11, 6563, 46.525191784262375, 46.525191784262375, 'APPROACH-BLIND'
11, 6564, 46.536099636187615, 46.536099636187615, 'APPROACH-BLIND'
11, 6565, 46.547007488112854, 46.547007488112854, 'APPROACH-BLIND'
11, 6566, 46.55791534003809, 46.55791534003809, 'APPROACH-BLIND'
11, 6567, 46.56882319196333, 46.56882319196333, 'APPROACH-BLIND'
11, 6568, 46.57973104388857, 46.57973104388857, 'APPROACH-BLIND'
11, 6569, 46.59063889581381, 46.59063889581381, 'APPROACH-BLIND'
11, 6570, 46.60154674773905, 46.60154674773905, 'APPROACH-BLIND'
11, 6571, 46.61245459966429, 46.61245459966429, 'APPROACH-BLIND'
11, 6572, 46.62336245158953, 46.62336245158953, 'APPROACH-BLIND'
11, 6573, 46.63427030351477, 46.63427030351477, 'APPROACH-BLIND'
11, 6574, 46.64517815544001, 46.64517815544001, 'APPROACH-BLIND'
11, 6575, 46.656086007365246, 46.656086007365246, 'APPROACH-BLIND'
11, 6576, 46.666993859290486, 46.666993859290486, 'APPROACH-BLIND'
11, 6577, 46.677901711215725, 46.677901711215725, 'APPROACH-BLIND'
11, 6578, 46.688809563140964, 46.688809563140964, 'APPROACH-BLIND'
11, 6579, 46.6997174150662, 46.6997174150662, 'APPROACH-BLIND'
11, 6580, 46.71062526699144, 46.71062526699144, 'APPROACH-BLIND'
11, 6581, 46.72153311891668, 46.72153311891668, 'APPROACH-BLIND'
11, 6582, 46.7269870448793, 46.7269870448793, 'APPROACH-STEALTH'
11, 6583, 46.73244097084192, 46.73244097084192, 'APPROACH-STEALTH'
11, 6584, 46.73789489680454, 46.73789489680454, 'APPROACH-STEALTH'
11, 6585, 46.74334882276716, 46.74334882276716, 'APPROACH-STEALTH'
11, 6586, 46.74880274872978, 46.74880274872978, 'APPROACH-STEALTH'
11, 6587, 46.7542566746924, 46.7542566746924, 'APPROACH-STEALTH'
11, 6588, 46.75971060065502, 46.75971060065502, 'APPROACH-STEALTH'
11, 6589, 46.76516452661764, 46.76516452661764, 'APPROACH-STEALTH'
11, 6590, 46.77061845258026, 46.77061845258026, 'APPROACH-STEALTH'
11, 6591, 46.77607237854288, 46.77607237854288, 'APPROACH-STEALTH'
11, 6592, 46.7815263045055, 46.7815263045055, 'APPROACH-STEALTH'
11, 6593, 46.78698023046812, 46.78698023046812, 'APPROACH-STEALTH'
11, 6594, 46.788934448949746, 46.788934448949746, 'APPROACH-STEALTH'
11, 6595, 46.790888667431375, 46.790888667431375, 'APPROACH-STEALTH'
11, 6596, 46.82547173275802, 46.82547173275802, 'PURSUE'
11, 6597, 46.86005479808466, 46.86005479808466, 'PURSUE'
11, 6598, 46.894637863411305, 46.894637863411305, 'PURSUE'
11, 6599, 46.92922092873795, 46.92922092873795, 'PURSUE'
11, 6600, 46.96380399406459, 46.96380399406459, 'PURSUE'
11, 6601, 46.998387059391234, 46.998387059391234, 'PURSUE'
11, 6602, 47.03297012471788, 47.03297012471788, 'PURSUE'
11, 6603, 47.03217838147078, 47.03217838147078, 'APPROACH-BLIND'
11, 6604, 47.03138663822368, 47.03138663822368, 'APPROACH-BLIND'
11, 6605, 47.03059489497658, 47.03059489497658, 'APPROACH-BLIND'
11, 6606, 47.02980315172948, 47.02980315172948, 'APPROACH-BLIND'
11, 6607, 47.02901140848238, 47.02901140848238, 'APPROACH-BLIND'
11, 6608, 47.028219665235284, 47.028219665235284, 'APPROACH-BLIND'
11, 6609, 47.027427921988185, 47.027427921988185, 'APPROACH-BLIND'
11, 6610, 47.026636178741086, 47.026636178741086, 'APPROACH-BLIND'
11, 6611, 47.02584443549399, 47.02584443549399, 'APPROACH-BLIND'
11, 6612, 47.02505269224689, 47.02505269224689, 'APPROACH-BLIND'
11, 6613, 47.02426094899979, 47.02426094899979, 'APPROACH-BLIND'
11, 6614, 47.02346920575269, 47.02346920575269, 'APPROACH-BLIND'
11, 6615, 47.02267746250559, 47.02267746250559, 'APPROACH-BLIND'
11, 6616, 47.02188571925849, 47.02188571925849, 'APPROACH-BLIND'
11, 6617, 47.02109397601139, 47.02109397601139, 'APPROACH-BLIND'
11, 6618, 47.020302232764294, 47.020302232764294, 'APPROACH-BLIND'
11, 6619, 47.019510489517195, 47.019510489517195, 'APPROACH-BLIND'
11, 6620, 47.018718746270096, 47.018718746270096, 'APPROACH-BLIND'
11, 6621, 47.017927003023, 47.017927003023, 'APPROACH-BLIND'
11, 6622, 47.05427416241266, 47.05427416241266, 'PURSUE'
11, 6623, 47.090621321802324, 47.090621321802324, 'PURSUE'
11, 6624, 47.12696848119199, 47.12696848119199, 'PURSUE'
11, 6625, 47.16331564058165, 47.16331564058165, 'PURSUE'
11, 6626, 47.199662799971314, 47.199662799971314, 'PURSUE'
11, 6627, 47.23600995936098, 47.23600995936098, 'PURSUE'
11, 6628, 47.27235711875064, 47.27235711875064, 'PURSUE'
11, 6629, 47.269557550200716, 47.269557550200716, 'APPROACH-STEALTH'
11, 6630, 47.26675798165079, 47.26675798165079, 'APPROACH-STEALTH'
11, 6631, 47.26115884455095, 47.26115884455095, 'APPROACH-BLIND'
11, 6632, 47.255559707451106, 47.255559707451106, 'APPROACH-BLIND'
11, 6633, 47.24996057035126, 47.24996057035126, 'APPROACH-BLIND'
11, 6634, 47.24436143325142, 47.24436143325142, 'APPROACH-BLIND'
11, 6635, 47.23876229615157, 47.23876229615157, 'APPROACH-BLIND'
11, 6636, 47.23316315905173, 47.23316315905173, 'APPROACH-BLIND'
11, 6637, 47.22756402195188, 47.22756402195188, 'APPROACH-BLIND'
11, 6638, 47.221964884852035, 47.221964884852035, 'APPROACH-BLIND'
11, 6639, 47.216365747752185, 47.216365747752185, 'APPROACH-BLIND'
11, 6640, 47.21076661065234, 47.21076661065234, 'APPROACH-BLIND'
11, 6641, 47.224648992129346, 47.224648992129346, 'APPROACH-STEALTH'
11, 6642, 47.23853137360635, 47.23853137360635, 'APPROACH-STEALTH'
11, 6643, 47.25241375508335, 47.25241375508335, 'APPROACH-STEALTH'
11, 6644, 47.266296136560356, 47.266296136560356, 'APPROACH-STEALTH'
11, 6645, 47.28017851803736, 47.28017851803736, 'APPROACH-STEALTH'
11, 6646, 47.29406089951436, 47.29406089951436, 'APPROACH-STEALTH'
11, 6647, 47.30794328099137, 47.30794328099137, 'APPROACH-STEALTH'
11, 6648, 47.32182566246837, 47.32182566246837, 'APPROACH-STEALTH'
11, 6649, 47.335708043945374, 47.335708043945374, 'APPROACH-STEALTH'
11, 6650, 47.34959042542238, 47.34959042542238, 'APPROACH-STEALTH'
11, 6651, 47.36347280689938, 47.36347280689938, 'APPROACH-STEALTH'
11, 6652, 47.377355188376384, 47.377355188376384, 'APPROACH-STEALTH'
11, 6653, 47.39123756985339, 47.39123756985339, 'APPROACH-STEALTH'
11, 6654, 47.40511995133039, 47.40511995133039, 'APPROACH-STEALTH'
11, 6655, 47.419002332807395, 47.419002332807395, 'APPROACH-STEALTH'
11, 6656, 47.4328847142844, 47.4328847142844, 'APPROACH-STEALTH'
11, 6657, 47.42744684325971, 47.42744684325971, 'APPROACH-STEALTH'
11, 6658, 47.42200897223502, 47.42200897223502, 'APPROACH-STEALTH'
11, 6659, 47.41657110121033, 47.41657110121033, 'APPROACH-STEALTH'
11, 6660, 47.411133230185634, 47.411133230185634, 'APPROACH-STEALTH'
11, 6661, 47.405695359160944, 47.405695359160944, 'APPROACH-STEALTH'
11, 6662, 47.40025748813625, 47.40025748813625, 'APPROACH-STEALTH'
11, 6663, 47.39481961711156, 47.39481961711156, 'APPROACH-STEALTH'
11, 6664, 47.38938174608686, 47.38938174608686, 'APPROACH-STEALTH'
11, 6665, 47.38394387506217, 47.38394387506217, 'APPROACH-STEALTH'
11, 6666, 47.378506004037476, 47.378506004037476, 'APPROACH-STEALTH'
11, 6667, 47.37306813301278, 47.37306813301278, 'APPROACH-STEALTH'
11, 6668, 47.36763026198809, 47.36763026198809, 'APPROACH-STEALTH'
11, 6669, 47.3621923909634, 47.3621923909634, 'APPROACH-STEALTH'
11, 6670, 47.356754519938704, 47.356754519938704, 'APPROACH-STEALTH'
11, 6671, 47.35131664891401, 47.35131664891401, 'APPROACH-STEALTH'
11, 6672, 47.34587877788932, 47.34587877788932, 'APPROACH-STEALTH'
11, 6673, 47.383302840592094, 47.383302840592094, 'PURSUE'
11, 6674, 47.42072690329487, 47.42072690329487, 'PURSUE'
11, 6675, 47.41377381383846, 47.41377381383846, 'APPROACH-STEALTH'
11, 6676, 47.40682072438205, 47.40682072438205, 'APPROACH-STEALTH'
11, 6677, 47.39986763492564, 47.39986763492564, 'APPROACH-STEALTH'
11, 6678, 47.39291454546923, 47.39291454546923, 'APPROACH-STEALTH'
11, 6679, 47.38596145601282, 47.38596145601282, 'APPROACH-STEALTH'
11, 6680, 47.37900836655641, 47.37900836655641, 'APPROACH-STEALTH'
11, 6681, 47.3720552771, 47.3720552771, 'APPROACH-STEALTH'
11, 6682, 47.36510218764359, 47.36510218764359, 'APPROACH-STEALTH'
11, 6683, 47.358149098187184, 47.358149098187184, 'APPROACH-STEALTH'
11, 6684, 47.351196008730774, 47.351196008730774, 'APPROACH-STEALTH'
11, 6685, 47.344242919274365, 47.344242919274365, 'APPROACH-STEALTH'
11, 6686, 47.337289829817955, 47.337289829817955, 'APPROACH-STEALTH'
11, 6687, 47.330336740361545, 47.330336740361545, 'APPROACH-STEALTH'
11, 6688, 47.353729928777625, 47.353729928777625, 'APPROACH-BLIND'
11, 6689, 47.377123117193705, 47.377123117193705, 'APPROACH-BLIND'
11, 6690, 47.400516305609784, 47.400516305609784, 'APPROACH-BLIND'
11, 6691, 47.423909494025864, 47.423909494025864, 'APPROACH-BLIND'
11, 6692, 47.44730268244194, 47.44730268244194, 'APPROACH-BLIND'
11, 6693, 47.47069587085802, 47.47069587085802, 'APPROACH-BLIND'
11, 6694, 47.4940890592741, 47.4940890592741, 'APPROACH-BLIND'
11, 6695, 47.51748224769018, 47.51748224769018, 'APPROACH-BLIND'
11, 6696, 47.533384953163505, 47.533384953163505, 'APPROACH-BLIND'
11, 6697, 47.54928765863683, 47.54928765863683, 'APPROACH-BLIND'
11, 6698, 47.56519036411015, 47.56519036411015, 'APPROACH-BLIND'
11, 6699, 47.581093069583474, 47.581093069583474, 'APPROACH-BLIND'
11, 6700, 47.589044422320136, 47.589044422320136, 'APPROACH-STEALTH'
11, 6701, 47.5969957750568, 47.5969957750568, 'APPROACH-STEALTH'
11, 6702, 47.60494712779346, 47.60494712779346, 'APPROACH-STEALTH'
11, 6703, 47.61289848053012, 47.61289848053012, 'APPROACH-STEALTH'
11, 6704, 47.62084983326678, 47.62084983326678, 'APPROACH-STEALTH'
11, 6705, 47.62880118600344, 47.62880118600344, 'APPROACH-STEALTH'
11, 6706, 47.636752538740105, 47.636752538740105, 'APPROACH-STEALTH'
11, 6707, 47.644703891476766, 47.644703891476766, 'APPROACH-STEALTH'
11, 6708, 47.65265524421343, 47.65265524421343, 'APPROACH-STEALTH'
11, 6709, 47.665684452040715, 47.665684452040715, 'APPROACH-STEALTH'
11, 6710, 47.678713659868, 47.678713659868, 'APPROACH-STEALTH'
11, 6711, 47.69174286769529, 47.69174286769529, 'APPROACH-STEALTH'
11, 6712, 47.70477207552258, 47.70477207552258, 'APPROACH-STEALTH'
11, 6713, 47.742481732348395, 47.742481732348395, 'PURSUE'
11, 6714, 47.78019138917421, 47.78019138917421, 'PURSUE'
11, 6715, 47.81790104600003, 47.81790104600003, 'PURSUE'
11, 6716, 47.85561070282585, 47.85561070282585, 'PURSUE'
11, 6717, 47.89332035965166, 47.89332035965166, 'PURSUE'
11, 6718, 47.93103001647747, 47.93103001647747, 'PURSUE'
11, 6719, 47.95821932524381, 47.95821932524381, 'APPROACH-BLIND'
11, 6720, 47.98540863401015, 47.98540863401015, 'APPROACH-BLIND'
11, 6721, 48.01259794277649, 48.01259794277649, 'APPROACH-BLIND'
11, 6722, 48.039787251542826, 48.039787251542826, 'APPROACH-BLIND'
11, 6723, 48.066976560309165, 48.066976560309165, 'APPROACH-BLIND'
11, 6724, 48.0941658690755, 48.0941658690755, 'APPROACH-BLIND'
11, 6725, 48.12135517784184, 48.12135517784184, 'APPROACH-BLIND'
11, 6726, 48.14854448660818, 48.14854448660818, 'APPROACH-BLIND'
11, 6727, 48.17573379537452, 48.17573379537452, 'APPROACH-BLIND'
11, 6728, 48.20292310414086, 48.20292310414086, 'APPROACH-BLIND'
11, 6729, 48.2301124129072, 48.2301124129072, 'APPROACH-BLIND'
11, 6730, 48.257301721673535, 48.257301721673535, 'APPROACH-BLIND'
11, 6731, 48.284491030439874, 48.284491030439874, 'APPROACH-BLIND'
11, 6732, 48.31168033920621, 48.31168033920621, 'APPROACH-BLIND'
11, 6733, 48.33886964797255, 48.33886964797255, 'APPROACH-BLIND'
11, 6734, 48.36605895673889, 48.36605895673889, 'APPROACH-BLIND'
11, 6735, 48.39324826550523, 48.39324826550523, 'APPROACH-BLIND'
11, 6736, 48.4068429198884, 48.4068429198884, 'APPROACH-STEALTH'
11, 6737, 48.402116110205036, 48.402116110205036, 'APPROACH-STEALTH'
11, 6738, 48.397389300521674, 48.397389300521674, 'APPROACH-STEALTH'
11, 6739, 48.39266249083831, 48.39266249083831, 'APPROACH-STEALTH'
11, 6740, 48.38793568115495, 48.38793568115495, 'APPROACH-STEALTH'
11, 6741, 48.38320887147159, 48.38320887147159, 'APPROACH-STEALTH'
11, 6742, 48.378482061788226, 48.378482061788226, 'APPROACH-STEALTH'
11, 6743, 48.373755252104864, 48.373755252104864, 'APPROACH-STEALTH'
11, 6744, 48.3690284424215, 48.3690284424215, 'APPROACH-STEALTH'
11, 6745, 48.36430163273814, 48.36430163273814, 'APPROACH-STEALTH'
11, 6746, 48.35957482305478, 48.35957482305478, 'APPROACH-STEALTH'
11, 6747, 48.35484801337142, 48.35484801337142, 'APPROACH-STEALTH'
11, 6748, 48.350121203688055, 48.350121203688055, 'APPROACH-STEALTH'
11, 6749, 48.34539439400469, 48.34539439400469, 'APPROACH-STEALTH'
11, 6750, 48.34066758432133, 48.34066758432133, 'APPROACH-STEALTH'
11, 6751, 48.33594077463797, 48.33594077463797, 'APPROACH-STEALTH'
11, 6752, 48.33121396495461, 48.33121396495461, 'APPROACH-STEALTH'
11, 6753, 48.326487155271245, 48.326487155271245, 'APPROACH-STEALTH'
11, 6754, 48.32176034558788, 48.32176034558788, 'APPROACH-STEALTH'
11, 6755, 48.31703353590452, 48.31703353590452, 'APPROACH-STEALTH'
11, 6756, 48.31230672622116, 48.31230672622116, 'APPROACH-STEALTH'
11, 6757, 48.3075799165378, 48.3075799165378, 'APPROACH-STEALTH'
11, 6758, 48.302853106854435, 48.302853106854435, 'APPROACH-STEALTH'
11, 6759, 48.29812629717107, 48.29812629717107, 'APPROACH-STEALTH'
11, 6760, 48.29339948748771, 48.29339948748771, 'APPROACH-STEALTH'
11, 6761, 48.28867267780435, 48.28867267780435, 'APPROACH-STEALTH'
11, 6762, 48.28394586812099, 48.28394586812099, 'APPROACH-STEALTH'
11, 6763, 48.279219058437626, 48.279219058437626, 'APPROACH-STEALTH'
11, 6764, 48.274492248754264, 48.274492248754264, 'APPROACH-STEALTH'
11, 6765, 48.2697654390709, 48.2697654390709, 'APPROACH-STEALTH'
11, 6766, 48.26503862938754, 48.26503862938754, 'APPROACH-STEALTH'
11, 6767, 48.26031181970418, 48.26031181970418, 'APPROACH-STEALTH'
11, 6768, 48.255585010020816, 48.255585010020816, 'APPROACH-STEALTH'
11, 6769, 48.28142276632119, 48.28142276632119, 'APPROACH-BLIND'
11, 6770, 48.30726052262157, 48.30726052262157, 'APPROACH-BLIND'
11, 6771, 48.333098278921945, 48.333098278921945, 'APPROACH-BLIND'
11, 6772, 48.35893603522232, 48.35893603522232, 'APPROACH-BLIND'
11, 6773, 48.3847737915227, 48.3847737915227, 'APPROACH-BLIND'
11, 6774, 48.41061154782307, 48.41061154782307, 'APPROACH-BLIND'
11, 6775, 48.43644930412345, 48.43644930412345, 'APPROACH-BLIND'
11, 6776, 48.462287060423826, 48.462287060423826, 'APPROACH-BLIND'
11, 6777, 48.4881248167242, 48.4881248167242, 'APPROACH-BLIND'
11, 6778, 48.51396257302458, 48.51396257302458, 'APPROACH-BLIND'
11, 6779, 48.52827897512467, 48.52827897512467, 'APPROACH-BLIND'
11, 6780, 48.542595377224764, 48.542595377224764, 'APPROACH-BLIND'
11, 6781, 48.55691177932486, 48.55691177932486, 'APPROACH-BLIND'
11, 6782, 48.57122818142495, 48.57122818142495, 'APPROACH-BLIND'
11, 6783, 48.58554458352504, 48.58554458352504, 'APPROACH-BLIND'
11, 6784, 48.59986098562514, 48.59986098562514, 'APPROACH-BLIND'
11, 6785, 48.614177387725235, 48.614177387725235, 'APPROACH-BLIND'
11, 6786, 48.628493789825335, 48.628493789825335, 'APPROACH-BLIND'
11, 6787, 48.642810191925435, 48.642810191925435, 'APPROACH-BLIND'
11, 6788, 48.64996839297548, 48.64996839297548, 'APPROACH-STEALTH'
11, 6789, 48.65712659402553, 48.65712659402553, 'APPROACH-STEALTH'
11, 6790, 48.664284795075574, 48.664284795075574, 'APPROACH-STEALTH'
11, 6791, 48.67144299612562, 48.67144299612562, 'APPROACH-STEALTH'
11, 6792, 48.67860119717567, 48.67860119717567, 'APPROACH-STEALTH'
11, 6793, 48.68575939822571, 48.68575939822571, 'APPROACH-STEALTH'
11, 6794, 48.69291759927576, 48.69291759927576, 'APPROACH-STEALTH'
11, 6795, 48.700075800325806, 48.700075800325806, 'APPROACH-STEALTH'
11, 6796, 48.73713329551798, 48.73713329551798, 'PURSUE'
11, 6797, 48.77419079071015, 48.77419079071015, 'PURSUE'
11, 6798, 48.81124828590232, 48.81124828590232, 'PURSUE'
11, 6799, 48.848305781094496, 48.848305781094496, 'PURSUE'
11, 6800, 48.88536327628667, 48.88536327628667, 'PURSUE'
11, 6801, 48.91228297546496, 48.91228297546496, 'APPROACH-BLIND'
11, 6802, 48.939202674643255, 48.939202674643255, 'APPROACH-BLIND'
11, 6803, 48.96612237382155, 48.96612237382155, 'APPROACH-BLIND'
11, 6804, 48.99304207299984, 48.99304207299984, 'APPROACH-BLIND'
11, 6805, 49.019961772178135, 49.019961772178135, 'APPROACH-BLIND'
11, 6806, 49.04688147135643, 49.04688147135643, 'APPROACH-BLIND'
11, 6807, 49.07380117053472, 49.07380117053472, 'APPROACH-BLIND'
11, 6808, 49.100720869713015, 49.100720869713015, 'APPROACH-BLIND'
11, 6809, 49.12764056889131, 49.12764056889131, 'APPROACH-BLIND'
11, 6810, 49.1545602680696, 49.1545602680696, 'APPROACH-BLIND'
11, 6811, 49.181479967247896, 49.181479967247896, 'APPROACH-BLIND'
11, 6812, 49.179417084731334, 49.179417084731334, 'APPROACH-STEALTH'
11, 6813, 49.17735420221477, 49.17735420221477, 'APPROACH-STEALTH'
11, 6814, 49.17529131969821, 49.17529131969821, 'APPROACH-STEALTH'
11, 6815, 49.17322843718165, 49.17322843718165, 'APPROACH-STEALTH'
11, 6816, 49.17116555466509, 49.17116555466509, 'APPROACH-STEALTH'
11, 6817, 49.169102672148526, 49.169102672148526, 'APPROACH-STEALTH'
11, 6818, 49.167039789631964, 49.167039789631964, 'APPROACH-STEALTH'
11, 6819, 49.1649769071154, 49.1649769071154, 'APPROACH-STEALTH'
11, 6820, 49.16291402459884, 49.16291402459884, 'APPROACH-STEALTH'
11, 6821, 49.16085114208228, 49.16085114208228, 'APPROACH-STEALTH'
11, 6822, 49.15878825956572, 49.15878825956572, 'APPROACH-STEALTH'
11, 6823, 49.156725377049156, 49.156725377049156, 'APPROACH-STEALTH'
11, 6824, 49.154662494532595, 49.154662494532595, 'APPROACH-STEALTH'
11, 6825, 49.15259961201603, 49.15259961201603, 'APPROACH-STEALTH'
11, 6826, 49.15053672949947, 49.15053672949947, 'APPROACH-STEALTH'
11, 6827, 49.14847384698291, 49.14847384698291, 'APPROACH-STEALTH'
11, 6828, 49.14641096446635, 49.14641096446635, 'APPROACH-STEALTH'
11, 6829, 49.144348081949786, 49.144348081949786, 'APPROACH-STEALTH'
11, 6830, 49.142285199433225, 49.142285199433225, 'APPROACH-STEALTH'
11, 6831, 49.14022231691666, 49.14022231691666, 'APPROACH-STEALTH'
11, 6832, 49.1381594344001, 49.1381594344001, 'APPROACH-STEALTH'
11, 6833, 49.13609655188354, 49.13609655188354, 'APPROACH-STEALTH'
11, 6834, 49.13403366936698, 49.13403366936698, 'APPROACH-STEALTH'
11, 6835, 49.13197078685042, 49.13197078685042, 'APPROACH-STEALTH'
11, 6836, 49.129907904333855, 49.129907904333855, 'APPROACH-STEALTH'
11, 6837, 49.12784502181729, 49.12784502181729, 'APPROACH-STEALTH'
11, 6838, 49.12578213930073, 49.12578213930073, 'APPROACH-STEALTH'
11, 6839, 49.12371925678417, 49.12371925678417, 'APPROACH-STEALTH'
11, 6840, 49.12165637426761, 49.12165637426761, 'APPROACH-STEALTH'
11, 6841, 49.11959349175105, 49.11959349175105, 'APPROACH-STEALTH'
11, 6842, 49.117530609234485, 49.117530609234485, 'APPROACH-STEALTH'
11, 6843, 49.115467726717924, 49.115467726717924, 'APPROACH-STEALTH'
11, 6844, 49.11340484420136, 49.11340484420136, 'APPROACH-STEALTH'
11, 6845, 49.1113419616848, 49.1113419616848, 'APPROACH-STEALTH'
11, 6846, 49.10927907916824, 49.10927907916824, 'APPROACH-STEALTH'
11, 6847, 49.10721619665168, 49.10721619665168, 'APPROACH-STEALTH'
11, 6848, 49.105153314135116, 49.105153314135116, 'APPROACH-STEALTH'
11, 6849, 49.103090431618554, 49.103090431618554, 'APPROACH-STEALTH'
11, 6850, 49.10102754910199, 49.10102754910199, 'APPROACH-STEALTH'
11, 6851, 49.09896466658543, 49.09896466658543, 'APPROACH-STEALTH'
11, 6852, 49.09690178406887, 49.09690178406887, 'APPROACH-STEALTH'
11, 6853, 49.09277601903574, 49.09277601903574, 'APPROACH-BLIND'
11, 6854, 49.08865025400261, 49.08865025400261, 'APPROACH-BLIND'
11, 6855, 49.08452448896948, 49.08452448896948, 'APPROACH-BLIND'
11, 6856, 49.080398723936355, 49.080398723936355, 'APPROACH-BLIND'
11, 6857, 49.076272958903225, 49.076272958903225, 'APPROACH-BLIND'
11, 6858, 49.072147193870094, 49.072147193870094, 'APPROACH-BLIND'
11, 6859, 49.07147110479498, 49.07147110479498, 'APPROACH-STEALTH'
11, 6860, 49.07079501571987, 49.07079501571987, 'APPROACH-STEALTH'
11, 6861, 49.07011892664475, 49.07011892664475, 'APPROACH-STEALTH'
11, 6862, 49.06876674849452, 49.06876674849452, 'APPROACH-BLIND'
11, 6863, 49.06741457034428, 49.06741457034428, 'APPROACH-BLIND'
11, 6864, 49.06606239219405, 49.06606239219405, 'APPROACH-BLIND'
11, 6865, 49.064710214043814, 49.064710214043814, 'APPROACH-BLIND'
11, 6866, 49.06335803589358, 49.06335803589358, 'APPROACH-BLIND'
11, 6867, 49.062005857743344, 49.062005857743344, 'APPROACH-BLIND'
11, 6868, 49.06065367959311, 49.06065367959311, 'APPROACH-BLIND'
11, 6869, 49.059301501442874, 49.059301501442874, 'APPROACH-BLIND'
11, 6870, 49.05794932329264, 49.05794932329264, 'APPROACH-BLIND'
11, 6871, 49.056597145142405, 49.056597145142405, 'APPROACH-BLIND'
11, 6872, 49.05524496699217, 49.05524496699217, 'APPROACH-BLIND'
11, 6873, 49.053892788841935, 49.053892788841935, 'APPROACH-BLIND'
11, 6874, 49.05321669976682, 49.05321669976682, 'APPROACH-STEALTH'
11, 6875, 49.05254061069171, 49.05254061069171, 'APPROACH-STEALTH'
11, 6876, 49.051864521616594, 49.051864521616594, 'APPROACH-STEALTH'
11, 6877, 49.05118843254148, 49.05118843254148, 'APPROACH-STEALTH'
11, 6878, 49.050512343466366, 49.050512343466366, 'APPROACH-STEALTH'
11, 6879, 49.04983625439125, 49.04983625439125, 'APPROACH-STEALTH'
11, 6880, 49.04916016531614, 49.04916016531614, 'APPROACH-STEALTH'
11, 6881, 49.048484076241024, 49.048484076241024, 'APPROACH-STEALTH'
11, 6882, 49.04780798716591, 49.04780798716591, 'APPROACH-STEALTH'
11, 6883, 49.0471318980908, 49.0471318980908, 'APPROACH-STEALTH'
11, 6884, 49.04645580901568, 49.04645580901568, 'APPROACH-STEALTH'
11, 6885, 49.04577971994057, 49.04577971994057, 'APPROACH-STEALTH'
11, 6886, 49.045103630865455, 49.045103630865455, 'APPROACH-STEALTH'
11, 6887, 49.04442754179034, 49.04442754179034, 'APPROACH-STEALTH'
11, 6888, 49.04375145271523, 49.04375145271523, 'APPROACH-STEALTH'
11, 6889, 49.04307536364011, 49.04307536364011, 'APPROACH-STEALTH'
11, 6890, 49.042399274565, 49.042399274565, 'APPROACH-STEALTH'
11, 6891, 49.041723185489886, 49.041723185489886, 'APPROACH-STEALTH'
11, 6892, 49.04104709641477, 49.04104709641477, 'APPROACH-STEALTH'
11, 6893, 49.04037100733965, 49.04037100733965, 'APPROACH-STEALTH'
11, 6894, 49.03969491826454, 49.03969491826454, 'APPROACH-STEALTH'
11, 6895, 49.039018829189416, 49.039018829189416, 'APPROACH-STEALTH'
11, 6896, 49.0383427401143, 49.0383427401143, 'APPROACH-STEALTH'
11, 6897, 49.03766665103918, 49.03766665103918, 'APPROACH-STEALTH'
11, 6898, 49.03699056196407, 49.03699056196407, 'APPROACH-STEALTH'
11, 6899, 49.07856355080831, 49.07856355080831, 'PURSUE'
11, 6900, 49.120136539652556, 49.120136539652556, 'PURSUE'
11, 6901, 49.1617095284968, 49.1617095284968, 'PURSUE'
11, 6902, 49.203282517341044, 49.203282517341044, 'PURSUE'
11, 6903, 49.24485550618529, 49.24485550618529, 'PURSUE'
11, 6904, 49.23933859614375, 49.23933859614375, 'APPROACH-STEALTH'
11, 6905, 49.23382168610222, 49.23382168610222, 'APPROACH-STEALTH'
11, 6906, 49.22830477606068, 49.22830477606068, 'APPROACH-STEALTH'
11, 6907, 49.22278786601915, 49.22278786601915, 'APPROACH-STEALTH'
11, 6908, 49.21727095597761, 49.21727095597761, 'APPROACH-STEALTH'
11, 6909, 49.211754045936075, 49.211754045936075, 'APPROACH-STEALTH'
11, 6910, 49.20979885077945, 49.20979885077945, 'APPROACH-STEALTH'
11, 6911, 49.207843655622824, 49.207843655622824, 'APPROACH-STEALTH'
11, 6912, 49.2058884604662, 49.2058884604662, 'APPROACH-STEALTH'
11, 6913, 49.20393326530957, 49.20393326530957, 'APPROACH-STEALTH'
11, 6914, 49.20197807015295, 49.20197807015295, 'APPROACH-STEALTH'
11, 6915, 49.20002287499632, 49.20002287499632, 'APPROACH-STEALTH'
11, 6916, 49.198067679839696, 49.198067679839696, 'APPROACH-STEALTH'
11, 6917, 49.19611248468307, 49.19611248468307, 'APPROACH-STEALTH'
11, 6918, 49.194157289526444, 49.194157289526444, 'APPROACH-STEALTH'
11, 6919, 49.19220209436982, 49.19220209436982, 'APPROACH-STEALTH'
11, 6920, 49.19024689921319, 49.19024689921319, 'APPROACH-STEALTH'
11, 6921, 49.18829170405657, 49.18829170405657, 'APPROACH-STEALTH'
11, 6922, 49.18633650889994, 49.18633650889994, 'APPROACH-STEALTH'
11, 6923, 49.184381313743316, 49.184381313743316, 'APPROACH-STEALTH'
11, 6924, 49.18242611858669, 49.18242611858669, 'APPROACH-STEALTH'
11, 6925, 49.180470923430065, 49.180470923430065, 'APPROACH-STEALTH'
11, 6926, 49.17851572827344, 49.17851572827344, 'APPROACH-STEALTH'
11, 6927, 49.17656053311681, 49.17656053311681, 'APPROACH-STEALTH'
11, 6928, 49.17460533796019, 49.17460533796019, 'APPROACH-STEALTH'
11, 6929, 49.17265014280356, 49.17265014280356, 'APPROACH-STEALTH'
11, 6930, 49.170694947646936, 49.170694947646936, 'APPROACH-STEALTH'
11, 6931, 49.16873975249031, 49.16873975249031, 'APPROACH-STEALTH'
11, 6932, 49.166784557333685, 49.166784557333685, 'APPROACH-STEALTH'
11, 6933, 49.16482936217706, 49.16482936217706, 'APPROACH-STEALTH'
11, 6934, 49.16287416702043, 49.16287416702043, 'APPROACH-STEALTH'
11, 6935, 49.20553079729293, 49.20553079729293, 'PURSUE'
11, 6936, 49.248187427565426, 49.248187427565426, 'PURSUE'
11, 6937, 49.29084405783792, 49.29084405783792, 'PURSUE'
11, 6938, 49.33350068811042, 49.33350068811042, 'PURSUE'
11, 6939, 49.376157318382916, 49.376157318382916, 'PURSUE'
11, 6940, 49.41881394865541, 49.41881394865541, 'PURSUE'
11, 6941, 49.46147057892791, 49.46147057892791, 'PURSUE'
11, 6942, 49.504127209200405, 49.504127209200405, 'PURSUE'
11, 6943, 49.5467838394729, 49.5467838394729, 'PURSUE'
11, 6944, 49.5894404697454, 49.5894404697454, 'PURSUE'
11, 6945, 49.632097100017894, 49.632097100017894, 'PURSUE'
11, 6946, 49.67475373029039, 49.67475373029039, 'PURSUE'
11, 6947, 49.71741036056289, 49.71741036056289, 'PURSUE'
11, 6948, 49.760066990835384, 49.760066990835384, 'PURSUE'
11, 6949, 49.80272362110788, 49.80272362110788, 'PURSUE'
11, 6950, 49.84538025138038, 49.84538025138038, 'PURSUE'
11, 6951, 49.88803688165287, 49.88803688165287, 'PURSUE'
11, 6952, 49.93069351192537, 49.93069351192537, 'PURSUE'
11, 6953, 49.973350142197866, 49.973350142197866, 'PURSUE'
11, 6954, 50.01600677247036, 50.01600677247036, 'PURSUE'
11, 6955, 50.05866340274286, 50.05866340274286, 'PURSUE'
11, 6956, 50.101320033015355, 50.101320033015355, 'PURSUE'
11, 6957, 50.14397666328785, 50.14397666328785, 'PURSUE'
11, 6958, 50.18663329356035, 50.18663329356035, 'PURSUE'
11, 6959, 50.229289923832845, 50.229289923832845, 'PURSUE'
11, 6960, 50.27194655410534, 50.27194655410534, 'PURSUE'
11, 6961, 50.31460318437784, 50.31460318437784, 'PURSUE'
11, 6962, 50.357259814650334, 50.357259814650334, 'PURSUE'
11, 6963, 50.39991644492283, 50.39991644492283, 'PURSUE'
11, 6964, 50.44257307519533, 50.44257307519533, 'PURSUE'
11, 6965, 50.48522970546782, 50.48522970546782, 'PURSUE'
11, 6966, 50.52788633574032, 50.52788633574032, 'PURSUE'
11, 6967, 50.53408405826352, 50.53408405826352, 'APPROACH-STEALTH'
11, 6968, 50.540281780786714, 50.540281780786714, 'APPROACH-STEALTH'
11, 6969, 50.54647950330991, 50.54647950330991, 'APPROACH-STEALTH'
11, 6970, 50.55267722583311, 50.55267722583311, 'APPROACH-STEALTH'
11, 6971, 50.558874948356305, 50.558874948356305, 'APPROACH-STEALTH'
11, 6972, 50.5650726708795, 50.5650726708795, 'APPROACH-STEALTH'
11, 6973, 50.5712703934027, 50.5712703934027, 'APPROACH-STEALTH'
11, 6974, 50.577468115925896, 50.577468115925896, 'APPROACH-STEALTH'
11, 6975, 50.58366583844909, 50.58366583844909, 'APPROACH-STEALTH'
11, 6976, 50.58986356097229, 50.58986356097229, 'APPROACH-STEALTH'
11, 6977, 50.59606128349549, 50.59606128349549, 'APPROACH-STEALTH'
11, 6978, 50.602259006018684, 50.602259006018684, 'APPROACH-STEALTH'
11, 6979, 50.60845672854188, 50.60845672854188, 'APPROACH-STEALTH'
11, 6980, 50.61465445106508, 50.61465445106508, 'APPROACH-STEALTH'
11, 6981, 50.620852173588275, 50.620852173588275, 'APPROACH-STEALTH'
11, 6982, 50.62704989611147, 50.62704989611147, 'APPROACH-STEALTH'
11, 6983, 50.63324761863467, 50.63324761863467, 'APPROACH-STEALTH'
11, 6984, 50.63944534115787, 50.63944534115787, 'APPROACH-STEALTH'
11, 6985, 50.645643063681064, 50.645643063681064, 'APPROACH-STEALTH'
11, 6986, 50.65184078620426, 50.65184078620426, 'APPROACH-STEALTH'
11, 6987, 50.664236231250655, 50.664236231250655, 'APPROACH-BLIND'
11, 6988, 50.67043395377385, 50.67043395377385, 'APPROACH-STEALTH'
11, 6989, 50.67663167629705, 50.67663167629705, 'APPROACH-STEALTH'
11, 6990, 50.682829398820246, 50.682829398820246, 'APPROACH-STEALTH'
11, 6991, 50.68902712134344, 50.68902712134344, 'APPROACH-STEALTH'
11, 6992, 50.69522484386664, 50.69522484386664, 'APPROACH-STEALTH'
11, 6993, 50.70142256638984, 50.70142256638984, 'APPROACH-STEALTH'
11, 6994, 50.707620288913034, 50.707620288913034, 'APPROACH-STEALTH'
11, 6995, 50.71381801143623, 50.71381801143623, 'APPROACH-STEALTH'
11, 6996, 50.72001573395943, 50.72001573395943, 'APPROACH-STEALTH'
11, 6997, 50.726213456482625, 50.726213456482625, 'APPROACH-STEALTH'
11, 6998, 50.73241117900582, 50.73241117900582, 'APPROACH-STEALTH'
11, 6999, 50.73860890152902, 50.73860890152902, 'APPROACH-STEALTH'
11, 7000, 50.74480662405222, 50.74480662405222, 'APPROACH-STEALTH'
11, 7001, 50.751004346575414, 50.751004346575414, 'APPROACH-STEALTH'
11, 7002, 50.75327969204004, 50.75327969204004, 'APPROACH-STEALTH'
11, 7003, 50.755555037504664, 50.755555037504664, 'APPROACH-STEALTH'
11, 7004, 50.79907653970287, 50.79907653970287, 'PURSUE'
11, 7005, 50.84259804190107, 50.84259804190107, 'PURSUE'
11, 7006, 50.88611954409927, 50.88611954409927, 'PURSUE'
11, 7007, 50.929641046297476, 50.929641046297476, 'PURSUE'
11, 7008, 50.97316254849568, 50.97316254849568, 'PURSUE'
11, 7009, 51.01668405069388, 51.01668405069388, 'PURSUE'
11, 7010, 51.060205552892086, 51.060205552892086, 'PURSUE'
11, 7011, 51.10372705509029, 51.10372705509029, 'PURSUE'
11, 7012, 51.14724855728849, 51.14724855728849, 'PURSUE'
11, 7013, 51.190770059486695, 51.190770059486695, 'PURSUE'
11, 7014, 51.2342915616849, 51.2342915616849, 'PURSUE'
11, 7015, 51.2778130638831, 51.2778130638831, 'PURSUE'
11, 7016, 51.321334566081305, 51.321334566081305, 'PURSUE'
11, 7017, 51.36485606827951, 51.36485606827951, 'PURSUE'
11, 7018, 51.40837757047771, 51.40837757047771, 'PURSUE'
11, 7019, 51.402769190653586, 51.402769190653586, 'APPROACH-STEALTH'
11, 7020, 51.39716081082946, 51.39716081082946, 'APPROACH-STEALTH'
11, 7021, 51.39155243100534, 51.39155243100534, 'APPROACH-STEALTH'
11, 7022, 51.38594405118121, 51.38594405118121, 'APPROACH-STEALTH'
11, 7023, 51.38033567135709, 51.38033567135709, 'APPROACH-STEALTH'
11, 7024, 51.37472729153296, 51.37472729153296, 'APPROACH-STEALTH'
11, 7025, 51.36911891170884, 51.36911891170884, 'APPROACH-STEALTH'
11, 7026, 51.363510531884714, 51.363510531884714, 'APPROACH-STEALTH'
11, 7027, 51.35790215206059, 51.35790215206059, 'APPROACH-STEALTH'
11, 7028, 51.352293772236465, 51.352293772236465, 'APPROACH-STEALTH'
11, 7029, 51.34668539241234, 51.34668539241234, 'APPROACH-STEALTH'
11, 7030, 51.341077012588215, 51.341077012588215, 'APPROACH-STEALTH'
11, 7031, 51.33546863276409, 51.33546863276409, 'APPROACH-STEALTH'
11, 7032, 51.329860252939966, 51.329860252939966, 'APPROACH-STEALTH'
11, 7033, 51.32425187311584, 51.32425187311584, 'APPROACH-STEALTH'
11, 7034, 51.31864349329172, 51.31864349329172, 'APPROACH-STEALTH'
11, 7035, 51.31303511346759, 51.31303511346759, 'APPROACH-STEALTH'
11, 7036, 51.30742673364347, 51.30742673364347, 'APPROACH-STEALTH'
11, 7037, 51.30181835381934, 51.30181835381934, 'APPROACH-STEALTH'
11, 7038, 51.29620997399522, 51.29620997399522, 'APPROACH-STEALTH'
11, 7039, 51.29060159417109, 51.29060159417109, 'APPROACH-STEALTH'
11, 7040, 51.28499321434697, 51.28499321434697, 'APPROACH-STEALTH'
11, 7041, 51.279384834522844, 51.279384834522844, 'APPROACH-STEALTH'
11, 7042, 51.27377645469872, 51.27377645469872, 'APPROACH-STEALTH'
11, 7043, 51.268168074874595, 51.268168074874595, 'APPROACH-STEALTH'
11, 7044, 51.26255969505047, 51.26255969505047, 'APPROACH-STEALTH'
11, 7045, 51.256951315226345, 51.256951315226345, 'APPROACH-STEALTH'
11, 7046, 51.25134293540222, 51.25134293540222, 'APPROACH-STEALTH'
11, 7047, 51.245734555578096, 51.245734555578096, 'APPROACH-STEALTH'
11, 7048, 51.24012617575398, 51.24012617575398, 'APPROACH-STEALTH'
11, 7049, 51.234517795929854, 51.234517795929854, 'APPROACH-STEALTH'
11, 7050, 51.228909416105736, 51.228909416105736, 'APPROACH-STEALTH'
11, 7051, 51.22330103628162, 51.22330103628162, 'APPROACH-STEALTH'
11, 7052, 51.217692656457494, 51.217692656457494, 'APPROACH-STEALTH'
11, 7053, 51.22944159088643, 51.22944159088643, 'APPROACH-STEALTH'
11, 7054, 51.24119052531537, 51.24119052531537, 'APPROACH-STEALTH'
11, 7055, 51.252939459744304, 51.252939459744304, 'APPROACH-STEALTH'
11, 7056, 51.26468839417324, 51.26468839417324, 'APPROACH-STEALTH'
11, 7057, 51.27643732860218, 51.27643732860218, 'APPROACH-STEALTH'
11, 7058, 51.288186263031115, 51.288186263031115, 'APPROACH-STEALTH'
11, 7059, 51.29993519746005, 51.29993519746005, 'APPROACH-STEALTH'
11, 7060, 51.31168413188899, 51.31168413188899, 'APPROACH-STEALTH'
11, 7061, 51.323433066317925, 51.323433066317925, 'APPROACH-STEALTH'
11, 7062, 51.33518200074686, 51.33518200074686, 'APPROACH-STEALTH'
11, 7063, 51.3469309351758, 51.3469309351758, 'APPROACH-STEALTH'
11, 7064, 51.358679869604735, 51.358679869604735, 'APPROACH-STEALTH'
11, 7065, 51.37042880403367, 51.37042880403367, 'APPROACH-STEALTH'
11, 7066, 51.38217773846261, 51.38217773846261, 'APPROACH-STEALTH'
11, 7067, 51.393926672891546, 51.393926672891546, 'APPROACH-STEALTH'
11, 7068, 51.40567560732048, 51.40567560732048, 'APPROACH-STEALTH'
11, 7069, 51.41742454174942, 51.41742454174942, 'APPROACH-STEALTH'
11, 7070, 51.429173476178356, 51.429173476178356, 'APPROACH-STEALTH'
11, 7071, 51.44092241060729, 51.44092241060729, 'APPROACH-STEALTH'
11, 7072, 51.45267134503623, 51.45267134503623, 'APPROACH-STEALTH'
11, 7073, 51.464420279465166, 51.464420279465166, 'APPROACH-STEALTH'
11, 7074, 51.4761692138941, 51.4761692138941, 'APPROACH-STEALTH'
11, 7075, 51.48791814832304, 51.48791814832304, 'APPROACH-STEALTH'
11, 7076, 51.511416017180906, 51.511416017180906, 'APPROACH-BLIND'
11, 7077, 51.52113586779369, 51.52113586779369, 'APPROACH-BLIND'
11, 7078, 51.53085571840647, 51.53085571840647, 'APPROACH-BLIND'
11, 7079, 51.53571564371286, 51.53571564371286, 'APPROACH-STEALTH'
11, 7080, 51.54057556901925, 51.54057556901925, 'APPROACH-STEALTH'
11, 7081, 51.545435494325645, 51.545435494325645, 'APPROACH-STEALTH'
11, 7082, 51.550295419632036, 51.550295419632036, 'APPROACH-STEALTH'
11, 7083, 51.55515534493843, 51.55515534493843, 'APPROACH-STEALTH'
11, 7084, 51.56001527024482, 51.56001527024482, 'APPROACH-STEALTH'
11, 7085, 51.56487519555121, 51.56487519555121, 'APPROACH-STEALTH'
11, 7086, 51.5697351208576, 51.5697351208576, 'APPROACH-STEALTH'
11, 7087, 51.57459504616399, 51.57459504616399, 'APPROACH-STEALTH'
11, 7088, 51.57945497147038, 51.57945497147038, 'APPROACH-STEALTH'
11, 7089, 51.584314896776775, 51.584314896776775, 'APPROACH-STEALTH'
11, 7090, 51.589174822083166, 51.589174822083166, 'APPROACH-STEALTH'
11, 7091, 51.59403474738956, 51.59403474738956, 'APPROACH-STEALTH'
11, 7092, 51.59889467269595, 51.59889467269595, 'APPROACH-STEALTH'
11, 7093, 51.60375459800234, 51.60375459800234, 'APPROACH-STEALTH'
11, 7094, 51.60861452330873, 51.60861452330873, 'APPROACH-STEALTH'
11, 7095, 51.61347444861512, 51.61347444861512, 'APPROACH-STEALTH'
11, 7096, 51.61833437392151, 51.61833437392151, 'APPROACH-STEALTH'
11, 7097, 51.623194299227904, 51.623194299227904, 'APPROACH-STEALTH'
11, 7098, 51.628054224534296, 51.628054224534296, 'APPROACH-STEALTH'
11, 7099, 51.63291414984069, 51.63291414984069, 'APPROACH-STEALTH'
11, 7100, 51.63777407514708, 51.63777407514708, 'APPROACH-STEALTH'
11, 7101, 51.64263400045347, 51.64263400045347, 'APPROACH-STEALTH'
11, 7102, 51.64749392575986, 51.64749392575986, 'APPROACH-STEALTH'
11, 7103, 51.65235385106625, 51.65235385106625, 'APPROACH-STEALTH'
11, 7104, 51.65721377637264, 51.65721377637264, 'APPROACH-STEALTH'
11, 7105, 51.662073701679034, 51.662073701679034, 'APPROACH-STEALTH'
11, 7106, 51.666933626985426, 51.666933626985426, 'APPROACH-STEALTH'
11, 7107, 51.67179355229182, 51.67179355229182, 'APPROACH-STEALTH'
11, 7108, 51.67665347759821, 51.67665347759821, 'APPROACH-STEALTH'
11, 7109, 51.6815134029046, 51.6815134029046, 'APPROACH-STEALTH'
11, 7110, 51.68637332821099, 51.68637332821099, 'APPROACH-STEALTH'
11, 7111, 51.69123325351738, 51.69123325351738, 'APPROACH-STEALTH'
11, 7112, 51.69609317882377, 51.69609317882377, 'APPROACH-STEALTH'
11, 7113, 51.700953104130164, 51.700953104130164, 'APPROACH-STEALTH'
11, 7114, 51.705813029436555, 51.705813029436555, 'APPROACH-STEALTH'
11, 7115, 51.71067295474295, 51.71067295474295, 'APPROACH-STEALTH'
11, 7116, 51.71553288004934, 51.71553288004934, 'APPROACH-STEALTH'
11, 7117, 51.72039280535573, 51.72039280535573, 'APPROACH-STEALTH'
11, 7118, 51.72525273066212, 51.72525273066212, 'APPROACH-STEALTH'
11, 7119, 51.73011265596851, 51.73011265596851, 'APPROACH-STEALTH'
11, 7120, 51.7349725812749, 51.7349725812749, 'APPROACH-STEALTH'
11, 7121, 51.739832506581294, 51.739832506581294, 'APPROACH-STEALTH'
11, 7122, 51.744692431887685, 51.744692431887685, 'APPROACH-STEALTH'
11, 7123, 51.74955235719408, 51.74955235719408, 'APPROACH-STEALTH'
11, 7124, 51.75441228250047, 51.75441228250047, 'APPROACH-STEALTH'
11, 7125, 51.75927220780686, 51.75927220780686, 'APPROACH-STEALTH'
11, 7126, 51.76413213311325, 51.76413213311325, 'APPROACH-STEALTH'
11, 7127, 51.76899205841964, 51.76899205841964, 'APPROACH-STEALTH'
11, 7128, 51.77385198372603, 51.77385198372603, 'APPROACH-STEALTH'
11, 7129, 51.783571834338815, 51.783571834338815, 'APPROACH-BLIND'
11, 7130, 51.7932916849516, 51.7932916849516, 'APPROACH-BLIND'
11, 7131, 51.80301153556438, 51.80301153556438, 'APPROACH-BLIND'
11, 7132, 51.81273138617716, 51.81273138617716, 'APPROACH-BLIND'
11, 7133, 51.822451236789945, 51.822451236789945, 'APPROACH-BLIND'
11, 7134, 51.848209624944715, 51.848209624944715, 'APPROACH-BLIND'
11, 7135, 51.873968013099486, 51.873968013099486, 'APPROACH-BLIND'
11, 7136, 51.899726401254256, 51.899726401254256, 'APPROACH-BLIND'
11, 7137, 51.94661306045305, 51.94661306045305, 'PURSUE'
11, 7138, 51.99349971965185, 51.99349971965185, 'PURSUE'
11, 7139, 52.04038637885065, 52.04038637885065, 'PURSUE'
11, 7140, 52.087273038049446, 52.087273038049446, 'PURSUE'
11, 7141, 52.13415969724824, 52.13415969724824, 'PURSUE'
11, 7142, 52.18104635644704, 52.18104635644704, 'PURSUE'
11, 7143, 52.194320522967395, 52.194320522967395, 'APPROACH-STEALTH'
11, 7144, 52.20759468948775, 52.20759468948775, 'APPROACH-STEALTH'
11, 7145, 52.2208688560081, 52.2208688560081, 'APPROACH-STEALTH'
11, 7146, 52.23414302252846, 52.23414302252846, 'APPROACH-STEALTH'
11, 7147, 52.24741718904881, 52.24741718904881, 'APPROACH-STEALTH'
11, 7148, 52.260691355569165, 52.260691355569165, 'APPROACH-STEALTH'
11, 7149, 52.27396552208952, 52.27396552208952, 'APPROACH-STEALTH'
11, 7150, 52.28723968860987, 52.28723968860987, 'APPROACH-STEALTH'
11, 7151, 52.30051385513023, 52.30051385513023, 'APPROACH-STEALTH'
11, 7152, 52.31378802165058, 52.31378802165058, 'APPROACH-STEALTH'
11, 7153, 52.327062188170935, 52.327062188170935, 'APPROACH-STEALTH'
11, 7154, 52.34033635469129, 52.34033635469129, 'APPROACH-STEALTH'
11, 7155, 52.35361052121164, 52.35361052121164, 'APPROACH-STEALTH'
11, 7156, 52.366884687732, 52.366884687732, 'APPROACH-STEALTH'
11, 7157, 52.38015885425235, 52.38015885425235, 'APPROACH-STEALTH'
11, 7158, 52.406707187293065, 52.406707187293065, 'APPROACH-BLIND'
11, 7159, 52.43325552033378, 52.43325552033378, 'APPROACH-BLIND'
11, 7160, 52.459803853374495, 52.459803853374495, 'APPROACH-BLIND'
11, 7161, 52.48635218641521, 52.48635218641521, 'APPROACH-BLIND'
11, 7162, 52.512900519455926, 52.512900519455926, 'APPROACH-BLIND'
11, 7163, 52.52373485460487, 52.52373485460487, 'APPROACH-BLIND'
11, 7164, 52.53456918975381, 52.53456918975381, 'APPROACH-BLIND'
11, 7165, 52.54540352490275, 52.54540352490275, 'APPROACH-BLIND'
11, 7166, 52.556237860051695, 52.556237860051695, 'APPROACH-BLIND'
11, 7167, 52.56707219520064, 52.56707219520064, 'APPROACH-BLIND'
11, 7168, 52.57790653034958, 52.57790653034958, 'APPROACH-BLIND'
11, 7169, 52.58332369792405, 52.58332369792405, 'APPROACH-STEALTH'
11, 7170, 52.58874086549852, 52.58874086549852, 'APPROACH-STEALTH'
11, 7171, 52.59415803307299, 52.59415803307299, 'APPROACH-STEALTH'
11, 7172, 52.599575200647465, 52.599575200647465, 'APPROACH-STEALTH'
11, 7173, 52.604992368221936, 52.604992368221936, 'APPROACH-STEALTH'
11, 7174, 52.61040953579641, 52.61040953579641, 'APPROACH-STEALTH'
11, 7175, 52.61582670337088, 52.61582670337088, 'APPROACH-STEALTH'
11, 7176, 52.62124387094535, 52.62124387094535, 'APPROACH-STEALTH'
11, 7177, 52.62666103851982, 52.62666103851982, 'APPROACH-STEALTH'
11, 7178, 52.63207820609429, 52.63207820609429, 'APPROACH-STEALTH'
11, 7179, 52.63749537366876, 52.63749537366876, 'APPROACH-STEALTH'
11, 7180, 52.642912541243234, 52.642912541243234, 'APPROACH-STEALTH'
11, 7181, 52.648329708817705, 52.648329708817705, 'APPROACH-STEALTH'
11, 7182, 52.65374687639218, 52.65374687639218, 'APPROACH-STEALTH'
11, 7183, 52.65916404396665, 52.65916404396665, 'APPROACH-STEALTH'
11, 7184, 52.66458121154112, 52.66458121154112, 'APPROACH-STEALTH'
11, 7185, 52.66999837911559, 52.66999837911559, 'APPROACH-STEALTH'
11, 7186, 52.67541554669006, 52.67541554669006, 'APPROACH-STEALTH'
11, 7187, 52.68083271426453, 52.68083271426453, 'APPROACH-STEALTH'
11, 7188, 52.686249881839004, 52.686249881839004, 'APPROACH-STEALTH'
11, 7189, 52.691667049413475, 52.691667049413475, 'APPROACH-STEALTH'
11, 7190, 52.697084216987946, 52.697084216987946, 'APPROACH-STEALTH'
11, 7191, 52.70250138456242, 52.70250138456242, 'APPROACH-STEALTH'
11, 7192, 52.70791855213689, 52.70791855213689, 'APPROACH-STEALTH'
11, 7193, 52.71333571971136, 52.71333571971136, 'APPROACH-STEALTH'
11, 7194, 52.71875288728583, 52.71875288728583, 'APPROACH-STEALTH'
11, 7195, 52.7241700548603, 52.7241700548603, 'APPROACH-STEALTH'
11, 7196, 52.72958722243477, 52.72958722243477, 'APPROACH-STEALTH'
11, 7197, 52.735004390009244, 52.735004390009244, 'APPROACH-STEALTH'
11, 7198, 52.740421557583716, 52.740421557583716, 'APPROACH-STEALTH'
11, 7199, 52.74583872515819, 52.74583872515819, 'APPROACH-STEALTH'
11, 7200, 52.75125589273266, 52.75125589273266, 'APPROACH-STEALTH'
11, 7201, 52.75667306030713, 52.75667306030713, 'APPROACH-STEALTH'
11, 7202, 52.7620902278816, 52.7620902278816, 'APPROACH-STEALTH'
11, 7203, 52.76750739545607, 52.76750739545607, 'APPROACH-STEALTH'
11, 7204, 52.77292456303054, 52.77292456303054, 'APPROACH-STEALTH'
11, 7205, 52.778341730605014, 52.778341730605014, 'APPROACH-STEALTH'
11, 7206, 52.783758898179485, 52.783758898179485, 'APPROACH-STEALTH'
11, 7207, 52.789176065753956, 52.789176065753956, 'APPROACH-STEALTH'
11, 7208, 52.80202202741086, 52.80202202741086, 'APPROACH-STEALTH'
11, 7209, 52.81486798906776, 52.81486798906776, 'APPROACH-STEALTH'
11, 7210, 52.82771395072466, 52.82771395072466, 'APPROACH-STEALTH'
11, 7211, 52.84055991238156, 52.84055991238156, 'APPROACH-STEALTH'
11, 7212, 52.85340587403846, 52.85340587403846, 'APPROACH-STEALTH'
11, 7213, 52.86625183569536, 52.86625183569536, 'APPROACH-STEALTH'
11, 7214, 52.87909779735226, 52.87909779735226, 'APPROACH-STEALTH'
11, 7215, 52.89194375900916, 52.89194375900916, 'APPROACH-STEALTH'
11, 7216, 52.90478972066606, 52.90478972066606, 'APPROACH-STEALTH'
11, 7217, 52.91763568232296, 52.91763568232296, 'APPROACH-STEALTH'
11, 7218, 52.93048164397986, 52.93048164397986, 'APPROACH-STEALTH'
11, 7219, 52.94332760563676, 52.94332760563676, 'APPROACH-STEALTH'
11, 7220, 52.95617356729366, 52.95617356729366, 'APPROACH-STEALTH'
11, 7221, 52.96901952895056, 52.96901952895056, 'APPROACH-STEALTH'
11, 7222, 52.98186549060746, 52.98186549060746, 'APPROACH-STEALTH'
11, 7223, 52.99471145226436, 52.99471145226436, 'APPROACH-STEALTH'
11, 7224, 53.00755741392126, 53.00755741392126, 'APPROACH-STEALTH'
11, 7225, 53.02040337557816, 53.02040337557816, 'APPROACH-STEALTH'
11, 7226, 53.03324933723506, 53.03324933723506, 'APPROACH-STEALTH'
11, 7227, 53.04609529889196, 53.04609529889196, 'APPROACH-STEALTH'
11, 7228, 53.05894126054886, 53.05894126054886, 'APPROACH-STEALTH'
11, 7229, 53.071787222205764, 53.071787222205764, 'APPROACH-STEALTH'
11, 7230, 53.084633183862664, 53.084633183862664, 'APPROACH-STEALTH'
11, 7231, 53.097479145519564, 53.097479145519564, 'APPROACH-STEALTH'
11, 7232, 53.110325107176465, 53.110325107176465, 'APPROACH-STEALTH'
11, 7233, 53.123171068833365, 53.123171068833365, 'APPROACH-STEALTH'
11, 7234, 53.136017030490265, 53.136017030490265, 'APPROACH-STEALTH'
11, 7235, 53.148862992147166, 53.148862992147166, 'APPROACH-STEALTH'
11, 7236, 53.161708953804066, 53.161708953804066, 'APPROACH-STEALTH'
11, 7237, 53.174554915460966, 53.174554915460966, 'APPROACH-STEALTH'
11, 7238, 53.18740087711787, 53.18740087711787, 'APPROACH-STEALTH'
11, 7239, 53.20024683877477, 53.20024683877477, 'APPROACH-STEALTH'
11, 7240, 53.21309280043167, 53.21309280043167, 'APPROACH-STEALTH'
11, 7241, 53.22593876208857, 53.22593876208857, 'APPROACH-STEALTH'
11, 7242, 53.23878472374547, 53.23878472374547, 'APPROACH-STEALTH'
11, 7243, 53.25163068540237, 53.25163068540237, 'APPROACH-STEALTH'
11, 7244, 53.26447664705927, 53.26447664705927, 'APPROACH-STEALTH'
11, 7245, 53.27732260871617, 53.27732260871617, 'APPROACH-STEALTH'
11, 7246, 53.29016857037307, 53.29016857037307, 'APPROACH-STEALTH'
11, 7247, 53.30301453202997, 53.30301453202997, 'APPROACH-STEALTH'
11, 7248, 53.31586049368687, 53.31586049368687, 'APPROACH-STEALTH'
11, 7249, 53.32870645534377, 53.32870645534377, 'APPROACH-STEALTH'
11, 7250, 53.34155241700067, 53.34155241700067, 'APPROACH-STEALTH'
11, 7251, 53.35439837865757, 53.35439837865757, 'APPROACH-STEALTH'
11, 7252, 53.36724434031447, 53.36724434031447, 'APPROACH-STEALTH'
11, 7253, 53.38009030197137, 53.38009030197137, 'APPROACH-STEALTH'
11, 7254, 53.39293626362827, 53.39293626362827, 'APPROACH-STEALTH'
11, 7255, 53.40578222528517, 53.40578222528517, 'APPROACH-STEALTH'
11, 7256, 53.418628186942065, 53.418628186942065, 'APPROACH-STEALTH'
11, 7257, 53.43147414859896, 53.43147414859896, 'APPROACH-STEALTH'
11, 7258, 53.44432011025585, 53.44432011025585, 'APPROACH-STEALTH'
11, 7259, 53.457166071912745, 53.457166071912745, 'APPROACH-STEALTH'
11, 7260, 53.47001203356964, 53.47001203356964, 'APPROACH-STEALTH'
11, 7261, 53.48285799522653, 53.48285799522653, 'APPROACH-STEALTH'
11, 7262, 53.495703956883425, 53.495703956883425, 'APPROACH-STEALTH'
11, 7263, 53.50854991854032, 53.50854991854032, 'APPROACH-STEALTH'
11, 7264, 53.513806120733385, 53.513806120733385, 'APPROACH-STEALTH'
11, 7265, 53.51906232292645, 53.51906232292645, 'APPROACH-STEALTH'
11, 7266, 53.52431852511952, 53.52431852511952, 'APPROACH-STEALTH'
11, 7267, 53.529574727312585, 53.529574727312585, 'APPROACH-STEALTH'
11, 7268, 53.53483092950565, 53.53483092950565, 'APPROACH-STEALTH'
11, 7269, 53.54008713169872, 53.54008713169872, 'APPROACH-STEALTH'
11, 7270, 53.545343333891786, 53.545343333891786, 'APPROACH-STEALTH'
11, 7271, 53.55059953608485, 53.55059953608485, 'APPROACH-STEALTH'
11, 7272, 53.55585573827792, 53.55585573827792, 'APPROACH-STEALTH'
11, 7273, 53.56111194047099, 53.56111194047099, 'APPROACH-STEALTH'
11, 7274, 53.566368142664054, 53.566368142664054, 'APPROACH-STEALTH'
11, 7275, 53.57162434485712, 53.57162434485712, 'APPROACH-STEALTH'
11, 7276, 53.57688054705019, 53.57688054705019, 'APPROACH-STEALTH'
11, 7277, 53.582136749243254, 53.582136749243254, 'APPROACH-STEALTH'
11, 7278, 53.58739295143632, 53.58739295143632, 'APPROACH-STEALTH'
11, 7279, 53.59264915362939, 53.59264915362939, 'APPROACH-STEALTH'
11, 7280, 53.597905355822455, 53.597905355822455, 'APPROACH-STEALTH'
11, 7281, 53.60316155801552, 53.60316155801552, 'APPROACH-STEALTH'
11, 7282, 53.60841776020859, 53.60841776020859, 'APPROACH-STEALTH'
11, 7283, 53.613673962401656, 53.613673962401656, 'APPROACH-STEALTH'
11, 7284, 53.61893016459472, 53.61893016459472, 'APPROACH-STEALTH'
11, 7285, 53.62418636678779, 53.62418636678779, 'APPROACH-STEALTH'
11, 7286, 53.629442568980856, 53.629442568980856, 'APPROACH-STEALTH'
11, 7287, 53.63469877117392, 53.63469877117392, 'APPROACH-STEALTH'
11, 7288, 53.63995497336699, 53.63995497336699, 'APPROACH-STEALTH'
11, 7289, 53.64521117556006, 53.64521117556006, 'APPROACH-STEALTH'
11, 7290, 53.650467377753124, 53.650467377753124, 'APPROACH-STEALTH'
11, 7291, 53.65572357994619, 53.65572357994619, 'APPROACH-STEALTH'
11, 7292, 53.66097978213926, 53.66097978213926, 'APPROACH-STEALTH'
11, 7293, 53.666235984332324, 53.666235984332324, 'APPROACH-STEALTH'
11, 7294, 53.67149218652539, 53.67149218652539, 'APPROACH-STEALTH'
11, 7295, 53.67674838871846, 53.67674838871846, 'APPROACH-STEALTH'
11, 7296, 53.682004590911525, 53.682004590911525, 'APPROACH-STEALTH'
11, 7297, 53.68726079310459, 53.68726079310459, 'APPROACH-STEALTH'
11, 7298, 53.692516995297666, 53.692516995297666, 'APPROACH-STEALTH'
11, 7299, 53.69777319749073, 53.69777319749073, 'APPROACH-STEALTH'
11, 7300, 53.7030293996838, 53.7030293996838, 'APPROACH-STEALTH'
11, 7301, 53.708285601876874, 53.708285601876874, 'APPROACH-STEALTH'
11, 7302, 53.71354180406994, 53.71354180406994, 'APPROACH-STEALTH'
11, 7303, 53.718798006263015, 53.718798006263015, 'APPROACH-STEALTH'
11, 7304, 53.72405420845608, 53.72405420845608, 'APPROACH-STEALTH'
11, 7305, 53.729310410649155, 53.729310410649155, 'APPROACH-STEALTH'
11, 7306, 53.73456661284222, 53.73456661284222, 'APPROACH-STEALTH'
11, 7307, 53.739822815035296, 53.739822815035296, 'APPROACH-STEALTH'
11, 7308, 53.74507901722836, 53.74507901722836, 'APPROACH-STEALTH'
11, 7309, 53.75033521942144, 53.75033521942144, 'APPROACH-STEALTH'
11, 7310, 53.755591421614504, 53.755591421614504, 'APPROACH-STEALTH'
11, 7311, 53.76084762380758, 53.76084762380758, 'APPROACH-STEALTH'
11, 7312, 53.766103826000645, 53.766103826000645, 'APPROACH-STEALTH'
11, 7313, 53.77136002819372, 53.77136002819372, 'APPROACH-STEALTH'
11, 7314, 53.776616230386786, 53.776616230386786, 'APPROACH-STEALTH'
11, 7315, 53.78187243257986, 53.78187243257986, 'APPROACH-STEALTH'
11, 7316, 53.78712863477293, 53.78712863477293, 'APPROACH-STEALTH'
11, 7317, 53.792384836966, 53.792384836966, 'APPROACH-STEALTH'
11, 7318, 53.79764103915907, 53.79764103915907, 'APPROACH-STEALTH'
11, 7319, 53.81048435275123, 53.81048435275123, 'APPROACH-STEALTH'
11, 7320, 53.823327666343395, 53.823327666343395, 'APPROACH-STEALTH'
11, 7321, 53.83617097993556, 53.83617097993556, 'APPROACH-STEALTH'
11, 7322, 53.84901429352772, 53.84901429352772, 'APPROACH-STEALTH'
11, 7323, 53.86185760711989, 53.86185760711989, 'APPROACH-STEALTH'
11, 7324, 53.87470092071205, 53.87470092071205, 'APPROACH-STEALTH'
11, 7325, 53.887544234304215, 53.887544234304215, 'APPROACH-STEALTH'
11, 7326, 53.90038754789638, 53.90038754789638, 'APPROACH-STEALTH'
11, 7327, 53.91323086148854, 53.91323086148854, 'APPROACH-STEALTH'
11, 7328, 53.92607417508071, 53.92607417508071, 'APPROACH-STEALTH'
11, 7329, 53.93891748867287, 53.93891748867287, 'APPROACH-STEALTH'
11, 7330, 53.951760802265035, 53.951760802265035, 'APPROACH-STEALTH'
11, 7331, 53.9646041158572, 53.9646041158572, 'APPROACH-STEALTH'
11, 7332, 53.97744742944936, 53.97744742944936, 'APPROACH-STEALTH'
11, 7333, 53.99029074304153, 53.99029074304153, 'APPROACH-STEALTH'
11, 7334, 54.00313405663369, 54.00313405663369, 'APPROACH-STEALTH'
11, 7335, 54.015977370225855, 54.015977370225855, 'APPROACH-STEALTH'
11, 7336, 54.02882068381802, 54.02882068381802, 'APPROACH-STEALTH'
11, 7337, 54.04166399741018, 54.04166399741018, 'APPROACH-STEALTH'
11, 7338, 54.05450731100235, 54.05450731100235, 'APPROACH-STEALTH'
11, 7339, 54.06735062459451, 54.06735062459451, 'APPROACH-STEALTH'
11, 7340, 54.080193938186675, 54.080193938186675, 'APPROACH-STEALTH'
11, 7341, 54.09303725177884, 54.09303725177884, 'APPROACH-STEALTH'
11, 7342, 54.105880565371, 54.105880565371, 'APPROACH-STEALTH'
11, 7343, 54.118723878963166, 54.118723878963166, 'APPROACH-STEALTH'
11, 7344, 54.13156719255533, 54.13156719255533, 'APPROACH-STEALTH'
11, 7345, 54.144410506147494, 54.144410506147494, 'APPROACH-STEALTH'
11, 7346, 54.15725381973966, 54.15725381973966, 'APPROACH-STEALTH'
11, 7347, 54.17009713333182, 54.17009713333182, 'APPROACH-STEALTH'
11, 7348, 54.182940446923986, 54.182940446923986, 'APPROACH-STEALTH'
11, 7349, 54.19578376051615, 54.19578376051615, 'APPROACH-STEALTH'
11, 7350, 54.208627074108314, 54.208627074108314, 'APPROACH-STEALTH'
11, 7351, 54.22147038770048, 54.22147038770048, 'APPROACH-STEALTH'
11, 7352, 54.23431370129264, 54.23431370129264, 'APPROACH-STEALTH'
11, 7353, 54.247157014884806, 54.247157014884806, 'APPROACH-STEALTH'
11, 7354, 54.26000032847697, 54.26000032847697, 'APPROACH-STEALTH'
11, 7355, 54.272843642069134, 54.272843642069134, 'APPROACH-STEALTH'
11, 7356, 54.2856869556613, 54.2856869556613, 'APPROACH-STEALTH'
11, 7357, 54.29853026925346, 54.29853026925346, 'APPROACH-STEALTH'
11, 7358, 54.311373582845626, 54.311373582845626, 'APPROACH-STEALTH'
11, 7359, 54.32421689643779, 54.32421689643779, 'APPROACH-STEALTH'
11, 7360, 54.337060210029954, 54.337060210029954, 'APPROACH-STEALTH'
11, 7361, 54.34990352362212, 54.34990352362212, 'APPROACH-STEALTH'
11, 7362, 54.36274683721428, 54.36274683721428, 'APPROACH-STEALTH'
11, 7363, 54.375590150806445, 54.375590150806445, 'APPROACH-STEALTH'
11, 7364, 54.38843346439861, 54.38843346439861, 'APPROACH-STEALTH'
11, 7365, 54.40127677799077, 54.40127677799077, 'APPROACH-STEALTH'
11, 7366, 54.41412009158294, 54.41412009158294, 'APPROACH-STEALTH'
11, 7367, 54.4269634051751, 54.4269634051751, 'APPROACH-STEALTH'
11, 7368, 54.439806718767265, 54.439806718767265, 'APPROACH-STEALTH'
11, 7369, 54.45265003235943, 54.45265003235943, 'APPROACH-STEALTH'
11, 7370, 54.46549334595159, 54.46549334595159, 'APPROACH-STEALTH'
11, 7371, 54.47833665954376, 54.47833665954376, 'APPROACH-STEALTH'
11, 7372, 54.49117997313592, 54.49117997313592, 'APPROACH-STEALTH'
11, 7373, 54.504023286728085, 54.504023286728085, 'APPROACH-STEALTH'
11, 7374, 54.51778461084567, 54.51778461084567, 'APPROACH-STEALTH'
11, 7375, 54.53154593496326, 54.53154593496326, 'APPROACH-STEALTH'
11, 7376, 54.54530725908085, 54.54530725908085, 'APPROACH-STEALTH'
11, 7377, 54.55906858319844, 54.55906858319844, 'APPROACH-STEALTH'
11, 7378, 54.57282990731603, 54.57282990731603, 'APPROACH-STEALTH'
11, 7379, 54.586591231433616, 54.586591231433616, 'APPROACH-STEALTH'
11, 7380, 54.600352555551204, 54.600352555551204, 'APPROACH-STEALTH'
11, 7381, 54.61411387966879, 54.61411387966879, 'APPROACH-STEALTH'
11, 7382, 54.62787520378638, 54.62787520378638, 'APPROACH-STEALTH'
11, 7383, 54.64163652790397, 54.64163652790397, 'APPROACH-STEALTH'
11, 7384, 54.65539785202156, 54.65539785202156, 'APPROACH-STEALTH'
11, 7385, 54.669159176139146, 54.669159176139146, 'APPROACH-STEALTH'
11, 7386, 54.682920500256735, 54.682920500256735, 'APPROACH-STEALTH'
11, 7387, 54.69668182437432, 54.69668182437432, 'APPROACH-STEALTH'
11, 7388, 54.71044314849191, 54.71044314849191, 'APPROACH-STEALTH'
11, 7389, 54.7242044726095, 54.7242044726095, 'APPROACH-STEALTH'
11, 7390, 54.73796579672709, 54.73796579672709, 'APPROACH-STEALTH'
11, 7391, 54.75172712084468, 54.75172712084468, 'APPROACH-STEALTH'
11, 7392, 54.765488444962266, 54.765488444962266, 'APPROACH-STEALTH'
11, 7393, 54.779249769079854, 54.779249769079854, 'APPROACH-STEALTH'
11, 7394, 54.79301109319744, 54.79301109319744, 'APPROACH-STEALTH'
11, 7395, 54.80677241731503, 54.80677241731503, 'APPROACH-STEALTH'
11, 7396, 54.82053374143262, 54.82053374143262, 'APPROACH-STEALTH'
11, 7397, 54.83429506555021, 54.83429506555021, 'APPROACH-STEALTH'
11, 7398, 54.848056389667796, 54.848056389667796, 'APPROACH-STEALTH'
11, 7399, 54.861817713785385, 54.861817713785385, 'APPROACH-STEALTH'
11, 7400, 54.87557903790297, 54.87557903790297, 'APPROACH-STEALTH'
11, 7401, 54.88934036202056, 54.88934036202056, 'APPROACH-STEALTH'
11, 7402, 54.90310168613815, 54.90310168613815, 'APPROACH-STEALTH'
11, 7403, 54.91686301025574, 54.91686301025574, 'APPROACH-STEALTH'
11, 7404, 54.93062433437333, 54.93062433437333, 'APPROACH-STEALTH'
11, 7405, 54.944385658490916, 54.944385658490916, 'APPROACH-STEALTH'
11, 7406, 54.958146982608504, 54.958146982608504, 'APPROACH-STEALTH'
11, 7407, 54.97190830672609, 54.97190830672609, 'APPROACH-STEALTH'
11, 7408, 54.98566963084368, 54.98566963084368, 'APPROACH-STEALTH'
11, 7409, 54.99943095496127, 54.99943095496127, 'APPROACH-STEALTH'
11, 7410, 55.01319227907886, 55.01319227907886, 'APPROACH-STEALTH'
11, 7411, 55.026953603196446, 55.026953603196446, 'APPROACH-STEALTH'
11, 7412, 55.040714927314035, 55.040714927314035, 'APPROACH-STEALTH'
11, 7413, 55.05447625143162, 55.05447625143162, 'APPROACH-STEALTH'
11, 7414, 55.06823757554921, 55.06823757554921, 'APPROACH-STEALTH'
11, 7415, 55.0819988996668, 55.0819988996668, 'APPROACH-STEALTH'
11, 7416, 55.09576022378439, 55.09576022378439, 'APPROACH-STEALTH'
11, 7417, 55.10952154790198, 55.10952154790198, 'APPROACH-STEALTH'
11, 7418, 55.123282872019566, 55.123282872019566, 'APPROACH-STEALTH'
11, 7419, 55.137044196137154, 55.137044196137154, 'APPROACH-STEALTH'
11, 7420, 55.15080552025474, 55.15080552025474, 'APPROACH-STEALTH'
11, 7421, 55.16456684437233, 55.16456684437233, 'APPROACH-STEALTH'
11, 7422, 55.17832816848992, 55.17832816848992, 'APPROACH-STEALTH'
11, 7423, 55.19208949260751, 55.19208949260751, 'APPROACH-STEALTH'
11, 7424, 55.205850816725096, 55.205850816725096, 'APPROACH-STEALTH'
11, 7425, 55.219612140842685, 55.219612140842685, 'APPROACH-STEALTH'
11, 7426, 55.23337346496027, 55.23337346496027, 'APPROACH-STEALTH'
11, 7427, 55.24713478907786, 55.24713478907786, 'APPROACH-STEALTH'
11, 7428, 55.26089611319545, 55.26089611319545, 'APPROACH-STEALTH'
11, 7429, 55.27465743731304, 55.27465743731304, 'APPROACH-STEALTH'
11, 7430, 55.28841876143063, 55.28841876143063, 'APPROACH-STEALTH'
11, 7431, 55.302180085548216, 55.302180085548216, 'APPROACH-STEALTH'
11, 7432, 55.315941409665804, 55.315941409665804, 'APPROACH-STEALTH'
11, 7433, 55.32970273378339, 55.32970273378339, 'APPROACH-STEALTH'
11, 7434, 55.34346405790098, 55.34346405790098, 'APPROACH-STEALTH'
11, 7435, 55.35722538201857, 55.35722538201857, 'APPROACH-STEALTH'
11, 7436, 55.37098670613616, 55.37098670613616, 'APPROACH-STEALTH'
11, 7437, 55.384748030253746, 55.384748030253746, 'APPROACH-STEALTH'
11, 7438, 55.398509354371335, 55.398509354371335, 'APPROACH-STEALTH'
11, 7439, 55.41227067848892, 55.41227067848892, 'APPROACH-STEALTH'
11, 7440, 55.42603200260651, 55.42603200260651, 'APPROACH-STEALTH'
11, 7441, 55.4397933267241, 55.4397933267241, 'APPROACH-STEALTH'
11, 7442, 55.45355465084169, 55.45355465084169, 'APPROACH-STEALTH'
11, 7443, 55.46731597495928, 55.46731597495928, 'APPROACH-STEALTH'
11, 7444, 55.481077299076865, 55.481077299076865, 'APPROACH-STEALTH'
11, 7445, 55.494838623194454, 55.494838623194454, 'APPROACH-STEALTH'
11, 7446, 55.50859994731204, 55.50859994731204, 'APPROACH-STEALTH'
11, 7447, 55.52247481547911, 55.52247481547911, 'APPROACH-STEALTH'
11, 7448, 55.53634968364617, 55.53634968364617, 'APPROACH-STEALTH'
11, 7449, 55.55022455181324, 55.55022455181324, 'APPROACH-STEALTH'
11, 7450, 55.5640994199803, 55.5640994199803, 'APPROACH-STEALTH'
11, 7451, 55.57797428814737, 55.57797428814737, 'APPROACH-STEALTH'
11, 7452, 55.59184915631443, 55.59184915631443, 'APPROACH-STEALTH'
11, 7453, 55.605724024481496, 55.605724024481496, 'APPROACH-STEALTH'
11, 7454, 55.61959889264856, 55.61959889264856, 'APPROACH-STEALTH'
11, 7455, 55.633473760815626, 55.633473760815626, 'APPROACH-STEALTH'
11, 7456, 55.64734862898269, 55.64734862898269, 'APPROACH-STEALTH'
11, 7457, 55.661223497149756, 55.661223497149756, 'APPROACH-STEALTH'
11, 7458, 55.67509836531682, 55.67509836531682, 'APPROACH-STEALTH'
11, 7459, 55.688973233483885, 55.688973233483885, 'APPROACH-STEALTH'
11, 7460, 55.70284810165095, 55.70284810165095, 'APPROACH-STEALTH'
11, 7461, 55.716722969818015, 55.716722969818015, 'APPROACH-STEALTH'
11, 7462, 55.73059783798508, 55.73059783798508, 'APPROACH-STEALTH'
11, 7463, 55.744472706152145, 55.744472706152145, 'APPROACH-STEALTH'
11, 7464, 55.75834757431921, 55.75834757431921, 'APPROACH-STEALTH'
11, 7465, 55.772222442486274, 55.772222442486274, 'APPROACH-STEALTH'
11, 7466, 55.78609731065334, 55.78609731065334, 'APPROACH-STEALTH'
11, 7467, 55.799972178820404, 55.799972178820404, 'APPROACH-STEALTH'
11, 7468, 55.81384704698747, 55.81384704698747, 'APPROACH-STEALTH'
11, 7469, 55.827721915154534, 55.827721915154534, 'APPROACH-STEALTH'
11, 7470, 55.8415967833216, 55.8415967833216, 'APPROACH-STEALTH'
11, 7471, 55.855471651488664, 55.855471651488664, 'APPROACH-STEALTH'
11, 7472, 55.86934651965573, 55.86934651965573, 'APPROACH-STEALTH'
11, 7473, 55.88322138782279, 55.88322138782279, 'APPROACH-STEALTH'
11, 7474, 55.89709625598986, 55.89709625598986, 'APPROACH-STEALTH'
11, 7475, 55.91097112415692, 55.91097112415692, 'APPROACH-STEALTH'
11, 7476, 55.92484599232399, 55.92484599232399, 'APPROACH-STEALTH'
11, 7477, 55.93872086049105, 55.93872086049105, 'APPROACH-STEALTH'
11, 7478, 55.95259572865812, 55.95259572865812, 'APPROACH-STEALTH'
11, 7479, 55.96647059682518, 55.96647059682518, 'APPROACH-STEALTH'
11, 7480, 55.98034546499225, 55.98034546499225, 'APPROACH-STEALTH'
11, 7481, 55.99422033315931, 55.99422033315931, 'APPROACH-STEALTH'
11, 7482, 56.00809520132638, 56.00809520132638, 'APPROACH-STEALTH'
11, 7483, 56.02197006949344, 56.02197006949344, 'APPROACH-STEALTH'
11, 7484, 56.03584493766051, 56.03584493766051, 'APPROACH-STEALTH'
11, 7485, 56.04971980582757, 56.04971980582757, 'APPROACH-STEALTH'
11, 7486, 56.063594673994636, 56.063594673994636, 'APPROACH-STEALTH'
11, 7487, 56.0774695421617, 56.0774695421617, 'APPROACH-STEALTH'
11, 7488, 56.091344410328766, 56.091344410328766, 'APPROACH-STEALTH'
11, 7489, 56.10521927849583, 56.10521927849583, 'APPROACH-STEALTH'
11, 7490, 56.119094146662896, 56.119094146662896, 'APPROACH-STEALTH'
11, 7491, 56.13296901482996, 56.13296901482996, 'APPROACH-STEALTH'
11, 7492, 56.146843882997025, 56.146843882997025, 'APPROACH-STEALTH'
11, 7493, 56.16071875116409, 56.16071875116409, 'APPROACH-STEALTH'
11, 7494, 56.174593619331155, 56.174593619331155, 'APPROACH-STEALTH'
11, 7495, 56.18846848749822, 56.18846848749822, 'APPROACH-STEALTH'
11, 7496, 56.202343355665285, 56.202343355665285, 'APPROACH-STEALTH'
11, 7497, 56.21621822383235, 56.21621822383235, 'APPROACH-STEALTH'
11, 7498, 56.230093091999414, 56.230093091999414, 'APPROACH-STEALTH'
11, 7499, 56.24396796016648, 56.24396796016648, 'APPROACH-STEALTH'
11, 7500, 56.257842828333544, 56.257842828333544, 'APPROACH-STEALTH'
11, 7501, 56.27171769650061, 56.27171769650061, 'APPROACH-STEALTH'
11, 7502, 56.285592564667674, 56.285592564667674, 'APPROACH-STEALTH'
11, 7503, 56.29946743283474, 56.29946743283474, 'APPROACH-STEALTH'
11, 7504, 56.3133423010018, 56.3133423010018, 'APPROACH-STEALTH'
11, 7505, 56.32721716916887, 56.32721716916887, 'APPROACH-STEALTH'
11, 7506, 56.34109203733593, 56.34109203733593, 'APPROACH-STEALTH'
11, 7507, 56.354966905503, 56.354966905503, 'APPROACH-STEALTH'
11, 7508, 56.36884177367006, 56.36884177367006, 'APPROACH-STEALTH'
11, 7509, 56.38271664183713, 56.38271664183713, 'APPROACH-STEALTH'
11, 7510, 56.39659151000419, 56.39659151000419, 'APPROACH-STEALTH'
11, 7511, 56.41046637817126, 56.41046637817126, 'APPROACH-STEALTH'
11, 7512, 56.42434124633832, 56.42434124633832, 'APPROACH-STEALTH'
11, 7513, 56.43821611450539, 56.43821611450539, 'APPROACH-STEALTH'
11, 7514, 56.45209098267245, 56.45209098267245, 'APPROACH-STEALTH'
11, 7515, 56.46596585083952, 56.46596585083952, 'APPROACH-STEALTH'
11, 7516, 56.47984071900658, 56.47984071900658, 'APPROACH-STEALTH'
11, 7517, 56.49371558717365, 56.49371558717365, 'APPROACH-STEALTH'
11, 7518, 56.50759045534071, 56.50759045534071, 'APPROACH-STEALTH'
11, 7519, 56.52147781584173, 56.52147781584173, 'APPROACH-STEALTH'
11, 7520, 56.535365176342744, 56.535365176342744, 'APPROACH-STEALTH'
11, 7521, 56.54925253684376, 56.54925253684376, 'APPROACH-STEALTH'
11, 7522, 56.563139897344776, 56.563139897344776, 'APPROACH-STEALTH'
11, 7523, 56.57702725784579, 56.57702725784579, 'APPROACH-STEALTH'
11, 7524, 56.59091461834681, 56.59091461834681, 'APPROACH-STEALTH'
11, 7525, 56.604801978847824, 56.604801978847824, 'APPROACH-STEALTH'
11, 7526, 56.61868933934884, 56.61868933934884, 'APPROACH-STEALTH'
11, 7527, 56.63257669984986, 56.63257669984986, 'APPROACH-STEALTH'
11, 7528, 56.64646406035087, 56.64646406035087, 'APPROACH-STEALTH'
11, 7529, 56.66035142085189, 56.66035142085189, 'APPROACH-STEALTH'
11, 7530, 56.674238781352905, 56.674238781352905, 'APPROACH-STEALTH'
11, 7531, 56.68812614185392, 56.68812614185392, 'APPROACH-STEALTH'
11, 7532, 56.70201350235494, 56.70201350235494, 'APPROACH-STEALTH'
11, 7533, 56.71590086285595, 56.71590086285595, 'APPROACH-STEALTH'
11, 7534, 56.72978822335697, 56.72978822335697, 'APPROACH-STEALTH'
11, 7535, 56.743675583857986, 56.743675583857986, 'APPROACH-STEALTH'
11, 7536, 56.757562944359, 56.757562944359, 'APPROACH-STEALTH'
11, 7537, 56.77145030486002, 56.77145030486002, 'APPROACH-STEALTH'
11, 7538, 56.785337665361034, 56.785337665361034, 'APPROACH-STEALTH'
11, 7539, 56.79922502586205, 56.79922502586205, 'APPROACH-STEALTH'
11, 7540, 56.813112386363066, 56.813112386363066, 'APPROACH-STEALTH'
11, 7541, 56.82699974686408, 56.82699974686408, 'APPROACH-STEALTH'
11, 7542, 56.8408871073651, 56.8408871073651, 'APPROACH-STEALTH'
11, 7543, 56.854774467866115, 56.854774467866115, 'APPROACH-STEALTH'
11, 7544, 56.86866182836713, 56.86866182836713, 'APPROACH-STEALTH'
11, 7545, 56.88254918886815, 56.88254918886815, 'APPROACH-STEALTH'
11, 7546, 56.89643654936916, 56.89643654936916, 'APPROACH-STEALTH'
11, 7547, 56.91032390987018, 56.91032390987018, 'APPROACH-STEALTH'
11, 7548, 56.924211270371195, 56.924211270371195, 'APPROACH-STEALTH'
11, 7549, 56.93809863087221, 56.93809863087221, 'APPROACH-STEALTH'
11, 7550, 56.95198599137323, 56.95198599137323, 'APPROACH-STEALTH'
11, 7551, 56.965873351874244, 56.965873351874244, 'APPROACH-STEALTH'
11, 7552, 56.97976071237526, 56.97976071237526, 'APPROACH-STEALTH'
11, 7553, 56.993648072876276, 56.993648072876276, 'APPROACH-STEALTH'
11, 7554, 57.00753543337729, 57.00753543337729, 'APPROACH-STEALTH'
11, 7555, 57.02142279387831, 57.02142279387831, 'APPROACH-STEALTH'
11, 7556, 57.035310154379324, 57.035310154379324, 'APPROACH-STEALTH'
11, 7557, 57.04919751488034, 57.04919751488034, 'APPROACH-STEALTH'
11, 7558, 57.06308487538136, 57.06308487538136, 'APPROACH-STEALTH'
11, 7559, 57.07697223588237, 57.07697223588237, 'APPROACH-STEALTH'
11, 7560, 57.09085959638339, 57.09085959638339, 'APPROACH-STEALTH'
11, 7561, 57.104746956884405, 57.104746956884405, 'APPROACH-STEALTH'
11, 7562, 57.11863431738542, 57.11863431738542, 'APPROACH-STEALTH'
11, 7563, 57.13252167788644, 57.13252167788644, 'APPROACH-STEALTH'
11, 7564, 57.14640903838745, 57.14640903838745, 'APPROACH-STEALTH'
11, 7565, 57.16029639888847, 57.16029639888847, 'APPROACH-STEALTH'
11, 7566, 57.174183759389486, 57.174183759389486, 'APPROACH-STEALTH'
11, 7567, 57.1880711198905, 57.1880711198905, 'APPROACH-STEALTH'
11, 7568, 57.20195848039152, 57.20195848039152, 'APPROACH-STEALTH'
11, 7569, 57.215845840892534, 57.215845840892534, 'APPROACH-STEALTH'
11, 7570, 57.22973320139355, 57.22973320139355, 'APPROACH-STEALTH'
11, 7571, 57.243620561894566, 57.243620561894566, 'APPROACH-STEALTH'
11, 7572, 57.25750792239558, 57.25750792239558, 'APPROACH-STEALTH'
11, 7573, 57.2713952828966, 57.2713952828966, 'APPROACH-STEALTH'
11, 7574, 57.285282643397615, 57.285282643397615, 'APPROACH-STEALTH'
11, 7575, 57.29917000389863, 57.29917000389863, 'APPROACH-STEALTH'
11, 7576, 57.31305736439965, 57.31305736439965, 'APPROACH-STEALTH'
11, 7577, 57.32694472490066, 57.32694472490066, 'APPROACH-STEALTH'
11, 7578, 57.34083208540168, 57.34083208540168, 'APPROACH-STEALTH'
11, 7579, 57.354719445902695, 57.354719445902695, 'APPROACH-STEALTH'
11, 7580, 57.36860680640371, 57.36860680640371, 'APPROACH-STEALTH'
11, 7581, 57.38249416690473, 57.38249416690473, 'APPROACH-STEALTH'
11, 7582, 57.396381527405744, 57.396381527405744, 'APPROACH-STEALTH'
11, 7583, 57.41026888790676, 57.41026888790676, 'APPROACH-STEALTH'
11, 7584, 57.424156248407776, 57.424156248407776, 'APPROACH-STEALTH'
11, 7585, 57.43804360890879, 57.43804360890879, 'APPROACH-STEALTH'
11, 7586, 57.45193096940981, 57.45193096940981, 'APPROACH-STEALTH'
11, 7587, 57.465818329910825, 57.465818329910825, 'APPROACH-STEALTH'
11, 7588, 57.47970569041184, 57.47970569041184, 'APPROACH-STEALTH'
11, 7589, 57.49359305091286, 57.49359305091286, 'APPROACH-STEALTH'
11, 7590, 57.50748041141387, 57.50748041141387, 'APPROACH-STEALTH'
11, 7591, 57.521369133844864, 57.521369133844864, 'APPROACH-STEALTH'
11, 7592, 57.535257856275855, 57.535257856275855, 'APPROACH-STEALTH'
11, 7593, 57.549146578706846, 57.549146578706846, 'APPROACH-STEALTH'
11, 7594, 57.56303530113784, 57.56303530113784, 'APPROACH-STEALTH'
11, 7595, 57.57692402356883, 57.57692402356883, 'APPROACH-STEALTH'
11, 7596, 57.59081274599982, 57.59081274599982, 'APPROACH-STEALTH'
11, 7597, 57.60470146843081, 57.60470146843081, 'APPROACH-STEALTH'
11, 7598, 57.6185901908618, 57.6185901908618, 'APPROACH-STEALTH'
11, 7599, 57.63247891329279, 57.63247891329279, 'APPROACH-STEALTH'
11, 7600, 57.646367635723784, 57.646367635723784, 'APPROACH-STEALTH'
11, 7601, 57.660256358154776, 57.660256358154776, 'APPROACH-STEALTH'
11, 7602, 57.67414508058577, 57.67414508058577, 'APPROACH-STEALTH'
11, 7603, 57.68803380301676, 57.68803380301676, 'APPROACH-STEALTH'
11, 7604, 57.70192252544775, 57.70192252544775, 'APPROACH-STEALTH'
11, 7605, 57.71581124787874, 57.71581124787874, 'APPROACH-STEALTH'
11, 7606, 57.72969997030973, 57.72969997030973, 'APPROACH-STEALTH'
11, 7607, 57.74358869274072, 57.74358869274072, 'APPROACH-STEALTH'
11, 7608, 57.757477415171714, 57.757477415171714, 'APPROACH-STEALTH'
11, 7609, 57.771366137602705, 57.771366137602705, 'APPROACH-STEALTH'
11, 7610, 57.785254860033696, 57.785254860033696, 'APPROACH-STEALTH'
11, 7611, 57.79914358246469, 57.79914358246469, 'APPROACH-STEALTH'
11, 7612, 57.81303230489568, 57.81303230489568, 'APPROACH-STEALTH'
11, 7613, 57.82692102732667, 57.82692102732667, 'APPROACH-STEALTH'
11, 7614, 57.84080974975766, 57.84080974975766, 'APPROACH-STEALTH'
11, 7615, 57.85469847218865, 57.85469847218865, 'APPROACH-STEALTH'
11, 7616, 57.86858719461964, 57.86858719461964, 'APPROACH-STEALTH'
11, 7617, 57.882475917050634, 57.882475917050634, 'APPROACH-STEALTH'
11, 7618, 57.896364639481625, 57.896364639481625, 'APPROACH-STEALTH'
11, 7619, 57.910253361912616, 57.910253361912616, 'APPROACH-STEALTH'
11, 7620, 57.92414208434361, 57.92414208434361, 'APPROACH-STEALTH'
11, 7621, 57.9380308067746, 57.9380308067746, 'APPROACH-STEALTH'
11, 7622, 57.95191952920559, 57.95191952920559, 'APPROACH-STEALTH'
11, 7623, 57.96580825163658, 57.96580825163658, 'APPROACH-STEALTH'
11, 7624, 57.97969697406757, 57.97969697406757, 'APPROACH-STEALTH'
11, 7625, 57.99358569649856, 57.99358569649856, 'APPROACH-STEALTH'
11, 7626, 58.007474418929554, 58.007474418929554, 'APPROACH-STEALTH'
11, 7627, 58.021363141360546, 58.021363141360546, 'APPROACH-STEALTH'
11, 7628, 58.03525186379154, 58.03525186379154, 'APPROACH-STEALTH'
11, 7629, 58.04914058622253, 58.04914058622253, 'APPROACH-STEALTH'
11, 7630, 58.06302930865352, 58.06302930865352, 'APPROACH-STEALTH'
11, 7631, 58.07691803108451, 58.07691803108451, 'APPROACH-STEALTH'
11, 7632, 58.0908067535155, 58.0908067535155, 'APPROACH-STEALTH'
11, 7633, 58.10469547594649, 58.10469547594649, 'APPROACH-STEALTH'
11, 7634, 58.118584198377484, 58.118584198377484, 'APPROACH-STEALTH'
11, 7635, 58.132472920808475, 58.132472920808475, 'APPROACH-STEALTH'
11, 7636, 58.146361643239466, 58.146361643239466, 'APPROACH-STEALTH'
11, 7637, 58.16025036567046, 58.16025036567046, 'APPROACH-STEALTH'
11, 7638, 58.17413908810145, 58.17413908810145, 'APPROACH-STEALTH'
11, 7639, 58.18802781053244, 58.18802781053244, 'APPROACH-STEALTH'
11, 7640, 58.20191653296343, 58.20191653296343, 'APPROACH-STEALTH'
11, 7641, 58.21580525539442, 58.21580525539442, 'APPROACH-STEALTH'
11, 7642, 58.22969397782541, 58.22969397782541, 'APPROACH-STEALTH'
11, 7643, 58.243582700256404, 58.243582700256404, 'APPROACH-STEALTH'
11, 7644, 58.257471422687395, 58.257471422687395, 'APPROACH-STEALTH'
11, 7645, 58.271360145118386, 58.271360145118386, 'APPROACH-STEALTH'
11, 7646, 58.28524886754938, 58.28524886754938, 'APPROACH-STEALTH'
11, 7647, 58.29913758998037, 58.29913758998037, 'APPROACH-STEALTH'
11, 7648, 58.31302631241136, 58.31302631241136, 'APPROACH-STEALTH'
11, 7649, 58.32691503484235, 58.32691503484235, 'APPROACH-STEALTH'
11, 7650, 58.34080375727334, 58.34080375727334, 'APPROACH-STEALTH'
11, 7651, 58.35469247970433, 58.35469247970433, 'APPROACH-STEALTH'
11, 7652, 58.368581202135324, 58.368581202135324, 'APPROACH-STEALTH'
11, 7653, 58.382469924566315, 58.382469924566315, 'APPROACH-STEALTH'
11, 7654, 58.39635864699731, 58.39635864699731, 'APPROACH-STEALTH'
11, 7655, 58.4102473694283, 58.4102473694283, 'APPROACH-STEALTH'
11, 7656, 58.42413609185929, 58.42413609185929, 'APPROACH-STEALTH'
11, 7657, 58.43802481429028, 58.43802481429028, 'APPROACH-STEALTH'
11, 7658, 58.45191353672127, 58.45191353672127, 'APPROACH-STEALTH'
11, 7659, 58.46580225915226, 58.46580225915226, 'APPROACH-STEALTH'
11, 7660, 58.47969098158325, 58.47969098158325, 'APPROACH-STEALTH'
11, 7661, 58.493579704014245, 58.493579704014245, 'APPROACH-STEALTH'
11, 7662, 58.507468426445236, 58.507468426445236, 'APPROACH-STEALTH'
11, 7663, 58.521357297206855, 58.521357297206855, 'APPROACH-STEALTH'
11, 7664, 58.535246167968474, 58.535246167968474, 'APPROACH-STEALTH'
11, 7665, 58.54913503873009, 58.54913503873009, 'APPROACH-STEALTH'
11, 7666, 58.56302390949171, 58.56302390949171, 'APPROACH-STEALTH'
11, 7667, 58.57691278025333, 58.57691278025333, 'APPROACH-STEALTH'
11, 7668, 58.59080165101495, 58.59080165101495, 'APPROACH-STEALTH'
11, 7669, 58.60469052177657, 58.60469052177657, 'APPROACH-STEALTH'
11, 7670, 58.61857939253819, 58.61857939253819, 'APPROACH-STEALTH'
11, 7671, 58.632468263299806, 58.632468263299806, 'APPROACH-STEALTH'
11, 7672, 58.646357134061425, 58.646357134061425, 'APPROACH-STEALTH'
11, 7673, 58.660246004823044, 58.660246004823044, 'APPROACH-STEALTH'
11, 7674, 58.67413487558466, 58.67413487558466, 'APPROACH-STEALTH'
11, 7675, 58.68802374634628, 58.68802374634628, 'APPROACH-STEALTH'
11, 7676, 58.7019126171079, 58.7019126171079, 'APPROACH-STEALTH'
11, 7677, 58.71580148786952, 58.71580148786952, 'APPROACH-STEALTH'
11, 7678, 58.72969035863114, 58.72969035863114, 'APPROACH-STEALTH'
11, 7679, 58.74357922939276, 58.74357922939276, 'APPROACH-STEALTH'
11, 7680, 58.75746810015438, 58.75746810015438, 'APPROACH-STEALTH'
11, 7681, 58.771356970915996, 58.771356970915996, 'APPROACH-STEALTH'
11, 7682, 58.785245841677614, 58.785245841677614, 'APPROACH-STEALTH'
11, 7683, 58.79913471243923, 58.79913471243923, 'APPROACH-STEALTH'
11, 7684, 58.81302358320085, 58.81302358320085, 'APPROACH-STEALTH'
11, 7685, 58.82691245396247, 58.82691245396247, 'APPROACH-STEALTH'
11, 7686, 58.84080132472409, 58.84080132472409, 'APPROACH-STEALTH'
11, 7687, 58.85469019548571, 58.85469019548571, 'APPROACH-STEALTH'
11, 7688, 58.86857906624733, 58.86857906624733, 'APPROACH-STEALTH'
11, 7689, 58.88246793700895, 58.88246793700895, 'APPROACH-STEALTH'
11, 7690, 58.896356807770566, 58.896356807770566, 'APPROACH-STEALTH'
11, 7691, 58.910245678532185, 58.910245678532185, 'APPROACH-STEALTH'
11, 7692, 58.924134549293804, 58.924134549293804, 'APPROACH-STEALTH'
11, 7693, 58.93802342005542, 58.93802342005542, 'APPROACH-STEALTH'
11, 7694, 58.95191229081704, 58.95191229081704, 'APPROACH-STEALTH'
11, 7695, 58.96580116157866, 58.96580116157866, 'APPROACH-STEALTH'
11, 7696, 58.97969003234028, 58.97969003234028, 'APPROACH-STEALTH'
11, 7697, 59.00746777386351, 59.00746777386351, 'APPROACH-BLIND'
11, 7698, 59.03524551538674, 59.03524551538674, 'APPROACH-BLIND'
11, 7699, 59.06302325690997, 59.06302325690997, 'APPROACH-BLIND'
11, 7700, 59.0908009984332, 59.0908009984332, 'APPROACH-BLIND'
11, 7701, 59.11857873995643, 59.11857873995643, 'APPROACH-BLIND'
11, 7702, 59.146356481479664, 59.146356481479664, 'APPROACH-BLIND'
11, 7703, 59.174134223002895, 59.174134223002895, 'APPROACH-BLIND'
11, 7704, 59.201911964526126, 59.201911964526126, 'APPROACH-BLIND'
11, 7705, 59.229689706049356, 59.229689706049356, 'APPROACH-BLIND'
11, 7706, 59.243578576810975, 59.243578576810975, 'APPROACH-STEALTH'
11, 7707, 59.257467447572594, 59.257467447572594, 'APPROACH-STEALTH'
11, 7708, 59.27135631833421, 59.27135631833421, 'APPROACH-STEALTH'
11, 7709, 59.28524518909583, 59.28524518909583, 'APPROACH-STEALTH'
11, 7710, 59.29913405985745, 59.29913405985745, 'APPROACH-STEALTH'
11, 7711, 59.31302293061907, 59.31302293061907, 'APPROACH-STEALTH'
11, 7712, 59.32691180138069, 59.32691180138069, 'APPROACH-STEALTH'
11, 7713, 59.34080067214231, 59.34080067214231, 'APPROACH-STEALTH'
11, 7714, 59.35468954290393, 59.35468954290393, 'APPROACH-STEALTH'
11, 7715, 59.368578413665546, 59.368578413665546, 'APPROACH-STEALTH'
11, 7716, 59.382467284427165, 59.382467284427165, 'APPROACH-STEALTH'
11, 7717, 59.39635615518878, 59.39635615518878, 'APPROACH-STEALTH'
11, 7718, 59.4102450259504, 59.4102450259504, 'APPROACH-STEALTH'
11, 7719, 59.42413389671202, 59.42413389671202, 'APPROACH-STEALTH'
11, 7720, 59.43802276747364, 59.43802276747364, 'APPROACH-STEALTH'
11, 7721, 59.45191163823526, 59.45191163823526, 'APPROACH-STEALTH'
11, 7722, 59.46580050899688, 59.46580050899688, 'APPROACH-STEALTH'
11, 7723, 59.4796893797585, 59.4796893797585, 'APPROACH-STEALTH'
11, 7724, 59.493578250520116, 59.493578250520116, 'APPROACH-STEALTH'
11, 7725, 59.507467121281735, 59.507467121281735, 'APPROACH-STEALTH'
11, 7726, 59.5135999520956, 59.5135999520956, 'APPROACH-STEALTH'
11, 7727, 59.51973278290947, 59.51973278290947, 'APPROACH-STEALTH'
11, 7728, 59.52586561372334, 59.52586561372334, 'APPROACH-STEALTH'
11, 7729, 59.53199844453721, 59.53199844453721, 'APPROACH-STEALTH'
11, 7730, 59.53813127535108, 59.53813127535108, 'APPROACH-STEALTH'
11, 7731, 59.544264106164945, 59.544264106164945, 'APPROACH-STEALTH'
11, 7732, 59.550396936978814, 59.550396936978814, 'APPROACH-STEALTH'
11, 7733, 59.55652976779268, 59.55652976779268, 'APPROACH-STEALTH'
11, 7734, 59.56266259860655, 59.56266259860655, 'APPROACH-STEALTH'
11, 7735, 59.56879542942042, 59.56879542942042, 'APPROACH-STEALTH'
11, 7736, 59.57492826023429, 59.57492826023429, 'APPROACH-STEALTH'
11, 7737, 59.581061091048156, 59.581061091048156, 'APPROACH-STEALTH'
11, 7738, 59.587193921862024, 59.587193921862024, 'APPROACH-STEALTH'
11, 7739, 59.59332675267589, 59.59332675267589, 'APPROACH-STEALTH'
11, 7740, 59.59945958348976, 59.59945958348976, 'APPROACH-STEALTH'
11, 7741, 59.60559241430363, 59.60559241430363, 'APPROACH-STEALTH'
11, 7742, 59.6117252451175, 59.6117252451175, 'APPROACH-STEALTH'
11, 7743, 59.617858075931366, 59.617858075931366, 'APPROACH-STEALTH'
11, 7744, 59.623990906745234, 59.623990906745234, 'APPROACH-STEALTH'
11, 7745, 59.6301237375591, 59.6301237375591, 'APPROACH-STEALTH'
11, 7746, 59.63625656837297, 59.63625656837297, 'APPROACH-STEALTH'
11, 7747, 59.64238939918684, 59.64238939918684, 'APPROACH-STEALTH'
11, 7748, 59.64852223000071, 59.64852223000071, 'APPROACH-STEALTH'
11, 7749, 59.65465506081458, 59.65465506081458, 'APPROACH-STEALTH'
11, 7750, 59.660787891628445, 59.660787891628445, 'APPROACH-STEALTH'
11, 7751, 59.66692072244231, 59.66692072244231, 'APPROACH-STEALTH'
11, 7752, 59.67305355325618, 59.67305355325618, 'APPROACH-STEALTH'
11, 7753, 59.67918638407005, 59.67918638407005, 'APPROACH-STEALTH'
11, 7754, 59.68531921488392, 59.68531921488392, 'APPROACH-STEALTH'
11, 7755, 59.69145204569779, 59.69145204569779, 'APPROACH-STEALTH'
11, 7756, 59.697584876511655, 59.697584876511655, 'APPROACH-STEALTH'
11, 7757, 59.703717707325524, 59.703717707325524, 'APPROACH-STEALTH'
11, 7758, 59.70985053813939, 59.70985053813939, 'APPROACH-STEALTH'
11, 7759, 59.71598336895326, 59.71598336895326, 'APPROACH-STEALTH'
11, 7760, 59.72211619976713, 59.72211619976713, 'APPROACH-STEALTH'
11, 7761, 59.728249030581, 59.728249030581, 'APPROACH-STEALTH'
11, 7762, 59.734381861394866, 59.734381861394866, 'APPROACH-STEALTH'
11, 7763, 59.740514692208734, 59.740514692208734, 'APPROACH-STEALTH'
11, 7764, 59.7466475230226, 59.7466475230226, 'APPROACH-STEALTH'
11, 7765, 59.75278035383647, 59.75278035383647, 'APPROACH-STEALTH'
11, 7766, 59.75891318465034, 59.75891318465034, 'APPROACH-STEALTH'
11, 7767, 59.761131783971805, 59.761131783971805, 'APPROACH-STEALTH'
11, 7768, 59.76335038329327, 59.76335038329327, 'APPROACH-STEALTH'
11, 7769, 59.76556898261474, 59.76556898261474, 'APPROACH-STEALTH'
11, 7770, 59.767787581936204, 59.767787581936204, 'APPROACH-STEALTH'
11, 7771, 59.77000618125767, 59.77000618125767, 'APPROACH-STEALTH'
11, 7772, 59.77222478057914, 59.77222478057914, 'APPROACH-STEALTH'
11, 7773, 59.7744433799006, 59.7744433799006, 'APPROACH-STEALTH'
11, 7774, 59.77666197922207, 59.77666197922207, 'APPROACH-STEALTH'
11, 7775, 59.778880578543536, 59.778880578543536, 'APPROACH-STEALTH'
11, 7776, 59.781099177865, 59.781099177865, 'APPROACH-STEALTH'
11, 7777, 59.78331777718647, 59.78331777718647, 'APPROACH-STEALTH'
11, 7778, 59.785536376507935, 59.785536376507935, 'APPROACH-STEALTH'
11, 7779, 59.7877549758294, 59.7877549758294, 'APPROACH-STEALTH'
11, 7780, 59.78997357515087, 59.78997357515087, 'APPROACH-STEALTH'
11, 7781, 59.79219217447233, 59.79219217447233, 'APPROACH-STEALTH'
11, 7782, 59.7944107737938, 59.7944107737938, 'APPROACH-STEALTH'
11, 7783, 59.796629373115266, 59.796629373115266, 'APPROACH-STEALTH'
11, 7784, 59.79884797243673, 59.79884797243673, 'APPROACH-STEALTH'
11, 7785, 59.803285171079665, 59.803285171079665, 'APPROACH-BLIND'
11, 7786, 59.8077223697226, 59.8077223697226, 'APPROACH-BLIND'
11, 7787, 59.809940969044064, 59.809940969044064, 'APPROACH-STEALTH'
11, 7788, 59.81215956836553, 59.81215956836553, 'APPROACH-STEALTH'
11, 7789, 59.814378167686996, 59.814378167686996, 'APPROACH-STEALTH'
11, 7790, 59.81881536632993, 59.81881536632993, 'APPROACH-BLIND'
11, 7791, 59.821033965651395, 59.821033965651395, 'APPROACH-STEALTH'
11, 7792, 59.82325256497286, 59.82325256497286, 'APPROACH-STEALTH'
11, 7793, 59.82547116429433, 59.82547116429433, 'APPROACH-STEALTH'
11, 7794, 59.827689763615794, 59.827689763615794, 'APPROACH-STEALTH'
11, 7795, 59.82990836293726, 59.82990836293726, 'APPROACH-STEALTH'
11, 7796, 59.83212696225873, 59.83212696225873, 'APPROACH-STEALTH'
11, 7797, 59.83434556158019, 59.83434556158019, 'APPROACH-STEALTH'
11, 7798, 59.83656416090166, 59.83656416090166, 'APPROACH-STEALTH'
11, 7799, 59.838782760223125, 59.838782760223125, 'APPROACH-STEALTH'
11, 7800, 59.84100135954459, 59.84100135954459, 'APPROACH-STEALTH'
11, 7801, 59.84321995886606, 59.84321995886606, 'APPROACH-STEALTH'
11, 7802, 59.845438558187524, 59.845438558187524, 'APPROACH-STEALTH'
11, 7803, 59.84765715750899, 59.84765715750899, 'APPROACH-STEALTH'
11, 7804, 59.84987575683046, 59.84987575683046, 'APPROACH-STEALTH'
11, 7805, 59.85209435615192, 59.85209435615192, 'APPROACH-STEALTH'
11, 7806, 59.85431295547339, 59.85431295547339, 'APPROACH-STEALTH'
11, 7807, 59.856531554794856, 59.856531554794856, 'APPROACH-STEALTH'
11, 7808, 59.85875015411632, 59.85875015411632, 'APPROACH-STEALTH'
11, 7809, 59.86096875343779, 59.86096875343779, 'APPROACH-STEALTH'
11, 7810, 59.863187352759255, 59.863187352759255, 'APPROACH-STEALTH'
11, 7811, 59.86540595208072, 59.86540595208072, 'APPROACH-STEALTH'
11, 7812, 59.86762455140219, 59.86762455140219, 'APPROACH-STEALTH'
11, 7813, 59.86984315072365, 59.86984315072365, 'APPROACH-STEALTH'
11, 7814, 59.87206175004512, 59.87206175004512, 'APPROACH-STEALTH'
11, 7815, 59.874280349366586, 59.874280349366586, 'APPROACH-STEALTH'
11, 7816, 59.87649894868805, 59.87649894868805, 'APPROACH-STEALTH'
11, 7817, 59.87871754800952, 59.87871754800952, 'APPROACH-STEALTH'
11, 7818, 59.880936147330985, 59.880936147330985, 'APPROACH-STEALTH'
11, 7819, 59.88315474665245, 59.88315474665245, 'APPROACH-STEALTH'
11, 7820, 59.88537334597392, 59.88537334597392, 'APPROACH-STEALTH'
11, 7821, 59.887591945295384, 59.887591945295384, 'APPROACH-STEALTH'
11, 7822, 59.88981054461685, 59.88981054461685, 'APPROACH-STEALTH'
11, 7823, 59.892029143938316, 59.892029143938316, 'APPROACH-STEALTH'
11, 7824, 59.89424774325978, 59.89424774325978, 'APPROACH-STEALTH'
11, 7825, 59.89646634258125, 59.89646634258125, 'APPROACH-STEALTH'
11, 7826, 59.898684941902715, 59.898684941902715, 'APPROACH-STEALTH'
11, 7827, 59.90090354122418, 59.90090354122418, 'APPROACH-STEALTH'
11, 7828, 59.90312214054565, 59.90312214054565, 'APPROACH-STEALTH'
11, 7829, 59.905340739867114, 59.905340739867114, 'APPROACH-STEALTH'
11, 7830, 59.90755933918858, 59.90755933918858, 'APPROACH-STEALTH'
11, 7831, 59.90977793851005, 59.90977793851005, 'APPROACH-STEALTH'
11, 7832, 59.91199653783151, 59.91199653783151, 'APPROACH-STEALTH'
11, 7833, 59.91421513715298, 59.91421513715298, 'APPROACH-STEALTH'
11, 7834, 59.916433736474445, 59.916433736474445, 'APPROACH-STEALTH'
11, 7835, 59.91865233579591, 59.91865233579591, 'APPROACH-STEALTH'
11, 7836, 59.920870935117385, 59.920870935117385, 'APPROACH-STEALTH'
11, 7837, 59.92160798259379, 59.92160798259379, 'APPROACH-STEALTH'
11, 7838, 59.9223450300702, 59.9223450300702, 'APPROACH-STEALTH'
11, 7839, 59.9230820775466, 59.9230820775466, 'APPROACH-STEALTH'
11, 7840, 59.92381912502301, 59.92381912502301, 'APPROACH-STEALTH'
11, 7841, 59.924556172499415, 59.924556172499415, 'APPROACH-STEALTH'
11, 7842, 59.92529321997582, 59.92529321997582, 'APPROACH-STEALTH'
11, 7843, 59.92603026745223, 59.92603026745223, 'APPROACH-STEALTH'
11, 7844, 59.92676731492863, 59.92676731492863, 'APPROACH-STEALTH'
11, 7845, 59.92750436240504, 59.92750436240504, 'APPROACH-STEALTH'
11, 7846, 59.928241409881444, 59.928241409881444, 'APPROACH-STEALTH'
11, 7847, 59.92897845735785, 59.92897845735785, 'APPROACH-STEALTH'
11, 7848, 59.929715504834256, 59.929715504834256, 'APPROACH-STEALTH'
11, 7849, 59.93045255231066, 59.93045255231066, 'APPROACH-STEALTH'
11, 7850, 59.93118959978707, 59.93118959978707, 'APPROACH-STEALTH'
11, 7851, 59.931926647263474, 59.931926647263474, 'APPROACH-STEALTH'
11, 7852, 59.93266369473988, 59.93266369473988, 'APPROACH-STEALTH'
11, 7853, 59.933400742216286, 59.933400742216286, 'APPROACH-STEALTH'
11, 7854, 59.93413778969269, 59.93413778969269, 'APPROACH-STEALTH'
11, 7855, 59.9348748371691, 59.9348748371691, 'APPROACH-STEALTH'
11, 7856, 59.9356118846455, 59.9356118846455, 'APPROACH-STEALTH'
11, 7857, 59.93634893212191, 59.93634893212191, 'APPROACH-STEALTH'
11, 7858, 59.93782302707472, 59.93782302707472, 'APPROACH-BLIND'
11, 7859, 59.93856007455113, 59.93856007455113, 'APPROACH-STEALTH'
11, 7860, 59.93929712202753, 59.93929712202753, 'APPROACH-STEALTH'
11, 7861, 59.94003416950394, 59.94003416950394, 'APPROACH-STEALTH'
11, 7862, 59.940771216980345, 59.940771216980345, 'APPROACH-STEALTH'
11, 7863, 59.94150826445675, 59.94150826445675, 'APPROACH-STEALTH'
11, 7864, 59.94298235940956, 59.94298235940956, 'APPROACH-BLIND'
11, 7865, 59.944456454362374, 59.944456454362374, 'APPROACH-BLIND'
11, 7866, 59.945930549315186, 59.945930549315186, 'APPROACH-BLIND'
11, 7867, 59.947404644268, 59.947404644268, 'APPROACH-BLIND'
11, 7868, 59.948141691744404, 59.948141691744404, 'APPROACH-STEALTH'
11, 7869, 59.94887873922081, 59.94887873922081, 'APPROACH-STEALTH'
11, 7870, 59.949615786697215, 59.949615786697215, 'APPROACH-STEALTH'
11, 7871, 59.95035283417362, 59.95035283417362, 'APPROACH-STEALTH'
11, 7872, 59.95108988165003, 59.95108988165003, 'APPROACH-STEALTH'
11, 7873, 59.95182692912643, 59.95182692912643, 'APPROACH-STEALTH'
11, 7874, 59.95256397660284, 59.95256397660284, 'APPROACH-STEALTH'
11, 7875, 59.953301024079245, 59.953301024079245, 'APPROACH-STEALTH'
11, 7876, 59.95477511903206, 59.95477511903206, 'APPROACH-BLIND'
11, 7877, 59.95624921398487, 59.95624921398487, 'APPROACH-BLIND'
11, 7878, 59.95772330893768, 59.95772330893768, 'APPROACH-BLIND'
11, 7879, 59.95919740389049, 59.95919740389049, 'APPROACH-BLIND'
11, 7880, 59.960671498843304, 59.960671498843304, 'APPROACH-BLIND'
11, 7881, 59.962145593796116, 59.962145593796116, 'APPROACH-BLIND'
11, 7882, 59.96361968874893, 59.96361968874893, 'APPROACH-BLIND'
11, 7883, 59.96509378370174, 59.96509378370174, 'APPROACH-BLIND'
11, 7884, 59.96656787865455, 59.96656787865455, 'APPROACH-BLIND'
11, 7885, 59.96804197360736, 59.96804197360736, 'APPROACH-BLIND'
11, 7886, 59.96877902108377, 59.96877902108377, 'APPROACH-STEALTH'
11, 7887, 59.969516068560175, 59.969516068560175, 'APPROACH-STEALTH'
11, 7888, 59.97025311603658, 59.97025311603658, 'APPROACH-STEALTH'
11, 7889, 59.97099016351299, 59.97099016351299, 'APPROACH-STEALTH'
11, 7890, 59.97172721098939, 59.97172721098939, 'APPROACH-STEALTH'
11, 7891, 59.9724642584658, 59.9724642584658, 'APPROACH-STEALTH'
11, 7892, 59.973201305942204, 59.973201305942204, 'APPROACH-STEALTH'
11, 7893, 59.97393835341861, 59.97393835341861, 'APPROACH-STEALTH'
11, 7894, 59.974181180148506, 59.974181180148506, 'APPROACH-STEALTH'
11, 7895, 59.9744240068784, 59.9744240068784, 'APPROACH-STEALTH'
11, 7896, 59.974666833608296, 59.974666833608296, 'APPROACH-STEALTH'
11, 7897, 59.97490966033819, 59.97490966033819, 'APPROACH-STEALTH'
11, 7898, 59.97515248706809, 59.97515248706809, 'APPROACH-STEALTH'
11, 7899, 59.97539531379798, 59.97539531379798, 'APPROACH-STEALTH'
11, 7900, 59.97563814052788, 59.97563814052788, 'APPROACH-STEALTH'
11, 7901, 59.97588096725777, 59.97588096725777, 'APPROACH-STEALTH'
11, 7902, 59.97612379398767, 59.97612379398767, 'APPROACH-STEALTH'
11, 7903, 59.97636662071756, 59.97636662071756, 'APPROACH-STEALTH'
11, 7904, 59.97660944744746, 59.97660944744746, 'APPROACH-STEALTH'
11, 7905, 59.976852274177354, 59.976852274177354, 'APPROACH-STEALTH'
11, 7906, 59.97709510090725, 59.97709510090725, 'APPROACH-STEALTH'
11, 7907, 59.977337927637144, 59.977337927637144, 'APPROACH-STEALTH'
11, 7908, 59.97758075436704, 59.97758075436704, 'APPROACH-STEALTH'
11, 7909, 59.977823581096935, 59.977823581096935, 'APPROACH-STEALTH'
11, 7910, 59.97806640782683, 59.97806640782683, 'APPROACH-STEALTH'
11, 7911, 59.978309234556725, 59.978309234556725, 'APPROACH-STEALTH'
11, 7912, 59.97855206128662, 59.97855206128662, 'APPROACH-STEALTH'
11, 7913, 59.978794888016516, 59.978794888016516, 'APPROACH-STEALTH'
11, 7914, 59.97903771474641, 59.97903771474641, 'APPROACH-STEALTH'
11, 7915, 59.97928054147631, 59.97928054147631, 'APPROACH-STEALTH'
11, 7916, 59.9795233682062, 59.9795233682062, 'APPROACH-STEALTH'
11, 7917, 59.9797661949361, 59.9797661949361, 'APPROACH-STEALTH'
11, 7918, 59.98000902166599, 59.98000902166599, 'APPROACH-STEALTH'
11, 7919, 59.98025184839589, 59.98025184839589, 'APPROACH-STEALTH'
11, 7920, 59.98049467512578, 59.98049467512578, 'APPROACH-STEALTH'
11, 7921, 59.98073750185568, 59.98073750185568, 'APPROACH-STEALTH'
11, 7922, 59.980980328585574, 59.980980328585574, 'APPROACH-STEALTH'
11, 7923, 59.98122315531547, 59.98122315531547, 'APPROACH-STEALTH'
11, 7924, 59.981465982045364, 59.981465982045364, 'APPROACH-STEALTH'
11, 7925, 59.98170880877526, 59.98170880877526, 'APPROACH-STEALTH'
11, 7926, 59.981951635505155, 59.981951635505155, 'APPROACH-STEALTH'
11, 7927, 59.98219446223505, 59.98219446223505, 'APPROACH-STEALTH'
11, 7928, 59.982437288964945, 59.982437288964945, 'APPROACH-STEALTH'
11, 7929, 59.98268011569484, 59.98268011569484, 'APPROACH-STEALTH'
11, 7930, 59.982922942424736, 59.982922942424736, 'APPROACH-STEALTH'
11, 7931, 59.98316576915463, 59.98316576915463, 'APPROACH-STEALTH'
11, 7932, 59.98340859588453, 59.98340859588453, 'APPROACH-STEALTH'
11, 7933, 60.00944713520702, 60.00944713520702, 'PURSUE'
11, 7934, 60.03548567452951, 60.03548567452951, 'PURSUE'
11, 7935, 60.061524213852, 60.061524213852, 'PURSUE'
11, 7936, 60.087562753174495, 60.087562753174495, 'PURSUE'
11, 7937, 60.11360129249699, 60.11360129249699, 'PURSUE'
11, 7938, 60.13963983181948, 60.13963983181948, 'PURSUE'
11, 7939, 60.13670606534498, 60.13670606534498, 'APPROACH-STEALTH'
11, 7940, 60.13377229887048, 60.13377229887048, 'APPROACH-STEALTH'
11, 7941, 60.130838532395984, 60.130838532395984, 'APPROACH-STEALTH'
11, 7942, 60.127904765921485, 60.127904765921485, 'APPROACH-STEALTH'
11, 7943, 60.12497099944699, 60.12497099944699, 'APPROACH-STEALTH'
11, 7944, 60.12203723297249, 60.12203723297249, 'APPROACH-STEALTH'
11, 7945, 60.11910346649799, 60.11910346649799, 'APPROACH-STEALTH'
11, 7946, 60.11616970002349, 60.11616970002349, 'APPROACH-STEALTH'
11, 7947, 60.11323593354899, 60.11323593354899, 'APPROACH-STEALTH'
11, 7948, 60.110302167074494, 60.110302167074494, 'APPROACH-STEALTH'
11, 7949, 60.107368400599995, 60.107368400599995, 'APPROACH-STEALTH'
11, 7950, 60.106374695736875, 60.106374695736875, 'APPROACH-STEALTH'
11, 7951, 60.105380990873755, 60.105380990873755, 'APPROACH-STEALTH'
11, 7952, 60.104387286010635, 60.104387286010635, 'APPROACH-STEALTH'
11, 7953, 60.103393581147515, 60.103393581147515, 'APPROACH-STEALTH'
11, 7954, 60.102399876284395, 60.102399876284395, 'APPROACH-STEALTH'
11, 7955, 60.101406171421274, 60.101406171421274, 'APPROACH-STEALTH'
11, 7956, 60.100412466558154, 60.100412466558154, 'APPROACH-STEALTH'
11, 7957, 60.099418761695034, 60.099418761695034, 'APPROACH-STEALTH'
11, 7958, 60.098425056831914, 60.098425056831914, 'APPROACH-STEALTH'
11, 7959, 60.097431351968794, 60.097431351968794, 'APPROACH-STEALTH'
11, 7960, 60.096437647105674, 60.096437647105674, 'APPROACH-STEALTH'
11, 7961, 60.095443942242554, 60.095443942242554, 'APPROACH-STEALTH'
11, 7962, 60.094450237379434, 60.094450237379434, 'APPROACH-STEALTH'
11, 7963, 60.09345653251631, 60.09345653251631, 'APPROACH-STEALTH'
11, 7964, 60.09246282765319, 60.09246282765319, 'APPROACH-STEALTH'
11, 7965, 60.09146912279007, 60.09146912279007, 'APPROACH-STEALTH'
11, 7966, 60.08948171306384, 60.08948171306384, 'APPROACH-BLIND'
11, 7967, 60.08749430333761, 60.08749430333761, 'APPROACH-BLIND'
11, 7968, 60.08650059847449, 60.08650059847449, 'APPROACH-STEALTH'
11, 7969, 60.08550689361137, 60.08550689361137, 'APPROACH-STEALTH'
11, 7970, 60.08451318874825, 60.08451318874825, 'APPROACH-STEALTH'
11, 7971, 60.08351948388513, 60.08351948388513, 'APPROACH-STEALTH'
11, 7972, 60.082525779022006, 60.082525779022006, 'APPROACH-STEALTH'
11, 7973, 60.081532074158886, 60.081532074158886, 'APPROACH-STEALTH'
11, 7974, 60.080538369295766, 60.080538369295766, 'APPROACH-STEALTH'
11, 7975, 60.079544664432646, 60.079544664432646, 'APPROACH-STEALTH'
11, 7976, 60.078550959569526, 60.078550959569526, 'APPROACH-STEALTH'
11, 7977, 60.077557254706406, 60.077557254706406, 'APPROACH-STEALTH'
11, 7978, 60.076563549843286, 60.076563549843286, 'APPROACH-STEALTH'
11, 7979, 60.075569844980166, 60.075569844980166, 'APPROACH-STEALTH'
11, 7980, 60.074576140117045, 60.074576140117045, 'APPROACH-STEALTH'
11, 7981, 60.073582435253925, 60.073582435253925, 'APPROACH-STEALTH'
11, 7982, 60.072588730390805, 60.072588730390805, 'APPROACH-STEALTH'
11, 7983, 60.071595025527685, 60.071595025527685, 'APPROACH-STEALTH'
11, 7984, 60.070601320664565, 60.070601320664565, 'APPROACH-STEALTH'
11, 7985, 60.069607615801445, 60.069607615801445, 'APPROACH-STEALTH'
11, 7986, 60.068613910938325, 60.068613910938325, 'APPROACH-STEALTH'
11, 7987, 60.067620206075205, 60.067620206075205, 'APPROACH-STEALTH'
11, 7988, 60.066626501212085, 60.066626501212085, 'APPROACH-STEALTH'
11, 7989, 60.06563279634897, 60.06563279634897, 'APPROACH-STEALTH'
11, 7990, 60.06463909148585, 60.06463909148585, 'APPROACH-STEALTH'
11, 7991, 60.06364538662274, 60.06364538662274, 'APPROACH-STEALTH'
11, 7992, 60.06265168175962, 60.06265168175962, 'APPROACH-STEALTH'
11, 7993, 60.061657976896505, 60.061657976896505, 'APPROACH-STEALTH'
11, 7994, 60.060664272033385, 60.060664272033385, 'APPROACH-STEALTH'
11, 7995, 60.05967056717027, 60.05967056717027, 'APPROACH-STEALTH'
11, 7996, 60.05867686230715, 60.05867686230715, 'APPROACH-STEALTH'
11, 7997, 60.05768315744404, 60.05768315744404, 'APPROACH-STEALTH'
11, 7998, 60.05668945258092, 60.05668945258092, 'APPROACH-STEALTH'
11, 7999, 60.055695747717806, 60.055695747717806, 'APPROACH-STEALTH'
11, 8000, 60.054702042854686, 60.054702042854686, 'APPROACH-STEALTH'
11, 8001, 60.05370833799157, 60.05370833799157, 'APPROACH-STEALTH'
11, 8002, 60.05271463312845, 60.05271463312845, 'APPROACH-STEALTH'
11, 8003, 60.05172092826534, 60.05172092826534, 'APPROACH-STEALTH'
11, 8004, 60.05072722340222, 60.05072722340222, 'APPROACH-STEALTH'
11, 8005, 60.04973351853911, 60.04973351853911, 'APPROACH-STEALTH'
11, 8006, 60.04873981367599, 60.04873981367599, 'APPROACH-STEALTH'
11, 8007, 60.04774610881287, 60.04774610881287, 'APPROACH-STEALTH'
11, 8008, 60.04675240394975, 60.04675240394975, 'APPROACH-STEALTH'
11, 8009, 60.04575869908664, 60.04575869908664, 'APPROACH-STEALTH'
11, 8010, 60.04476499422352, 60.04476499422352, 'APPROACH-STEALTH'
11, 8011, 60.04377128936041, 60.04377128936041, 'APPROACH-STEALTH'
11, 8012, 60.04277758449729, 60.04277758449729, 'APPROACH-STEALTH'
11, 8013, 60.041783879634174, 60.041783879634174, 'APPROACH-STEALTH'
11, 8014, 60.040790174771054, 60.040790174771054, 'APPROACH-STEALTH'
11, 8015, 60.03979646990794, 60.03979646990794, 'APPROACH-STEALTH'
11, 8016, 60.03880276504482, 60.03880276504482, 'APPROACH-STEALTH'
11, 8017, 60.03780906018171, 60.03780906018171, 'APPROACH-STEALTH'
11, 8018, 60.03681535531859, 60.03681535531859, 'APPROACH-STEALTH'
11, 8019, 60.035821650455475, 60.035821650455475, 'APPROACH-STEALTH'
11, 8020, 60.03548992858436, 60.03548992858436, 'APPROACH-STEALTH'
11, 8021, 60.03515820671325, 60.03515820671325, 'APPROACH-STEALTH'
11, 8022, 60.034826484842135, 60.034826484842135, 'APPROACH-STEALTH'
11, 8023, 60.03449476297102, 60.03449476297102, 'APPROACH-STEALTH'
11, 8024, 60.03416304109991, 60.03416304109991, 'APPROACH-STEALTH'
11, 8025, 60.033831319228796, 60.033831319228796, 'APPROACH-STEALTH'
11, 8026, 60.03349959735768, 60.03349959735768, 'APPROACH-STEALTH'
11, 8027, 60.03316787548657, 60.03316787548657, 'APPROACH-STEALTH'
11, 8028, 60.032836153615456, 60.032836153615456, 'APPROACH-STEALTH'
11, 8029, 60.03250443174434, 60.03250443174434, 'APPROACH-STEALTH'
11, 8030, 60.03217270987323, 60.03217270987323, 'APPROACH-STEALTH'
11, 8031, 60.031509266131, 60.031509266131, 'APPROACH-BLIND'
11, 8032, 60.03084582238878, 60.03084582238878, 'APPROACH-BLIND'
11, 8033, 60.03018237864655, 60.03018237864655, 'APPROACH-BLIND'
11, 8034, 60.029518934904324, 60.029518934904324, 'APPROACH-BLIND'
11, 8035, 60.02918721303321, 60.02918721303321, 'APPROACH-STEALTH'
11, 8036, 60.0288554911621, 60.0288554911621, 'APPROACH-STEALTH'
11, 8037, 60.028523769290985, 60.028523769290985, 'APPROACH-STEALTH'
11, 8038, 60.02819204741987, 60.02819204741987, 'APPROACH-STEALTH'
11, 8039, 60.02786032554876, 60.02786032554876, 'APPROACH-STEALTH'
11, 8040, 60.027528603677645, 60.027528603677645, 'APPROACH-STEALTH'
11, 8041, 60.02719688180653, 60.02719688180653, 'APPROACH-STEALTH'
11, 8042, 60.02686515993542, 60.02686515993542, 'APPROACH-STEALTH'
11, 8043, 60.026533438064305, 60.026533438064305, 'APPROACH-STEALTH'
11, 8044, 60.02620171619319, 60.02620171619319, 'APPROACH-STEALTH'
11, 8045, 60.02586999432208, 60.02586999432208, 'APPROACH-STEALTH'
11, 8046, 60.025538272450966, 60.025538272450966, 'APPROACH-STEALTH'
11, 8047, 60.02520655057985, 60.02520655057985, 'APPROACH-STEALTH'
11, 8048, 60.02487482870874, 60.02487482870874, 'APPROACH-STEALTH'
11, 8049, 60.02421138496651, 60.02421138496651, 'APPROACH-BLIND'
11, 8050, 60.02354794122429, 60.02354794122429, 'APPROACH-BLIND'
11, 8051, 60.02288449748206, 60.02288449748206, 'APPROACH-BLIND'
11, 8052, 60.022221053739834, 60.022221053739834, 'APPROACH-BLIND'
11, 8053, 60.02155760999761, 60.02155760999761, 'APPROACH-BLIND'
11, 8054, 60.02089416625538, 60.02089416625538, 'APPROACH-BLIND'
11, 8055, 60.020230722513155, 60.020230722513155, 'APPROACH-BLIND'
11, 8056, 60.01956727877093, 60.01956727877093, 'APPROACH-BLIND'
11, 8057, 60.0189038350287, 60.0189038350287, 'APPROACH-BLIND'
11, 8058, 60.018240391286476, 60.018240391286476, 'APPROACH-BLIND'
11, 8059, 60.017576947544256, 60.017576947544256, 'APPROACH-BLIND'
11, 8060, 60.01691350380203, 60.01691350380203, 'APPROACH-BLIND'
11, 8061, 60.01658178193092, 60.01658178193092, 'APPROACH-STEALTH'
11, 8062, 60.016250060059804, 60.016250060059804, 'APPROACH-STEALTH'
11, 8063, 60.01591833818869, 60.01591833818869, 'APPROACH-STEALTH'
11, 8064, 60.01558661631758, 60.01558661631758, 'APPROACH-STEALTH'
11, 8065, 60.015254894446464, 60.015254894446464, 'APPROACH-STEALTH'
11, 8066, 60.01492317257535, 60.01492317257535, 'APPROACH-STEALTH'
11, 8067, 60.01459145070424, 60.01459145070424, 'APPROACH-STEALTH'
11, 8068, 60.014259728833125, 60.014259728833125, 'APPROACH-STEALTH'
11, 8069, 60.01392800696201, 60.01392800696201, 'APPROACH-STEALTH'
11, 8070, 60.0135962850909, 60.0135962850909, 'APPROACH-STEALTH'
11, 8071, 60.013264563219785, 60.013264563219785, 'APPROACH-STEALTH'
11, 8072, 60.01293284134867, 60.01293284134867, 'APPROACH-STEALTH'
11, 8073, 60.01260111947756, 60.01260111947756, 'APPROACH-STEALTH'
11, 8074, 60.012269397606445, 60.012269397606445, 'APPROACH-STEALTH'
11, 8075, 60.01193767573533, 60.01193767573533, 'APPROACH-STEALTH'
11, 8076, 60.02433181863306, 60.02433181863306, 'APPROACH-STEALTH'
11, 8077, 60.036725961530784, 60.036725961530784, 'APPROACH-STEALTH'
11, 8078, 60.04912010442851, 60.04912010442851, 'APPROACH-STEALTH'
11, 8079, 60.06151424732624, 60.06151424732624, 'APPROACH-STEALTH'
11, 8080, 60.07390839022396, 60.07390839022396, 'APPROACH-STEALTH'
11, 8081, 60.08630253312169, 60.08630253312169, 'APPROACH-STEALTH'
11, 8082, 60.098696676019415, 60.098696676019415, 'APPROACH-STEALTH'
11, 8083, 60.11109081891714, 60.11109081891714, 'APPROACH-STEALTH'
11, 8084, 60.12348496181487, 60.12348496181487, 'APPROACH-STEALTH'
11, 8085, 60.13587910471259, 60.13587910471259, 'APPROACH-STEALTH'
11, 8086, 60.14827324761032, 60.14827324761032, 'APPROACH-STEALTH'
11, 8087, 60.160667390508046, 60.160667390508046, 'APPROACH-STEALTH'
11, 8088, 60.17306153340577, 60.17306153340577, 'APPROACH-STEALTH'
11, 8089, 60.1854556763035, 60.1854556763035, 'APPROACH-STEALTH'
11, 8090, 60.197849819201224, 60.197849819201224, 'APPROACH-STEALTH'
11, 8091, 60.21024396209895, 60.21024396209895, 'APPROACH-STEALTH'
11, 8092, 60.222638104996676, 60.222638104996676, 'APPROACH-STEALTH'
11, 8093, 60.2350322478944, 60.2350322478944, 'APPROACH-STEALTH'
11, 8094, 60.24742639079213, 60.24742639079213, 'APPROACH-STEALTH'
11, 8095, 60.259820533689854, 60.259820533689854, 'APPROACH-STEALTH'
11, 8096, 60.27221467658758, 60.27221467658758, 'APPROACH-STEALTH'
11, 8097, 60.28460881948531, 60.28460881948531, 'APPROACH-STEALTH'
11, 8098, 60.29700296238303, 60.29700296238303, 'APPROACH-STEALTH'
11, 8099, 60.30939710528076, 60.30939710528076, 'APPROACH-STEALTH'
11, 8100, 60.321791248178485, 60.321791248178485, 'APPROACH-STEALTH'
11, 8101, 60.33418539107621, 60.33418539107621, 'APPROACH-STEALTH'
11, 8102, 60.34657953397394, 60.34657953397394, 'APPROACH-STEALTH'
11, 8103, 60.35897367687166, 60.35897367687166, 'APPROACH-STEALTH'
11, 8104, 60.37136781976939, 60.37136781976939, 'APPROACH-STEALTH'
11, 8105, 60.383761962667116, 60.383761962667116, 'APPROACH-STEALTH'
11, 8106, 60.39615610556484, 60.39615610556484, 'APPROACH-STEALTH'
11, 8107, 60.40855024846257, 60.40855024846257, 'APPROACH-STEALTH'
11, 8108, 60.420944391360294, 60.420944391360294, 'APPROACH-STEALTH'
11, 8109, 60.43333853425802, 60.43333853425802, 'APPROACH-STEALTH'
11, 8110, 60.445732677155746, 60.445732677155746, 'APPROACH-STEALTH'
11, 8111, 60.45812682005347, 60.45812682005347, 'APPROACH-STEALTH'
11, 8112, 60.4705209629512, 60.4705209629512, 'APPROACH-STEALTH'
11, 8113, 60.482915105848924, 60.482915105848924, 'APPROACH-STEALTH'
11, 8114, 60.49530924874665, 60.49530924874665, 'APPROACH-STEALTH'
11, 8115, 60.50770339164438, 60.50770339164438, 'APPROACH-STEALTH'
11, 8116, 60.51279653152079, 60.51279653152079, 'APPROACH-STEALTH'
11, 8117, 60.51788967139721, 60.51788967139721, 'APPROACH-STEALTH'
11, 8118, 60.52298281127362, 60.52298281127362, 'APPROACH-STEALTH'
11, 8119, 60.55371263161132, 60.55371263161132, 'PURSUE'
11, 8120, 60.584442451949016, 60.584442451949016, 'PURSUE'
11, 8121, 60.61517227228671, 60.61517227228671, 'PURSUE'
11, 8122, 60.64590209262441, 60.64590209262441, 'PURSUE'
11, 8123, 60.67663191296211, 60.67663191296211, 'PURSUE'
11, 8124, 60.707361733299805, 60.707361733299805, 'PURSUE'
11, 8125, 60.7380915536375, 60.7380915536375, 'PURSUE'
11, 8126, 60.7688213739752, 60.7688213739752, 'PURSUE'
11, 8127, 60.7995511943129, 60.7995511943129, 'PURSUE'
11, 8128, 60.830281014650595, 60.830281014650595, 'PURSUE'
11, 8129, 60.833414475834815, 60.833414475834815, 'APPROACH-STEALTH'
11, 8130, 60.836547937019034, 60.836547937019034, 'APPROACH-STEALTH'
11, 8131, 60.839681398203254, 60.839681398203254, 'APPROACH-STEALTH'
11, 8132, 60.842814859387474, 60.842814859387474, 'APPROACH-STEALTH'
11, 8133, 60.845948320571694, 60.845948320571694, 'APPROACH-STEALTH'
11, 8134, 60.84908178175591, 60.84908178175591, 'APPROACH-STEALTH'
11, 8135, 60.85221524294013, 60.85221524294013, 'APPROACH-STEALTH'
11, 8136, 60.85534870412435, 60.85534870412435, 'APPROACH-STEALTH'
11, 8137, 60.85848216530857, 60.85848216530857, 'APPROACH-STEALTH'
11, 8138, 60.86161562649279, 60.86161562649279, 'APPROACH-STEALTH'
11, 8139, 60.86474908767701, 60.86474908767701, 'APPROACH-STEALTH'
11, 8140, 60.86788254886123, 60.86788254886123, 'APPROACH-STEALTH'
11, 8141, 60.87101601004545, 60.87101601004545, 'APPROACH-STEALTH'
11, 8142, 60.87414947122967, 60.87414947122967, 'APPROACH-STEALTH'
11, 8143, 60.87728293241389, 60.87728293241389, 'APPROACH-STEALTH'
11, 8144, 60.88041639359811, 60.88041639359811, 'APPROACH-STEALTH'
11, 8145, 60.88354985478233, 60.88354985478233, 'APPROACH-STEALTH'
11, 8146, 60.88668331596655, 60.88668331596655, 'APPROACH-STEALTH'
11, 8147, 60.88773702285382, 60.88773702285382, 'APPROACH-STEALTH'
11, 8148, 60.88879072974109, 60.88879072974109, 'APPROACH-STEALTH'
11, 8149, 60.88984443662836, 60.88984443662836, 'APPROACH-STEALTH'
11, 8150, 60.89089814351563, 60.89089814351563, 'APPROACH-STEALTH'
11, 8151, 60.8919518504029, 60.8919518504029, 'APPROACH-STEALTH'
11, 8152, 60.89300555729017, 60.89300555729017, 'APPROACH-STEALTH'
11, 8153, 60.894059264177436, 60.894059264177436, 'APPROACH-STEALTH'
11, 8154, 60.895112971064705, 60.895112971064705, 'APPROACH-STEALTH'
11, 8155, 60.89616667795198, 60.89616667795198, 'APPROACH-STEALTH'
11, 8156, 60.89722038483925, 60.89722038483925, 'APPROACH-STEALTH'
11, 8157, 60.89827409172653, 60.89827409172653, 'APPROACH-STEALTH'
11, 8158, 60.8993277986138, 60.8993277986138, 'APPROACH-STEALTH'
11, 8159, 60.90038150550107, 60.90038150550107, 'APPROACH-STEALTH'
11, 8160, 60.90143521238834, 60.90143521238834, 'APPROACH-STEALTH'
11, 8161, 60.90248891927562, 60.90248891927562, 'APPROACH-STEALTH'
11, 8162, 60.90354262616289, 60.90354262616289, 'APPROACH-STEALTH'
11, 8163, 60.904596333050165, 60.904596333050165, 'APPROACH-STEALTH'
11, 8164, 60.905650039937434, 60.905650039937434, 'APPROACH-STEALTH'
11, 8165, 60.90670374682471, 60.90670374682471, 'APPROACH-STEALTH'
11, 8166, 60.90775745371198, 60.90775745371198, 'APPROACH-STEALTH'
11, 8167, 60.90881116059926, 60.90881116059926, 'APPROACH-STEALTH'
11, 8168, 60.909864867486526, 60.909864867486526, 'APPROACH-STEALTH'
11, 8169, 60.9109185743738, 60.9109185743738, 'APPROACH-STEALTH'
11, 8170, 60.91302598814835, 60.91302598814835, 'APPROACH-BLIND'
11, 8171, 60.915133401922894, 60.915133401922894, 'APPROACH-BLIND'
11, 8172, 60.91724081569744, 60.91724081569744, 'APPROACH-BLIND'
11, 8173, 60.919348229471986, 60.919348229471986, 'APPROACH-BLIND'
11, 8174, 60.92145564324653, 60.92145564324653, 'APPROACH-BLIND'
11, 8175, 60.92356305702108, 60.92356305702108, 'APPROACH-BLIND'
11, 8176, 60.92567047079562, 60.92567047079562, 'APPROACH-BLIND'
11, 8177, 60.92777788457017, 60.92777788457017, 'APPROACH-BLIND'
11, 8178, 60.929885298344715, 60.929885298344715, 'APPROACH-BLIND'
11, 8179, 60.93199271211926, 60.93199271211926, 'APPROACH-BLIND'
11, 8180, 60.934100125893806, 60.934100125893806, 'APPROACH-BLIND'
11, 8181, 60.935153832781076, 60.935153832781076, 'APPROACH-STEALTH'
11, 8182, 60.93620753966835, 60.93620753966835, 'APPROACH-STEALTH'
11, 8183, 60.93726124655562, 60.93726124655562, 'APPROACH-STEALTH'
11, 8184, 60.9383149534429, 60.9383149534429, 'APPROACH-STEALTH'
11, 8185, 60.93936866033017, 60.93936866033017, 'APPROACH-STEALTH'
11, 8186, 60.940422367217444, 60.940422367217444, 'APPROACH-STEALTH'
11, 8187, 60.94147607410471, 60.94147607410471, 'APPROACH-STEALTH'
11, 8188, 60.94252978099199, 60.94252978099199, 'APPROACH-STEALTH'
11, 8189, 60.94358348787926, 60.94358348787926, 'APPROACH-STEALTH'
11, 8190, 60.944637194766536, 60.944637194766536, 'APPROACH-STEALTH'
11, 8191, 60.945690901653805, 60.945690901653805, 'APPROACH-STEALTH'
11, 8192, 60.94674460854108, 60.94674460854108, 'APPROACH-STEALTH'
11, 8193, 60.94779831542835, 60.94779831542835, 'APPROACH-STEALTH'
11, 8194, 60.94885202231562, 60.94885202231562, 'APPROACH-STEALTH'
11, 8195, 60.9499057292029, 60.9499057292029, 'APPROACH-STEALTH'
11, 8196, 60.950959436090166, 60.950959436090166, 'APPROACH-STEALTH'
11, 8197, 60.95306684986471, 60.95306684986471, 'APPROACH-BLIND'
11, 8198, 60.95517426363926, 60.95517426363926, 'APPROACH-BLIND'
11, 8199, 60.9572816774138, 60.9572816774138, 'APPROACH-BLIND'
11, 8200, 60.95938909118835, 60.95938909118835, 'APPROACH-BLIND'
11, 8201, 60.961496504962895, 60.961496504962895, 'APPROACH-BLIND'
11, 8202, 60.96360391873744, 60.96360391873744, 'APPROACH-BLIND'
11, 8203, 60.96428758207527, 60.96428758207527, 'APPROACH-BLIND'
11, 8204, 60.9649712454131, 60.9649712454131, 'APPROACH-BLIND'
11, 8205, 60.965654908750935, 60.965654908750935, 'APPROACH-BLIND'
11, 8206, 60.966338572088766, 60.966338572088766, 'APPROACH-BLIND'
11, 8207, 60.9670222354266, 60.9670222354266, 'APPROACH-BLIND'
11, 8208, 60.96770589876443, 60.96770589876443, 'APPROACH-BLIND'
11, 8209, 60.96838956210226, 60.96838956210226, 'APPROACH-BLIND'
11, 8210, 60.96907322544009, 60.96907322544009, 'APPROACH-BLIND'
11, 8211, 60.96975688877792, 60.96975688877792, 'APPROACH-BLIND'
11, 8212, 60.970440552115754, 60.970440552115754, 'APPROACH-BLIND'
11, 8213, 60.97078238378467, 60.97078238378467, 'APPROACH-STEALTH'
11, 8214, 60.97112421545359, 60.97112421545359, 'APPROACH-STEALTH'
11, 8215, 60.97146604712251, 60.97146604712251, 'APPROACH-STEALTH'
11, 8216, 60.97180787879143, 60.97180787879143, 'APPROACH-STEALTH'
11, 8217, 60.97214971046034, 60.97214971046034, 'APPROACH-STEALTH'
11, 8218, 60.97249154212926, 60.97249154212926, 'APPROACH-STEALTH'
11, 8219, 60.972833373798174, 60.972833373798174, 'APPROACH-STEALTH'
11, 8220, 60.97317520546709, 60.97317520546709, 'APPROACH-STEALTH'
11, 8221, 60.973517037136006, 60.973517037136006, 'APPROACH-STEALTH'
11, 8222, 60.973858868804925, 60.973858868804925, 'APPROACH-STEALTH'
11, 8223, 60.97420070047384, 60.97420070047384, 'APPROACH-STEALTH'
11, 8224, 60.974542532142756, 60.974542532142756, 'APPROACH-STEALTH'
11, 8225, 60.97488436381167, 60.97488436381167, 'APPROACH-STEALTH'
11, 8226, 60.97522619548059, 60.97522619548059, 'APPROACH-STEALTH'
11, 8227, 60.9755680271495, 60.9755680271495, 'APPROACH-STEALTH'
11, 8228, 60.97590985881842, 60.97590985881842, 'APPROACH-STEALTH'
11, 8229, 60.97625169048733, 60.97625169048733, 'APPROACH-STEALTH'
11, 8230, 60.97659352215625, 60.97659352215625, 'APPROACH-STEALTH'
11, 8231, 60.97693535382516, 60.97693535382516, 'APPROACH-STEALTH'
11, 8232, 60.97727718549408, 60.97727718549408, 'APPROACH-STEALTH'
11, 8233, 60.97761901716299, 60.97761901716299, 'APPROACH-STEALTH'
11, 8234, 60.97796084883191, 60.97796084883191, 'APPROACH-STEALTH'
11, 8235, 60.978302680500825, 60.978302680500825, 'APPROACH-STEALTH'
11, 8236, 60.978644512169744, 60.978644512169744, 'APPROACH-STEALTH'
11, 8237, 60.978986343838656, 60.978986343838656, 'APPROACH-STEALTH'
11, 8238, 61.01411386860972, 61.01411386860972, 'PURSUE'
11, 8239, 61.04924139338078, 61.04924139338078, 'PURSUE'
11, 8240, 61.084368918151846, 61.084368918151846, 'PURSUE'
11, 8241, 61.11949644292291, 61.11949644292291, 'PURSUE'
11, 8242, 61.15462396769397, 61.15462396769397, 'PURSUE'
11, 8243, 61.189751492465035, 61.189751492465035, 'PURSUE'
11, 8244, 61.2248790172361, 61.2248790172361, 'PURSUE'
11, 8245, 61.219551149005895, 61.219551149005895, 'APPROACH-STEALTH'
11, 8246, 61.254606442790745, 61.254606442790745, 'PURSUE'
11, 8247, 61.25225771424672, 61.25225771424672, 'APPROACH-STEALTH'
11, 8248, 61.24990898570269, 61.24990898570269, 'APPROACH-STEALTH'
11, 8249, 61.24756025715866, 61.24756025715866, 'APPROACH-STEALTH'
11, 8250, 61.24521152861463, 61.24521152861463, 'APPROACH-STEALTH'
11, 8251, 61.242862800070604, 61.242862800070604, 'APPROACH-STEALTH'
11, 8252, 61.240514071526576, 61.240514071526576, 'APPROACH-STEALTH'
11, 8253, 61.23816534298255, 61.23816534298255, 'APPROACH-STEALTH'
11, 8254, 61.23581661443852, 61.23581661443852, 'APPROACH-STEALTH'
11, 8255, 61.23346788589449, 61.23346788589449, 'APPROACH-STEALTH'
11, 8256, 61.23111915735046, 61.23111915735046, 'APPROACH-STEALTH'
11, 8257, 61.228770428806435, 61.228770428806435, 'APPROACH-STEALTH'
11, 8258, 61.22642170026241, 61.22642170026241, 'APPROACH-STEALTH'
11, 8259, 61.22407297171838, 61.22407297171838, 'APPROACH-STEALTH'
11, 8260, 61.22172424317435, 61.22172424317435, 'APPROACH-STEALTH'
11, 8261, 61.21937551463032, 61.21937551463032, 'APPROACH-STEALTH'
11, 8262, 61.217026786086294, 61.217026786086294, 'APPROACH-STEALTH'
11, 8263, 61.214678057542265, 61.214678057542265, 'APPROACH-STEALTH'
11, 8264, 61.21232932899824, 61.21232932899824, 'APPROACH-STEALTH'
11, 8265, 61.20998060045421, 61.20998060045421, 'APPROACH-STEALTH'
11, 8266, 61.20763187191018, 61.20763187191018, 'APPROACH-STEALTH'
11, 8267, 61.20528314336615, 61.20528314336615, 'APPROACH-STEALTH'
11, 8268, 61.202934414822124, 61.202934414822124, 'APPROACH-STEALTH'
11, 8269, 61.200585686278096, 61.200585686278096, 'APPROACH-STEALTH'
11, 8270, 61.19823695773407, 61.19823695773407, 'APPROACH-STEALTH'
11, 8271, 61.19588822919004, 61.19588822919004, 'APPROACH-STEALTH'
11, 8272, 61.19353950064601, 61.19353950064601, 'APPROACH-STEALTH'
11, 8273, 61.19119077210198, 61.19119077210198, 'APPROACH-STEALTH'
11, 8274, 61.18884204355796, 61.18884204355796, 'APPROACH-STEALTH'
11, 8275, 61.186493315013934, 61.186493315013934, 'APPROACH-STEALTH'
11, 8276, 61.18414458646991, 61.18414458646991, 'APPROACH-STEALTH'
11, 8277, 61.181795857925884, 61.181795857925884, 'APPROACH-STEALTH'
11, 8278, 61.17944712938186, 61.17944712938186, 'APPROACH-STEALTH'
11, 8279, 61.177098400837835, 61.177098400837835, 'APPROACH-STEALTH'
11, 8280, 61.174749672293814, 61.174749672293814, 'APPROACH-STEALTH'
11, 8281, 61.172400943749786, 61.172400943749786, 'APPROACH-STEALTH'
11, 8282, 61.170052215205764, 61.170052215205764, 'APPROACH-STEALTH'
11, 8283, 61.167703486661736, 61.167703486661736, 'APPROACH-STEALTH'
11, 8284, 61.165354758117715, 61.165354758117715, 'APPROACH-STEALTH'
11, 8285, 61.16300602957369, 61.16300602957369, 'APPROACH-STEALTH'
11, 8286, 61.160657301029666, 61.160657301029666, 'APPROACH-STEALTH'
11, 8287, 61.15830857248564, 61.15830857248564, 'APPROACH-STEALTH'
11, 8288, 61.155959843941616, 61.155959843941616, 'APPROACH-STEALTH'
11, 8289, 61.15361111539759, 61.15361111539759, 'APPROACH-STEALTH'
11, 8290, 61.15126238685357, 61.15126238685357, 'APPROACH-STEALTH'
11, 8291, 61.14656492976552, 61.14656492976552, 'APPROACH-BLIND'
11, 8292, 61.14421620122149, 61.14421620122149, 'APPROACH-STEALTH'
11, 8293, 61.14186747267746, 61.14186747267746, 'APPROACH-STEALTH'
11, 8294, 61.13951874413344, 61.13951874413344, 'APPROACH-STEALTH'
11, 8295, 61.13717001558941, 61.13717001558941, 'APPROACH-STEALTH'
11, 8296, 61.13247255850136, 61.13247255850136, 'APPROACH-BLIND'
11, 8297, 61.12777510141331, 61.12777510141331, 'APPROACH-BLIND'
11, 8298, 61.123077644325264, 61.123077644325264, 'APPROACH-BLIND'
11, 8299, 61.118380187237214, 61.118380187237214, 'APPROACH-BLIND'
11, 8300, 61.113682730149165, 61.113682730149165, 'APPROACH-BLIND'
11, 8301, 61.108985273061116, 61.108985273061116, 'APPROACH-BLIND'
11, 8302, 61.104287815973066, 61.104287815973066, 'APPROACH-BLIND'
11, 8303, 61.09959035888502, 61.09959035888502, 'APPROACH-BLIND'
11, 8304, 61.09489290179697, 61.09489290179697, 'APPROACH-BLIND'
11, 8305, 61.09019544470892, 61.09019544470892, 'APPROACH-BLIND'
11, 8306, 61.08549798762087, 61.08549798762087, 'APPROACH-BLIND'
11, 8307, 61.0839154686368, 61.0839154686368, 'APPROACH-BLIND'
11, 8308, 61.08233294965274, 61.08233294965274, 'APPROACH-BLIND'
11, 8309, 61.08075043066867, 61.08075043066867, 'APPROACH-BLIND'
11, 8310, 61.07916791168461, 61.07916791168461, 'APPROACH-BLIND'
11, 8311, 61.07758539270054, 61.07758539270054, 'APPROACH-BLIND'
11, 8312, 61.07600287371647, 61.07600287371647, 'APPROACH-BLIND'
11, 8313, 61.0744203547324, 61.0744203547324, 'APPROACH-BLIND'
11, 8314, 61.07283783574833, 61.07283783574833, 'APPROACH-BLIND'
11, 8315, 61.071255316764265, 61.071255316764265, 'APPROACH-BLIND'
11, 8316, 61.11184246468808, 61.11184246468808, 'PURSUE'
11, 8317, 61.1524296126119, 61.1524296126119, 'PURSUE'
11, 8318, 61.19301676053571, 61.19301676053571, 'PURSUE'
11, 8319, 61.23360390845953, 61.23360390845953, 'PURSUE'
11, 8320, 61.274191056383344, 61.274191056383344, 'PURSUE'
11, 8321, 61.31477820430716, 61.31477820430716, 'PURSUE'
11, 8322, 61.355365352230976, 61.355365352230976, 'PURSUE'
11, 8323, 61.39595250015479, 61.39595250015479, 'PURSUE'
11, 8324, 61.43653964807861, 61.43653964807861, 'PURSUE'
11, 8325, 61.47712679600242, 61.47712679600242, 'PURSUE'
11, 8326, 61.47033932389295, 61.47033932389295, 'APPROACH-STEALTH'
11, 8327, 61.46355185178348, 61.46355185178348, 'APPROACH-STEALTH'
11, 8328, 61.456764379674006, 61.456764379674006, 'APPROACH-STEALTH'
11, 8329, 61.44997690756453, 61.44997690756453, 'APPROACH-STEALTH'
11, 8330, 61.44318943545506, 61.44318943545506, 'APPROACH-STEALTH'
11, 8331, 61.43640196334559, 61.43640196334559, 'APPROACH-STEALTH'
11, 8332, 61.429614491236116, 61.429614491236116, 'APPROACH-STEALTH'
11, 8333, 61.42282701912664, 61.42282701912664, 'APPROACH-STEALTH'
11, 8334, 61.41603954701717, 61.41603954701717, 'APPROACH-STEALTH'
11, 8335, 61.4092520749077, 61.4092520749077, 'APPROACH-STEALTH'
11, 8336, 61.402464602798226, 61.402464602798226, 'APPROACH-STEALTH'
11, 8337, 61.39567713068875, 61.39567713068875, 'APPROACH-STEALTH'
11, 8338, 61.38888965857928, 61.38888965857928, 'APPROACH-STEALTH'
11, 8339, 61.38210218646981, 61.38210218646981, 'APPROACH-STEALTH'
11, 8340, 61.375314714360336, 61.375314714360336, 'APPROACH-STEALTH'
11, 8341, 61.36852724225086, 61.36852724225086, 'APPROACH-STEALTH'
11, 8342, 61.36173977014139, 61.36173977014139, 'APPROACH-STEALTH'
11, 8343, 61.35495229803192, 61.35495229803192, 'APPROACH-STEALTH'
11, 8344, 61.348164825922446, 61.348164825922446, 'APPROACH-STEALTH'
11, 8345, 61.334589881703494, 61.334589881703494, 'APPROACH-BLIND'
11, 8346, 61.32101493748454, 61.32101493748454, 'APPROACH-BLIND'
11, 8347, 61.30743999326559, 61.30743999326559, 'APPROACH-BLIND'
11, 8348, 61.29386504904664, 61.29386504904664, 'APPROACH-BLIND'
11, 8349, 61.280290104827685, 61.280290104827685, 'APPROACH-BLIND'
11, 8350, 61.27350263271821, 61.27350263271821, 'APPROACH-STEALTH'
11, 8351, 61.28502993936548, 61.28502993936548, 'APPROACH-STEALTH'
11, 8352, 61.296557246012746, 61.296557246012746, 'APPROACH-STEALTH'
11, 8353, 61.30808455266001, 61.30808455266001, 'APPROACH-STEALTH'
11, 8354, 61.31961185930728, 61.31961185930728, 'APPROACH-STEALTH'
11, 8355, 61.331139165954546, 61.331139165954546, 'APPROACH-STEALTH'
11, 8356, 61.34266647260181, 61.34266647260181, 'APPROACH-STEALTH'
11, 8357, 61.35419377924908, 61.35419377924908, 'APPROACH-STEALTH'
11, 8358, 61.36572108589635, 61.36572108589635, 'APPROACH-STEALTH'
11, 8359, 61.37724839254361, 61.37724839254361, 'APPROACH-STEALTH'
11, 8360, 61.38877569919088, 61.38877569919088, 'APPROACH-STEALTH'
11, 8361, 61.40030300583815, 61.40030300583815, 'APPROACH-STEALTH'
11, 8362, 61.411830312485414, 61.411830312485414, 'APPROACH-STEALTH'
11, 8363, 61.42335761913268, 61.42335761913268, 'APPROACH-STEALTH'
11, 8364, 61.43488492577995, 61.43488492577995, 'APPROACH-STEALTH'
11, 8365, 61.446412232427214, 61.446412232427214, 'APPROACH-STEALTH'
11, 8366, 61.45793953907448, 61.45793953907448, 'APPROACH-STEALTH'
11, 8367, 61.46946684572175, 61.46946684572175, 'APPROACH-STEALTH'
11, 8368, 61.480994152369014, 61.480994152369014, 'APPROACH-STEALTH'
11, 8369, 61.49252145901628, 61.49252145901628, 'APPROACH-STEALTH'
11, 8370, 61.50404876566355, 61.50404876566355, 'APPROACH-STEALTH'
11, 8371, 61.508890834003594, 61.508890834003594, 'APPROACH-STEALTH'
11, 8372, 61.51373290234364, 61.51373290234364, 'APPROACH-STEALTH'
11, 8373, 61.51857497068369, 61.51857497068369, 'APPROACH-STEALTH'
11, 8374, 61.523417039023734, 61.523417039023734, 'APPROACH-STEALTH'
11, 8375, 61.52825910736378, 61.52825910736378, 'APPROACH-STEALTH'
11, 8376, 61.53310117570383, 61.53310117570383, 'APPROACH-STEALTH'
11, 8377, 61.575173400173384, 61.575173400173384, 'PURSUE'
11, 8378, 61.61724562464294, 61.61724562464294, 'PURSUE'
11, 8379, 61.6593178491125, 61.6593178491125, 'PURSUE'
11, 8380, 61.701390073582054, 61.701390073582054, 'PURSUE'
11, 8381, 61.74346229805161, 61.74346229805161, 'PURSUE'
11, 8382, 61.78553452252117, 61.78553452252117, 'PURSUE'
11, 8383, 61.827606746990725, 61.827606746990725, 'PURSUE'
11, 8384, 61.86967897146028, 61.86967897146028, 'PURSUE'
11, 8385, 61.87345294689875, 61.87345294689875, 'APPROACH-BLIND'
11, 8386, 61.87722692233722, 61.87722692233722, 'APPROACH-BLIND'
11, 8387, 61.88100089777569, 61.88100089777569, 'APPROACH-BLIND'
11, 8388, 61.88477487321416, 61.88477487321416, 'APPROACH-BLIND'
11, 8389, 61.88854884865263, 61.88854884865263, 'APPROACH-BLIND'
11, 8390, 61.89232282409111, 61.89232282409111, 'APPROACH-BLIND'
11, 8391, 61.934868410184436, 61.934868410184436, 'PURSUE'
11, 8392, 61.97741399627776, 61.97741399627776, 'PURSUE'
11, 8393, 62.01995958237109, 62.01995958237109, 'PURSUE'
11, 8394, 62.01954750974112, 62.01954750974112, 'APPROACH-STEALTH'
11, 8395, 62.01913543711116, 62.01913543711116, 'APPROACH-STEALTH'
11, 8396, 62.0187233644812, 62.0187233644812, 'APPROACH-STEALTH'
11, 8397, 62.018311291851234, 62.018311291851234, 'APPROACH-STEALTH'
11, 8398, 62.01789921922127, 62.01789921922127, 'APPROACH-STEALTH'
11, 8399, 62.03077595852707, 62.03077595852707, 'APPROACH-STEALTH'
11, 8400, 62.043652697832876, 62.043652697832876, 'APPROACH-STEALTH'
11, 8401, 62.05652943713868, 62.05652943713868, 'APPROACH-STEALTH'
11, 8402, 62.06940617644448, 62.06940617644448, 'APPROACH-STEALTH'
11, 8403, 62.082282915750284, 62.082282915750284, 'APPROACH-STEALTH'
11, 8404, 62.09515965505609, 62.09515965505609, 'APPROACH-STEALTH'
11, 8405, 62.10803639436189, 62.10803639436189, 'APPROACH-STEALTH'
11, 8406, 62.12091313366769, 62.12091313366769, 'APPROACH-STEALTH'
11, 8407, 62.133789872973495, 62.133789872973495, 'APPROACH-STEALTH'
11, 8408, 62.1466666122793, 62.1466666122793, 'APPROACH-STEALTH'
11, 8409, 62.1595433515851, 62.1595433515851, 'APPROACH-STEALTH'
11, 8410, 62.1724200908909, 62.1724200908909, 'APPROACH-STEALTH'
11, 8411, 62.185296830196705, 62.185296830196705, 'APPROACH-STEALTH'
11, 8412, 62.19817356950251, 62.19817356950251, 'APPROACH-STEALTH'
11, 8413, 62.21105030880831, 62.21105030880831, 'APPROACH-STEALTH'
11, 8414, 62.22392704811411, 62.22392704811411, 'APPROACH-STEALTH'
11, 8415, 62.236803787419916, 62.236803787419916, 'APPROACH-STEALTH'
11, 8416, 62.24968052672572, 62.24968052672572, 'APPROACH-STEALTH'
11, 8417, 62.26255726603152, 62.26255726603152, 'APPROACH-STEALTH'
11, 8418, 62.275434005337324, 62.275434005337324, 'APPROACH-STEALTH'
11, 8419, 62.28831074464313, 62.28831074464313, 'APPROACH-STEALTH'
11, 8420, 62.30118748394893, 62.30118748394893, 'APPROACH-STEALTH'
11, 8421, 62.31406422325473, 62.31406422325473, 'APPROACH-STEALTH'
11, 8422, 62.30299354294621, 62.30299354294621, 'APPROACH-BLIND'
11, 8423, 62.29192286263769, 62.29192286263769, 'APPROACH-BLIND'
11, 8424, 62.28085218232917, 62.28085218232917, 'APPROACH-BLIND'
11, 8425, 62.26978150202065, 62.26978150202065, 'APPROACH-BLIND'
11, 8426, 62.25871082171213, 62.25871082171213, 'APPROACH-BLIND'
11, 8427, 62.24764014140361, 62.24764014140361, 'APPROACH-BLIND'
11, 8428, 62.23656946109509, 62.23656946109509, 'APPROACH-BLIND'
11, 8429, 62.225498780786566, 62.225498780786566, 'APPROACH-BLIND'
11, 8430, 62.214428100478045, 62.214428100478045, 'APPROACH-BLIND'
11, 8431, 62.23795031689807, 62.23795031689807, 'APPROACH-BLIND'
11, 8432, 62.2614725333181, 62.2614725333181, 'APPROACH-BLIND'
11, 8433, 62.27323364152811, 62.27323364152811, 'APPROACH-STEALTH'
11, 8434, 62.28499474973812, 62.28499474973812, 'APPROACH-STEALTH'
11, 8435, 62.29675585794813, 62.29675585794813, 'APPROACH-STEALTH'
11, 8436, 62.30851696615814, 62.30851696615814, 'APPROACH-STEALTH'
11, 8437, 62.32027807436815, 62.32027807436815, 'APPROACH-STEALTH'
11, 8438, 62.33203918257816, 62.33203918257816, 'APPROACH-STEALTH'
11, 8439, 62.34380029078817, 62.34380029078817, 'APPROACH-STEALTH'
11, 8440, 62.35556139899818, 62.35556139899818, 'APPROACH-STEALTH'
11, 8441, 62.367322507208186, 62.367322507208186, 'APPROACH-STEALTH'
11, 8442, 62.379083615418196, 62.379083615418196, 'APPROACH-STEALTH'
11, 8443, 62.390844723628206, 62.390844723628206, 'APPROACH-STEALTH'
11, 8444, 62.402605831838216, 62.402605831838216, 'APPROACH-STEALTH'
11, 8445, 62.414366940048225, 62.414366940048225, 'APPROACH-STEALTH'
11, 8446, 62.426128048258235, 62.426128048258235, 'APPROACH-STEALTH'
11, 8447, 62.437889156468245, 62.437889156468245, 'APPROACH-STEALTH'
11, 8448, 62.449650264678255, 62.449650264678255, 'APPROACH-STEALTH'
11, 8449, 62.461411372888264, 62.461411372888264, 'APPROACH-STEALTH'
11, 8450, 62.473172481098274, 62.473172481098274, 'APPROACH-STEALTH'
11, 8451, 62.484933589308284, 62.484933589308284, 'APPROACH-STEALTH'
11, 8452, 62.49669469751829, 62.49669469751829, 'APPROACH-STEALTH'
11, 8453, 62.5084558057283, 62.5084558057283, 'APPROACH-STEALTH'
11, 8454, 62.55088696678858, 62.55088696678858, 'PURSUE'
11, 8455, 62.59331812784886, 62.59331812784886, 'PURSUE'
11, 8456, 62.63574928890914, 62.63574928890914, 'PURSUE'
11, 8457, 62.67818044996942, 62.67818044996942, 'PURSUE'
11, 8458, 62.720611611029696, 62.720611611029696, 'PURSUE'
11, 8459, 62.763042772089975, 62.763042772089975, 'PURSUE'
11, 8460, 62.80547393315025, 62.80547393315025, 'PURSUE'
11, 8461, 62.81055851505053, 62.81055851505053, 'APPROACH-BLIND'
11, 8462, 62.81564309695081, 62.81564309695081, 'APPROACH-BLIND'
11, 8463, 62.820727678851085, 62.820727678851085, 'APPROACH-BLIND'
11, 8464, 62.82581226075136, 62.82581226075136, 'APPROACH-BLIND'
11, 8465, 62.83089684265164, 62.83089684265164, 'APPROACH-BLIND'
11, 8466, 62.83598142455192, 62.83598142455192, 'APPROACH-BLIND'
11, 8467, 62.841066006452195, 62.841066006452195, 'APPROACH-BLIND'
11, 8468, 62.84615058835247, 62.84615058835247, 'APPROACH-BLIND'
11, 8469, 62.85123517025275, 62.85123517025275, 'APPROACH-BLIND'
11, 8470, 62.86491620046071, 62.86491620046071, 'APPROACH-STEALTH'
11, 8471, 62.878597230668674, 62.878597230668674, 'APPROACH-STEALTH'
11, 8472, 62.89227826087664, 62.89227826087664, 'APPROACH-STEALTH'
11, 8473, 62.9059592910846, 62.9059592910846, 'APPROACH-STEALTH'
11, 8474, 62.91964032129256, 62.91964032129256, 'APPROACH-STEALTH'
11, 8475, 62.933321351500524, 62.933321351500524, 'APPROACH-STEALTH'
11, 8476, 62.94700238170849, 62.94700238170849, 'APPROACH-STEALTH'
11, 8477, 62.96068341191645, 62.96068341191645, 'APPROACH-STEALTH'
11, 8478, 62.97436444212441, 62.97436444212441, 'APPROACH-STEALTH'
11, 8479, 62.988045472332374, 62.988045472332374, 'APPROACH-STEALTH'
11, 8480, 63.001726502540336, 63.001726502540336, 'APPROACH-STEALTH'
11, 8481, 63.0154075327483, 63.0154075327483, 'APPROACH-STEALTH'
11, 8482, 63.02908856295626, 63.02908856295626, 'APPROACH-STEALTH'
11, 8483, 63.04276959316422, 63.04276959316422, 'APPROACH-STEALTH'
11, 8484, 63.056450623372186, 63.056450623372186, 'APPROACH-STEALTH'
11, 8485, 63.07013165358015, 63.07013165358015, 'APPROACH-STEALTH'
11, 8486, 63.08381268378811, 63.08381268378811, 'APPROACH-STEALTH'
11, 8487, 63.09749371399607, 63.09749371399607, 'APPROACH-STEALTH'
11, 8488, 63.111174744204035, 63.111174744204035, 'APPROACH-STEALTH'
11, 8489, 63.124855774412, 63.124855774412, 'APPROACH-STEALTH'
11, 8490, 63.13853680461996, 63.13853680461996, 'APPROACH-STEALTH'
11, 8491, 63.15221783482792, 63.15221783482792, 'APPROACH-STEALTH'
11, 8492, 63.165898865035885, 63.165898865035885, 'APPROACH-STEALTH'
11, 8493, 63.17957989524385, 63.17957989524385, 'APPROACH-STEALTH'
11, 8494, 63.19326092545181, 63.19326092545181, 'APPROACH-STEALTH'
11, 8495, 63.20694195565977, 63.20694195565977, 'APPROACH-STEALTH'
11, 8496, 63.220622985867735, 63.220622985867735, 'APPROACH-STEALTH'
11, 8497, 63.2343040160757, 63.2343040160757, 'APPROACH-STEALTH'
11, 8498, 63.24798504628366, 63.24798504628366, 'APPROACH-STEALTH'
11, 8499, 63.26166607649162, 63.26166607649162, 'APPROACH-STEALTH'
11, 8500, 63.275347106699584, 63.275347106699584, 'APPROACH-STEALTH'
11, 8501, 63.30270916711551, 63.30270916711551, 'APPROACH-BLIND'
11, 8502, 63.330071227531434, 63.330071227531434, 'APPROACH-BLIND'
11, 8503, 63.35743328794736, 63.35743328794736, 'APPROACH-BLIND'
11, 8504, 63.38479534836328, 63.38479534836328, 'APPROACH-BLIND'
11, 8505, 63.41215740877921, 63.41215740877921, 'APPROACH-BLIND'
11, 8506, 63.43951946919513, 63.43951946919513, 'APPROACH-BLIND'
11, 8507, 63.46688152961106, 63.46688152961106, 'APPROACH-BLIND'
11, 8508, 63.49424359002698, 63.49424359002698, 'APPROACH-BLIND'
11, 8509, 63.52160565044291, 63.52160565044291, 'APPROACH-BLIND'
11, 8510, 63.534461658807125, 63.534461658807125, 'APPROACH-BLIND'
11, 8511, 63.54731766717134, 63.54731766717134, 'APPROACH-BLIND'
11, 8512, 63.56017367553556, 63.56017367553556, 'APPROACH-BLIND'
11, 8513, 63.573029683899776, 63.573029683899776, 'APPROACH-BLIND'
11, 8514, 63.58588569226399, 63.58588569226399, 'APPROACH-BLIND'
11, 8515, 63.59874170062821, 63.59874170062821, 'APPROACH-BLIND'
11, 8516, 63.61159770899243, 63.61159770899243, 'APPROACH-BLIND'
11, 8517, 63.624453717356644, 63.624453717356644, 'APPROACH-BLIND'
11, 8518, 63.63730972572086, 63.63730972572086, 'APPROACH-BLIND'
11, 8519, 63.65016573408508, 63.65016573408508, 'APPROACH-BLIND'
11, 8520, 63.6630217424493, 63.6630217424493, 'APPROACH-BLIND'
11, 8521, 63.67587775081352, 63.67587775081352, 'APPROACH-BLIND'
11, 8522, 63.68873375917774, 63.68873375917774, 'APPROACH-BLIND'
11, 8523, 63.69516176335985, 63.69516176335985, 'APPROACH-STEALTH'
11, 8524, 63.70158976754196, 63.70158976754196, 'APPROACH-STEALTH'
11, 8525, 63.70801777172407, 63.70801777172407, 'APPROACH-STEALTH'
11, 8526, 63.714445775906185, 63.714445775906185, 'APPROACH-STEALTH'
11, 8527, 63.7208737800883, 63.7208737800883, 'APPROACH-STEALTH'
11, 8528, 63.72730178427041, 63.72730178427041, 'APPROACH-STEALTH'
11, 8529, 63.73372978845252, 63.73372978845252, 'APPROACH-STEALTH'
11, 8530, 63.74015779263463, 63.74015779263463, 'APPROACH-STEALTH'
11, 8531, 63.78204552738886, 63.78204552738886, 'PURSUE'
11, 8532, 63.823933262143086, 63.823933262143086, 'PURSUE'
11, 8533, 63.86582099689731, 63.86582099689731, 'PURSUE'
11, 8534, 63.868503907336006, 63.868503907336006, 'APPROACH-BLIND'
11, 8535, 63.8711868177747, 63.8711868177747, 'APPROACH-BLIND'
11, 8536, 63.87386972821339, 63.87386972821339, 'APPROACH-BLIND'
11, 8537, 63.876552638652086, 63.876552638652086, 'APPROACH-BLIND'
11, 8538, 63.87923554909078, 63.87923554909078, 'APPROACH-BLIND'
11, 8539, 63.88191845952947, 63.88191845952947, 'APPROACH-BLIND'
11, 8540, 63.884601369968166, 63.884601369968166, 'APPROACH-BLIND'
11, 8541, 63.88728428040686, 63.88728428040686, 'APPROACH-BLIND'
11, 8542, 63.888625735626206, 63.888625735626206, 'APPROACH-STEALTH'
11, 8543, 63.88996719084555, 63.88996719084555, 'APPROACH-STEALTH'
11, 8544, 63.8913086460649, 63.8913086460649, 'APPROACH-STEALTH'
11, 8545, 63.89265010128425, 63.89265010128425, 'APPROACH-STEALTH'
11, 8546, 63.89399155650359, 63.89399155650359, 'APPROACH-STEALTH'
11, 8547, 63.89533301172294, 63.89533301172294, 'APPROACH-STEALTH'
11, 8548, 63.89667446694229, 63.89667446694229, 'APPROACH-STEALTH'
11, 8549, 63.89801592216163, 63.89801592216163, 'APPROACH-STEALTH'
11, 8550, 63.89935737738098, 63.89935737738098, 'APPROACH-STEALTH'
11, 8551, 63.90069883260033, 63.90069883260033, 'APPROACH-STEALTH'
11, 8552, 63.90204028781967, 63.90204028781967, 'APPROACH-STEALTH'
11, 8553, 63.90338174303902, 63.90338174303902, 'APPROACH-STEALTH'
11, 8554, 63.90472319825837, 63.90472319825837, 'APPROACH-STEALTH'
11, 8555, 63.90606465347771, 63.90606465347771, 'APPROACH-STEALTH'
11, 8556, 63.90740610869706, 63.90740610869706, 'APPROACH-STEALTH'
11, 8557, 63.90874756391641, 63.90874756391641, 'APPROACH-STEALTH'
11, 8558, 63.910089019135754, 63.910089019135754, 'APPROACH-STEALTH'
11, 8559, 63.9114304743551, 63.9114304743551, 'APPROACH-STEALTH'
11, 8560, 63.91277192957445, 63.91277192957445, 'APPROACH-STEALTH'
11, 8561, 63.914113384793794, 63.914113384793794, 'APPROACH-STEALTH'
11, 8562, 63.91545484001314, 63.91545484001314, 'APPROACH-STEALTH'
11, 8563, 63.91679629523249, 63.91679629523249, 'APPROACH-STEALTH'
11, 8564, 63.918137750451834, 63.918137750451834, 'APPROACH-STEALTH'
11, 8565, 63.91947920567118, 63.91947920567118, 'APPROACH-STEALTH'
11, 8566, 63.92082066089053, 63.92082066089053, 'APPROACH-STEALTH'
11, 8567, 63.922162116109874, 63.922162116109874, 'APPROACH-STEALTH'
11, 8568, 63.92350357132922, 63.92350357132922, 'APPROACH-STEALTH'
11, 8569, 63.92484502654857, 63.92484502654857, 'APPROACH-STEALTH'
11, 8570, 63.926186481767914, 63.926186481767914, 'APPROACH-STEALTH'
11, 8571, 63.92752793698726, 63.92752793698726, 'APPROACH-STEALTH'
11, 8572, 63.92886939220661, 63.92886939220661, 'APPROACH-STEALTH'
11, 8573, 63.930210847425954, 63.930210847425954, 'APPROACH-STEALTH'
11, 8574, 63.9315523026453, 63.9315523026453, 'APPROACH-STEALTH'
11, 8575, 63.93289375786465, 63.93289375786465, 'APPROACH-STEALTH'
11, 8576, 63.934235213083994, 63.934235213083994, 'APPROACH-STEALTH'
11, 8577, 63.93557666830334, 63.93557666830334, 'APPROACH-STEALTH'
11, 8578, 63.93691812352269, 63.93691812352269, 'APPROACH-STEALTH'
11, 8579, 63.938259578742034, 63.938259578742034, 'APPROACH-STEALTH'
11, 8580, 63.93960103396138, 63.93960103396138, 'APPROACH-STEALTH'
11, 8581, 63.94094248918073, 63.94094248918073, 'APPROACH-STEALTH'
11, 8582, 63.942283944400074, 63.942283944400074, 'APPROACH-STEALTH'
11, 8583, 63.94362539961942, 63.94362539961942, 'APPROACH-STEALTH'
11, 8584, 63.94496685483877, 63.94496685483877, 'APPROACH-STEALTH'
11, 8585, 63.946308310058114, 63.946308310058114, 'APPROACH-STEALTH'
11, 8586, 63.94764976527746, 63.94764976527746, 'APPROACH-STEALTH'
11, 8587, 63.950332675716155, 63.950332675716155, 'APPROACH-BLIND'
11, 8588, 63.95301558615485, 63.95301558615485, 'APPROACH-BLIND'
11, 8589, 63.978227878092014, 63.978227878092014, 'APPROACH-BLIND'
11, 8590, 63.9908340240606, 63.9908340240606, 'APPROACH-STEALTH'
11, 8591, 64.00344017002918, 64.00344017002918, 'APPROACH-STEALTH'
11, 8592, 64.01604631599777, 64.01604631599777, 'APPROACH-STEALTH'
11, 8593, 64.02865246196636, 64.02865246196636, 'APPROACH-STEALTH'
11, 8594, 64.04125860793495, 64.04125860793495, 'APPROACH-STEALTH'
11, 8595, 64.06647089987212, 64.06647089987212, 'APPROACH-BLIND'
11, 8596, 64.09168319180928, 64.09168319180928, 'APPROACH-BLIND'
11, 8597, 64.10428933777787, 64.10428933777787, 'APPROACH-STEALTH'
11, 8598, 64.11689548374646, 64.11689548374646, 'APPROACH-STEALTH'
11, 8599, 64.12950162971505, 64.12950162971505, 'APPROACH-STEALTH'
11, 8600, 64.14210777568364, 64.14210777568364, 'APPROACH-STEALTH'
11, 8601, 64.15471392165223, 64.15471392165223, 'APPROACH-STEALTH'
11, 8602, 64.16732006762082, 64.16732006762082, 'APPROACH-STEALTH'
11, 8603, 64.17992621358941, 64.17992621358941, 'APPROACH-STEALTH'
11, 8604, 64.192532359558, 64.192532359558, 'APPROACH-STEALTH'
11, 8605, 64.20513850552659, 64.20513850552659, 'APPROACH-STEALTH'
11, 8606, 64.21774465149518, 64.21774465149518, 'APPROACH-STEALTH'
11, 8607, 64.23035079746377, 64.23035079746377, 'APPROACH-STEALTH'
11, 8608, 64.24295694343236, 64.24295694343236, 'APPROACH-STEALTH'
11, 8609, 64.25556308940095, 64.25556308940095, 'APPROACH-STEALTH'
11, 8610, 64.26816923536954, 64.26816923536954, 'APPROACH-STEALTH'
11, 8611, 64.28077538133813, 64.28077538133813, 'APPROACH-STEALTH'
11, 8612, 64.29338152730672, 64.29338152730672, 'APPROACH-STEALTH'
11, 8613, 64.30598767327531, 64.30598767327531, 'APPROACH-STEALTH'
11, 8614, 64.3185938192439, 64.3185938192439, 'APPROACH-STEALTH'
11, 8615, 64.33119996521249, 64.33119996521249, 'APPROACH-STEALTH'
11, 8616, 64.34380611118108, 64.34380611118108, 'APPROACH-STEALTH'
11, 8617, 64.35641225714967, 64.35641225714967, 'APPROACH-STEALTH'
11, 8618, 64.36901840311826, 64.36901840311826, 'APPROACH-STEALTH'
11, 8619, 64.38162454908685, 64.38162454908685, 'APPROACH-STEALTH'
11, 8620, 64.39423069505544, 64.39423069505544, 'APPROACH-STEALTH'
11, 8621, 64.43799315421118, 64.43799315421118, 'PURSUE'
11, 8622, 64.48175561336693, 64.48175561336693, 'PURSUE'
11, 8623, 64.49464662626848, 64.49464662626848, 'APPROACH-STEALTH'
11, 8624, 64.50753763917002, 64.50753763917002, 'APPROACH-STEALTH'
11, 8625, 64.51282015588869, 64.51282015588869, 'APPROACH-STEALTH'
11, 8626, 64.51810267260736, 64.51810267260736, 'APPROACH-STEALTH'
11, 8627, 64.56195892766208, 64.56195892766208, 'PURSUE'
11, 8628, 64.6058151827168, 64.6058151827168, 'PURSUE'
11, 8629, 64.64967143777152, 64.64967143777152, 'PURSUE'
11, 8630, 64.69352769282624, 64.69352769282624, 'PURSUE'
11, 8631, 64.73738394788096, 64.73738394788096, 'PURSUE'
11, 8632, 64.74093983004181, 64.74093983004181, 'APPROACH-STEALTH'
11, 8633, 64.74449571220266, 64.74449571220266, 'APPROACH-STEALTH'
11, 8634, 64.74805159436352, 64.74805159436352, 'APPROACH-STEALTH'
11, 8635, 64.75160747652437, 64.75160747652437, 'APPROACH-STEALTH'
11, 8636, 64.75516335868522, 64.75516335868522, 'APPROACH-STEALTH'
11, 8637, 64.75871924084608, 64.75871924084608, 'APPROACH-STEALTH'
11, 8638, 64.76227512300693, 64.76227512300693, 'APPROACH-STEALTH'
11, 8639, 64.76583100516778, 64.76583100516778, 'APPROACH-STEALTH'
11, 8640, 64.76938688732864, 64.76938688732864, 'APPROACH-STEALTH'
11, 8641, 64.77294276948949, 64.77294276948949, 'APPROACH-STEALTH'
11, 8642, 64.78673868382863, 64.78673868382863, 'APPROACH-STEALTH'
11, 8643, 64.80053459816777, 64.80053459816777, 'APPROACH-STEALTH'
11, 8644, 64.81433051250691, 64.81433051250691, 'APPROACH-STEALTH'
11, 8645, 64.82812642684605, 64.82812642684605, 'APPROACH-STEALTH'
11, 8646, 64.8419223411852, 64.8419223411852, 'APPROACH-STEALTH'
11, 8647, 64.85571825552434, 64.85571825552434, 'APPROACH-STEALTH'
11, 8648, 64.85799840215022, 64.85799840215022, 'APPROACH-STEALTH'
11, 8649, 64.8602785487761, 64.8602785487761, 'APPROACH-STEALTH'
11, 8650, 64.86255869540197, 64.86255869540197, 'APPROACH-STEALTH'
11, 8651, 64.90644187974162, 64.90644187974162, 'PURSUE'
11, 8652, 64.95032506408127, 64.95032506408127, 'PURSUE'
11, 8653, 64.99420824842092, 64.99420824842092, 'PURSUE'
11, 8654, 65.03809143276057, 65.03809143276057, 'PURSUE'
11, 8655, 65.03731665419981, 65.03731665419981, 'APPROACH-STEALTH'
11, 8656, 65.08114045873279, 65.08114045873279, 'PURSUE'
11, 8657, 65.12496426326577, 65.12496426326577, 'PURSUE'
11, 8658, 65.12211292193551, 65.12211292193551, 'APPROACH-STEALTH'
11, 8659, 65.11926158060525, 65.11926158060525, 'APPROACH-STEALTH'
11, 8660, 65.163178438043, 65.163178438043, 'PURSUE'
11, 8661, 65.20709529548076, 65.20709529548076, 'PURSUE'
11, 8662, 65.21886610730891, 65.21886610730891, 'APPROACH-STEALTH'
11, 8663, 65.23063691913707, 65.23063691913707, 'APPROACH-STEALTH'
11, 8664, 65.24240773096523, 65.24240773096523, 'APPROACH-STEALTH'
11, 8665, 65.25417854279338, 65.25417854279338, 'APPROACH-STEALTH'
11, 8666, 65.26594935462154, 65.26594935462154, 'APPROACH-STEALTH'
11, 8667, 65.2777201664497, 65.2777201664497, 'APPROACH-STEALTH'
11, 8668, 65.28949097827785, 65.28949097827785, 'APPROACH-STEALTH'
11, 8669, 65.30126179010601, 65.30126179010601, 'APPROACH-STEALTH'
11, 8670, 65.31303260193417, 65.31303260193417, 'APPROACH-STEALTH'
11, 8671, 65.32480341376233, 65.32480341376233, 'APPROACH-STEALTH'
11, 8672, 65.33657422559048, 65.33657422559048, 'APPROACH-STEALTH'
11, 8673, 65.34834503741864, 65.34834503741864, 'APPROACH-STEALTH'
11, 8674, 65.3601158492468, 65.3601158492468, 'APPROACH-STEALTH'
11, 8675, 65.37188666107495, 65.37188666107495, 'APPROACH-STEALTH'
11, 8676, 65.38365747290311, 65.38365747290311, 'APPROACH-STEALTH'
11, 8677, 65.39542828473127, 65.39542828473127, 'APPROACH-STEALTH'
11, 8678, 65.40719909655942, 65.40719909655942, 'APPROACH-STEALTH'
11, 8679, 65.41896990838758, 65.41896990838758, 'APPROACH-STEALTH'
11, 8680, 65.43074072021574, 65.43074072021574, 'APPROACH-STEALTH'
11, 8681, 65.4425115320439, 65.4425115320439, 'APPROACH-STEALTH'
11, 8682, 65.45428234387205, 65.45428234387205, 'APPROACH-STEALTH'
11, 8683, 65.46605315570021, 65.46605315570021, 'APPROACH-STEALTH'
11, 8684, 65.47782396752837, 65.47782396752837, 'APPROACH-STEALTH'
11, 8685, 65.48959477935652, 65.48959477935652, 'APPROACH-STEALTH'
11, 8686, 65.50136559118468, 65.50136559118468, 'APPROACH-STEALTH'
11, 8687, 65.54456860104646, 65.54456860104646, 'PURSUE'
11, 8688, 65.58777161090825, 65.58777161090825, 'PURSUE'
11, 8689, 65.63097462077003, 65.63097462077003, 'PURSUE'
11, 8690, 65.67417763063182, 65.67417763063182, 'PURSUE'
11, 8691, 65.7173806404936, 65.7173806404936, 'PURSUE'
11, 8692, 65.76058365035539, 65.76058365035539, 'PURSUE'
11, 8693, 65.80378666021717, 65.80378666021717, 'PURSUE'
11, 8694, 65.84698967007895, 65.84698967007895, 'PURSUE'
11, 8695, 65.89019267994074, 65.89019267994074, 'PURSUE'
11, 8696, 65.93339568980252, 65.93339568980252, 'PURSUE'
11, 8697, 65.97659869966431, 65.97659869966431, 'PURSUE'
11, 8698, 66.01980170952609, 66.01980170952609, 'PURSUE'
11, 8699, 66.06300471938788, 66.06300471938788, 'PURSUE'
11, 8700, 66.10620772924966, 66.10620772924966, 'PURSUE'
11, 8701, 66.14941073911145, 66.14941073911145, 'PURSUE'
11, 8702, 66.19261374897323, 66.19261374897323, 'PURSUE'
11, 8703, 66.23581675883501, 66.23581675883501, 'PURSUE'
11, 8704, 66.2790197686968, 66.2790197686968, 'PURSUE'
11, 8705, 66.32222277855858, 66.32222277855858, 'PURSUE'
11, 8706, 66.36542578842037, 66.36542578842037, 'PURSUE'
11, 8707, 66.40862879828215, 66.40862879828215, 'PURSUE'
11, 8708, 66.45183180814394, 66.45183180814394, 'PURSUE'
11, 8709, 66.49503481800572, 66.49503481800572, 'PURSUE'
11, 8710, 66.49058942506478, 66.49058942506478, 'APPROACH-STEALTH'
11, 8711, 66.48614403212385, 66.48614403212385, 'APPROACH-STEALTH'
11, 8712, 66.48169863918291, 66.48169863918291, 'APPROACH-STEALTH'
11, 8713, 66.47725324624197, 66.47725324624197, 'APPROACH-STEALTH'
11, 8714, 66.47280785330103, 66.47280785330103, 'APPROACH-STEALTH'
11, 8715, 66.4683624603601, 66.4683624603601, 'APPROACH-STEALTH'
11, 8716, 66.46391706741916, 66.46391706741916, 'APPROACH-STEALTH'
11, 8717, 66.45947167447822, 66.45947167447822, 'APPROACH-STEALTH'
11, 8718, 66.45502628153729, 66.45502628153729, 'APPROACH-STEALTH'
11, 8719, 66.45058088859635, 66.45058088859635, 'APPROACH-STEALTH'
11, 8720, 66.44613549565541, 66.44613549565541, 'APPROACH-STEALTH'
11, 8721, 66.44169010271447, 66.44169010271447, 'APPROACH-STEALTH'
11, 8722, 66.43724470977354, 66.43724470977354, 'APPROACH-STEALTH'
11, 8723, 66.4327993168326, 66.4327993168326, 'APPROACH-STEALTH'
11, 8724, 66.42835392389166, 66.42835392389166, 'APPROACH-STEALTH'
11, 8725, 66.42390853095073, 66.42390853095073, 'APPROACH-STEALTH'
11, 8726, 66.41946313800979, 66.41946313800979, 'APPROACH-STEALTH'
11, 8727, 66.41501774506885, 66.41501774506885, 'APPROACH-STEALTH'
11, 8728, 66.41057235212791, 66.41057235212791, 'APPROACH-STEALTH'
11, 8729, 66.40612695918698, 66.40612695918698, 'APPROACH-STEALTH'
11, 8730, 66.40168156624604, 66.40168156624604, 'APPROACH-STEALTH'
11, 8731, 66.3972361733051, 66.3972361733051, 'APPROACH-STEALTH'
11, 8732, 66.39279078036417, 66.39279078036417, 'APPROACH-STEALTH'
11, 8733, 66.38834538742323, 66.38834538742323, 'APPROACH-STEALTH'
11, 8734, 66.38389999448229, 66.38389999448229, 'APPROACH-STEALTH'
11, 8735, 66.37945460154135, 66.37945460154135, 'APPROACH-STEALTH'
11, 8736, 66.37500920860042, 66.37500920860042, 'APPROACH-STEALTH'
11, 8737, 66.37056381565948, 66.37056381565948, 'APPROACH-STEALTH'
11, 8738, 66.36611842271854, 66.36611842271854, 'APPROACH-STEALTH'
11, 8739, 66.3616730297776, 66.3616730297776, 'APPROACH-STEALTH'
11, 8740, 66.35722763683667, 66.35722763683667, 'APPROACH-STEALTH'
11, 8741, 66.35278224389573, 66.35278224389573, 'APPROACH-STEALTH'
11, 8742, 66.3483368509548, 66.3483368509548, 'APPROACH-STEALTH'
11, 8743, 66.34389145801386, 66.34389145801386, 'APPROACH-STEALTH'
11, 8744, 66.33944606507292, 66.33944606507292, 'APPROACH-STEALTH'
11, 8745, 66.33500067213198, 66.33500067213198, 'APPROACH-STEALTH'
11, 8746, 66.33055527919105, 66.33055527919105, 'APPROACH-STEALTH'
11, 8747, 66.37572249659559, 66.37572249659559, 'PURSUE'
11, 8748, 66.42088971400013, 66.42088971400013, 'PURSUE'
11, 8749, 66.46605693140467, 66.46605693140467, 'PURSUE'
11, 8750, 66.45952919443364, 66.45952919443364, 'APPROACH-STEALTH'
11, 8751, 66.45300145746262, 66.45300145746262, 'APPROACH-STEALTH'
11, 8752, 66.4464737204916, 66.4464737204916, 'APPROACH-STEALTH'
11, 8753, 66.43994598352057, 66.43994598352057, 'APPROACH-STEALTH'
11, 8754, 66.43341824654955, 66.43341824654955, 'APPROACH-STEALTH'
11, 8755, 66.42689050957853, 66.42689050957853, 'APPROACH-STEALTH'
11, 8756, 66.4203627726075, 66.4203627726075, 'APPROACH-STEALTH'
11, 8757, 66.41383503563648, 66.41383503563648, 'APPROACH-STEALTH'
11, 8758, 66.40730729866546, 66.40730729866546, 'APPROACH-STEALTH'
11, 8759, 66.40077956169443, 66.40077956169443, 'APPROACH-STEALTH'
11, 8760, 66.39425182472341, 66.39425182472341, 'APPROACH-STEALTH'
11, 8761, 66.38772408775239, 66.38772408775239, 'APPROACH-STEALTH'
11, 8762, 66.38119635078137, 66.38119635078137, 'APPROACH-STEALTH'
11, 8763, 66.37466861381034, 66.37466861381034, 'APPROACH-STEALTH'
11, 8764, 66.36814087683932, 66.36814087683932, 'APPROACH-STEALTH'
11, 8765, 66.3616131398683, 66.3616131398683, 'APPROACH-STEALTH'
11, 8766, 66.35508540289727, 66.35508540289727, 'APPROACH-STEALTH'
11, 8767, 66.34855766592625, 66.34855766592625, 'APPROACH-STEALTH'
11, 8768, 66.34202992895523, 66.34202992895523, 'APPROACH-STEALTH'
11, 8769, 66.3355021919842, 66.3355021919842, 'APPROACH-STEALTH'
11, 8770, 66.32897445501318, 66.32897445501318, 'APPROACH-STEALTH'
11, 8771, 66.32244671804216, 66.32244671804216, 'APPROACH-STEALTH'
11, 8772, 66.31591898107114, 66.31591898107114, 'APPROACH-STEALTH'
11, 8773, 66.30939124410011, 66.30939124410011, 'APPROACH-STEALTH'
11, 8774, 66.35582600788776, 66.35582600788776, 'PURSUE'
11, 8775, 66.4022607716754, 66.4022607716754, 'PURSUE'
11, 8776, 66.44869553546305, 66.44869553546305, 'PURSUE'
11, 8777, 66.44467357217185, 66.44467357217185, 'APPROACH-STEALTH'
11, 8778, 66.44065160888066, 66.44065160888066, 'APPROACH-STEALTH'
11, 8779, 66.43662964558946, 66.43662964558946, 'APPROACH-STEALTH'
11, 8780, 66.43260768229827, 66.43260768229827, 'APPROACH-STEALTH'
11, 8781, 66.42858571900707, 66.42858571900707, 'APPROACH-STEALTH'
11, 8782, 66.42456375571588, 66.42456375571588, 'APPROACH-STEALTH'
11, 8783, 66.42054179242469, 66.42054179242469, 'APPROACH-STEALTH'
11, 8784, 66.41651982913349, 66.41651982913349, 'APPROACH-STEALTH'
11, 8785, 66.4124978658423, 66.4124978658423, 'APPROACH-STEALTH'
11, 8786, 66.4084759025511, 66.4084759025511, 'APPROACH-STEALTH'
11, 8787, 66.40445393925991, 66.40445393925991, 'APPROACH-STEALTH'
11, 8788, 66.40043197596871, 66.40043197596871, 'APPROACH-STEALTH'
11, 8789, 66.39641001267752, 66.39641001267752, 'APPROACH-STEALTH'
11, 8790, 66.39238804938633, 66.39238804938633, 'APPROACH-STEALTH'
11, 8791, 66.38836608609513, 66.38836608609513, 'APPROACH-STEALTH'
11, 8792, 66.38434412280395, 66.38434412280395, 'APPROACH-STEALTH'
11, 8793, 66.38032215951276, 66.38032215951276, 'APPROACH-STEALTH'
11, 8794, 66.37630019622158, 66.37630019622158, 'APPROACH-STEALTH'
11, 8795, 66.37227823293038, 66.37227823293038, 'APPROACH-STEALTH'
11, 8796, 66.3682562696392, 66.3682562696392, 'APPROACH-STEALTH'
11, 8797, 66.36423430634801, 66.36423430634801, 'APPROACH-STEALTH'
11, 8798, 66.36021234305683, 66.36021234305683, 'APPROACH-STEALTH'
11, 8799, 66.35619037976564, 66.35619037976564, 'APPROACH-STEALTH'
11, 8800, 66.35216841647446, 66.35216841647446, 'APPROACH-STEALTH'
11, 8801, 66.34814645318326, 66.34814645318326, 'APPROACH-STEALTH'
11, 8802, 66.34412448989208, 66.34412448989208, 'APPROACH-STEALTH'
11, 8803, 66.34010252660089, 66.34010252660089, 'APPROACH-STEALTH'
11, 8804, 66.33608056330971, 66.33608056330971, 'APPROACH-STEALTH'
11, 8805, 66.33205860001851, 66.33205860001851, 'APPROACH-STEALTH'
11, 8806, 66.32803663672733, 66.32803663672733, 'APPROACH-STEALTH'
11, 8807, 66.32401467343614, 66.32401467343614, 'APPROACH-STEALTH'
11, 8808, 66.31999271014496, 66.31999271014496, 'APPROACH-STEALTH'
11, 8809, 66.31597074685378, 66.31597074685378, 'APPROACH-STEALTH'
11, 8810, 66.31194878356258, 66.31194878356258, 'APPROACH-STEALTH'
11, 8811, 66.3079268202714, 66.3079268202714, 'APPROACH-STEALTH'
11, 8812, 66.30390485698021, 66.30390485698021, 'APPROACH-STEALTH'
11, 8813, 66.29988289368903, 66.29988289368903, 'APPROACH-STEALTH'
11, 8814, 66.29586093039784, 66.29586093039784, 'APPROACH-STEALTH'
11, 8815, 66.29183896710666, 66.29183896710666, 'APPROACH-STEALTH'
11, 8816, 66.28781700381546, 66.28781700381546, 'APPROACH-STEALTH'
11, 8817, 66.28379504052428, 66.28379504052428, 'APPROACH-STEALTH'
11, 8818, 66.27977307723309, 66.27977307723309, 'APPROACH-STEALTH'
11, 8819, 66.27575111394191, 66.27575111394191, 'APPROACH-STEALTH'
11, 8820, 66.27172915065071, 66.27172915065071, 'APPROACH-STEALTH'
11, 8821, 66.26770718735953, 66.26770718735953, 'APPROACH-STEALTH'
11, 8822, 66.26368522406834, 66.26368522406834, 'APPROACH-STEALTH'
11, 8823, 66.25966326077716, 66.25966326077716, 'APPROACH-STEALTH'
11, 8824, 66.25564129748597, 66.25564129748597, 'APPROACH-STEALTH'
11, 8825, 66.25161933419479, 66.25161933419479, 'APPROACH-STEALTH'
11, 8826, 66.24759737090359, 66.24759737090359, 'APPROACH-STEALTH'
11, 8827, 66.24357540761241, 66.24357540761241, 'APPROACH-STEALTH'
11, 8828, 66.23955344432122, 66.23955344432122, 'APPROACH-STEALTH'
11, 8829, 66.23553148103004, 66.23553148103004, 'APPROACH-STEALTH'
11, 8830, 66.23150951773884, 66.23150951773884, 'APPROACH-STEALTH'
11, 8831, 66.22748755444766, 66.22748755444766, 'APPROACH-STEALTH'
11, 8832, 66.22346559115647, 66.22346559115647, 'APPROACH-STEALTH'
11, 8833, 66.21944362786529, 66.21944362786529, 'APPROACH-STEALTH'
11, 8834, 66.2154216645741, 66.2154216645741, 'APPROACH-STEALTH'
11, 8835, 66.21139970128291, 66.21139970128291, 'APPROACH-STEALTH'
11, 8836, 66.20737773799172, 66.20737773799172, 'APPROACH-STEALTH'
11, 8837, 66.20335577470054, 66.20335577470054, 'APPROACH-STEALTH'
11, 8838, 66.19933381140935, 66.19933381140935, 'APPROACH-STEALTH'
11, 8839, 66.19531184811817, 66.19531184811817, 'APPROACH-STEALTH'
11, 8840, 66.2449295379023, 66.2449295379023, 'PURSUE'
11, 8841, 66.29454722768642, 66.29454722768642, 'PURSUE'
11, 8842, 66.34416491747055, 66.34416491747055, 'PURSUE'
11, 8843, 66.39378260725468, 66.39378260725468, 'PURSUE'
11, 8844, 66.4434002970388, 66.4434002970388, 'PURSUE'
11, 8845, 66.49301798682293, 66.49301798682293, 'PURSUE'
11, 8846, 66.48862865222524, 66.48862865222524, 'APPROACH-STEALTH'
11, 8847, 66.48423931762756, 66.48423931762756, 'APPROACH-STEALTH'
11, 8848, 66.47984998302987, 66.47984998302987, 'APPROACH-STEALTH'
11, 8849, 66.47546064843218, 66.47546064843218, 'APPROACH-STEALTH'
11, 8850, 66.47107131383449, 66.47107131383449, 'APPROACH-STEALTH'
11, 8851, 66.4666819792368, 66.4666819792368, 'APPROACH-STEALTH'
11, 8852, 66.4622926446391, 66.4622926446391, 'APPROACH-STEALTH'
11, 8853, 66.45790331004142, 66.45790331004142, 'APPROACH-STEALTH'
11, 8854, 66.45351397544373, 66.45351397544373, 'APPROACH-STEALTH'
11, 8855, 66.44912464084604, 66.44912464084604, 'APPROACH-STEALTH'
11, 8856, 66.44473530624835, 66.44473530624835, 'APPROACH-STEALTH'
11, 8857, 66.44034597165066, 66.44034597165066, 'APPROACH-STEALTH'
11, 8858, 66.43595663705297, 66.43595663705297, 'APPROACH-STEALTH'
11, 8859, 66.43156730245528, 66.43156730245528, 'APPROACH-STEALTH'
11, 8860, 66.42717796785759, 66.42717796785759, 'APPROACH-STEALTH'
11, 8861, 66.4227886332599, 66.4227886332599, 'APPROACH-STEALTH'
11, 8862, 66.41839929866221, 66.41839929866221, 'APPROACH-STEALTH'
11, 8863, 66.41400996406452, 66.41400996406452, 'APPROACH-STEALTH'
11, 8864, 66.40962062946683, 66.40962062946683, 'APPROACH-STEALTH'
11, 8865, 66.40523129486914, 66.40523129486914, 'APPROACH-STEALTH'
11, 8866, 66.40084196027145, 66.40084196027145, 'APPROACH-STEALTH'
11, 8867, 66.39645262567376, 66.39645262567376, 'APPROACH-STEALTH'
11, 8868, 66.39206329107607, 66.39206329107607, 'APPROACH-STEALTH'
11, 8869, 66.38767395647838, 66.38767395647838, 'APPROACH-STEALTH'
11, 8870, 66.38328462188069, 66.38328462188069, 'APPROACH-STEALTH'
11, 8871, 66.378895287283, 66.378895287283, 'APPROACH-STEALTH'
11, 8872, 66.37450595268531, 66.37450595268531, 'APPROACH-STEALTH'
11, 8873, 66.37011661808762, 66.37011661808762, 'APPROACH-STEALTH'
11, 8874, 66.36572728348993, 66.36572728348993, 'APPROACH-STEALTH'
11, 8875, 66.36133794889224, 66.36133794889224, 'APPROACH-STEALTH'
11, 8876, 66.35694861429455, 66.35694861429455, 'APPROACH-STEALTH'
11, 8877, 66.35255927969686, 66.35255927969686, 'APPROACH-STEALTH'
11, 8878, 66.34816994509917, 66.34816994509917, 'APPROACH-STEALTH'
11, 8879, 66.39944228287516, 66.39944228287516, 'PURSUE'
11, 8880, 66.45071462065114, 66.45071462065114, 'PURSUE'
11, 8881, 66.50198695842712, 66.50198695842712, 'PURSUE'
11, 8882, 66.55325929620311, 66.55325929620311, 'PURSUE'
11, 8883, 66.6045316339791, 66.6045316339791, 'PURSUE'
11, 8884, 66.65580397175508, 66.65580397175508, 'PURSUE'
11, 8885, 66.70707630953106, 66.70707630953106, 'PURSUE'
11, 8886, 66.75834864730705, 66.75834864730705, 'PURSUE'
11, 8887, 66.80962098508303, 66.80962098508303, 'PURSUE'
11, 8888, 66.86089332285901, 66.86089332285901, 'PURSUE'
11, 8889, 66.912165660635, 66.912165660635, 'PURSUE'
11, 8890, 66.96343799841098, 66.96343799841098, 'PURSUE'
11, 8891, 67.01471033618697, 67.01471033618697, 'PURSUE'
11, 8892, 67.06598267396295, 67.06598267396295, 'PURSUE'
11, 8893, 67.11725501173893, 67.11725501173893, 'PURSUE'
11, 8894, 67.16852734951492, 67.16852734951492, 'PURSUE'
11, 8895, 67.2197996872909, 67.2197996872909, 'PURSUE'
11, 8896, 67.27107202506689, 67.27107202506689, 'PURSUE'
11, 8897, 67.32234436284287, 67.32234436284287, 'PURSUE'
11, 8898, 67.37361670061885, 67.37361670061885, 'PURSUE'
11, 8899, 67.42488903839484, 67.42488903839484, 'PURSUE'
11, 8900, 67.47616137617082, 67.47616137617082, 'PURSUE'
11, 8901, 67.5274337139468, 67.5274337139468, 'PURSUE'
11, 8902, 67.57870605172279, 67.57870605172279, 'PURSUE'
11, 8903, 67.56783698870622, 67.56783698870622, 'APPROACH-STEALTH'
11, 8904, 67.54609886267306, 67.54609886267306, 'APPROACH-BLIND'
11, 8905, 67.5243607366399, 67.5243607366399, 'APPROACH-BLIND'
11, 8906, 67.50262261060675, 67.50262261060675, 'APPROACH-BLIND'
11, 8907, 67.4808844845736, 67.4808844845736, 'APPROACH-BLIND'
11, 8908, 67.47175899894152, 67.47175899894152, 'APPROACH-BLIND'
11, 8909, 67.46719625612549, 67.46719625612549, 'APPROACH-STEALTH'
11, 8910, 67.46263351330946, 67.46263351330946, 'APPROACH-STEALTH'
11, 8911, 67.45807077049342, 67.45807077049342, 'APPROACH-STEALTH'
11, 8912, 67.45350802767739, 67.45350802767739, 'APPROACH-STEALTH'
11, 8913, 67.44894528486135, 67.44894528486135, 'APPROACH-STEALTH'
11, 8914, 67.44438254204532, 67.44438254204532, 'APPROACH-STEALTH'
11, 8915, 67.43981979922928, 67.43981979922928, 'APPROACH-STEALTH'
11, 8916, 67.43525705641325, 67.43525705641325, 'APPROACH-STEALTH'
11, 8917, 67.43069431359721, 67.43069431359721, 'APPROACH-STEALTH'
11, 8918, 67.48261430804108, 67.48261430804108, 'PURSUE'
11, 8919, 67.53453430248494, 67.53453430248494, 'PURSUE'
11, 8920, 67.5864542969288, 67.5864542969288, 'PURSUE'
11, 8921, 67.63837429137267, 67.63837429137267, 'PURSUE'
11, 8922, 67.65218355453013, 67.65218355453013, 'APPROACH-STEALTH'
11, 8923, 67.66599281768758, 67.66599281768758, 'APPROACH-STEALTH'
11, 8924, 67.67980208084504, 67.67980208084504, 'APPROACH-STEALTH'
11, 8925, 67.69361134400249, 67.69361134400249, 'APPROACH-STEALTH'
11, 8926, 67.70742060715995, 67.70742060715995, 'APPROACH-STEALTH'
11, 8927, 67.7212298703174, 67.7212298703174, 'APPROACH-STEALTH'
11, 8928, 67.73503913347486, 67.73503913347486, 'APPROACH-STEALTH'
11, 8929, 67.74884839663231, 67.74884839663231, 'APPROACH-STEALTH'
11, 8930, 67.76265765978977, 67.76265765978977, 'APPROACH-STEALTH'
11, 8931, 67.77646692294722, 67.77646692294722, 'APPROACH-STEALTH'
11, 8932, 67.79027618610468, 67.79027618610468, 'APPROACH-STEALTH'
11, 8933, 67.8178947124196, 67.8178947124196, 'APPROACH-BLIND'
11, 8934, 67.84551323873453, 67.84551323873453, 'APPROACH-BLIND'
11, 8935, 67.87313176504945, 67.87313176504945, 'APPROACH-BLIND'
11, 8936, 67.90075029136437, 67.90075029136437, 'APPROACH-BLIND'
11, 8937, 67.9283688176793, 67.9283688176793, 'APPROACH-BLIND'
11, 8938, 67.95598734399422, 67.95598734399422, 'APPROACH-BLIND'
11, 8939, 67.98360587030915, 67.98360587030915, 'APPROACH-BLIND'
11, 8940, 68.01122439662407, 68.01122439662407, 'APPROACH-BLIND'
11, 8941, 68.038842922939, 68.038842922939, 'APPROACH-BLIND'
11, 8942, 68.06646144925392, 68.06646144925392, 'APPROACH-BLIND'
11, 8943, 68.09407997556885, 68.09407997556885, 'APPROACH-BLIND'
11, 8944, 68.12169850188377, 68.12169850188377, 'APPROACH-BLIND'
11, 8945, 68.1493170281987, 68.1493170281987, 'APPROACH-BLIND'
11, 8946, 68.17693555451362, 68.17693555451362, 'APPROACH-BLIND'
11, 8947, 68.20455408082854, 68.20455408082854, 'APPROACH-BLIND'
11, 8948, 68.23217260714347, 68.23217260714347, 'APPROACH-BLIND'
11, 8949, 68.25979113345839, 68.25979113345839, 'APPROACH-BLIND'
11, 8950, 68.27360039661585, 68.27360039661585, 'APPROACH-STEALTH'
11, 8951, 68.27018402874982, 68.27018402874982, 'APPROACH-STEALTH'
11, 8952, 68.2667676608838, 68.2667676608838, 'APPROACH-STEALTH'
11, 8953, 68.26335129301778, 68.26335129301778, 'APPROACH-STEALTH'
11, 8954, 68.25993492515175, 68.25993492515175, 'APPROACH-STEALTH'
11, 8955, 68.25651855728573, 68.25651855728573, 'APPROACH-STEALTH'
11, 8956, 68.2531021894197, 68.2531021894197, 'APPROACH-STEALTH'
11, 8957, 68.24968582155368, 68.24968582155368, 'APPROACH-STEALTH'
11, 8958, 68.24626945368766, 68.24626945368766, 'APPROACH-STEALTH'
11, 8959, 68.24285308582164, 68.24285308582164, 'APPROACH-STEALTH'
11, 8960, 68.23943671795561, 68.23943671795561, 'APPROACH-STEALTH'
11, 8961, 68.23602035008959, 68.23602035008959, 'APPROACH-STEALTH'
11, 8962, 68.23260398222357, 68.23260398222357, 'APPROACH-STEALTH'
11, 8963, 68.22918761435754, 68.22918761435754, 'APPROACH-STEALTH'
11, 8964, 68.22577124649152, 68.22577124649152, 'APPROACH-STEALTH'
11, 8965, 68.27776629573012, 68.27776629573012, 'PURSUE'
11, 8966, 68.3050838053945, 68.3050838053945, 'APPROACH-BLIND'
11, 8967, 68.33240131505889, 68.33240131505889, 'APPROACH-BLIND'
11, 8968, 68.35971882472327, 68.35971882472327, 'APPROACH-BLIND'
11, 8969, 68.38703633438766, 68.38703633438766, 'APPROACH-BLIND'
11, 8970, 68.41435384405204, 68.41435384405204, 'APPROACH-BLIND'
11, 8971, 68.40850284883393, 68.40850284883393, 'APPROACH-STEALTH'
11, 8972, 68.40265185361582, 68.40265185361582, 'APPROACH-STEALTH'
11, 8973, 68.39680085839771, 68.39680085839771, 'APPROACH-STEALTH'
11, 8974, 68.3909498631796, 68.3909498631796, 'APPROACH-STEALTH'
11, 8975, 68.38509886796149, 68.38509886796149, 'APPROACH-STEALTH'
11, 8976, 68.37924787274338, 68.37924787274338, 'APPROACH-STEALTH'
11, 8977, 68.37339687752527, 68.37339687752527, 'APPROACH-STEALTH'
11, 8978, 68.36754588230716, 68.36754588230716, 'APPROACH-STEALTH'
11, 8979, 68.36169488708904, 68.36169488708904, 'APPROACH-STEALTH'
11, 8980, 68.35584389187093, 68.35584389187093, 'APPROACH-STEALTH'
11, 8981, 68.34999289665282, 68.34999289665282, 'APPROACH-STEALTH'
11, 8982, 68.34414190143471, 68.34414190143471, 'APPROACH-STEALTH'
11, 8983, 68.3382909062166, 68.3382909062166, 'APPROACH-STEALTH'
11, 8984, 68.33243991099849, 68.33243991099849, 'APPROACH-STEALTH'
11, 8985, 68.32658891578038, 68.32658891578038, 'APPROACH-STEALTH'
11, 8986, 68.32073792056227, 68.32073792056227, 'APPROACH-STEALTH'
11, 8987, 68.31488692534415, 68.31488692534415, 'APPROACH-STEALTH'
11, 8988, 68.30903593012604, 68.30903593012604, 'APPROACH-STEALTH'
11, 8989, 68.30318493490793, 68.30318493490793, 'APPROACH-STEALTH'
11, 8990, 68.29733393968982, 68.29733393968982, 'APPROACH-STEALTH'
11, 8991, 68.29148294447171, 68.29148294447171, 'APPROACH-STEALTH'
11, 8992, 68.2856319492536, 68.2856319492536, 'APPROACH-STEALTH'
11, 8993, 68.27978095403549, 68.27978095403549, 'APPROACH-STEALTH'
11, 8994, 68.27392995881738, 68.27392995881738, 'APPROACH-STEALTH'
11, 8995, 68.26807896359927, 68.26807896359927, 'APPROACH-STEALTH'
11, 8996, 68.26222796838115, 68.26222796838115, 'APPROACH-STEALTH'
11, 8997, 68.25637697316304, 68.25637697316304, 'APPROACH-STEALTH'
11, 8998, 68.25052597794493, 68.25052597794493, 'APPROACH-STEALTH'
11, 8999, 68.24467498272682, 68.24467498272682, 'APPROACH-STEALTH'
11, 9000, 68.23882398750871, 68.23882398750871, 'APPROACH-STEALTH'
11, 9001, 68.2915330736172, 68.2915330736172, 'PURSUE'
11, 9002, 68.30293284663361, 68.30293284663361, 'APPROACH-STEALTH'
11, 9003, 68.31433261965002, 68.31433261965002, 'APPROACH-STEALTH'
11, 9004, 68.32573239266642, 68.32573239266642, 'APPROACH-STEALTH'
11, 9005, 68.33713216568283, 68.33713216568283, 'APPROACH-STEALTH'
11, 9006, 68.34853193869924, 68.34853193869924, 'APPROACH-STEALTH'
11, 9007, 68.35993171171565, 68.35993171171565, 'APPROACH-STEALTH'
11, 9008, 68.37133148473205, 68.37133148473205, 'APPROACH-STEALTH'
11, 9009, 68.38273125774846, 68.38273125774846, 'APPROACH-STEALTH'
11, 9010, 68.39413103076487, 68.39413103076487, 'APPROACH-STEALTH'
11, 9011, 68.40553080378128, 68.40553080378128, 'APPROACH-STEALTH'
11, 9012, 68.41693057679768, 68.41693057679768, 'APPROACH-STEALTH'
11, 9013, 68.42833034981409, 68.42833034981409, 'APPROACH-STEALTH'
11, 9014, 68.4397301228305, 68.4397301228305, 'APPROACH-STEALTH'
11, 9015, 68.4511298958469, 68.4511298958469, 'APPROACH-STEALTH'
11, 9016, 68.46252966886331, 68.46252966886331, 'APPROACH-STEALTH'
11, 9017, 68.47392944187972, 68.47392944187972, 'APPROACH-STEALTH'
11, 9018, 68.48532921489613, 68.48532921489613, 'APPROACH-STEALTH'
11, 9019, 68.49672898791253, 68.49672898791253, 'APPROACH-STEALTH'
11, 9020, 68.50812876092894, 68.50812876092894, 'APPROACH-STEALTH'
11, 9021, 68.56082433102284, 68.56082433102284, 'PURSUE'
11, 9022, 68.61351990111675, 68.61351990111675, 'PURSUE'
11, 9023, 68.66621547121065, 68.66621547121065, 'PURSUE'
11, 9024, 68.71891104130455, 68.71891104130455, 'PURSUE'
11, 9025, 68.77160661139845, 68.77160661139845, 'PURSUE'
11, 9026, 68.82430218149236, 68.82430218149236, 'PURSUE'
11, 9027, 68.87699775158626, 68.87699775158626, 'PURSUE'
11, 9028, 68.92969332168016, 68.92969332168016, 'PURSUE'
11, 9029, 68.98238889177406, 68.98238889177406, 'PURSUE'
11, 9030, 69.03508446186797, 69.03508446186797, 'PURSUE'
11, 9031, 69.08778003196187, 69.08778003196187, 'PURSUE'
11, 9032, 69.14047560205577, 69.14047560205577, 'PURSUE'
11, 9033, 69.19317117214968, 69.19317117214968, 'PURSUE'
11, 9034, 69.24586674224358, 69.24586674224358, 'PURSUE'
11, 9035, 69.29856231233748, 69.29856231233748, 'PURSUE'
11, 9036, 69.35125788243138, 69.35125788243138, 'PURSUE'
11, 9037, 69.40395345252529, 69.40395345252529, 'PURSUE'
11, 9038, 69.45664902261919, 69.45664902261919, 'PURSUE'
11, 9039, 69.50934459271309, 69.50934459271309, 'PURSUE'
11, 9040, 69.562040162807, 69.562040162807, 'PURSUE'
11, 9041, 69.57590761536021, 69.57590761536021, 'APPROACH-STEALTH'
11, 9042, 69.58977506791342, 69.58977506791342, 'APPROACH-STEALTH'
11, 9043, 69.60364252046664, 69.60364252046664, 'APPROACH-STEALTH'
11, 9044, 69.61750997301985, 69.61750997301985, 'APPROACH-STEALTH'
11, 9045, 69.63137742557306, 69.63137742557306, 'APPROACH-STEALTH'
11, 9046, 69.64524487812628, 69.64524487812628, 'APPROACH-STEALTH'
11, 9047, 69.65911233067949, 69.65911233067949, 'APPROACH-STEALTH'
11, 9048, 69.6729797832327, 69.6729797832327, 'APPROACH-STEALTH'
11, 9049, 69.68684723578592, 69.68684723578592, 'APPROACH-STEALTH'
11, 9050, 69.70071468833913, 69.70071468833913, 'APPROACH-STEALTH'
11, 9051, 69.71458214089235, 69.71458214089235, 'APPROACH-STEALTH'
11, 9052, 69.72844959344556, 69.72844959344556, 'APPROACH-STEALTH'
11, 9053, 69.74231704599877, 69.74231704599877, 'APPROACH-STEALTH'
11, 9054, 69.75618449855199, 69.75618449855199, 'APPROACH-STEALTH'
11, 9055, 69.7700519511052, 69.7700519511052, 'APPROACH-STEALTH'
11, 9056, 69.78391940365842, 69.78391940365842, 'APPROACH-STEALTH'
11, 9057, 69.79778685621163, 69.79778685621163, 'APPROACH-STEALTH'
11, 9058, 69.82552176131807, 69.82552176131807, 'APPROACH-BLIND'
11, 9059, 69.85325666642451, 69.85325666642451, 'APPROACH-BLIND'
11, 9060, 69.88099157153096, 69.88099157153096, 'APPROACH-BLIND'
11, 9061, 69.9087264766374, 69.9087264766374, 'APPROACH-BLIND'
11, 9062, 69.93646138174384, 69.93646138174384, 'APPROACH-BLIND'
11, 9063, 69.96419628685028, 69.96419628685028, 'APPROACH-BLIND'
11, 9064, 69.99193119195672, 69.99193119195672, 'APPROACH-BLIND'
11, 9065, 70.01966609706317, 70.01966609706317, 'APPROACH-BLIND'
11, 9066, 70.04740100216961, 70.04740100216961, 'APPROACH-BLIND'
11, 9067, 70.07513590727605, 70.07513590727605, 'APPROACH-BLIND'
11, 9068, 70.10287081238249, 70.10287081238249, 'APPROACH-BLIND'
11, 9069, 70.13060571748893, 70.13060571748893, 'APPROACH-BLIND'
11, 9070, 70.15834062259538, 70.15834062259538, 'APPROACH-BLIND'
11, 9071, 70.17220807514859, 70.17220807514859, 'APPROACH-STEALTH'
11, 9072, 70.1860755277018, 70.1860755277018, 'APPROACH-STEALTH'
11, 9073, 70.19994298025502, 70.19994298025502, 'APPROACH-STEALTH'
11, 9074, 70.21381043280823, 70.21381043280823, 'APPROACH-STEALTH'
11, 9075, 70.22767788536144, 70.22767788536144, 'APPROACH-STEALTH'
11, 9076, 70.24154533791466, 70.24154533791466, 'APPROACH-STEALTH'
11, 9077, 70.25541279046787, 70.25541279046787, 'APPROACH-STEALTH'
11, 9078, 70.26928024302109, 70.26928024302109, 'APPROACH-STEALTH'
11, 9079, 70.29701514812753, 70.29701514812753, 'APPROACH-BLIND'
11, 9080, 70.32475005323397, 70.32475005323397, 'APPROACH-BLIND'
11, 9081, 70.35248495834041, 70.35248495834041, 'APPROACH-BLIND'
11, 9082, 70.38021986344685, 70.38021986344685, 'APPROACH-BLIND'
11, 9083, 70.4079547685533, 70.4079547685533, 'APPROACH-BLIND'
11, 9084, 70.43568967365974, 70.43568967365974, 'APPROACH-BLIND'
11, 9085, 70.46342457876618, 70.46342457876618, 'APPROACH-BLIND'
11, 9086, 70.49115948387262, 70.49115948387262, 'APPROACH-BLIND'
11, 9087, 70.51889438897906, 70.51889438897906, 'APPROACH-BLIND'
11, 9088, 70.54666763371876, 70.54666763371876, 'APPROACH-BLIND'
11, 9089, 70.57444087845845, 70.57444087845845, 'APPROACH-BLIND'
11, 9090, 70.60221412319814, 70.60221412319814, 'APPROACH-BLIND'
11, 9091, 70.62998736793783, 70.62998736793783, 'APPROACH-BLIND'
11, 9092, 70.64387399030768, 70.64387399030768, 'APPROACH-STEALTH'
11, 9093, 70.65776061267754, 70.65776061267754, 'APPROACH-STEALTH'
11, 9094, 70.67164723504739, 70.67164723504739, 'APPROACH-STEALTH'
11, 9095, 70.68553385741724, 70.68553385741724, 'APPROACH-STEALTH'
11, 9096, 70.6994204797871, 70.6994204797871, 'APPROACH-STEALTH'
11, 9097, 70.71330710215695, 70.71330710215695, 'APPROACH-STEALTH'
11, 9098, 70.7271937245268, 70.7271937245268, 'APPROACH-STEALTH'
11, 9099, 70.74108034689665, 70.74108034689665, 'APPROACH-STEALTH'
11, 9100, 70.7549669692665, 70.7549669692665, 'APPROACH-STEALTH'
11, 9101, 70.76885359163636, 70.76885359163636, 'APPROACH-STEALTH'
11, 9102, 70.78274021400621, 70.78274021400621, 'APPROACH-STEALTH'
11, 9103, 70.79662683637606, 70.79662683637606, 'APPROACH-STEALTH'
11, 9104, 70.81051345874592, 70.81051345874592, 'APPROACH-STEALTH'
11, 9105, 70.82440008111577, 70.82440008111577, 'APPROACH-STEALTH'
11, 9106, 70.83828670348562, 70.83828670348562, 'APPROACH-STEALTH'
11, 9107, 70.85217332585547, 70.85217332585547, 'APPROACH-STEALTH'
11, 9108, 70.86605994822533, 70.86605994822533, 'APPROACH-STEALTH'
11, 9109, 70.87994657059518, 70.87994657059518, 'APPROACH-STEALTH'
11, 9110, 70.89383319296503, 70.89383319296503, 'APPROACH-STEALTH'
11, 9111, 70.90771981533489, 70.90771981533489, 'APPROACH-STEALTH'
11, 9112, 70.92160643770474, 70.92160643770474, 'APPROACH-STEALTH'
11, 9113, 70.93549306007459, 70.93549306007459, 'APPROACH-STEALTH'
11, 9114, 70.94937968244444, 70.94937968244444, 'APPROACH-STEALTH'
11, 9115, 70.9632663048143, 70.9632663048143, 'APPROACH-STEALTH'
11, 9116, 70.97715292718415, 70.97715292718415, 'APPROACH-STEALTH'
11, 9117, 70.991039549554, 70.991039549554, 'APPROACH-STEALTH'
11, 9118, 71.00492617192386, 71.00492617192386, 'APPROACH-STEALTH'
11, 9119, 71.01881279429371, 71.01881279429371, 'APPROACH-STEALTH'
11, 9120, 71.03269941666356, 71.03269941666356, 'APPROACH-STEALTH'
11, 9121, 71.08396847581248, 71.08396847581248, 'PURSUE'
11, 9122, 71.1352375349614, 71.1352375349614, 'PURSUE'
11, 9123, 71.14908587010251, 71.14908587010251, 'APPROACH-STEALTH'
11, 9124, 71.16293420524362, 71.16293420524362, 'APPROACH-STEALTH'
11, 9125, 71.17678254038472, 71.17678254038472, 'APPROACH-STEALTH'
11, 9126, 71.19063087552583, 71.19063087552583, 'APPROACH-STEALTH'
11, 9127, 71.20447921066693, 71.20447921066693, 'APPROACH-STEALTH'
11, 9128, 71.21832754580804, 71.21832754580804, 'APPROACH-STEALTH'
11, 9129, 71.23217588094914, 71.23217588094914, 'APPROACH-STEALTH'
11, 9130, 71.24602421609025, 71.24602421609025, 'APPROACH-STEALTH'
11, 9131, 71.25987255123135, 71.25987255123135, 'APPROACH-STEALTH'
11, 9132, 71.27372088637246, 71.27372088637246, 'APPROACH-STEALTH'
11, 9133, 71.28756922151356, 71.28756922151356, 'APPROACH-STEALTH'
11, 9134, 71.30141755665467, 71.30141755665467, 'APPROACH-STEALTH'
11, 9135, 71.31526589179578, 71.31526589179578, 'APPROACH-STEALTH'
11, 9136, 71.32911422693688, 71.32911422693688, 'APPROACH-STEALTH'
11, 9137, 71.34296256207799, 71.34296256207799, 'APPROACH-STEALTH'
11, 9138, 71.35681089721909, 71.35681089721909, 'APPROACH-STEALTH'
11, 9139, 71.3706592323602, 71.3706592323602, 'APPROACH-STEALTH'
11, 9140, 71.3845075675013, 71.3845075675013, 'APPROACH-STEALTH'
11, 9141, 71.39835590264241, 71.39835590264241, 'APPROACH-STEALTH'
11, 9142, 71.41220423778351, 71.41220423778351, 'APPROACH-STEALTH'
11, 9143, 71.42605257292462, 71.42605257292462, 'APPROACH-STEALTH'
11, 9144, 71.43990090806572, 71.43990090806572, 'APPROACH-STEALTH'
11, 9145, 71.45374924320683, 71.45374924320683, 'APPROACH-STEALTH'
11, 9146, 71.46759757834793, 71.46759757834793, 'APPROACH-STEALTH'
11, 9147, 71.48144591348904, 71.48144591348904, 'APPROACH-STEALTH'
11, 9148, 71.49529424863015, 71.49529424863015, 'APPROACH-STEALTH'
11, 9149, 71.50914258377125, 71.50914258377125, 'APPROACH-STEALTH'
11, 9150, 71.52302705931574, 71.52302705931574, 'APPROACH-STEALTH'
11, 9151, 71.53691153486022, 71.53691153486022, 'APPROACH-STEALTH'
11, 9152, 71.55079601040471, 71.55079601040471, 'APPROACH-STEALTH'
11, 9153, 71.5646804859492, 71.5646804859492, 'APPROACH-STEALTH'
11, 9154, 71.6153659753927, 71.6153659753927, 'PURSUE'
11, 9155, 71.66605146483622, 71.66605146483622, 'PURSUE'
11, 9156, 71.71673695427972, 71.71673695427972, 'PURSUE'
11, 9157, 71.76742244372323, 71.76742244372323, 'PURSUE'
11, 9158, 71.81810793316674, 71.81810793316674, 'PURSUE'
11, 9159, 71.83186496737795, 71.83186496737795, 'APPROACH-STEALTH'
11, 9160, 71.84562200158916, 71.84562200158916, 'APPROACH-STEALTH'
11, 9161, 71.85937903580037, 71.85937903580037, 'APPROACH-STEALTH'
11, 9162, 71.87313607001158, 71.87313607001158, 'APPROACH-STEALTH'
11, 9163, 71.88689310422279, 71.88689310422279, 'APPROACH-STEALTH'
11, 9164, 71.900650138434, 71.900650138434, 'APPROACH-STEALTH'
11, 9165, 71.91440717264521, 71.91440717264521, 'APPROACH-STEALTH'
11, 9166, 71.92816420685642, 71.92816420685642, 'APPROACH-STEALTH'
11, 9167, 71.94192124106763, 71.94192124106763, 'APPROACH-STEALTH'
11, 9168, 71.96943530949007, 71.96943530949007, 'APPROACH-BLIND'
11, 9169, 71.9969493779125, 71.9969493779125, 'APPROACH-BLIND'
11, 9170, 72.02446344633493, 72.02446344633493, 'APPROACH-BLIND'
11, 9171, 72.05197751475737, 72.05197751475737, 'APPROACH-BLIND'
11, 9172, 72.06573454896858, 72.06573454896858, 'APPROACH-STEALTH'
11, 9173, 72.07949158317979, 72.07949158317979, 'APPROACH-STEALTH'
11, 9174, 72.093248617391, 72.093248617391, 'APPROACH-STEALTH'
11, 9175, 72.10700565160221, 72.10700565160221, 'APPROACH-STEALTH'
11, 9176, 72.12076268581342, 72.12076268581342, 'APPROACH-STEALTH'
11, 9177, 72.13451972002463, 72.13451972002463, 'APPROACH-STEALTH'
11, 9178, 72.14827675423584, 72.14827675423584, 'APPROACH-STEALTH'
11, 9179, 72.16203378844705, 72.16203378844705, 'APPROACH-STEALTH'
11, 9180, 72.17579082265826, 72.17579082265826, 'APPROACH-STEALTH'
11, 9181, 72.18954785686947, 72.18954785686947, 'APPROACH-STEALTH'
11, 9182, 72.20330489108068, 72.20330489108068, 'APPROACH-STEALTH'
11, 9183, 72.21706192529189, 72.21706192529189, 'APPROACH-STEALTH'
11, 9184, 72.2308189595031, 72.2308189595031, 'APPROACH-STEALTH'
11, 9185, 72.2445759937143, 72.2445759937143, 'APPROACH-STEALTH'
11, 9186, 72.25833302792552, 72.25833302792552, 'APPROACH-STEALTH'
11, 9187, 72.30833754872765, 72.30833754872765, 'PURSUE'
11, 9188, 72.35834206952978, 72.35834206952978, 'PURSUE'
11, 9189, 72.40834659033192, 72.40834659033192, 'PURSUE'
11, 9190, 72.42161176231377, 72.42161176231377, 'APPROACH-STEALTH'
11, 9191, 72.43487693429563, 72.43487693429563, 'APPROACH-STEALTH'
11, 9192, 72.44814210627749, 72.44814210627749, 'APPROACH-STEALTH'
11, 9193, 72.46140727825934, 72.46140727825934, 'APPROACH-STEALTH'
11, 9194, 72.4746724502412, 72.4746724502412, 'APPROACH-STEALTH'
11, 9195, 72.52453367033286, 72.52453367033286, 'PURSUE'
11, 9196, 72.57439489042451, 72.57439489042451, 'PURSUE'
11, 9197, 72.62425611051617, 72.62425611051617, 'PURSUE'
11, 9198, 72.67411733060783, 72.67411733060783, 'PURSUE'
11, 9199, 72.72397855069948, 72.72397855069948, 'PURSUE'
11, 9200, 72.77383977079114, 72.77383977079114, 'PURSUE'
11, 9201, 72.7872628613214, 72.7872628613214, 'APPROACH-STEALTH'
11, 9202, 72.80068595185165, 72.80068595185165, 'APPROACH-STEALTH'
11, 9203, 72.8141090423819, 72.8141090423819, 'APPROACH-STEALTH'
11, 9204, 72.82753213291215, 72.82753213291215, 'APPROACH-STEALTH'
11, 9205, 72.8409552234424, 72.8409552234424, 'APPROACH-STEALTH'
11, 9206, 72.85437831397266, 72.85437831397266, 'APPROACH-STEALTH'
11, 9207, 72.86780140450291, 72.86780140450291, 'APPROACH-STEALTH'
11, 9208, 72.88122449503317, 72.88122449503317, 'APPROACH-STEALTH'
11, 9209, 72.89464758556342, 72.89464758556342, 'APPROACH-STEALTH'
11, 9210, 72.90807067609367, 72.90807067609367, 'APPROACH-STEALTH'
11, 9211, 72.92149376662393, 72.92149376662393, 'APPROACH-STEALTH'
11, 9212, 72.93491685715418, 72.93491685715418, 'APPROACH-STEALTH'
11, 9213, 72.94833994768443, 72.94833994768443, 'APPROACH-STEALTH'
11, 9214, 72.96176303821468, 72.96176303821468, 'APPROACH-STEALTH'
11, 9215, 73.01145093584373, 73.01145093584373, 'PURSUE'
11, 9216, 73.06113883347277, 73.06113883347277, 'PURSUE'
11, 9217, 73.11082673110181, 73.11082673110181, 'PURSUE'
11, 9218, 73.16051462873085, 73.16051462873085, 'PURSUE'
11, 9219, 73.2102025263599, 73.2102025263599, 'PURSUE'
11, 9220, 73.25989042398894, 73.25989042398894, 'PURSUE'
11, 9221, 73.30957832161798, 73.30957832161798, 'PURSUE'
11, 9222, 73.35926621924702, 73.35926621924702, 'PURSUE'
11, 9223, 73.40895411687606, 73.40895411687606, 'PURSUE'
11, 9224, 73.41976209069712, 73.41976209069712, 'APPROACH-STEALTH'
11, 9225, 73.43057006451818, 73.43057006451818, 'APPROACH-STEALTH'
11, 9226, 73.44137803833924, 73.44137803833924, 'APPROACH-STEALTH'
11, 9227, 73.4521860121603, 73.4521860121603, 'APPROACH-STEALTH'
11, 9228, 73.46299398598136, 73.46299398598136, 'APPROACH-STEALTH'
11, 9229, 73.47380195980242, 73.47380195980242, 'APPROACH-STEALTH'
11, 9230, 73.48460993362347, 73.48460993362347, 'APPROACH-STEALTH'
11, 9231, 73.49541790744453, 73.49541790744453, 'APPROACH-STEALTH'
11, 9232, 73.51703385508664, 73.51703385508664, 'APPROACH-BLIND'
11, 9233, 73.54389909554611, 73.54389909554611, 'APPROACH-BLIND'
11, 9234, 73.57076433600558, 73.57076433600558, 'APPROACH-BLIND'
11, 9235, 73.59762957646505, 73.59762957646505, 'APPROACH-BLIND'
11, 9236, 73.61106219669479, 73.61106219669479, 'APPROACH-STEALTH'
11, 9237, 73.62449481692452, 73.62449481692452, 'APPROACH-STEALTH'
11, 9238, 73.63792743715426, 73.63792743715426, 'APPROACH-STEALTH'
11, 9239, 73.651360057384, 73.651360057384, 'APPROACH-STEALTH'
11, 9240, 73.66479267761373, 73.66479267761373, 'APPROACH-STEALTH'
11, 9241, 73.67822529784347, 73.67822529784347, 'APPROACH-STEALTH'
11, 9242, 73.72788735232206, 73.72788735232206, 'PURSUE'
11, 9243, 73.77754940680065, 73.77754940680065, 'PURSUE'
11, 9244, 73.79105721169834, 73.79105721169834, 'APPROACH-STEALTH'
11, 9245, 73.80456501659604, 73.80456501659604, 'APPROACH-STEALTH'
11, 9246, 73.81807282149374, 73.81807282149374, 'APPROACH-STEALTH'
11, 9247, 73.83158062639144, 73.83158062639144, 'APPROACH-STEALTH'
11, 9248, 73.84508843128914, 73.84508843128914, 'APPROACH-STEALTH'
11, 9249, 73.85859623618684, 73.85859623618684, 'APPROACH-STEALTH'
11, 9250, 73.87210404108454, 73.87210404108454, 'APPROACH-STEALTH'
11, 9251, 73.88561184598224, 73.88561184598224, 'APPROACH-STEALTH'
11, 9252, 73.89911965087994, 73.89911965087994, 'APPROACH-STEALTH'
11, 9253, 73.91262745577764, 73.91262745577764, 'APPROACH-STEALTH'
11, 9254, 73.92613526067534, 73.92613526067534, 'APPROACH-STEALTH'
11, 9255, 73.93964306557304, 73.93964306557304, 'APPROACH-STEALTH'
11, 9256, 73.95315087047074, 73.95315087047074, 'APPROACH-STEALTH'
11, 9257, 73.96665867536844, 73.96665867536844, 'APPROACH-STEALTH'
11, 9258, 73.98016648026613, 73.98016648026613, 'APPROACH-STEALTH'
11, 9259, 73.99367428516383, 73.99367428516383, 'APPROACH-STEALTH'
11, 9260, 74.00718209006153, 74.00718209006153, 'APPROACH-STEALTH'
11, 9261, 74.02068989495923, 74.02068989495923, 'APPROACH-STEALTH'
11, 9262, 74.03419769985693, 74.03419769985693, 'APPROACH-STEALTH'
11, 9263, 74.04770550475463, 74.04770550475463, 'APPROACH-STEALTH'
11, 9264, 74.06121330965233, 74.06121330965233, 'APPROACH-STEALTH'
11, 9265, 74.07472111455003, 74.07472111455003, 'APPROACH-STEALTH'
11, 9266, 74.08822891944773, 74.08822891944773, 'APPROACH-STEALTH'
11, 9267, 74.10173672434543, 74.10173672434543, 'APPROACH-STEALTH'
11, 9268, 74.11524452924313, 74.11524452924313, 'APPROACH-STEALTH'
11, 9269, 74.12875233414083, 74.12875233414083, 'APPROACH-STEALTH'
11, 9270, 74.14226013903853, 74.14226013903853, 'APPROACH-STEALTH'
11, 9271, 74.15576794393623, 74.15576794393623, 'APPROACH-STEALTH'
11, 9272, 74.16927574883393, 74.16927574883393, 'APPROACH-STEALTH'
11, 9273, 74.18278355373162, 74.18278355373162, 'APPROACH-STEALTH'
11, 9274, 74.20979916352704, 74.20979916352704, 'APPROACH-BLIND'
11, 9275, 74.23681477332245, 74.23681477332245, 'APPROACH-BLIND'
11, 9276, 74.25032257822015, 74.25032257822015, 'APPROACH-STEALTH'
11, 9277, 74.26383038311785, 74.26383038311785, 'APPROACH-STEALTH'
11, 9278, 74.27733818801555, 74.27733818801555, 'APPROACH-STEALTH'
11, 9279, 74.29084599291325, 74.29084599291325, 'APPROACH-STEALTH'
11, 9280, 74.30435379781095, 74.30435379781095, 'APPROACH-STEALTH'
11, 9281, 74.31786160270865, 74.31786160270865, 'APPROACH-STEALTH'
11, 9282, 74.33136940760635, 74.33136940760635, 'APPROACH-STEALTH'
11, 9283, 74.34487721250404, 74.34487721250404, 'APPROACH-STEALTH'
11, 9284, 74.35838501740174, 74.35838501740174, 'APPROACH-STEALTH'
11, 9285, 74.37189282229944, 74.37189282229944, 'APPROACH-STEALTH'
11, 9286, 74.38540062719714, 74.38540062719714, 'APPROACH-STEALTH'
11, 9287, 74.39890843209484, 74.39890843209484, 'APPROACH-STEALTH'
11, 9288, 74.41241623699254, 74.41241623699254, 'APPROACH-STEALTH'
11, 9289, 74.42592404189024, 74.42592404189024, 'APPROACH-STEALTH'
11, 9290, 74.4751931618806, 74.4751931618806, 'PURSUE'
11, 9291, 74.52446228187095, 74.52446228187095, 'PURSUE'
11, 9292, 74.53833033048429, 74.53833033048429, 'APPROACH-STEALTH'
11, 9293, 74.55219837909762, 74.55219837909762, 'APPROACH-STEALTH'
11, 9294, 74.56606642771095, 74.56606642771095, 'APPROACH-STEALTH'
11, 9295, 74.57993447632428, 74.57993447632428, 'APPROACH-STEALTH'
11, 9296, 74.62916491543326, 74.62916491543326, 'PURSUE'
11, 9297, 74.67839535454225, 74.67839535454225, 'PURSUE'
11, 9298, 74.72762579365123, 74.72762579365123, 'PURSUE'
11, 9299, 74.75540316040521, 74.75540316040521, 'APPROACH-BLIND'
11, 9300, 74.78318052715919, 74.78318052715919, 'APPROACH-BLIND'
11, 9301, 74.79706921053618, 74.79706921053618, 'APPROACH-STEALTH'
11, 9302, 74.81095789391317, 74.81095789391317, 'APPROACH-STEALTH'
11, 9303, 74.82484657729016, 74.82484657729016, 'APPROACH-STEALTH'
11, 9304, 74.83873526066715, 74.83873526066715, 'APPROACH-STEALTH'
11, 9305, 74.85262394404414, 74.85262394404414, 'APPROACH-STEALTH'
11, 9306, 74.86651262742113, 74.86651262742113, 'APPROACH-STEALTH'
11, 9307, 74.88040131079812, 74.88040131079812, 'APPROACH-STEALTH'
11, 9308, 74.89428999417511, 74.89428999417511, 'APPROACH-STEALTH'
11, 9309, 74.9081786775521, 74.9081786775521, 'APPROACH-STEALTH'
11, 9310, 74.92206736092909, 74.92206736092909, 'APPROACH-STEALTH'
11, 9311, 74.93595604430608, 74.93595604430608, 'APPROACH-STEALTH'
11, 9312, 74.94984472768307, 74.94984472768307, 'APPROACH-STEALTH'
11, 9313, 74.96373341106006, 74.96373341106006, 'APPROACH-STEALTH'
11, 9314, 74.97762209443705, 74.97762209443705, 'APPROACH-STEALTH'
11, 9315, 74.99151077781404, 74.99151077781404, 'APPROACH-STEALTH'
11, 9316, 75.00539946119103, 75.00539946119103, 'APPROACH-STEALTH'
11, 9317, 75.01928814456802, 75.01928814456802, 'APPROACH-STEALTH'
11, 9318, 75.03317682794501, 75.03317682794501, 'APPROACH-STEALTH'
11, 9319, 75.047065511322, 75.047065511322, 'APPROACH-STEALTH'
11, 9320, 75.060954194699, 75.060954194699, 'APPROACH-STEALTH'
11, 9321, 75.07484287807598, 75.07484287807598, 'APPROACH-STEALTH'
11, 9322, 75.08873156145297, 75.08873156145297, 'APPROACH-STEALTH'
11, 9323, 75.10262024482996, 75.10262024482996, 'APPROACH-STEALTH'
11, 9324, 75.11650892820695, 75.11650892820695, 'APPROACH-STEALTH'
11, 9325, 75.13039761158394, 75.13039761158394, 'APPROACH-STEALTH'
11, 9326, 75.17915707841232, 75.17915707841232, 'PURSUE'
11, 9327, 75.22791654524069, 75.22791654524069, 'PURSUE'
11, 9328, 75.27667601206906, 75.27667601206906, 'PURSUE'
11, 9329, 75.29045402672209, 75.29045402672209, 'APPROACH-STEALTH'
11, 9330, 75.30423204137512, 75.30423204137512, 'APPROACH-STEALTH'
11, 9331, 75.35287247336349, 75.35287247336349, 'PURSUE'
11, 9332, 75.40151290535186, 75.40151290535186, 'PURSUE'
11, 9333, 75.45015333734024, 75.45015333734024, 'PURSUE'
11, 9334, 75.46337930210878, 75.46337930210878, 'APPROACH-STEALTH'
11, 9335, 75.47660526687731, 75.47660526687731, 'APPROACH-STEALTH'
11, 9336, 75.48983123164585, 75.48983123164585, 'APPROACH-STEALTH'
11, 9337, 75.53833063429879, 75.53833063429879, 'PURSUE'
11, 9338, 75.55209995574164, 75.55209995574164, 'APPROACH-STEALTH'
11, 9339, 75.56586927718449, 75.56586927718449, 'APPROACH-STEALTH'
11, 9340, 75.57963859862734, 75.57963859862734, 'APPROACH-STEALTH'
11, 9341, 75.59340792007019, 75.59340792007019, 'APPROACH-STEALTH'
11, 9342, 75.60717724151304, 75.60717724151304, 'APPROACH-STEALTH'
11, 9343, 75.6209465629559, 75.6209465629559, 'APPROACH-STEALTH'
11, 9344, 75.63471588439874, 75.63471588439874, 'APPROACH-STEALTH'
11, 9345, 75.6484852058416, 75.6484852058416, 'APPROACH-STEALTH'
11, 9346, 75.6760238487273, 75.6760238487273, 'APPROACH-BLIND'
11, 9347, 75.703562491613, 75.703562491613, 'APPROACH-BLIND'
11, 9348, 75.7311011344987, 75.7311011344987, 'APPROACH-BLIND'
11, 9349, 75.7586397773844, 75.7586397773844, 'APPROACH-BLIND'
11, 9350, 75.7861784202701, 75.7861784202701, 'APPROACH-BLIND'
11, 9351, 75.8137170631558, 75.8137170631558, 'APPROACH-BLIND'
11, 9352, 75.84125570604151, 75.84125570604151, 'APPROACH-BLIND'
11, 9353, 75.86879434892721, 75.86879434892721, 'APPROACH-BLIND'
11, 9354, 75.89633299181291, 75.89633299181291, 'APPROACH-BLIND'
11, 9355, 75.92387163469861, 75.92387163469861, 'APPROACH-BLIND'
11, 9356, 75.95141027758432, 75.95141027758432, 'APPROACH-BLIND'
11, 9357, 75.97894892047002, 75.97894892047002, 'APPROACH-BLIND'
11, 9358, 76.00648756335572, 76.00648756335572, 'APPROACH-BLIND'
11, 9359, 76.03402620624142, 76.03402620624142, 'APPROACH-BLIND'
11, 9360, 76.06156484912712, 76.06156484912712, 'APPROACH-BLIND'
11, 9361, 76.08910349201282, 76.08910349201282, 'APPROACH-BLIND'
11, 9362, 76.11664213489853, 76.11664213489853, 'APPROACH-BLIND'
11, 9363, 76.14418077778423, 76.14418077778423, 'APPROACH-BLIND'
11, 9364, 76.17171942066993, 76.17171942066993, 'APPROACH-BLIND'
11, 9365, 76.19925806355563, 76.19925806355563, 'APPROACH-BLIND'
11, 9366, 76.22679670644133, 76.22679670644133, 'APPROACH-BLIND'
11, 9367, 76.25433534932704, 76.25433534932704, 'APPROACH-BLIND'
11, 9368, 76.28187399221274, 76.28187399221274, 'APPROACH-BLIND'
11, 9369, 76.30941263509844, 76.30941263509844, 'APPROACH-BLIND'
11, 9370, 76.33695127798414, 76.33695127798414, 'APPROACH-BLIND'
11, 9371, 76.35072059942699, 76.35072059942699, 'APPROACH-STEALTH'
11, 9372, 76.36448992086984, 76.36448992086984, 'APPROACH-STEALTH'
11, 9373, 76.3782592423127, 76.3782592423127, 'APPROACH-STEALTH'
11, 9374, 76.39202856375555, 76.39202856375555, 'APPROACH-STEALTH'
11, 9375, 76.43915937198831, 76.43915937198831, 'PURSUE'
11, 9376, 76.48629018022108, 76.48629018022108, 'PURSUE'
11, 9377, 76.53342098845384, 76.53342098845384, 'PURSUE'
11, 9378, 76.5472117889739, 76.5472117889739, 'APPROACH-STEALTH'
11, 9379, 76.56100258949395, 76.56100258949395, 'APPROACH-STEALTH'
11, 9380, 76.57479339001401, 76.57479339001401, 'APPROACH-STEALTH'
11, 9381, 76.58858419053406, 76.58858419053406, 'APPROACH-STEALTH'
11, 9382, 76.60237499105412, 76.60237499105412, 'APPROACH-STEALTH'
11, 9383, 76.61616579157418, 76.61616579157418, 'APPROACH-STEALTH'
11, 9384, 76.62995659209423, 76.62995659209423, 'APPROACH-STEALTH'
11, 9385, 76.65753819313433, 76.65753819313433, 'APPROACH-BLIND'
11, 9386, 76.68511979417443, 76.68511979417443, 'APPROACH-BLIND'
11, 9387, 76.71270139521452, 76.71270139521452, 'APPROACH-BLIND'
11, 9388, 76.74028299625462, 76.74028299625462, 'APPROACH-BLIND'
11, 9389, 76.76786459729472, 76.76786459729472, 'APPROACH-BLIND'
11, 9390, 76.79544619833482, 76.79544619833482, 'APPROACH-BLIND'
11, 9391, 76.82302779937491, 76.82302779937491, 'APPROACH-BLIND'
11, 9392, 76.85060940041501, 76.85060940041501, 'APPROACH-BLIND'
11, 9393, 76.87819100145511, 76.87819100145511, 'APPROACH-BLIND'
11, 9394, 76.9057726024952, 76.9057726024952, 'APPROACH-BLIND'
11, 9395, 76.9333542035353, 76.9333542035353, 'APPROACH-BLIND'
11, 9396, 76.9609358045754, 76.9609358045754, 'APPROACH-BLIND'
11, 9397, 76.9885174056155, 76.9885174056155, 'APPROACH-BLIND'
11, 9398, 77.0160990066556, 77.0160990066556, 'APPROACH-BLIND'
11, 9399, 77.04368060769569, 77.04368060769569, 'APPROACH-BLIND'
11, 9400, 77.07126220873579, 77.07126220873579, 'APPROACH-BLIND'
11, 9401, 77.09884380977589, 77.09884380977589, 'APPROACH-BLIND'
11, 9402, 77.12642541081598, 77.12642541081598, 'APPROACH-BLIND'
11, 9403, 77.15400701185608, 77.15400701185608, 'APPROACH-BLIND'
11, 9404, 77.18158861289618, 77.18158861289618, 'APPROACH-BLIND'
11, 9405, 77.20917021393628, 77.20917021393628, 'APPROACH-BLIND'
11, 9406, 77.23675181497637, 77.23675181497637, 'APPROACH-BLIND'
11, 9407, 77.26433341601647, 77.26433341601647, 'APPROACH-BLIND'
11, 9408, 77.29191501705657, 77.29191501705657, 'APPROACH-BLIND'
11, 9409, 77.31949661809666, 77.31949661809666, 'APPROACH-BLIND'
11, 9410, 77.34707821913676, 77.34707821913676, 'APPROACH-BLIND'
11, 9411, 77.37465982017686, 77.37465982017686, 'APPROACH-BLIND'
11, 9412, 77.40224142121696, 77.40224142121696, 'APPROACH-BLIND'
11, 9413, 77.42982302225705, 77.42982302225705, 'APPROACH-BLIND'
11, 9414, 77.45740462329715, 77.45740462329715, 'APPROACH-BLIND'
11, 9415, 77.48498622433725, 77.48498622433725, 'APPROACH-BLIND'
11, 9416, 77.51256782537735, 77.51256782537735, 'APPROACH-BLIND'
11, 9417, 77.54032433536699, 77.54032433536699, 'APPROACH-BLIND'
11, 9418, 77.56808084535663, 77.56808084535663, 'APPROACH-BLIND'
11, 9419, 77.59583735534628, 77.59583735534628, 'APPROACH-BLIND'
11, 9420, 77.62359386533592, 77.62359386533592, 'APPROACH-BLIND'
11, 9421, 77.65135037532556, 77.65135037532556, 'APPROACH-BLIND'
11, 9422, 77.6791068853152, 77.6791068853152, 'APPROACH-BLIND'
11, 9423, 77.70686339530485, 77.70686339530485, 'APPROACH-BLIND'
11, 9424, 77.7346199052945, 77.7346199052945, 'APPROACH-BLIND'
11, 9425, 77.76237641528414, 77.76237641528414, 'APPROACH-BLIND'
11, 9426, 77.79013292527378, 77.79013292527378, 'APPROACH-BLIND'
11, 9427, 77.81788943526342, 77.81788943526342, 'APPROACH-BLIND'
11, 9428, 77.84564594525307, 77.84564594525307, 'APPROACH-BLIND'
11, 9429, 77.87340245524271, 77.87340245524271, 'APPROACH-BLIND'
11, 9430, 77.90115896523236, 77.90115896523236, 'APPROACH-BLIND'
11, 9431, 77.928915475222, 77.928915475222, 'APPROACH-BLIND'
11, 9432, 77.95667198521164, 77.95667198521164, 'APPROACH-BLIND'
11, 9433, 77.98442849520129, 77.98442849520129, 'APPROACH-BLIND'
11, 9434, 78.01218500519093, 78.01218500519093, 'APPROACH-BLIND'
11, 9435, 78.03994151518057, 78.03994151518057, 'APPROACH-BLIND'
11, 9436, 78.06769802517022, 78.06769802517022, 'APPROACH-BLIND'
11, 9437, 78.09545453515986, 78.09545453515986, 'APPROACH-BLIND'
11, 9438, 78.1232110451495, 78.1232110451495, 'APPROACH-BLIND'
11, 9439, 78.15096755513915, 78.15096755513915, 'APPROACH-BLIND'
11, 9440, 78.17872406512879, 78.17872406512879, 'APPROACH-BLIND'
11, 9441, 78.20648057511843, 78.20648057511843, 'APPROACH-BLIND'
11, 9442, 78.23423708510808, 78.23423708510808, 'APPROACH-BLIND'
11, 9443, 78.26199359509772, 78.26199359509772, 'APPROACH-BLIND'
11, 9444, 78.28975010508736, 78.28975010508736, 'APPROACH-BLIND'
11, 9445, 78.31750661507701, 78.31750661507701, 'APPROACH-BLIND'
11, 9446, 78.34526312506665, 78.34526312506665, 'APPROACH-BLIND'
11, 9447, 78.3730196350563, 78.3730196350563, 'APPROACH-BLIND'
11, 9448, 78.40077614504594, 78.40077614504594, 'APPROACH-BLIND'
11, 9449, 78.42853265503558, 78.42853265503558, 'APPROACH-BLIND'
11, 9450, 78.45628916502523, 78.45628916502523, 'APPROACH-BLIND'
11, 9451, 78.48404567501487, 78.48404567501487, 'APPROACH-BLIND'
11, 9452, 78.51180218500451, 78.51180218500451, 'APPROACH-BLIND'
11, 9453, 78.53957767171458, 78.53957767171458, 'APPROACH-BLIND'
11, 9454, 78.56735315842465, 78.56735315842465, 'APPROACH-BLIND'
11, 9455, 78.59512864513472, 78.59512864513472, 'APPROACH-BLIND'
11, 9456, 78.62290413184479, 78.62290413184479, 'APPROACH-BLIND'
11, 9457, 78.65067961855486, 78.65067961855486, 'APPROACH-BLIND'
11, 9458, 78.67845510526493, 78.67845510526493, 'APPROACH-BLIND'
11, 9459, 78.706230591975, 78.706230591975, 'APPROACH-BLIND'
11, 9460, 78.73400607868507, 78.73400607868507, 'APPROACH-BLIND'
11, 9461, 78.76178156539514, 78.76178156539514, 'APPROACH-BLIND'
11, 9462, 78.78955705210521, 78.78955705210521, 'APPROACH-BLIND'
11, 9463, 78.81733253881528, 78.81733253881528, 'APPROACH-BLIND'
11, 9464, 78.84510802552535, 78.84510802552535, 'APPROACH-BLIND'
11, 9465, 78.87288351223542, 78.87288351223542, 'APPROACH-BLIND'
11, 9466, 78.90065899894549, 78.90065899894549, 'APPROACH-BLIND'
11, 9467, 78.92843448565556, 78.92843448565556, 'APPROACH-BLIND'
11, 9468, 78.95620997236563, 78.95620997236563, 'APPROACH-BLIND'
11, 9469, 78.9839854590757, 78.9839854590757, 'APPROACH-BLIND'
11, 9470, 79.01176094578577, 79.01176094578577, 'APPROACH-BLIND'
11, 9471, 79.03953643249584, 79.03953643249584, 'APPROACH-BLIND'
11, 9472, 79.0673119192059, 79.0673119192059, 'APPROACH-BLIND'
11, 9473, 79.09508740591598, 79.09508740591598, 'APPROACH-BLIND'
11, 9474, 79.12286289262605, 79.12286289262605, 'APPROACH-BLIND'
11, 9475, 79.15063837933612, 79.15063837933612, 'APPROACH-BLIND'
11, 9476, 79.17841386604618, 79.17841386604618, 'APPROACH-BLIND'
11, 9477, 79.20618935275625, 79.20618935275625, 'APPROACH-BLIND'
11, 9478, 79.23396483946632, 79.23396483946632, 'APPROACH-BLIND'
11, 9479, 79.2617403261764, 79.2617403261764, 'APPROACH-BLIND'
11, 9480, 79.28951581288646, 79.28951581288646, 'APPROACH-BLIND'
11, 9481, 79.31729129959653, 79.31729129959653, 'APPROACH-BLIND'
11, 9482, 79.3450667863066, 79.3450667863066, 'APPROACH-BLIND'
11, 9483, 79.37284227301667, 79.37284227301667, 'APPROACH-BLIND'
11, 9484, 79.40061775972674, 79.40061775972674, 'APPROACH-BLIND'
11, 9485, 79.42839324643681, 79.42839324643681, 'APPROACH-BLIND'
11, 9486, 79.45616873314688, 79.45616873314688, 'APPROACH-BLIND'
11, 9487, 79.48394421985695, 79.48394421985695, 'APPROACH-BLIND'
11, 9488, 79.51171970656702, 79.51171970656702, 'APPROACH-BLIND'
11, 9489, 79.53949723770974, 79.53949723770974, 'APPROACH-BLIND'
11, 9490, 79.56727476885246, 79.56727476885246, 'APPROACH-BLIND'
11, 9491, 79.59505229999517, 79.59505229999517, 'APPROACH-BLIND'
11, 9492, 79.62282983113789, 79.62282983113789, 'APPROACH-BLIND'
11, 9493, 79.65060736228061, 79.65060736228061, 'APPROACH-BLIND'
11, 9494, 79.67838489342333, 79.67838489342333, 'APPROACH-BLIND'
11, 9495, 79.70616242456605, 79.70616242456605, 'APPROACH-BLIND'
11, 9496, 79.73393995570876, 79.73393995570876, 'APPROACH-BLIND'
11, 9497, 79.76171748685148, 79.76171748685148, 'APPROACH-BLIND'
11, 9498, 79.7894950179942, 79.7894950179942, 'APPROACH-BLIND'
11, 9499, 79.81727254913692, 79.81727254913692, 'APPROACH-BLIND'
11, 9500, 79.84505008027963, 79.84505008027963, 'APPROACH-BLIND'
11, 9501, 79.87282761142235, 79.87282761142235, 'APPROACH-BLIND'
11, 9502, 79.90060514256507, 79.90060514256507, 'APPROACH-BLIND'
11, 9503, 79.92838267370779, 79.92838267370779, 'APPROACH-BLIND'
11, 9504, 79.9561602048505, 79.9561602048505, 'APPROACH-BLIND'
11, 9505, 79.98393773599322, 79.98393773599322, 'APPROACH-BLIND'
11, 9506, 80.01171526713594, 80.01171526713594, 'APPROACH-BLIND'
11, 9507, 80.03949279827866, 80.03949279827866, 'APPROACH-BLIND'
11, 9508, 80.06727032942138, 80.06727032942138, 'APPROACH-BLIND'
11, 9509, 80.0950478605641, 80.0950478605641, 'APPROACH-BLIND'
11, 9510, 80.12282539170681, 80.12282539170681, 'APPROACH-BLIND'
11, 9511, 80.15060292284953, 80.15060292284953, 'APPROACH-BLIND'
11, 9512, 80.17838045399225, 80.17838045399225, 'APPROACH-BLIND'
11, 9513, 80.20615798513496, 80.20615798513496, 'APPROACH-BLIND'
11, 9514, 80.23393551627768, 80.23393551627768, 'APPROACH-BLIND'
11, 9515, 80.2617130474204, 80.2617130474204, 'APPROACH-BLIND'
11, 9516, 80.28949057856312, 80.28949057856312, 'APPROACH-BLIND'
11, 9517, 80.31726810970584, 80.31726810970584, 'APPROACH-BLIND'
11, 9518, 80.34504564084855, 80.34504564084855, 'APPROACH-BLIND'
11, 9519, 80.35893440641992, 80.35893440641992, 'APPROACH-STEALTH'
11, 9520, 80.37282317199129, 80.37282317199129, 'APPROACH-STEALTH'
11, 9521, 80.38671193756265, 80.38671193756265, 'APPROACH-STEALTH'
11, 9522, 80.40060070313402, 80.40060070313402, 'APPROACH-STEALTH'
11, 9523, 80.41448946870538, 80.41448946870538, 'APPROACH-STEALTH'
11, 9524, 80.42837823427675, 80.42837823427675, 'APPROACH-STEALTH'
11, 9525, 80.44226699984812, 80.44226699984812, 'APPROACH-STEALTH'
11, 9526, 80.45615576541948, 80.45615576541948, 'APPROACH-STEALTH'
11, 9527, 80.47004453099085, 80.47004453099085, 'APPROACH-STEALTH'
11, 9528, 80.48393329656221, 80.48393329656221, 'APPROACH-STEALTH'
11, 9529, 80.49782206213358, 80.49782206213358, 'APPROACH-STEALTH'
11, 9530, 80.51171082770495, 80.51171082770495, 'APPROACH-STEALTH'
11, 9531, 80.51781506704981, 80.51781506704981, 'APPROACH-STEALTH'
11, 9532, 80.52391930639467, 80.52391930639467, 'APPROACH-STEALTH'
11, 9533, 80.53002354573954, 80.53002354573954, 'APPROACH-STEALTH'
11, 9534, 80.5361277850844, 80.5361277850844, 'APPROACH-STEALTH'
11, 9535, 80.54223202442927, 80.54223202442927, 'APPROACH-STEALTH'
11, 9536, 80.54833626377413, 80.54833626377413, 'APPROACH-STEALTH'
11, 9537, 80.554440503119, 80.554440503119, 'APPROACH-STEALTH'
11, 9538, 80.56054474246386, 80.56054474246386, 'APPROACH-STEALTH'
11, 9539, 80.56664898180873, 80.56664898180873, 'APPROACH-STEALTH'
11, 9540, 80.5727532211536, 80.5727532211536, 'APPROACH-STEALTH'
11, 9541, 80.57885746049847, 80.57885746049847, 'APPROACH-STEALTH'
11, 9542, 80.58496169984335, 80.58496169984335, 'APPROACH-STEALTH'
11, 9543, 80.59106593918821, 80.59106593918821, 'APPROACH-STEALTH'
11, 9544, 80.59717017853309, 80.59717017853309, 'APPROACH-STEALTH'
11, 9545, 80.60327441787796, 80.60327441787796, 'APPROACH-STEALTH'
11, 9546, 80.60937865722283, 80.60937865722283, 'APPROACH-STEALTH'
11, 9547, 80.6154828965677, 80.6154828965677, 'APPROACH-STEALTH'
11, 9548, 80.62158713591258, 80.62158713591258, 'APPROACH-STEALTH'
11, 9549, 80.62769137525744, 80.62769137525744, 'APPROACH-STEALTH'
11, 9550, 80.63379561460232, 80.63379561460232, 'APPROACH-STEALTH'
11, 9551, 80.63989985394718, 80.63989985394718, 'APPROACH-STEALTH'
11, 9552, 80.65210833263693, 80.65210833263693, 'APPROACH-BLIND'
11, 9553, 80.66431681132667, 80.66431681132667, 'APPROACH-BLIND'
11, 9554, 80.67652529001641, 80.67652529001641, 'APPROACH-BLIND'
11, 9555, 80.68873376870616, 80.68873376870616, 'APPROACH-BLIND'
11, 9556, 80.7009422473959, 80.7009422473959, 'APPROACH-BLIND'
11, 9557, 80.71315072608564, 80.71315072608564, 'APPROACH-BLIND'
11, 9558, 80.72535920477539, 80.72535920477539, 'APPROACH-BLIND'
11, 9559, 80.73756768346513, 80.73756768346513, 'APPROACH-BLIND'
11, 9560, 80.74977616215487, 80.74977616215487, 'APPROACH-BLIND'
11, 9561, 80.76198464084462, 80.76198464084462, 'APPROACH-BLIND'
11, 9562, 80.79938660011193, 80.79938660011193, 'PURSUE'
11, 9563, 80.83678855937924, 80.83678855937924, 'PURSUE'
11, 9564, 80.87419051864656, 80.87419051864656, 'PURSUE'
11, 9565, 80.91159247791387, 80.91159247791387, 'PURSUE'
11, 9566, 80.94899443718118, 80.94899443718118, 'PURSUE'
11, 9567, 80.9863963964485, 80.9863963964485, 'PURSUE'
11, 9568, 81.02379835571581, 81.02379835571581, 'PURSUE'
11, 9569, 81.06120031498313, 81.06120031498313, 'PURSUE'
11, 9570, 81.09860227425044, 81.09860227425044, 'PURSUE'
11, 9571, 81.13600423351775, 81.13600423351775, 'PURSUE'
11, 9572, 81.17340619278507, 81.17340619278507, 'PURSUE'
11, 9573, 81.21080815205238, 81.21080815205238, 'PURSUE'
11, 9574, 81.2482101113197, 81.2482101113197, 'PURSUE'
11, 9575, 81.27587252716043, 81.27587252716043, 'APPROACH-BLIND'
11, 9576, 81.30353494300117, 81.30353494300117, 'APPROACH-BLIND'
11, 9577, 81.3311973588419, 81.3311973588419, 'APPROACH-BLIND'
11, 9578, 81.35885977468264, 81.35885977468264, 'APPROACH-BLIND'
11, 9579, 81.38652219052338, 81.38652219052338, 'APPROACH-BLIND'
11, 9580, 81.41418460636412, 81.41418460636412, 'APPROACH-BLIND'
11, 9581, 81.44184702220485, 81.44184702220485, 'APPROACH-BLIND'
11, 9582, 81.46950943804559, 81.46950943804559, 'APPROACH-BLIND'
11, 9583, 81.49717185388633, 81.49717185388633, 'APPROACH-BLIND'
11, 9584, 81.52483426972707, 81.52483426972707, 'APPROACH-BLIND'
11, 9585, 81.53719204158729, 81.53719204158729, 'APPROACH-BLIND'
11, 9586, 81.54954981344751, 81.54954981344751, 'APPROACH-BLIND'
11, 9587, 81.56190758530774, 81.56190758530774, 'APPROACH-BLIND'
11, 9588, 81.56808647123785, 81.56808647123785, 'APPROACH-STEALTH'
11, 9589, 81.57426535716796, 81.57426535716796, 'APPROACH-STEALTH'
11, 9590, 81.58044424309807, 81.58044424309807, 'APPROACH-STEALTH'
11, 9591, 81.58662312902818, 81.58662312902818, 'APPROACH-STEALTH'
11, 9592, 81.5928020149583, 81.5928020149583, 'APPROACH-STEALTH'
11, 9593, 81.5989809008884, 81.5989809008884, 'APPROACH-STEALTH'
11, 9594, 81.60515978681852, 81.60515978681852, 'APPROACH-STEALTH'
11, 9595, 81.61133867274863, 81.61133867274863, 'APPROACH-STEALTH'
11, 9596, 81.61751755867874, 81.61751755867874, 'APPROACH-STEALTH'
11, 9597, 81.62369644460885, 81.62369644460885, 'APPROACH-STEALTH'
11, 9598, 81.62987533053897, 81.62987533053897, 'APPROACH-STEALTH'
11, 9599, 81.63605421646908, 81.63605421646908, 'APPROACH-STEALTH'
11, 9600, 81.64223310239919, 81.64223310239919, 'APPROACH-STEALTH'
11, 9601, 81.6484119883293, 81.6484119883293, 'APPROACH-STEALTH'
11, 9602, 81.65459087425941, 81.65459087425941, 'APPROACH-STEALTH'
11, 9603, 81.66076976018952, 81.66076976018952, 'APPROACH-STEALTH'
11, 9604, 81.66694864611964, 81.66694864611964, 'APPROACH-STEALTH'
11, 9605, 81.67312753204975, 81.67312753204975, 'APPROACH-STEALTH'
11, 9606, 81.67930641797986, 81.67930641797986, 'APPROACH-STEALTH'
11, 9607, 81.68548530390997, 81.68548530390997, 'APPROACH-STEALTH'
11, 9608, 81.69166418984008, 81.69166418984008, 'APPROACH-STEALTH'
11, 9609, 81.6978430757702, 81.6978430757702, 'APPROACH-STEALTH'
11, 9610, 81.7040219617003, 81.7040219617003, 'APPROACH-STEALTH'
11, 9611, 81.71020084763042, 81.71020084763042, 'APPROACH-STEALTH'
11, 9612, 81.72255861949064, 81.72255861949064, 'APPROACH-BLIND'
11, 9613, 81.73491639135086, 81.73491639135086, 'APPROACH-BLIND'
11, 9614, 81.74727416321109, 81.74727416321109, 'APPROACH-BLIND'
11, 9615, 81.75963193507131, 81.75963193507131, 'APPROACH-BLIND'
11, 9616, 81.7855102187904, 81.7855102187904, 'APPROACH-BLIND'
11, 9617, 81.8113885025095, 81.8113885025095, 'APPROACH-BLIND'
11, 9618, 81.8372667862286, 81.8372667862286, 'APPROACH-BLIND'
11, 9619, 81.86314506994769, 81.86314506994769, 'APPROACH-BLIND'
11, 9620, 81.87608421180724, 81.87608421180724, 'APPROACH-STEALTH'
11, 9621, 81.88902335366679, 81.88902335366679, 'APPROACH-STEALTH'
11, 9622, 81.90196249552633, 81.90196249552633, 'APPROACH-STEALTH'
11, 9623, 81.91490163738588, 81.91490163738588, 'APPROACH-STEALTH'
11, 9624, 81.92784077924543, 81.92784077924543, 'APPROACH-STEALTH'
11, 9625, 81.94077992110498, 81.94077992110498, 'APPROACH-STEALTH'
11, 9626, 81.95371906296452, 81.95371906296452, 'APPROACH-STEALTH'
11, 9627, 81.96665820482407, 81.96665820482407, 'APPROACH-STEALTH'
11, 9628, 81.97959734668362, 81.97959734668362, 'APPROACH-STEALTH'
11, 9629, 81.99253648854317, 81.99253648854317, 'APPROACH-STEALTH'
11, 9630, 82.00547563040271, 82.00547563040271, 'APPROACH-STEALTH'
11, 9631, 82.01841477226226, 82.01841477226226, 'APPROACH-STEALTH'
11, 9632, 82.03135391412181, 82.03135391412181, 'APPROACH-STEALTH'
11, 9633, 82.04429305598136, 82.04429305598136, 'APPROACH-STEALTH'
11, 9634, 82.0572321978409, 82.0572321978409, 'APPROACH-STEALTH'
11, 9635, 82.07017133970045, 82.07017133970045, 'APPROACH-STEALTH'
11, 9636, 82.08311048156, 82.08311048156, 'APPROACH-STEALTH'
11, 9637, 82.09604962341955, 82.09604962341955, 'APPROACH-STEALTH'
11, 9638, 82.1089887652791, 82.1089887652791, 'APPROACH-STEALTH'
11, 9639, 82.12192790713864, 82.12192790713864, 'APPROACH-STEALTH'
11, 9640, 82.13486704899819, 82.13486704899819, 'APPROACH-STEALTH'
11, 9641, 82.14780619085774, 82.14780619085774, 'APPROACH-STEALTH'
11, 9642, 82.16074533271728, 82.16074533271728, 'APPROACH-STEALTH'
11, 9643, 82.17368447457683, 82.17368447457683, 'APPROACH-STEALTH'
11, 9644, 82.18662361643638, 82.18662361643638, 'APPROACH-STEALTH'
11, 9645, 82.19956275829593, 82.19956275829593, 'APPROACH-STEALTH'
11, 9646, 82.21250190015547, 82.21250190015547, 'APPROACH-STEALTH'
11, 9647, 82.22544104201502, 82.22544104201502, 'APPROACH-STEALTH'
11, 9648, 82.23838018387457, 82.23838018387457, 'APPROACH-STEALTH'
11, 9649, 82.25131932573412, 82.25131932573412, 'APPROACH-STEALTH'
11, 9650, 82.26425846759366, 82.26425846759366, 'APPROACH-STEALTH'
11, 9651, 82.29013675131276, 82.29013675131276, 'APPROACH-BLIND'
11, 9652, 82.31601503503185, 82.31601503503185, 'APPROACH-BLIND'
11, 9653, 82.34189331875095, 82.34189331875095, 'APPROACH-BLIND'
11, 9654, 82.36777160247004, 82.36777160247004, 'APPROACH-BLIND'
11, 9655, 82.39364988618914, 82.39364988618914, 'APPROACH-BLIND'
11, 9656, 82.41952816990823, 82.41952816990823, 'APPROACH-BLIND'
11, 9657, 82.44540645362733, 82.44540645362733, 'APPROACH-BLIND'
11, 9658, 82.47128473734642, 82.47128473734642, 'APPROACH-BLIND'
11, 9659, 82.49716302106552, 82.49716302106552, 'APPROACH-BLIND'
11, 9660, 82.52304130478461, 82.52304130478461, 'APPROACH-BLIND'
11, 9661, 82.53340510824395, 82.53340510824395, 'APPROACH-BLIND'
11, 9662, 82.5437689117033, 82.5437689117033, 'APPROACH-BLIND'
11, 9663, 82.54895081343297, 82.54895081343297, 'APPROACH-STEALTH'
11, 9664, 82.58411640861999, 82.58411640861999, 'PURSUE'
11, 9665, 82.61928200380702, 82.61928200380702, 'PURSUE'
11, 9666, 82.62408702600162, 82.62408702600162, 'APPROACH-STEALTH'
11, 9667, 82.62889204819622, 82.62889204819622, 'APPROACH-STEALTH'
11, 9668, 82.63369707039082, 82.63369707039082, 'APPROACH-STEALTH'
11, 9669, 82.63850209258543, 82.63850209258543, 'APPROACH-STEALTH'
11, 9670, 82.64330711478003, 82.64330711478003, 'APPROACH-STEALTH'
11, 9671, 82.64811213697463, 82.64811213697463, 'APPROACH-STEALTH'
11, 9672, 82.65291715916923, 82.65291715916923, 'APPROACH-STEALTH'
11, 9673, 82.65772218136384, 82.65772218136384, 'APPROACH-STEALTH'
11, 9674, 82.66252720355844, 82.66252720355844, 'APPROACH-STEALTH'
11, 9675, 82.66733222575304, 82.66733222575304, 'APPROACH-STEALTH'
11, 9676, 82.67213724794765, 82.67213724794765, 'APPROACH-STEALTH'
11, 9677, 82.67694227014225, 82.67694227014225, 'APPROACH-STEALTH'
11, 9678, 82.68174729233685, 82.68174729233685, 'APPROACH-STEALTH'
11, 9679, 82.68655231453145, 82.68655231453145, 'APPROACH-STEALTH'
11, 9680, 82.69135733672606, 82.69135733672606, 'APPROACH-STEALTH'
11, 9681, 82.69616235892066, 82.69616235892066, 'APPROACH-STEALTH'
11, 9682, 82.70096738111526, 82.70096738111526, 'APPROACH-STEALTH'
11, 9683, 82.70577240330987, 82.70577240330987, 'APPROACH-STEALTH'
11, 9684, 82.71057742550447, 82.71057742550447, 'APPROACH-STEALTH'
11, 9685, 82.71538244769907, 82.71538244769907, 'APPROACH-STEALTH'
11, 9686, 82.72018746989367, 82.72018746989367, 'APPROACH-STEALTH'
11, 9687, 82.72499249208828, 82.72499249208828, 'APPROACH-STEALTH'
11, 9688, 82.73460253647747, 82.73460253647747, 'APPROACH-BLIND'
11, 9689, 82.73940755867207, 82.73940755867207, 'APPROACH-STEALTH'
11, 9690, 82.74421258086667, 82.74421258086667, 'APPROACH-STEALTH'
11, 9691, 82.74901760306128, 82.74901760306128, 'APPROACH-STEALTH'
11, 9692, 82.75382262525588, 82.75382262525588, 'APPROACH-STEALTH'
11, 9693, 82.75862764745048, 82.75862764745048, 'APPROACH-STEALTH'
11, 9694, 82.76343266964508, 82.76343266964508, 'APPROACH-STEALTH'
11, 9695, 82.76823769183969, 82.76823769183969, 'APPROACH-STEALTH'
11, 9696, 82.77304271403429, 82.77304271403429, 'APPROACH-STEALTH'
11, 9697, 82.77784773622889, 82.77784773622889, 'APPROACH-STEALTH'
11, 9698, 82.7826527584235, 82.7826527584235, 'APPROACH-STEALTH'
11, 9699, 82.7874577806181, 82.7874577806181, 'APPROACH-STEALTH'
11, 9700, 82.7922628028127, 82.7922628028127, 'APPROACH-STEALTH'
11, 9701, 82.7970678250073, 82.7970678250073, 'APPROACH-STEALTH'
11, 9702, 82.8018728472019, 82.8018728472019, 'APPROACH-STEALTH'
11, 9703, 82.80667786939651, 82.80667786939651, 'APPROACH-STEALTH'
11, 9704, 82.81148289159111, 82.81148289159111, 'APPROACH-STEALTH'
11, 9705, 82.81628791378571, 82.81628791378571, 'APPROACH-STEALTH'
11, 9706, 82.81797830335819, 82.81797830335819, 'APPROACH-STEALTH'
11, 9707, 82.81966869293066, 82.81966869293066, 'APPROACH-STEALTH'
11, 9708, 82.82135908250314, 82.82135908250314, 'APPROACH-STEALTH'
11, 9709, 82.82304947207561, 82.82304947207561, 'APPROACH-STEALTH'
11, 9710, 82.82473986164808, 82.82473986164808, 'APPROACH-STEALTH'
11, 9711, 82.82643025122056, 82.82643025122056, 'APPROACH-STEALTH'
11, 9712, 82.82812064079303, 82.82812064079303, 'APPROACH-STEALTH'
11, 9713, 82.8298110303655, 82.8298110303655, 'APPROACH-STEALTH'
11, 9714, 82.83150141993798, 82.83150141993798, 'APPROACH-STEALTH'
11, 9715, 82.83319180951045, 82.83319180951045, 'APPROACH-STEALTH'
11, 9716, 82.83488219908293, 82.83488219908293, 'APPROACH-STEALTH'
11, 9717, 82.8365725886554, 82.8365725886554, 'APPROACH-STEALTH'
11, 9718, 82.83826297822787, 82.83826297822787, 'APPROACH-STEALTH'
11, 9719, 82.83995336780035, 82.83995336780035, 'APPROACH-STEALTH'
11, 9720, 82.84164375737282, 82.84164375737282, 'APPROACH-STEALTH'
11, 9721, 82.8433341469453, 82.8433341469453, 'APPROACH-STEALTH'
11, 9722, 82.84502453651777, 82.84502453651777, 'APPROACH-STEALTH'
11, 9723, 82.84671492609024, 82.84671492609024, 'APPROACH-STEALTH'
11, 9724, 82.84840531566272, 82.84840531566272, 'APPROACH-STEALTH'
11, 9725, 82.85009570523519, 82.85009570523519, 'APPROACH-STEALTH'
11, 9726, 82.85178609480766, 82.85178609480766, 'APPROACH-STEALTH'
11, 9727, 82.85347648438014, 82.85347648438014, 'APPROACH-STEALTH'
11, 9728, 82.85516687395261, 82.85516687395261, 'APPROACH-STEALTH'
11, 9729, 82.85685726352509, 82.85685726352509, 'APPROACH-STEALTH'
11, 9730, 82.85854765309756, 82.85854765309756, 'APPROACH-STEALTH'
11, 9731, 82.86023804267003, 82.86023804267003, 'APPROACH-STEALTH'
11, 9732, 82.86192843224251, 82.86192843224251, 'APPROACH-STEALTH'
11, 9733, 82.86361882181498, 82.86361882181498, 'APPROACH-STEALTH'
11, 9734, 82.86530921138745, 82.86530921138745, 'APPROACH-STEALTH'
11, 9735, 82.86699960095993, 82.86699960095993, 'APPROACH-STEALTH'
11, 9736, 82.8686899905324, 82.8686899905324, 'APPROACH-STEALTH'
11, 9737, 82.87038038010488, 82.87038038010488, 'APPROACH-STEALTH'
11, 9738, 82.87207076967735, 82.87207076967735, 'APPROACH-STEALTH'
11, 9739, 82.87376115924982, 82.87376115924982, 'APPROACH-STEALTH'
11, 9740, 82.8754515488223, 82.8754515488223, 'APPROACH-STEALTH'
11, 9741, 82.87714193839477, 82.87714193839477, 'APPROACH-STEALTH'
11, 9742, 82.87883232796725, 82.87883232796725, 'APPROACH-STEALTH'
11, 9743, 82.88052271753972, 82.88052271753972, 'APPROACH-STEALTH'
11, 9744, 82.8822131071122, 82.8822131071122, 'APPROACH-STEALTH'
11, 9745, 82.88390349668467, 82.88390349668467, 'APPROACH-STEALTH'
11, 9746, 82.88559388625714, 82.88559388625714, 'APPROACH-STEALTH'
11, 9747, 82.88728427582961, 82.88728427582961, 'APPROACH-STEALTH'
11, 9748, 82.88897466540209, 82.88897466540209, 'APPROACH-STEALTH'
11, 9749, 82.89066505497456, 82.89066505497456, 'APPROACH-STEALTH'
11, 9750, 82.89235544454704, 82.89235544454704, 'APPROACH-STEALTH'
11, 9751, 82.89404583411951, 82.89404583411951, 'APPROACH-STEALTH'
11, 9752, 82.89573622369198, 82.89573622369198, 'APPROACH-STEALTH'
11, 9753, 82.89742661326446, 82.89742661326446, 'APPROACH-STEALTH'
11, 9754, 82.89911700283693, 82.89911700283693, 'APPROACH-STEALTH'
11, 9755, 82.9008073924094, 82.9008073924094, 'APPROACH-STEALTH'
11, 9756, 82.90249778198188, 82.90249778198188, 'APPROACH-STEALTH'
11, 9757, 82.90418817155435, 82.90418817155435, 'APPROACH-STEALTH'
11, 9758, 82.90587856112683, 82.90587856112683, 'APPROACH-STEALTH'
11, 9759, 82.9075689506993, 82.9075689506993, 'APPROACH-STEALTH'
11, 9760, 82.90925934027177, 82.90925934027177, 'APPROACH-STEALTH'
11, 9761, 82.91094972984425, 82.91094972984425, 'APPROACH-STEALTH'
11, 9762, 82.91264011941672, 82.91264011941672, 'APPROACH-STEALTH'
11, 9763, 82.9143305089892, 82.9143305089892, 'APPROACH-STEALTH'
11, 9764, 82.91602089856167, 82.91602089856167, 'APPROACH-STEALTH'
11, 9765, 82.91771128813414, 82.91771128813414, 'APPROACH-STEALTH'
11, 9766, 82.91940167770662, 82.91940167770662, 'APPROACH-STEALTH'
11, 9767, 82.92109206727909, 82.92109206727909, 'APPROACH-STEALTH'
11, 9768, 82.92278245685158, 82.92278245685158, 'APPROACH-STEALTH'
11, 9769, 82.92447284642405, 82.92447284642405, 'APPROACH-STEALTH'
11, 9770, 82.92616323599654, 82.92616323599654, 'APPROACH-STEALTH'
11, 9771, 82.92785362556901, 82.92785362556901, 'APPROACH-STEALTH'
11, 9772, 82.9295440151415, 82.9295440151415, 'APPROACH-STEALTH'
11, 9773, 82.93123440471398, 82.93123440471398, 'APPROACH-STEALTH'
11, 9774, 82.93292479428646, 82.93292479428646, 'APPROACH-STEALTH'
11, 9775, 82.93461518385894, 82.93461518385894, 'APPROACH-STEALTH'
11, 9776, 82.93630557343143, 82.93630557343143, 'APPROACH-STEALTH'
11, 9777, 82.9379959630039, 82.9379959630039, 'APPROACH-STEALTH'
11, 9778, 82.93968635257639, 82.93968635257639, 'APPROACH-STEALTH'
11, 9779, 82.95228557061994, 82.95228557061994, 'APPROACH-STEALTH'
11, 9780, 82.96488478866348, 82.96488478866348, 'APPROACH-STEALTH'
11, 9781, 82.97748400670703, 82.97748400670703, 'APPROACH-STEALTH'
11, 9782, 82.99008322475058, 82.99008322475058, 'APPROACH-STEALTH'
11, 9783, 83.02871083420597, 83.02871083420597, 'PURSUE'
11, 9784, 83.06733844366136, 83.06733844366136, 'PURSUE'
11, 9785, 83.09301172716495, 83.09301172716495, 'APPROACH-BLIND'
11, 9786, 83.11868501066854, 83.11868501066854, 'APPROACH-BLIND'
11, 9787, 83.15719736107667, 83.15719736107667, 'PURSUE'
11, 9788, 83.1957097114848, 83.1957097114848, 'PURSUE'
11, 9789, 83.23422206189292, 83.23422206189292, 'PURSUE'
11, 9790, 83.27273441230105, 83.27273441230105, 'PURSUE'
11, 9791, 83.31124676270917, 83.31124676270917, 'PURSUE'
11, 9792, 83.3497591131173, 83.3497591131173, 'PURSUE'
11, 9793, 83.38827146352543, 83.38827146352543, 'PURSUE'
11, 9794, 83.42678381393355, 83.42678381393355, 'PURSUE'
11, 9795, 83.46529616434168, 83.46529616434168, 'PURSUE'
11, 9796, 83.5038085147498, 83.5038085147498, 'PURSUE'
11, 9797, 83.51768870193494, 83.51768870193494, 'APPROACH-STEALTH'
11, 9798, 83.53156888912008, 83.53156888912008, 'APPROACH-STEALTH'
11, 9799, 83.54544907630522, 83.54544907630522, 'APPROACH-STEALTH'
11, 9800, 83.55932926349035, 83.55932926349035, 'APPROACH-STEALTH'
11, 9801, 83.57320945067549, 83.57320945067549, 'APPROACH-STEALTH'
11, 9802, 83.58708963786063, 83.58708963786063, 'APPROACH-STEALTH'
11, 9803, 83.60096982504577, 83.60096982504577, 'APPROACH-STEALTH'
11, 9804, 83.6148500122309, 83.6148500122309, 'APPROACH-STEALTH'
11, 9805, 83.62873019941604, 83.62873019941604, 'APPROACH-STEALTH'
11, 9806, 83.64261038660118, 83.64261038660118, 'APPROACH-STEALTH'
11, 9807, 83.65649057378631, 83.65649057378631, 'APPROACH-STEALTH'
11, 9808, 83.67037076097145, 83.67037076097145, 'APPROACH-STEALTH'
11, 9809, 83.68425094815659, 83.68425094815659, 'APPROACH-STEALTH'
11, 9810, 83.69813113534173, 83.69813113534173, 'APPROACH-STEALTH'
11, 9811, 83.71201132252686, 83.71201132252686, 'APPROACH-STEALTH'
11, 9812, 83.725891509712, 83.725891509712, 'APPROACH-STEALTH'
11, 9813, 83.73977169689714, 83.73977169689714, 'APPROACH-STEALTH'
11, 9814, 83.75365188408227, 83.75365188408227, 'APPROACH-STEALTH'
11, 9815, 83.76753207126741, 83.76753207126741, 'APPROACH-STEALTH'
11, 9816, 83.78141225845255, 83.78141225845255, 'APPROACH-STEALTH'
11, 9817, 83.79529244563768, 83.79529244563768, 'APPROACH-STEALTH'
11, 9818, 83.80917263282282, 83.80917263282282, 'APPROACH-STEALTH'
11, 9819, 83.82305282000796, 83.82305282000796, 'APPROACH-STEALTH'
11, 9820, 83.8369330071931, 83.8369330071931, 'APPROACH-STEALTH'
11, 9821, 83.85081319437823, 83.85081319437823, 'APPROACH-STEALTH'
11, 9822, 83.86469338156337, 83.86469338156337, 'APPROACH-STEALTH'
11, 9823, 83.87857356874851, 83.87857356874851, 'APPROACH-STEALTH'
11, 9824, 83.89245375593364, 83.89245375593364, 'APPROACH-STEALTH'
11, 9825, 83.90633394311878, 83.90633394311878, 'APPROACH-STEALTH'
11, 9826, 83.92021413030392, 83.92021413030392, 'APPROACH-STEALTH'
11, 9827, 83.93409431748906, 83.93409431748906, 'APPROACH-STEALTH'
11, 9828, 83.96185469185932, 83.96185469185932, 'APPROACH-BLIND'
11, 9829, 83.98961506622958, 83.98961506622958, 'APPROACH-BLIND'
11, 9830, 84.01737544059984, 84.01737544059984, 'APPROACH-BLIND'
11, 9831, 84.0451358149701, 84.0451358149701, 'APPROACH-BLIND'
11, 9832, 84.07289618934036, 84.07289618934036, 'APPROACH-BLIND'
11, 9833, 84.08677637652549, 84.08677637652549, 'APPROACH-STEALTH'
11, 9834, 84.10065656371063, 84.10065656371063, 'APPROACH-STEALTH'
11, 9835, 84.11453675089577, 84.11453675089577, 'APPROACH-STEALTH'
11, 9836, 84.1284169380809, 84.1284169380809, 'APPROACH-STEALTH'
11, 9837, 84.14229712526604, 84.14229712526604, 'APPROACH-STEALTH'
11, 9838, 84.15617731245118, 84.15617731245118, 'APPROACH-STEALTH'
11, 9839, 84.17005749963631, 84.17005749963631, 'APPROACH-STEALTH'
11, 9840, 84.18393768682145, 84.18393768682145, 'APPROACH-STEALTH'
11, 9841, 84.19781787400659, 84.19781787400659, 'APPROACH-STEALTH'
11, 9842, 84.21169806119173, 84.21169806119173, 'APPROACH-STEALTH'
11, 9843, 84.22557824837686, 84.22557824837686, 'APPROACH-STEALTH'
11, 9844, 84.239458435562, 84.239458435562, 'APPROACH-STEALTH'
11, 9845, 84.25333862274714, 84.25333862274714, 'APPROACH-STEALTH'
11, 9846, 84.26721880993227, 84.26721880993227, 'APPROACH-STEALTH'
11, 9847, 84.28109899711741, 84.28109899711741, 'APPROACH-STEALTH'
11, 9848, 84.29497918430255, 84.29497918430255, 'APPROACH-STEALTH'
11, 9849, 84.30885937148769, 84.30885937148769, 'APPROACH-STEALTH'
11, 9850, 84.32273955867282, 84.32273955867282, 'APPROACH-STEALTH'
11, 9851, 84.33661974585796, 84.33661974585796, 'APPROACH-STEALTH'
11, 9852, 84.3504999330431, 84.3504999330431, 'APPROACH-STEALTH'
11, 9853, 84.37826030741336, 84.37826030741336, 'APPROACH-BLIND'
11, 9854, 84.40602068178362, 84.40602068178362, 'APPROACH-BLIND'
11, 9855, 84.43378105615388, 84.43378105615388, 'APPROACH-BLIND'
11, 9856, 84.46154143052414, 84.46154143052414, 'APPROACH-BLIND'
11, 9857, 84.47542161770927, 84.47542161770927, 'APPROACH-STEALTH'
11, 9858, 84.48930180489441, 84.48930180489441, 'APPROACH-STEALTH'
11, 9859, 84.50318199207955, 84.50318199207955, 'APPROACH-STEALTH'
11, 9860, 84.50927547193069, 84.50927547193069, 'APPROACH-STEALTH'
11, 9861, 84.52146243163297, 84.52146243163297, 'APPROACH-BLIND'
11, 9862, 84.53364939133525, 84.53364939133525, 'APPROACH-BLIND'
11, 9863, 84.54583635103752, 84.54583635103752, 'APPROACH-BLIND'
11, 9864, 84.5580233107398, 84.5580233107398, 'APPROACH-BLIND'
11, 9865, 84.57021027044208, 84.57021027044208, 'APPROACH-BLIND'
11, 9866, 84.58239723014435, 84.58239723014435, 'APPROACH-BLIND'
11, 9867, 84.59458418984663, 84.59458418984663, 'APPROACH-BLIND'
11, 9868, 84.6067711495489, 84.6067711495489, 'APPROACH-BLIND'
11, 9869, 84.61895810925118, 84.61895810925118, 'APPROACH-BLIND'
11, 9870, 84.63114506895346, 84.63114506895346, 'APPROACH-BLIND'
11, 9871, 84.64333202865573, 84.64333202865573, 'APPROACH-BLIND'
11, 9872, 84.65551898835801, 84.65551898835801, 'APPROACH-BLIND'
11, 9873, 84.66770594806029, 84.66770594806029, 'APPROACH-BLIND'
11, 9874, 84.67989290776256, 84.67989290776256, 'APPROACH-BLIND'
11, 9875, 84.69207986746484, 84.69207986746484, 'APPROACH-BLIND'
11, 9876, 84.70426682716712, 84.70426682716712, 'APPROACH-BLIND'
11, 9877, 84.7164537868694, 84.7164537868694, 'APPROACH-BLIND'
11, 9878, 84.72864074657167, 84.72864074657167, 'APPROACH-BLIND'
11, 9879, 84.74082770627395, 84.74082770627395, 'APPROACH-BLIND'
11, 9880, 84.75301466597622, 84.75301466597622, 'APPROACH-BLIND'
11, 9881, 84.7652016256785, 84.7652016256785, 'APPROACH-BLIND'
11, 9882, 84.74168305623942, 84.74168305623942, 'APPROACH-BLIND'
11, 9883, 84.71816448680035, 84.71816448680035, 'APPROACH-BLIND'
11, 9884, 84.69464591736127, 84.69464591736127, 'APPROACH-BLIND'
11, 9885, 84.6711273479222, 84.6711273479222, 'APPROACH-BLIND'
11, 9886, 84.64760877848312, 84.64760877848312, 'APPROACH-BLIND'
11, 9887, 84.62409020904404, 84.62409020904404, 'APPROACH-BLIND'
11, 9888, 84.60057163960496, 84.60057163960496, 'APPROACH-BLIND'
11, 9889, 84.57705307016589, 84.57705307016589, 'APPROACH-BLIND'
11, 9890, 84.55353450072681, 84.55353450072681, 'APPROACH-BLIND'
11, 9891, 84.53001593128774, 84.53001593128774, 'APPROACH-BLIND'
11, 9892, 84.50649736184866, 84.50649736184866, 'APPROACH-BLIND'
11, 9893, 84.48297879240958, 84.48297879240958, 'APPROACH-BLIND'
11, 9894, 84.5069332238657, 84.5069332238657, 'APPROACH-BLIND'
11, 9895, 84.52056819956032, 84.52056819956032, 'APPROACH-STEALTH'
11, 9896, 84.53420317525493, 84.53420317525493, 'APPROACH-STEALTH'
11, 9897, 84.54783815094954, 84.54783815094954, 'APPROACH-STEALTH'
11, 9898, 84.56147312664416, 84.56147312664416, 'APPROACH-STEALTH'
11, 9899, 84.57510810233877, 84.57510810233877, 'APPROACH-STEALTH'
11, 9900, 84.58874307803339, 84.58874307803339, 'APPROACH-STEALTH'
11, 9901, 84.602378053728, 84.602378053728, 'APPROACH-STEALTH'
11, 9902, 84.61601302942262, 84.61601302942262, 'APPROACH-STEALTH'
11, 9903, 84.62964800511723, 84.62964800511723, 'APPROACH-STEALTH'
11, 9904, 84.64328298081185, 84.64328298081185, 'APPROACH-STEALTH'
11, 9905, 84.65691795650646, 84.65691795650646, 'APPROACH-STEALTH'
11, 9906, 84.67055293220108, 84.67055293220108, 'APPROACH-STEALTH'
11, 9907, 84.68418790789569, 84.68418790789569, 'APPROACH-STEALTH'
11, 9908, 84.6978228835903, 84.6978228835903, 'APPROACH-STEALTH'
11, 9909, 84.71145785928492, 84.71145785928492, 'APPROACH-STEALTH'
11, 9910, 84.72509283497953, 84.72509283497953, 'APPROACH-STEALTH'
11, 9911, 84.73872781067415, 84.73872781067415, 'APPROACH-STEALTH'
11, 9912, 84.75236278636876, 84.75236278636876, 'APPROACH-STEALTH'
11, 9913, 84.76599776206338, 84.76599776206338, 'APPROACH-STEALTH'
11, 9914, 84.77963273775799, 84.77963273775799, 'APPROACH-STEALTH'
11, 9915, 84.79326771345261, 84.79326771345261, 'APPROACH-STEALTH'
11, 9916, 84.80690268914722, 84.80690268914722, 'APPROACH-STEALTH'
11, 9917, 84.82053766484184, 84.82053766484184, 'APPROACH-STEALTH'
11, 9918, 84.83417264053645, 84.83417264053645, 'APPROACH-STEALTH'
11, 9919, 84.86144259192568, 84.86144259192568, 'APPROACH-BLIND'
11, 9920, 84.88871254331491, 84.88871254331491, 'APPROACH-BLIND'
11, 9921, 84.91598249470414, 84.91598249470414, 'APPROACH-BLIND'
11, 9922, 84.94325244609337, 84.94325244609337, 'APPROACH-BLIND'
11, 9923, 84.9705223974826, 84.9705223974826, 'APPROACH-BLIND'
11, 9924, 84.99779234887183, 84.99779234887183, 'APPROACH-BLIND'
11, 9925, 85.01142732456644, 85.01142732456644, 'APPROACH-STEALTH'
11, 9926, 85.02506230026106, 85.02506230026106, 'APPROACH-STEALTH'
11, 9927, 85.03869727595567, 85.03869727595567, 'APPROACH-STEALTH'
11, 9928, 85.05233225165028, 85.05233225165028, 'APPROACH-STEALTH'
11, 9929, 85.0659672273449, 85.0659672273449, 'APPROACH-STEALTH'
11, 9930, 85.07960220303951, 85.07960220303951, 'APPROACH-STEALTH'
11, 9931, 85.09323717873413, 85.09323717873413, 'APPROACH-STEALTH'
11, 9932, 85.10687215442874, 85.10687215442874, 'APPROACH-STEALTH'
11, 9933, 85.12050713012336, 85.12050713012336, 'APPROACH-STEALTH'
11, 9934, 85.13414210581797, 85.13414210581797, 'APPROACH-STEALTH'
11, 9935, 85.14777708151259, 85.14777708151259, 'APPROACH-STEALTH'
11, 9936, 85.1614120572072, 85.1614120572072, 'APPROACH-STEALTH'
11, 9937, 85.17504703290182, 85.17504703290182, 'APPROACH-STEALTH'
11, 9938, 85.18868200859643, 85.18868200859643, 'APPROACH-STEALTH'
11, 9939, 85.20231698429104, 85.20231698429104, 'APPROACH-STEALTH'
11, 9940, 85.21595195998566, 85.21595195998566, 'APPROACH-STEALTH'
11, 9941, 85.22958693568027, 85.22958693568027, 'APPROACH-STEALTH'
11, 9942, 85.24322191137489, 85.24322191137489, 'APPROACH-STEALTH'
11, 9943, 85.2568568870695, 85.2568568870695, 'APPROACH-STEALTH'
11, 9944, 85.27049186276412, 85.27049186276412, 'APPROACH-STEALTH'
11, 9945, 85.28412683845873, 85.28412683845873, 'APPROACH-STEALTH'
11, 9946, 85.29776181415335, 85.29776181415335, 'APPROACH-STEALTH'
11, 9947, 85.31139678984796, 85.31139678984796, 'APPROACH-STEALTH'
11, 9948, 85.32503176554258, 85.32503176554258, 'APPROACH-STEALTH'
11, 9949, 85.33866674123719, 85.33866674123719, 'APPROACH-STEALTH'
11, 9950, 85.3523017169318, 85.3523017169318, 'APPROACH-STEALTH'
11, 9951, 85.36593669262642, 85.36593669262642, 'APPROACH-STEALTH'
11, 9952, 85.37957166832103, 85.37957166832103, 'APPROACH-STEALTH'
11, 9953, 85.39320664401565, 85.39320664401565, 'APPROACH-STEALTH'
11, 9954, 85.40684161971026, 85.40684161971026, 'APPROACH-STEALTH'
11, 9955, 85.42047659540488, 85.42047659540488, 'APPROACH-STEALTH'
11, 9956, 85.43411157109949, 85.43411157109949, 'APPROACH-STEALTH'
11, 9957, 85.44774654679411, 85.44774654679411, 'APPROACH-STEALTH'
11, 9958, 85.46138152248872, 85.46138152248872, 'APPROACH-STEALTH'
11, 9959, 85.47501649818334, 85.47501649818334, 'APPROACH-STEALTH'
11, 9960, 85.48865147387795, 85.48865147387795, 'APPROACH-STEALTH'
11, 9961, 85.50228644957257, 85.50228644957257, 'APPROACH-STEALTH'
11, 9962, 85.50898790946054, 85.50898790946054, 'APPROACH-STEALTH'
11, 9963, 85.51568936934852, 85.51568936934852, 'APPROACH-STEALTH'
11, 9964, 85.5223908292365, 85.5223908292365, 'APPROACH-STEALTH'
11, 9965, 85.52909228912448, 85.52909228912448, 'APPROACH-STEALTH'
11, 9966, 85.53579374901246, 85.53579374901246, 'APPROACH-STEALTH'
11, 9967, 85.54249520890043, 85.54249520890043, 'APPROACH-STEALTH'
11, 9968, 85.54919666878841, 85.54919666878841, 'APPROACH-STEALTH'
11, 9969, 85.55589812867639, 85.55589812867639, 'APPROACH-STEALTH'
11, 9970, 85.56259958856437, 85.56259958856437, 'APPROACH-STEALTH'
11, 9971, 85.56930104845235, 85.56930104845235, 'APPROACH-STEALTH'
11, 9972, 85.57600250834032, 85.57600250834032, 'APPROACH-STEALTH'
11, 9973, 85.5827039682283, 85.5827039682283, 'APPROACH-STEALTH'
11, 9974, 85.58940542811628, 85.58940542811628, 'APPROACH-STEALTH'
11, 9975, 85.59610688800426, 85.59610688800426, 'APPROACH-STEALTH'
11, 9976, 85.60280834789224, 85.60280834789224, 'APPROACH-STEALTH'
11, 9977, 85.60950980778021, 85.60950980778021, 'APPROACH-STEALTH'
11, 9978, 85.61621126766819, 85.61621126766819, 'APPROACH-STEALTH'
11, 9979, 85.62291272755617, 85.62291272755617, 'APPROACH-STEALTH'
11, 9980, 85.62961418744415, 85.62961418744415, 'APPROACH-STEALTH'
11, 9981, 85.63631564733213, 85.63631564733213, 'APPROACH-STEALTH'
11, 9982, 85.6430171072201, 85.6430171072201, 'APPROACH-STEALTH'
11, 9983, 85.64971856710808, 85.64971856710808, 'APPROACH-STEALTH'
11, 9984, 85.65642002699606, 85.65642002699606, 'APPROACH-STEALTH'
11, 9985, 85.66312148688404, 85.66312148688404, 'APPROACH-STEALTH'
11, 9986, 85.67652440666, 85.67652440666, 'APPROACH-BLIND'
11, 9987, 85.68322586654797, 85.68322586654797, 'APPROACH-STEALTH'
11, 9988, 85.69662878632393, 85.69662878632393, 'APPROACH-BLIND'
11, 9989, 85.7033302462119, 85.7033302462119, 'APPROACH-STEALTH'
11, 9990, 85.71673316598785, 85.71673316598785, 'APPROACH-BLIND'
11, 9991, 85.72343462587583, 85.72343462587583, 'APPROACH-STEALTH'
11, 9992, 85.73683754565177, 85.73683754565177, 'APPROACH-BLIND'
11, 9993, 85.73927266086798, 85.73927266086798, 'APPROACH-STEALTH'
11, 9994, 85.74414289130043, 85.74414289130043, 'APPROACH-BLIND'
11, 9995, 85.74901312173287, 85.74901312173287, 'APPROACH-BLIND'
11, 9996, 85.75388335216532, 85.75388335216532, 'APPROACH-BLIND'
11, 9997, 85.75875358259776, 85.75875358259776, 'APPROACH-BLIND'
11, 9998, 85.76362381303021, 85.76362381303021, 'APPROACH-BLIND'
11, 9999, 85.76849404346265, 85.76849404346265, 'APPROACH-BLIND'
11, 10000, 85.7733642738951, 85.7733642738951, 'APPROACH-BLIND'
11, 10001, 85.77823450432754, 85.77823450432754, 'APPROACH-BLIND'
11, 10002, 85.78310473475999, 85.78310473475999, 'APPROACH-BLIND'
11, 10003, 85.78797496519243, 85.78797496519243, 'APPROACH-BLIND'
11, 10004, 85.79284519562488, 85.79284519562488, 'APPROACH-BLIND'
11, 10005, 85.79771542605732, 85.79771542605732, 'APPROACH-BLIND'
11, 10006, 85.80258565648977, 85.80258565648977, 'APPROACH-BLIND'
11, 10007, 85.80745588692221, 85.80745588692221, 'APPROACH-BLIND'
11, 10008, 85.81232611735466, 85.81232611735466, 'APPROACH-BLIND'
11, 10009, 85.8171963477871, 85.8171963477871, 'APPROACH-BLIND'
11, 10010, 85.82206657821955, 85.82206657821955, 'APPROACH-BLIND'
11, 10011, 85.826936808652, 85.826936808652, 'APPROACH-BLIND'
11, 10012, 85.83180703908444, 85.83180703908444, 'APPROACH-BLIND'
11, 10013, 85.83667726951688, 85.83667726951688, 'APPROACH-BLIND'
11, 10014, 85.84154749994933, 85.84154749994933, 'APPROACH-BLIND'
11, 10015, 85.84641773038177, 85.84641773038177, 'APPROACH-BLIND'
11, 10016, 85.85128796081422, 85.85128796081422, 'APPROACH-BLIND'
11, 10017, 85.85615819124666, 85.85615819124666, 'APPROACH-BLIND'
11, 10018, 85.86102842167911, 85.86102842167911, 'APPROACH-BLIND'
11, 10019, 85.86589865211155, 85.86589865211155, 'APPROACH-BLIND'
11, 10020, 85.870768882544, 85.870768882544, 'APPROACH-BLIND'
11, 10021, 85.87563911297644, 85.87563911297644, 'APPROACH-BLIND'
11, 10022, 85.88050934340889, 85.88050934340889, 'APPROACH-BLIND'
11, 10023, 85.88537957384133, 85.88537957384133, 'APPROACH-BLIND'
11, 10024, 85.89024980427378, 85.89024980427378, 'APPROACH-BLIND'
11, 10025, 85.89512003470622, 85.89512003470622, 'APPROACH-BLIND'
11, 10026, 85.89999026513867, 85.89999026513867, 'APPROACH-BLIND'
11, 10027, 85.90486049557111, 85.90486049557111, 'APPROACH-BLIND'
11, 10028, 85.90973072600356, 85.90973072600356, 'APPROACH-BLIND'
11, 10029, 85.914600956436, 85.914600956436, 'APPROACH-BLIND'
11, 10030, 85.91620162990097, 85.91620162990097, 'APPROACH-BLIND'
11, 10031, 85.91780230336593, 85.91780230336593, 'APPROACH-BLIND'
11, 10032, 85.9194029768309, 85.9194029768309, 'APPROACH-BLIND'
11, 10033, 85.92100365029586, 85.92100365029586, 'APPROACH-BLIND'
11, 10034, 85.92260432376082, 85.92260432376082, 'APPROACH-BLIND'
11, 10035, 85.92420499722579, 85.92420499722579, 'APPROACH-BLIND'
11, 10036, 85.92580567069075, 85.92580567069075, 'APPROACH-BLIND'
11, 10037, 85.92740634415571, 85.92740634415571, 'APPROACH-BLIND'
11, 10038, 85.92900701762068, 85.92900701762068, 'APPROACH-BLIND'
11, 10039, 85.93060769108564, 85.93060769108564, 'APPROACH-BLIND'
11, 10040, 85.9322083645506, 85.9322083645506, 'APPROACH-BLIND'
11, 10041, 85.93380903801557, 85.93380903801557, 'APPROACH-BLIND'
11, 10042, 85.93540971148053, 85.93540971148053, 'APPROACH-BLIND'
11, 10043, 85.9370103849455, 85.9370103849455, 'APPROACH-BLIND'
11, 10044, 85.93861105841046, 85.93861105841046, 'APPROACH-BLIND'
11, 10045, 85.94021173187542, 85.94021173187542, 'APPROACH-BLIND'
11, 10046, 85.94181240534039, 85.94181240534039, 'APPROACH-BLIND'
11, 10047, 85.94341307880535, 85.94341307880535, 'APPROACH-BLIND'
11, 10048, 85.94501375227031, 85.94501375227031, 'APPROACH-BLIND'
11, 10049, 85.94661442573528, 85.94661442573528, 'APPROACH-BLIND'
11, 10050, 85.94821509920024, 85.94821509920024, 'APPROACH-BLIND'
11, 10051, 85.9498157726652, 85.9498157726652, 'APPROACH-BLIND'
11, 10052, 85.95141644613017, 85.95141644613017, 'APPROACH-BLIND'
11, 10053, 85.95301711959513, 85.95301711959513, 'APPROACH-BLIND'
11, 10054, 85.9546177930601, 85.9546177930601, 'APPROACH-BLIND'
11, 10055, 85.95621846652506, 85.95621846652506, 'APPROACH-BLIND'
11, 10056, 85.95781913999002, 85.95781913999002, 'APPROACH-BLIND'
11, 10057, 85.95941981345499, 85.95941981345499, 'APPROACH-BLIND'
11, 10058, 85.96102048691995, 85.96102048691995, 'APPROACH-BLIND'
11, 10059, 85.96262116038491, 85.96262116038491, 'APPROACH-BLIND'
11, 10060, 85.96422183384988, 85.96422183384988, 'APPROACH-BLIND'
11, 10061, 85.96582250731484, 85.96582250731484, 'APPROACH-BLIND'
11, 10062, 85.9674231807798, 85.9674231807798, 'APPROACH-BLIND'
11, 10063, 85.96902385424477, 85.96902385424477, 'APPROACH-BLIND'
11, 10064, 85.97062452770973, 85.97062452770973, 'APPROACH-BLIND'
11, 10065, 85.9722252011747, 85.9722252011747, 'APPROACH-BLIND'
11, 10066, 85.99738221506598, 85.99738221506598, 'APPROACH-BLIND'
11, 10067, 86.02253922895727, 86.02253922895727, 'APPROACH-BLIND'
11, 10068, 86.04769624284856, 86.04769624284856, 'APPROACH-BLIND'
11, 10069, 86.07285325673985, 86.07285325673985, 'APPROACH-BLIND'
11, 10070, 86.09801027063114, 86.09801027063114, 'APPROACH-BLIND'
11, 10071, 86.12316728452242, 86.12316728452242, 'APPROACH-BLIND'
11, 10072, 86.14832429841371, 86.14832429841371, 'APPROACH-BLIND'
11, 10073, 86.173481312305, 86.173481312305, 'APPROACH-BLIND'
11, 10074, 86.19863832619629, 86.19863832619629, 'APPROACH-BLIND'
11, 10075, 86.22379534008758, 86.22379534008758, 'APPROACH-BLIND'
11, 10076, 86.24895235397886, 86.24895235397886, 'APPROACH-BLIND'
11, 10077, 86.27410936787015, 86.27410936787015, 'APPROACH-BLIND'
11, 10078, 86.29926638176144, 86.29926638176144, 'APPROACH-BLIND'
11, 10079, 86.32442339565273, 86.32442339565273, 'APPROACH-BLIND'
11, 10080, 86.34958040954402, 86.34958040954402, 'APPROACH-BLIND'
11, 10081, 86.3747374234353, 86.3747374234353, 'APPROACH-BLIND'
11, 10082, 86.3998944373266, 86.3998944373266, 'APPROACH-BLIND'
11, 10083, 86.42505145121788, 86.42505145121788, 'APPROACH-BLIND'
11, 10084, 86.45020846510917, 86.45020846510917, 'APPROACH-BLIND'
11, 10085, 86.47536547900046, 86.47536547900046, 'APPROACH-BLIND'
11, 10086, 86.50052249289175, 86.50052249289175, 'APPROACH-BLIND'
11, 10087, 86.52796850219856, 86.52796850219856, 'APPROACH-BLIND'
11, 10088, 86.55541451150538, 86.55541451150538, 'APPROACH-BLIND'
11, 10089, 86.58286052081219, 86.58286052081219, 'APPROACH-BLIND'
11, 10090, 86.610306530119, 86.610306530119, 'APPROACH-BLIND'
11, 10091, 86.63775253942582, 86.63775253942582, 'APPROACH-BLIND'
11, 10092, 86.66519854873263, 86.66519854873263, 'APPROACH-BLIND'
11, 10093, 86.69264455803945, 86.69264455803945, 'APPROACH-BLIND'
11, 10094, 86.72009056734626, 86.72009056734626, 'APPROACH-BLIND'
11, 10095, 86.74753657665308, 86.74753657665308, 'APPROACH-BLIND'
11, 10096, 86.77498258595989, 86.77498258595989, 'APPROACH-BLIND'
11, 10097, 86.8024285952667, 86.8024285952667, 'APPROACH-BLIND'
11, 10098, 86.82987460457352, 86.82987460457352, 'APPROACH-BLIND'
11, 10099, 86.85732061388033, 86.85732061388033, 'APPROACH-BLIND'
11, 10100, 86.87104361853375, 86.87104361853375, 'APPROACH-STEALTH'
11, 10101, 86.88476662318716, 86.88476662318716, 'APPROACH-STEALTH'
11, 10102, 86.89848962784058, 86.89848962784058, 'APPROACH-STEALTH'
11, 10103, 86.91221263249399, 86.91221263249399, 'APPROACH-STEALTH'
11, 10104, 86.9259356371474, 86.9259356371474, 'APPROACH-STEALTH'
11, 10105, 86.93965864180082, 86.93965864180082, 'APPROACH-STEALTH'
11, 10106, 86.95338164645423, 86.95338164645423, 'APPROACH-STEALTH'
11, 10107, 86.96710465110765, 86.96710465110765, 'APPROACH-STEALTH'
11, 10108, 86.98082765576106, 86.98082765576106, 'APPROACH-STEALTH'
11, 10109, 86.99455066041448, 86.99455066041448, 'APPROACH-STEALTH'
11, 10110, 87.00827366506789, 87.00827366506789, 'APPROACH-STEALTH'
11, 10111, 87.0219966697213, 87.0219966697213, 'APPROACH-STEALTH'
11, 10112, 87.03571967437472, 87.03571967437472, 'APPROACH-STEALTH'
11, 10113, 87.04944267902813, 87.04944267902813, 'APPROACH-STEALTH'
11, 10114, 87.06316568368155, 87.06316568368155, 'APPROACH-STEALTH'
11, 10115, 87.07688868833496, 87.07688868833496, 'APPROACH-STEALTH'
11, 10116, 87.09061169298838, 87.09061169298838, 'APPROACH-STEALTH'
11, 10117, 87.10433469764179, 87.10433469764179, 'APPROACH-STEALTH'
11, 10118, 87.1180577022952, 87.1180577022952, 'APPROACH-STEALTH'
11, 10119, 87.13178070694862, 87.13178070694862, 'APPROACH-STEALTH'
11, 10120, 87.15922671625543, 87.15922671625543, 'APPROACH-BLIND'
11, 10121, 87.18667272556225, 87.18667272556225, 'APPROACH-BLIND'
11, 10122, 87.21411873486906, 87.21411873486906, 'APPROACH-BLIND'
11, 10123, 87.24156474417588, 87.24156474417588, 'APPROACH-BLIND'
11, 10124, 87.26901075348269, 87.26901075348269, 'APPROACH-BLIND'
11, 10125, 87.2964567627895, 87.2964567627895, 'APPROACH-BLIND'
11, 10126, 87.32390277209632, 87.32390277209632, 'APPROACH-BLIND'
11, 10127, 87.35134878140313, 87.35134878140313, 'APPROACH-BLIND'
11, 10128, 87.37879479070995, 87.37879479070995, 'APPROACH-BLIND'
11, 10129, 87.40624080001676, 87.40624080001676, 'APPROACH-BLIND'
11, 10130, 87.43368680932358, 87.43368680932358, 'APPROACH-BLIND'
11, 10131, 87.46113281863039, 87.46113281863039, 'APPROACH-BLIND'
11, 10132, 87.4885788279372, 87.4885788279372, 'APPROACH-BLIND'
11, 10133, 87.51602483724402, 87.51602483724402, 'APPROACH-BLIND'
11, 10134, 87.52742404682573, 87.52742404682573, 'APPROACH-BLIND'
11, 10135, 87.53882325640744, 87.53882325640744, 'APPROACH-BLIND'
11, 10136, 87.55022246598915, 87.55022246598915, 'APPROACH-BLIND'
11, 10137, 87.56162167557086, 87.56162167557086, 'APPROACH-BLIND'
11, 10138, 87.57302088515257, 87.57302088515257, 'APPROACH-BLIND'
11, 10139, 87.58442009473428, 87.58442009473428, 'APPROACH-BLIND'
11, 10140, 87.595819304316, 87.595819304316, 'APPROACH-BLIND'
11, 10141, 87.6072185138977, 87.6072185138977, 'APPROACH-BLIND'
11, 10142, 87.61861772347942, 87.61861772347942, 'APPROACH-BLIND'
11, 10143, 87.63001693306111, 87.63001693306111, 'APPROACH-BLIND'
11, 10144, 87.64141614264283, 87.64141614264283, 'APPROACH-BLIND'
11, 10145, 87.65281535222452, 87.65281535222452, 'APPROACH-BLIND'
11, 10146, 87.66421456180622, 87.66421456180622, 'APPROACH-BLIND'
11, 10147, 87.67561377138793, 87.67561377138793, 'APPROACH-BLIND'
11, 10148, 87.68701298096963, 87.68701298096963, 'APPROACH-BLIND'
11, 10149, 87.69841219055134, 87.69841219055134, 'APPROACH-BLIND'
11, 10150, 87.70981140013303, 87.70981140013303, 'APPROACH-BLIND'
11, 10151, 87.72121060971475, 87.72121060971475, 'APPROACH-BLIND'
11, 10152, 87.73260981929644, 87.73260981929644, 'APPROACH-BLIND'
11, 10153, 87.74400902887815, 87.74400902887815, 'APPROACH-BLIND'
11, 10154, 87.75540823845985, 87.75540823845985, 'APPROACH-BLIND'
11, 10155, 87.76680744804156, 87.76680744804156, 'APPROACH-BLIND'
11, 10156, 87.77250705283241, 87.77250705283241, 'APPROACH-STEALTH'
11, 10157, 87.77820665762326, 87.77820665762326, 'APPROACH-STEALTH'
11, 10158, 87.79108703740157, 87.79108703740157, 'APPROACH-STEALTH'
11, 10159, 87.81684779695817, 87.81684779695817, 'APPROACH-BLIND'
11, 10160, 87.84260855651478, 87.84260855651478, 'APPROACH-BLIND'
11, 10161, 87.86836931607138, 87.86836931607138, 'APPROACH-BLIND'
11, 10162, 87.88124969584969, 87.88124969584969, 'APPROACH-STEALTH'
11, 10163, 87.894130075628, 87.894130075628, 'APPROACH-STEALTH'
11, 10164, 87.90701045540631, 87.90701045540631, 'APPROACH-STEALTH'
11, 10165, 87.91989083518462, 87.91989083518462, 'APPROACH-STEALTH'
11, 10166, 87.93277121496293, 87.93277121496293, 'APPROACH-STEALTH'
11, 10167, 87.94565159474124, 87.94565159474124, 'APPROACH-STEALTH'
11, 10168, 87.95853197451954, 87.95853197451954, 'APPROACH-STEALTH'
11, 10169, 87.97141235429785, 87.97141235429785, 'APPROACH-STEALTH'
11, 10170, 87.98429273407616, 87.98429273407616, 'APPROACH-STEALTH'
11, 10171, 87.99717311385447, 87.99717311385447, 'APPROACH-STEALTH'
11, 10172, 88.01005349363278, 88.01005349363278, 'APPROACH-STEALTH'
11, 10173, 88.02293387341109, 88.02293387341109, 'APPROACH-STEALTH'
11, 10174, 88.0358142531894, 88.0358142531894, 'APPROACH-STEALTH'
11, 10175, 88.04869463296771, 88.04869463296771, 'APPROACH-STEALTH'
11, 10176, 88.06157501274602, 88.06157501274602, 'APPROACH-STEALTH'
11, 10177, 88.07445539252433, 88.07445539252433, 'APPROACH-STEALTH'
11, 10178, 88.08733577230264, 88.08733577230264, 'APPROACH-STEALTH'
11, 10179, 88.10021615208095, 88.10021615208095, 'APPROACH-STEALTH'
11, 10180, 88.12597691163755, 88.12597691163755, 'APPROACH-BLIND'
11, 10181, 88.15173767119416, 88.15173767119416, 'APPROACH-BLIND'
11, 10182, 88.17749843075076, 88.17749843075076, 'APPROACH-BLIND'
11, 10183, 88.20325919030736, 88.20325919030736, 'APPROACH-BLIND'
11, 10184, 88.22901994986397, 88.22901994986397, 'APPROACH-BLIND'
11, 10185, 88.25478070942057, 88.25478070942057, 'APPROACH-BLIND'
11, 10186, 88.28054146897718, 88.28054146897718, 'APPROACH-BLIND'
11, 10187, 88.30630222853378, 88.30630222853378, 'APPROACH-BLIND'
11, 10188, 88.33206298809039, 88.33206298809039, 'APPROACH-BLIND'
11, 10189, 88.35782374764699, 88.35782374764699, 'APPROACH-BLIND'
11, 10190, 88.3835845072036, 88.3835845072036, 'APPROACH-BLIND'
11, 10191, 88.4093452667602, 88.4093452667602, 'APPROACH-BLIND'
11, 10192, 88.4351060263168, 88.4351060263168, 'APPROACH-BLIND'
11, 10193, 88.4608667858734, 88.4608667858734, 'APPROACH-BLIND'
11, 10194, 88.48662754543001, 88.48662754543001, 'APPROACH-BLIND'
11, 10195, 88.51238830498662, 88.51238830498662, 'APPROACH-BLIND'
11, 10196, 88.52287001644531, 88.52287001644531, 'APPROACH-BLIND'
11, 10197, 88.53335172790402, 88.53335172790402, 'APPROACH-BLIND'
11, 10198, 88.54383343936271, 88.54383343936271, 'APPROACH-BLIND'
11, 10199, 88.55431515082142, 88.55431515082142, 'APPROACH-BLIND'
11, 10200, 88.56479686228012, 88.56479686228012, 'APPROACH-BLIND'
11, 10201, 88.57527857373883, 88.57527857373883, 'APPROACH-BLIND'
11, 10202, 88.58051942946818, 88.58051942946818, 'APPROACH-STEALTH'
11, 10203, 88.58576028519754, 88.58576028519754, 'APPROACH-STEALTH'
11, 10204, 88.59100114092689, 88.59100114092689, 'APPROACH-STEALTH'
11, 10205, 88.59624199665625, 88.59624199665625, 'APPROACH-STEALTH'
11, 10206, 88.6014828523856, 88.6014828523856, 'APPROACH-STEALTH'
11, 10207, 88.60672370811496, 88.60672370811496, 'APPROACH-STEALTH'
11, 10208, 88.61196456384431, 88.61196456384431, 'APPROACH-STEALTH'
11, 10209, 88.61720541957366, 88.61720541957366, 'APPROACH-STEALTH'
11, 10210, 88.62244627530302, 88.62244627530302, 'APPROACH-STEALTH'
11, 10211, 88.63292798676171, 88.63292798676171, 'APPROACH-BLIND'
11, 10212, 88.64340969822041, 88.64340969822041, 'APPROACH-BLIND'
11, 10213, 88.6538914096791, 88.6538914096791, 'APPROACH-BLIND'
11, 10214, 88.6643731211378, 88.6643731211378, 'APPROACH-BLIND'
11, 10215, 88.66961397686715, 88.66961397686715, 'APPROACH-STEALTH'
11, 10216, 88.67485483259651, 88.67485483259651, 'APPROACH-STEALTH'
11, 10217, 88.68009568832586, 88.68009568832586, 'APPROACH-STEALTH'
11, 10218, 88.68533654405522, 88.68533654405522, 'APPROACH-STEALTH'
11, 10219, 88.69057739978457, 88.69057739978457, 'APPROACH-STEALTH'
11, 10220, 88.69581825551393, 88.69581825551393, 'APPROACH-STEALTH'
11, 10221, 88.70105911124328, 88.70105911124328, 'APPROACH-STEALTH'
11, 10222, 88.70629996697264, 88.70629996697264, 'APPROACH-STEALTH'
11, 10223, 88.71154082270199, 88.71154082270199, 'APPROACH-STEALTH'
11, 10224, 88.71678167843135, 88.71678167843135, 'APPROACH-STEALTH'
11, 10225, 88.72726338989004, 88.72726338989004, 'APPROACH-BLIND'
11, 10226, 88.73774510134874, 88.73774510134874, 'APPROACH-BLIND'
11, 10227, 88.74822681280743, 88.74822681280743, 'APPROACH-BLIND'
11, 10228, 88.75870852426613, 88.75870852426613, 'APPROACH-BLIND'
11, 10229, 88.76919023572482, 88.76919023572482, 'APPROACH-BLIND'
11, 10230, 88.77967194718352, 88.77967194718352, 'APPROACH-BLIND'
11, 10231, 88.79015365864223, 88.79015365864223, 'APPROACH-BLIND'
11, 10232, 88.80063537010092, 88.80063537010092, 'APPROACH-BLIND'
11, 10233, 88.80432100092514, 88.80432100092514, 'APPROACH-BLIND'
11, 10234, 88.80800663174936, 88.80800663174936, 'APPROACH-BLIND'
11, 10235, 88.81169226257359, 88.81169226257359, 'APPROACH-BLIND'
11, 10236, 88.81537789339781, 88.81537789339781, 'APPROACH-BLIND'
11, 10237, 88.81906352422203, 88.81906352422203, 'APPROACH-BLIND'
11, 10238, 88.82274915504625, 88.82274915504625, 'APPROACH-BLIND'
11, 10239, 88.82459197045837, 88.82459197045837, 'APPROACH-STEALTH'
11, 10240, 88.82643478587049, 88.82643478587049, 'APPROACH-STEALTH'
11, 10241, 88.82827760128261, 88.82827760128261, 'APPROACH-STEALTH'
11, 10242, 88.83012041669473, 88.83012041669473, 'APPROACH-STEALTH'
11, 10243, 88.83196323210684, 88.83196323210684, 'APPROACH-STEALTH'
11, 10244, 88.83380604751896, 88.83380604751896, 'APPROACH-STEALTH'
11, 10245, 88.83564886293108, 88.83564886293108, 'APPROACH-STEALTH'
11, 10246, 88.8374916783432, 88.8374916783432, 'APPROACH-STEALTH'
11, 10247, 88.83933449375532, 88.83933449375532, 'APPROACH-STEALTH'
11, 10248, 88.84117730916743, 88.84117730916743, 'APPROACH-STEALTH'
11, 10249, 88.84302012457955, 88.84302012457955, 'APPROACH-STEALTH'
11, 10250, 88.84486293999167, 88.84486293999167, 'APPROACH-STEALTH'
11, 10251, 88.84670575540379, 88.84670575540379, 'APPROACH-STEALTH'
11, 10252, 88.84854857081591, 88.84854857081591, 'APPROACH-STEALTH'
11, 10253, 88.85039138622803, 88.85039138622803, 'APPROACH-STEALTH'
11, 10254, 88.85223420164014, 88.85223420164014, 'APPROACH-STEALTH'
11, 10255, 88.85407701705226, 88.85407701705226, 'APPROACH-STEALTH'
11, 10256, 88.85591983246438, 88.85591983246438, 'APPROACH-STEALTH'
11, 10257, 88.85776264787648, 88.85776264787648, 'APPROACH-STEALTH'
11, 10258, 88.8596054632886, 88.8596054632886, 'APPROACH-STEALTH'
11, 10259, 88.8614482787007, 88.8614482787007, 'APPROACH-STEALTH'
11, 10260, 88.86513390952493, 88.86513390952493, 'APPROACH-BLIND'
11, 10261, 88.86881954034915, 88.86881954034915, 'APPROACH-BLIND'
11, 10262, 88.87250517117337, 88.87250517117337, 'APPROACH-BLIND'
11, 10263, 88.8761908019976, 88.8761908019976, 'APPROACH-BLIND'
11, 10264, 88.87987643282182, 88.87987643282182, 'APPROACH-BLIND'
11, 10265, 88.88356206364604, 88.88356206364604, 'APPROACH-BLIND'
11, 10266, 88.88724769447026, 88.88724769447026, 'APPROACH-BLIND'
11, 10267, 88.89093332529448, 88.89093332529448, 'APPROACH-BLIND'
11, 10268, 88.8946189561187, 88.8946189561187, 'APPROACH-BLIND'
11, 10269, 88.89830458694293, 88.89830458694293, 'APPROACH-BLIND'
11, 10270, 88.90199021776715, 88.90199021776715, 'APPROACH-BLIND'
11, 10271, 88.90567584859137, 88.90567584859137, 'APPROACH-BLIND'
11, 10272, 88.9093614794156, 88.9093614794156, 'APPROACH-BLIND'
11, 10273, 88.91304711023982, 88.91304711023982, 'APPROACH-BLIND'
11, 10274, 88.91673274106404, 88.91673274106404, 'APPROACH-BLIND'
11, 10275, 88.92041837188826, 88.92041837188826, 'APPROACH-BLIND'
11, 10276, 88.92410400271248, 88.92410400271248, 'APPROACH-BLIND'
11, 10277, 88.9277896335367, 88.9277896335367, 'APPROACH-BLIND'
11, 10278, 88.93147526436093, 88.93147526436093, 'APPROACH-BLIND'
11, 10279, 88.93516089518515, 88.93516089518515, 'APPROACH-BLIND'
11, 10280, 88.96044581524617, 88.96044581524617, 'APPROACH-BLIND'
11, 10281, 88.9857307353072, 88.9857307353072, 'APPROACH-BLIND'
11, 10282, 89.01101565536823, 89.01101565536823, 'APPROACH-BLIND'
11, 10283, 89.03630057542925, 89.03630057542925, 'APPROACH-BLIND'
11, 10284, 89.06158549549028, 89.06158549549028, 'APPROACH-BLIND'
11, 10285, 89.0868704155513, 89.0868704155513, 'APPROACH-BLIND'
11, 10286, 89.11215533561233, 89.11215533561233, 'APPROACH-BLIND'
11, 10287, 89.13744025567335, 89.13744025567335, 'APPROACH-BLIND'
11, 10288, 89.16272517573438, 89.16272517573438, 'APPROACH-BLIND'
11, 10289, 89.1880100957954, 89.1880100957954, 'APPROACH-BLIND'
11, 10290, 89.21329501585643, 89.21329501585643, 'APPROACH-BLIND'
11, 10291, 89.23857993591746, 89.23857993591746, 'APPROACH-BLIND'
11, 10292, 89.26386485597848, 89.26386485597848, 'APPROACH-BLIND'
11, 10293, 89.28914977603951, 89.28914977603951, 'APPROACH-BLIND'
11, 10294, 89.31443469610053, 89.31443469610053, 'APPROACH-BLIND'
11, 10295, 89.33971961616156, 89.33971961616156, 'APPROACH-BLIND'
11, 10296, 89.36500453622259, 89.36500453622259, 'APPROACH-BLIND'
11, 10297, 89.39028945628361, 89.39028945628361, 'APPROACH-BLIND'
11, 10298, 89.41557437634464, 89.41557437634464, 'APPROACH-BLIND'
11, 10299, 89.44085929640566, 89.44085929640566, 'APPROACH-BLIND'
11, 10300, 89.46614421646669, 89.46614421646669, 'APPROACH-BLIND'
11, 10301, 89.49142913652771, 89.49142913652771, 'APPROACH-BLIND'
11, 10302, 89.51671405658874, 89.51671405658874, 'APPROACH-BLIND'
11, 10303, 89.52694561827293, 89.52694561827293, 'APPROACH-BLIND'
11, 10304, 89.53717717995713, 89.53717717995713, 'APPROACH-BLIND'
11, 10305, 89.54740874164132, 89.54740874164132, 'APPROACH-BLIND'
11, 10306, 89.55764030332551, 89.55764030332551, 'APPROACH-BLIND'
11, 10307, 89.5678718650097, 89.5678718650097, 'APPROACH-BLIND'
11, 10308, 89.5781034266939, 89.5781034266939, 'APPROACH-BLIND'
11, 10309, 89.5883349883781, 89.5883349883781, 'APPROACH-BLIND'
11, 10310, 89.59856655006229, 89.59856655006229, 'APPROACH-BLIND'
11, 10311, 89.60879811174648, 89.60879811174648, 'APPROACH-BLIND'
11, 10312, 89.61902967343067, 89.61902967343067, 'APPROACH-BLIND'
11, 10313, 89.62926123511487, 89.62926123511487, 'APPROACH-BLIND'
11, 10314, 89.63949279679906, 89.63949279679906, 'APPROACH-BLIND'
11, 10315, 89.64972435848325, 89.64972435848325, 'APPROACH-BLIND'
11, 10316, 89.65995592016745, 89.65995592016745, 'APPROACH-BLIND'
11, 10317, 89.66507170100955, 89.66507170100955, 'APPROACH-STEALTH'
11, 10318, 89.67018748185166, 89.67018748185166, 'APPROACH-STEALTH'
11, 10319, 89.67530326269376, 89.67530326269376, 'APPROACH-STEALTH'
11, 10320, 89.68041904353586, 89.68041904353586, 'APPROACH-STEALTH'
11, 10321, 89.68553482437797, 89.68553482437797, 'APPROACH-STEALTH'
11, 10322, 89.69065060522007, 89.69065060522007, 'APPROACH-STEALTH'
11, 10323, 89.69576638606218, 89.69576638606218, 'APPROACH-STEALTH'
11, 10324, 89.70088216690428, 89.70088216690428, 'APPROACH-STEALTH'
11, 10325, 89.70599794774638, 89.70599794774638, 'APPROACH-STEALTH'
11, 10326, 89.71111372858849, 89.71111372858849, 'APPROACH-STEALTH'
11, 10327, 89.71622950943059, 89.71622950943059, 'APPROACH-STEALTH'
11, 10328, 89.7213452902727, 89.7213452902727, 'APPROACH-STEALTH'
11, 10329, 89.7264610711148, 89.7264610711148, 'APPROACH-STEALTH'
11, 10330, 89.7315768519569, 89.7315768519569, 'APPROACH-STEALTH'
11, 10331, 89.7418084136411, 89.7418084136411, 'APPROACH-BLIND'
11, 10332, 89.75203997532529, 89.75203997532529, 'APPROACH-BLIND'
11, 10333, 89.75715575616739, 89.75715575616739, 'APPROACH-STEALTH'
11, 10334, 89.7622715370095, 89.7622715370095, 'APPROACH-STEALTH'
11, 10335, 89.7673873178516, 89.7673873178516, 'APPROACH-STEALTH'
11, 10336, 89.7725030986937, 89.7725030986937, 'APPROACH-STEALTH'
11, 10337, 89.77761887953581, 89.77761887953581, 'APPROACH-STEALTH'
11, 10338, 89.78273466037791, 89.78273466037791, 'APPROACH-STEALTH'
11, 10339, 89.78785044122002, 89.78785044122002, 'APPROACH-STEALTH'
11, 10340, 89.7929662220621, 89.7929662220621, 'APPROACH-STEALTH'
11, 10341, 89.79808200290421, 89.79808200290421, 'APPROACH-STEALTH'
11, 10342, 89.8031977837463, 89.8031977837463, 'APPROACH-STEALTH'
11, 10343, 89.81602563778178, 89.81602563778178, 'APPROACH-STEALTH'
11, 10344, 89.82885349181726, 89.82885349181726, 'APPROACH-STEALTH'
11, 10345, 89.84168134585273, 89.84168134585273, 'APPROACH-STEALTH'
11, 10346, 89.85450919988821, 89.85450919988821, 'APPROACH-STEALTH'
11, 10347, 89.86733705392369, 89.86733705392369, 'APPROACH-STEALTH'
11, 10348, 89.88016490795917, 89.88016490795917, 'APPROACH-STEALTH'
11, 10349, 89.89299276199465, 89.89299276199465, 'APPROACH-STEALTH'
11, 10350, 89.90582061603013, 89.90582061603013, 'APPROACH-STEALTH'
11, 10351, 89.9186484700656, 89.9186484700656, 'APPROACH-STEALTH'
11, 10352, 89.93147632410108, 89.93147632410108, 'APPROACH-STEALTH'
11, 10353, 89.94430417813656, 89.94430417813656, 'APPROACH-STEALTH'
11, 10354, 89.95713203217204, 89.95713203217204, 'APPROACH-STEALTH'
11, 10355, 89.96995988620752, 89.96995988620752, 'APPROACH-STEALTH'
11, 10356, 89.982787740243, 89.982787740243, 'APPROACH-STEALTH'
11, 10357, 89.99561559427848, 89.99561559427848, 'APPROACH-STEALTH'
11, 10358, 90.00844344831395, 90.00844344831395, 'APPROACH-STEALTH'
11, 10359, 90.02127130234943, 90.02127130234943, 'APPROACH-STEALTH'
11, 10360, 90.03409915638491, 90.03409915638491, 'APPROACH-STEALTH'
11, 10361, 90.04692701042039, 90.04692701042039, 'APPROACH-STEALTH'
11, 10362, 90.05975486445587, 90.05975486445587, 'APPROACH-STEALTH'
11, 10363, 90.07258271849135, 90.07258271849135, 'APPROACH-STEALTH'
11, 10364, 90.08541057252683, 90.08541057252683, 'APPROACH-STEALTH'
11, 10365, 90.0982384265623, 90.0982384265623, 'APPROACH-STEALTH'
11, 10366, 90.11106628059778, 90.11106628059778, 'APPROACH-STEALTH'
11, 10367, 90.12389413463326, 90.12389413463326, 'APPROACH-STEALTH'
11, 10368, 90.1495498427042, 90.1495498427042, 'APPROACH-BLIND'
11, 10369, 90.17520555077515, 90.17520555077515, 'APPROACH-BLIND'
11, 10370, 90.20086125884609, 90.20086125884609, 'APPROACH-BLIND'
11, 10371, 90.22651696691703, 90.22651696691703, 'APPROACH-BLIND'
11, 10372, 90.25217267498797, 90.25217267498797, 'APPROACH-BLIND'
11, 10373, 90.27782838305892, 90.27782838305892, 'APPROACH-BLIND'
11, 10374, 90.30348409112986, 90.30348409112986, 'APPROACH-BLIND'
11, 10375, 90.3291397992008, 90.3291397992008, 'APPROACH-BLIND'
11, 10376, 90.34196765323628, 90.34196765323628, 'APPROACH-STEALTH'
11, 10377, 90.36762336130722, 90.36762336130722, 'APPROACH-BLIND'
11, 10378, 90.3804512153427, 90.3804512153427, 'APPROACH-STEALTH'
11, 10379, 90.40610692341365, 90.40610692341365, 'APPROACH-BLIND'
11, 10380, 90.41893477744912, 90.41893477744912, 'APPROACH-STEALTH'
11, 10381, 90.44459048552007, 90.44459048552007, 'APPROACH-BLIND'
11, 10382, 90.47024619359101, 90.47024619359101, 'APPROACH-BLIND'
11, 10383, 90.48307404762649, 90.48307404762649, 'APPROACH-STEALTH'
11, 10384, 90.50872975569743, 90.50872975569743, 'APPROACH-BLIND'
11, 10385, 90.51922472222715, 90.51922472222715, 'APPROACH-BLIND'
11, 10386, 90.52971968875687, 90.52971968875687, 'APPROACH-BLIND'
11, 10387, 90.54021465528659, 90.54021465528659, 'APPROACH-BLIND'
11, 10388, 90.55070962181632, 90.55070962181632, 'APPROACH-BLIND'
11, 10389, 90.56120458834604, 90.56120458834604, 'APPROACH-BLIND'
11, 10390, 90.57169955487578, 90.57169955487578, 'APPROACH-BLIND'
11, 10391, 90.5821945214055, 90.5821945214055, 'APPROACH-BLIND'
11, 10392, 90.59268948793523, 90.59268948793523, 'APPROACH-BLIND'
11, 10393, 90.60318445446495, 90.60318445446495, 'APPROACH-BLIND'
11, 10394, 90.61367942099469, 90.61367942099469, 'APPROACH-BLIND'
11, 10395, 90.61892690425955, 90.61892690425955, 'APPROACH-STEALTH'
11, 10396, 90.62417438752442, 90.62417438752442, 'APPROACH-STEALTH'
11, 10397, 90.62942187078929, 90.62942187078929, 'APPROACH-STEALTH'
11, 10398, 90.63466935405415, 90.63466935405415, 'APPROACH-STEALTH'
11, 10399, 90.63991683731902, 90.63991683731902, 'APPROACH-STEALTH'
11, 10400, 90.64516432058389, 90.64516432058389, 'APPROACH-STEALTH'
11, 10401, 90.65041180384875, 90.65041180384875, 'APPROACH-STEALTH'
11, 10402, 90.65565928711362, 90.65565928711362, 'APPROACH-STEALTH'
11, 10403, 90.66090677037849, 90.66090677037849, 'APPROACH-STEALTH'
11, 10404, 90.66615425364336, 90.66615425364336, 'APPROACH-STEALTH'
11, 10405, 90.67140173690822, 90.67140173690822, 'APPROACH-STEALTH'
11, 10406, 90.67664922017309, 90.67664922017309, 'APPROACH-STEALTH'
11, 10407, 90.68189670343796, 90.68189670343796, 'APPROACH-STEALTH'
11, 10408, 90.68714418670282, 90.68714418670282, 'APPROACH-STEALTH'
11, 10409, 90.69239166996769, 90.69239166996769, 'APPROACH-STEALTH'
11, 10410, 90.69763915323256, 90.69763915323256, 'APPROACH-STEALTH'
11, 10411, 90.70288663649742, 90.70288663649742, 'APPROACH-STEALTH'
11, 10412, 90.70813411976229, 90.70813411976229, 'APPROACH-STEALTH'
11, 10413, 90.71338160302716, 90.71338160302716, 'APPROACH-STEALTH'
11, 10414, 90.71862908629203, 90.71862908629203, 'APPROACH-STEALTH'
11, 10415, 90.7238765695569, 90.7238765695569, 'APPROACH-STEALTH'
11, 10416, 90.72912405282176, 90.72912405282176, 'APPROACH-STEALTH'
11, 10417, 90.73437153608663, 90.73437153608663, 'APPROACH-STEALTH'
11, 10418, 90.7396190193515, 90.7396190193515, 'APPROACH-STEALTH'
11, 10419, 90.74486650261636, 90.74486650261636, 'APPROACH-STEALTH'
11, 10420, 90.75011398588123, 90.75011398588123, 'APPROACH-STEALTH'
11, 10421, 90.7553614691461, 90.7553614691461, 'APPROACH-STEALTH'
11, 10422, 90.76060895241096, 90.76060895241096, 'APPROACH-STEALTH'
11, 10423, 90.76585643567583, 90.76585643567583, 'APPROACH-STEALTH'
11, 10424, 90.7711039189407, 90.7711039189407, 'APPROACH-STEALTH'
11, 10425, 90.77635140220556, 90.77635140220556, 'APPROACH-STEALTH'
11, 10426, 90.78159888547043, 90.78159888547043, 'APPROACH-STEALTH'
11, 10427, 90.7868463687353, 90.7868463687353, 'APPROACH-STEALTH'
11, 10428, 90.79209385200016, 90.79209385200016, 'APPROACH-STEALTH'
11, 10429, 90.79734133526503, 90.79734133526503, 'APPROACH-STEALTH'
11, 10430, 90.8266464568674, 90.8266464568674, 'PURSUE'
11, 10431, 90.85595157846976, 90.85595157846976, 'PURSUE'
11, 10432, 90.88525670007212, 90.88525670007212, 'PURSUE'
11, 10433, 90.91456182167448, 90.91456182167448, 'PURSUE'
11, 10434, 90.94386694327684, 90.94386694327684, 'PURSUE'
11, 10435, 90.97317206487921, 90.97317206487921, 'PURSUE'
11, 10436, 91.00247718648157, 91.00247718648157, 'PURSUE'
11, 10437, 91.03178230808393, 91.03178230808393, 'PURSUE'
11, 10438, 91.0610874296863, 91.0610874296863, 'PURSUE'
11, 10439, 91.09039255128866, 91.09039255128866, 'PURSUE'
11, 10440, 91.11969767289102, 91.11969767289102, 'PURSUE'
11, 10441, 91.14900279449338, 91.14900279449338, 'PURSUE'
11, 10442, 91.17830791609575, 91.17830791609575, 'PURSUE'
11, 10443, 91.20761303769811, 91.20761303769811, 'PURSUE'
11, 10444, 91.23691815930047, 91.23691815930047, 'PURSUE'
11, 10445, 91.26622328090284, 91.26622328090284, 'PURSUE'
11, 10446, 91.2955284025052, 91.2955284025052, 'PURSUE'
11, 10447, 91.32483352410756, 91.32483352410756, 'PURSUE'
11, 10448, 91.35413864570992, 91.35413864570992, 'PURSUE'
11, 10449, 91.38344376731229, 91.38344376731229, 'PURSUE'
11, 10450, 91.41274888891465, 91.41274888891465, 'PURSUE'
11, 10451, 91.44205401051701, 91.44205401051701, 'PURSUE'
11, 10452, 91.47135913211937, 91.47135913211937, 'PURSUE'
11, 10453, 91.50066425372174, 91.50066425372174, 'PURSUE'
11, 10454, 91.5299693753241, 91.5299693753241, 'PURSUE'
11, 10455, 91.55927449692646, 91.55927449692646, 'PURSUE'
11, 10456, 91.58857961852883, 91.58857961852883, 'PURSUE'
11, 10457, 91.61788474013119, 91.61788474013119, 'PURSUE'
11, 10458, 91.64718986173355, 91.64718986173355, 'PURSUE'
11, 10459, 91.67649498333591, 91.67649498333591, 'PURSUE'
11, 10460, 91.70580010493828, 91.70580010493828, 'PURSUE'
11, 10461, 91.73510522654064, 91.73510522654064, 'PURSUE'
11, 10462, 91.764410348143, 91.764410348143, 'PURSUE'
11, 10463, 91.79371546974536, 91.79371546974536, 'PURSUE'
11, 10464, 91.82302059134773, 91.82302059134773, 'PURSUE'
11, 10465, 91.85232571295009, 91.85232571295009, 'PURSUE'
11, 10466, 91.88163083455245, 91.88163083455245, 'PURSUE'
11, 10467, 91.91093595615482, 91.91093595615482, 'PURSUE'
11, 10468, 91.94024107775718, 91.94024107775718, 'PURSUE'
11, 10469, 91.96954619935954, 91.96954619935954, 'PURSUE'
11, 10470, 91.9988513209619, 91.9988513209619, 'PURSUE'
11, 10471, 92.02815644256427, 92.02815644256427, 'PURSUE'
11, 10472, 92.05746156416663, 92.05746156416663, 'PURSUE'
11, 10473, 92.08676668576899, 92.08676668576899, 'PURSUE'
11, 10474, 92.11607180737136, 92.11607180737136, 'PURSUE'
11, 10475, 92.14537692897372, 92.14537692897372, 'PURSUE'
11, 10476, 92.17468205057608, 92.17468205057608, 'PURSUE'
11, 10477, 92.20398717217844, 92.20398717217844, 'PURSUE'
11, 10478, 92.2332922937808, 92.2332922937808, 'PURSUE'
11, 10479, 92.26259741538317, 92.26259741538317, 'PURSUE'
11, 10480, 92.29190253698553, 92.29190253698553, 'PURSUE'
11, 10481, 92.3212076585879, 92.3212076585879, 'PURSUE'
11, 10482, 92.35051278019026, 92.35051278019026, 'PURSUE'
11, 10483, 92.37981790179262, 92.37981790179262, 'PURSUE'
11, 10484, 92.40912302339498, 92.40912302339498, 'PURSUE'
11, 10485, 92.43842814499735, 92.43842814499735, 'PURSUE'
11, 10486, 92.46773326659971, 92.46773326659971, 'PURSUE'
11, 10487, 92.49703838820207, 92.49703838820207, 'PURSUE'
11, 10488, 92.52634350980443, 92.52634350980443, 'PURSUE'
11, 10489, 92.5556486314068, 92.5556486314068, 'PURSUE'
11, 10490, 92.58495375300916, 92.58495375300916, 'PURSUE'
11, 10491, 92.61425887461152, 92.61425887461152, 'PURSUE'
11, 10492, 92.64049372438126, 92.64049372438126, 'APPROACH-BLIND'
11, 10493, 92.65361114926613, 92.65361114926613, 'APPROACH-STEALTH'
11, 10494, 92.666728574151, 92.666728574151, 'APPROACH-STEALTH'
11, 10495, 92.67984599903586, 92.67984599903586, 'APPROACH-STEALTH'
11, 10496, 92.69296342392073, 92.69296342392073, 'APPROACH-STEALTH'
11, 10497, 92.7060808488056, 92.7060808488056, 'APPROACH-STEALTH'
11, 10498, 92.71919827369047, 92.71919827369047, 'APPROACH-STEALTH'
11, 10499, 92.73231569857533, 92.73231569857533, 'APPROACH-STEALTH'
11, 10500, 92.7454331234602, 92.7454331234602, 'APPROACH-STEALTH'
11, 10501, 92.75855054834507, 92.75855054834507, 'APPROACH-STEALTH'
11, 10502, 92.77166797322994, 92.77166797322994, 'APPROACH-STEALTH'
11, 10503, 92.7847853981148, 92.7847853981148, 'APPROACH-STEALTH'
11, 10504, 92.79790282299967, 92.79790282299967, 'APPROACH-STEALTH'
11, 10505, 92.81102024788454, 92.81102024788454, 'APPROACH-STEALTH'
11, 10506, 92.82413767276941, 92.82413767276941, 'APPROACH-STEALTH'
11, 10507, 92.83725509765428, 92.83725509765428, 'APPROACH-STEALTH'
11, 10508, 92.85037252253915, 92.85037252253915, 'APPROACH-STEALTH'
11, 10509, 92.86348994742401, 92.86348994742401, 'APPROACH-STEALTH'
11, 10510, 92.87660737230888, 92.87660737230888, 'APPROACH-STEALTH'
11, 10511, 92.88972479719375, 92.88972479719375, 'APPROACH-STEALTH'
11, 10512, 92.90284222207862, 92.90284222207862, 'APPROACH-STEALTH'
11, 10513, 92.91595964696349, 92.91595964696349, 'APPROACH-STEALTH'
11, 10514, 92.92907707184835, 92.92907707184835, 'APPROACH-STEALTH'
11, 10515, 92.94219449673322, 92.94219449673322, 'APPROACH-STEALTH'
11, 10516, 92.95531192161809, 92.95531192161809, 'APPROACH-STEALTH'
11, 10517, 92.96842934650296, 92.96842934650296, 'APPROACH-STEALTH'
11, 10518, 92.98154677138783, 92.98154677138783, 'APPROACH-STEALTH'
11, 10519, 92.9946641962727, 92.9946641962727, 'APPROACH-STEALTH'
11, 10520, 93.00778162115756, 93.00778162115756, 'APPROACH-STEALTH'
11, 10521, 93.02089904604243, 93.02089904604243, 'APPROACH-STEALTH'
11, 10522, 93.0340164709273, 93.0340164709273, 'APPROACH-STEALTH'
11, 10523, 93.04713389581217, 93.04713389581217, 'APPROACH-STEALTH'
11, 10524, 93.06025132069703, 93.06025132069703, 'APPROACH-STEALTH'
11, 10525, 93.0733687455819, 93.0733687455819, 'APPROACH-STEALTH'
11, 10526, 93.08648617046677, 93.08648617046677, 'APPROACH-STEALTH'
11, 10527, 93.09960359535164, 93.09960359535164, 'APPROACH-STEALTH'
11, 10528, 93.1127210202365, 93.1127210202365, 'APPROACH-STEALTH'
11, 10529, 93.12583844512137, 93.12583844512137, 'APPROACH-STEALTH'
11, 10530, 93.13895587000624, 93.13895587000624, 'APPROACH-STEALTH'
11, 10531, 93.15207329489111, 93.15207329489111, 'APPROACH-STEALTH'
11, 10532, 93.16519071977598, 93.16519071977598, 'APPROACH-STEALTH'
11, 10533, 93.17830814466085, 93.17830814466085, 'APPROACH-STEALTH'
11, 10534, 93.19142556954571, 93.19142556954571, 'APPROACH-STEALTH'
11, 10535, 93.20454299443058, 93.20454299443058, 'APPROACH-STEALTH'
11, 10536, 93.21766041931545, 93.21766041931545, 'APPROACH-STEALTH'
11, 10537, 93.23077784420032, 93.23077784420032, 'APPROACH-STEALTH'
11, 10538, 93.24389526908519, 93.24389526908519, 'APPROACH-STEALTH'
11, 10539, 93.25701269397005, 93.25701269397005, 'APPROACH-STEALTH'
11, 10540, 93.27013011885492, 93.27013011885492, 'APPROACH-STEALTH'
11, 10541, 93.28324754373979, 93.28324754373979, 'APPROACH-STEALTH'
11, 10542, 93.29636496862466, 93.29636496862466, 'APPROACH-STEALTH'
11, 10543, 93.30948239350953, 93.30948239350953, 'APPROACH-STEALTH'
11, 10544, 93.3225998183944, 93.3225998183944, 'APPROACH-STEALTH'
11, 10545, 93.33571724327926, 93.33571724327926, 'APPROACH-STEALTH'
11, 10546, 93.34883466816413, 93.34883466816413, 'APPROACH-STEALTH'
11, 10547, 93.361952093049, 93.361952093049, 'APPROACH-STEALTH'
11, 10548, 93.37506951793387, 93.37506951793387, 'APPROACH-STEALTH'
11, 10549, 93.38818694281873, 93.38818694281873, 'APPROACH-STEALTH'
11, 10550, 93.4013043677036, 93.4013043677036, 'APPROACH-STEALTH'
11, 10551, 93.42753921747332, 93.42753921747332, 'APPROACH-BLIND'
11, 10552, 93.45377406724305, 93.45377406724305, 'APPROACH-BLIND'
11, 10553, 93.48000891701277, 93.48000891701277, 'APPROACH-BLIND'
11, 10554, 93.50624376678249, 93.50624376678249, 'APPROACH-BLIND'
11, 10555, 93.52046839839743, 93.52046839839743, 'APPROACH-BLIND'
11, 10556, 93.53469303001236, 93.53469303001236, 'APPROACH-BLIND'
11, 10557, 93.5489176616273, 93.5489176616273, 'APPROACH-BLIND'
11, 10558, 93.56314229324224, 93.56314229324224, 'APPROACH-BLIND'
11, 10559, 93.57736692485717, 93.57736692485717, 'APPROACH-BLIND'
11, 10560, 93.59159155647211, 93.59159155647211, 'APPROACH-BLIND'
11, 10561, 93.60581618808705, 93.60581618808705, 'APPROACH-BLIND'
11, 10562, 93.62004081970198, 93.62004081970198, 'APPROACH-BLIND'
11, 10563, 93.63426545131692, 93.63426545131692, 'APPROACH-BLIND'
11, 10564, 93.64849008293186, 93.64849008293186, 'APPROACH-BLIND'
11, 10565, 93.66271471454678, 93.66271471454678, 'APPROACH-BLIND'
11, 10566, 93.67693934616172, 93.67693934616172, 'APPROACH-BLIND'
11, 10567, 93.69116397777664, 93.69116397777664, 'APPROACH-BLIND'
11, 10568, 93.70538860939158, 93.70538860939158, 'APPROACH-BLIND'
11, 10569, 93.68263801424989, 93.68263801424989, 'APPROACH-BLIND'
11, 10570, 93.6598874191082, 93.6598874191082, 'APPROACH-BLIND'
11, 10571, 93.63713682396651, 93.63713682396651, 'APPROACH-BLIND'
11, 10572, 93.61438622882483, 93.61438622882483, 'APPROACH-BLIND'
11, 10573, 93.59163563368314, 93.59163563368314, 'APPROACH-BLIND'
11, 10574, 93.56888503854145, 93.56888503854145, 'APPROACH-BLIND'
11, 10575, 93.54613444339977, 93.54613444339977, 'APPROACH-BLIND'
11, 10576, 93.52338384825808, 93.52338384825808, 'APPROACH-BLIND'
11, 10577, 93.50063325311639, 93.50063325311639, 'APPROACH-BLIND'
11, 10578, 93.4778826579747, 93.4778826579747, 'APPROACH-BLIND'
11, 10579, 93.50126638622709, 93.50126638622709, 'APPROACH-BLIND'
11, 10580, 93.48955731594299, 93.48955731594299, 'APPROACH-STEALTH'
11, 10581, 93.51325176557147, 93.51325176557147, 'APPROACH-BLIND'
11, 10582, 93.50123878740357, 93.50123878740357, 'APPROACH-STEALTH'
11, 10583, 93.47721283106775, 93.47721283106775, 'APPROACH-BLIND'
11, 10584, 93.501759839673, 93.501759839673, 'APPROACH-BLIND'
11, 10585, 93.48946749595898, 93.48946749595898, 'APPROACH-STEALTH'
11, 10586, 93.51427032391109, 93.51427032391109, 'APPROACH-BLIND'
11, 10587, 93.50173098885402, 93.50173098885402, 'APPROACH-STEALTH'
11, 10588, 93.47665231873988, 93.47665231873988, 'APPROACH-BLIND'
11, 10589, 93.5021358533124, 93.5021358533124, 'APPROACH-BLIND'
11, 10590, 93.48937695868604, 93.48937695868604, 'APPROACH-STEALTH'
11, 10591, 93.51505860338457, 93.51505860338457, 'APPROACH-BLIND'
11, 10592, 93.50211059859858, 93.50211059859858, 'APPROACH-STEALTH'
11, 10593, 93.4762145890266, 93.4762145890266, 'APPROACH-BLIND'
11, 10594, 93.50240957780264, 93.50240957780264, 'APPROACH-BLIND'
11, 10595, 93.50958643306593, 93.50958643306593, 'APPROACH-STEALTH'
11, 10596, 93.51676328832923, 93.51676328832923, 'APPROACH-STEALTH'
11, 10597, 93.52394014359253, 93.52394014359253, 'APPROACH-STEALTH'
11, 10598, 93.53111699885582, 93.53111699885582, 'APPROACH-STEALTH'
11, 10599, 93.53829385411912, 93.53829385411912, 'APPROACH-STEALTH'
11, 10600, 93.55264756464571, 93.55264756464571, 'APPROACH-BLIND'
11, 10601, 93.5670012751723, 93.5670012751723, 'APPROACH-BLIND'
11, 10602, 93.5813549856989, 93.5813549856989, 'APPROACH-BLIND'
11, 10603, 93.59570869622549, 93.59570869622549, 'APPROACH-BLIND'
11, 10604, 93.61006240675208, 93.61006240675208, 'APPROACH-BLIND'
11, 10605, 93.62441611727867, 93.62441611727867, 'APPROACH-BLIND'
11, 10606, 93.63876982780526, 93.63876982780526, 'APPROACH-BLIND'
11, 10607, 93.65312353833185, 93.65312353833185, 'APPROACH-BLIND'
11, 10608, 93.66747724885845, 93.66747724885845, 'APPROACH-BLIND'
11, 10609, 93.68183095938504, 93.68183095938504, 'APPROACH-BLIND'
11, 10610, 93.69618466991163, 93.69618466991163, 'APPROACH-BLIND'
11, 10611, 93.71053838043822, 93.71053838043822, 'APPROACH-BLIND'
11, 10612, 93.7365736885201, 93.7365736885201, 'APPROACH-BLIND'
11, 10613, 93.76260899660197, 93.76260899660197, 'APPROACH-BLIND'
11, 10614, 93.78864430468384, 93.78864430468384, 'APPROACH-BLIND'
11, 10615, 93.81467961276572, 93.81467961276572, 'APPROACH-BLIND'
11, 10616, 93.84071492084759, 93.84071492084759, 'APPROACH-BLIND'
11, 10617, 93.86675022892946, 93.86675022892946, 'APPROACH-BLIND'
11, 10618, 93.89278553701133, 93.89278553701133, 'APPROACH-BLIND'
11, 10619, 93.91882084509321, 93.91882084509321, 'APPROACH-BLIND'
11, 10620, 93.94485615317508, 93.94485615317508, 'APPROACH-BLIND'
11, 10621, 93.97089146125695, 93.97089146125695, 'APPROACH-BLIND'
11, 10622, 93.99692676933883, 93.99692676933883, 'APPROACH-BLIND'
11, 10623, 94.0229620774207, 94.0229620774207, 'APPROACH-BLIND'
11, 10624, 94.04899738550257, 94.04899738550257, 'APPROACH-BLIND'
11, 10625, 94.07503269358445, 94.07503269358445, 'APPROACH-BLIND'
11, 10626, 94.10106800166632, 94.10106800166632, 'APPROACH-BLIND'
11, 10627, 94.1271033097482, 94.1271033097482, 'APPROACH-BLIND'
11, 10628, 94.15313861783007, 94.15313861783007, 'APPROACH-BLIND'
11, 10629, 94.17917392591194, 94.17917392591194, 'APPROACH-BLIND'
11, 10630, 94.20520923399381, 94.20520923399381, 'APPROACH-BLIND'
11, 10631, 94.23124454207569, 94.23124454207569, 'APPROACH-BLIND'
11, 10632, 94.25727985015756, 94.25727985015756, 'APPROACH-BLIND'
11, 10633, 94.28331515823943, 94.28331515823943, 'APPROACH-BLIND'
11, 10634, 94.3093504663213, 94.3093504663213, 'APPROACH-BLIND'
11, 10635, 94.32236812036224, 94.32236812036224, 'APPROACH-STEALTH'
11, 10636, 94.33538577440318, 94.33538577440318, 'APPROACH-STEALTH'
11, 10637, 94.34840342844412, 94.34840342844412, 'APPROACH-STEALTH'
11, 10638, 94.36142108248505, 94.36142108248505, 'APPROACH-STEALTH'
11, 10639, 94.37443873652599, 94.37443873652599, 'APPROACH-STEALTH'
11, 10640, 94.38745639056692, 94.38745639056692, 'APPROACH-STEALTH'
11, 10641, 94.40047404460786, 94.40047404460786, 'APPROACH-STEALTH'
11, 10642, 94.4134916986488, 94.4134916986488, 'APPROACH-STEALTH'
11, 10643, 94.42650935268973, 94.42650935268973, 'APPROACH-STEALTH'
11, 10644, 94.45254466077161, 94.45254466077161, 'APPROACH-BLIND'
11, 10645, 94.47857996885348, 94.47857996885348, 'APPROACH-BLIND'
11, 10646, 94.50461527693535, 94.50461527693535, 'APPROACH-BLIND'
11, 10647, 94.51533493346128, 94.51533493346128, 'APPROACH-BLIND'
11, 10648, 94.5260545899872, 94.5260545899872, 'APPROACH-BLIND'
11, 10649, 94.53677424651312, 94.53677424651312, 'APPROACH-BLIND'
11, 10650, 94.54749390303904, 94.54749390303904, 'APPROACH-BLIND'
11, 10651, 94.55821355956496, 94.55821355956496, 'APPROACH-BLIND'
11, 10652, 94.56893321609088, 94.56893321609088, 'APPROACH-BLIND'
11, 10653, 94.5796528726168, 94.5796528726168, 'APPROACH-BLIND'
11, 10654, 94.58501270087976, 94.58501270087976, 'APPROACH-STEALTH'
11, 10655, 94.59037252914271, 94.59037252914271, 'APPROACH-STEALTH'
11, 10656, 94.59573235740567, 94.59573235740567, 'APPROACH-STEALTH'
11, 10657, 94.60109218566862, 94.60109218566862, 'APPROACH-STEALTH'
11, 10658, 94.60645201393157, 94.60645201393157, 'APPROACH-STEALTH'
11, 10659, 94.6171716704575, 94.6171716704575, 'APPROACH-BLIND'
11, 10660, 94.62789132698342, 94.62789132698342, 'APPROACH-BLIND'
11, 10661, 94.63861098350934, 94.63861098350934, 'APPROACH-BLIND'
11, 10662, 94.64933064003526, 94.64933064003526, 'APPROACH-BLIND'
11, 10663, 94.66005029656118, 94.66005029656118, 'APPROACH-BLIND'
11, 10664, 94.6707699530871, 94.6707699530871, 'APPROACH-BLIND'
11, 10665, 94.68148960961302, 94.68148960961302, 'APPROACH-BLIND'
11, 10666, 94.69220926613895, 94.69220926613895, 'APPROACH-BLIND'
11, 10667, 94.70292892266487, 94.70292892266487, 'APPROACH-BLIND'
11, 10668, 94.71364857919079, 94.71364857919079, 'APPROACH-BLIND'
11, 10669, 94.72436823571671, 94.72436823571671, 'APPROACH-BLIND'
11, 10670, 94.73508789224263, 94.73508789224263, 'APPROACH-BLIND'
11, 10671, 94.74580754876855, 94.74580754876855, 'APPROACH-BLIND'
11, 10672, 94.75652720529447, 94.75652720529447, 'APPROACH-BLIND'
11, 10673, 94.7672468618204, 94.7672468618204, 'APPROACH-BLIND'
11, 10674, 94.77796651834632, 94.77796651834632, 'APPROACH-BLIND'
11, 10675, 94.78868617487224, 94.78868617487224, 'APPROACH-BLIND'
11, 10676, 94.79940583139816, 94.79940583139816, 'APPROACH-BLIND'
11, 10677, 94.82520206471692, 94.82520206471692, 'APPROACH-BLIND'
11, 10678, 94.85099829803568, 94.85099829803568, 'APPROACH-BLIND'
11, 10679, 94.87679453135443, 94.87679453135443, 'APPROACH-BLIND'
11, 10680, 94.90259076467319, 94.90259076467319, 'APPROACH-BLIND'
11, 10681, 94.92838699799195, 94.92838699799195, 'APPROACH-BLIND'
11, 10682, 94.95418323131071, 94.95418323131071, 'APPROACH-BLIND'
11, 10683, 94.97997946462947, 94.97997946462947, 'APPROACH-BLIND'
11, 10684, 95.00577569794822, 95.00577569794822, 'APPROACH-BLIND'
11, 10685, 95.03157193126698, 95.03157193126698, 'APPROACH-BLIND'
11, 10686, 95.05736816458574, 95.05736816458574, 'APPROACH-BLIND'
11, 10687, 95.0831643979045, 95.0831643979045, 'APPROACH-BLIND'
11, 10688, 95.09606251456387, 95.09606251456387, 'APPROACH-STEALTH'
11, 10689, 95.12185874788263, 95.12185874788263, 'APPROACH-BLIND'
11, 10690, 95.14765498120138, 95.14765498120138, 'APPROACH-BLIND'
11, 10691, 95.17345121452014, 95.17345121452014, 'APPROACH-BLIND'
11, 10692, 95.1992474478389, 95.1992474478389, 'APPROACH-BLIND'
11, 10693, 95.21214556449827, 95.21214556449827, 'APPROACH-STEALTH'
11, 10694, 95.22504368115764, 95.22504368115764, 'APPROACH-STEALTH'
11, 10695, 95.23794179781702, 95.23794179781702, 'APPROACH-STEALTH'
11, 10696, 95.25083991447639, 95.25083991447639, 'APPROACH-STEALTH'
11, 10697, 95.26373803113576, 95.26373803113576, 'APPROACH-STEALTH'
11, 10698, 95.27663614779513, 95.27663614779513, 'APPROACH-STEALTH'
11, 10699, 95.2895342644545, 95.2895342644545, 'APPROACH-STEALTH'
11, 10700, 95.30243238111387, 95.30243238111387, 'APPROACH-STEALTH'
11, 10701, 95.31533049777325, 95.31533049777325, 'APPROACH-STEALTH'
11, 10702, 95.32822861443262, 95.32822861443262, 'APPROACH-STEALTH'
11, 10703, 95.34112673109199, 95.34112673109199, 'APPROACH-STEALTH'
11, 10704, 95.35402484775136, 95.35402484775136, 'APPROACH-STEALTH'
11, 10705, 95.36692296441073, 95.36692296441073, 'APPROACH-STEALTH'
11, 10706, 95.3798210810701, 95.3798210810701, 'APPROACH-STEALTH'
11, 10707, 95.39271919772948, 95.39271919772948, 'APPROACH-STEALTH'
11, 10708, 95.40561731438885, 95.40561731438885, 'APPROACH-STEALTH'
11, 10709, 95.41851543104822, 95.41851543104822, 'APPROACH-STEALTH'
11, 10710, 95.43141354770759, 95.43141354770759, 'APPROACH-STEALTH'
11, 10711, 95.44431166436696, 95.44431166436696, 'APPROACH-STEALTH'
11, 10712, 95.45720978102634, 95.45720978102634, 'APPROACH-STEALTH'
11, 10713, 95.47010789768571, 95.47010789768571, 'APPROACH-STEALTH'
11, 10714, 95.48300601434508, 95.48300601434508, 'APPROACH-STEALTH'
11, 10715, 95.49590413100445, 95.49590413100445, 'APPROACH-STEALTH'
11, 10716, 95.50880224766382, 95.50880224766382, 'APPROACH-STEALTH'
11, 10717, 95.5193538033914, 95.5193538033914, 'APPROACH-BLIND'
11, 10718, 95.52990535911897, 95.52990535911897, 'APPROACH-BLIND'
11, 10719, 95.54045691484654, 95.54045691484654, 'APPROACH-BLIND'
11, 10720, 95.55100847057412, 95.55100847057412, 'APPROACH-BLIND'
11, 10721, 95.56156002630169, 95.56156002630169, 'APPROACH-BLIND'
11, 10722, 95.57211158202927, 95.57211158202927, 'APPROACH-BLIND'
11, 10723, 95.58266313775684, 95.58266313775684, 'APPROACH-BLIND'
11, 10724, 95.59321469348441, 95.59321469348441, 'APPROACH-BLIND'
11, 10725, 95.60376624921199, 95.60376624921199, 'APPROACH-BLIND'
11, 10726, 95.61431780493956, 95.61431780493956, 'APPROACH-BLIND'
11, 10727, 95.62486936066713, 95.62486936066713, 'APPROACH-BLIND'
11, 10728, 95.63542091639471, 95.63542091639471, 'APPROACH-BLIND'
11, 10729, 95.64597247212228, 95.64597247212228, 'APPROACH-BLIND'
11, 10730, 95.65652402784985, 95.65652402784985, 'APPROACH-BLIND'
11, 10731, 95.66707558357743, 95.66707558357743, 'APPROACH-BLIND'
11, 10732, 95.67235136144122, 95.67235136144122, 'APPROACH-STEALTH'
11, 10733, 95.677627139305, 95.677627139305, 'APPROACH-STEALTH'
11, 10734, 95.68290291716879, 95.68290291716879, 'APPROACH-STEALTH'
11, 10735, 95.68817869503258, 95.68817869503258, 'APPROACH-STEALTH'
11, 10736, 95.69345447289636, 95.69345447289636, 'APPROACH-STEALTH'
11, 10737, 95.69873025076015, 95.69873025076015, 'APPROACH-STEALTH'
11, 10738, 95.70400602862394, 95.70400602862394, 'APPROACH-STEALTH'
11, 10739, 95.70928180648772, 95.70928180648772, 'APPROACH-STEALTH'
11, 10740, 95.71455758435151, 95.71455758435151, 'APPROACH-STEALTH'
11, 10741, 95.7198333622153, 95.7198333622153, 'APPROACH-STEALTH'
11, 10742, 95.72510914007908, 95.72510914007908, 'APPROACH-STEALTH'
11, 10743, 95.73038491794287, 95.73038491794287, 'APPROACH-STEALTH'
11, 10744, 95.73566069580666, 95.73566069580666, 'APPROACH-STEALTH'
11, 10745, 95.74093647367044, 95.74093647367044, 'APPROACH-STEALTH'
11, 10746, 95.74621225153423, 95.74621225153423, 'APPROACH-STEALTH'
11, 10747, 95.75148802939802, 95.75148802939802, 'APPROACH-STEALTH'
11, 10748, 95.7567638072618, 95.7567638072618, 'APPROACH-STEALTH'
11, 10749, 95.76203958512559, 95.76203958512559, 'APPROACH-STEALTH'
11, 10750, 95.76731536298938, 95.76731536298938, 'APPROACH-STEALTH'
11, 10751, 95.77259114085317, 95.77259114085317, 'APPROACH-STEALTH'
11, 10752, 95.77786691871695, 95.77786691871695, 'APPROACH-STEALTH'
11, 10753, 95.78314269658074, 95.78314269658074, 'APPROACH-STEALTH'
11, 10754, 95.78841847444453, 95.78841847444453, 'APPROACH-STEALTH'
11, 10755, 95.79369425230831, 95.79369425230831, 'APPROACH-STEALTH'
11, 10756, 95.7989700301721, 95.7989700301721, 'APPROACH-STEALTH'
11, 10757, 95.81183148688211, 95.81183148688211, 'APPROACH-STEALTH'
11, 10758, 95.82469294359213, 95.82469294359213, 'APPROACH-STEALTH'
11, 10759, 95.83755440030214, 95.83755440030214, 'APPROACH-STEALTH'
11, 10760, 95.86327731372215, 95.86327731372215, 'APPROACH-BLIND'
11, 10761, 95.88900022714216, 95.88900022714216, 'APPROACH-BLIND'
11, 10762, 95.91472314056217, 95.91472314056217, 'APPROACH-BLIND'
11, 10763, 95.94044605398219, 95.94044605398219, 'APPROACH-BLIND'
11, 10764, 95.9661689674022, 95.9661689674022, 'APPROACH-BLIND'
11, 10765, 95.99189188082221, 95.99189188082221, 'APPROACH-BLIND'
11, 10766, 96.01761479424222, 96.01761479424222, 'APPROACH-BLIND'
11, 10767, 96.04333770766223, 96.04333770766223, 'APPROACH-BLIND'
11, 10768, 96.06906062108224, 96.06906062108224, 'APPROACH-BLIND'
11, 10769, 96.09478353450226, 96.09478353450226, 'APPROACH-BLIND'
11, 10770, 96.12050644792227, 96.12050644792227, 'APPROACH-BLIND'
11, 10771, 96.14622936134228, 96.14622936134228, 'APPROACH-BLIND'
11, 10772, 96.17195227476229, 96.17195227476229, 'APPROACH-BLIND'
11, 10773, 96.1976751881823, 96.1976751881823, 'APPROACH-BLIND'
11, 10774, 96.21053664489231, 96.21053664489231, 'APPROACH-STEALTH'
11, 10775, 96.22339810160233, 96.22339810160233, 'APPROACH-STEALTH'
11, 10776, 96.23625955831234, 96.23625955831234, 'APPROACH-STEALTH'
11, 10777, 96.24912101502235, 96.24912101502235, 'APPROACH-STEALTH'
11, 10778, 96.26198247173237, 96.26198247173237, 'APPROACH-STEALTH'
11, 10779, 96.27484392844238, 96.27484392844238, 'APPROACH-STEALTH'
11, 10780, 96.28770538515239, 96.28770538515239, 'APPROACH-STEALTH'
11, 10781, 96.3005668418624, 96.3005668418624, 'APPROACH-STEALTH'
11, 10782, 96.31342829857242, 96.31342829857242, 'APPROACH-STEALTH'
11, 10783, 96.32628975528243, 96.32628975528243, 'APPROACH-STEALTH'
11, 10784, 96.33915121199244, 96.33915121199244, 'APPROACH-STEALTH'
11, 10785, 96.35201266870246, 96.35201266870246, 'APPROACH-STEALTH'
11, 10786, 96.36487412541247, 96.36487412541247, 'APPROACH-STEALTH'
11, 10787, 96.37773558212248, 96.37773558212248, 'APPROACH-STEALTH'
11, 10788, 96.3905970388325, 96.3905970388325, 'APPROACH-STEALTH'
11, 10789, 96.40345849554251, 96.40345849554251, 'APPROACH-STEALTH'
11, 10790, 96.41631995225252, 96.41631995225252, 'APPROACH-STEALTH'
11, 10791, 96.42918140896253, 96.42918140896253, 'APPROACH-STEALTH'
11, 10792, 96.44204286567255, 96.44204286567255, 'APPROACH-STEALTH'
11, 10793, 96.45490432238256, 96.45490432238256, 'APPROACH-STEALTH'
11, 10794, 96.46776577909257, 96.46776577909257, 'APPROACH-STEALTH'
11, 10795, 96.48062723580259, 96.48062723580259, 'APPROACH-STEALTH'
11, 10796, 96.5063501492226, 96.5063501492226, 'APPROACH-BLIND'
11, 10797, 96.5169087914671, 96.5169087914671, 'APPROACH-BLIND'
11, 10798, 96.5274674337116, 96.5274674337116, 'APPROACH-BLIND'
11, 10799, 96.53802607595611, 96.53802607595611, 'APPROACH-BLIND'
11, 10800, 96.54858471820062, 96.54858471820062, 'APPROACH-BLIND'
11, 10801, 96.55914336044512, 96.55914336044512, 'APPROACH-BLIND'
11, 10802, 96.56970200268962, 96.56970200268962, 'APPROACH-BLIND'
11, 10803, 96.58026064493413, 96.58026064493413, 'APPROACH-BLIND'
11, 10804, 96.59081928717863, 96.59081928717863, 'APPROACH-BLIND'
11, 10805, 96.60137792942314, 96.60137792942314, 'APPROACH-BLIND'
11, 10806, 96.61193657166764, 96.61193657166764, 'APPROACH-BLIND'
11, 10807, 96.62249521391215, 96.62249521391215, 'APPROACH-BLIND'
11, 10808, 96.63305385615666, 96.63305385615666, 'APPROACH-BLIND'
11, 10809, 96.64361249840117, 96.64361249840117, 'APPROACH-BLIND'
11, 10810, 96.65417114064569, 96.65417114064569, 'APPROACH-BLIND'
11, 10811, 96.66472978289019, 96.66472978289019, 'APPROACH-BLIND'
11, 10812, 96.67528842513471, 96.67528842513471, 'APPROACH-BLIND'
11, 10813, 96.68584706737921, 96.68584706737921, 'APPROACH-BLIND'
11, 10814, 96.69640570962373, 96.69640570962373, 'APPROACH-BLIND'
11, 10815, 96.70696435186824, 96.70696435186824, 'APPROACH-BLIND'
11, 10816, 96.71752299411276, 96.71752299411276, 'APPROACH-BLIND'
11, 10817, 96.72808163635726, 96.72808163635726, 'APPROACH-BLIND'
11, 10818, 96.73864027860178, 96.73864027860178, 'APPROACH-BLIND'
11, 10819, 96.74919892084628, 96.74919892084628, 'APPROACH-BLIND'
11, 10820, 96.7597575630908, 96.7597575630908, 'APPROACH-BLIND'
11, 10821, 96.7703162053353, 96.7703162053353, 'APPROACH-BLIND'
11, 10822, 96.78087484757982, 96.78087484757982, 'APPROACH-BLIND'
11, 10823, 96.79143348982433, 96.79143348982433, 'APPROACH-BLIND'
11, 10824, 96.80199213206885, 96.80199213206885, 'APPROACH-BLIND'
11, 10825, 96.80567122785045, 96.80567122785045, 'APPROACH-BLIND'
11, 10826, 96.80935032363206, 96.80935032363206, 'APPROACH-BLIND'
11, 10827, 96.81302941941367, 96.81302941941367, 'APPROACH-BLIND'
11, 10828, 96.81670851519527, 96.81670851519527, 'APPROACH-BLIND'
11, 10829, 96.81854806308608, 96.81854806308608, 'APPROACH-STEALTH'
11, 10830, 96.8203876109769, 96.8203876109769, 'APPROACH-STEALTH'
11, 10831, 96.8222271588677, 96.8222271588677, 'APPROACH-STEALTH'
11, 10832, 96.82406670675852, 96.82406670675852, 'APPROACH-STEALTH'
11, 10833, 96.82590625464933, 96.82590625464933, 'APPROACH-STEALTH'
11, 10834, 96.82774580254014, 96.82774580254014, 'APPROACH-STEALTH'
11, 10835, 96.82958535043095, 96.82958535043095, 'APPROACH-STEALTH'
11, 10836, 96.83142489832176, 96.83142489832176, 'APPROACH-STEALTH'
11, 10837, 96.83326444621257, 96.83326444621257, 'APPROACH-STEALTH'
11, 10838, 96.83510399410338, 96.83510399410338, 'APPROACH-STEALTH'
11, 10839, 96.83694354199419, 96.83694354199419, 'APPROACH-STEALTH'
11, 10840, 96.838783089885, 96.838783089885, 'APPROACH-STEALTH'
11, 10841, 96.84062263777581, 96.84062263777581, 'APPROACH-STEALTH'
11, 10842, 96.84246218566662, 96.84246218566662, 'APPROACH-STEALTH'
11, 10843, 96.84430173355743, 96.84430173355743, 'APPROACH-STEALTH'
11, 10844, 96.84614128144824, 96.84614128144824, 'APPROACH-STEALTH'
11, 10845, 96.84798082933905, 96.84798082933905, 'APPROACH-STEALTH'
11, 10846, 96.84982037722986, 96.84982037722986, 'APPROACH-STEALTH'
11, 10847, 96.85165992512067, 96.85165992512067, 'APPROACH-STEALTH'
11, 10848, 96.85349947301148, 96.85349947301148, 'APPROACH-STEALTH'
11, 10849, 96.85533902090229, 96.85533902090229, 'APPROACH-STEALTH'
11, 10850, 96.8571785687931, 96.8571785687931, 'APPROACH-STEALTH'
11, 10851, 96.85901811668391, 96.85901811668391, 'APPROACH-STEALTH'
11, 10852, 96.86085766457472, 96.86085766457472, 'APPROACH-STEALTH'
11, 10853, 96.86269721246553, 96.86269721246553, 'APPROACH-STEALTH'
11, 10854, 96.86453676035634, 96.86453676035634, 'APPROACH-STEALTH'
11, 10855, 96.86637630824715, 96.86637630824715, 'APPROACH-STEALTH'
11, 10856, 96.86821585613797, 96.86821585613797, 'APPROACH-STEALTH'
11, 10857, 96.87005540402878, 96.87005540402878, 'APPROACH-STEALTH'
11, 10858, 96.87189495191957, 96.87189495191957, 'APPROACH-STEALTH'
11, 10859, 96.87373449981038, 96.87373449981038, 'APPROACH-STEALTH'
11, 10860, 96.87557404770118, 96.87557404770118, 'APPROACH-STEALTH'
11, 10861, 96.87741359559199, 96.87741359559199, 'APPROACH-STEALTH'
11, 10862, 96.87925314348279, 96.87925314348279, 'APPROACH-STEALTH'
11, 10863, 96.8810926913736, 96.8810926913736, 'APPROACH-STEALTH'
11, 10864, 96.88293223926439, 96.88293223926439, 'APPROACH-STEALTH'
11, 10865, 96.8847717871552, 96.8847717871552, 'APPROACH-STEALTH'
11, 10866, 96.886611335046, 96.886611335046, 'APPROACH-STEALTH'
11, 10867, 96.88845088293681, 96.88845088293681, 'APPROACH-STEALTH'
11, 10868, 96.8902904308276, 96.8902904308276, 'APPROACH-STEALTH'
11, 10869, 96.89212997871842, 96.89212997871842, 'APPROACH-STEALTH'
11, 10870, 96.89396952660921, 96.89396952660921, 'APPROACH-STEALTH'
11, 10871, 96.89580907450002, 96.89580907450002, 'APPROACH-STEALTH'
11, 10872, 96.89764862239082, 96.89764862239082, 'APPROACH-STEALTH'
11, 10873, 96.89948817028163, 96.89948817028163, 'APPROACH-STEALTH'
11, 10874, 96.90132771817242, 96.90132771817242, 'APPROACH-STEALTH'
11, 10875, 96.90316726606324, 96.90316726606324, 'APPROACH-STEALTH'
11, 10876, 96.90500681395403, 96.90500681395403, 'APPROACH-STEALTH'
11, 10877, 96.90684636184484, 96.90684636184484, 'APPROACH-STEALTH'
11, 10878, 96.90868590973564, 96.90868590973564, 'APPROACH-STEALTH'
11, 10879, 96.91052545762645, 96.91052545762645, 'APPROACH-STEALTH'
11, 10880, 96.91236500551724, 96.91236500551724, 'APPROACH-STEALTH'
11, 10881, 96.91420455340806, 96.91420455340806, 'APPROACH-STEALTH'
11, 10882, 96.91604410129885, 96.91604410129885, 'APPROACH-STEALTH'
11, 10883, 96.91788364918966, 96.91788364918966, 'APPROACH-STEALTH'
11, 10884, 96.91972319708046, 96.91972319708046, 'APPROACH-STEALTH'
11, 10885, 96.92156274497127, 96.92156274497127, 'APPROACH-STEALTH'
11, 10886, 96.92340229286206, 96.92340229286206, 'APPROACH-STEALTH'
11, 10887, 96.92524184075288, 96.92524184075288, 'APPROACH-STEALTH'
11, 10888, 96.92708138864367, 96.92708138864367, 'APPROACH-STEALTH'
11, 10889, 96.92892093653448, 96.92892093653448, 'APPROACH-STEALTH'
11, 10890, 96.93076048442528, 96.93076048442528, 'APPROACH-STEALTH'
11, 10891, 96.93260003231609, 96.93260003231609, 'APPROACH-STEALTH'
11, 10892, 96.93443958020688, 96.93443958020688, 'APPROACH-STEALTH'
11, 10893, 96.93504984654705, 96.93504984654705, 'APPROACH-STEALTH'
11, 10894, 96.9356601128872, 96.9356601128872, 'APPROACH-STEALTH'
11, 10895, 96.93627037922737, 96.93627037922737, 'APPROACH-STEALTH'
11, 10896, 96.93688064556753, 96.93688064556753, 'APPROACH-STEALTH'
11, 10897, 96.93749091190769, 96.93749091190769, 'APPROACH-STEALTH'
11, 10898, 96.93810117824785, 96.93810117824785, 'APPROACH-STEALTH'
11, 10899, 96.93871144458801, 96.93871144458801, 'APPROACH-STEALTH'
11, 10900, 96.93932171092817, 96.93932171092817, 'APPROACH-STEALTH'
11, 10901, 96.93993197726833, 96.93993197726833, 'APPROACH-STEALTH'
11, 10902, 96.94115250994865, 96.94115250994865, 'APPROACH-BLIND'
11, 10903, 96.94237304262897, 96.94237304262897, 'APPROACH-BLIND'
11, 10904, 96.9435935753093, 96.9435935753093, 'APPROACH-BLIND'
11, 10905, 96.94481410798961, 96.94481410798961, 'APPROACH-BLIND'
11, 10906, 96.94603464066994, 96.94603464066994, 'APPROACH-BLIND'
11, 10907, 96.94725517335026, 96.94725517335026, 'APPROACH-BLIND'
11, 10908, 96.94847570603058, 96.94847570603058, 'APPROACH-BLIND'
11, 10909, 96.9496962387109, 96.9496962387109, 'APPROACH-BLIND'
11, 10910, 96.95091677139122, 96.95091677139122, 'APPROACH-BLIND'
11, 10911, 96.95213730407154, 96.95213730407154, 'APPROACH-BLIND'
11, 10912, 96.95335783675186, 96.95335783675186, 'APPROACH-BLIND'
11, 10913, 96.95457836943218, 96.95457836943218, 'APPROACH-BLIND'
11, 10914, 96.9557989021125, 96.9557989021125, 'APPROACH-BLIND'
11, 10915, 96.95701943479283, 96.95701943479283, 'APPROACH-BLIND'
11, 10916, 96.95823996747315, 96.95823996747315, 'APPROACH-BLIND'
11, 10917, 96.95946050015347, 96.95946050015347, 'APPROACH-BLIND'
11, 10918, 96.96068103283379, 96.96068103283379, 'APPROACH-BLIND'
11, 10919, 96.96190156551411, 96.96190156551411, 'APPROACH-BLIND'
11, 10920, 96.96312209819443, 96.96312209819443, 'APPROACH-BLIND'
11, 10921, 96.96434263087475, 96.96434263087475, 'APPROACH-BLIND'
11, 10922, 96.96556316355507, 96.96556316355507, 'APPROACH-BLIND'
11, 10923, 96.9667836962354, 96.9667836962354, 'APPROACH-BLIND'
11, 10924, 96.96800422891572, 96.96800422891572, 'APPROACH-BLIND'
11, 10925, 96.96922476159604, 96.96922476159604, 'APPROACH-BLIND'
11, 10926, 96.97044529427636, 96.97044529427636, 'APPROACH-BLIND'
11, 10927, 96.97166582695668, 96.97166582695668, 'APPROACH-BLIND'
11, 10928, 96.972886359637, 96.972886359637, 'APPROACH-BLIND'
11, 10929, 96.97410689231732, 96.97410689231732, 'APPROACH-BLIND'
11, 10930, 96.97532742499764, 96.97532742499764, 'APPROACH-BLIND'
11, 10931, 96.97654795767797, 96.97654795767797, 'APPROACH-BLIND'
11, 10932, 96.97776849035829, 96.97776849035829, 'APPROACH-BLIND'
11, 10933, 96.97898902303861, 96.97898902303861, 'APPROACH-BLIND'
11, 10934, 97.00414896397508, 97.00414896397508, 'APPROACH-BLIND'
11, 10935, 97.02930890491156, 97.02930890491156, 'APPROACH-BLIND'
11, 10936, 97.05446884584804, 97.05446884584804, 'APPROACH-BLIND'
11, 10937, 97.07962878678451, 97.07962878678451, 'APPROACH-BLIND'
11, 10938, 97.10478872772099, 97.10478872772099, 'APPROACH-BLIND'
11, 10939, 97.12994866865746, 97.12994866865746, 'APPROACH-BLIND'
11, 10940, 97.15510860959394, 97.15510860959394, 'APPROACH-BLIND'
11, 10941, 97.18026855053041, 97.18026855053041, 'APPROACH-BLIND'
11, 10942, 97.20542849146689, 97.20542849146689, 'APPROACH-BLIND'
11, 10943, 97.23058843240337, 97.23058843240337, 'APPROACH-BLIND'
11, 10944, 97.25574837333984, 97.25574837333984, 'APPROACH-BLIND'
11, 10945, 97.28090831427632, 97.28090831427632, 'APPROACH-BLIND'
11, 10946, 97.3060682552128, 97.3060682552128, 'APPROACH-BLIND'
11, 10947, 97.33122819614927, 97.33122819614927, 'APPROACH-BLIND'
11, 10948, 97.35638813708574, 97.35638813708574, 'APPROACH-BLIND'
11, 10949, 97.38154807802222, 97.38154807802222, 'APPROACH-BLIND'
11, 10950, 97.4067080189587, 97.4067080189587, 'APPROACH-BLIND'
11, 10951, 97.43186795989517, 97.43186795989517, 'APPROACH-BLIND'
11, 10952, 97.45702790083165, 97.45702790083165, 'APPROACH-BLIND'
11, 10953, 97.48218784176812, 97.48218784176812, 'APPROACH-BLIND'
11, 10954, 97.5073477827046, 97.5073477827046, 'APPROACH-BLIND'
11, 10955, 97.51767230690349, 97.51767230690349, 'APPROACH-BLIND'
11, 10956, 97.52799683110239, 97.52799683110239, 'APPROACH-BLIND'
11, 10957, 97.53832135530128, 97.53832135530128, 'APPROACH-BLIND'
11, 10958, 97.54864587950017, 97.54864587950017, 'APPROACH-BLIND'
11, 10959, 97.55897040369906, 97.55897040369906, 'APPROACH-BLIND'
11, 10960, 97.56929492789796, 97.56929492789796, 'APPROACH-BLIND'
11, 10961, 97.57961945209685, 97.57961945209685, 'APPROACH-BLIND'
11, 10962, 97.58994397629574, 97.58994397629574, 'APPROACH-BLIND'
11, 10963, 97.60026850049464, 97.60026850049464, 'APPROACH-BLIND'
11, 10964, 97.61059302469353, 97.61059302469353, 'APPROACH-BLIND'
11, 10965, 97.62091754889242, 97.62091754889242, 'APPROACH-BLIND'
11, 10966, 97.63124207309131, 97.63124207309131, 'APPROACH-BLIND'
11, 10967, 97.64156659729021, 97.64156659729021, 'APPROACH-BLIND'
11, 10968, 97.6518911214891, 97.6518911214891, 'APPROACH-BLIND'
11, 10969, 97.662215645688, 97.662215645688, 'APPROACH-BLIND'
11, 10970, 97.67254016988689, 97.67254016988689, 'APPROACH-BLIND'
11, 10971, 97.68286469408578, 97.68286469408578, 'APPROACH-BLIND'
11, 10972, 97.69318921828467, 97.69318921828467, 'APPROACH-BLIND'
11, 10973, 97.70351374248357, 97.70351374248357, 'APPROACH-BLIND'
11, 10974, 97.71383826668246, 97.71383826668246, 'APPROACH-BLIND'
11, 10975, 97.72416279088135, 97.72416279088135, 'APPROACH-BLIND'
11, 10976, 97.73448731508024, 97.73448731508024, 'APPROACH-BLIND'
11, 10977, 97.74481183927914, 97.74481183927914, 'APPROACH-BLIND'
11, 10978, 97.75513636347803, 97.75513636347803, 'APPROACH-BLIND'
11, 10979, 97.76546088767692, 97.76546088767692, 'APPROACH-BLIND'
11, 10980, 97.77578541187582, 97.77578541187582, 'APPROACH-BLIND'
11, 10981, 97.78610993607471, 97.78610993607471, 'APPROACH-BLIND'
11, 10982, 97.7964344602736, 97.7964344602736, 'APPROACH-BLIND'
11, 10983, 97.8067589844725, 97.8067589844725, 'APPROACH-BLIND'
11, 10984, 97.81034900543443, 97.81034900543443, 'APPROACH-BLIND'
11, 10985, 97.81393902639637, 97.81393902639637, 'APPROACH-BLIND'
11, 10986, 97.8175290473583, 97.8175290473583, 'APPROACH-BLIND'
11, 10987, 97.82111906832024, 97.82111906832024, 'APPROACH-BLIND'
11, 10988, 97.82470908928218, 97.82470908928218, 'APPROACH-BLIND'
11, 10989, 97.82829911024412, 97.82829911024412, 'APPROACH-BLIND'
11, 10990, 97.83188913120605, 97.83188913120605, 'APPROACH-BLIND'
11, 10991, 97.83547915216799, 97.83547915216799, 'APPROACH-BLIND'
11, 10992, 97.83906917312993, 97.83906917312993, 'APPROACH-BLIND'
11, 10993, 97.84265919409187, 97.84265919409187, 'APPROACH-BLIND'
11, 10994, 97.8462492150538, 97.8462492150538, 'APPROACH-BLIND'
11, 10995, 97.84983923601574, 97.84983923601574, 'APPROACH-BLIND'
11, 10996, 97.85342925697768, 97.85342925697768, 'APPROACH-BLIND'
11, 10997, 97.85701927793961, 97.85701927793961, 'APPROACH-BLIND'
11, 10998, 97.86060929890157, 97.86060929890157, 'APPROACH-BLIND'
11, 10999, 97.8641993198635, 97.8641993198635, 'APPROACH-BLIND'
11, 11000, 97.86778934082545, 97.86778934082545, 'APPROACH-BLIND'
11, 11001, 97.87137936178739, 97.87137936178739, 'APPROACH-BLIND'
11, 11002, 97.87496938274934, 97.87496938274934, 'APPROACH-BLIND'
11, 11003, 97.87855940371128, 97.87855940371128, 'APPROACH-BLIND'
11, 11004, 97.88214942467323, 97.88214942467323, 'APPROACH-BLIND'
11, 11005, 97.88573944563517, 97.88573944563517, 'APPROACH-BLIND'
11, 11006, 97.88932946659712, 97.88932946659712, 'APPROACH-BLIND'
11, 11007, 97.89291948755906, 97.89291948755906, 'APPROACH-BLIND'
11, 11008, 97.896509508521, 97.896509508521, 'APPROACH-BLIND'
11, 11009, 97.90009952948294, 97.90009952948294, 'APPROACH-BLIND'
11, 11010, 97.9036895504449, 97.9036895504449, 'APPROACH-BLIND'
11, 11011, 97.90727957140683, 97.90727957140683, 'APPROACH-BLIND'
11, 11012, 97.91086959236878, 97.91086959236878, 'APPROACH-BLIND'
11, 11013, 97.91445961333072, 97.91445961333072, 'APPROACH-BLIND'
11, 11014, 97.91804963429267, 97.91804963429267, 'APPROACH-BLIND'
11, 11015, 97.92163965525461, 97.92163965525461, 'APPROACH-BLIND'
11, 11016, 97.92522967621656, 97.92522967621656, 'APPROACH-BLIND'
11, 11017, 97.9288196971785, 97.9288196971785, 'APPROACH-BLIND'
11, 11018, 97.93240971814045, 97.93240971814045, 'APPROACH-BLIND'
11, 11019, 97.93599973910239, 97.93599973910239, 'APPROACH-BLIND'
11, 11020, 97.93719094740257, 97.93719094740257, 'APPROACH-BLIND'
11, 11021, 97.93838215570275, 97.93838215570275, 'APPROACH-BLIND'
11, 11022, 97.93957336400294, 97.93957336400294, 'APPROACH-BLIND'
11, 11023, 97.94076457230312, 97.94076457230312, 'APPROACH-BLIND'
11, 11024, 97.94195578060331, 97.94195578060331, 'APPROACH-BLIND'
11, 11025, 97.9431469889035, 97.9431469889035, 'APPROACH-BLIND'
11, 11026, 97.94433819720368, 97.94433819720368, 'APPROACH-BLIND'
11, 11027, 97.94552940550386, 97.94552940550386, 'APPROACH-BLIND'
11, 11028, 97.94672061380405, 97.94672061380405, 'APPROACH-BLIND'
11, 11029, 97.94791182210423, 97.94791182210423, 'APPROACH-BLIND'
11, 11030, 97.94910303040442, 97.94910303040442, 'APPROACH-BLIND'
11, 11031, 97.9502942387046, 97.9502942387046, 'APPROACH-BLIND'
11, 11032, 97.95148544700479, 97.95148544700479, 'APPROACH-BLIND'
11, 11033, 97.95267665530497, 97.95267665530497, 'APPROACH-BLIND'
11, 11034, 97.95386786360515, 97.95386786360515, 'APPROACH-BLIND'
11, 11035, 97.95505907190534, 97.95505907190534, 'APPROACH-BLIND'
11, 11036, 97.95625028020552, 97.95625028020552, 'APPROACH-BLIND'
11, 11037, 97.95744148850571, 97.95744148850571, 'APPROACH-BLIND'
11, 11038, 97.95863269680588, 97.95863269680588, 'APPROACH-BLIND'
11, 11039, 97.95982390510606, 97.95982390510606, 'APPROACH-BLIND'
11, 11040, 97.96101511340623, 97.96101511340623, 'APPROACH-BLIND'
11, 11041, 97.96220632170642, 97.96220632170642, 'APPROACH-BLIND'
11, 11042, 97.96339753000659, 97.96339753000659, 'APPROACH-BLIND'
11, 11043, 97.96458873830677, 97.96458873830677, 'APPROACH-BLIND'
11, 11044, 97.96577994660694, 97.96577994660694, 'APPROACH-BLIND'
11, 11045, 97.96697115490713, 97.96697115490713, 'APPROACH-BLIND'
11, 11046, 97.9681623632073, 97.9681623632073, 'APPROACH-BLIND'
11, 11047, 97.96935357150748, 97.96935357150748, 'APPROACH-BLIND'
11, 11048, 97.97054477980765, 97.97054477980765, 'APPROACH-BLIND'
11, 11049, 97.97173598810784, 97.97173598810784, 'APPROACH-BLIND'
11, 11050, 97.97292719640801, 97.97292719640801, 'APPROACH-BLIND'
11, 11051, 97.9741184047082, 97.9741184047082, 'APPROACH-BLIND'
11, 11052, 97.97530961300836, 97.97530961300836, 'APPROACH-BLIND'
11, 11053, 97.97650082130855, 97.97650082130855, 'APPROACH-BLIND'
11, 11054, 97.97769202960872, 97.97769202960872, 'APPROACH-BLIND'
11, 11055, 97.9788832379089, 97.9788832379089, 'APPROACH-BLIND'
11, 11056, 98.00390799763795, 98.00390799763795, 'APPROACH-BLIND'
11, 11057, 98.028932757367, 98.028932757367, 'APPROACH-BLIND'
11, 11058, 98.05395751709605, 98.05395751709605, 'APPROACH-BLIND'
11, 11059, 98.0789822768251, 98.0789822768251, 'APPROACH-BLIND'
11, 11060, 98.10400703655415, 98.10400703655415, 'APPROACH-BLIND'
11, 11061, 98.1290317962832, 98.1290317962832, 'APPROACH-BLIND'
11, 11062, 98.15405655601225, 98.15405655601225, 'APPROACH-BLIND'
11, 11063, 98.1790813157413, 98.1790813157413, 'APPROACH-BLIND'
11, 11064, 98.20410607547035, 98.20410607547035, 'APPROACH-BLIND'
11, 11065, 98.2291308351994, 98.2291308351994, 'APPROACH-BLIND'
11, 11066, 98.25415559492845, 98.25415559492845, 'APPROACH-BLIND'
11, 11067, 98.2791803546575, 98.2791803546575, 'APPROACH-BLIND'
11, 11068, 98.30420511438655, 98.30420511438655, 'APPROACH-BLIND'
11, 11069, 98.3292298741156, 98.3292298741156, 'APPROACH-BLIND'
11, 11070, 98.35425463384465, 98.35425463384465, 'APPROACH-BLIND'
11, 11071, 98.3792793935737, 98.3792793935737, 'APPROACH-BLIND'
11, 11072, 98.40430415330275, 98.40430415330275, 'APPROACH-BLIND'
11, 11073, 98.4293289130318, 98.4293289130318, 'APPROACH-BLIND'
11, 11074, 98.45435367276085, 98.45435367276085, 'APPROACH-BLIND'
11, 11075, 98.4793784324899, 98.4793784324899, 'APPROACH-BLIND'
11, 11076, 98.50440319221894, 98.50440319221894, 'APPROACH-BLIND'
11, 11077, 98.51472115133348, 98.51472115133348, 'APPROACH-BLIND'
11, 11078, 98.525039110448, 98.525039110448, 'APPROACH-BLIND'
11, 11079, 98.53535706956254, 98.53535706956254, 'APPROACH-BLIND'
11, 11080, 98.54567502867707, 98.54567502867707, 'APPROACH-BLIND'
11, 11081, 98.5559929877916, 98.5559929877916, 'APPROACH-BLIND'
11, 11082, 98.56631094690613, 98.56631094690613, 'APPROACH-BLIND'
11, 11083, 98.57662890602066, 98.57662890602066, 'APPROACH-BLIND'
11, 11084, 98.58694686513519, 98.58694686513519, 'APPROACH-BLIND'
11, 11085, 98.59726482424972, 98.59726482424972, 'APPROACH-BLIND'
11, 11086, 98.60758278336425, 98.60758278336425, 'APPROACH-BLIND'
11, 11087, 98.61790074247878, 98.61790074247878, 'APPROACH-BLIND'
11, 11088, 98.62821870159331, 98.62821870159331, 'APPROACH-BLIND'
11, 11089, 98.63853666070784, 98.63853666070784, 'APPROACH-BLIND'
11, 11090, 98.64885461982237, 98.64885461982237, 'APPROACH-BLIND'
11, 11091, 98.6591725789369, 98.6591725789369, 'APPROACH-BLIND'
11, 11092, 98.66949053805143, 98.66949053805143, 'APPROACH-BLIND'
11, 11093, 98.67980849716596, 98.67980849716596, 'APPROACH-BLIND'
11, 11094, 98.6901264562805, 98.6901264562805, 'APPROACH-BLIND'
11, 11095, 98.70044441539503, 98.70044441539503, 'APPROACH-BLIND'
11, 11096, 98.71076237450956, 98.71076237450956, 'APPROACH-BLIND'
11, 11097, 98.72108033362407, 98.72108033362407, 'APPROACH-BLIND'
11, 11098, 98.7313982927386, 98.7313982927386, 'APPROACH-BLIND'
11, 11099, 98.74171625185312, 98.74171625185312, 'APPROACH-BLIND'
11, 11100, 98.75203421096765, 98.75203421096765, 'APPROACH-BLIND'
11, 11101, 98.76235217008217, 98.76235217008217, 'APPROACH-BLIND'
11, 11102, 98.7726701291967, 98.7726701291967, 'APPROACH-BLIND'
11, 11103, 98.78298808831121, 98.78298808831121, 'APPROACH-BLIND'
11, 11104, 98.79330604742574, 98.79330604742574, 'APPROACH-BLIND'
11, 11105, 98.80362400654026, 98.80362400654026, 'APPROACH-BLIND'
11, 11106, 98.80725157338172, 98.80725157338172, 'APPROACH-BLIND'
11, 11107, 98.8108791402232, 98.8108791402232, 'APPROACH-BLIND'
11, 11108, 98.81450670706465, 98.81450670706465, 'APPROACH-BLIND'
11, 11109, 98.81813427390613, 98.81813427390613, 'APPROACH-BLIND'
11, 11110, 98.82176184074758, 98.82176184074758, 'APPROACH-BLIND'
11, 11111, 98.82538940758906, 98.82538940758906, 'APPROACH-BLIND'
11, 11112, 98.82901697443052, 98.82901697443052, 'APPROACH-BLIND'
11, 11113, 98.83264454127199, 98.83264454127199, 'APPROACH-BLIND'
11, 11114, 98.83627210811345, 98.83627210811345, 'APPROACH-BLIND'
11, 11115, 98.83989967495492, 98.83989967495492, 'APPROACH-BLIND'
11, 11116, 98.84352724179638, 98.84352724179638, 'APPROACH-BLIND'
11, 11117, 98.84715480863785, 98.84715480863785, 'APPROACH-BLIND'
11, 11118, 98.85078237547931, 98.85078237547931, 'APPROACH-BLIND'
11, 11119, 98.85440994232079, 98.85440994232079, 'APPROACH-BLIND'
11, 11120, 98.85803750916224, 98.85803750916224, 'APPROACH-BLIND'
11, 11121, 98.86166507600372, 98.86166507600372, 'APPROACH-BLIND'
11, 11122, 98.86529264284518, 98.86529264284518, 'APPROACH-BLIND'
11, 11123, 98.86892020968665, 98.86892020968665, 'APPROACH-BLIND'
11, 11124, 98.87254777652811, 98.87254777652811, 'APPROACH-BLIND'
11, 11125, 98.87617534336958, 98.87617534336958, 'APPROACH-BLIND'
11, 11126, 98.87980291021104, 98.87980291021104, 'APPROACH-BLIND'
11, 11127, 98.88343047705251, 98.88343047705251, 'APPROACH-BLIND'
11, 11128, 98.88705804389397, 98.88705804389397, 'APPROACH-BLIND'
11, 11129, 98.89068561073545, 98.89068561073545, 'APPROACH-BLIND'
11, 11130, 98.8943131775769, 98.8943131775769, 'APPROACH-BLIND'
11, 11131, 98.89794074441838, 98.89794074441838, 'APPROACH-BLIND'
11, 11132, 98.90156831125984, 98.90156831125984, 'APPROACH-BLIND'
11, 11133, 98.90519587810131, 98.90519587810131, 'APPROACH-BLIND'
11, 11134, 98.90882344494277, 98.90882344494277, 'APPROACH-BLIND'
11, 11135, 98.91245101178424, 98.91245101178424, 'APPROACH-BLIND'
11, 11136, 98.9160785786257, 98.9160785786257, 'APPROACH-BLIND'
11, 11137, 98.91970614546717, 98.91970614546717, 'APPROACH-BLIND'
11, 11138, 98.92333371230863, 98.92333371230863, 'APPROACH-BLIND'
11, 11139, 98.9269612791501, 98.9269612791501, 'APPROACH-BLIND'
11, 11140, 98.93058884599156, 98.93058884599156, 'APPROACH-BLIND'
11, 11141, 98.93421641283304, 98.93421641283304, 'APPROACH-BLIND'
11, 11142, 98.90971935363869, 98.90971935363869, 'APPROACH-BLIND'
11, 11143, 98.88522229444435, 98.88522229444435, 'APPROACH-BLIND'
11, 11144, 98.86072523525, 98.86072523525, 'APPROACH-BLIND'
11, 11145, 98.83622817605566, 98.83622817605566, 'APPROACH-BLIND'
11, 11146, 98.81173111686131, 98.81173111686131, 'APPROACH-BLIND'
11, 11147, 98.78723405766696, 98.78723405766696, 'APPROACH-BLIND'
11, 11148, 98.76273699847262, 98.76273699847262, 'APPROACH-BLIND'
11, 11149, 98.73823993927827, 98.73823993927827, 'APPROACH-BLIND'
11, 11150, 98.71374288008393, 98.71374288008393, 'APPROACH-BLIND'
11, 11151, 98.68924582088958, 98.68924582088958, 'APPROACH-BLIND'
11, 11152, 98.66474876169524, 98.66474876169524, 'APPROACH-BLIND'
11, 11153, 98.64025170250089, 98.64025170250089, 'APPROACH-BLIND'
11, 11154, 98.61575464330654, 98.61575464330654, 'APPROACH-BLIND'
11, 11155, 98.5912575841122, 98.5912575841122, 'APPROACH-BLIND'
11, 11156, 98.56676052491785, 98.56676052491785, 'APPROACH-BLIND'
11, 11157, 98.54226346572351, 98.54226346572351, 'APPROACH-BLIND'
11, 11158, 98.51776640652916, 98.51776640652916, 'APPROACH-BLIND'
11, 11159, 98.49326934733482, 98.49326934733482, 'APPROACH-BLIND'
11, 11160, 98.46678832364303, 98.46678832364303, 'SEARCH'
11, 11161, 98.45939922948348, 98.45939922948348, 'SEARCH'
11, 11162, 98.45719355282392, 98.45719355282392, 'SEARCH'
11, 11163, 98.4637135198026, 98.4637135198026, 'SEARCH'
11, 11164, 98.45401020015073, 98.45401020015073, 'SEARCH'
11, 11165, 98.42641297896914, 98.42641297896914, 'SEARCH'
11, 11166, 98.4286104621915, 98.4286104621915, 'SEARCH'
11, 11167, 98.4062763058, 98.4062763058, 'SEARCH'
11, 11168, 98.40167653209579, 98.40167653209579, 'SEARCH'
11, 11169, 98.38117944095998, 98.38117944095998, 'SEARCH'
11, 11170, 98.37007247982382, 98.37007247982382, 'SEARCH'
11, 11171, 98.34439267047973, 98.34439267047973, 'SEARCH'
11, 11172, 98.3197311143411, 98.3197311143411, 'SEARCH'
11, 11173, 98.30286442311746, 98.30286442311746, 'SEARCH'
11, 11174, 98.27509495619553, 98.27509495619553, 'SEARCH'
11, 11175, 98.27876988979325, 98.27876988979325, 'SEARCH'
11, 11176, 98.25175041216704, 98.25175041216704, 'SEARCH'
11, 11177, 98.24108015393806, 98.24108015393806, 'SEARCH'
11, 11178, 98.22735532379309, 98.22735532379309, 'SEARCH'
11, 11179, 98.21320292663601, 98.21320292663601, 'SEARCH'
11, 11180, 98.18688362769784, 98.18688362769784, 'SEARCH'
11, 11181, 98.16041283587828, 98.16041283587828, 'SEARCH'
11, 11182, 98.16314418200625, 98.16314418200625, 'SEARCH'
11, 11183, 98.14303568666404, 98.14303568666404, 'SEARCH'
11, 11184, 98.11530650339965, 98.11530650339965, 'SEARCH'
11, 11185, 98.11657390907979, 98.11657390907979, 'SEARCH'
11, 11186, 98.0957999323567, 98.0957999323567, 'SEARCH'
11, 11187, 98.07529274103383, 98.07529274103383, 'SEARCH'
11, 11188, 98.05685042550147, 98.05685042550147, 'SEARCH'
11, 11189, 98.05472780610219, 98.05472780610219, 'SEARCH'
11, 11190, 98.02708246923896, 98.02708246923896, 'SEARCH'
11, 11191, 98.0225450069479, 98.0225450069479, 'SEARCH'
11, 11192, 98.01143357346047, 98.01143357346047, 'SEARCH'
11, 11193, 98.00166055606486, 98.00166055606486, 'SEARCH'
11, 11194, 98.00725542845284, 98.00725542845284, 'SEARCH'
11, 11195, 98.00948261169059, 98.00948261169059, 'SEARCH'
11, 11196, 97.98802456515897, 97.98802456515897, 'SEARCH'
11, 11197, 97.96276675200151, 97.96276675200151, 'SEARCH'
11, 11198, 97.94589071997255, 97.94589071997255, 'SEARCH'
11, 11199, 97.93665217151305, 97.93665217151305, 'SEARCH'
11, 11200, 97.93353450138204, 97.93353450138204, 'SEARCH'
11, 11201, 97.92848938953013, 97.92848938953013, 'SEARCH'
11, 11202, 97.90645650373263, 97.90645650373263, 'SEARCH'
11, 11203, 97.91294397641475, 97.91294397641475, 'SEARCH'
11, 11204, 97.88529477047378, 97.88529477047378, 'SEARCH'
11, 11205, 97.8811934466882, 97.8811934466882, 'SEARCH'
11, 11206, 97.87146020171714, 97.87146020171714, 'SEARCH'
11, 11207, 97.87023297225643, 97.87023297225643, 'SEARCH'
11, 11208, 97.85962660859578, 97.85962660859578, 'SEARCH'
11, 11209, 97.84350986417907, 97.84350986417907, 'SEARCH'
11, 11210, 97.81629170340236, 97.81629170340236, 'SEARCH'
11, 11211, 97.79789271996862, 97.79789271996862, 'SEARCH'
11, 11212, 97.78022147752885, 97.78022147752885, 'SEARCH'
11, 11213, 97.76180643393259, 97.76180643393259, 'SEARCH'
11, 11214, 97.73672577667126, 97.73672577667126, 'SEARCH'
11, 11215, 97.73645697586318, 97.73645697586318, 'SEARCH'
11, 11216, 97.7116139748392, 97.7116139748392, 'SEARCH'
11, 11217, 97.69924955877471, 97.69924955877471, 'SEARCH'
11, 11218, 97.6827469956732, 97.6827469956732, 'SEARCH'
11, 11219, 97.66821766829658, 97.66821766829658, 'SEARCH'
11, 11220, 97.64503894822823, 97.64503894822823, 'SEARCH'
11, 11221, 97.61903239858445, 97.61903239858445, 'SEARCH'
11, 11222, 97.60532559222473, 97.60532559222473, 'SEARCH'
11, 11223, 97.6046406356212, 97.6046406356212, 'SEARCH'
11, 11224, 97.57958269417561, 97.57958269417561, 'SEARCH'
11, 11225, 97.58467366840604, 97.58467366840604, 'SEARCH'
11, 11226, 97.5632518510598, 97.5632518510598, 'SEARCH'
11, 11227, 97.53860616878637, 97.53860616878637, 'SEARCH'
11, 11228, 97.54604893106972, 97.54604893106972, 'SEARCH'
11, 11229, 97.52372555854095, 97.52372555854095, 'SEARCH'
11, 11230, 97.51133602826853, 97.51133602826853, 'SEARCH'
11, 11231, 97.49681975774493, 97.49681975774493, 'SEARCH'
11, 11232, 97.46906888045699, 97.46906888045699, 'SEARCH'
11, 11233, 97.46786564834836, 97.46786564834836, 'SEARCH'
11, 11234, 97.45503777438988, 97.45503777438988, 'SEARCH'
11, 11235, 97.44621290997483, 97.44621290997483, 'SEARCH'
11, 11236, 97.43336746320378, 97.43336746320378, 'SEARCH'
11, 11237, 97.4076921982349, 97.4076921982349, 'SEARCH'
11, 11238, 97.41279035156899, 97.41279035156899, 'SEARCH'
11, 11239, 97.41451254430879, 97.41451254430879, 'SEARCH'
11, 11240, 97.40300810398682, 97.40300810398682, 'SEARCH'
11, 11241, 97.38189078321692, 97.38189078321692, 'SEARCH'
11, 11242, 97.35477199772708, 97.35477199772708, 'SEARCH'
11, 11243, 97.3333392511264, 97.3333392511264, 'SEARCH'
11, 11244, 97.31017748001534, 97.31017748001534, 'SEARCH'
11, 11245, 97.2887459199872, 97.2887459199872, 'SEARCH'
11, 11246, 97.27464654563957, 97.27464654563957, 'SEARCH'
11, 11247, 97.26055610828713, 97.26055610828713, 'SEARCH'
11, 11248, 97.2373923610213, 97.2373923610213, 'SEARCH'
11, 11249, 97.21826599872122, 97.21826599872122, 'SEARCH'
11, 11250, 97.19225291617768, 97.19225291617768, 'SEARCH'
11, 11251, 97.17901080330189, 97.17901080330189, 'SEARCH'
11, 11252, 97.15237859999567, 97.15237859999567, 'SEARCH'
11, 11253, 97.12730879138505, 97.12730879138505, 'SEARCH'
11, 11254, 97.10289633354326, 97.10289633354326, 'SEARCH'
11, 11255, 97.10264578138998, 97.10264578138998, 'SEARCH'
11, 11256, 97.08282045287916, 97.08282045287916, 'SEARCH'
11, 11257, 97.07964949123266, 97.07964949123266, 'SEARCH'
11, 11258, 97.0823485582474, 97.0823485582474, 'SEARCH'
11, 11259, 97.06869329337214, 97.06869329337214, 'SEARCH'
11, 11260, 97.04094114761992, 97.04094114761992, 'SEARCH'
11, 11261, 97.03585863494912, 97.03585863494912, 'SEARCH'
11, 11262, 97.0090828441363, 97.0090828441363, 'SEARCH'
11, 11263, 97.00936063059562, 97.00936063059562, 'SEARCH'
11, 11264, 97.00285150732604, 97.00285150732604, 'SEARCH'
11, 11265, 96.97865750578354, 96.97865750578354, 'SEARCH'
11, 11266, 96.95814925654572, 96.95814925654572, 'SEARCH'
11, 11267, 96.95124273739754, 96.95124273739754, 'SEARCH'
11, 11268, 96.92422299760678, 96.92422299760678, 'SEARCH'
11, 11269, 96.89734123108252, 96.89734123108252, 'SEARCH'
11, 11270, 96.87389019195072, 96.87389019195072, 'SEARCH'
11, 11271, 96.86366246521735, 96.86366246521735, 'SEARCH'
11, 11272, 96.83678475129703, 96.83678475129703, 'SEARCH'
11, 11273, 96.84379768542864, 96.84379768542864, 'SEARCH'
11, 11274, 96.82924157437009, 96.82924157437009, 'SEARCH'
11, 11275, 96.82129556574448, 96.82129556574448, 'SEARCH'
11, 11276, 96.81380544892203, 96.81380544892203, 'SEARCH'
11, 11277, 96.80148237389609, 96.80148237389609, 'SEARCH'
11, 11278, 96.80421570365824, 96.80421570365824, 'SEARCH'
11, 11279, 96.77700780050995, 96.77700780050995, 'SEARCH'
11, 11280, 96.76779257390368, 96.76779257390368, 'SEARCH'
11, 11281, 96.76411567197006, 96.76411567197006, 'SEARCH'
11, 11282, 96.7392288133133, 96.7392288133133, 'SEARCH'
11, 11283, 96.73856964750371, 96.73856964750371, 'SEARCH'
11, 11284, 96.71178672913616, 96.71178672913616, 'SEARCH'
11, 11285, 96.68614728642106, 96.68614728642106, 'SEARCH'
11, 11286, 96.65849171472021, 96.65849171472021, 'SEARCH'
11, 11287, 96.63679160989254, 96.63679160989254, 'SEARCH'
11, 11288, 96.62031506738342, 96.62031506738342, 'SEARCH'
11, 11289, 96.61866957379948, 96.61866957379948, 'SEARCH'
11, 11290, 96.60172756356876, 96.60172756356876, 'SEARCH'
11, 11291, 96.59379085004657, 96.59379085004657, 'SEARCH'
11, 11292, 96.580483998967, 96.580483998967, 'SEARCH'
11, 11293, 96.55840417699801, 96.55840417699801, 'SEARCH'
11, 11294, 96.55485484941502, 96.55485484941502, 'SEARCH'
11, 11295, 96.55177704819093, 96.55177704819093, 'SEARCH'
11, 11296, 96.53030668581705, 96.53030668581705, 'SEARCH'
11, 11297, 96.5154365753109, 96.5154365753109, 'SEARCH'
11, 11298, 96.48790398202617, 96.48790398202617, 'SEARCH'
11, 11299, 96.48470213441857, 96.48470213441857, 'SEARCH'
11, 11300, 96.47445827971603, 96.47445827971603, 'SEARCH'
11, 11301, 96.46029270642165, 96.46029270642165, 'SEARCH'
11, 11302, 96.46044729025157, 96.46044729025157, 'SEARCH'
11, 11303, 96.45528884699687, 96.45528884699687, 'SEARCH'
11, 11304, 96.42791011944016, 96.42791011944016, 'SEARCH'
11, 11305, 96.40111384992674, 96.40111384992674, 'SEARCH'
11, 11306, 96.39953060951834, 96.39953060951834, 'SEARCH'
11, 11307, 96.40373792349858, 96.40373792349858, 'SEARCH'
11, 11308, 96.37842308800302, 96.37842308800302, 'SEARCH'
11, 11309, 96.35291024319784, 96.35291024319784, 'SEARCH'
11, 11310, 96.35131800412344, 96.35131800412344, 'SEARCH'
11, 11311, 96.3377211427918, 96.3377211427918, 'SEARCH'
11, 11312, 96.32525023669889, 96.32525023669889, 'SEARCH'
11, 11313, 96.29850840120889, 96.29850840120889, 'SEARCH'
11, 11314, 96.2728813569333, 96.2728813569333, 'SEARCH'
11, 11315, 96.24764297527943, 96.24764297527943, 'SEARCH'
11, 11316, 96.24682648821761, 96.24682648821761, 'SEARCH'
11, 11317, 96.23628854107065, 96.23628854107065, 'SEARCH'
11, 11318, 96.21758923508474, 96.21758923508474, 'SEARCH'
11, 11319, 96.21213403002142, 96.21213403002142, 'SEARCH'
11, 11320, 96.2043164279299, 96.2043164279299, 'SEARCH'
11, 11321, 96.18323658756503, 96.18323658756503, 'SEARCH'
11, 11322, 96.16552143842091, 96.16552143842091, 'SEARCH'
11, 11323, 96.15438176514819, 96.15438176514819, 'SEARCH'
11, 11324, 96.1356738114198, 96.1356738114198, 'SEARCH'
11, 11325, 96.13937166309239, 96.13937166309239, 'SEARCH'
11, 11326, 96.11207046058074, 96.11207046058074, 'SEARCH'
11, 11327, 96.09187841929483, 96.09187841929483, 'SEARCH'
11, 11328, 96.06555854854301, 96.06555854854301, 'SEARCH'
11, 11329, 96.05589510016026, 96.05589510016026, 'SEARCH'
11, 11330, 96.03128360206479, 96.03128360206479, 'SEARCH'
11, 11331, 96.03049985696761, 96.03049985696761, 'SEARCH'
11, 11332, 96.00605639869539, 96.00605639869539, 'SEARCH'
11, 11333, 96.01355035141059, 96.01355035141059, 'SEARCH'
11, 11334, 96.0098621756732, 96.0098621756732, 'SEARCH'
11, 11335, 95.98295089943205, 95.98295089943205, 'SEARCH'
11, 11336, 95.96934010217747, 95.96934010217747, 'SEARCH'
11, 11337, 95.94201487761742, 95.94201487761742, 'SEARCH'
11, 11338, 95.94121465445421, 95.94121465445421, 'SEARCH'
11, 11339, 95.92035513382676, 95.92035513382676, 'SEARCH'
11, 11340, 95.92645668852523, 95.92645668852523, 'SEARCH'
11, 11341, 95.90121373837029, 95.90121373837029, 'SEARCH'
11, 11342, 95.90395417801957, 95.90395417801957, 'SEARCH'
11, 11343, 95.87808439351073, 95.87808439351073, 'SEARCH'
11, 11344, 95.86123264196772, 95.86123264196772, 'SEARCH'
11, 11345, 95.86092396568179, 95.86092396568179, 'SEARCH'
11, 11346, 95.83835420608345, 95.83835420608345, 'SEARCH'
11, 11347, 95.82503655782764, 95.82503655782764, 'SEARCH'
11, 11348, 95.8089726539247, 95.8089726539247, 'SEARCH'
11, 11349, 95.80914056240955, 95.80914056240955, 'SEARCH'
11, 11350, 95.7915372277616, 95.7915372277616, 'SEARCH'
11, 11351, 95.76479064631647, 95.76479064631647, 'SEARCH'
11, 11352, 95.75697503418097, 95.75697503418097, 'SEARCH'
11, 11353, 95.75293592819892, 95.75293592819892, 'SEARCH'
11, 11354, 95.77979195647599, 95.77979195647599, 'APPROACH-BLIND'
11, 11355, 95.80664798475306, 95.80664798475306, 'APPROACH-BLIND'
11, 11356, 95.81419721343309, 95.81419721343309, 'APPROACH-BLIND'
11, 11357, 95.82174644211312, 95.82174644211312, 'APPROACH-BLIND'
11, 11358, 95.84825599713567, 95.84825599713567, 'APPROACH-BLIND'
11, 11359, 95.85466914761653, 95.85466914761653, 'APPROACH-BLIND'
11, 11360, 95.8610822980974, 95.8610822980974, 'APPROACH-BLIND'
11, 11361, 95.86749544857827, 95.86749544857827, 'APPROACH-BLIND'
11, 11362, 95.89337550532164, 95.89337550532164, 'APPROACH-BLIND'
11, 11363, 95.91925556206502, 95.91925556206502, 'APPROACH-BLIND'
11, 11364, 95.92309476113829, 95.92309476113829, 'APPROACH-BLIND'
11, 11365, 95.94873412297399, 95.94873412297399, 'APPROACH-BLIND'
11, 11366, 95.97437348480969, 95.97437348480969, 'APPROACH-BLIND'
11, 11367, 95.97561571187481, 95.97561571187481, 'APPROACH-BLIND'
11, 11368, 95.97685793893993, 95.97685793893993, 'APPROACH-BLIND'
11, 11369, 96.00197708137266, 96.00197708137266, 'APPROACH-BLIND'
11, 11370, 96.02709622380539, 96.02709622380539, 'APPROACH-BLIND'
11, 11371, 96.02570589841905, 96.02570589841905, 'APPROACH-BLIND'
11, 11372, 96.02431557303271, 96.02431557303271, 'APPROACH-BLIND'
11, 11373, 96.02386085849199, 96.02386085849199, 'APPROACH-BLIND'
11, 11374, 96.02340614395126, 96.02340614395126, 'APPROACH-BLIND'
11, 11375, 96.02295142941054, 96.02295142941054, 'APPROACH-BLIND'
11, 11376, 96.02249671486982, 96.02249671486982, 'APPROACH-BLIND'
11, 11377, 96.0220420003291, 96.0220420003291, 'APPROACH-BLIND'
11, 11378, 96.02158728578837, 96.02158728578837, 'APPROACH-BLIND'
11, 11379, 96.02113257124765, 96.02113257124765, 'APPROACH-BLIND'
11, 11380, 96.02067785670693, 96.02067785670693, 'APPROACH-BLIND'
11, 11381, 96.0202231421662, 96.0202231421662, 'APPROACH-BLIND'
11, 11382, 96.01976842762548, 96.01976842762548, 'APPROACH-BLIND'
11, 11383, 96.01931371308476, 96.01931371308476, 'APPROACH-BLIND'
11, 11384, 96.01885899854403, 96.01885899854403, 'APPROACH-BLIND'
11, 11385, 96.01840428400331, 96.01840428400331, 'APPROACH-BLIND'
11, 11386, 96.01794956946259, 96.01794956946259, 'APPROACH-BLIND'
11, 11387, 96.01749485492186, 96.01749485492186, 'APPROACH-BLIND'
11, 11388, 96.01704014038114, 96.01704014038114, 'APPROACH-BLIND'
11, 11389, 96.01658542584042, 96.01658542584042, 'APPROACH-BLIND'
11, 11390, 96.0161307112997, 96.0161307112997, 'APPROACH-BLIND'
11, 11391, 96.01567599675897, 96.01567599675897, 'APPROACH-BLIND'
11, 11392, 96.01522128221825, 96.01522128221825, 'APPROACH-BLIND'
11, 11393, 96.01476656767753, 96.01476656767753, 'APPROACH-BLIND'
11, 11394, 96.0143118531368, 96.0143118531368, 'APPROACH-BLIND'
11, 11395, 96.01385713859608, 96.01385713859608, 'APPROACH-BLIND'
11, 11396, 96.01340242405536, 96.01340242405536, 'APPROACH-BLIND'
11, 11397, 96.01294770951463, 96.01294770951463, 'APPROACH-BLIND'
11, 11398, 96.01249299497391, 96.01249299497391, 'APPROACH-BLIND'
11, 11399, 96.01203828043319, 96.01203828043319, 'APPROACH-BLIND'
11, 11400, 96.01158356589247, 96.01158356589247, 'APPROACH-BLIND'
11, 11401, 96.01112885135174, 96.01112885135174, 'APPROACH-BLIND'
11, 11402, 96.01067413681102, 96.01067413681102, 'APPROACH-BLIND'
11, 11403, 96.0102194222703, 96.0102194222703, 'APPROACH-BLIND'
11, 11404, 96.00976470772957, 96.00976470772957, 'APPROACH-BLIND'
11, 11405, 96.00930999318885, 96.00930999318885, 'APPROACH-BLIND'
11, 11406, 96.00885527864813, 96.00885527864813, 'APPROACH-BLIND'
11, 11407, 96.0084005641074, 96.0084005641074, 'APPROACH-BLIND'
11, 11408, 96.00794584956668, 96.00794584956668, 'APPROACH-BLIND'
11, 11409, 96.0328976963497, 96.0328976963497, 'APPROACH-BLIND'
11, 11410, 96.05784954313273, 96.05784954313273, 'APPROACH-BLIND'
11, 11411, 96.08280138991576, 96.08280138991576, 'APPROACH-BLIND'
11, 11412, 96.10775323669878, 96.10775323669878, 'APPROACH-BLIND'
11, 11413, 96.13270508348181, 96.13270508348181, 'APPROACH-BLIND'
11, 11414, 96.15765693026484, 96.15765693026484, 'APPROACH-BLIND'
11, 11415, 96.18260877704786, 96.18260877704786, 'APPROACH-BLIND'
11, 11416, 96.20756062383089, 96.20756062383089, 'APPROACH-BLIND'
11, 11417, 96.23251247061391, 96.23251247061391, 'APPROACH-BLIND'
11, 11418, 96.25746431739694, 96.25746431739694, 'APPROACH-BLIND'
11, 11419, 96.28241616417996, 96.28241616417996, 'APPROACH-BLIND'
11, 11420, 96.30736801096299, 96.30736801096299, 'APPROACH-BLIND'
11, 11421, 96.33231985774601, 96.33231985774601, 'APPROACH-BLIND'
11, 11422, 96.35727170452904, 96.35727170452904, 'APPROACH-BLIND'
11, 11423, 96.38222355131207, 96.38222355131207, 'APPROACH-BLIND'
11, 11424, 96.40717539809508, 96.40717539809508, 'APPROACH-BLIND'
11, 11425, 96.4321272448781, 96.4321272448781, 'APPROACH-BLIND'
11, 11426, 96.45707909166111, 96.45707909166111, 'APPROACH-BLIND'
11, 11427, 96.48203093844414, 96.48203093844414, 'APPROACH-BLIND'
11, 11428, 96.50698278522715, 96.50698278522715, 'APPROACH-BLIND'
11, 11429, 96.5344050362579, 96.5344050362579, 'APPROACH-BLIND'
11, 11430, 96.56182728728864, 96.56182728728864, 'APPROACH-BLIND'
11, 11431, 96.58924953831938, 96.58924953831938, 'APPROACH-BLIND'
11, 11432, 96.61667178935012, 96.61667178935012, 'APPROACH-BLIND'
11, 11433, 96.64409404038086, 96.64409404038086, 'APPROACH-BLIND'
11, 11434, 96.6715162914116, 96.6715162914116, 'APPROACH-BLIND'
11, 11435, 96.69893854244235, 96.69893854244235, 'APPROACH-BLIND'
11, 11436, 96.72636079347309, 96.72636079347309, 'APPROACH-BLIND'
11, 11437, 96.75378304450383, 96.75378304450383, 'APPROACH-BLIND'
11, 11438, 96.78120529553458, 96.78120529553458, 'APPROACH-BLIND'
11, 11439, 96.80862754656532, 96.80862754656532, 'APPROACH-BLIND'
11, 11440, 96.83604979759606, 96.83604979759606, 'APPROACH-BLIND'
11, 11441, 96.8634720486268, 96.8634720486268, 'APPROACH-BLIND'
11, 11442, 96.89089429965755, 96.89089429965755, 'APPROACH-BLIND'
11, 11443, 96.91831655068829, 96.91831655068829, 'APPROACH-BLIND'
11, 11444, 96.94573880171903, 96.94573880171903, 'APPROACH-BLIND'
11, 11445, 96.97316105274977, 96.97316105274977, 'APPROACH-BLIND'
11, 11446, 97.00058330378052, 97.00058330378052, 'APPROACH-BLIND'
11, 11447, 97.02800555481126, 97.02800555481126, 'APPROACH-BLIND'
11, 11448, 97.055427805842, 97.055427805842, 'APPROACH-BLIND'
11, 11449, 97.08285005687274, 97.08285005687274, 'APPROACH-BLIND'
11, 11450, 97.11027230790349, 97.11027230790349, 'APPROACH-BLIND'
11, 11451, 97.13769455893423, 97.13769455893423, 'APPROACH-BLIND'
11, 11452, 97.16511680996497, 97.16511680996497, 'APPROACH-BLIND'
11, 11453, 97.19253906099571, 97.19253906099571, 'APPROACH-BLIND'
11, 11454, 97.21996131202646, 97.21996131202646, 'APPROACH-BLIND'
11, 11455, 97.2473835630572, 97.2473835630572, 'APPROACH-BLIND'
11, 11456, 97.27480581408794, 97.27480581408794, 'APPROACH-BLIND'
11, 11457, 97.30222806511868, 97.30222806511868, 'APPROACH-BLIND'
11, 11458, 97.32965031614943, 97.32965031614943, 'APPROACH-BLIND'
11, 11459, 97.35707256718017, 97.35707256718017, 'APPROACH-BLIND'
11, 11460, 97.38449481821091, 97.38449481821091, 'APPROACH-BLIND'
11, 11461, 97.41191706924165, 97.41191706924165, 'APPROACH-BLIND'
11, 11462, 97.4393393202724, 97.4393393202724, 'APPROACH-BLIND'
11, 11463, 97.46676157130314, 97.46676157130314, 'APPROACH-BLIND'
11, 11464, 97.49418382233388, 97.49418382233388, 'APPROACH-BLIND'
11, 11465, 97.52160607336462, 97.52160607336462, 'APPROACH-BLIND'
11, 11466, 97.49869106181319, 97.49869106181319, 'SEARCH'
11, 11467, 97.49263280505966, 97.49263280505966, 'SEARCH'
11, 11468, 97.46796718802352, 97.46796718802352, 'SEARCH'
11, 11469, 97.44075981178366, 97.44075981178366, 'SEARCH'
11, 11470, 97.425781358053, 97.425781358053, 'SEARCH'
11, 11471, 97.42754989449075, 97.42754989449075, 'SEARCH'
11, 11472, 97.4187954270638, 97.4187954270638, 'SEARCH'
11, 11473, 97.39188900243553, 97.39188900243553, 'SEARCH'
11, 11474, 97.37281027690442, 97.37281027690442, 'SEARCH'
11, 11475, 97.35480975800078, 97.35480975800078, 'SEARCH'
11, 11476, 97.35751767966373, 97.35751767966373, 'SEARCH'
11, 11477, 97.33641842420147, 97.33641842420147, 'SEARCH'
11, 11478, 97.34340293891067, 97.34340293891067, 'SEARCH'
11, 11479, 97.31575110517277, 97.31575110517277, 'SEARCH'
11, 11480, 97.29182870674362, 97.29182870674362, 'SEARCH'
11, 11481, 97.26506644733784, 97.26506644733784, 'SEARCH'
11, 11482, 97.25812959384615, 97.25812959384615, 'SEARCH'
11, 11483, 97.25353558545852, 97.25353558545852, 'SEARCH'
11, 11484, 97.22642052208059, 97.22642052208059, 'SEARCH'
11, 11485, 97.22233383455949, 97.22233383455949, 'SEARCH'
11, 11486, 97.21397166741005, 97.21397166741005, 'SEARCH'
11, 11487, 97.19947472314547, 97.19947472314547, 'SEARCH'
11, 11488, 97.1866592168846, 97.1866592168846, 'SEARCH'
11, 11489, 97.166176476902, 97.166176476902, 'SEARCH'
11, 11490, 97.13842567817342, 97.13842567817342, 'SEARCH'
11, 11491, 97.11065778271039, 97.11065778271039, 'SEARCH'
11, 11492, 97.0841610304371, 97.0841610304371, 'SEARCH'
11, 11493, 97.06921903656776, 97.06921903656776, 'SEARCH'
11, 11494, 97.05906605095433, 97.05906605095433, 'SEARCH'
11, 11495, 97.0457932108949, 97.0457932108949, 'SEARCH'
11, 11496, 97.0195984870323, 97.0195984870323, 'SEARCH'
11, 11497, 97.01504918562479, 97.01504918562479, 'SEARCH'
11, 11498, 97.0009283194402, 97.0009283194402, 'SEARCH'
11, 11499, 97.00458958060061, 97.00458958060061, 'SEARCH'
11, 11500, 96.97746471617702, 96.97746471617702, 'SEARCH'
11, 11501, 96.96960379964061, 96.96960379964061, 'SEARCH'
11, 11502, 96.95679561525492, 96.95679561525492, 'SEARCH'
11, 11503, 96.93262517313173, 96.93262517313173, 'SEARCH'
11, 11504, 96.92662179960371, 96.92662179960371, 'SEARCH'
11, 11505, 96.9164415771491, 96.9164415771491, 'SEARCH'
11, 11506, 96.88995235213353, 96.88995235213353, 'SEARCH'
11, 11507, 96.88776452993224, 96.88776452993224, 'SEARCH'
11, 11508, 96.86054068925768, 96.86054068925768, 'SEARCH'
11, 11509, 96.83791331854805, 96.83791331854805, 'SEARCH'
11, 11510, 96.8124513555768, 96.8124513555768, 'SEARCH'
11, 11511, 96.78878132080534, 96.78878132080534, 'SEARCH'
11, 11512, 96.7610289499098, 96.7610289499098, 'SEARCH'
11, 11513, 96.73330139650278, 96.73330139650278, 'SEARCH'
11, 11514, 96.72002178654363, 96.72002178654363, 'SEARCH'
11, 11515, 96.70853754532628, 96.70853754532628, 'SEARCH'
11, 11516, 96.68388449980705, 96.68388449980705, 'SEARCH'
11, 11517, 96.65805292131107, 96.65805292131107, 'SEARCH'
11, 11518, 96.64440444933798, 96.64440444933798, 'SEARCH'
11, 11519, 96.6346516298909, 96.6346516298909, 'SEARCH'
11, 11520, 96.63831370550928, 96.63831370550928, 'SEARCH'
11, 11521, 96.62176965364965, 96.62176965364965, 'SEARCH'
11, 11522, 96.59628157304601, 96.59628157304601, 'SEARCH'
11, 11523, 96.57314095443238, 96.57314095443238, 'SEARCH'
11, 11524, 96.54922580085547, 96.54922580085547, 'SEARCH'
11, 11525, 96.52581646326162, 96.52581646326162, 'SEARCH'
11, 11526, 96.5178984064814, 96.5178984064814, 'SEARCH'
11, 11527, 96.49419295631336, 96.49419295631336, 'SEARCH'
11, 11528, 96.48005406591002, 96.48005406591002, 'SEARCH'
11, 11529, 96.45769094260427, 96.45769094260427, 'SEARCH'
11, 11530, 96.42999381644637, 96.42999381644637, 'SEARCH'
11, 11531, 96.43887141153893, 96.43887141153893, 'SEARCH'
11, 11532, 96.41337490820887, 96.41337490820887, 'SEARCH'
11, 11533, 96.3949219440216, 96.3949219440216, 'SEARCH'
11, 11534, 96.38756755566251, 96.38756755566251, 'SEARCH'
11, 11535, 96.37789784599066, 96.37789784599066, 'SEARCH'
11, 11536, 96.36292790841007, 96.36292790841007, 'SEARCH'
11, 11537, 96.33645475681651, 96.33645475681651, 'SEARCH'
11, 11538, 96.33240992444772, 96.33240992444772, 'SEARCH'
11, 11539, 96.3126338047395, 96.3126338047395, 'SEARCH'
11, 11540, 96.31774121181766, 96.31774121181766, 'SEARCH'
11, 11541, 96.31511440990855, 96.31511440990855, 'SEARCH'
11, 11542, 96.29119336974084, 96.29119336974084, 'SEARCH'
11, 11543, 96.26516691165952, 96.26516691165952, 'SEARCH'
11, 11544, 96.23743927442942, 96.23743927442942, 'SEARCH'
11, 11545, 96.24300676005396, 96.24300676005396, 'SEARCH'
11, 11546, 96.23509852043343, 96.23509852043343, 'SEARCH'
11, 11547, 96.21427430184852, 96.21427430184852, 'SEARCH'
11, 11548, 96.19376858509428, 96.19376858509428, 'SEARCH'
11, 11549, 96.17728311581229, 96.17728311581229, 'SEARCH'
11, 11550, 96.1541413961638, 96.1541413961638, 'SEARCH'
11, 11551, 96.14309746857225, 96.14309746857225, 'SEARCH'
11, 11552, 96.12620866798079, 96.12620866798079, 'SEARCH'
11, 11553, 96.10114539368395, 96.10114539368395, 'SEARCH'
11, 11554, 96.07824329896738, 96.07824329896738, 'SEARCH'
11, 11555, 96.08569016828777, 96.08569016828777, 'SEARCH'
11, 11556, 96.05804163213438, 96.05804163213438, 'SEARCH'
11, 11557, 96.03103487126722, 96.03103487126722, 'SEARCH'
11, 11558, 96.02551107801979, 96.02551107801979, 'SEARCH'
11, 11559, 96.01312104629923, 96.01312104629923, 'SEARCH'
11, 11560, 96.00949872554641, 96.00949872554641, 'SEARCH'
11, 11561, 95.98607491534301, 95.98607491534301, 'SEARCH'
11, 11562, 95.958854177397, 95.958854177397, 'SEARCH'
11, 11563, 95.9313804892856, 95.9313804892856, 'SEARCH'
11, 11564, 95.91769306845526, 95.91769306845526, 'SEARCH'
11, 11565, 95.89037676453816, 95.89037676453816, 'SEARCH'
11, 11566, 95.8692388661362, 95.8692388661362, 'SEARCH'
11, 11567, 95.85269031121655, 95.85269031121655, 'SEARCH'
11, 11568, 95.83191340242338, 95.83191340242338, 'SEARCH'
11, 11569, 95.82928683474903, 95.82928683474903, 'SEARCH'
11, 11570, 95.81357473408609, 95.81357473408609, 'SEARCH'
11, 11571, 95.78829032493479, 95.78829032493479, 'SEARCH'
11, 11572, 95.7698658130365, 95.7698658130365, 'SEARCH'
11, 11573, 95.74727096951636, 95.74727096951636, 'SEARCH'
11, 11574, 95.74608839725961, 95.74608839725961, 'SEARCH'
11, 11575, 95.74437369641602, 95.74437369641602, 'SEARCH'
11, 11576, 95.7705998312356, 95.7705998312356, 'APPROACH-BLIND'
11, 11577, 95.79682596605518, 95.79682596605518, 'APPROACH-BLIND'
11, 11578, 95.82305210087476, 95.82305210087476, 'APPROACH-BLIND'
11, 11579, 95.84927823569434, 95.84927823569434, 'APPROACH-BLIND'
11, 11580, 95.87550437051392, 95.87550437051392, 'APPROACH-BLIND'
11, 11581, 95.9017305053335, 95.9017305053335, 'APPROACH-BLIND'
11, 11582, 95.92795664015308, 95.92795664015308, 'APPROACH-BLIND'
11, 11583, 95.95418277497267, 95.95418277497267, 'APPROACH-BLIND'
11, 11584, 95.98040890979225, 95.98040890979225, 'APPROACH-BLIND'
11, 11585, 96.00663504461183, 96.00663504461183, 'APPROACH-BLIND'
11, 11586, 96.0328611794314, 96.0328611794314, 'APPROACH-BLIND'
11, 11587, 96.05908731425099, 96.05908731425099, 'APPROACH-BLIND'
11, 11588, 96.08531344907057, 96.08531344907057, 'APPROACH-BLIND'
11, 11589, 96.11153958389015, 96.11153958389015, 'APPROACH-BLIND'
11, 11590, 96.13776571870973, 96.13776571870973, 'APPROACH-BLIND'
11, 11591, 96.16399185352931, 96.16399185352931, 'APPROACH-BLIND'
11, 11592, 96.19021798834889, 96.19021798834889, 'APPROACH-BLIND'
11, 11593, 96.21644412316847, 96.21644412316847, 'APPROACH-BLIND'
11, 11594, 96.24267025798805, 96.24267025798805, 'APPROACH-BLIND'
11, 11595, 96.26889639280763, 96.26889639280763, 'APPROACH-BLIND'
11, 11596, 96.29512252762721, 96.29512252762721, 'APPROACH-BLIND'
11, 11597, 96.3213486624468, 96.3213486624468, 'APPROACH-BLIND'
11, 11598, 96.34757479726638, 96.34757479726638, 'APPROACH-BLIND'
11, 11599, 96.37380093208596, 96.37380093208596, 'APPROACH-BLIND'
11, 11600, 96.40002706690554, 96.40002706690554, 'APPROACH-BLIND'
11, 11601, 96.42625320172512, 96.42625320172512, 'APPROACH-BLIND'
11, 11602, 96.4524793365447, 96.4524793365447, 'APPROACH-BLIND'
11, 11603, 96.47870547136428, 96.47870547136428, 'APPROACH-BLIND'
11, 11604, 96.50493160618386, 96.50493160618386, 'APPROACH-BLIND'
11, 11605, 96.53252568804187, 96.53252568804187, 'APPROACH-BLIND'
11, 11606, 96.56011976989988, 96.56011976989988, 'APPROACH-BLIND'
11, 11607, 96.5877138517579, 96.5877138517579, 'APPROACH-BLIND'
11, 11608, 96.61530793361591, 96.61530793361591, 'APPROACH-BLIND'
11, 11609, 96.64290201547392, 96.64290201547392, 'APPROACH-BLIND'
11, 11610, 96.67049609733193, 96.67049609733193, 'APPROACH-BLIND'
11, 11611, 96.69809017918995, 96.69809017918995, 'APPROACH-BLIND'
11, 11612, 96.72568426104796, 96.72568426104796, 'APPROACH-BLIND'
11, 11613, 96.75327834290597, 96.75327834290597, 'APPROACH-BLIND'
11, 11614, 96.78087242476398, 96.78087242476398, 'APPROACH-BLIND'
11, 11615, 96.808466506622, 96.808466506622, 'APPROACH-BLIND'
11, 11616, 96.83606058848001, 96.83606058848001, 'APPROACH-BLIND'
11, 11617, 96.86365467033802, 96.86365467033802, 'APPROACH-BLIND'
11, 11618, 96.89124875219603, 96.89124875219603, 'APPROACH-BLIND'
11, 11619, 96.91884283405405, 96.91884283405405, 'APPROACH-BLIND'
11, 11620, 96.94643691591206, 96.94643691591206, 'APPROACH-BLIND'
11, 11621, 96.97403099777007, 96.97403099777007, 'APPROACH-BLIND'
11, 11622, 97.00162507962808, 97.00162507962808, 'APPROACH-BLIND'
11, 11623, 97.0292191614861, 97.0292191614861, 'APPROACH-BLIND'
11, 11624, 97.05681324334411, 97.05681324334411, 'APPROACH-BLIND'
11, 11625, 97.08440732520212, 97.08440732520212, 'APPROACH-BLIND'
11, 11626, 97.11200140706013, 97.11200140706013, 'APPROACH-BLIND'
11, 11627, 97.13959548891815, 97.13959548891815, 'APPROACH-BLIND'
11, 11628, 97.16718957077616, 97.16718957077616, 'APPROACH-BLIND'
11, 11629, 97.19478365263417, 97.19478365263417, 'APPROACH-BLIND'
11, 11630, 97.22237773449218, 97.22237773449218, 'APPROACH-BLIND'
11, 11631, 97.2499718163502, 97.2499718163502, 'APPROACH-BLIND'
11, 11632, 97.27756589820821, 97.27756589820821, 'APPROACH-BLIND'
11, 11633, 97.30515998006622, 97.30515998006622, 'APPROACH-BLIND'
11, 11634, 97.33275406192423, 97.33275406192423, 'APPROACH-BLIND'
11, 11635, 97.36034814378225, 97.36034814378225, 'APPROACH-BLIND'
11, 11636, 97.38794222564026, 97.38794222564026, 'APPROACH-BLIND'
11, 11637, 97.41553630749827, 97.41553630749827, 'APPROACH-BLIND'
11, 11638, 97.44313038935628, 97.44313038935628, 'APPROACH-BLIND'
11, 11639, 97.4707244712143, 97.4707244712143, 'APPROACH-BLIND'
11, 11640, 97.49831855307231, 97.49831855307231, 'APPROACH-BLIND'
11, 11641, 97.52591263493032, 97.52591263493032, 'APPROACH-BLIND'
11, 11642, 97.49940616805564, 97.49940616805564, 'SEARCH'
11, 11643, 97.47452347167027, 97.47452347167027, 'SEARCH'
11, 11644, 97.4467463014211, 97.4467463014211, 'SEARCH'
11, 11645, 97.44306046709369, 97.44306046709369, 'SEARCH'
11, 11646, 97.41823285386154, 97.41823285386154, 'SEARCH'
11, 11647, 97.42711132977641, 97.42711132977641, 'SEARCH'
11, 11648, 97.40267216530016, 97.40267216530016, 'SEARCH'
11, 11649, 97.38978879512536, 97.38978879512536, 'SEARCH'
11, 11650, 97.37492632916786, 97.37492632916786, 'SEARCH'
11, 11651, 97.35440145888938, 97.35440145888938, 'SEARCH'
11, 11652, 97.32765402142816, 97.32765402142816, 'SEARCH'
11, 11653, 97.30680082249454, 97.30680082249454, 'SEARCH'
11, 11654, 97.28659523888388, 97.28659523888388, 'SEARCH'
11, 11655, 97.27455527654622, 97.27455527654622, 'SEARCH'
11, 11656, 97.24763741608064, 97.24763741608064, 'SEARCH'
11, 11657, 97.24315570430916, 97.24315570430916, 'SEARCH'
11, 11658, 97.2506702496264, 97.2506702496264, 'SEARCH'
11, 11659, 97.24985857152873, 97.24985857152873, 'SEARCH'
11, 11660, 97.2248276552695, 97.2248276552695, 'SEARCH'
11, 11661, 97.22063085667158, 97.22063085667158, 'SEARCH'
11, 11662, 97.21237546668065, 97.21237546668065, 'SEARCH'
11, 11663, 97.18706025644326, 97.18706025644326, 'SEARCH'
11, 11664, 97.16039840843733, 97.16039840843733, 'SEARCH'
11, 11665, 97.14809692096033, 97.14809692096033, 'SEARCH'
11, 11666, 97.12611761923253, 97.12611761923253, 'SEARCH'
11, 11667, 97.10557639463241, 97.10557639463241, 'SEARCH'
11, 11668, 97.07854316422485, 97.07854316422485, 'SEARCH'
11, 11669, 97.05140167506826, 97.05140167506826, 'SEARCH'
11, 11670, 97.02588521625843, 97.02588521625843, 'SEARCH'
11, 11671, 97.02866001241944, 97.02866001241944, 'SEARCH'
11, 11672, 97.01549599490313, 97.01549599490313, 'SEARCH'
11, 11673, 96.98903251642352, 96.98903251642352, 'SEARCH'
11, 11674, 96.97166733287894, 96.97166733287894, 'SEARCH'
11, 11675, 96.95125685779739, 96.95125685779739, 'SEARCH'
11, 11676, 96.93426983881389, 96.93426983881389, 'SEARCH'
11, 11677, 96.91064110335348, 96.91064110335348, 'SEARCH'
11, 11678, 96.88651525430896, 96.88651525430896, 'SEARCH'
11, 11679, 96.86053151730242, 96.86053151730242, 'SEARCH'
11, 11680, 96.83275411749753, 96.83275411749753, 'SEARCH'
11, 11681, 96.81693874641729, 96.81693874641729, 'SEARCH'
11, 11682, 96.78935206106364, 96.78935206106364, 'SEARCH'
11, 11683, 96.76179784025135, 96.76179784025135, 'SEARCH'
11, 11684, 96.73617787204272, 96.73617787204272, 'SEARCH'
11, 11685, 96.70862351977729, 96.70862351977729, 'SEARCH'
11, 11686, 96.7070413019854, 96.7070413019854, 'SEARCH'
11, 11687, 96.71362677489502, 96.71362677489502, 'SEARCH'
11, 11688, 96.6897402326175, 96.6897402326175, 'SEARCH'
11, 11689, 96.68861850535004, 96.68861850535004, 'SEARCH'
11, 11690, 96.66424518092754, 96.66424518092754, 'SEARCH'
11, 11691, 96.63773005218111, 96.63773005218111, 'SEARCH'
11, 11692, 96.61003161909416, 96.61003161909416, 'SEARCH'
11, 11693, 96.58440067503653, 96.58440067503653, 'SEARCH'
11, 11694, 96.56859953357818, 96.56859953357818, 'SEARCH'
11, 11695, 96.54976573041002, 96.54976573041002, 'SEARCH'
11, 11696, 96.53355353470039, 96.53355353470039, 'SEARCH'
11, 11697, 96.5148681309411, 96.5148681309411, 'SEARCH'
11, 11698, 96.49617813522707, 96.49617813522707, 'SEARCH'
11, 11699, 96.48866119072252, 96.48866119072252, 'SEARCH'
11, 11700, 96.47128510466482, 96.47128510466482, 'SEARCH'
11, 11701, 96.44596026163234, 96.44596026163234, 'SEARCH'
11, 11702, 96.44125478557731, 96.44125478557731, 'SEARCH'
11, 11703, 96.42897944922976, 96.42897944922976, 'SEARCH'
11, 11704, 96.41103416937322, 96.41103416937322, 'SEARCH'
11, 11705, 96.39290428834944, 96.39290428834944, 'SEARCH'
11, 11706, 96.37953834884306, 96.37953834884306, 'SEARCH'
11, 11707, 96.37894806369945, 96.37894806369945, 'SEARCH'
11, 11708, 96.3519676670491, 96.3519676670491, 'SEARCH'
11, 11709, 96.32423427970079, 96.32423427970079, 'SEARCH'
11, 11710, 96.30012138980887, 96.30012138980887, 'SEARCH'
11, 11711, 96.27326006615986, 96.27326006615986, 'SEARCH'
11, 11712, 96.24703423246095, 96.24703423246095, 'SEARCH'
11, 11713, 96.22731293668535, 96.22731293668535, 'SEARCH'
11, 11714, 96.19956728457763, 96.19956728457763, 'SEARCH'
11, 11715, 96.19581718324325, 96.19581718324325, 'SEARCH'
11, 11716, 96.18687446373758, 96.18687446373758, 'SEARCH'
11, 11717, 96.18435752685915, 96.18435752685915, 'SEARCH'
11, 11718, 96.17821248927694, 96.17821248927694, 'SEARCH'
11, 11719, 96.1591980445356, 96.1591980445356, 'SEARCH'
11, 11720, 96.15543317806743, 96.15543317806743, 'SEARCH'
11, 11721, 96.13064151260596, 96.13064151260596, 'SEARCH'
11, 11722, 96.10503514541412, 96.10503514541412, 'SEARCH'
11, 11723, 96.08498644158051, 96.08498644158051, 'SEARCH'
11, 11724, 96.06897004344222, 96.06897004344222, 'SEARCH'
11, 11725, 96.0453552873512, 96.0453552873512, 'SEARCH'
11, 11726, 96.02446561155705, 96.02446561155705, 'SEARCH'
11, 11727, 95.99678457626386, 95.99678457626386, 'SEARCH'
11, 11728, 95.98692706830036, 95.98692706830036, 'SEARCH'
11, 11729, 95.98441267773993, 95.98441267773993, 'SEARCH'
11, 11730, 95.98430892638976, 95.98430892638976, 'SEARCH'
11, 11731, 95.95824554523767, 95.95824554523767, 'SEARCH'
11, 11732, 95.95283873541392, 95.95283873541392, 'SEARCH'
11, 11733, 95.9251772155341, 95.9251772155341, 'SEARCH'
11, 11734, 95.91928909683762, 95.91928909683762, 'SEARCH'
11, 11735, 95.90097113004767, 95.90097113004767, 'SEARCH'
11, 11736, 95.87491376883288, 95.87491376883288, 'SEARCH'
11, 11737, 95.86878794295205, 95.86878794295205, 'SEARCH'
11, 11738, 95.8501152478146, 95.8501152478146, 'SEARCH'
11, 11739, 95.83488434335216, 95.83488434335216, 'SEARCH'
11, 11740, 95.82282374217596, 95.82282374217596, 'SEARCH'
11, 11741, 95.79509053112197, 95.79509053112197, 'SEARCH'
11, 11742, 95.78754624090317, 95.78754624090317, 'SEARCH'
11, 11743, 95.77546497157893, 95.77546497157893, 'SEARCH'
11, 11744, 95.77169446257571, 95.77169446257571, 'SEARCH'
11, 11745, 95.7698425071983, 95.7698425071983, 'SEARCH'
11, 11746, 95.74303089723598, 95.74303089723598, 'SEARCH'
11, 11747, 95.73135590670695, 95.73135590670695, 'SEARCH'
11, 11748, 95.71658430585309, 95.71658430585309, 'SEARCH'
11, 11749, 95.7156833705505, 95.7156833705505, 'SEARCH'
11, 11750, 95.69159804133301, 95.69159804133301, 'SEARCH'
11, 11751, 95.66383510231681, 95.66383510231681, 'SEARCH'
11, 11752, 95.6367558323159, 95.6367558323159, 'SEARCH'
11, 11753, 95.64056196185103, 95.64056196185103, 'SEARCH'
11, 11754, 95.61298269827094, 95.61298269827094, 'SEARCH'
11, 11755, 95.59779512855393, 95.59779512855393, 'SEARCH'
11, 11756, 95.57037158247263, 95.57037158247263, 'SEARCH'
11, 11757, 95.56264388718542, 95.56264388718542, 'SEARCH'
11, 11758, 95.56127330461035, 95.56127330461035, 'SEARCH'
11, 11759, 95.53360768395676, 95.53360768395676, 'SEARCH'
11, 11760, 95.51977953016443, 95.51977953016443, 'SEARCH'
11, 11761, 95.51113849104573, 95.51113849104573, 'SEARCH'
11, 11762, 95.48535748874683, 95.48535748874683, 'SEARCH'
11, 11763, 95.46342445481281, 95.46342445481281, 'SEARCH'
11, 11764, 95.43698280629854, 95.43698280629854, 'SEARCH'
11, 11765, 95.41661474621783, 95.41661474621783, 'SEARCH'
11, 11766, 95.39082869743135, 95.39082869743135, 'SEARCH'
11, 11767, 95.36582509430323, 95.36582509430323, 'SEARCH'
11, 11768, 95.34694486523348, 95.34694486523348, 'SEARCH'
11, 11769, 95.3222305256113, 95.3222305256113, 'SEARCH'
11, 11770, 95.30518583164648, 95.30518583164648, 'SEARCH'
11, 11771, 95.29041251356, 95.29041251356, 'SEARCH'
11, 11772, 95.2626765891457, 95.2626765891457, 'SEARCH'
11, 11773, 95.24562857260149, 95.24562857260149, 'SEARCH'
11, 11774, 95.23168885770545, 95.23168885770545, 'SEARCH'
11, 11775, 95.23692367446844, 95.23692367446844, 'SEARCH'
11, 11776, 95.20916023327963, 95.20916023327963, 'SEARCH'
11, 11777, 95.18395320588746, 95.18395320588746, 'SEARCH'
11, 11778, 95.15741210384019, 95.15741210384019, 'SEARCH'
11, 11779, 95.13681817749246, 95.13681817749246, 'SEARCH'
11, 11780, 95.12383447298124, 95.12383447298124, 'SEARCH'
11, 11781, 95.11347943872833, 95.11347943872833, 'SEARCH'
11, 11782, 95.08792722149224, 95.08792722149224, 'SEARCH'
11, 11783, 95.07236220355345, 95.07236220355345, 'SEARCH'
11, 11784, 95.06998694715044, 95.06998694715044, 'SEARCH'
11, 11785, 95.0666368793202, 95.0666368793202, 'SEARCH'
11, 11786, 95.03906920672001, 95.03906920672001, 'SEARCH'
11, 11787, 95.01237348721651, 95.01237348721651, 'SEARCH'
11, 11788, 94.99413684262942, 94.99413684262942, 'SEARCH'
11, 11789, 94.98326164586041, 94.98326164586041, 'SEARCH'
11, 11790, 94.9554886783818, 94.9554886783818, 'SEARCH'
11, 11791, 94.92939636640357, 94.92939636640357, 'SEARCH'
11, 11792, 94.90330219418496, 94.90330219418496, 'SEARCH'
11, 11793, 94.87854334497523, 94.87854334497523, 'SEARCH'
11, 11794, 94.88094241005412, 94.88094241005412, 'SEARCH'
11, 11795, 94.8623313147139, 94.8623313147139, 'SEARCH'
11, 11796, 94.86519625553596, 94.86519625553596, 'SEARCH'
11, 11797, 94.86611637394658, 94.86611637394658, 'SEARCH'
11, 11798, 94.84651681722065, 94.84651681722065, 'SEARCH'
11, 11799, 94.83834661212508, 94.83834661212508, 'SEARCH'
11, 11800, 94.8252525025272, 94.8252525025272, 'SEARCH'
11, 11801, 94.82001953379232, 94.82001953379232, 'SEARCH'
11, 11802, 94.82478599096785, 94.82478599096785, 'SEARCH'
11, 11803, 94.82050828120782, 94.82050828120782, 'SEARCH'
11, 11804, 94.7985834461472, 94.7985834461472, 'SEARCH'
11, 11805, 94.77095134723358, 94.77095134723358, 'SEARCH'
11, 11806, 94.7460120209686, 94.7460120209686, 'SEARCH'
11, 11807, 94.7241570424879, 94.7241570424879, 'SEARCH'
11, 11808, 94.71748310936928, 94.71748310936928, 'SEARCH'
11, 11809, 94.69997327041372, 94.69997327041372, 'SEARCH'
11, 11810, 94.67565709141734, 94.67565709141734, 'SEARCH'
11, 11811, 94.67135814755439, 94.67135814755439, 'SEARCH'
11, 11812, 94.64858302742503, 94.64858302742503, 'SEARCH'
11, 11813, 94.62642326604941, 94.62642326604941, 'SEARCH'
11, 11814, 94.6273598087775, 94.6273598087775, 'SEARCH'
11, 11815, 94.60880508889417, 94.60880508889417, 'SEARCH'
11, 11816, 94.58948437450306, 94.58948437450306, 'SEARCH'
11, 11817, 94.59756720937025, 94.59756720937025, 'SEARCH'
11, 11818, 94.57689028620959, 94.57689028620959, 'SEARCH'
11, 11819, 94.54939073648477, 94.54939073648477, 'SEARCH'
11, 11820, 94.52419321545965, 94.52419321545965, 'SEARCH'
11, 11821, 94.51025633459096, 94.51025633459096, 'SEARCH'
11, 11822, 94.48505437067324, 94.48505437067324, 'SEARCH'
11, 11823, 94.4723847436315, 94.4723847436315, 'SEARCH'
11, 11824, 94.45212015286977, 94.45212015286977, 'SEARCH'
11, 11825, 94.4296088538846, 94.4296088538846, 'SEARCH'
11, 11826, 94.41736875918276, 94.41736875918276, 'SEARCH'
11, 11827, 94.4225916908349, 94.4225916908349, 'SEARCH'
11, 11828, 94.39517002375904, 94.39517002375904, 'SEARCH'
11, 11829, 94.3758123847839, 94.3758123847839, 'SEARCH'
11, 11830, 94.35955938575509, 94.35955938575509, 'SEARCH'
11, 11831, 94.33178452583256, 94.33178452583256, 'SEARCH'
11, 11832, 94.31997236157298, 94.31997236157298, 'SEARCH'
11, 11833, 94.29992901854969, 94.29992901854969, 'SEARCH'
11, 11834, 94.28854430256166, 94.28854430256166, 'SEARCH'
11, 11835, 94.27350229839244, 94.27350229839244, 'SEARCH'
11, 11836, 94.26811021642445, 94.26811021642445, 'SEARCH'
11, 11837, 94.24077259779442, 94.24077259779442, 'SEARCH'
11, 11838, 94.22912357237941, 94.22912357237941, 'SEARCH'
11, 11839, 94.20193437843407, 94.20193437843407, 'SEARCH'
11, 11840, 94.1792316032143, 94.1792316032143, 'SEARCH'
11, 11841, 94.16785865447734, 94.16785865447734, 'SEARCH'
11, 11842, 94.17259300907496, 94.17259300907496, 'SEARCH'
11, 11843, 94.15169538895778, 94.15169538895778, 'SEARCH'
11, 11844, 94.15498851139634, 94.15498851139634, 'SEARCH'
11, 11845, 94.14978983423532, 94.14978983423532, 'SEARCH'
11, 11846, 94.14315984703413, 94.14315984703413, 'SEARCH'
11, 11847, 94.1349598896092, 94.1349598896092, 'SEARCH'
11, 11848, 94.12739134478853, 94.12739134478853, 'SEARCH'
11, 11849, 94.10702085006567, 94.10702085006567, 'SEARCH'
11, 11850, 94.09222751191989, 94.09222751191989, 'SEARCH'
11, 11851, 94.06887983641211, 94.06887983641211, 'SEARCH'
11, 11852, 94.06511136310624, 94.06511136310624, 'SEARCH'
11, 11853, 94.03795897187386, 94.03795897187386, 'SEARCH'
11, 11854, 94.01979825655164, 94.01979825655164, 'SEARCH'
11, 11855, 94.00090827958707, 94.00090827958707, 'SEARCH'
11, 11856, 93.97328957010471, 93.97328957010471, 'SEARCH'
11, 11857, 93.97128989911687, 93.97128989911687, 'SEARCH'
11, 11858, 93.9538651495747, 93.9538651495747, 'SEARCH'
11, 11859, 93.94206865750681, 93.94206865750681, 'SEARCH'
11, 11860, 93.92982730190542, 93.92982730190542, 'SEARCH'
11, 11861, 93.90301689980726, 93.90301689980726, 'SEARCH'
11, 11862, 93.90018844965121, 93.90018844965121, 'SEARCH'
11, 11863, 93.87251079602048, 93.87251079602048, 'SEARCH'
11, 11864, 93.86822837721323, 93.86822837721323, 'SEARCH'
11, 11865, 93.85194397443452, 93.85194397443452, 'SEARCH'
11, 11866, 93.83261672742208, 93.83261672742208, 'SEARCH'
11, 11867, 93.80485764327318, 93.80485764327318, 'SEARCH'
11, 11868, 93.78329993248265, 93.78329993248265, 'SEARCH'
11, 11869, 93.77293027935188, 93.77293027935188, 'SEARCH'
11, 11870, 93.74515625111762, 93.74515625111762, 'SEARCH'
11, 11871, 93.74078463669977, 93.74078463669977, 'SEARCH'
11, 11872, 93.71483875142407, 93.71483875142407, 'SEARCH'
11, 11873, 93.7017639239408, 93.7017639239408, 'SEARCH'
11, 11874, 93.68508423505456, 93.68508423505456, 'SEARCH'
11, 11875, 93.66129319262659, 93.66129319262659, 'SEARCH'
11, 11876, 93.64272852646741, 93.64272852646741, 'SEARCH'
11, 11877, 93.62026806125792, 93.62026806125792, 'SEARCH'
11, 11878, 93.61882721699811, 93.61882721699811, 'SEARCH'
11, 11879, 93.61070355401662, 93.61070355401662, 'SEARCH'
11, 11880, 93.60972233031414, 93.60972233031414, 'SEARCH'
11, 11881, 93.58209440478032, 93.58209440478032, 'SEARCH'
11, 11882, 93.55852622293986, 93.55852622293986, 'SEARCH'
11, 11883, 93.56715352556043, 93.56715352556043, 'APPROACH-BLIND'
11, 11884, 93.575780828181, 93.575780828181, 'APPROACH-BLIND'
11, 11885, 93.58440813080156, 93.58440813080156, 'APPROACH-BLIND'
11, 11886, 93.59303543342213, 93.59303543342213, 'APPROACH-BLIND'
11, 11887, 93.6016627360427, 93.6016627360427, 'APPROACH-BLIND'
11, 11888, 93.61029003866327, 93.61029003866327, 'APPROACH-BLIND'
11, 11889, 93.61891734128383, 93.61891734128383, 'APPROACH-BLIND'
11, 11890, 93.6275446439044, 93.6275446439044, 'APPROACH-BLIND'
11, 11891, 93.63617194652497, 93.63617194652497, 'APPROACH-BLIND'
11, 11892, 93.64479924914554, 93.64479924914554, 'APPROACH-BLIND'
11, 11893, 93.6534265517661, 93.6534265517661, 'APPROACH-BLIND'
11, 11894, 93.66205385438667, 93.66205385438667, 'APPROACH-BLIND'
11, 11895, 93.67068115700724, 93.67068115700724, 'APPROACH-BLIND'
11, 11896, 93.6793084596278, 93.6793084596278, 'APPROACH-BLIND'
11, 11897, 93.68793576224837, 93.68793576224837, 'APPROACH-BLIND'
11, 11898, 93.69656306486894, 93.69656306486894, 'APPROACH-BLIND'
11, 11899, 93.70519036748951, 93.70519036748951, 'APPROACH-BLIND'
11, 11900, 93.71381767011007, 93.71381767011007, 'APPROACH-BLIND'
11, 11901, 93.72244497273064, 93.72244497273064, 'APPROACH-BLIND'
11, 11902, 93.73107227535121, 93.73107227535121, 'APPROACH-BLIND'
11, 11903, 93.73969957797178, 93.73969957797178, 'APPROACH-BLIND'
11, 11904, 93.74832688059234, 93.74832688059234, 'APPROACH-BLIND'
11, 11905, 93.75695418321291, 93.75695418321291, 'APPROACH-BLIND'
11, 11906, 93.76558148583348, 93.76558148583348, 'APPROACH-BLIND'
11, 11907, 93.77420878845405, 93.77420878845405, 'APPROACH-BLIND'
11, 11908, 93.78283609107461, 93.78283609107461, 'APPROACH-BLIND'
11, 11909, 93.79146339369518, 93.79146339369518, 'APPROACH-BLIND'
11, 11910, 93.80009069631575, 93.80009069631575, 'APPROACH-BLIND'
11, 11911, 93.80871799893632, 93.80871799893632, 'APPROACH-BLIND'
11, 11912, 93.81734530155687, 93.81734530155687, 'APPROACH-BLIND'
11, 11913, 93.82597260417744, 93.82597260417744, 'APPROACH-BLIND'
11, 11914, 93.83459990679799, 93.83459990679799, 'APPROACH-BLIND'
11, 11915, 93.84322720941856, 93.84322720941856, 'APPROACH-BLIND'
11, 11916, 93.868885383459, 93.868885383459, 'APPROACH-BLIND'
11, 11917, 93.89454355749945, 93.89454355749945, 'APPROACH-BLIND'
11, 11918, 93.92020173153989, 93.92020173153989, 'APPROACH-BLIND'
11, 11919, 93.94585990558033, 93.94585990558033, 'APPROACH-BLIND'
11, 11920, 93.97151807962078, 93.97151807962078, 'APPROACH-BLIND'
11, 11921, 93.99717625366122, 93.99717625366122, 'APPROACH-BLIND'
11, 11922, 94.02283442770167, 94.02283442770167, 'APPROACH-BLIND'
11, 11923, 94.04849260174211, 94.04849260174211, 'APPROACH-BLIND'
11, 11924, 94.07415077578256, 94.07415077578256, 'APPROACH-BLIND'
11, 11925, 94.099808949823, 94.099808949823, 'APPROACH-BLIND'
11, 11926, 94.12546712386344, 94.12546712386344, 'APPROACH-BLIND'
11, 11927, 94.15112529790389, 94.15112529790389, 'APPROACH-BLIND'
11, 11928, 94.17678347194433, 94.17678347194433, 'APPROACH-BLIND'
11, 11929, 94.20244164598478, 94.20244164598478, 'APPROACH-BLIND'
11, 11930, 94.22809982002522, 94.22809982002522, 'APPROACH-BLIND'
11, 11931, 94.25375799406567, 94.25375799406567, 'APPROACH-BLIND'
11, 11932, 94.27941616810611, 94.27941616810611, 'APPROACH-BLIND'
11, 11933, 94.30507434214655, 94.30507434214655, 'APPROACH-BLIND'
11, 11934, 94.330732516187, 94.330732516187, 'APPROACH-BLIND'
11, 11935, 94.35639069022744, 94.35639069022744, 'APPROACH-BLIND'
11, 11936, 94.38204886426789, 94.38204886426789, 'APPROACH-BLIND'
11, 11937, 94.40770703830833, 94.40770703830833, 'APPROACH-BLIND'
11, 11938, 94.43336521234878, 94.43336521234878, 'APPROACH-BLIND'
11, 11939, 94.45902338638922, 94.45902338638922, 'APPROACH-BLIND'
11, 11940, 94.48468156042966, 94.48468156042966, 'APPROACH-BLIND'
11, 11941, 94.51033973447011, 94.51033973447011, 'APPROACH-BLIND'
11, 11942, 94.53786287864713, 94.53786287864713, 'APPROACH-BLIND'
11, 11943, 94.56538602282416, 94.56538602282416, 'APPROACH-BLIND'
11, 11944, 94.59290916700118, 94.59290916700118, 'APPROACH-BLIND'
11, 11945, 94.6204323111782, 94.6204323111782, 'APPROACH-BLIND'
11, 11946, 94.64795545535523, 94.64795545535523, 'APPROACH-BLIND'
11, 11947, 94.67547859953225, 94.67547859953225, 'APPROACH-BLIND'
11, 11948, 94.70300174370928, 94.70300174370928, 'APPROACH-BLIND'
11, 11949, 94.7305248878863, 94.7305248878863, 'APPROACH-BLIND'
11, 11950, 94.75804803206333, 94.75804803206333, 'APPROACH-BLIND'
11, 11951, 94.78557117624035, 94.78557117624035, 'APPROACH-BLIND'
11, 11952, 94.81309432041738, 94.81309432041738, 'APPROACH-BLIND'
11, 11953, 94.8406174645944, 94.8406174645944, 'APPROACH-BLIND'
11, 11954, 94.86814060877143, 94.86814060877143, 'APPROACH-BLIND'
11, 11955, 94.89566375294845, 94.89566375294845, 'APPROACH-BLIND'
11, 11956, 94.92318689712548, 94.92318689712548, 'APPROACH-BLIND'
11, 11957, 94.9507100413025, 94.9507100413025, 'APPROACH-BLIND'
11, 11958, 94.97823318547952, 94.97823318547952, 'APPROACH-BLIND'
11, 11959, 95.00575632965655, 95.00575632965655, 'APPROACH-BLIND'
11, 11960, 95.03327947383357, 95.03327947383357, 'APPROACH-BLIND'
11, 11961, 95.0608026180106, 95.0608026180106, 'APPROACH-BLIND'
11, 11962, 95.08832576218762, 95.08832576218762, 'APPROACH-BLIND'
11, 11963, 95.11584890636465, 95.11584890636465, 'APPROACH-BLIND'
11, 11964, 95.14337205054167, 95.14337205054167, 'APPROACH-BLIND'
11, 11965, 95.1708951947187, 95.1708951947187, 'APPROACH-BLIND'
11, 11966, 95.19841833889572, 95.19841833889572, 'APPROACH-BLIND'
11, 11967, 95.22594148307275, 95.22594148307275, 'APPROACH-BLIND'
11, 11968, 95.25346462724977, 95.25346462724977, 'APPROACH-BLIND'
11, 11969, 95.2809877714268, 95.2809877714268, 'APPROACH-BLIND'
11, 11970, 95.30851091560382, 95.30851091560382, 'APPROACH-BLIND'
11, 11971, 95.33603405978084, 95.33603405978084, 'APPROACH-BLIND'
11, 11972, 95.36355720395787, 95.36355720395787, 'APPROACH-BLIND'
11, 11973, 95.39108034813489, 95.39108034813489, 'APPROACH-BLIND'
11, 11974, 95.41860349231192, 95.41860349231192, 'APPROACH-BLIND'
11, 11975, 95.44612663648894, 95.44612663648894, 'APPROACH-BLIND'
11, 11976, 95.47364978066597, 95.47364978066597, 'APPROACH-BLIND'
11, 11977, 95.50117292484299, 95.50117292484299, 'APPROACH-BLIND'
11, 11978, 95.52892214996844, 95.52892214996844, 'APPROACH-BLIND'
11, 11979, 95.55667137509388, 95.55667137509388, 'APPROACH-BLIND'
11, 11980, 95.58442060021933, 95.58442060021933, 'APPROACH-BLIND'
11, 11981, 95.61216982534478, 95.61216982534478, 'APPROACH-BLIND'
11, 11982, 95.63991905047023, 95.63991905047023, 'APPROACH-BLIND'
11, 11983, 95.66766827559567, 95.66766827559567, 'APPROACH-BLIND'
11, 11984, 95.69541750072112, 95.69541750072112, 'APPROACH-BLIND'
11, 11985, 95.72316672584657, 95.72316672584657, 'APPROACH-BLIND'
11, 11986, 95.75091595097201, 95.75091595097201, 'APPROACH-BLIND'
11, 11987, 95.77866517609746, 95.77866517609746, 'APPROACH-BLIND'
11, 11988, 95.80641440122291, 95.80641440122291, 'APPROACH-BLIND'
11, 11989, 95.83416362634836, 95.83416362634836, 'APPROACH-BLIND'
11, 11990, 95.8619128514738, 95.8619128514738, 'APPROACH-BLIND'
11, 11991, 95.88966207659925, 95.88966207659925, 'APPROACH-BLIND'
11, 11992, 95.9174113017247, 95.9174113017247, 'APPROACH-BLIND'
11, 11993, 95.94516052685015, 95.94516052685015, 'APPROACH-BLIND'
11, 11994, 95.97290975197559, 95.97290975197559, 'APPROACH-BLIND'
11, 11995, 96.00065897710104, 96.00065897710104, 'APPROACH-BLIND'
11, 11996, 96.02840820222649, 96.02840820222649, 'APPROACH-BLIND'
11, 11997, 96.05615742735193, 96.05615742735193, 'APPROACH-BLIND'
11, 11998, 96.08390665247738, 96.08390665247738, 'APPROACH-BLIND'
11, 11999, 96.11165587760283, 96.11165587760283, 'APPROACH-BLIND'
11, 12000, 96.13940510272828, 96.13940510272828, 'APPROACH-BLIND'
11, 12001, 96.16715432785372, 96.16715432785372, 'APPROACH-BLIND'
11, 12002, 96.19490355297917, 96.19490355297917, 'APPROACH-BLIND'
11, 12003, 96.22265277810462, 96.22265277810462, 'APPROACH-BLIND'
11, 12004, 96.25040200323006, 96.25040200323006, 'APPROACH-BLIND'
11, 12005, 96.27815122835551, 96.27815122835551, 'APPROACH-BLIND'
11, 12006, 96.30590045348096, 96.30590045348096, 'APPROACH-BLIND'
11, 12007, 96.3336496786064, 96.3336496786064, 'APPROACH-BLIND'
11, 12008, 96.36139890373185, 96.36139890373185, 'APPROACH-BLIND'
11, 12009, 96.3891481288573, 96.3891481288573, 'APPROACH-BLIND'
11, 12010, 96.41689735398275, 96.41689735398275, 'APPROACH-BLIND'
11, 12011, 96.4446465791082, 96.4446465791082, 'APPROACH-BLIND'
11, 12012, 96.47239580423364, 96.47239580423364, 'APPROACH-BLIND'
11, 12013, 96.50014502935909, 96.50014502935909, 'APPROACH-BLIND'
11, 12014, 96.52791963149521, 96.52791963149521, 'APPROACH-BLIND'
11, 12015, 96.55569423363133, 96.55569423363133, 'APPROACH-BLIND'
11, 12016, 96.58346883576745, 96.58346883576745, 'APPROACH-BLIND'
11, 12017, 96.61124343790357, 96.61124343790357, 'APPROACH-BLIND'
11, 12018, 96.63901804003969, 96.63901804003969, 'APPROACH-BLIND'
11, 12019, 96.6667926421758, 96.6667926421758, 'APPROACH-BLIND'
11, 12020, 96.69456724431193, 96.69456724431193, 'APPROACH-BLIND'
11, 12021, 96.72234184644805, 96.72234184644805, 'APPROACH-BLIND'
11, 12022, 96.75011644858417, 96.75011644858417, 'APPROACH-BLIND'
11, 12023, 96.77789105072029, 96.77789105072029, 'APPROACH-BLIND'
11, 12024, 96.8056656528564, 96.8056656528564, 'APPROACH-BLIND'
11, 12025, 96.83344025499252, 96.83344025499252, 'APPROACH-BLIND'
11, 12026, 96.86121485712864, 96.86121485712864, 'APPROACH-BLIND'
11, 12027, 96.88898945926476, 96.88898945926476, 'APPROACH-BLIND'
11, 12028, 96.91676406140088, 96.91676406140088, 'APPROACH-BLIND'
11, 12029, 96.944538663537, 96.944538663537, 'APPROACH-BLIND'
11, 12030, 96.97231326567312, 96.97231326567312, 'APPROACH-BLIND'
11, 12031, 97.00008786780924, 97.00008786780924, 'APPROACH-BLIND'
11, 12032, 97.02786246994536, 97.02786246994536, 'APPROACH-BLIND'
11, 12033, 97.05563707208148, 97.05563707208148, 'APPROACH-BLIND'
11, 12034, 97.0834116742176, 97.0834116742176, 'APPROACH-BLIND'
11, 12035, 97.11118627635372, 97.11118627635372, 'APPROACH-BLIND'
11, 12036, 97.13896087848984, 97.13896087848984, 'APPROACH-BLIND'
11, 12037, 97.16673548062596, 97.16673548062596, 'APPROACH-BLIND'
11, 12038, 97.19451008276208, 97.19451008276208, 'APPROACH-BLIND'
11, 12039, 97.2222846848982, 97.2222846848982, 'APPROACH-BLIND'
11, 12040, 97.25005928703432, 97.25005928703432, 'APPROACH-BLIND'
11, 12041, 97.27783388917044, 97.27783388917044, 'APPROACH-BLIND'
11, 12042, 97.30560849130656, 97.30560849130656, 'APPROACH-BLIND'
11, 12043, 97.33338309344268, 97.33338309344268, 'APPROACH-BLIND'
11, 12044, 97.3611576955788, 97.3611576955788, 'APPROACH-BLIND'
11, 12045, 97.38893229771492, 97.38893229771492, 'APPROACH-BLIND'
11, 12046, 97.41670689985104, 97.41670689985104, 'APPROACH-BLIND'
11, 12047, 97.44448150198716, 97.44448150198716, 'APPROACH-BLIND'
11, 12048, 97.47225610412328, 97.47225610412328, 'APPROACH-BLIND'
11, 12049, 97.5000307062594, 97.5000307062594, 'APPROACH-BLIND'
11, 12050, 97.51252823229453, 97.51252823229453, 'APPROACH-BLIND'
11, 12051, 97.52502575832966, 97.52502575832966, 'APPROACH-BLIND'
11, 12052, 97.5375232843648, 97.5375232843648, 'APPROACH-BLIND'
11, 12053, 97.55002081039993, 97.55002081039993, 'APPROACH-BLIND'
11, 12054, 97.56251833643506, 97.56251833643506, 'APPROACH-BLIND'
11, 12055, 97.5750158624702, 97.5750158624702, 'APPROACH-BLIND'
11, 12056, 97.58751338850533, 97.58751338850533, 'APPROACH-BLIND'
11, 12057, 97.60001091454046, 97.60001091454046, 'APPROACH-BLIND'
11, 12058, 97.6125084405756, 97.6125084405756, 'APPROACH-BLIND'
11, 12059, 97.62500596661073, 97.62500596661073, 'APPROACH-BLIND'
11, 12060, 97.63750349264586, 97.63750349264586, 'APPROACH-BLIND'
11, 12061, 97.650001018681, 97.650001018681, 'APPROACH-BLIND'
11, 12062, 97.66249854471613, 97.66249854471613, 'APPROACH-BLIND'
11, 12063, 97.67499607075126, 97.67499607075126, 'APPROACH-BLIND'
11, 12064, 97.6874935967864, 97.6874935967864, 'APPROACH-BLIND'
11, 12065, 97.69999112282153, 97.69999112282153, 'APPROACH-BLIND'
11, 12066, 97.71248864885666, 97.71248864885666, 'APPROACH-BLIND'
11, 12067, 97.7249861748918, 97.7249861748918, 'APPROACH-BLIND'
11, 12068, 97.73748370092693, 97.73748370092693, 'APPROACH-BLIND'
11, 12069, 97.74998122696206, 97.74998122696206, 'APPROACH-BLIND'
11, 12070, 97.72999120002989, 97.72999120002989, 'SEARCH'
11, 12071, 97.7029293219451, 97.7029293219451, 'SEARCH'
11, 12072, 97.67530231187483, 97.67530231187483, 'SEARCH'
11, 12073, 97.65255529382382, 97.65255529382382, 'SEARCH'
11, 12074, 97.63007950850785, 97.63007950850785, 'SEARCH'
11, 12075, 97.60301582301791, 97.60301582301791, 'SEARCH'
11, 12076, 97.58026470836542, 97.58026470836542, 'SEARCH'
11, 12077, 97.55356351454748, 97.55356351454748, 'SEARCH'
11, 12078, 97.53646101834259, 97.53646101834259, 'SEARCH'
11, 12079, 97.50919167990692, 97.50919167990692, 'SEARCH'
11, 12080, 97.48202379868826, 97.48202379868826, 'SEARCH'
11, 12081, 97.48969354546061, 97.48969354546061, 'SEARCH'
11, 12082, 97.48486648370502, 97.48486648370502, 'SEARCH'
11, 12083, 97.46813844314681, 97.46813844314681, 'SEARCH'
11, 12084, 97.46186752881277, 97.46186752881277, 'SEARCH'
11, 12085, 97.46038077306218, 97.46038077306218, 'SEARCH'
11, 12086, 97.4537025440239, 97.4537025440239, 'SEARCH'
11, 12087, 97.4498701755858, 97.4498701755858, 'SEARCH'
11, 12088, 97.42210848320182, 97.42210848320182, 'SEARCH'
11, 12089, 97.41034503074177, 97.41034503074177, 'SEARCH'
11, 12090, 97.3999730720647, 97.3999730720647, 'SEARCH'
11, 12091, 97.40048574352402, 97.40048574352402, 'SEARCH'
11, 12092, 97.37321491909594, 97.37321491909594, 'SEARCH'
11, 12093, 97.3460486675533, 97.3460486675533, 'SEARCH'
11, 12094, 97.34510072336056, 97.34510072336056, 'SEARCH'
11, 12095, 97.35276844059015, 97.35276844059015, 'SEARCH'
11, 12096, 97.34191610977828, 97.34191610977828, 'SEARCH'
11, 12097, 97.33150386061584, 97.33150386061584, 'SEARCH'
11, 12098, 97.30383314694181, 97.30383314694181, 'SEARCH'
11, 12099, 97.30912087169226, 97.30912087169226, 'SEARCH'
11, 12100, 97.3167553979252, 97.3167553979252, 'SEARCH'
11, 12101, 97.30638036474221, 97.30638036474221, 'SEARCH'
11, 12102, 97.28119539408661, 97.28119539408661, 'SEARCH'
11, 12103, 97.25478506985202, 97.25478506985202, 'SEARCH'
11, 12104, 97.23201902400066, 97.23201902400066, 'SEARCH'
11, 12105, 97.20773605223897, 97.20773605223897, 'SEARCH'
11, 12106, 97.18011235362748, 97.18011235362748, 'SEARCH'
11, 12107, 97.18681763134268, 97.18681763134268, 'SEARCH'
11, 12108, 97.1772931852533, 97.1772931852533, 'SEARCH'
11, 12109, 97.14953115715116, 97.14953115715116, 'SEARCH'
11, 12110, 97.12378827252115, 97.12378827252115, 'SEARCH'
11, 12111, 97.1120733646544, 97.1120733646544, 'SEARCH'
11, 12112, 97.08431191696172, 97.08431191696172, 'SEARCH'
11, 12113, 97.05695884124664, 97.05695884124664, 'SEARCH'
11, 12114, 97.0465640729702, 97.0465640729702, 'SEARCH'
11, 12115, 97.02528621110302, 97.02528621110302, 'SEARCH'
11, 12116, 97.00706699995239, 97.00706699995239, 'SEARCH'
11, 12117, 96.98742504642823, 96.98742504642823, 'SEARCH'
11, 12118, 96.97109293449611, 96.97109293449611, 'SEARCH'
11, 12119, 96.94482434949997, 96.94482434949997, 'SEARCH'
11, 12120, 96.92178754927258, 96.92178754927258, 'SEARCH'
11, 12121, 96.9298915045349, 96.9298915045349, 'SEARCH'
11, 12122, 96.93611240231027, 96.93611240231027, 'SEARCH'
11, 12123, 96.93228481974958, 96.93228481974958, 'SEARCH'
11, 12124, 96.91758899778773, 96.91758899778773, 'SEARCH'
11, 12125, 96.88987757264758, 96.88987757264758, 'SEARCH'
11, 12126, 96.8671334831515, 96.8671334831515, 'SEARCH'
11, 12127, 96.84681109067603, 96.84681109067603, 'SEARCH'
11, 12128, 96.84149541120601, 96.84149541120601, 'SEARCH'
11, 12129, 96.82805055083809, 96.82805055083809, 'SEARCH'
11, 12130, 96.80061234731029, 96.80061234731029, 'SEARCH'
11, 12131, 96.79201416795591, 96.79201416795591, 'SEARCH'
11, 12132, 96.76844451741802, 96.76844451741802, 'SEARCH'
11, 12133, 96.75500188215257, 96.75500188215257, 'SEARCH'
11, 12134, 96.72724166008352, 96.72724166008352, 'SEARCH'
11, 12135, 96.69957095745083, 96.69957095745083, 'SEARCH'
11, 12136, 96.72668129063163, 96.72668129063163, 'APPROACH-BLIND'
11, 12137, 96.75379162381243, 96.75379162381243, 'APPROACH-BLIND'
11, 12138, 96.78090195699323, 96.78090195699323, 'APPROACH-BLIND'
11, 12139, 96.80801229017403, 96.80801229017403, 'APPROACH-BLIND'
11, 12140, 96.83512262335483, 96.83512262335483, 'APPROACH-BLIND'
11, 12141, 96.86223295653564, 96.86223295653564, 'APPROACH-BLIND'
11, 12142, 96.88934328971644, 96.88934328971644, 'APPROACH-BLIND'
11, 12143, 96.91645362289724, 96.91645362289724, 'APPROACH-BLIND'
11, 12144, 96.94356395607804, 96.94356395607804, 'APPROACH-BLIND'
11, 12145, 96.97067428925884, 96.97067428925884, 'APPROACH-BLIND'
11, 12146, 96.99778462243964, 96.99778462243964, 'APPROACH-BLIND'
11, 12147, 97.02489495562044, 97.02489495562044, 'APPROACH-BLIND'
11, 12148, 97.05200528880124, 97.05200528880124, 'APPROACH-BLIND'
11, 12149, 97.07911562198204, 97.07911562198204, 'APPROACH-BLIND'
11, 12150, 97.10622595516284, 97.10622595516284, 'APPROACH-BLIND'
11, 12151, 97.13333628834364, 97.13333628834364, 'APPROACH-BLIND'
11, 12152, 97.16044662152444, 97.16044662152444, 'APPROACH-BLIND'
11, 12153, 97.18755695470524, 97.18755695470524, 'APPROACH-BLIND'
11, 12154, 97.21466728788604, 97.21466728788604, 'APPROACH-BLIND'
11, 12155, 97.24177762106684, 97.24177762106684, 'APPROACH-BLIND'
11, 12156, 97.26888795424765, 97.26888795424765, 'APPROACH-BLIND'
11, 12157, 97.29599828742845, 97.29599828742845, 'APPROACH-BLIND'
11, 12158, 97.32310862060925, 97.32310862060925, 'APPROACH-BLIND'
11, 12159, 97.35021895379005, 97.35021895379005, 'APPROACH-BLIND'
11, 12160, 97.37732928697085, 97.37732928697085, 'APPROACH-BLIND'
11, 12161, 97.40443962015165, 97.40443962015165, 'APPROACH-BLIND'
11, 12162, 97.43154995333245, 97.43154995333245, 'APPROACH-BLIND'
11, 12163, 97.45866028651325, 97.45866028651325, 'APPROACH-BLIND'
11, 12164, 97.48577061969405, 97.48577061969405, 'APPROACH-BLIND'
11, 12165, 97.51288095287485, 97.51288095287485, 'APPROACH-BLIND'
11, 12166, 97.52087332395314, 97.52087332395314, 'SEARCH'
11, 12167, 97.51686388750612, 97.51686388750612, 'SEARCH'
11, 12168, 97.4893353508373, 97.4893353508373, 'SEARCH'
11, 12169, 97.48966608721007, 97.48966608721007, 'SEARCH'
11, 12170, 97.48515868787055, 97.48515868787055, 'SEARCH'
11, 12171, 97.45755177200171, 97.45755177200171, 'SEARCH'
11, 12172, 97.46504414980475, 97.46504414980475, 'SEARCH'
11, 12173, 97.44936142941543, 97.44936142941543, 'SEARCH'
11, 12174, 97.42545492890497, 97.42545492890497, 'SEARCH'
11, 12175, 97.39870106069105, 97.39870106069105, 'SEARCH'
11, 12176, 97.38300878622493, 97.38300878622493, 'SEARCH'
11, 12177, 97.35930200750586, 97.35930200750586, 'SEARCH'
11, 12178, 97.35959402400617, 97.35959402400617, 'SEARCH'
11, 12179, 97.35793772893825, 97.35793772893825, 'SEARCH'
11, 12180, 97.35386126008027, 97.35386126008027, 'SEARCH'
11, 12181, 97.3333678105487, 97.3333678105487, 'SEARCH'
11, 12182, 97.30871562367065, 97.30871562367065, 'SEARCH'
11, 12183, 97.28238425429082, 97.28238425429082, 'SEARCH'
11, 12184, 97.27452662241879, 97.27452662241879, 'SEARCH'
11, 12185, 97.26615085619743, 97.26615085619743, 'SEARCH'
11, 12186, 97.2537259863347, 97.2537259863347, 'SEARCH'
11, 12187, 97.23137054756884, 97.23137054756884, 'SEARCH'
11, 12188, 97.21085595374498, 97.21085595374498, 'SEARCH'
11, 12189, 97.18364775356537, 97.18364775356537, 'SEARCH'
11, 12190, 97.1911282160359, 97.1911282160359, 'SEARCH'
11, 12191, 97.1855420476295, 97.1855420476295, 'SEARCH'
11, 12192, 97.18330342923481, 97.18330342923481, 'SEARCH'
11, 12193, 97.15575430198012, 97.15575430198012, 'SEARCH'
11, 12194, 97.14733204366594, 97.14733204366594, 'SEARCH'
11, 12195, 97.12448668586029, 97.12448668586029, 'SEARCH'
11, 12196, 97.10406001285995, 97.10406001285995, 'SEARCH'
11, 12197, 97.10002668534987, 97.10002668534987, 'SEARCH'
11, 12198, 97.1017859584611, 97.1017859584611, 'SEARCH'
11, 12199, 97.1078503369685, 97.1078503369685, 'SEARCH'
11, 12200, 97.09718032752009, 97.09718032752009, 'SEARCH'
11, 12201, 97.10181747317421, 97.10181747317421, 'SEARCH'
11, 12202, 97.0853291991759, 97.0853291991759, 'SEARCH'
11, 12203, 97.09137656402228, 97.09137656402228, 'SEARCH'
11, 12204, 97.08538952421122, 97.08538952421122, 'SEARCH'
11, 12205, 97.07795047745019, 97.07795047745019, 'SEARCH'
11, 12206, 97.07477956032578, 97.07477956032578, 'SEARCH'
11, 12207, 97.08177015334485, 97.08177015334485, 'SEARCH'
11, 12208, 97.0652686527794, 97.0652686527794, 'SEARCH'
11, 12209, 97.04876153374039, 97.04876153374039, 'SEARCH'
11, 12210, 97.02154391463952, 97.02154391463952, 'SEARCH'
11, 12211, 96.99376730557556, 96.99376730557556, 'SEARCH'
11, 12212, 96.96810941700083, 96.96810941700083, 'SEARCH'
11, 12213, 96.94969427926777, 96.94969427926777, 'SEARCH'
11, 12214, 96.93771682607682, 96.93771682607682, 'SEARCH'
11, 12215, 96.92235960630867, 96.92235960630867, 'SEARCH'
11, 12216, 96.89496944763503, 96.89496944763503, 'SEARCH'
11, 12217, 96.88297437314418, 96.88297437314418, 'SEARCH'
11, 12218, 96.87010343200194, 96.87010343200194, 'SEARCH'
11, 12219, 96.84664364838089, 96.84664364838089, 'SEARCH'
11, 12220, 96.83125614327014, 96.83125614327014, 'SEARCH'
11, 12221, 96.80917202136796, 96.80917202136796, 'SEARCH'
11, 12222, 96.78142448232917, 96.78142448232917, 'SEARCH'
11, 12223, 96.77627820775609, 96.77627820775609, 'SEARCH'
11, 12224, 96.768296977774, 96.768296977774, 'SEARCH'
11, 12225, 96.76767594176975, 96.76767594176975, 'SEARCH'
11, 12226, 96.76062796455257, 96.76062796455257, 'SEARCH'
11, 12227, 96.73500552385586, 96.73500552385586, 'SEARCH'
11, 12228, 96.73777160203069, 96.73777160203069, 'SEARCH'
11, 12229, 96.7225184514826, 96.7225184514826, 'SEARCH'
11, 12230, 96.69586011689991, 96.69586011689991, 'SEARCH'
11, 12231, 96.67264639699229, 96.67264639699229, 'SEARCH'
11, 12232, 96.66419969089101, 96.66419969089101, 'SEARCH'
11, 12233, 96.65366999853148, 96.65366999853148, 'SEARCH'
11, 12234, 96.63801896891309, 96.63801896891309, 'SEARCH'
11, 12235, 96.62484607601274, 96.62484607601274, 'SEARCH'
11, 12236, 96.60999256630197, 96.60999256630197, 'SEARCH'
11, 12237, 96.58761741281022, 96.58761741281022, 'SEARCH'
11, 12238, 96.56062702902418, 96.56062702902418, 'SEARCH'
11, 12239, 96.53853832065009, 96.53853832065009, 'SEARCH'
11, 12240, 96.54129206022195, 96.54129206022195, 'SEARCH'
11, 12241, 96.518445939932, 96.518445939932, 'SEARCH'
11, 12242, 96.51537824934624, 96.51537824934624, 'SEARCH'
11, 12243, 96.48773490257283, 96.48773490257283, 'SEARCH'
11, 12244, 96.46656818054304, 96.46656818054304, 'SEARCH'
11, 12245, 96.45907131429061, 96.45907131429061, 'SEARCH'
11, 12246, 96.4353416972833, 96.4353416972833, 'SEARCH'
11, 12247, 96.41121136608984, 96.41121136608984, 'SEARCH'
11, 12248, 96.39361223024103, 96.39361223024103, 'SEARCH'
11, 12249, 96.37286337527425, 96.37286337527425, 'SEARCH'
11, 12250, 96.34611688008559, 96.34611688008559, 'SEARCH'
11, 12251, 96.3199583150833, 96.3199583150833, 'SEARCH'
11, 12252, 96.29910388642072, 96.29910388642072, 'SEARCH'
11, 12253, 96.29159980082217, 96.29159980082217, 'SEARCH'
11, 12254, 96.26418759061775, 96.26418759061775, 'SEARCH'
11, 12255, 96.25732724770867, 96.25732724770867, 'SEARCH'
11, 12256, 96.23080867786801, 96.23080867786801, 'SEARCH'
11, 12257, 96.21162021492627, 96.21162021492627, 'SEARCH'
11, 12258, 96.20550856684721, 96.20550856684721, 'SEARCH'
11, 12259, 96.18295961066062, 96.18295961066062, 'SEARCH'
11, 12260, 96.166350173013, 96.166350173013, 'SEARCH'
11, 12261, 96.13873793563516, 96.13873793563516, 'SEARCH'
11, 12262, 96.11228219297487, 96.11228219297487, 'SEARCH'
11, 12263, 96.10312198576798, 96.10312198576798, 'SEARCH'
11, 12264, 96.07588014550268, 96.07588014550268, 'SEARCH'
11, 12265, 96.06272589841213, 96.06272589841213, 'SEARCH'
11, 12266, 96.06161994081448, 96.06161994081448, 'SEARCH'
11, 12267, 96.03401005586537, 96.03401005586537, 'SEARCH'
11, 12268, 96.03173224692675, 96.03173224692675, 'SEARCH'
11, 12269, 96.01772801239055, 96.01772801239055, 'SEARCH'
11, 12270, 95.99098772065612, 95.99098772065612, 'SEARCH'
11, 12271, 95.96321205679274, 95.96321205679274, 'SEARCH'
11, 12272, 95.93588099975287, 95.93588099975287, 'SEARCH'
11, 12273, 95.93553278246219, 95.93553278246219, 'SEARCH'
11, 12274, 95.92893539693297, 95.92893539693297, 'SEARCH'
11, 12275, 95.91330625184214, 95.91330625184214, 'SEARCH'
11, 12276, 95.89090626623101, 95.89090626623101, 'SEARCH'
11, 12277, 95.87001821024552, 95.87001821024552, 'SEARCH'
11, 12278, 95.84554254957916, 95.84554254957916, 'SEARCH'
11, 12279, 95.82020752355068, 95.82020752355068, 'SEARCH'
11, 12280, 95.81125384292862, 95.81125384292862, 'SEARCH'
11, 12281, 95.78400270844041, 95.78400270844041, 'SEARCH'
11, 12282, 95.77673527965884, 95.77673527965884, 'SEARCH'
11, 12283, 95.75520474149826, 95.75520474149826, 'SEARCH'
11, 12284, 95.76042430315321, 95.76042430315321, 'SEARCH'
11, 12285, 95.74084802920156, 95.74084802920156, 'SEARCH'
11, 12286, 95.72406397306507, 95.72406397306507, 'SEARCH'
11, 12287, 95.69687444710647, 95.69687444710647, 'SEARCH'
11, 12288, 95.67474507760174, 95.67474507760174, 'SEARCH'
11, 12289, 95.67514651760042, 95.67514651760042, 'SEARCH'
11, 12290, 95.65913723213993, 95.65913723213993, 'SEARCH'
11, 12291, 95.63342008386209, 95.63342008386209, 'SEARCH'
11, 12292, 95.60586112044756, 95.60586112044756, 'SEARCH'
11, 12293, 95.60256716135906, 95.60256716135906, 'SEARCH'
11, 12294, 95.59687163379317, 95.59687163379317, 'SEARCH'
11, 12295, 95.58099726332766, 95.58099726332766, 'SEARCH'
11, 12296, 95.57201195082544, 95.57201195082544, 'SEARCH'
11, 12297, 95.55267905806534, 95.55267905806534, 'SEARCH'
11, 12298, 95.5253332833417, 95.5253332833417, 'SEARCH'
11, 12299, 95.50607572885806, 95.50607572885806, 'SEARCH'
11, 12300, 95.47949866638923, 95.47949866638923, 'SEARCH'
11, 12301, 95.45699907255666, 95.45699907255666, 'SEARCH'
11, 12302, 95.44443300622783, 95.44443300622783, 'SEARCH'
11, 12303, 95.41680322670875, 95.41680322670875, 'SEARCH'
11, 12304, 95.41146443294805, 95.41146443294805, 'SEARCH'
11, 12305, 95.38610812854084, 95.38610812854084, 'SEARCH'
11, 12306, 95.38268022447521, 95.38268022447521, 'SEARCH'
11, 12307, 95.36136723152534, 95.36136723152534, 'SEARCH'
11, 12308, 95.34588221440907, 95.34588221440907, 'SEARCH'
11, 12309, 95.32662096563446, 95.32662096563446, 'SEARCH'
11, 12310, 95.30279040410143, 95.30279040410143, 'SEARCH'
11, 12311, 95.27895800124556, 95.27895800124556, 'SEARCH'
11, 12312, 95.25318541973196, 95.25318541973196, 'SEARCH'
11, 12313, 95.24140186302179, 95.24140186302179, 'SEARCH'
11, 12314, 95.21515614660233, 95.21515614660233, 'SEARCH'
11, 12315, 95.20259164065662, 95.20259164065662, 'SEARCH'
11, 12316, 95.17986147500132, 95.17986147500132, 'SEARCH'
11, 12317, 95.17085039881542, 95.17085039881542, 'SEARCH'
11, 12318, 95.16748891553584, 95.16748891553584, 'SEARCH'
11, 12319, 95.14053952140908, 95.14053952140908, 'SEARCH'
11, 12320, 95.13059330110272, 95.13059330110272, 'SEARCH'
11, 12321, 95.11200537675073, 95.11200537675073, 'SEARCH'
11, 12322, 95.0848324707391, 95.0848324707391, 'SEARCH'
11, 12323, 95.05946206996754, 95.05946206996754, 'SEARCH'
11, 12324, 95.03175279989222, 95.03175279989222, 'SEARCH'
11, 12325, 95.04034927314326, 95.04034927314326, 'SEARCH'
11, 12326, 95.02249627223406, 95.02249627223406, 'SEARCH'
11, 12327, 95.00902607349164, 95.00902607349164, 'SEARCH'
11, 12328, 94.9812482982165, 94.9812482982165, 'SEARCH'
11, 12329, 94.96492884604078, 94.96492884604078, 'SEARCH'
11, 12330, 94.95727201777795, 94.95727201777795, 'SEARCH'
11, 12331, 94.92951082726667, 94.92951082726667, 'SEARCH'
11, 12332, 94.90200227192008, 94.90200227192008, 'SEARCH'
11, 12333, 94.88854183277132, 94.88854183277132, 'SEARCH'
11, 12334, 94.87182267637199, 94.87182267637199, 'SEARCH'
11, 12335, 94.84665256186913, 94.84665256186913, 'SEARCH'
11, 12336, 94.82569465117369, 94.82569465117369, 'SEARCH'
11, 12337, 94.79798424297769, 94.79798424297769, 'SEARCH'
11, 12338, 94.7703579066862, 94.7703579066862, 'SEARCH'
11, 12339, 94.75862762793403, 94.75862762793403, 'SEARCH'
11, 12340, 94.7367393760686, 94.7367393760686, 'SEARCH'
11, 12341, 94.7333508672435, 94.7333508672435, 'SEARCH'
11, 12342, 94.72032175003231, 94.72032175003231, 'SEARCH'
11, 12343, 94.70000417546444, 94.70000417546444, 'SEARCH'
11, 12344, 94.6947125793973, 94.6947125793973, 'SEARCH'
11, 12345, 94.67343469136706, 94.67343469136706, 'SEARCH'
11, 12346, 94.64586437638121, 94.64586437638121, 'SEARCH'
11, 12347, 94.64537969489362, 94.64537969489362, 'SEARCH'
11, 12348, 94.63726811196948, 94.63726811196948, 'SEARCH'
11, 12349, 94.6105661315264, 94.6105661315264, 'SEARCH'
11, 12350, 94.58675890060032, 94.58675890060032, 'SEARCH'
11, 12351, 94.55992818431551, 94.55992818431551, 'SEARCH'
11, 12352, 94.54282536389583, 94.54282536389583, 'SEARCH'
11, 12353, 94.51655743036942, 94.51655743036942, 'SEARCH'
11, 12354, 94.49300909539498, 94.49300909539498, 'SEARCH'
11, 12355, 94.47024779449006, 94.47024779449006, 'SEARCH'
11, 12356, 94.46261039526267, 94.46261039526267, 'SEARCH'
11, 12357, 94.44133814815281, 94.44133814815281, 'SEARCH'
11, 12358, 94.44759203307707, 94.44759203307707, 'SEARCH'
11, 12359, 94.44565955309166, 94.44565955309166, 'SEARCH'
11, 12360, 94.4184876829846, 94.4184876829846, 'SEARCH'
11, 12361, 94.42568623154571, 94.42568623154571, 'SEARCH'
11, 12362, 94.43334174284645, 94.43334174284645, 'SEARCH'
11, 12363, 94.4060720930721, 94.4060720930721, 'SEARCH'
11, 12364, 94.37849994450978, 94.37849994450978, 'SEARCH'
11, 12365, 94.36990572662047, 94.36990572662047, 'SEARCH'
11, 12366, 94.34239547175174, 94.34239547175174, 'SEARCH'
11, 12367, 94.3237938924723, 94.3237938924723, 'SEARCH'
11, 12368, 94.31477498524161, 94.31477498524161, 'SEARCH'
11, 12369, 94.31140516053188, 94.31140516053188, 'SEARCH'
11, 12370, 94.28865377910783, 94.28865377910783, 'SEARCH'
11, 12371, 94.26148357149998, 94.26148357149998, 'SEARCH'
11, 12372, 94.2440005044675, 94.2440005044675, 'SEARCH'
11, 12373, 94.2435038280926, 94.2435038280926, 'SEARCH'
11, 12374, 94.21607154723118, 94.21607154723118, 'SEARCH'
11, 12375, 94.19644577036605, 94.19644577036605, 'SEARCH'
11, 12376, 94.16927151980522, 94.16927151980522, 'SEARCH'
11, 12377, 94.15177413079998, 94.15177413079998, 'SEARCH'
11, 12378, 94.12403602567184, 94.12403602567184, 'SEARCH'
11, 12379, 94.09627407717512, 94.09627407717512, 'SEARCH'
11, 12380, 94.0709117494209, 94.0709117494209, 'SEARCH'
11, 12381, 94.06942620119096, 94.06942620119096, 'SEARCH'
11, 12382, 94.04465681456344, 94.04465681456344, 'SEARCH'
11, 12383, 94.02112588766208, 94.02112588766208, 'SEARCH'
11, 12384, 94.02011137824758, 94.02011137824758, 'SEARCH'
11, 12385, 93.99236881276299, 93.99236881276299, 'SEARCH'
11, 12386, 93.9665919536763, 93.9665919536763, 'SEARCH'
11, 12387, 93.95100577744577, 93.95100577744577, 'SEARCH'
11, 12388, 93.92946494071836, 93.92946494071836, 'SEARCH'
11, 12389, 93.92842671683484, 93.92842671683484, 'SEARCH'
11, 12390, 93.9314092182417, 93.9314092182417, 'SEARCH'
11, 12391, 93.90374321975462, 93.90374321975462, 'SEARCH'
11, 12392, 93.88557214194878, 93.88557214194878, 'SEARCH'
11, 12393, 93.86464956183929, 93.86464956183929, 'SEARCH'
11, 12394, 93.84221097609161, 93.84221097609161, 'SEARCH'
11, 12395, 93.81505136815818, 93.81505136815818, 'SEARCH'
11, 12396, 93.80969886393288, 93.80969886393288, 'SEARCH'
11, 12397, 93.80576964276527, 93.80576964276527, 'SEARCH'
11, 12398, 93.79944832608618, 93.79944832608618, 'SEARCH'
11, 12399, 93.78358559307671, 93.78358559307671, 'SEARCH'
11, 12400, 93.77694112100198, 93.77694112100198, 'SEARCH'
11, 12401, 93.7562526547862, 93.7562526547862, 'SEARCH'
11, 12402, 93.72882897343425, 93.72882897343425, 'SEARCH'
11, 12403, 93.72600208484458, 93.72600208484458, 'SEARCH'
11, 12404, 93.71464280291818, 93.71464280291818, 'SEARCH'
11, 12405, 93.70068703680181, 93.70068703680181, 'SEARCH'
11, 12406, 93.69218640427944, 93.69218640427944, 'SEARCH'
11, 12407, 93.66725421314273, 93.66725421314273, 'SEARCH'
11, 12408, 93.65999211640711, 93.65999211640711, 'SEARCH'
11, 12409, 93.6370114715652, 93.6370114715652, 'SEARCH'
11, 12410, 93.6313161543504, 93.6313161543504, 'SEARCH'
11, 12411, 93.62608650436405, 93.62608650436405, 'SEARCH'
11, 12412, 93.61396525122481, 93.61396525122481, 'SEARCH'
11, 12413, 93.60729702555429, 93.60729702555429, 'SEARCH'
11, 12414, 93.58171041017438, 93.58171041017438, 'SEARCH'
11, 12415, 93.56015432167574, 93.56015432167574, 'SEARCH'
11, 12416, 93.55874512810226, 93.55874512810226, 'SEARCH'
11, 12417, 93.53316219393533, 93.53316219393533, 'SEARCH'
11, 12418, 93.51726248815328, 93.51726248815328, 'SEARCH'
11, 12419, 93.49865118502898, 93.49865118502898, 'SEARCH'
11, 12420, 93.49434725050125, 93.49434725050125, 'SEARCH'
11, 12421, 93.47646762565968, 93.47646762565968, 'SEARCH'
11, 12422, 93.46746310859498, 93.46746310859498, 'SEARCH'
11, 12423, 93.45439400788437, 93.45439400788437, 'SEARCH'
11, 12424, 93.42663170907889, 93.42663170907889, 'SEARCH'
11, 12425, 93.3993557988018, 93.3993557988018, 'SEARCH'
11, 12426, 93.37552054984118, 93.37552054984118, 'SEARCH'
11, 12427, 93.3624303431129, 93.3624303431129, 'SEARCH'
11, 12428, 93.33652134714337, 93.33652134714337, 'SEARCH'
11, 12429, 93.3194703701548, 93.3194703701548, 'SEARCH'
11, 12430, 93.31807377445317, 93.31807377445317, 'SEARCH'
11, 12431, 93.29031459114363, 93.29031459114363, 'SEARCH'
11, 12432, 93.2859212996817, 93.2859212996817, 'SEARCH'
11, 12433, 93.25948481131127, 93.25948481131127, 'SEARCH'
11, 12434, 93.25603555883737, 93.25603555883737, 'SEARCH'
11, 12435, 93.26515021846261, 93.26515021846261, 'SEARCH'
11, 12436, 93.25303130289831, 93.25303130289831, 'SEARCH'
11, 12437, 93.24683719592439, 93.24683719592439, 'SEARCH'
11, 12438, 93.23094230844728, 93.23094230844728, 'SEARCH'
11, 12439, 93.20666606251098, 93.20666606251098, 'SEARCH'
11, 12440, 93.20038304637852, 93.20038304637852, 'SEARCH'
11, 12441, 93.18904273974472, 93.18904273974472, 'SEARCH'
11, 12442, 93.1866781116831, 93.1866781116831, 'SEARCH'
11, 12443, 93.1642326070224, 93.1642326070224, 'SEARCH'
11, 12444, 93.14866496382284, 93.14866496382284, 'SEARCH'
11, 12445, 93.13866216209135, 93.13866216209135, 'SEARCH'
11, 12446, 93.11131726239411, 93.11131726239411, 'SEARCH'
11, 12447, 93.08357435741105, 93.08357435741105, 'SEARCH'
11, 12448, 93.06921205756828, 93.06921205756828, 'SEARCH'
11, 12449, 93.06671619558104, 93.06671619558104, 'SEARCH'
11, 12450, 93.05045840685486, 93.05045840685486, 'SEARCH'
11, 12451, 93.0374869274153, 93.0374869274153, 'SEARCH'
11, 12452, 93.03997778357773, 93.03997778357773, 'SEARCH'
11, 12453, 93.02520747423709, 93.02520747423709, 'SEARCH'
11, 12454, 93.00277568990425, 93.00277568990425, 'SEARCH'
11, 12455, 92.97559150186112, 92.97559150186112, 'SEARCH'
11, 12456, 92.95087278493939, 92.95087278493939, 'SEARCH'
11, 12457, 92.93188005778319, 92.93188005778319, 'SEARCH'
11, 12458, 92.90533816008724, 92.90533816008724, 'SEARCH'
11, 12459, 92.88856187516005, 92.88856187516005, 'SEARCH'
11, 12460, 92.8750215895109, 92.8750215895109, 'SEARCH'
11, 12461, 92.84750118583938, 92.84750118583938, 'SEARCH'
11, 12462, 92.84068631127681, 92.84068631127681, 'SEARCH'
11, 12463, 92.84656780843731, 92.84656780843731, 'SEARCH'
11, 12464, 92.82049883128734, 92.82049883128734, 'SEARCH'
11, 12465, 92.8115461507499, 92.8115461507499, 'SEARCH'
11, 12466, 92.80807488530208, 92.80807488530208, 'SEARCH'
11, 12467, 92.78088401774514, 92.78088401774514, 'SEARCH'
11, 12468, 92.75310642622307, 92.75310642622307, 'SEARCH'
11, 12469, 92.72876128407165, 92.72876128407165, 'SEARCH'
11, 12470, 92.73080944850886, 92.73080944850886, 'SEARCH'
11, 12471, 92.70474124560002, 92.70474124560002, 'SEARCH'
11, 12472, 92.69035046444317, 92.69035046444317, 'SEARCH'
11, 12473, 92.67097649542596, 92.67097649542596, 'SEARCH'
11, 12474, 92.65677082427186, 92.65677082427186, 'SEARCH'
11, 12475, 92.64406247575249, 92.64406247575249, 'SEARCH'
11, 12476, 92.61753378241632, 92.61753378241632, 'SEARCH'
11, 12477, 92.61451204416085, 92.61451204416085, 'SEARCH'
11, 12478, 92.60398618504966, 92.60398618504966, 'SEARCH'
11, 12479, 92.58639621562932, 92.58639621562932, 'SEARCH'
11, 12480, 92.55973622213618, 92.55973622213618, 'SEARCH'
11, 12481, 92.5376418919275, 92.5376418919275, 'SEARCH'
11, 12482, 92.52603337072695, 92.52603337072695, 'SEARCH'
11, 12483, 92.51354333788346, 92.51354333788346, 'SEARCH'
11, 12484, 92.49790520313627, 92.49790520313627, 'SEARCH'
11, 12485, 92.47091975968816, 92.47091975968816, 'SEARCH'
11, 12486, 92.44445814853786, 92.44445814853786, 'SEARCH'
11, 12487, 92.42124199700842, 92.42124199700842, 'SEARCH'
11, 12488, 92.4047994209015, 92.4047994209015, 'SEARCH'
11, 12489, 92.39319845991137, 92.39319845991137, 'SEARCH'
11, 12490, 92.365498744423, 92.365498744423, 'SEARCH'
11, 12491, 92.35148442012547, 92.35148442012547, 'SEARCH'
11, 12492, 92.32979958996117, 92.32979958996117, 'SEARCH'
11, 12493, 92.31605273946516, 92.31605273946516, 'SEARCH'
11, 12494, 92.29652114417566, 92.29652114417566, 'SEARCH'
11, 12495, 92.26888031997363, 92.26888031997363, 'SEARCH'
11, 12496, 92.26248310103732, 92.26248310103732, 'SEARCH'
11, 12497, 92.25268124824426, 92.25268124824426, 'SEARCH'
11, 12498, 92.2258104700262, 92.2258104700262, 'SEARCH'
11, 12499, 92.19832560653248, 92.19832560653248, 'SEARCH'
11, 12500, 92.17216887891979, 92.17216887891979, 'SEARCH'
11, 12501, 92.15558404977128, 92.15558404977128, 'SEARCH'
11, 12502, 92.14114231217216, 92.14114231217216, 'SEARCH'
11, 12503, 92.1331818676307, 92.1331818676307, 'SEARCH'
11, 12504, 92.10541153956633, 92.10541153956633, 'SEARCH'
11, 12505, 92.10557197006555, 92.10557197006555, 'SEARCH'
11, 12506, 92.08097573221008, 92.08097573221008, 'SEARCH'
11, 12507, 92.0536475848984, 92.0536475848984, 'SEARCH'
11, 12508, 92.03053146743768, 92.03053146743768, 'SEARCH'
11, 12509, 92.01100628726303, 92.01100628726303, 'SEARCH'
11, 12510, 91.9851306795144, 91.9851306795144, 'SEARCH'
11, 12511, 91.97368966606123, 91.97368966606123, 'SEARCH'
11, 12512, 91.95416637249204, 91.95416637249204, 'SEARCH'
11, 12513, 91.92847202218263, 91.92847202218263, 'SEARCH'
11, 12514, 91.91957888972988, 91.91957888972988, 'SEARCH'
11, 12515, 91.91749217080577, 91.91749217080577, 'SEARCH'
11, 12516, 91.91139985231662, 91.91139985231662, 'SEARCH'
11, 12517, 91.91873434053603, 91.91873434053603, 'SEARCH'
11, 12518, 91.90291600643204, 91.90291600643204, 'SEARCH'
11, 12519, 91.89988147679266, 91.89988147679266, 'SEARCH'
11, 12520, 91.87808040537162, 91.87808040537162, 'SEARCH'
11, 12521, 91.85702618943363, 91.85702618943363, 'SEARCH'
11, 12522, 91.82999364627449, 91.82999364627449, 'SEARCH'
11, 12523, 91.81498739150064, 91.81498739150064, 'SEARCH'
11, 12524, 91.78743382755313, 91.78743382755313, 'SEARCH'
11, 12525, 91.75965639656081, 91.75965639656081, 'SEARCH'
11, 12526, 91.76414090856586, 91.76414090856586, 'SEARCH'
11, 12527, 91.75036467077705, 91.75036467077705, 'SEARCH'
11, 12528, 91.730637022959, 91.730637022959, 'SEARCH'
11, 12529, 91.7033449599964, 91.7033449599964, 'SEARCH'
11, 12530, 91.69886642060227, 91.69886642060227, 'SEARCH'
11, 12531, 91.70478433451703, 91.70478433451703, 'SEARCH'
11, 12532, 91.7044343746756, 91.7044343746756, 'SEARCH'
11, 12533, 91.67769872889336, 91.67769872889336, 'SEARCH'
11, 12534, 91.66607643880297, 91.66607643880297, 'SEARCH'
11, 12535, 91.64888020681587, 91.64888020681587, 'SEARCH'
11, 12536, 91.62500332116521, 91.62500332116521, 'SEARCH'
11, 12537, 91.61270303910847, 91.61270303910847, 'SEARCH'
11, 12538, 91.58571495637837, 91.58571495637837, 'SEARCH'
11, 12539, 91.57045828327047, 91.57045828327047, 'SEARCH'
11, 12540, 91.55465931772966, 91.55465931772966, 'SEARCH'
11, 12541, 91.54105682436591, 91.54105682436591, 'SEARCH'
11, 12542, 91.52731170925541, 91.52731170925541, 'SEARCH'
11, 12543, 91.52090980535148, 91.52090980535148, 'SEARCH'
11, 12544, 91.49983553457136, 91.49983553457136, 'SEARCH'
11, 12545, 91.48621394966105, 91.48621394966105, 'SEARCH'
11, 12546, 91.45843680563439, 91.45843680563439, 'SEARCH'
11, 12547, 91.43858741945294, 91.43858741945294, 'SEARCH'
11, 12548, 91.43550119450921, 91.43550119450921, 'SEARCH'
11, 12549, 91.42186427107517, 91.42186427107517, 'SEARCH'
11, 12550, 91.39621519261918, 91.39621519261918, 'SEARCH'
11, 12551, 91.38929018291407, 91.38929018291407, 'SEARCH'
11, 12552, 91.38660796319643, 91.38660796319643, 'SEARCH'
11, 12553, 91.37295609016307, 91.37295609016307, 'SEARCH'
11, 12554, 91.34520562967428, 91.34520562967428, 'SEARCH'
11, 12555, 91.31918090066816, 91.31918090066816, 'SEARCH'
11, 12556, 91.29684022224463, 91.29684022224463, 'SEARCH'
11, 12557, 91.27006638017183, 91.27006638017183, 'SEARCH'
11, 12558, 91.25726176125495, 91.25726176125495, 'SEARCH'
11, 12559, 91.23437721166177, 91.23437721166177, 'SEARCH'
11, 12560, 91.20668552492704, 91.20668552492704, 'SEARCH'
11, 12561, 91.18653429749754, 91.18653429749754, 'SEARCH'
11, 12562, 91.15922007813676, 91.15922007813676, 'SEARCH'
11, 12563, 91.13168105392619, 91.13168105392619, 'SEARCH'
11, 12564, 91.1171713722116, 91.1171713722116, 'SEARCH'
11, 12565, 91.10699594017326, 91.10699594017326, 'SEARCH'
11, 12566, 91.08133406200275, 91.08133406200275, 'SEARCH'
11, 12567, 91.07915220787395, 91.07915220787395, 'SEARCH'
11, 12568, 91.05969211220177, 91.05969211220177, 'SEARCH'
11, 12569, 91.05848770849485, 91.05848770849485, 'SEARCH'
11, 12570, 91.03230440026104, 91.03230440026104, 'SEARCH'
11, 12571, 91.00452769943345, 91.00452769943345, 'SEARCH'
11, 12572, 90.97945402721297, 90.97945402721297, 'SEARCH'
11, 12573, 90.98873681918354, 90.98873681918354, 'SEARCH'
11, 12574, 90.9880096803336, 90.9880096803336, 'SEARCH'
11, 12575, 90.97827154612656, 90.97827154612656, 'SEARCH'
11, 12576, 90.96024674281433, 90.96024674281433, 'SEARCH'
11, 12577, 90.93264633330999, 90.93264633330999, 'SEARCH'
11, 12578, 90.90517508673655, 90.90517508673655, 'SEARCH'
11, 12579, 90.88031837060976, 90.88031837060976, 'SEARCH'
11, 12580, 90.87573479525494, 90.87573479525494, 'SEARCH'
11, 12581, 90.85961173394693, 90.85961173394693, 'SEARCH'
11, 12582, 90.8656247985723, 90.8656247985723, 'SEARCH'
11, 12583, 90.83960253297018, 90.83960253297018, 'SEARCH'
11, 12584, 90.8331296186489, 90.8331296186489, 'SEARCH'
11, 12585, 90.8353081702653, 90.8353081702653, 'SEARCH'
11, 12586, 90.80799771137389, 90.80799771137389, 'SEARCH'
11, 12587, 90.78098924774218, 90.78098924774218, 'SEARCH'
11, 12588, 90.75551657020344, 90.75551657020344, 'SEARCH'
11, 12589, 90.73471446983588, 90.73471446983588, 'SEARCH'
11, 12590, 90.70698836755659, 90.70698836755659, 'SEARCH'
11, 12591, 90.68650889374386, 90.68650889374386, 'SEARCH'
11, 12592, 90.67587106832642, 90.67587106832642, 'SEARCH'
11, 12593, 90.65168500692253, 90.65168500692253, 'SEARCH'
11, 12594, 90.62728615481845, 90.62728615481845, 'SEARCH'
11, 12595, 90.61039468240261, 90.61039468240261, 'SEARCH'
11, 12596, 90.59464794309007, 90.59464794309007, 'SEARCH'
11, 12597, 90.57519704753834, 90.57519704753834, 'SEARCH'
11, 12598, 90.54765954310837, 90.54765954310837, 'SEARCH'
11, 12599, 90.5296034478486, 90.5296034478486, 'SEARCH'
11, 12600, 90.53705628617564, 90.53705628617564, 'SEARCH'
11, 12601, 90.5159465698971, 90.5159465698971, 'SEARCH'
11, 12602, 90.4881697305554, 90.4881697305554, 'SEARCH'
11, 12603, 90.46167266498142, 90.46167266498142, 'SEARCH'
11, 12604, 90.43427224711078, 90.43427224711078, 'SEARCH'
11, 12605, 90.40964500603661, 90.40964500603661, 'SEARCH'
11, 12606, 90.41136351858034, 90.41136351858034, 'SEARCH'
11, 12607, 90.40439723388103, 90.40439723388103, 'SEARCH'
11, 12608, 90.37739230327684, 90.37739230327684, 'SEARCH'
11, 12609, 90.35936916831339, 90.35936916831339, 'SEARCH'
11, 12610, 90.33160050645313, 90.33160050645313, 'SEARCH'
11, 12611, 90.3040627372902, 90.3040627372902, 'SEARCH'
11, 12612, 90.27941484248942, 90.27941484248942, 'SEARCH'
11, 12613, 90.25163790818249, 90.25163790818249, 'SEARCH'
11, 12614, 90.22988120372162, 90.22988120372162, 'SEARCH'
11, 12615, 90.2091013378698, 90.2091013378698, 'SEARCH'
11, 12616, 90.18893054308612, 90.18893054308612, 'SEARCH'
11, 12617, 90.18921342285289, 90.18921342285289, 'SEARCH'
11, 12618, 90.17078527639002, 90.17078527639002, 'SEARCH'
11, 12619, 90.15930168259928, 90.15930168259928, 'SEARCH'
11, 12620, 90.1402025474149, 90.1402025474149, 'SEARCH'
11, 12621, 90.12006952174131, 90.12006952174131, 'SEARCH'
11, 12622, 90.10942312608944, 90.10942312608944, 'SEARCH'
11, 12623, 90.08241956557244, 90.08241956557244, 'SEARCH'
11, 12624, 90.07685382868274, 90.07685382868274, 'SEARCH'
11, 12625, 90.0493870438467, 90.0493870438467, 'SEARCH'
11, 12626, 90.0216107033407, 90.0216107033407, 'SEARCH'
11, 12627, 89.99925619853339, 89.99925619853339, 'SEARCH'
11, 12628, 89.98356450510462, 89.98356450510462, 'SEARCH'
11, 12629, 89.95770389311079, 89.95770389311079, 'SEARCH'
11, 12630, 89.95364655789781, 89.95364655789781, 'SEARCH'
11, 12631, 89.93563555474033, 89.93563555474033, 'SEARCH'
11, 12632, 89.91649179229466, 89.91649179229466, 'SEARCH'
11, 12633, 89.89229506681589, 89.89229506681589, 'SEARCH'
11, 12634, 89.86724414730693, 89.86724414730693, 'SEARCH'
11, 12635, 89.86550273243338, 89.86550273243338, 'SEARCH'
11, 12636, 89.85437420927121, 89.85437420927121, 'SEARCH'
11, 12637, 89.84503776229278, 89.84503776229278, 'SEARCH'
11, 12638, 89.83403403399596, 89.83403403399596, 'SEARCH'
11, 12639, 89.81393292040201, 89.81393292040201, 'SEARCH'
11, 12640, 89.78616640750406, 89.78616640750406, 'SEARCH'
11, 12641, 89.75870355706108, 89.75870355706108, 'SEARCH'
11, 12642, 89.7623951613897, 89.7623951613897, 'SEARCH'
11, 12643, 89.75967787615777, 89.75967787615777, 'SEARCH'
11, 12644, 89.73335670332594, 89.73335670332594, 'SEARCH'
11, 12645, 89.72356782545948, 89.72356782545948, 'SEARCH'
11, 12646, 89.69636299444618, 89.69636299444618, 'SEARCH'
11, 12647, 89.66859284458776, 89.66859284458776, 'SEARCH'
11, 12648, 89.65442673723095, 89.65442673723095, 'SEARCH'
11, 12649, 89.64371401426324, 89.64371401426324, 'SEARCH'
11, 12650, 89.62173782210554, 89.62173782210554, 'SEARCH'
11, 12651, 89.63155534214167, 89.63155534214167, 'SEARCH'
11, 12652, 89.60377948739689, 89.60377948739689, 'SEARCH'
11, 12653, 89.6016864278158, 89.6016864278158, 'SEARCH'
11, 12654, 89.60490617247898, 89.60490617247898, 'SEARCH'
11, 12655, 89.5772625254107, 89.5772625254107, 'SEARCH'
11, 12656, 89.5615831189486, 89.5615831189486, 'SEARCH'
11, 12657, 89.53951044542856, 89.53951044542856, 'SEARCH'
11, 12658, 89.53774850473651, 89.53774850473651, 'SEARCH'
11, 12659, 89.52629983579052, 89.52629983579052, 'SEARCH'
11, 12660, 89.5188107225917, 89.5188107225917, 'SEARCH'
11, 12661, 89.49105602228529, 89.49105602228529, 'SEARCH'
11, 12662, 89.46473996499935, 89.46473996499935, 'SEARCH'
11, 12663, 89.45403505384544, 89.45403505384544, 'SEARCH'
11, 12664, 89.42815647587808, 89.42815647587808, 'SEARCH'
11, 12665, 89.4015507042883, 89.4015507042883, 'SEARCH'
11, 12666, 89.39422131290752, 89.39422131290752, 'SEARCH'
11, 12667, 89.36712099815726, 89.36712099815726, 'SEARCH'
11, 12668, 89.34724756585447, 89.34724756585447, 'SEARCH'
11, 12669, 89.3356405715112, 89.3356405715112, 'SEARCH'
11, 12670, 89.3290514068055, 89.3290514068055, 'SEARCH'
11, 12671, 89.30325031593902, 89.30325031593902, 'SEARCH'
11, 12672, 89.3045788400378, 89.3045788400378, 'SEARCH'
11, 12673, 89.313950862583, 89.313950862583, 'SEARCH'
11, 12674, 89.30550788480157, 89.30550788480157, 'SEARCH'
11, 12675, 89.28267557745694, 89.28267557745694, 'SEARCH'
11, 12676, 89.2762895644835, 89.2762895644835, 'SEARCH'
11, 12677, 89.27131697448424, 89.27131697448424, 'SEARCH'
11, 12678, 89.27740768658771, 89.27740768658771, 'SEARCH'
11, 12679, 89.24976449395855, 89.24976449395855, 'SEARCH'
11, 12680, 89.24088390881255, 89.24088390881255, 'SEARCH'
11, 12681, 89.2488513785139, 89.2488513785139, 'SEARCH'
11, 12682, 89.22619637539012, 89.22619637539012, 'SEARCH'
11, 12683, 89.22345583764476, 89.22345583764476, 'SEARCH'
11, 12684, 89.19908726378935, 89.19908726378935, 'SEARCH'
11, 12685, 89.19065183257676, 89.19065183257676, 'SEARCH'
11, 12686, 89.17816992022527, 89.17816992022527, 'SEARCH'
11, 12687, 89.15042354499363, 89.15042354499363, 'SEARCH'
11, 12688, 89.15795345231734, 89.15795345231734, 'SEARCH'
11, 12689, 89.13085578708936, 89.13085578708936, 'SEARCH'
11, 12690, 89.12494037678147, 89.12494037678147, 'SEARCH'
11, 12691, 89.11789956344161, 89.11789956344161, 'SEARCH'
11, 12692, 89.10541569088414, 89.10541569088414, 'SEARCH'
11, 12693, 89.08178949347136, 89.08178949347136, 'SEARCH'
11, 12694, 89.08165430103068, 89.08165430103068, 'SEARCH'
11, 12695, 89.06368720669067, 89.06368720669067, 'SEARCH'
11, 12696, 89.0448552996461, 89.0448552996461, 'SEARCH'
11, 12697, 89.03941414703964, 89.03941414703964, 'SEARCH'
11, 12698, 89.02296232488504, 89.02296232488504, 'SEARCH'
11, 12699, 88.99543282659572, 88.99543282659572, 'SEARCH'
11, 12700, 88.9691164451021, 88.9691164451021, 'SEARCH'
11, 12701, 88.94573198917313, 88.94573198917313, 'SEARCH'
11, 12702, 88.94605028826699, 88.94605028826699, 'SEARCH'
11, 12703, 88.93822298173973, 88.93822298173973, 'SEARCH'
11, 12704, 88.93226401810622, 88.93226401810622, 'SEARCH'
11, 12705, 88.90609427125419, 88.90609427125419, 'SEARCH'
11, 12706, 88.88694253414045, 88.88694253414045, 'SEARCH'
11, 12707, 88.87321870404169, 88.87321870404169, 'SEARCH'
11, 12708, 88.85824053599949, 88.85824053599949, 'SEARCH'
11, 12709, 88.8377108157227, 88.8377108157227, 'SEARCH'
11, 12710, 88.82010617523692, 88.82010617523692, 'SEARCH'
11, 12711, 88.79233603369566, 88.79233603369566, 'SEARCH'
11, 12712, 88.76523378925751, 88.76523378925751, 'SEARCH'
11, 12713, 88.75276942150066, 88.75276942150066, 'SEARCH'
11, 12714, 88.72888075324283, 88.72888075324283, 'SEARCH'
11, 12715, 88.70679114752305, 88.70679114752305, 'SEARCH'
11, 12716, 88.70307195634432, 88.70307195634432, 'SEARCH'
11, 12717, 88.67944293958078, 88.67944293958078, 'SEARCH'
11, 12718, 88.66283834048282, 88.66283834048282, 'SEARCH'
11, 12719, 88.65098111647463, 88.65098111647463, 'SEARCH'
11, 12720, 88.6247624072844, 88.6247624072844, 'SEARCH'
11, 12721, 88.61697765810574, 88.61697765810574, 'SEARCH'
11, 12722, 88.59778513228363, 88.59778513228363, 'SEARCH'
11, 12723, 88.57332191583755, 88.57332191583755, 'SEARCH'
11, 12724, 88.5582992239978, 88.5582992239978, 'SEARCH'
11, 12725, 88.55075386658247, 88.55075386658247, 'SEARCH'
11, 12726, 88.53208963393426, 88.53208963393426, 'SEARCH'
11, 12727, 88.52045086806191, 88.52045086806191, 'SEARCH'
11, 12728, 88.51986639972961, 88.51986639972961, 'SEARCH'
11, 12729, 88.49415305351575, 88.49415305351575, 'SEARCH'
11, 12730, 88.47263157099184, 88.47263157099184, 'SEARCH'
11, 12731, 88.44489702465478, 88.44489702465478, 'SEARCH'
11, 12732, 88.42772249732764, 88.42772249732764, 'SEARCH'
11, 12733, 88.42043658129586, 88.42043658129586, 'SEARCH'
11, 12734, 88.39282271367581, 88.39282271367581, 'SEARCH'
11, 12735, 88.37720125952008, 88.37720125952008, 'SEARCH'
11, 12736, 88.37036997589517, 88.37036997589517, 'SEARCH'
11, 12737, 88.37837171320662, 88.37837171320662, 'SEARCH'
11, 12738, 88.3581497352129, 88.3581497352129, 'SEARCH'
11, 12739, 88.34002200715672, 88.34002200715672, 'SEARCH'
11, 12740, 88.32029758491007, 88.32029758491007, 'SEARCH'
11, 12741, 88.32114376795445, 88.32114376795445, 'SEARCH'
11, 12742, 88.2949235269903, 88.2949235269903, 'SEARCH'
11, 12743, 88.2720957032838, 88.2720957032838, 'SEARCH'
11, 12744, 88.24926530302541, 88.24926530302541, 'SEARCH'
11, 12745, 88.2563215365711, 88.2563215365711, 'SEARCH'
11, 12746, 88.23482845224501, 88.23482845224501, 'SEARCH'
11, 12747, 88.20705102905174, 88.20705102905174, 'SEARCH'
11, 12748, 88.18437620771952, 88.18437620771952, 'SEARCH'
11, 12749, 88.17454251933276, 88.17454251933276, 'SEARCH'
11, 12750, 88.15092329928156, 88.15092329928156, 'SEARCH'
11, 12751, 88.12680627710776, 88.12680627710776, 'SEARCH'
11, 12752, 88.1041243103506, 88.1041243103506, 'SEARCH'
11, 12753, 88.07687947157667, 88.07687947157667, 'SEARCH'
11, 12754, 88.0830183962908, 88.0830183962908, 'SEARCH'
11, 12755, 88.06506825526155, 88.06506825526155, 'SEARCH'
11, 12756, 88.05728553078974, 88.05728553078974, 'SEARCH'
11, 12757, 88.03461279676897, 88.03461279676897, 'SEARCH'
11, 12758, 88.00684761519155, 88.00684761519155, 'SEARCH'
11, 12759, 88.0120191704144, 88.0120191704144, 'SEARCH'
11, 12760, 87.99282598237969, 87.99282598237969, 'SEARCH'
11, 12761, 87.97544826928885, 87.97544826928885, 'SEARCH'
11, 12762, 87.97919289681619, 87.97919289681619, 'SEARCH'
11, 12763, 87.95330844639038, 87.95330844639038, 'SEARCH'
11, 12764, 87.92818746868086, 87.92818746868086, 'SEARCH'
11, 12765, 87.9018840131406, 87.9018840131406, 'SEARCH'
11, 12766, 87.88232870434638, 87.88232870434638, 'SEARCH'
11, 12767, 87.88076273132518, 87.88076273132518, 'SEARCH'
11, 12768, 87.87870176263188, 87.87870176263188, 'SEARCH'
11, 12769, 87.85659883057203, 87.85659883057203, 'SEARCH'
11, 12770, 87.84767451048474, 87.84767451048474, 'SEARCH'
11, 12771, 87.82900265393054, 87.82900265393054, 'SEARCH'
11, 12772, 87.80125686079354, 87.80125686079354, 'SEARCH'
11, 12773, 87.79371518588414, 87.79371518588414, 'SEARCH'
11, 12774, 87.76849458148648, 87.76849458148648, 'SEARCH'
11, 12775, 87.76838411163209, 87.76838411163209, 'SEARCH'
11, 12776, 87.77356467114585, 87.77356467114585, 'SEARCH'
11, 12777, 87.7792093068371, 87.7792093068371, 'SEARCH'
11, 12778, 87.75740981490279, 87.75740981490279, 'SEARCH'
11, 12779, 87.74176389525005, 87.74176389525005, 'SEARCH'
11, 12780, 87.71427691337811, 87.71427691337811, 'SEARCH'
11, 12781, 87.69260145680086, 87.69260145680086, 'SEARCH'
11, 12782, 87.6671662884794, 87.6671662884794, 'SEARCH'
11, 12783, 87.6427098495944, 87.6427098495944, 'SEARCH'
11, 12784, 87.64547355161731, 87.64547355161731, 'SEARCH'
11, 12785, 87.64417181204182, 87.64417181204182, 'SEARCH'
11, 12786, 87.63318881209969, 87.63318881209969, 'SEARCH'
11, 12787, 87.61834162332083, 87.61834162332083, 'SEARCH'
11, 12788, 87.59059406251642, 87.59059406251642, 'SEARCH'
11, 12789, 87.59668978500223, 87.59668978500223, 'SEARCH'
11, 12790, 87.57348559979657, 87.57348559979657, 'SEARCH'
11, 12791, 87.57957798340449, 87.57957798340449, 'SEARCH'
11, 12792, 87.55358406558511, 87.55358406558511, 'SEARCH'
11, 12793, 87.52897663328523, 87.52897663328523, 'SEARCH'
11, 12794, 87.50310780852587, 87.50310780852587, 'SEARCH'
11, 12795, 87.51106590853631, 87.51106590853631, 'SEARCH'
11, 12796, 87.48333633804572, 87.48333633804572, 'SEARCH'
11, 12797, 87.46155797992652, 87.46155797992652, 'SEARCH'
11, 12798, 87.46951640874835, 87.46951640874835, 'SEARCH'
11, 12799, 87.44174663352474, 87.44174663352474, 'SEARCH'
11, 12800, 87.45062043940453, 87.45062043940453, 'SEARCH'
11, 12801, 87.42641860850932, 87.42641860850932, 'SEARCH'
11, 12802, 87.41674602937823, 87.41674602937823, 'SEARCH'
11, 12803, 87.38963738182876, 87.38963738182876, 'SEARCH'
11, 12804, 87.3731539175464, 87.3731539175464, 'SEARCH'
11, 12805, 87.38061681571767, 87.38061681571767, 'SEARCH'
11, 12806, 87.35350386071225, 87.35350386071225, 'SEARCH'
11, 12807, 87.32931295063004, 87.32931295063004, 'SEARCH'
11, 12808, 87.30821454865934, 87.30821454865934, 'SEARCH'
11, 12809, 87.30455788513122, 87.30455788513122, 'SEARCH'
11, 12810, 87.29084210382612, 87.29084210382612, 'SEARCH'
11, 12811, 87.26467573058903, 87.26467573058903, 'SEARCH'
11, 12812, 87.2582421739637, 87.2582421739637, 'SEARCH'
11, 12813, 87.23565216118784, 87.23565216118784, 'SEARCH'
11, 12814, 87.22920357813553, 87.22920357813553, 'SEARCH'
11, 12815, 87.20218716097114, 87.20218716097114, 'SEARCH'
11, 12816, 87.17556219648851, 87.17556219648851, 'SEARCH'
11, 12817, 87.16025589779233, 87.16025589779233, 'SEARCH'
11, 12818, 87.15761539370202, 87.15761539370202, 'SEARCH'
11, 12819, 87.13276088599359, 87.13276088599359, 'SEARCH'
11, 12820, 87.10612918035447, 87.10612918035447, 'SEARCH'
11, 12821, 87.0888319191804, 87.0888319191804, 'SEARCH'
11, 12822, 87.08186032599306, 87.08186032599306, 'SEARCH'
11, 12823, 87.05819100094057, 87.05819100094057, 'SEARCH'
11, 12824, 87.03043858713832, 87.03043858713832, 'SEARCH'
11, 12825, 87.01758763681025, 87.01758763681025, 'SEARCH'
11, 12826, 86.99047679097389, 86.99047679097389, 'SEARCH'
11, 12827, 86.99978584910886, 86.99978584910886, 'SEARCH'
11, 12828, 86.9806846191847, 86.9806846191847, 'SEARCH'
11, 12829, 86.95750986512606, 86.95750986512606, 'SEARCH'
11, 12830, 86.93038431957221, 86.93038431957221, 'SEARCH'
11, 12831, 86.91128772936041, 86.91128772936041, 'SEARCH'
11, 12832, 86.90859867890605, 86.90859867890605, 'SEARCH'
11, 12833, 86.88137088760055, 86.88137088760055, 'SEARCH'
11, 12834, 86.85551016108799, 86.85551016108799, 'SEARCH'
11, 12835, 86.82934228254237, 86.82934228254237, 'SEARCH'
11, 12836, 86.82423301750737, 86.82423301750737, 'SEARCH'
11, 12837, 86.80283709982392, 86.80283709982392, 'SEARCH'
11, 12838, 86.78746030245468, 86.78746030245468, 'SEARCH'
11, 12839, 86.76381000744998, 86.76381000744998, 'SEARCH'
11, 12840, 86.7650827837361, 86.7650827837361, 'SEARCH'
11, 12841, 86.74557782101284, 86.74557782101284, 'SEARCH'
11, 12842, 86.73950760810597, 86.73950760810597, 'SEARCH'
11, 12843, 86.7298464216756, 86.7298464216756, 'SEARCH'
11, 12844, 86.71076991600938, 86.71076991600938, 'SEARCH'
11, 12845, 86.69314309982776, 86.69314309982776, 'SEARCH'
11, 12846, 86.6653761094341, 86.6653761094341, 'SEARCH'
11, 12847, 86.65790560504554, 86.65790560504554, 'SEARCH'
11, 12848, 86.6307731654374, 86.6307731654374, 'SEARCH'
11, 12849, 86.63156596290034, 86.63156596290034, 'SEARCH'
11, 12850, 86.6064709547728, 86.6064709547728, 'SEARCH'
11, 12851, 86.57892290635257, 86.57892290635257, 'SEARCH'
11, 12852, 86.58594082456058, 86.58594082456058, 'SEARCH'
11, 12853, 86.56179048786059, 86.56179048786059, 'SEARCH'
11, 12854, 86.54453715209738, 86.54453715209738, 'SEARCH'
11, 12855, 86.51850386512498, 86.51850386512498, 'SEARCH'
11, 12856, 86.5245630494825, 86.5245630494825, 'SEARCH'
11, 12857, 86.50960752131759, 86.50960752131759, 'SEARCH'
11, 12858, 86.4818844847291, 86.4818844847291, 'SEARCH'
11, 12859, 86.46203766357151, 86.46203766357151, 'SEARCH'
11, 12860, 86.45513967006082, 86.45513967006082, 'SEARCH'
11, 12861, 86.45833204949709, 86.45833204949709, 'SEARCH'
11, 12862, 86.45563354343436, 86.45563354343436, 'SEARCH'
11, 12863, 86.42915592154372, 86.42915592154372, 'SEARCH'
11, 12864, 86.40410433218463, 86.40410433218463, 'SEARCH'
11, 12865, 86.37827556185897, 86.37827556185897, 'SEARCH'
11, 12866, 86.38385465067064, 86.38385465067064, 'SEARCH'
11, 12867, 86.35638643994726, 86.35638643994726, 'SEARCH'
11, 12868, 86.35087846692826, 86.35087846692826, 'SEARCH'
11, 12869, 86.32602795395198, 86.32602795395198, 'SEARCH'
11, 12870, 86.30427853229392, 86.30427853229392, 'SEARCH'
11, 12871, 86.3050313705791, 86.3050313705791, 'SEARCH'
11, 12872, 86.28086169514913, 86.28086169514913, 'SEARCH'
11, 12873, 86.26320077114343, 86.26320077114343, 'SEARCH'
11, 12874, 86.24087304095971, 86.24087304095971, 'SEARCH'
11, 12875, 86.25014326885251, 86.25014326885251, 'SEARCH'
11, 12876, 86.24650350585851, 86.24650350585851, 'SEARCH'
11, 12877, 86.24434947179046, 86.24434947179046, 'SEARCH'
11, 12878, 86.21695489668204, 86.21695489668204, 'SEARCH'
11, 12879, 86.21188364618943, 86.21188364618943, 'SEARCH'
11, 12880, 86.19208543828478, 86.19208543828478, 'SEARCH'
11, 12881, 86.18941262421572, 86.18941262421572, 'SEARCH'
11, 12882, 86.19728091445795, 86.19728091445795, 'SEARCH'
11, 12883, 86.18117784421469, 86.18117784421469, 'SEARCH'
11, 12884, 86.18285076664384, 86.18285076664384, 'SEARCH'
11, 12885, 86.17092351382287, 86.17092351382287, 'SEARCH'
11, 12886, 86.17162750859968, 86.17162750859968, 'SEARCH'
11, 12887, 86.14498372444176, 86.14498372444176, 'SEARCH'
11, 12888, 86.13394037077941, 86.13394037077941, 'SEARCH'
11, 12889, 86.1210924994041, 86.1210924994041, 'SEARCH'
11, 12890, 86.11839669446283, 86.11839669446283, 'SEARCH'
11, 12891, 86.09473580944446, 86.09473580944446, 'SEARCH'
11, 12892, 86.06733292699612, 86.06733292699612, 'SEARCH'
11, 12893, 86.04184452538028, 86.04184452538028, 'SEARCH'
11, 12894, 86.02992104205411, 86.02992104205411, 'SEARCH'
11, 12895, 86.0175510940011, 86.0175510940011, 'SEARCH'
11, 12896, 86.01971485465464, 86.01971485465464, 'SEARCH'
11, 12897, 85.99795855746078, 85.99795855746078, 'SEARCH'
11, 12898, 85.98473321755131, 85.98473321755131, 'SEARCH'
11, 12899, 85.98929658193222, 85.98929658193222, 'SEARCH'
11, 12900, 85.96694726360715, 85.96694726360715, 'SEARCH'
11, 12901, 85.94518410168617, 85.94518410168617, 'SEARCH'
11, 12902, 85.91853772385838, 85.91853772385838, 'SEARCH'
11, 12903, 85.900834057577, 85.900834057577, 'SEARCH'
11, 12904, 85.88140200234128, 85.88140200234128, 'SEARCH'
11, 12905, 85.87869717499036, 85.87869717499036, 'SEARCH'
11, 12906, 85.87743143031692, 85.87743143031692, 'SEARCH'
11, 12907, 85.87230462635536, 85.87230462635536, 'SEARCH'
11, 12908, 85.84506925302051, 85.84506925302051, 'SEARCH'
11, 12909, 85.81729908554206, 85.81729908554206, 'SEARCH'
11, 12910, 85.79027142590958, 85.79027142590958, 'SEARCH'
11, 12911, 85.76339739043634, 85.76339739043634, 'SEARCH'
11, 12912, 85.75590664797315, 85.75590664797315, 'SEARCH'
11, 12913, 85.75800554091248, 85.75800554091248, 'SEARCH'
11, 12914, 85.73792019790874, 85.73792019790874, 'SEARCH'
11, 12915, 85.72948827677553, 85.72948827677553, 'SEARCH'
11, 12916, 85.71174746473208, 85.71174746473208, 'SEARCH'
11, 12917, 85.69650020292798, 85.69650020292798, 'SEARCH'
11, 12918, 85.70336821949559, 85.70336821949559, 'SEARCH'
11, 12919, 85.68249654017909, 85.68249654017909, 'SEARCH'
11, 12920, 85.65634826782201, 85.65634826782201, 'SEARCH'
11, 12921, 85.64836151770452, 85.64836151770452, 'SEARCH'
11, 12922, 85.6213252377993, 85.6213252377993, 'SEARCH'
11, 12923, 85.60092166117069, 85.60092166117069, 'SEARCH'
11, 12924, 85.573368273443, 85.573368273443, 'SEARCH'
11, 12925, 85.54684560113924, 85.54684560113924, 'SEARCH'
11, 12926, 85.53952200744568, 85.53952200744568, 'SEARCH'
11, 12927, 85.51286232930391, 85.51286232930391, 'SEARCH'
11, 12928, 85.48566076879804, 85.48566076879804, 'SEARCH'
11, 12929, 85.4603478411, 85.4603478411, 'SEARCH'
11, 12930, 85.45633143698016, 85.45633143698016, 'SEARCH'
11, 12931, 85.43028545157316, 85.43028545157316, 'SEARCH'
11, 12932, 85.40985978179647, 85.40985978179647, 'SEARCH'
11, 12933, 85.38213820054972, 85.38213820054972, 'SEARCH'
11, 12934, 85.37666610681104, 85.37666610681104, 'SEARCH'
11, 12935, 85.34894355923028, 85.34894355923028, 'SEARCH'
11, 12936, 85.33480051586639, 85.33480051586639, 'SEARCH'
11, 12937, 85.33595123086354, 85.33595123086354, 'SEARCH'
11, 12938, 85.30958584224862, 85.30958584224862, 'SEARCH'
11, 12939, 85.28883092751283, 85.28883092751283, 'SEARCH'
11, 12940, 85.27826068876281, 85.27826068876281, 'SEARCH'
11, 12941, 85.26257075304652, 85.26257075304652, 'SEARCH'
11, 12942, 85.24885608356195, 85.24885608356195, 'SEARCH'
11, 12943, 85.22210219769666, 85.22210219769666, 'SEARCH'
11, 12944, 85.20336923005148, 85.20336923005148, 'SEARCH'
11, 12945, 85.1781070136045, 85.1781070136045, 'SEARCH'
11, 12946, 85.15063026516168, 85.15063026516168, 'SEARCH'
11, 12947, 85.15987713111929, 85.15987713111929, 'SEARCH'
11, 12948, 85.13904688747836, 85.13904688747836, 'SEARCH'
11, 12949, 85.12024716935797, 85.12024716935797, 'SEARCH'
11, 12950, 85.1065231645075, 85.1065231645075, 'SEARCH'
11, 12951, 85.09124297092363, 85.09124297092363, 'SEARCH'
11, 12952, 85.06348948345145, 85.06348948345145, 'SEARCH'
11, 12953, 85.05705194290361, 85.05705194290361, 'SEARCH'
11, 12954, 85.03386848749304, 85.03386848749304, 'SEARCH'
11, 12955, 85.02372583930982, 85.02372583930982, 'SEARCH'
11, 12956, 85.01267585606098, 85.01267585606098, 'SEARCH'
11, 12957, 84.9915425410194, 84.9915425410194, 'SEARCH'
11, 12958, 84.9638904758371, 84.9638904758371, 'SEARCH'
11, 12959, 84.93612278711598, 84.93612278711598, 'SEARCH'
11, 12960, 84.92037385387296, 84.92037385387296, 'SEARCH'
11, 12961, 84.89264623957997, 84.89264623957997, 'SEARCH'
11, 12962, 84.88115019792244, 84.88115019792244, 'SEARCH'
11, 12963, 84.87753795443858, 84.87753795443858, 'SEARCH'
11, 12964, 84.8816423767993, 84.8816423767993, 'SEARCH'
11, 12965, 84.8546352824364, 84.8546352824364, 'SEARCH'
11, 12966, 84.82723985557267, 84.82723985557267, 'SEARCH'
11, 12967, 84.83558891837599, 84.83558891837599, 'SEARCH'
11, 12968, 84.82408442896235, 84.82408442896235, 'SEARCH'
11, 12969, 84.79790138190224, 84.79790138190224, 'SEARCH'
11, 12970, 84.79717225293335, 84.79717225293335, 'SEARCH'
11, 12971, 84.77323098655172, 84.77323098655172, 'SEARCH'
11, 12972, 84.76485684976177, 84.76485684976177, 'SEARCH'
11, 12973, 84.74611583266207, 84.74611583266207, 'SEARCH'
11, 12974, 84.71890113879945, 84.71890113879945, 'SEARCH'
11, 12975, 84.70319005996063, 84.70319005996063, 'SEARCH'
11, 12976, 84.69814634374441, 84.69814634374441, 'SEARCH'
11, 12977, 84.69356891914626, 84.69356891914626, 'SEARCH'
11, 12978, 84.68993911601878, 84.68993911601878, 'SEARCH'
11, 12979, 84.66229073091432, 84.66229073091432, 'SEARCH'
11, 12980, 84.6586529917465, 84.6586529917465, 'SEARCH'
11, 12981, 84.65409172491876, 84.65409172491876, 'SEARCH'
11, 12982, 84.6263664599673, 84.6263664599673, 'SEARCH'
11, 12983, 84.62082034892892, 84.62082034892892, 'SEARCH'
11, 12984, 84.5982174023926, 84.5982174023926, 'SEARCH'
11, 12985, 84.59796440113819, 84.59796440113819, 'SEARCH'
11, 12986, 84.59527951743053, 84.59527951743053, 'SEARCH'
11, 12987, 84.58506697691321, 84.58506697691321, 'SEARCH'
11, 12988, 84.57306805132939, 84.57306805132939, 'SEARCH'
11, 12989, 84.56238766193263, 84.56238766193263, 'SEARCH'
11, 12990, 84.5406083615788, 84.5406083615788, 'SEARCH'
11, 12991, 84.52189380429941, 84.52189380429941, 'SEARCH'
11, 12992, 84.4979900104438, 84.4979900104438, 'SEARCH'
11, 12993, 84.47294039349264, 84.47294039349264, 'SEARCH'
11, 12994, 84.46317115885675, 84.46317115885675, 'SEARCH'
11, 12995, 84.46335907359185, 84.46335907359185, 'SEARCH'
11, 12996, 84.45823153263876, 84.45823153263876, 'SEARCH'
11, 12997, 84.45597437649981, 84.45597437649981, 'SEARCH'
11, 12998, 84.44587741039864, 84.44587741039864, 'SEARCH'
11, 12999, 84.43931729405158, 84.43931729405158, 'SEARCH'
11, 13000, 84.41270878520056, 84.41270878520056, 'SEARCH'
11, 13001, 84.39228507351588, 84.39228507351588, 'SEARCH'
11, 13002, 84.37543308886792, 84.37543308886792, 'SEARCH'
11, 13003, 84.3497460964397, 84.3497460964397, 'SEARCH'
11, 13004, 84.34750250336207, 84.34750250336207, 'SEARCH'
11, 13005, 84.32004121179057, 84.32004121179057, 'SEARCH'
11, 13006, 84.29245023839508, 84.29245023839508, 'SEARCH'
11, 13007, 84.27302923808584, 84.27302923808584, 'SEARCH'
11, 13008, 84.27127571173614, 84.27127571173614, 'SEARCH'
11, 13009, 84.24706488394246, 84.24706488394246, 'SEARCH'
11, 13010, 84.24771845598559, 84.24771845598559, 'SEARCH'
11, 13011, 84.23496823079262, 84.23496823079262, 'SEARCH'
11, 13012, 84.21614743431539, 84.21614743431539, 'SEARCH'
11, 13013, 84.1913244578473, 84.1913244578473, 'SEARCH'
11, 13014, 84.1635940994466, 84.1635940994466, 'SEARCH'
11, 13015, 84.16953618409222, 84.16953618409222, 'SEARCH'
11, 13016, 84.15509417314279, 84.15509417314279, 'SEARCH'
11, 13017, 84.15250401737788, 84.15250401737788, 'SEARCH'
11, 13018, 84.12599382490681, 84.12599382490681, 'SEARCH'
11, 13019, 84.09833809976178, 84.09833809976178, 'SEARCH'
11, 13020, 84.08776369183872, 84.08776369183872, 'SEARCH'
11, 13021, 84.09325455300097, 84.09325455300097, 'SEARCH'
11, 13022, 84.06548477670522, 84.06548477670522, 'SEARCH'
11, 13023, 84.0381828294833, 84.0381828294833, 'SEARCH'
11, 13024, 84.02760235039003, 84.02760235039003, 'SEARCH'
11, 13025, 84.00084596263548, 84.00084596263548, 'SEARCH'
11, 13026, 84.00250593266878, 84.00250593266878, 'SEARCH'
11, 13027, 83.9826596894624, 83.9826596894624, 'SEARCH'
11, 13028, 83.974359147272, 83.974359147272, 'SEARCH'
11, 13029, 83.97270586298096, 83.97270586298096, 'SEARCH'
11, 13030, 83.94653150805286, 83.94653150805286, 'SEARCH'
11, 13031, 83.95299284754935, 83.95299284754935, 'SEARCH'
11, 13032, 83.9264898131824, 83.9264898131824, 'SEARCH'
11, 13033, 83.92717935243041, 83.92717935243041, 'SEARCH'
11, 13034, 83.91262303420717, 83.91262303420717, 'SEARCH'
11, 13035, 83.88583983649231, 83.88583983649231, 'SEARCH'
11, 13036, 83.85947860357786, 83.85947860357786, 'SEARCH'
11, 13037, 83.8338388042625, 83.8338388042625, 'SEARCH'
11, 13038, 83.83499615624187, 83.83499615624187, 'SEARCH'
11, 13039, 83.81592358172763, 83.81592358172763, 'SEARCH'
11, 13040, 83.78879216531716, 83.78879216531716, 'SEARCH'
11, 13041, 83.76140469119767, 83.76140469119767, 'SEARCH'
11, 13042, 83.73749689877096, 83.73749689877096, 'SEARCH'
11, 13043, 83.73536085239667, 83.73536085239667, 'SEARCH'
11, 13044, 83.72128940888193, 83.72128940888193, 'SEARCH'
11, 13045, 83.70047225368775, 83.70047225368775, 'SEARCH'
11, 13046, 83.68937241955265, 83.68937241955265, 'SEARCH'
11, 13047, 83.69906685460188, 83.69906685460188, 'SEARCH'
11, 13048, 83.69491345729242, 83.69491345729242, 'SEARCH'
11, 13049, 83.67805092030592, 83.67805092030592, 'SEARCH'
11, 13050, 83.66746576259163, 83.66746576259163, 'SEARCH'
11, 13051, 83.64046400410497, 83.64046400410497, 'SEARCH'
11, 13052, 83.62804178296804, 83.62804178296804, 'SEARCH'
11, 13053, 83.60082984492624, 83.60082984492624, 'SEARCH'
11, 13054, 83.59198162966669, 83.59198162966669, 'SEARCH'
11, 13055, 83.56437714390657, 83.56437714390657, 'SEARCH'
11, 13056, 83.57314772593641, 83.57314772593641, 'SEARCH'
11, 13057, 83.56257141018968, 83.56257141018968, 'SEARCH'
11, 13058, 83.53707924117325, 83.53707924117325, 'SEARCH'
11, 13059, 83.51292662510221, 83.51292662510221, 'SEARCH'
11, 13060, 83.49682883255102, 83.49682883255102, 'SEARCH'
11, 13061, 83.4831252515126, 83.4831252515126, 'SEARCH'
11, 13062, 83.47994262642871, 83.47994262642871, 'SEARCH'
11, 13063, 83.45506096442794, 83.45506096442794, 'SEARCH'
11, 13064, 83.43085813050087, 83.43085813050087, 'SEARCH'
11, 13065, 83.41352121813605, 83.41352121813605, 'SEARCH'
11, 13066, 83.38962032917895, 83.38962032917895, 'SEARCH'
11, 13067, 83.39510245127323, 83.39510245127323, 'SEARCH'
11, 13068, 83.36780257221264, 83.36780257221264, 'SEARCH'
11, 13069, 83.35892708824237, 83.35892708824237, 'SEARCH'
11, 13070, 83.3311498107331, 83.3311498107331, 'SEARCH'
11, 13071, 83.31657351162787, 83.31657351162787, 'SEARCH'
11, 13072, 83.29167753277041, 83.29167753277041, 'SEARCH'
11, 13073, 83.27750544987867, 83.27750544987867, 'SEARCH'
11, 13074, 83.28576768699028, 83.28576768699028, 'SEARCH'
11, 13075, 83.2691585126413, 83.2691585126413, 'SEARCH'
11, 13076, 83.24977167250873, 83.24977167250873, 'SEARCH'
11, 13077, 83.25232911668387, 83.25232911668387, 'SEARCH'
11, 13078, 83.23329384639412, 83.23329384639412, 'SEARCH'
11, 13079, 83.21102844498685, 83.21102844498685, 'SEARCH'
11, 13080, 83.19365986003885, 83.19365986003885, 'SEARCH'
11, 13081, 83.16785395850218, 83.16785395850218, 'SEARCH'
11, 13082, 83.16993453606055, 83.16993453606055, 'SEARCH'
11, 13083, 83.14340904878686, 83.14340904878686, 'SEARCH'
11, 13084, 83.12174041438122, 83.12174041438122, 'SEARCH'
11, 13085, 83.11237070019426, 83.11237070019426, 'SEARCH'
11, 13086, 83.0846056616315, 83.0846056616315, 'SEARCH'
11, 13087, 83.0721118180256, 83.0721118180256, 'SEARCH'
11, 13088, 83.04915100757923, 83.04915100757923, 'SEARCH'
11, 13089, 83.02392685851427, 83.02392685851427, 'SEARCH'
11, 13090, 83.00352730427176, 83.00352730427176, 'SEARCH'
11, 13091, 82.97594057751466, 82.97594057751466, 'SEARCH'
11, 13092, 82.9482211923247, 82.9482211923247, 'SEARCH'
11, 13093, 82.95365986714471, 82.95365986714471, 'SEARCH'
11, 13094, 82.94918762987878, 82.94918762987878, 'SEARCH'
11, 13095, 82.93602235723192, 82.93602235723192, 'SEARCH'
11, 13096, 82.93859587985958, 82.93859587985958, 'SEARCH'
11, 13097, 82.91139622995468, 82.91139622995468, 'SEARCH'
11, 13098, 82.8930627858737, 82.8930627858737, 'SEARCH'
11, 13099, 82.86775056739043, 82.86775056739043, 'SEARCH'
11, 13100, 82.8646942589047, 82.8646942589047, 'SEARCH'
11, 13101, 82.84362143226788, 82.84362143226788, 'SEARCH'
11, 13102, 82.84282809012991, 82.84282809012991, 'SEARCH'
11, 13103, 82.83960552628682, 82.83960552628682, 'SEARCH'
11, 13104, 82.83975735948769, 82.83975735948769, 'SEARCH'
11, 13105, 82.84893263018333, 82.84893263018333, 'SEARCH'
11, 13106, 82.84615529638086, 82.84615529638086, 'SEARCH'
11, 13107, 82.83093027893763, 82.83093027893763, 'SEARCH'
11, 13108, 82.80316529470323, 82.80316529470323, 'SEARCH'
11, 13109, 82.78343216747899, 82.78343216747899, 'SEARCH'
11, 13110, 82.78280753319945, 82.78280753319945, 'SEARCH'
11, 13111, 82.76375200755527, 82.76375200755527, 'SEARCH'
11, 13112, 82.75672022847837, 82.75672022847837, 'SEARCH'
11, 13113, 82.74828081829013, 82.74828081829013, 'SEARCH'
11, 13114, 82.72647848250661, 82.72647848250661, 'SEARCH'
11, 13115, 82.70364717275012, 82.70364717275012, 'SEARCH'
11, 13116, 82.6920384243738, 82.6920384243738, 'SEARCH'
11, 13117, 82.66524207269542, 82.66524207269542, 'SEARCH'
11, 13118, 82.64213923167415, 82.64213923167415, 'SEARCH'
11, 13119, 82.615041848877, 82.615041848877, 'SEARCH'
11, 13120, 82.62143360745576, 82.62143360745576, 'SEARCH'
11, 13121, 82.60294665921963, 82.60294665921963, 'SEARCH'
11, 13122, 82.57517561111005, 82.57517561111005, 'SEARCH'
11, 13123, 82.55779481510757, 82.55779481510757, 'SEARCH'
11, 13124, 82.55285244785028, 82.55285244785028, 'SEARCH'
11, 13125, 82.5368106858402, 82.5368106858402, 'SEARCH'
11, 13126, 82.51307548813274, 82.51307548813274, 'SEARCH'
11, 13127, 82.50575030316503, 82.50575030316503, 'SEARCH'
11, 13128, 82.49731245923809, 82.49731245923809, 'SEARCH'
11, 13129, 82.48312793347407, 82.48312793347407, 'SEARCH'
11, 13130, 82.45690705057083, 82.45690705057083, 'SEARCH'
11, 13131, 82.46328325173137, 82.46328325173137, 'SEARCH'
11, 13132, 82.45276795095332, 82.45276795095332, 'SEARCH'
11, 13133, 82.42610257605062, 82.42610257605062, 'SEARCH'
11, 13134, 82.4068999846821, 82.4068999846821, 'SEARCH'
11, 13135, 82.41513834222918, 82.41513834222918, 'SEARCH'
11, 13136, 82.38747604202817, 82.38747604202817, 'SEARCH'
11, 13137, 82.37067043515833, 82.37067043515833, 'SEARCH'
11, 13138, 82.34586489595459, 82.34586489595459, 'SEARCH'
11, 13139, 82.33313807459429, 82.33313807459429, 'SEARCH'
11, 13140, 82.30698708203992, 82.30698708203992, 'SEARCH'
11, 13141, 82.29900839176025, 82.29900839176025, 'SEARCH'
11, 13142, 82.29527905719283, 82.29527905719283, 'SEARCH'
11, 13143, 82.29010236226328, 82.29010236226328, 'SEARCH'
11, 13144, 82.26403899163472, 82.26403899163472, 'SEARCH'
11, 13145, 82.24380014580792, 82.24380014580792, 'SEARCH'
11, 13146, 82.2298202425235, 82.2298202425235, 'SEARCH'
11, 13147, 82.22751611545257, 82.22751611545257, 'SEARCH'
11, 13148, 82.21975863802969, 82.21975863802969, 'SEARCH'
11, 13149, 82.20639480058811, 82.20639480058811, 'SEARCH'
11, 13150, 82.20580208664371, 82.20580208664371, 'SEARCH'
11, 13151, 82.18088865855184, 82.18088865855184, 'SEARCH'
11, 13152, 82.1627534283708, 82.1627534283708, 'SEARCH'
11, 13153, 82.15406569395209, 82.15406569395209, 'SEARCH'
11, 13154, 82.14007124489794, 82.14007124489794, 'SEARCH'
11, 13155, 82.13115462533176, 82.13115462533176, 'SEARCH'
11, 13156, 82.10347209657215, 82.10347209657215, 'SEARCH'
11, 13157, 82.08307059349583, 82.08307059349583, 'SEARCH'
11, 13158, 82.08417687885586, 82.08417687885586, 'SEARCH'
11, 13159, 82.05640144050537, 82.05640144050537, 'SEARCH'
11, 13160, 82.04886697278387, 82.04886697278387, 'SEARCH'
11, 13161, 82.05091989864795, 82.05091989864795, 'SEARCH'
11, 13162, 82.0319004299177, 82.0319004299177, 'SEARCH'
11, 13163, 82.00766076191357, 82.00766076191357, 'SEARCH'
11, 13164, 82.00873984935052, 82.00873984935052, 'SEARCH'
11, 13165, 81.98381604980321, 81.98381604980321, 'SEARCH'
11, 13166, 81.98342499018793, 81.98342499018793, 'SEARCH'
11, 13167, 81.98350617764683, 81.98350617764683, 'SEARCH'
11, 13168, 81.97009927336534, 81.97009927336534, 'SEARCH'
11, 13169, 81.94560058905184, 81.94560058905184, 'SEARCH'
11, 13170, 81.93893391347217, 81.93893391347217, 'SEARCH'
11, 13171, 81.91265542586676, 81.91265542586676, 'SEARCH'
11, 13172, 81.90835919841084, 81.90835919841084, 'SEARCH'
11, 13173, 81.88078390275723, 81.88078390275723, 'SEARCH'
11, 13174, 81.86083121407766, 81.86083121407766, 'SEARCH'
11, 13175, 81.84049220555926, 81.84049220555926, 'SEARCH'
11, 13176, 81.8131286427539, 81.8131286427539, 'SEARCH'
11, 13177, 81.78684810151437, 81.78684810151437, 'SEARCH'
11, 13178, 81.76821946368138, 81.76821946368138, 'SEARCH'
11, 13179, 81.74794995548785, 81.74794995548785, 'SEARCH'
11, 13180, 81.75187562396334, 81.75187562396334, 'SEARCH'
11, 13181, 81.72613833910832, 81.72613833910832, 'SEARCH'
11, 13182, 81.72618335431078, 81.72618335431078, 'SEARCH'
11, 13183, 81.70872739064255, 81.70872739064255, 'SEARCH'
11, 13184, 81.68980059957111, 81.68980059957111, 'SEARCH'
11, 13185, 81.69127083436783, 81.69127083436783, 'SEARCH'
11, 13186, 81.67655399415906, 81.67655399415906, 'SEARCH'
11, 13187, 81.6546683405418, 81.6546683405418, 'SEARCH'
11, 13188, 81.63681619825654, 81.63681619825654, 'SEARCH'
11, 13189, 81.62048549460417, 81.62048549460417, 'SEARCH'
11, 13190, 81.59297625089191, 81.59297625089191, 'SEARCH'
11, 13191, 81.58861874105904, 81.58861874105904, 'SEARCH'
11, 13192, 81.5735103565238, 81.5735103565238, 'SEARCH'
11, 13193, 81.55493262623362, 81.55493262623362, 'SEARCH'
11, 13194, 81.5319045491827, 81.5319045491827, 'SEARCH'
11, 13195, 81.52613687240779, 81.52613687240779, 'SEARCH'
11, 13196, 81.49870172601203, 81.49870172601203, 'SEARCH'
11, 13197, 81.47276905599004, 81.47276905599004, 'SEARCH'
11, 13198, 81.44606787030155, 81.44606787030155, 'SEARCH'
11, 13199, 81.4191161713752, 81.4191161713752, 'SEARCH'
11, 13200, 81.39847546054531, 81.39847546054531, 'SEARCH'
11, 13201, 81.39654116356664, 81.39654116356664, 'SEARCH'
11, 13202, 81.36997991632653, 81.36997991632653, 'SEARCH'
11, 13203, 81.37528814216857, 81.37528814216857, 'SEARCH'
11, 13204, 81.36443003532645, 81.36443003532645, 'SEARCH'
11, 13205, 81.34583147635321, 81.34583147635321, 'SEARCH'
11, 13206, 81.33367555776684, 81.33367555776684, 'SEARCH'
11, 13207, 81.30830372274617, 81.30830372274617, 'SEARCH'
11, 13208, 81.29197357971366, 81.29197357971366, 'SEARCH'
11, 13209, 81.28621027949006, 81.28621027949006, 'SEARCH'
11, 13210, 81.26345565433297, 81.26345565433297, 'SEARCH'
11, 13211, 81.24791418634894, 81.24791418634894, 'SEARCH'
11, 13212, 81.22233601156191, 81.22233601156191, 'SEARCH'
11, 13213, 81.20682716841038, 81.20682716841038, 'SEARCH'
11, 13214, 81.17925400056156, 81.17925400056156, 'SEARCH'
11, 13215, 81.17445419013406, 81.17445419013406, 'SEARCH'
11, 13216, 81.14710049866366, 81.14710049866366, 'SEARCH'
11, 13217, 81.1524127118708, 81.1524127118708, 'SEARCH'
11, 13218, 81.1353116639455, 81.1353116639455, 'SEARCH'
11, 13219, 81.11783891361719, 81.11783891361719, 'SEARCH'
11, 13220, 81.09009932968912, 81.09009932968912, 'SEARCH'
11, 13221, 81.07261493758133, 81.07261493758133, 'SEARCH'
11, 13222, 81.05706876894, 81.05706876894, 'SEARCH'
11, 13223, 81.05365598800614, 81.05365598800614, 'SEARCH'
11, 13224, 81.02598039198463, 81.02598039198463, 'SEARCH'
11, 13225, 81.02545127214634, 81.02545127214634, 'SEARCH'
11, 13226, 81.00192473554333, 81.00192473554333, 'SEARCH'
11, 13227, 80.99013777018601, 80.99013777018601, 'SEARCH'
11, 13228, 80.9627707566267, 80.9627707566267, 'SEARCH'
11, 13229, 80.93951247308698, 80.93951247308698, 'SEARCH'
11, 13230, 80.93909263867988, 80.93909263867988, 'SEARCH'
11, 13231, 80.91354349318868, 80.91354349318868, 'SEARCH'
11, 13232, 80.9105907377901, 80.9105907377901, 'SEARCH'
11, 13233, 80.8916006872564, 80.8916006872564, 'SEARCH'
11, 13234, 80.87681836335264, 80.87681836335264, 'SEARCH'
11, 13235, 80.86217120483226, 80.86217120483226, 'SEARCH'
11, 13236, 80.85183617323732, 80.85183617323732, 'SEARCH'
11, 13237, 80.84285432639442, 80.84285432639442, 'SEARCH'
11, 13238, 80.8203499888923, 80.8203499888923, 'SEARCH'
11, 13239, 80.80811598638859, 80.80811598638859, 'SEARCH'
11, 13240, 80.81109525886662, 80.81109525886662, 'SEARCH'
11, 13241, 80.81834559457279, 80.81834559457279, 'SEARCH'
11, 13242, 80.81404960627704, 80.81404960627704, 'SEARCH'
11, 13243, 80.80405974059411, 80.80405974059411, 'SEARCH'
11, 13244, 80.7881685490455, 80.7881685490455, 'SEARCH'
11, 13245, 80.76109340595163, 80.76109340595163, 'SEARCH'
11, 13246, 80.73351700988599, 80.73351700988599, 'SEARCH'
11, 13247, 80.70756602409838, 80.70756602409838, 'SEARCH'
11, 13248, 80.70316349487939, 80.70316349487939, 'SEARCH'
11, 13249, 80.68921319749369, 80.68921319749369, 'SEARCH'
11, 13250, 80.6644252796538, 80.6644252796538, 'SEARCH'
11, 13251, 80.63708553694917, 80.63708553694917, 'SEARCH'
11, 13252, 80.61174670136117, 80.61174670136117, 'SEARCH'
11, 13253, 80.5881429141011, 80.5881429141011, 'SEARCH'
11, 13254, 80.5633485372057, 80.5633485372057, 'SEARCH'
11, 13255, 80.55652589412716, 80.55652589412716, 'SEARCH'
11, 13256, 80.52966409037492, 80.52966409037492, 'SEARCH'
11, 13257, 80.5022480834689, 80.5022480834689, 'SEARCH'
11, 13258, 80.50382681130273, 80.50382681130273, 'SEARCH'
11, 13259, 80.49376756865684, 80.49376756865684, 'SEARCH'
11, 13260, 80.471658740822, 80.471658740822, 'SEARCH'
11, 13261, 80.44559720978482, 80.44559720978482, 'SEARCH'
11, 13262, 80.45148715467005, 80.45148715467005, 'SEARCH'
11, 13263, 80.44072937741396, 80.44072937741396, 'SEARCH'
11, 13264, 80.42511911463839, 80.42511911463839, 'SEARCH'
11, 13265, 80.40032132002361, 80.40032132002361, 'SEARCH'
11, 13266, 80.39184542299883, 80.39184542299883, 'SEARCH'
11, 13267, 80.38712219956489, 80.38712219956489, 'SEARCH'
11, 13268, 80.38769651039276, 80.38769651039276, 'SEARCH'
11, 13269, 80.37345556515348, 80.37345556515348, 'SEARCH'
11, 13270, 80.37206844222675, 80.37206844222675, 'SEARCH'
11, 13271, 80.34578652704481, 80.34578652704481, 'SEARCH'
11, 13272, 80.32941022213296, 80.32941022213296, 'SEARCH'
11, 13273, 80.32356399647557, 80.32356399647557, 'SEARCH'
11, 13274, 80.30810198948792, 80.30810198948792, 'SEARCH'
11, 13275, 80.28806735452261, 80.28806735452261, 'SEARCH'
11, 13276, 80.26043276845016, 80.26043276845016, 'SEARCH'
11, 13277, 80.23436147891348, 80.23436147891348, 'SEARCH'
11, 13278, 80.20957102534908, 80.20957102534908, 'SEARCH'
11, 13279, 80.18238022976793, 80.18238022976793, 'SEARCH'
11, 13280, 80.17556095715211, 80.17556095715211, 'SEARCH'
11, 13281, 80.16177223402215, 80.16177223402215, 'SEARCH'
11, 13282, 80.13410955631142, 80.13410955631142, 'SEARCH'
11, 13283, 80.11075509433209, 80.11075509433209, 'SEARCH'
11, 13284, 80.0872599427455, 80.0872599427455, 'SEARCH'
11, 13285, 80.0736957117055, 80.0736957117055, 'SEARCH'
11, 13286, 80.05115036812161, 80.05115036812161, 'SEARCH'
11, 13287, 80.0570563843203, 80.0570563843203, 'SEARCH'
11, 13288, 80.03929358632382, 80.03929358632382, 'SEARCH'
11, 13289, 80.0151814868874, 80.0151814868874, 'SEARCH'
11, 13290, 79.98808873889882, 79.98808873889882, 'SEARCH'
11, 13291, 79.9787068450293, 79.9787068450293, 'SEARCH'
11, 13292, 79.95412684088227, 79.95412684088227, 'SEARCH'
11, 13293, 79.94360701818741, 79.94360701818741, 'SEARCH'
11, 13294, 79.92456323803407, 79.92456323803407, 'SEARCH'
11, 13295, 79.90414756934145, 79.90414756934145, 'SEARCH'
11, 13296, 79.893148454823, 79.893148454823, 'SEARCH'
11, 13297, 79.88897225996116, 79.88897225996116, 'SEARCH'
11, 13298, 79.86429454732718, 79.86429454732718, 'SEARCH'
11, 13299, 79.85111695662134, 79.85111695662134, 'SEARCH'
11, 13300, 79.85128475035945, 79.85128475035945, 'SEARCH'
11, 13301, 79.83508281484578, 79.83508281484578, 'SEARCH'
11, 13302, 79.82803418363393, 79.82803418363393, 'SEARCH'
11, 13303, 79.82004068293077, 79.82004068293077, 'SEARCH'
11, 13304, 79.80819089998884, 79.80819089998884, 'SEARCH'
11, 13305, 79.78592568832809, 79.78592568832809, 'SEARCH'
11, 13306, 79.75893837710038, 79.75893837710038, 'SEARCH'
11, 13307, 79.73145226316211, 79.73145226316211, 'SEARCH'
11, 13308, 79.71941125787964, 79.71941125787964, 'SEARCH'
11, 13309, 79.72100525046231, 79.72100525046231, 'SEARCH'
11, 13310, 79.73016900007532, 79.73016900007532, 'SEARCH'
11, 13311, 79.70343608720728, 79.70343608720728, 'SEARCH'
11, 13312, 79.69473817447734, 79.69473817447734, 'SEARCH'
11, 13313, 79.66800002260918, 79.66800002260918, 'SEARCH'
11, 13314, 79.65423200943427, 79.65423200943427, 'SEARCH'
11, 13315, 79.63350280746862, 79.63350280746862, 'SEARCH'
11, 13316, 79.61170006767364, 79.61170006767364, 'SEARCH'
11, 13317, 79.58989356830796, 79.58989356830796, 'SEARCH'
11, 13318, 79.59388602691153, 79.59388602691153, 'SEARCH'
11, 13319, 79.58382457944998, 79.58382457944998, 'SEARCH'
11, 13320, 79.5685888289192, 79.5685888289192, 'SEARCH'
11, 13321, 79.5443620397211, 79.5443620397211, 'SEARCH'
11, 13322, 79.52255678687006, 79.52255678687006, 'SEARCH'
11, 13323, 79.52798442258747, 79.52798442258747, 'SEARCH'
11, 13324, 79.5338735931288, 79.5338735931288, 'SEARCH'
11, 13325, 79.53397664830085, 79.53397664830085, 'SEARCH'
11, 13326, 79.51642574316018, 79.51642574316018, 'SEARCH'
11, 13327, 79.49477447520664, 79.49477447520664, 'SEARCH'
11, 13328, 79.50065930436374, 79.50065930436374, 'SEARCH'
11, 13329, 79.47398493793516, 79.47398493793516, 'SEARCH'
11, 13330, 79.45461890085174, 79.45461890085174, 'SEARCH'
11, 13331, 79.42794734767634, 79.42794734767634, 'SEARCH'
11, 13332, 79.4015625316749, 79.4015625316749, 'SEARCH'
11, 13333, 79.40649032415145, 79.40649032415145, 'SEARCH'
11, 13334, 79.38747841043494, 79.38747841043494, 'SEARCH'
11, 13335, 79.36386665592028, 79.36386665592028, 'SEARCH'
11, 13336, 79.3366726202713, 79.3366726202713, 'SEARCH'
11, 13337, 79.30963363030588, 79.30963363030588, 'SEARCH'
11, 13338, 79.31832937265123, 79.31832937265123, 'SEARCH'
11, 13339, 79.30757194420374, 79.30757194420374, 'SEARCH'
11, 13340, 79.2821578780186, 79.2821578780186, 'SEARCH'
11, 13341, 79.27723487524388, 79.27723487524388, 'SEARCH'
11, 13342, 79.25820693040232, 79.25820693040232, 'SEARCH'
11, 13343, 79.23116968587493, 79.23116968587493, 'SEARCH'
11, 13344, 79.2038359678121, 79.2038359678121, 'SEARCH'
11, 13345, 79.20782625237959, 79.20782625237959, 'SEARCH'
11, 13346, 79.20674471716312, 79.20674471716312, 'SEARCH'
11, 13347, 79.20348403576135, 79.20348403576135, 'SEARCH'
11, 13348, 79.19950657233385, 79.19950657233385, 'SEARCH'
11, 13349, 79.1844836386121, 79.1844836386121, 'SEARCH'
11, 13350, 79.17397003952989, 79.17397003952989, 'SEARCH'
11, 13351, 79.16413652453255, 79.16413652453255, 'SEARCH'
11, 13352, 79.13689190837914, 79.13689190837914, 'SEARCH'
11, 13353, 79.11146778855337, 79.11146778855337, 'SEARCH'
11, 13354, 79.10868952174455, 79.10868952174455, 'SEARCH'
11, 13355, 79.0833594560145, 79.0833594560145, 'SEARCH'
11, 13356, 79.07606381646099, 79.07606381646099, 'SEARCH'
11, 13357, 79.0766720714081, 79.0766720714081, 'SEARCH'
11, 13358, 79.07559251755693, 79.07559251755693, 'SEARCH'
11, 13359, 79.04789129587579, 79.04789129587579, 'SEARCH'
11, 13360, 79.04679677870519, 79.04679677870519, 'SEARCH'
11, 13361, 79.02198402412516, 79.02198402412516, 'SEARCH'
11, 13362, 79.01682797321749, 79.01682797321749, 'SEARCH'
11, 13363, 78.99372432258662, 78.99372432258662, 'SEARCH'
11, 13364, 78.99386817545118, 78.99386817545118, 'SEARCH'
11, 13365, 78.98965180076958, 78.98965180076958, 'SEARCH'
11, 13366, 78.9917070613909, 78.9917070613909, 'SEARCH'
11, 13367, 78.97067451698108, 78.97067451698108, 'SEARCH'
11, 13368, 78.94478320675863, 78.94478320675863, 'SEARCH'
11, 13369, 78.9243910814196, 78.9243910814196, 'SEARCH'
11, 13370, 78.9220933639513, 78.9220933639513, 'SEARCH'
11, 13371, 78.89453634900286, 78.89453634900286, 'SEARCH'
11, 13372, 78.86734258696069, 78.86734258696069, 'SEARCH'
11, 13373, 78.83968095015997, 78.83968095015997, 'SEARCH'
11, 13374, 78.82344949115036, 78.82344949115036, 'SEARCH'
11, 13375, 78.80224078441016, 78.80224078441016, 'SEARCH'
11, 13376, 78.77551098737632, 78.77551098737632, 'SEARCH'
11, 13377, 78.77249933140303, 78.77249933140303, 'SEARCH'
11, 13378, 78.76379936862556, 78.76379936862556, 'SEARCH'
11, 13379, 78.74937661631583, 78.74937661631583, 'SEARCH'
11, 13380, 78.72681698957629, 78.72681698957629, 'SEARCH'
11, 13381, 78.70415397517648, 78.70415397517648, 'SEARCH'
11, 13382, 78.67638820479797, 78.67638820479797, 'SEARCH'
11, 13383, 78.67124107970652, 78.67124107970652, 'SEARCH'
11, 13384, 78.65789966155528, 78.65789966155528, 'SEARCH'
11, 13385, 78.63201479190433, 78.63201479190433, 'SEARCH'
11, 13386, 78.6086475542559, 78.6086475542559, 'SEARCH'
11, 13387, 78.58172910149132, 78.58172910149132, 'SEARCH'
11, 13388, 78.57848211332039, 78.57848211332039, 'SEARCH'
11, 13389, 78.55841291125697, 78.55841291125697, 'SEARCH'
11, 13390, 78.53921597228376, 78.53921597228376, 'SEARCH'
11, 13391, 78.53378850330212, 78.53378850330212, 'SEARCH'
11, 13392, 78.5060887544357, 78.5060887544357, 'SEARCH'
11, 13393, 78.49043566454172, 78.49043566454172, 'SEARCH'
11, 13394, 78.47477220810985, 78.47477220810985, 'SEARCH'
11, 13395, 78.44699621368888, 78.44699621368888, 'SEARCH'
11, 13396, 78.42782488473415, 78.42782488473415, 'SEARCH'
11, 13397, 78.40361034273964, 78.40361034273964, 'SEARCH'
11, 13398, 78.39305565320942, 78.39305565320942, 'SEARCH'
11, 13399, 78.38060030519127, 78.38060030519127, 'SEARCH'
11, 13400, 78.35282438600517, 78.35282438600517, 'SEARCH'
11, 13401, 78.34960426664675, 78.34960426664675, 'SEARCH'
11, 13402, 78.32762101992186, 78.32762101992186, 'SEARCH'
11, 13403, 78.30115267465338, 78.30115267465338, 'SEARCH'
11, 13404, 78.27337541873806, 78.27337541873806, 'SEARCH'
11, 13405, 78.25189724723575, 78.25189724723575, 'SEARCH'
11, 13406, 78.226453737197, 78.226453737197, 'SEARCH'
11, 13407, 78.20207471619011, 78.20207471619011, 'SEARCH'
11, 13408, 78.18802754365736, 78.18802754365736, 'SEARCH'
11, 13409, 78.1625721614396, 78.1625721614396, 'SEARCH'
11, 13410, 78.17042458903234, 78.17042458903234, 'SEARCH'
11, 13411, 78.17964785308544, 78.17964785308544, 'SEARCH'
11, 13412, 78.16192836892803, 78.16192836892803, 'SEARCH'
11, 13413, 78.1402356020282, 78.1402356020282, 'SEARCH'
11, 13414, 78.1346350801944, 78.1346350801944, 'SEARCH'
11, 13415, 78.13349981259397, 78.13349981259397, 'SEARCH'
11, 13416, 78.12601593234301, 78.12601593234301, 'SEARCH'
11, 13417, 78.13429719130703, 78.13429719130703, 'SEARCH'
11, 13418, 78.11145519629471, 78.11145519629471, 'SEARCH'
11, 13419, 78.08833534213818, 78.08833534213818, 'SEARCH'
11, 13420, 78.06521010695411, 78.06521010695411, 'SEARCH'
11, 13421, 78.03774629808574, 78.03774629808574, 'SEARCH'
11, 13422, 78.0393874148541, 78.0393874148541, 'SEARCH'
11, 13423, 78.03283634495106, 78.03283634495106, 'SEARCH'
11, 13424, 78.02318412856339, 78.02318412856339, 'SEARCH'
11, 13425, 77.99577628456758, 77.99577628456758, 'SEARCH'
11, 13426, 77.9686425743389, 77.9686425743389, 'SEARCH'
11, 13427, 77.94109377083483, 77.94109377083483, 'SEARCH'
11, 13428, 77.92056926955928, 77.92056926955928, 'SEARCH'
11, 13429, 77.89420382317263, 77.89420382317263, 'SEARCH'
11, 13430, 77.88046030360847, 77.88046030360847, 'SEARCH'
11, 13431, 77.8527615976845, 77.8527615976845, 'SEARCH'
11, 13432, 77.82912091738294, 77.82912091738294, 'SEARCH'
11, 13433, 77.81550707331895, 77.81550707331895, 'SEARCH'
11, 13434, 77.8018817905567, 77.8018817905567, 'SEARCH'
11, 13435, 77.78424993967946, 77.78424993967946, 'SEARCH'
11, 13436, 77.77632638912296, 77.77632638912296, 'SEARCH'
11, 13437, 77.74932733686884, 77.74932733686884, 'SEARCH'
11, 13438, 77.72668861475063, 77.72668861475063, 'SEARCH'
11, 13439, 77.71610259296801, 77.71610259296801, 'SEARCH'
11, 13440, 77.70120639126682, 77.70120639126682, 'SEARCH'
11, 13441, 77.67915589122464, 77.67915589122464, 'SEARCH'
11, 13442, 77.65624805875908, 77.65624805875908, 'SEARCH'
11, 13443, 77.65458488900721, 77.65458488900721, 'SEARCH'
11, 13444, 77.62911857270093, 77.62911857270093, 'SEARCH'
11, 13445, 77.63080334425194, 77.63080334425194, 'SEARCH'
11, 13446, 77.62155426546266, 77.62155426546266, 'SEARCH'
11, 13447, 77.61321185697456, 77.61321185697456, 'SEARCH'
11, 13448, 77.58927632914889, 77.58927632914889, 'SEARCH'
11, 13449, 77.57395475041139, 77.57395475041139, 'SEARCH'
11, 13450, 77.56606754341122, 77.56606754341122, 'SEARCH'
11, 13451, 77.56726916539473, 77.56726916539473, 'SEARCH'
11, 13452, 77.54616219362958, 77.54616219362958, 'SEARCH'
11, 13453, 77.53919480089158, 77.53919480089158, 'SEARCH'
11, 13454, 77.54375453718089, 77.54375453718089, 'SEARCH'
11, 13455, 77.52363219892432, 77.52363219892432, 'SEARCH'
11, 13456, 77.49779745347521, 77.49779745347521, 'SEARCH'
11, 13457, 77.47733118146826, 77.47733118146826, 'SEARCH'
11, 13458, 77.47131020993577, 77.47131020993577, 'SEARCH'
11, 13459, 77.44497476571918, 77.44497476571918, 'SEARCH'
11, 13460, 77.43942235229166, 77.43942235229166, 'SEARCH'
11, 13461, 77.41654554493658, 77.41654554493658, 'SEARCH'
11, 13462, 77.41486722231468, 77.41486722231468, 'SEARCH'
11, 13463, 77.39312577763525, 77.39312577763525, 'SEARCH'
11, 13464, 77.38432129374762, 77.38432129374762, 'SEARCH'
11, 13465, 77.35667175862652, 77.35667175862652, 'SEARCH'
11, 13466, 77.3386354893674, 77.3386354893674, 'SEARCH'
11, 13467, 77.31356512572172, 77.31356512572172, 'SEARCH'
11, 13468, 77.2858135681292, 77.2858135681292, 'SEARCH'
11, 13469, 77.26378107770248, 77.26378107770248, 'SEARCH'
11, 13470, 77.23618160241708, 77.23618160241708, 'SEARCH'
11, 13471, 77.23159045751109, 77.23159045751109, 'SEARCH'
11, 13472, 77.20447557082888, 77.20447557082888, 'SEARCH'
11, 13473, 77.17708210102124, 77.17708210102124, 'SEARCH'
11, 13474, 77.1510707048699, 77.1510707048699, 'SEARCH'
11, 13475, 77.12541449702049, 77.12541449702049, 'SEARCH'
11, 13476, 77.10147228487753, 77.10147228487753, 'SEARCH'
11, 13477, 77.1079814334025, 77.1079814334025, 'SEARCH'
11, 13478, 77.08685171425174, 77.08685171425174, 'SEARCH'
11, 13479, 77.05953502190518, 77.05953502190518, 'SEARCH'
11, 13480, 77.04843340498668, 77.04843340498668, 'SEARCH'
11, 13481, 77.0428550169462, 77.0428550169462, 'SEARCH'
11, 13482, 77.02477284787341, 77.02477284787341, 'SEARCH'
11, 13483, 76.99753935131892, 76.99753935131892, 'SEARCH'
11, 13484, 77.00171726528978, 77.00171726528978, 'SEARCH'
11, 13485, 76.97396341752724, 76.97396341752724, 'SEARCH'
11, 13486, 76.94717931718085, 76.94717931718085, 'SEARCH'
11, 13487, 76.94300558423997, 76.94300558423997, 'SEARCH'
11, 13488, 76.9153637360645, 76.9153637360645, 'SEARCH'
11, 13489, 76.90436458258736, 76.90436458258736, 'SEARCH'
11, 13490, 76.87905783835126, 76.87905783835126, 'SEARCH'
11, 13491, 76.87938113481054, 76.87938113481054, 'SEARCH'
11, 13492, 76.88450922192311, 76.88450922192311, 'SEARCH'
11, 13493, 76.85847200029137, 76.85847200029137, 'SEARCH'
11, 13494, 76.86119463697693, 76.86119463697693, 'SEARCH'
11, 13495, 76.85906166032397, 76.85906166032397, 'SEARCH'
11, 13496, 76.85733283890997, 76.85733283890997, 'SEARCH'
11, 13497, 76.82985326987901, 76.82985326987901, 'SEARCH'
11, 13498, 76.81917534376582, 76.81917534376582, 'SEARCH'
11, 13499, 76.81134892618778, 76.81134892618778, 'SEARCH'
11, 13500, 76.78421813329818, 76.78421813329818, 'SEARCH'
11, 13501, 76.75896590939313, 76.75896590939313, 'SEARCH'
11, 13502, 76.76597484779117, 76.76597484779117, 'SEARCH'
11, 13503, 76.75897949551236, 76.75897949551236, 'SEARCH'
11, 13504, 76.7497596326567, 76.7497596326567, 'SEARCH'
11, 13505, 76.74753667710752, 76.74753667710752, 'SEARCH'
11, 13506, 76.72517308790913, 76.72517308790913, 'SEARCH'
11, 13507, 76.6998682278086, 76.6998682278086, 'SEARCH'
11, 13508, 76.70921258163553, 76.70921258163553, 'SEARCH'
11, 13509, 76.6819113896497, 76.6819113896497, 'SEARCH'
11, 13510, 76.66283593489526, 76.66283593489526, 'SEARCH'
11, 13511, 76.6399126657064, 76.6399126657064, 'SEARCH'
11, 13512, 76.62889568812345, 76.62889568812345, 'SEARCH'
11, 13513, 76.6018730476989, 76.6018730476989, 'SEARCH'
11, 13514, 76.59311513116307, 76.59311513116307, 'SEARCH'
11, 13515, 76.57367892552402, 76.57367892552402, 'SEARCH'
11, 13516, 76.55673793492775, 76.55673793492775, 'SEARCH'
11, 13517, 76.5290831314885, 76.5290831314885, 'SEARCH'
11, 13518, 76.52781569116358, 76.52781569116358, 'SEARCH'
11, 13519, 76.51294961011236, 76.51294961011236, 'SEARCH'
11, 13520, 76.48981908116501, 76.48981908116501, 'SEARCH'
11, 13521, 76.46233843916892, 76.46233843916892, 'SEARCH'
11, 13522, 76.47212182579483, 76.47212182579483, 'SEARCH'
11, 13523, 76.44841378516118, 76.44841378516118, 'SEARCH'
11, 13524, 76.42291807023322, 76.42291807023322, 'SEARCH'
11, 13525, 76.41874998555231, 76.41874998555231, 'SEARCH'
11, 13526, 76.39228113356418, 76.39228113356418, 'SEARCH'
11, 13527, 76.38400034331093, 76.38400034331093, 'SEARCH'
11, 13528, 76.39195026938678, 76.39195026938678, 'SEARCH'
11, 13529, 76.36756216529007, 76.36756216529007, 'SEARCH'
11, 13530, 76.3663055681462, 76.3663055681462, 'SEARCH'
11, 13531, 76.35342693100368, 76.35342693100368, 'SEARCH'
11, 13532, 76.32570549089958, 76.32570549089958, 'SEARCH'
11, 13533, 76.30991058795952, 76.30991058795952, 'SEARCH'
11, 13534, 76.28937157204548, 76.28937157204548, 'SEARCH'
11, 13535, 76.27292847249149, 76.27292847249149, 'SEARCH'
11, 13536, 76.26061433460377, 76.26061433460377, 'SEARCH'
11, 13537, 76.2368890086672, 76.2368890086672, 'SEARCH'
11, 13538, 76.20912319531892, 76.20912319531892, 'SEARCH'
11, 13539, 76.18331159059949, 76.18331159059949, 'SEARCH'
11, 13540, 76.16955655499858, 76.16955655499858, 'SEARCH'
11, 13541, 76.14194601913216, 76.14194601913216, 'SEARCH'
11, 13542, 76.11419950539097, 76.11419950539097, 'SEARCH'
11, 13543, 76.11261174953715, 76.11261174953715, 'SEARCH'
11, 13544, 76.1052795524981, 76.1052795524981, 'SEARCH'
11, 13545, 76.09684862994051, 76.09684862994051, 'SEARCH'
11, 13546, 76.0926479331649, 76.0926479331649, 'SEARCH'
11, 13547, 76.0666680477095, 76.0666680477095, 'SEARCH'
11, 13548, 76.06102431690643, 76.06102431690643, 'SEARCH'
11, 13549, 76.05141086919949, 76.05141086919949, 'SEARCH'
11, 13550, 76.05562554599298, 76.05562554599298, 'SEARCH'
11, 13551, 76.03059515920536, 76.03059515920536, 'SEARCH'
11, 13552, 76.02372968621442, 76.02372968621442, 'SEARCH'
11, 13553, 76.03307711744874, 76.03307711744874, 'SEARCH'
11, 13554, 76.03338502990606, 76.03338502990606, 'SEARCH'
11, 13555, 76.02601140243608, 76.02601140243608, 'SEARCH'
11, 13556, 75.99923354171098, 75.99923354171098, 'SEARCH'
11, 13557, 75.97150484675471, 75.97150484675471, 'SEARCH'
11, 13558, 75.9627372987558, 75.9627372987558, 'SEARCH'
11, 13559, 75.93932945901469, 75.93932945901469, 'SEARCH'
11, 13560, 75.91201109794356, 75.91201109794356, 'SEARCH'
11, 13561, 75.88970368680441, 75.88970368680441, 'SEARCH'
11, 13562, 75.88846124550682, 75.88846124550682, 'SEARCH'
11, 13563, 75.86554342848724, 75.86554342848724, 'SEARCH'
11, 13564, 75.839544147015, 75.839544147015, 'SEARCH'
11, 13565, 75.82259210302514, 75.82259210302514, 'SEARCH'
11, 13566, 75.81711864188576, 75.81711864188576, 'SEARCH'
11, 13567, 75.80643990421675, 75.80643990421675, 'SEARCH'
11, 13568, 75.78044467295514, 75.78044467295514, 'SEARCH'
11, 13569, 75.78220482027997, 75.78220482027997, 'SEARCH'
11, 13570, 75.75448196978648, 75.75448196978648, 'SEARCH'
11, 13571, 75.72688872019853, 75.72688872019853, 'SEARCH'
11, 13572, 75.70013556586444, 75.70013556586444, 'SEARCH'
11, 13573, 75.67504117745212, 75.67504117745212, 'SEARCH'
11, 13574, 75.67051687034915, 75.67051687034915, 'SEARCH'
11, 13575, 75.6432872542989, 75.6432872542989, 'SEARCH'
11, 13576, 75.63350928145094, 75.63350928145094, 'SEARCH'
11, 13577, 75.63139723097885, 75.63139723097885, 'SEARCH'
11, 13578, 75.61444456713366, 75.61444456713366, 'SEARCH'
11, 13579, 75.61523835620436, 75.61523835620436, 'SEARCH'
11, 13580, 75.5910877192079, 75.5910877192079, 'SEARCH'
11, 13581, 75.56488722030703, 75.56488722030703, 'SEARCH'
11, 13582, 75.56265248241048, 75.56265248241048, 'SEARCH'
11, 13583, 75.55019570323732, 75.55019570323732, 'SEARCH'
11, 13584, 75.53209195053084, 75.53209195053084, 'SEARCH'
11, 13585, 75.52981660728254, 75.52981660728254, 'SEARCH'
11, 13586, 75.50784646226607, 75.50784646226607, 'SEARCH'
11, 13587, 75.48105129151725, 75.48105129151725, 'SEARCH'
11, 13588, 75.48622223129561, 75.48622223129561, 'SEARCH'
11, 13589, 75.46119204534679, 75.46119204534679, 'SEARCH'
11, 13590, 75.44828340008877, 75.44828340008877, 'SEARCH'
11, 13591, 75.43865543709649, 75.43865543709649, 'SEARCH'
11, 13592, 75.42143740944506, 75.42143740944506, 'SEARCH'
11, 13593, 75.40726575945986, 75.40726575945986, 'SEARCH'
11, 13594, 75.37954600317707, 75.37954600317707, 'SEARCH'
11, 13595, 75.36035200781936, 75.36035200781936, 'SEARCH'
11, 13596, 75.33884623163172, 75.33884623163172, 'SEARCH'
11, 13597, 75.34259517158317, 75.34259517158317, 'SEARCH'
11, 13598, 75.31800692717832, 75.31800692717832, 'SEARCH'
11, 13599, 75.3077278493751, 75.3077278493751, 'SEARCH'
11, 13600, 75.28211075084738, 75.28211075084738, 'SEARCH'
11, 13601, 75.255017069304, 75.255017069304, 'SEARCH'
11, 13602, 75.25079542896121, 75.25079542896121, 'SEARCH'
11, 13603, 75.22717999784332, 75.22717999784332, 'SEARCH'
11, 13604, 75.20745645200344, 75.20745645200344, 'SEARCH'
11, 13605, 75.18950669579733, 75.18950669579733, 'SEARCH'
11, 13606, 75.16407680393738, 75.16407680393738, 'SEARCH'
11, 13607, 75.14538931293752, 75.14538931293752, 'SEARCH'
11, 13608, 75.11793135407763, 75.11793135407763, 'SEARCH'
11, 13609, 75.11681869191587, 75.11681869191587, 'SEARCH'
11, 13610, 75.1071703772795, 75.1071703772795, 'SEARCH'
11, 13611, 75.09031807759858, 75.09031807759858, 'SEARCH'
11, 13612, 75.08904330308033, 75.08904330308033, 'SEARCH'
11, 13613, 75.06163379349664, 75.06163379349664, 'SEARCH'
11, 13614, 75.05554085087115, 75.05554085087115, 'SEARCH'
11, 13615, 75.03909625669404, 75.03909625669404, 'SEARCH'
11, 13616, 75.01681906620028, 75.01681906620028, 'SEARCH'
11, 13617, 74.99309220020454, 74.99309220020454, 'SEARCH'
11, 13618, 75.0029056363532, 75.0029056363532, 'SEARCH'
11, 13619, 74.97658782522151, 74.97658782522151, 'SEARCH'
11, 13620, 74.95214046374622, 74.95214046374622, 'SEARCH'
11, 13621, 74.94987680336932, 74.94987680336932, 'SEARCH'
11, 13622, 74.92277905799138, 74.92277905799138, 'SEARCH'
11, 13623, 74.8981855951778, 74.8981855951778, 'SEARCH'
11, 13624, 74.88501446882077, 74.88501446882077, 'SEARCH'
11, 13625, 74.88371938040473, 74.88371938040473, 'SEARCH'
11, 13626, 74.86234777390594, 74.86234777390594, 'SEARCH'
11, 13627, 74.83501868868797, 74.83501868868797, 'SEARCH'
11, 13628, 74.80725312411892, 74.80725312411892, 'SEARCH'
11, 13629, 74.77956892421425, 74.77956892421425, 'SEARCH'
11, 13630, 74.75661956544357, 74.75661956544357, 'SEARCH'
11, 13631, 74.73129689519035, 74.73129689519035, 'SEARCH'
11, 13632, 74.70352575574707, 74.70352575574707, 'SEARCH'
11, 13633, 74.6934599017587, 74.6934599017587, 'SEARCH'
11, 13634, 74.68972420064185, 74.68972420064185, 'SEARCH'
11, 13635, 74.66676093912288, 74.66676093912288, 'SEARCH'
11, 13636, 74.65716050416131, 74.65716050416131, 'SEARCH'
11, 13637, 74.66281961045325, 74.66281961045325, 'SEARCH'
11, 13638, 74.64862749503159, 74.64862749503159, 'SEARCH'
11, 13639, 74.62487908826333, 74.62487908826333, 'SEARCH'
11, 13640, 74.61968644277877, 74.61968644277877, 'SEARCH'
11, 13641, 74.61073270984869, 74.61073270984869, 'SEARCH'
11, 13642, 74.5933141618343, 74.5933141618343, 'SEARCH'
11, 13643, 74.59854825166433, 74.59854825166433, 'SEARCH'
11, 13644, 74.60281262777791, 74.60281262777791, 'SEARCH'
11, 13645, 74.58068659755462, 74.58068659755462, 'SEARCH'
11, 13646, 74.55692058620268, 74.55692058620268, 'SEARCH'
11, 13647, 74.54467571211684, 74.54467571211684, 'SEARCH'
11, 13648, 74.5498903974848, 74.5498903974848, 'SEARCH'
11, 13649, 74.52399426004605, 74.52399426004605, 'SEARCH'
11, 13650, 74.50296868248711, 74.50296868248711, 'SEARCH'
11, 13651, 74.49475079367687, 74.49475079367687, 'SEARCH'
11, 13652, 74.46942100826095, 74.46942100826095, 'SEARCH'
11, 13653, 74.44192838870343, 74.44192838870343, 'SEARCH'
11, 13654, 74.41651157729035, 74.41651157729035, 'SEARCH'
11, 13655, 74.38958405882896, 74.38958405882896, 'SEARCH'
11, 13656, 74.38090832949926, 74.38090832949926, 'SEARCH'
11, 13657, 74.37130500288175, 74.37130500288175, 'SEARCH'
11, 13658, 74.36330022966114, 74.36330022966114, 'SEARCH'
11, 13659, 74.3355663408135, 74.3355663408135, 'SEARCH'
11, 13660, 74.31206443464657, 74.31206443464657, 'SEARCH'
11, 13661, 74.31631773107135, 74.31631773107135, 'SEARCH'
11, 13662, 74.29281821052834, 74.29281821052834, 'SEARCH'
11, 13663, 74.28789846499228, 74.28789846499228, 'SEARCH'
11, 13664, 74.27518850121726, 74.27518850121726, 'SEARCH'
11, 13665, 74.25580428573937, 74.25580428573937, 'SEARCH'
11, 13666, 74.2566427384776, 74.2566427384776, 'SEARCH'
11, 13667, 74.2313260302554, 74.2313260302554, 'SEARCH'
11, 13668, 74.2067357375378, 74.2067357375378, 'SEARCH'
11, 13669, 74.1994102529448, 74.1994102529448, 'SEARCH'
11, 13670, 74.18093810531295, 74.18093810531295, 'SEARCH'
11, 13671, 74.17085162811082, 74.17085162811082, 'SEARCH'
11, 13672, 74.17118272132001, 74.17118272132001, 'SEARCH'
11, 13673, 74.14394789516861, 74.14394789516861, 'SEARCH'
11, 13674, 74.12584693631162, 74.12584693631162, 'SEARCH'
11, 13675, 74.09938288147691, 74.09938288147691, 'SEARCH'
11, 13676, 74.09019663003455, 74.09019663003455, 'SEARCH'
11, 13677, 74.0847357472997, 74.0847357472997, 'SEARCH'
11, 13678, 74.08842596298435, 74.08842596298435, 'SEARCH'
11, 13679, 74.0935375064507, 74.0935375064507, 'SEARCH'
11, 13680, 74.0865481393513, 74.0865481393513, 'SEARCH'
11, 13681, 74.07907641345744, 74.07907641345744, 'SEARCH'
11, 13682, 74.0636906382104, 74.0636906382104, 'SEARCH'
11, 13683, 74.04608264227768, 74.04608264227768, 'SEARCH'
11, 13684, 74.0229575473279, 74.0229575473279, 'SEARCH'
11, 13685, 74.00486878648279, 74.00486878648279, 'SEARCH'
11, 13686, 73.97855094897862, 73.97855094897862, 'SEARCH'
11, 13687, 73.97261202578694, 73.97261202578694, 'SEARCH'
11, 13688, 73.95846078218844, 73.95846078218844, 'SEARCH'
11, 13689, 73.93171355083557, 73.93171355083557, 'SEARCH'
11, 13690, 73.915918714357, 73.915918714357, 'SEARCH'
11, 13691, 73.89132035059656, 73.89132035059656, 'SEARCH'
11, 13692, 73.87144901403282, 73.87144901403282, 'SEARCH'
11, 13693, 73.85644283864696, 73.85644283864696, 'SEARCH'
11, 13694, 73.8384865819207, 73.8384865819207, 'SEARCH'
11, 13695, 73.84739640510034, 73.84739640510034, 'SEARCH'
11, 13696, 73.82065209441261, 73.82065209441261, 'SEARCH'
11, 13697, 73.81567389198487, 73.81567389198487, 'SEARCH'
11, 13698, 73.797579350634, 73.797579350634, 'SEARCH'
11, 13699, 73.7802212101097, 73.7802212101097, 'SEARCH'
11, 13700, 73.75562732228252, 73.75562732228252, 'SEARCH'
11, 13701, 73.74690218903801, 73.74690218903801, 'SEARCH'
11, 13702, 73.72749018587966, 73.72749018587966, 'SEARCH'
11, 13703, 73.72586671312685, 73.72586671312685, 'SEARCH'
11, 13704, 73.70386451168812, 73.70386451168812, 'SEARCH'
11, 13705, 73.69695940532688, 73.69695940532688, 'SEARCH'
11, 13706, 73.67007598555641, 73.67007598555641, 'SEARCH'
11, 13707, 73.65391496262247, 73.65391496262247, 'SEARCH'
11, 13708, 73.6427918735072, 73.6427918735072, 'SEARCH'
11, 13709, 73.62792222662678, 73.62792222662678, 'SEARCH'
11, 13710, 73.60032926918045, 73.60032926918045, 'SEARCH'
11, 13711, 73.57302691794457, 73.57302691794457, 'SEARCH'
11, 13712, 73.57718850026222, 73.57718850026222, 'SEARCH'
11, 13713, 73.56439894726438, 73.56439894726438, 'SEARCH'
11, 13714, 73.5377735589995, 73.5377735589995, 'SEARCH'
11, 13715, 73.5100493497326, 73.5100493497326, 'SEARCH'
11, 13716, 73.51750214875123, 73.51750214875123, 'SEARCH'
11, 13717, 73.50916418464467, 73.50916418464467, 'SEARCH'
11, 13718, 73.4849889215891, 73.4849889215891, 'SEARCH'
11, 13719, 73.4676952668862, 73.4676952668862, 'SEARCH'
11, 13720, 73.4399685913662, 73.4399685913662, 'SEARCH'
11, 13721, 73.42345342651274, 73.42345342651274, 'SEARCH'
11, 13722, 73.39903992003846, 73.39903992003846, 'SEARCH'
11, 13723, 73.37485664596485, 73.37485664596485, 'SEARCH'
11, 13724, 73.34708778140086, 73.34708778140086, 'SEARCH'
11, 13725, 73.31955116913171, 73.31955116913171, 'SEARCH'
11, 13726, 73.32793074880564, 73.32793074880564, 'SEARCH'
11, 13727, 73.3200538973283, 73.3200538973283, 'SEARCH'
11, 13728, 73.31032616670778, 73.31032616670778, 'SEARCH'
11, 13729, 73.29751274465256, 73.29751274465256, 'SEARCH'
11, 13730, 73.2834169475704, 73.2834169475704, 'SEARCH'
11, 13731, 73.2764699685821, 73.2764699685821, 'SEARCH'
11, 13732, 73.24945812200174, 73.24945812200174, 'SEARCH'
11, 13733, 73.22999776004163, 73.22999776004163, 'SEARCH'
11, 13734, 73.22734003097764, 73.22734003097764, 'SEARCH'
11, 13735, 73.20011796357483, 73.20011796357483, 'SEARCH'
11, 13736, 73.19986583753784, 73.19986583753784, 'SEARCH'
11, 13737, 73.19148957566864, 73.19148957566864, 'SEARCH'
11, 13738, 73.16757455684082, 73.16757455684082, 'SEARCH'
11, 13739, 73.14555374665424, 73.14555374665424, 'SEARCH'
11, 13740, 73.1238247006026, 73.1238247006026, 'SEARCH'
11, 13741, 73.1173356213681, 73.1173356213681, 'SEARCH'
11, 13742, 73.09002632378909, 73.09002632378909, 'SEARCH'
11, 13743, 73.06233516969053, 73.06233516969053, 'SEARCH'
11, 13744, 73.04543185044984, 73.04543185044984, 'SEARCH'
11, 13745, 73.01778244619685, 73.01778244619685, 'SEARCH'
11, 13746, 73.00850372828931, 73.00850372828931, 'SEARCH'
11, 13747, 72.98216828513648, 72.98216828513648, 'SEARCH'
11, 13748, 72.96236966689227, 72.96236966689227, 'SEARCH'
11, 13749, 72.93976207011198, 72.93976207011198, 'SEARCH'
11, 13750, 72.91326830438173, 72.91326830438173, 'SEARCH'
11, 13751, 72.8956093125589, 72.8956093125589, 'SEARCH'
11, 13752, 72.88542572395053, 72.88542572395053, 'SEARCH'
11, 13753, 72.8681478572544, 72.8681478572544, 'SEARCH'
11, 13754, 72.8717819153443, 72.8717819153443, 'SEARCH'
11, 13755, 72.85981720657072, 72.85981720657072, 'SEARCH'
11, 13756, 72.8585867398959, 72.8585867398959, 'SEARCH'
11, 13757, 72.86644387746895, 72.86644387746895, 'SEARCH'
11, 13758, 72.8581373630825, 72.8581373630825, 'SEARCH'
11, 13759, 72.83137884339637, 72.83137884339637, 'SEARCH'
11, 13760, 72.80373151970099, 72.80373151970099, 'SEARCH'
11, 13761, 72.79175280066693, 72.79175280066693, 'SEARCH'
11, 13762, 72.78020226883754, 72.78020226883754, 'SEARCH'
11, 13763, 72.77845989374828, 72.77845989374828, 'SEARCH'
11, 13764, 72.75167605128375, 72.75167605128375, 'SEARCH'
11, 13765, 72.73847652253907, 72.73847652253907, 'SEARCH'
11, 13766, 72.71381526617421, 72.71381526617421, 'SEARCH'
11, 13767, 72.68617041027859, 72.68617041027859, 'SEARCH'
11, 13768, 72.65981301790099, 72.65981301790099, 'SEARCH'
11, 13769, 72.65150727038636, 72.65150727038636, 'SEARCH'
11, 13770, 72.62375445511123, 72.62375445511123, 'SEARCH'
11, 13771, 72.59725273214852, 72.59725273214852, 'SEARCH'
11, 13772, 72.56952883259714, 72.56952883259714, 'SEARCH'
11, 13773, 72.5542219245873, 72.5542219245873, 'SEARCH'
11, 13774, 72.5401103431158, 72.5401103431158, 'SEARCH'
11, 13775, 72.52475643953547, 72.52475643953547, 'SEARCH'
11, 13776, 72.51830838807297, 72.51830838807297, 'SEARCH'
11, 13777, 72.50219591987644, 72.50219591987644, 'SEARCH'
11, 13778, 72.49761950672158, 72.49761950672158, 'SEARCH'
11, 13779, 72.47214837140602, 72.47214837140602, 'SEARCH'
11, 13780, 72.45562851569706, 72.45562851569706, 'SEARCH'
11, 13781, 72.45731782105452, 72.45731782105452, 'SEARCH'
11, 13782, 72.43205010126665, 72.43205010126665, 'SEARCH'
11, 13783, 72.40515394681206, 72.40515394681206, 'SEARCH'
11, 13784, 72.3986824332368, 72.3986824332368, 'SEARCH'
11, 13785, 72.38375900112854, 72.38375900112854, 'SEARCH'
11, 13786, 72.36113935825576, 72.36113935825576, 'SEARCH'
11, 13787, 72.33348799212351, 72.33348799212351, 'SEARCH'
11, 13788, 72.31086566280881, 72.31086566280881, 'SEARCH'
11, 13789, 72.28823971435725, 72.28823971435725, 'SEARCH'
11, 13790, 72.26909970268247, 72.26909970268247, 'SEARCH'
11, 13791, 72.24145319265162, 72.24145319265162, 'SEARCH'
11, 13792, 72.21577818154952, 72.21577818154952, 'SEARCH'
11, 13793, 72.2126669568792, 72.2126669568792, 'SEARCH'
11, 13794, 72.19284168198934, 72.19284168198934, 'SEARCH'
11, 13795, 72.17872049210821, 72.17872049210821, 'SEARCH'
11, 13796, 72.17457708026112, 72.17457708026112, 'SEARCH'
11, 13797, 72.17622049723107, 72.17622049723107, 'SEARCH'
11, 13798, 72.1835785216823, 72.1835785216823, 'SEARCH'
11, 13799, 72.15670644571632, 72.15670644571632, 'SEARCH'
11, 13800, 72.1626441406622, 72.1626441406622, 'SEARCH'
11, 13801, 72.15513253737167, 72.15513253737167, 'SEARCH'
11, 13802, 72.14688018639848, 72.14688018639848, 'SEARCH'
11, 13803, 72.1198490204475, 72.1198490204475, 'SEARCH'
11, 13804, 72.09847276827765, 72.09847276827765, 'SEARCH'
11, 13805, 72.07482951323443, 72.07482951323443, 'SEARCH'
11, 13806, 72.0602576041982, 72.0602576041982, 'SEARCH'
11, 13807, 72.03249153774829, 72.03249153774829, 'SEARCH'
11, 13808, 72.0237495803772, 72.0237495803772, 'SEARCH'
11, 13809, 72.02102684617957, 72.02102684617957, 'SEARCH'
11, 13810, 71.99635293310216, 71.99635293310216, 'SEARCH'
11, 13811, 71.96866714822828, 71.96866714822828, 'SEARCH'
11, 13812, 71.94284994289713, 71.94284994289713, 'SEARCH'
11, 13813, 71.92638097455067, 71.92638097455067, 'SEARCH'
11, 13814, 71.9241487584109, 71.9241487584109, 'SEARCH'
11, 13815, 71.91807034512803, 71.91807034512803, 'SEARCH'
11, 13816, 71.90872071731677, 71.90872071731677, 'SEARCH'
11, 13817, 71.89908197873474, 71.89908197873474, 'SEARCH'
11, 13818, 71.88575737468486, 71.88575737468486, 'SEARCH'
11, 13819, 71.8613021221479, 71.8613021221479, 'SEARCH'
11, 13820, 71.84024241571771, 71.84024241571771, 'SEARCH'
11, 13821, 71.82835974777498, 71.82835974777498, 'SEARCH'
11, 13822, 71.82950237948857, 71.82950237948857, 'SEARCH'
11, 13823, 71.82216043994102, 71.82216043994102, 'SEARCH'
11, 13824, 71.8160809544589, 71.8160809544589, 'SEARCH'
11, 13825, 71.78897972507332, 71.78897972507332, 'SEARCH'
11, 13826, 71.78209908378334, 71.78209908378334, 'SEARCH'
11, 13827, 71.77998077316717, 71.77998077316717, 'SEARCH'
11, 13828, 71.75250136302124, 71.75250136302124, 'SEARCH'
11, 13829, 71.7455900261318, 71.7455900261318, 'SEARCH'
11, 13830, 71.72271440879028, 71.72271440879028, 'SEARCH'
11, 13831, 71.69636624226703, 71.69636624226703, 'SEARCH'
11, 13832, 71.67523066022574, 71.67523066022574, 'SEARCH'
11, 13833, 71.68168816301386, 71.68168816301386, 'SEARCH'
11, 13834, 71.67714630223209, 71.67714630223209, 'SEARCH'
11, 13835, 71.67833012039542, 71.67833012039542, 'SEARCH'
11, 13836, 71.65056076400992, 71.65056076400992, 'SEARCH'
11, 13837, 71.62295698992408, 71.62295698992408, 'SEARCH'
11, 13838, 71.61557143381893, 71.61557143381893, 'SEARCH'
11, 13839, 71.58784691985743, 71.58784691985743, 'SEARCH'
11, 13840, 71.56982160670086, 71.56982160670086, 'SEARCH'
11, 13841, 71.55786836851594, 71.55786836851594, 'SEARCH'
11, 13842, 71.55279730199823, 71.55279730199823, 'SEARCH'
11, 13843, 71.53704345441086, 71.53704345441086, 'SEARCH'
11, 13844, 71.51972085692162, 71.51972085692162, 'SEARCH'
11, 13845, 71.49194464889031, 71.49194464889031, 'SEARCH'
11, 13846, 71.48837432934707, 71.48837432934707, 'SEARCH'
11, 13847, 71.46291687048661, 71.46291687048661, 'SEARCH'
11, 13848, 71.43552632838346, 71.43552632838346, 'SEARCH'
11, 13849, 71.41897258812723, 71.41897258812723, 'SEARCH'
11, 13850, 71.41829802222658, 71.41829802222658, 'SEARCH'
11, 13851, 71.39324232242883, 71.39324232242883, 'SEARCH'
11, 13852, 71.3675918780467, 71.3675918780467, 'SEARCH'
11, 13853, 71.36060724204278, 71.36060724204278, 'SEARCH'
11, 13854, 71.34817150853739, 71.34817150853739, 'SEARCH'
11, 13855, 71.32945037143674, 71.32945037143674, 'SEARCH'
11, 13856, 71.31710266278452, 71.31710266278452, 'SEARCH'
11, 13857, 71.31010913524878, 71.31010913524878, 'SEARCH'
11, 13858, 71.29363086735263, 71.29363086735263, 'SEARCH'
11, 13859, 71.26727431431131, 71.26727431431131, 'SEARCH'
11, 13860, 71.2446293842435, 71.2446293842435, 'SEARCH'
11, 13861, 71.24831879171421, 71.24831879171421, 'SEARCH'
11, 13862, 71.25151161979002, 71.25151161979002, 'SEARCH'
11, 13863, 71.23457540755699, 71.23457540755699, 'SEARCH'
11, 13864, 71.20717085269563, 71.20717085269563, 'SEARCH'
11, 13865, 71.19344657045855, 71.19344657045855, 'SEARCH'
11, 13866, 71.16572481419858, 71.16572481419858, 'SEARCH'
11, 13867, 71.15593147736067, 71.15593147736067, 'SEARCH'
11, 13868, 71.16573931582565, 71.16573931582565, 'SEARCH'
11, 13869, 71.14201846768546, 71.14201846768546, 'SEARCH'
11, 13870, 71.13975879395844, 71.13975879395844, 'SEARCH'
11, 13871, 71.1283270444885, 71.1283270444885, 'SEARCH'
11, 13872, 71.11306506680121, 71.11306506680121, 'SEARCH'
11, 13873, 71.11867387677381, 71.11867387677381, 'SEARCH'
11, 13874, 71.1037966331952, 71.1037966331952, 'SEARCH'
11, 13875, 71.07626244385904, 71.07626244385904, 'SEARCH'
11, 13876, 71.06089221643629, 71.06089221643629, 'SEARCH'
11, 13877, 71.03949701988476, 71.03949701988476, 'SEARCH'
11, 13878, 71.01287840038422, 71.01287840038422, 'SEARCH'
11, 13879, 70.98799586925652, 70.98799586925652, 'SEARCH'
11, 13880, 70.96060932918566, 70.96060932918566, 'SEARCH'
11, 13881, 70.93572224520237, 70.93572224520237, 'SEARCH'
11, 13882, 70.93409846588794, 70.93409846588794, 'SEARCH'
11, 13883, 70.93778061110349, 70.93778061110349, 'SEARCH'
11, 13884, 70.924990804181, 70.924990804181, 'SEARCH'
11, 13885, 70.92235721452431, 70.92235721452431, 'SEARCH'
11, 13886, 70.90827085087757, 70.90827085087757, 'SEARCH'
11, 13887, 70.8812610676265, 70.8812610676265, 'SEARCH'
11, 13888, 70.85449397129527, 70.85449397129527, 'SEARCH'
11, 13889, 70.84081593534637, 70.84081593534637, 'SEARCH'
11, 13890, 70.81847975517155, 70.81847975517155, 'SEARCH'
11, 13891, 70.81676583949324, 70.81676583949324, 'SEARCH'
11, 13892, 70.80396915545819, 70.80396915545819, 'SEARCH'
11, 13893, 70.79287607816136, 70.79287607816136, 'SEARCH'
11, 13894, 70.76509964777676, 70.76509964777676, 'SEARCH'
11, 13895, 70.73750360175393, 70.73750360175393, 'SEARCH'
11, 13896, 70.71028806661911, 70.71028806661911, 'SEARCH'
11, 13897, 70.68522349494549, 70.68522349494549, 'SEARCH'
11, 13898, 70.6593812269633, 70.6593812269633, 'SEARCH'
11, 13899, 70.63734279836547, 70.63734279836547, 'SEARCH'
11, 13900, 70.60964960591082, 70.60964960591082, 'SEARCH'
11, 13901, 70.58676725758376, 70.58676725758376, 'SEARCH'
11, 13902, 70.56443104994617, 70.56443104994617, 'SEARCH'
11, 13903, 70.54298220069667, 70.54298220069667, 'SEARCH'
11, 13904, 70.51620517306189, 70.51620517306189, 'SEARCH'
11, 13905, 70.49676609987931, 70.49676609987931, 'SEARCH'
11, 13906, 70.49221499116513, 70.49221499116513, 'SEARCH'
11, 13907, 70.4671514274081, 70.4671514274081, 'SEARCH'
11, 13908, 70.44912283739349, 70.44912283739349, 'SEARCH'
11, 13909, 70.43183505724892, 70.43183505724892, 'SEARCH'
11, 13910, 70.4198807138604, 70.4198807138604, 'SEARCH'
11, 13911, 70.39211217658455, 70.39211217658455, 'SEARCH'
11, 13912, 70.39527091492924, 70.39527091492924, 'SEARCH'
11, 13913, 70.40362233174442, 70.40362233174442, 'SEARCH'
11, 13914, 70.37597076923343, 70.37597076923343, 'SEARCH'
11, 13915, 70.36535526613349, 70.36535526613349, 'SEARCH'
11, 13916, 70.34423295775458, 70.34423295775458, 'SEARCH'
11, 13917, 70.32280687009427, 70.32280687009427, 'SEARCH'
11, 13918, 70.2961715801401, 70.2961715801401, 'SEARCH'
11, 13919, 70.28552996956739, 70.28552996956739, 'SEARCH'
11, 13920, 70.26902975828831, 70.26902975828831, 'SEARCH'
11, 13921, 70.24642557983458, 70.24642557983458, 'SEARCH'
11, 13922, 70.21902695279809, 70.21902695279809, 'SEARCH'
11, 13923, 70.19758232713686, 70.19758232713686, 'SEARCH'
11, 13924, 70.20027370649427, 70.20027370649427, 'SEARCH'
11, 13925, 70.17610366355642, 70.17610366355642, 'SEARCH'
11, 13926, 70.1682064380549, 70.1682064380549, 'SEARCH'
11, 13927, 70.14910305114104, 70.14910305114104, 'SEARCH'
11, 13928, 70.15793131150053, 70.15793131150053, 'SEARCH'
11, 13929, 70.14641286890073, 70.14641286890073, 'SEARCH'
11, 13930, 70.15431630649603, 70.15431630649603, 'SEARCH'
11, 13931, 70.1468942169023, 70.1468942169023, 'SEARCH'
11, 13932, 70.13763571202206, 70.13763571202206, 'SEARCH'
11, 13933, 70.14174252138429, 70.14174252138429, 'SEARCH'
11, 13934, 70.13765155561984, 70.13765155561984, 'SEARCH'
11, 13935, 70.1292995732557, 70.1292995732557, 'SEARCH'
11, 13936, 70.10281135693572, 70.10281135693572, 'SEARCH'
11, 13937, 70.07753247926341, 70.07753247926341, 'SEARCH'
11, 13938, 70.04975568326732, 70.04975568326732, 'SEARCH'
11, 13939, 70.0231234479863, 70.0231234479863, 'SEARCH'
11, 13940, 69.99848506838964, 69.99848506838964, 'SEARCH'
11, 13941, 69.97505896830076, 69.97505896830076, 'SEARCH'
11, 13942, 69.94871394850314, 69.94871394850314, 'SEARCH'
11, 13943, 69.92583093369005, 69.92583093369005, 'SEARCH'
11, 13944, 69.91841752973751, 69.91841752973751, 'SEARCH'
11, 13945, 69.9051667253671, 69.9051667253671, 'SEARCH'
11, 13946, 69.88009004415355, 69.88009004415355, 'SEARCH'
11, 13947, 69.85233779587035, 69.85233779587035, 'SEARCH'
11, 13948, 69.84921802346312, 69.84921802346312, 'SEARCH'
11, 13949, 69.82633105227968, 69.82633105227968, 'SEARCH'
11, 13950, 69.81569794254247, 69.81569794254247, 'SEARCH'
11, 13951, 69.81498991346643, 69.81498991346643, 'SEARCH'
11, 13952, 69.8094486051703, 69.8094486051703, 'SEARCH'
11, 13953, 69.78255073221126, 69.78255073221126, 'SEARCH'
11, 13954, 69.75635737496133, 69.75635737496133, 'SEARCH'
11, 13955, 69.74890042419302, 69.74890042419302, 'SEARCH'
11, 13956, 69.7211513591403, 69.7211513591403, 'SEARCH'
11, 13957, 69.70130131601584, 69.70130131601584, 'SEARCH'
11, 13958, 69.69288448896017, 69.69288448896017, 'SEARCH'
11, 13959, 69.67109373433219, 69.67109373433219, 'SEARCH'
11, 13960, 69.64410591494439, 69.64410591494439, 'SEARCH'
11, 13961, 69.62273241658347, 69.62273241658347, 'SEARCH'
11, 13962, 69.61173620111138, 69.61173620111138, 'SEARCH'
11, 13963, 69.58537047269584, 69.58537047269584, 'SEARCH'
11, 13964, 69.5774024094141, 69.5774024094141, 'SEARCH'
11, 13965, 69.56380964165146, 69.56380964165146, 'SEARCH'
11, 13966, 69.54212421593104, 69.54212421593104, 'SEARCH'
11, 13967, 69.53905789665201, 69.53905789665201, 'SEARCH'
11, 13968, 69.52715638661346, 69.52715638661346, 'SEARCH'
11, 13969, 69.50485697929138, 69.50485697929138, 'SEARCH'
11, 13970, 69.49785995032282, 69.49785995032282, 'SEARCH'
11, 13971, 69.47020440226703, 69.47020440226703, 'SEARCH'
11, 13972, 69.44762754451219, 69.44762754451219, 'SEARCH'
11, 13973, 69.43154398847899, 69.43154398847899, 'SEARCH'
11, 13974, 69.40443479807604, 69.40443479807604, 'SEARCH'
11, 13975, 69.38272459905326, 69.38272459905326, 'SEARCH'
11, 13976, 69.36656222382557, 69.36656222382557, 'SEARCH'
11, 13977, 69.35078433041382, 69.35078433041382, 'SEARCH'
11, 13978, 69.33674545529807, 69.33674545529807, 'SEARCH'
11, 13979, 69.32269612210793, 69.32269612210793, 'SEARCH'
11, 13980, 69.30660186046714, 69.30660186046714, 'SEARCH'
11, 13981, 69.27928313498664, 69.27928313498664, 'SEARCH'
11, 13982, 69.25151386654531, 69.25151386654531, 'SEARCH'
11, 13983, 69.24358302715677, 69.24358302715677, 'SEARCH'
11, 13984, 69.2448542162774, 69.2448542162774, 'SEARCH'
11, 13985, 69.23794129574877, 69.23794129574877, 'SEARCH'
11, 13986, 69.23530754339305, 69.23530754339305, 'SEARCH'
11, 13987, 69.20755563457992, 69.20755563457992, 'SEARCH'
11, 13988, 69.1797878279387, 69.1797878279387, 'SEARCH'
11, 13989, 69.17328386261404, 69.17328386261404, 'SEARCH'
11, 13990, 69.16048970864226, 69.16048970864226, 'SEARCH'
11, 13991, 69.154454499963, 69.154454499963, 'SEARCH'
11, 13992, 69.12862422961345, 69.12862422961345, 'SEARCH'
11, 13993, 69.10333217038423, 69.10333217038423, 'SEARCH'
11, 13994, 69.07610276298824, 69.07610276298824, 'SEARCH'
11, 13995, 69.06463187646511, 69.06463187646511, 'SEARCH'
11, 13996, 69.05818604614724, 69.05818604614724, 'SEARCH'
11, 13997, 69.05845343090664, 69.05845343090664, 'SEARCH'
11, 13998, 69.04155042776463, 69.04155042776463, 'SEARCH'
11, 13999, 69.0220793666059, 69.0220793666059, 'SEARCH'
11, 14000, 69.00714502218113, 69.00714502218113, 'SEARCH'
11, 14001, 69.00021221246513, 69.00021221246513, 'SEARCH'
11, 14002, 68.99996330638724, 68.99996330638724, 'SEARCH'
11, 14003, 69.00260320817421, 69.00260320817421, 'SEARCH'
11, 14004, 68.97821022351361, 68.97821022351361, 'SEARCH'
11, 14005, 68.96760633622009, 68.96760633622009, 'SEARCH'
11, 14006, 68.9427416012512, 68.9427416012512, 'SEARCH'
11, 14007, 68.94968065145848, 68.94968065145848, 'SEARCH'
11, 14008, 68.95892203531115, 68.95892203531115, 'SEARCH'
11, 14009, 68.93715232140434, 68.93715232140434, 'SEARCH'
11, 14010, 68.9440524291295, 68.9440524291295, 'SEARCH'
11, 14011, 68.93987430276889, 68.93987430276889, 'SEARCH'
11, 14012, 68.91720864586482, 68.91720864586482, 'SEARCH'
11, 14013, 68.913677429535, 68.913677429535, 'SEARCH'
11, 14014, 68.89260634729852, 68.89260634729852, 'SEARCH'
11, 14015, 68.87536587980831, 68.87536587980831, 'SEARCH'
11, 14016, 68.86164291936477, 68.86164291936477, 'SEARCH'
11, 14017, 68.84556413122257, 68.84556413122257, 'SEARCH'
11, 14018, 68.82605982084462, 68.82605982084462, 'SEARCH'
11, 14019, 68.80497501311534, 68.80497501311534, 'SEARCH'
11, 14020, 68.78968079344818, 68.78968079344818, 'SEARCH'
11, 14021, 68.78795558795365, 68.78795558795365, 'SEARCH'
11, 14022, 68.76144982640285, 68.76144982640285, 'SEARCH'
11, 14023, 68.73683244462288, 68.73683244462288, 'SEARCH'
11, 14024, 68.72187647752123, 68.72187647752123, 'SEARCH'
11, 14025, 68.70209809175645, 68.70209809175645, 'SEARCH'
11, 14026, 68.69940094621509, 68.69940094621509, 'SEARCH'
11, 14027, 68.68783552388751, 68.68783552388751, 'SEARCH'
11, 14028, 68.66613640059686, 68.66613640059686, 'SEARCH'
11, 14029, 68.65600370898413, 68.65600370898413, 'SEARCH'
11, 14030, 68.64676443529689, 68.64676443529689, 'SEARCH'
11, 14031, 68.63022651786335, 68.63022651786335, 'SEARCH'
11, 14032, 68.60253204505273, 68.60253204505273, 'SEARCH'
11, 14033, 68.60992852973185, 68.60992852973185, 'SEARCH'
11, 14034, 68.5842822156864, 68.5842822156864, 'SEARCH'
11, 14035, 68.55899098795753, 68.55899098795753, 'SEARCH'
11, 14036, 68.53188008108003, 68.53188008108003, 'SEARCH'
11, 14037, 68.50499513485491, 68.50499513485491, 'SEARCH'
11, 14038, 68.47722753525657, 68.47722753525657, 'SEARCH'
11, 14039, 68.45954247452347, 68.45954247452347, 'SEARCH'
11, 14040, 68.43723186766836, 68.43723186766836, 'SEARCH'
11, 14041, 68.43072867412629, 68.43072867412629, 'SEARCH'
11, 14042, 68.41624401165164, 68.41624401165164, 'SEARCH'
11, 14043, 68.4136001159671, 68.4136001159671, 'SEARCH'
11, 14044, 68.39247903521718, 68.39247903521718, 'SEARCH'
11, 14045, 68.3805103647409, 68.3805103647409, 'SEARCH'
11, 14046, 68.35485749478596, 68.35485749478596, 'SEARCH'
11, 14047, 68.33754657076956, 68.33754657076956, 'SEARCH'
11, 14048, 68.32650593893753, 68.32650593893753, 'SEARCH'
11, 14049, 68.29881181812272, 68.29881181812272, 'SEARCH'
11, 14050, 68.27280362846363, 68.27280362846363, 'SEARCH'
11, 14051, 68.26305010124885, 68.26305010124885, 'SEARCH'
11, 14052, 68.26910503811331, 68.26910503811331, 'SEARCH'
11, 14053, 68.24197985766945, 68.24197985766945, 'SEARCH'
11, 14054, 68.24707525422512, 68.24707525422512, 'SEARCH'
11, 14055, 68.24781954905148, 68.24781954905148, 'SEARCH'
11, 14056, 68.2441931207119, 68.2441931207119, 'SEARCH'
11, 14057, 68.22577399811694, 68.22577399811694, 'SEARCH'
11, 14058, 68.20259293840205, 68.20259293840205, 'SEARCH'
11, 14059, 68.17642306405003, 68.17642306405003, 'SEARCH'
11, 14060, 68.156639553857, 68.156639553857, 'SEARCH'
11, 14061, 68.16594234110241, 68.16594234110241, 'SEARCH'
11, 14062, 68.14611886017893, 68.14611886017893, 'SEARCH'
11, 14063, 68.13076265692291, 68.13076265692291, 'SEARCH'
11, 14064, 68.10299561407417, 68.10299561407417, 'SEARCH'
11, 14065, 68.08722259432274, 68.08722259432274, 'SEARCH'
11, 14066, 68.09091117368659, 68.09091117368659, 'SEARCH'
11, 14067, 68.08168277805954, 68.08168277805954, 'SEARCH'
11, 14068, 68.05490664949193, 68.05490664949193, 'SEARCH'
11, 14069, 68.05228401162891, 68.05228401162891, 'SEARCH'
11, 14070, 68.02488325842661, 68.02488325842661, 'SEARCH'
11, 14071, 68.00143966917244, 68.00143966917244, 'SEARCH'
11, 14072, 67.9802903117139, 67.9802903117139, 'SEARCH'
11, 14073, 67.95381470571805, 67.95381470571805, 'SEARCH'
11, 14074, 67.96035086846379, 67.96035086846379, 'SEARCH'
11, 14075, 67.9348625468554, 67.9348625468554, 'SEARCH'
11, 14076, 67.92250925079574, 67.92250925079574, 'SEARCH'
11, 14077, 67.90267387977683, 67.90267387977683, 'SEARCH'
11, 14078, 67.87901380600246, 67.87901380600246, 'SEARCH'
11, 14079, 67.87209833994454, 67.87209833994454, 'SEARCH'
11, 14080, 67.88001227876316, 67.88001227876316, 'SEARCH'
11, 14081, 67.85920205527806, 67.85920205527806, 'SEARCH'
11, 14082, 67.86236880575369, 67.86236880575369, 'SEARCH'
11, 14083, 67.84508109374697, 67.84508109374697, 'SEARCH'
11, 14084, 67.82667892559313, 67.82667892559313, 'SEARCH'
11, 14085, 67.80101203214831, 67.80101203214831, 'SEARCH'
11, 14086, 67.79267700316552, 67.79267700316552, 'SEARCH'
11, 14087, 67.76495128185755, 67.76495128185755, 'SEARCH'
11, 14088, 67.73722570449051, 67.73722570449051, 'SEARCH'
11, 14089, 67.7113775787855, 67.7113775787855, 'SEARCH'
11, 14090, 67.69646771097149, 67.69646771097149, 'SEARCH'
11, 14091, 67.70009914637563, 67.70009914637563, 'SEARCH'
11, 14092, 67.68358523001407, 67.68358523001407, 'SEARCH'
11, 14093, 67.67295903113242, 67.67295903113242, 'SEARCH'
11, 14094, 67.67125344121725, 67.67125344121725, 'SEARCH'
11, 14095, 67.65432264844067, 67.65432264844067, 'SEARCH'
11, 14096, 67.6325603452294, 67.6325603452294, 'SEARCH'
11, 14097, 67.63421124618317, 67.63421124618317, 'SEARCH'
11, 14098, 67.62908843850056, 67.62908843850056, 'SEARCH'
11, 14099, 67.63455049673405, 67.63455049673405, 'SEARCH'
11, 14100, 67.60678486991124, 67.60678486991124, 'SEARCH'
11, 14101, 67.58188528444447, 67.58188528444447, 'SEARCH'
11, 14102, 67.56466766200866, 67.56466766200866, 'SEARCH'
11, 14103, 67.5648301915244, 67.5648301915244, 'SEARCH'
11, 14104, 67.54315130664787, 67.54315130664787, 'SEARCH'
11, 14105, 67.52592468397694, 67.52592468397694, 'SEARCH'
11, 14106, 67.52236677566786, 67.52236677566786, 'SEARCH'
11, 14107, 67.52546018906632, 67.52546018906632, 'SEARCH'
11, 14108, 67.50461062250461, 67.50461062250461, 'SEARCH'
11, 14109, 67.50090869593943, 67.50090869593943, 'SEARCH'
11, 14110, 67.49264444857216, 67.49264444857216, 'SEARCH'
11, 14111, 67.49619477677955, 67.49619477677955, 'SEARCH'
11, 14112, 67.47808393729004, 67.47808393729004, 'SEARCH'
11, 14113, 67.45296775154604, 67.45296775154604, 'SEARCH'
11, 14114, 67.42794244528757, 67.42794244528757, 'SEARCH'
11, 14115, 67.43527188658328, 67.43527188658328, 'SEARCH'
11, 14116, 67.41330408028506, 67.41330408028506, 'SEARCH'
11, 14117, 67.40504797297935, 67.40504797297935, 'SEARCH'
11, 14118, 67.40133845777383, 67.40133845777383, 'SEARCH'
11, 14119, 67.39495176676489, 67.39495176676489, 'SEARCH'
11, 14120, 67.37326479769273, 67.37326479769273, 'SEARCH'
11, 14121, 67.37633922556678, 67.37633922556678, 'SEARCH'
11, 14122, 67.3640232403999, 67.3640232403999, 'SEARCH'
11, 14123, 67.33815234797912, 67.33815234797912, 'SEARCH'
11, 14124, 67.3110491328024, 67.3110491328024, 'SEARCH'
11, 14125, 67.28600627186766, 67.28600627186766, 'SEARCH'
11, 14126, 67.2636431739506, 67.2636431739506, 'SEARCH'
11, 14127, 67.26139993283398, 67.26139993283398, 'SEARCH'
11, 14128, 67.2610770774762, 67.2610770774762, 'SEARCH'
11, 14129, 67.25996251988752, 67.25996251988752, 'SEARCH'
11, 14130, 67.2620618834251, 67.2620618834251, 'SEARCH'
11, 14131, 67.25288121017941, 67.25288121017941, 'SEARCH'
11, 14132, 67.24041498671289, 67.24041498671289, 'SEARCH'
11, 14133, 67.22020123985824, 67.22020123985824, 'SEARCH'
11, 14134, 67.2103769622474, 67.2103769622474, 'SEARCH'
11, 14135, 67.20663487881865, 67.20663487881865, 'SEARCH'
11, 14136, 67.1974884915829, 67.1974884915829, 'SEARCH'
11, 14137, 67.18675074250709, 67.18675074250709, 'SEARCH'
11, 14138, 67.19263516380201, 67.19263516380201, 'SEARCH'
11, 14139, 67.16487776447468, 67.16487776447468, 'SEARCH'
11, 14140, 67.14658070347828, 67.14658070347828, 'SEARCH'
11, 14141, 67.13344105669461, 67.13344105669461, 'SEARCH'
11, 14142, 67.12731757389263, 67.12731757389263, 'SEARCH'
11, 14143, 67.12985083115967, 67.12985083115967, 'SEARCH'
11, 14144, 67.10260182296092, 67.10260182296092, 'SEARCH'
11, 14145, 67.07738633024898, 67.07738633024898, 'SEARCH'
11, 14146, 67.06401198341332, 67.06401198341332, 'SEARCH'
11, 14147, 67.04120477940624, 67.04120477940624, 'SEARCH'
11, 14148, 67.02380534463504, 67.02380534463504, 'SEARCH'
11, 14149, 66.99604792398584, 66.99604792398584, 'SEARCH'
11, 14150, 66.97864197284012, 66.97864197284012, 'SEARCH'
11, 14151, 66.9523498475808, 66.9523498475808, 'SEARCH'
11, 14152, 66.92900230561486, 66.92900230561486, 'SEARCH'
11, 14153, 66.90894708282163, 66.90894708282163, 'SEARCH'
11, 14154, 66.89311303520962, 66.89311303520962, 'SEARCH'
11, 14155, 66.87254271108571, 66.87254271108571, 'SEARCH'
11, 14156, 66.8540297082461, 66.8540297082461, 'SEARCH'
11, 14157, 66.8288170193874, 66.8288170193874, 'SEARCH'
11, 14158, 66.82794665855191, 66.82794665855191, 'SEARCH'
11, 14159, 66.83044962239876, 66.83044962239876, 'SEARCH'
11, 14160, 66.82954527143768, 66.82954527143768, 'SEARCH'
11, 14161, 66.80919699195726, 66.80919699195726, 'SEARCH'
11, 14162, 66.78146061105085, 66.78146061105085, 'SEARCH'
11, 14163, 66.789179349954, 66.789179349954, 'SEARCH'
11, 14164, 66.76445074493287, 66.76445074493287, 'SEARCH'
11, 14165, 66.73836279938577, 66.73836279938577, 'SEARCH'
11, 14166, 66.7265871912539, 66.7265871912539, 'SEARCH'
11, 14167, 66.70503557475116, 66.70503557475116, 'SEARCH'
11, 14168, 66.67845737462623, 66.67845737462623, 'SEARCH'
11, 14169, 66.67226406619211, 66.67226406619211, 'SEARCH'
11, 14170, 66.66883818088552, 66.66883818088552, 'SEARCH'
11, 14171, 66.64950027026381, 66.64950027026381, 'SEARCH'
11, 14172, 66.62735982410261, 66.62735982410261, 'SEARCH'
11, 14173, 66.59961678049446, 66.59961678049446, 'SEARCH'
11, 14174, 66.58218962291988, 66.58218962291988, 'SEARCH'
11, 14175, 66.56355944957294, 66.56355944957294, 'SEARCH'
11, 14176, 66.53884253988319, 66.53884253988319, 'SEARCH'
11, 14177, 66.51288535024524, 66.51288535024524, 'SEARCH'
11, 14178, 66.50990469332802, 66.50990469332802, 'SEARCH'
11, 14179, 66.49609803202486, 66.49609803202486, 'SEARCH'
11, 14180, 66.46841895445363, 66.46841895445363, 'SEARCH'
11, 14181, 66.44269638329554, 66.44269638329554, 'SEARCH'
11, 14182, 66.42199789558026, 66.42199789558026, 'SEARCH'
11, 14183, 66.39471210975621, 66.39471210975621, 'SEARCH'
11, 14184, 66.36746465522327, 66.36746465522327, 'SEARCH'
11, 14185, 66.35970848028936, 66.35970848028936, 'SEARCH'
11, 14186, 66.3591026770378, 66.3591026770378, 'SEARCH'
11, 14187, 66.3402596029735, 66.3402596029735, 'SEARCH'
11, 14188, 66.31602690542675, 66.31602690542675, 'SEARCH'
11, 14189, 66.31396698115636, 66.31396698115636, 'SEARCH'
11, 14190, 66.28845238988306, 66.28845238988306, 'SEARCH'
11, 14191, 66.27702979990178, 66.27702979990178, 'SEARCH'
11, 14192, 66.25681927986372, 66.25681927986372, 'SEARCH'
11, 14193, 66.25309604257868, 66.25309604257868, 'SEARCH'
11, 14194, 66.24326050393675, 66.24326050393675, 'SEARCH'
11, 14195, 66.21548915119637, 66.21548915119637, 'SEARCH'
11, 14196, 66.21440411109424, 66.21440411109424, 'SEARCH'
11, 14197, 66.2059468788592, 66.2059468788592, 'SEARCH'
11, 14198, 66.18194966532994, 66.18194966532994, 'SEARCH'
11, 14199, 66.15541859336155, 66.15541859336155, 'SEARCH'
11, 14200, 66.14019749194539, 66.14019749194539, 'SEARCH'
11, 14201, 66.13036092378952, 66.13036092378952, 'SEARCH'
11, 14202, 66.10307244504763, 66.10307244504763, 'SEARCH'
11, 14203, 66.09718166797064, 66.09718166797064, 'SEARCH'
11, 14204, 66.08035645629502, 66.08035645629502, 'SEARCH'
11, 14205, 66.07302087959927, 66.07302087959927, 'SEARCH'
11, 14206, 66.04532306468099, 66.04532306468099, 'SEARCH'
11, 14207, 66.04033110726027, 66.04033110726027, 'SEARCH'
11, 14208, 66.03285604135597, 66.03285604135597, 'SEARCH'
11, 14209, 66.02096008531171, 66.02096008531171, 'SEARCH'
11, 14210, 66.01163834189815, 66.01163834189815, 'SEARCH'
11, 14211, 65.98906324280989, 65.98906324280989, 'SEARCH'
11, 14212, 65.98742190862978, 65.98742190862978, 'SEARCH'
11, 14213, 65.96507048298973, 65.96507048298973, 'SEARCH'
11, 14214, 65.96284662973552, 65.96284662973552, 'SEARCH'
11, 14215, 65.94273972428644, 65.94273972428644, 'SEARCH'
11, 14216, 65.91551024822787, 65.91551024822787, 'SEARCH'
11, 14217, 65.89573075672654, 65.89573075672654, 'SEARCH'
11, 14218, 65.87367342205128, 65.87367342205128, 'SEARCH'
11, 14219, 65.85960977577733, 65.85960977577733, 'SEARCH'
11, 14220, 65.83248536470319, 65.83248536470319, 'SEARCH'
11, 14221, 65.80517707788115, 65.80517707788115, 'SEARCH'
11, 14222, 65.78100900236748, 65.78100900236748, 'SEARCH'
11, 14223, 65.75615221320601, 65.75615221320601, 'SEARCH'
11, 14224, 65.75833690457787, 65.75833690457787, 'SEARCH'
11, 14225, 65.7378652665467, 65.7378652665467, 'SEARCH'
11, 14226, 65.71021556851703, 65.71021556851703, 'SEARCH'
11, 14227, 65.69330862185758, 65.69330862185758, 'SEARCH'
11, 14228, 65.66988523121837, 65.66988523121837, 'SEARCH'
11, 14229, 65.67495184002489, 65.67495184002489, 'SEARCH'
11, 14230, 65.64831423257169, 65.64831423257169, 'SEARCH'
11, 14231, 65.63859999639685, 65.63859999639685, 'SEARCH'
11, 14232, 65.61627232846759, 65.61627232846759, 'SEARCH'
11, 14233, 65.5916352901471, 65.5916352901471, 'SEARCH'
11, 14234, 65.56960166276141, 65.56960166276141, 'SEARCH'
11, 14235, 65.5559243389197, 65.5559243389197, 'SEARCH'
11, 14236, 65.55084688084432, 65.55084688084432, 'SEARCH'
11, 14237, 65.52345558850597, 65.52345558850597, 'SEARCH'
11, 14238, 65.49645327161684, 65.49645327161684, 'SEARCH'
11, 14239, 65.4840290197061, 65.4840290197061, 'SEARCH'
11, 14240, 65.45700698367759, 65.45700698367759, 'SEARCH'
11, 14241, 65.43329223312047, 65.43329223312047, 'SEARCH'
11, 14242, 65.43457405086365, 65.43457405086365, 'SEARCH'
11, 14243, 65.43004132804964, 65.43004132804964, 'SEARCH'
11, 14244, 65.41811520264108, 65.41811520264108, 'SEARCH'
11, 14245, 65.40200230205964, 65.40200230205964, 'SEARCH'
11, 14246, 65.39317916122818, 65.39317916122818, 'SEARCH'
11, 14247, 65.37553141074382, 65.37553141074382, 'SEARCH'
11, 14248, 65.37385168002507, 65.37385168002507, 'SEARCH'
11, 14249, 65.34615962166627, 65.34615962166627, 'SEARCH'
11, 14250, 65.3512254335726, 65.3512254335726, 'SEARCH'
11, 14251, 65.32555673014386, 65.32555673014386, 'SEARCH'
11, 14252, 65.31317799626963, 65.31317799626963, 'SEARCH'
11, 14253, 65.28949366416896, 65.28949366416896, 'SEARCH'
11, 14254, 65.28020996982865, 65.28020996982865, 'SEARCH'
11, 14255, 65.25558449622893, 65.25558449622893, 'SEARCH'
11, 14256, 65.24364819221621, 65.24364819221621, 'SEARCH'
11, 14257, 65.21675258774471, 65.21675258774471, 'SEARCH'
11, 14258, 65.19212185322345, 65.19212185322345, 'SEARCH'
11, 14259, 65.16490438938952, 65.16490438938952, 'SEARCH'
11, 14260, 65.15653870912507, 65.15653870912507, 'SEARCH'
11, 14261, 65.13309442306824, 65.13309442306824, 'SEARCH'
11, 14262, 65.11138251125797, 65.11138251125797, 'SEARCH'
11, 14263, 65.12068838698207, 65.12068838698207, 'SEARCH'
11, 14264, 65.09989581591987, 65.09989581591987, 'SEARCH'
11, 14265, 65.09869291162157, 65.09869291162157, 'SEARCH'
11, 14266, 65.07757615836074, 65.07757615836074, 'SEARCH'
11, 14267, 65.05068454223756, 65.05068454223756, 'SEARCH'
11, 14268, 65.02450157357313, 65.02450157357313, 'SEARCH'
11, 14269, 65.02183716086445, 65.02183716086445, 'SEARCH'
11, 14270, 64.99406062187016, 64.99406062187016, 'SEARCH'
11, 14271, 64.96820713444072, 64.96820713444072, 'SEARCH'
11, 14272, 64.9487137828293, 64.9487137828293, 'SEARCH'
11, 14273, 64.93499334291053, 64.93499334291053, 'SEARCH'
11, 14274, 64.91513502589939, 64.91513502589939, 'SEARCH'
11, 14275, 64.88969329096591, 64.88969329096591, 'SEARCH'
11, 14276, 64.87350033379344, 64.87350033379344, 'SEARCH'
11, 14277, 64.84961358113857, 64.84961358113857, 'SEARCH'
11, 14278, 64.84180794307804, 64.84180794307804, 'SEARCH'
11, 14279, 64.81915230320867, 64.81915230320867, 'SEARCH'
11, 14280, 64.82477307766432, 64.82477307766432, 'SEARCH'
11, 14281, 64.79724169209976, 64.79724169209976, 'SEARCH'
11, 14282, 64.78478676687125, 64.78478676687125, 'SEARCH'
11, 14283, 64.7597517327293, 64.7597517327293, 'SEARCH'
11, 14284, 64.7483060317223, 64.7483060317223, 'SEARCH'
11, 14285, 64.73343686281054, 64.73343686281054, 'SEARCH'
11, 14286, 64.7129210952571, 64.7129210952571, 'SEARCH'
11, 14287, 64.69410479486292, 64.69410479486292, 'SEARCH'
11, 14288, 64.6742339857768, 64.6742339857768, 'SEARCH'
11, 14289, 64.6506010627243, 64.6506010627243, 'SEARCH'
11, 14290, 64.62285389433296, 64.62285389433296, 'SEARCH'
11, 14291, 64.59715438219885, 64.59715438219885, 'SEARCH'
11, 14292, 64.58844011688464, 64.58844011688464, 'SEARCH'
11, 14293, 64.56206956644738, 64.56206956644738, 'SEARCH'
11, 14294, 64.53546382128718, 64.53546382128718, 'SEARCH'
11, 14295, 64.51002872073735, 64.51002872073735, 'SEARCH'
11, 14296, 64.48279018039774, 64.48279018039774, 'SEARCH'
11, 14297, 64.4596821532703, 64.4596821532703, 'SEARCH'
11, 14298, 64.43531526980173, 64.43531526980173, 'SEARCH'
11, 14299, 64.44235549476869, 64.44235549476869, 'SEARCH'
11, 14300, 64.41548007992952, 64.41548007992952, 'SEARCH'
11, 14301, 64.38794902278012, 64.38794902278012, 'SEARCH'
11, 14302, 64.36095521498098, 64.36095521498098, 'SEARCH'
11, 14303, 64.33382091620213, 64.33382091620213, 'SEARCH'
11, 14304, 64.30745427014764, 64.30745427014764, 'SEARCH'
11, 14305, 64.27981276266975, 64.27981276266975, 'SEARCH'
11, 14306, 64.27466413290433, 64.27466413290433, 'SEARCH'
11, 14307, 64.24896030865214, 64.24896030865214, 'SEARCH'
11, 14308, 64.22171717645061, 64.22171717645061, 'SEARCH'
11, 14309, 64.20964697219542, 64.20964697219542, 'SEARCH'
11, 14310, 64.20349667426348, 64.20349667426348, 'SEARCH'
11, 14311, 64.20389891284749, 64.20389891284749, 'SEARCH'
11, 14312, 64.19269260861084, 64.19269260861084, 'SEARCH'
11, 14313, 64.20165800758502, 64.20165800758502, 'SEARCH'
11, 14314, 64.1856428486367, 64.1856428486367, 'SEARCH'
11, 14315, 64.16031289108126, 64.16031289108126, 'SEARCH'
11, 14316, 64.13551632630254, 64.13551632630254, 'SEARCH'
11, 14317, 64.13734696046566, 64.13734696046566, 'SEARCH'
11, 14318, 64.1176165794618, 64.1176165794618, 'SEARCH'
11, 14319, 64.09069701788714, 64.09069701788714, 'SEARCH'
11, 14320, 64.06919004889197, 64.06919004889197, 'SEARCH'
11, 14321, 64.06859214923587, 64.06859214923587, 'SEARCH'
11, 14322, 64.04139443687379, 64.04139443687379, 'SEARCH'
11, 14323, 64.01670402931119, 64.01670402931119, 'SEARCH'
11, 14324, 64.00663792533629, 64.00663792533629, 'SEARCH'
11, 14325, 63.99305314896898, 63.99305314896898, 'SEARCH'
11, 14326, 63.96536849998326, 63.96536849998326, 'SEARCH'
11, 14327, 63.93798765653592, 63.93798765653592, 'SEARCH'
11, 14328, 63.92744675176674, 63.92744675176674, 'SEARCH'
11, 14329, 63.90006344220433, 63.90006344220433, 'SEARCH'
11, 14330, 63.875846715871376, 63.875846715871376, 'SEARCH'
11, 14331, 63.84814735599896, 63.84814735599896, 'SEARCH'
11, 14332, 63.85705523388263, 63.85705523388263, 'SEARCH'
11, 14333, 63.8543125585402, 63.8543125585402, 'SEARCH'
11, 14334, 63.830938396897835, 63.830938396897835, 'SEARCH'
11, 14335, 63.82389394277447, 63.82389394277447, 'SEARCH'
11, 14336, 63.81799006756768, 63.81799006756768, 'SEARCH'
11, 14337, 63.790349341664715, 63.790349341664715, 'SEARCH'
11, 14338, 63.782368081489736, 63.782368081489736, 'SEARCH'
11, 14339, 63.77981959237785, 63.77981959237785, 'SEARCH'
11, 14340, 63.78780155702861, 63.78780155702861, 'SEARCH'
11, 14341, 63.763663624167926, 63.763663624167926, 'SEARCH'
11, 14342, 63.73700924414014, 63.73700924414014, 'SEARCH'
11, 14343, 63.72298098238355, 63.72298098238355, 'SEARCH'
11, 14344, 63.70811289070032, 63.70811289070032, 'SEARCH'
11, 14345, 63.68727278668768, 63.68727278668768, 'SEARCH'
11, 14346, 63.66123006941851, 63.66123006941851, 'SEARCH'
11, 14347, 63.64205207190971, 63.64205207190971, 'SEARCH'
11, 14348, 63.639295637051745, 63.639295637051745, 'SEARCH'
11, 14349, 63.61406600093454, 63.61406600093454, 'SEARCH'
11, 14350, 63.59151503889453, 63.59151503889453, 'SEARCH'
11, 14351, 63.60088281938497, 63.60088281938497, 'SEARCH'
11, 14352, 63.594317737122495, 63.594317737122495, 'SEARCH'
11, 14353, 63.56728396871365, 63.56728396871365, 'SEARCH'
11, 14354, 63.5766593186094, 63.5766593186094, 'SEARCH'
11, 14355, 63.55154853310616, 63.55154853310616, 'SEARCH'
11, 14356, 63.53067672805582, 63.53067672805582, 'SEARCH'
11, 14357, 63.504297533670005, 63.504297533670005, 'SEARCH'
11, 14358, 63.48767335419371, 63.48767335419371, 'SEARCH'
11, 14359, 63.46042504208022, 63.46042504208022, 'SEARCH'
11, 14360, 63.448769040701755, 63.448769040701755, 'SEARCH'
11, 14361, 63.448695286827196, 63.448695286827196, 'SEARCH'
11, 14362, 63.42117518496143, 63.42117518496143, 'SEARCH'
11, 14363, 63.40338956028098, 63.40338956028098, 'SEARCH'
11, 14364, 63.3891466100898, 63.3891466100898, 'SEARCH'
11, 14365, 63.369204263248754, 63.369204263248754, 'SEARCH'
11, 14366, 63.378666255874, 63.378666255874, 'SEARCH'
11, 14367, 63.366980856519326, 63.366980856519326, 'SEARCH'
11, 14368, 63.34013891741818, 63.34013891741818, 'SEARCH'
11, 14369, 63.33337782414431, 63.33337782414431, 'SEARCH'
11, 14370, 63.32081969196246, 63.32081969196246, 'SEARCH'
11, 14371, 63.30053232624807, 63.30053232624807, 'SEARCH'
11, 14372, 63.289257570162334, 63.289257570162334, 'SEARCH'
11, 14373, 63.27178218131038, 63.27178218131038, 'SEARCH'
11, 14374, 63.255057654170855, 63.255057654170855, 'SEARCH'
11, 14375, 63.229692104079966, 63.229692104079966, 'SEARCH'
11, 14376, 63.20218154779972, 63.20218154779972, 'SEARCH'
11, 14377, 63.20021510962091, 63.20021510962091, 'SEARCH'
11, 14378, 63.172477922229085, 63.172477922229085, 'SEARCH'
11, 14379, 63.1590550498507, 63.1590550498507, 'SEARCH'
11, 14380, 63.153244347792864, 63.153244347792864, 'SEARCH'
11, 14381, 63.13169159048452, 63.13169159048452, 'SEARCH'
11, 14382, 63.117011003207594, 63.117011003207594, 'SEARCH'
11, 14383, 63.105241801034424, 63.105241801034424, 'SEARCH'
11, 14384, 63.10626242452877, 63.10626242452877, 'SEARCH'
11, 14385, 63.081751470210385, 63.081751470210385, 'SEARCH'
11, 14386, 63.05677292215792, 63.05677292215792, 'SEARCH'
11, 14387, 63.02899872010921, 63.02899872010921, 'SEARCH'
11, 14388, 63.021300469942375, 63.021300469942375, 'SEARCH'
11, 14389, 62.998791301647664, 62.998791301647664, 'SEARCH'
11, 14390, 62.98786759136653, 62.98786759136653, 'SEARCH'
11, 14391, 62.961901023117, 62.961901023117, 'SEARCH'
11, 14392, 62.94488214330337, 62.94488214330337, 'SEARCH'
11, 14393, 62.919746294402685, 62.919746294402685, 'SEARCH'
11, 14394, 62.913583984302875, 62.913583984302875, 'SEARCH'
11, 14395, 62.88584810563975, 62.88584810563975, 'SEARCH'
11, 14396, 62.88446863103463, 62.88446863103463, 'SEARCH'
11, 14397, 62.87491534764569, 62.87491534764569, 'SEARCH'
11, 14398, 62.85638408635325, 62.85638408635325, 'SEARCH'
11, 14399, 62.8492562513749, 62.8492562513749, 'SEARCH'
11, 14400, 62.85316857548044, 62.85316857548044, 'SEARCH'
11, 14401, 62.84975554787224, 62.84975554787224, 'SEARCH'
11, 14402, 62.82456057226176, 62.82456057226176, 'SEARCH'
11, 14403, 62.807504795537845, 62.807504795537845, 'SEARCH'
11, 14404, 62.79043940454715, 62.79043940454715, 'SEARCH'
11, 14405, 62.76267975083258, 62.76267975083258, 'SEARCH'
11, 14406, 62.73728839544405, 62.73728839544405, 'SEARCH'
11, 14407, 62.73685192218033, 62.73685192218033, 'SEARCH'
11, 14408, 62.7130263746967, 62.7130263746967, 'SEARCH'
11, 14409, 62.72256712020862, 62.72256712020862, 'SEARCH'
11, 14410, 62.70506738042319, 62.70506738042319, 'SEARCH'
11, 14411, 62.69838701685256, 62.69838701685256, 'SEARCH'
11, 14412, 62.70513017163745, 62.70513017163745, 'SEARCH'
11, 14413, 62.67886419938743, 62.67886419938743, 'SEARCH'
11, 14414, 62.67546443814966, 62.67546443814966, 'SEARCH'
11, 14415, 62.649056590462784, 62.649056590462784, 'SEARCH'
11, 14416, 62.62129685377103, 62.62129685377103, 'SEARCH'
11, 14417, 62.594743049988516, 62.594743049988516, 'SEARCH'
11, 14418, 62.59187251515722, 62.59187251515722, 'SEARCH'
11, 14419, 62.571546849274895, 62.571546849274895, 'SEARCH'
11, 14420, 62.54380876391985, 62.54380876391985, 'SEARCH'
11, 14421, 62.54626331716068, 62.54626331716068, 'SEARCH'
11, 14422, 62.530742411194666, 62.530742411194666, 'SEARCH'
11, 14423, 62.51441384006458, 62.51441384006458, 'SEARCH'
11, 14424, 62.503132899343626, 62.503132899343626, 'SEARCH'
11, 14425, 62.47671358852216, 62.47671358852216, 'SEARCH'
11, 14426, 62.46039676809066, 62.46039676809066, 'SEARCH'
11, 14427, 62.45557297394297, 62.45557297394297, 'SEARCH'
11, 14428, 62.44297937229621, 62.44297937229621, 'SEARCH'
11, 14429, 62.42867660068618, 62.42867660068618, 'SEARCH'
11, 14430, 62.42480125499373, 62.42480125499373, 'SEARCH'
11, 14431, 62.40206282306418, 62.40206282306418, 'SEARCH'
11, 14432, 62.391644566978, 62.391644566978, 'SEARCH'
11, 14433, 62.36733534031835, 62.36733534031835, 'SEARCH'
11, 14434, 62.34982703486318, 62.34982703486318, 'SEARCH'
11, 14435, 62.32915265579481, 62.32915265579481, 'SEARCH'
11, 14436, 62.310886061881995, 62.310886061881995, 'SEARCH'
11, 14437, 62.28616693160446, 62.28616693160446, 'SEARCH'
11, 14438, 62.28235660956238, 62.28235660956238, 'SEARCH'
11, 14439, 62.29044268979013, 62.29044268979013, 'SEARCH'
11, 14440, 62.26400716868014, 62.26400716868014, 'SEARCH'
11, 14441, 62.23792453072115, 62.23792453072115, 'SEARCH'
11, 14442, 62.21636733319359, 62.21636733319359, 'SEARCH'
11, 14443, 62.18862936849025, 62.18862936849025, 'SEARCH'
11, 14444, 62.1609212215204, 62.1609212215204, 'SEARCH'
11, 14445, 62.13396308888908, 62.13396308888908, 'SEARCH'
11, 14446, 62.10661137981415, 62.10661137981415, 'SEARCH'
11, 14447, 62.082792886347825, 62.082792886347825, 'SEARCH'
11, 14448, 62.07656606726075, 62.07656606726075, 'SEARCH'
11, 14449, 62.05030065939555, 62.05030065939555, 'SEARCH'
11, 14450, 62.02347079409141, 62.02347079409141, 'SEARCH'
11, 14451, 62.01769873986987, 62.01769873986987, 'SEARCH'
11, 14452, 62.02580647150421, 62.02580647150421, 'SEARCH'
11, 14453, 62.00867829872828, 62.00867829872828, 'SEARCH'
11, 14454, 61.999221017262336, 61.999221017262336, 'SEARCH'
11, 14455, 61.972261869569564, 61.972261869569564, 'SEARCH'
11, 14456, 61.95100057608969, 61.95100057608969, 'SEARCH'
11, 14457, 61.92583055149286, 61.92583055149286, 'SEARCH'
11, 14458, 61.90688570647934, 61.90688570647934, 'SEARCH'
11, 14459, 61.90015426543652, 61.90015426543652, 'SEARCH'
11, 14460, 61.88380329921752, 61.88380329921752, 'SEARCH'
11, 14461, 61.85739812500614, 61.85739812500614, 'SEARCH'
11, 14462, 61.850709570824726, 61.850709570824726, 'SEARCH'
11, 14463, 61.83516562470904, 61.83516562470904, 'SEARCH'
11, 14464, 61.828942851103626, 61.828942851103626, 'SEARCH'
11, 14465, 61.80676281012133, 61.80676281012133, 'SEARCH'
11, 14466, 61.784285667840585, 61.784285667840585, 'SEARCH'
11, 14467, 61.757577890727276, 61.757577890727276, 'SEARCH'
11, 14468, 61.729865621492735, 61.729865621492735, 'SEARCH'
11, 14469, 61.702702474978516, 61.702702474978516, 'SEARCH'
11, 14470, 61.677719978106545, 61.677719978106545, 'SEARCH'
11, 14471, 61.65216940682059, 61.65216940682059, 'SEARCH'
11, 14472, 61.64834787887825, 61.64834787887825, 'SEARCH'
11, 14473, 61.65175941521212, 61.65175941521212, 'SEARCH'
11, 14474, 61.64002638558294, 61.64002638558294, 'SEARCH'
11, 14475, 61.62655195137549, 61.62655195137549, 'SEARCH'
11, 14476, 61.59972672497124, 61.59972672497124, 'SEARCH'
11, 14477, 61.58338767068365, 61.58338767068365, 'SEARCH'
11, 14478, 61.562763196519676, 61.562763196519676, 'SEARCH'
11, 14479, 61.5651725295651, 61.5651725295651, 'SEARCH'
11, 14480, 61.540408229586, 61.540408229586, 'SEARCH'
11, 14481, 61.53139890836968, 61.53139890836968, 'SEARCH'
11, 14482, 61.51076721435383, 61.51076721435383, 'SEARCH'
11, 14483, 61.48773788756104, 61.48773788756104, 'SEARCH'
11, 14484, 61.45996011100844, 61.45996011100844, 'SEARCH'
11, 14485, 61.454663954558086, 61.454663954558086, 'SEARCH'
11, 14486, 61.45322560859701, 61.45322560859701, 'SEARCH'
11, 14487, 61.43850860388253, 61.43850860388253, 'SEARCH'
11, 14488, 61.415488140710295, 61.415488140710295, 'SEARCH'
11, 14489, 61.394528960517945, 61.394528960517945, 'SEARCH'
11, 14490, 61.4031109126285, 61.4031109126285, 'SEARCH'
11, 14491, 61.3754830656092, 61.3754830656092, 'SEARCH'
11, 14492, 61.37884902795811, 61.37884902795811, 'SEARCH'
11, 14493, 61.35273312919616, 61.35273312919616, 'SEARCH'
11, 14494, 61.32630201254416, 61.32630201254416, 'SEARCH'
11, 14495, 61.32191331919924, 61.32191331919924, 'SEARCH'
11, 14496, 61.31431656646847, 61.31431656646847, 'SEARCH'
11, 14497, 61.2936451907002, 61.2936451907002, 'SEARCH'
11, 14498, 61.294077553343094, 61.294077553343094, 'SEARCH'
11, 14499, 61.27030440521422, 61.27030440521422, 'SEARCH'
11, 14500, 61.25212460962127, 61.25212460962127, 'SEARCH'
11, 14501, 61.24878012054525, 61.24878012054525, 'SEARCH'
11, 14502, 61.23572034172639, 61.23572034172639, 'SEARCH'
11, 14503, 61.240507915490184, 61.240507915490184, 'SEARCH'
11, 14504, 61.21858412903856, 61.21858412903856, 'SEARCH'
11, 14505, 61.20823862270572, 61.20823862270572, 'SEARCH'
11, 14506, 61.186622647345644, 61.186622647345644, 'SEARCH'
11, 14507, 61.15990597678026, 61.15990597678026, 'SEARCH'
11, 14508, 61.13399324682933, 61.13399324682933, 'SEARCH'
11, 14509, 61.112377539150664, 61.112377539150664, 'SEARCH'
11, 14510, 61.10713034636024, 61.10713034636024, 'SEARCH'
11, 14511, 61.09000167655356, 61.09000167655356, 'SEARCH'
11, 14512, 61.077782498461886, 61.077782498461886, 'SEARCH'
11, 14513, 61.057424476475354, 61.057424476475354, 'SEARCH'
11, 14514, 61.05555944544942, 61.05555944544942, 'SEARCH'
11, 14515, 61.03277476550248, 61.03277476550248, 'SEARCH'
11, 14516, 61.007573859871464, 61.007573859871464, 'SEARCH'
11, 14517, 60.98031899233073, 60.98031899233073, 'SEARCH'
11, 14518, 60.96722725879644, 60.96722725879644, 'SEARCH'
11, 14519, 60.94054572179112, 60.94054572179112, 'SEARCH'
11, 14520, 60.947204120265766, 60.947204120265766, 'SEARCH'
11, 14521, 60.942941124343186, 60.942941124343186, 'SEARCH'
11, 14522, 60.92899724502848, 60.92899724502848, 'SEARCH'
11, 14523, 60.93037278724886, 60.93037278724886, 'SEARCH'
11, 14524, 60.93075958463798, 60.93075958463798, 'SEARCH'
11, 14525, 60.92486932724426, 60.92486932724426, 'SEARCH'
11, 14526, 60.922796249094226, 60.922796249094226, 'SEARCH'
11, 14527, 60.90237553915569, 60.90237553915569, 'SEARCH'
11, 14528, 60.87534733856138, 60.87534733856138, 'SEARCH'
11, 14529, 60.85459987416728, 60.85459987416728, 'SEARCH'
11, 14530, 60.8458576595613, 60.8458576595613, 'SEARCH'
11, 14531, 60.82634635607679, 60.82634635607679, 'SEARCH'
11, 14532, 60.79896203608496, 60.79896203608496, 'SEARCH'
11, 14533, 60.782500206884265, 60.782500206884265, 'SEARCH'
11, 14534, 60.76722074324532, 60.76722074324532, 'SEARCH'
11, 14535, 60.75708511164829, 60.75708511164829, 'SEARCH'
11, 14536, 60.75638947647653, 60.75638947647653, 'SEARCH'
11, 14537, 60.746197721424025, 60.746197721424025, 'SEARCH'
11, 14538, 60.739743979757534, 60.739743979757534, 'SEARCH'
11, 14539, 60.73514594261982, 60.73514594261982, 'SEARCH'
11, 14540, 60.72228980843892, 60.72228980843892, 'SEARCH'
11, 14541, 60.696646758803475, 60.696646758803475, 'SEARCH'
11, 14542, 60.705965367965696, 60.705965367965696, 'SEARCH'
11, 14543, 60.706721664242245, 60.706721664242245, 'SEARCH'
11, 14544, 60.70503527671138, 60.70503527671138, 'SEARCH'
11, 14545, 60.68086363018186, 60.68086363018186, 'SEARCH'
11, 14546, 60.67579837058773, 60.67579837058773, 'SEARCH'
11, 14547, 60.6485736085681, 60.6485736085681, 'SEARCH'
11, 14548, 60.64733086582133, 60.64733086582133, 'SEARCH'
11, 14549, 60.63046127823452, 60.63046127823452, 'SEARCH'
11, 14550, 60.60281502990628, 60.60281502990628, 'SEARCH'
11, 14551, 60.57533650136471, 60.57533650136471, 'SEARCH'
11, 14552, 60.57368737928449, 60.57368737928449, 'SEARCH'
11, 14553, 60.56770184464497, 60.56770184464497, 'SEARCH'
11, 14554, 60.54823851755205, 60.54823851755205, 'SEARCH'
11, 14555, 60.5358462142936, 60.5358462142936, 'SEARCH'
11, 14556, 60.51930959190544, 60.51930959190544, 'SEARCH'
11, 14557, 60.50476557962852, 60.50476557962852, 'SEARCH'
11, 14558, 60.4829926862655, 60.4829926862655, 'SEARCH'
11, 14559, 60.47752307687931, 60.47752307687931, 'SEARCH'
11, 14560, 60.460190957434904, 60.460190957434904, 'SEARCH'
11, 14561, 60.465796732596914, 60.465796732596914, 'SEARCH'
11, 14562, 60.444027142217045, 60.444027142217045, 'SEARCH'
11, 14563, 60.42232821906425, 60.42232821906425, 'SEARCH'
11, 14564, 60.42504564251811, 60.42504564251811, 'SEARCH'
11, 14565, 60.41899905678769, 60.41899905678769, 'SEARCH'
11, 14566, 60.39888794992157, 60.39888794992157, 'SEARCH'
11, 14567, 60.376532033613444, 60.376532033613444, 'SEARCH'
11, 14568, 60.375380055844914, 60.375380055844914, 'SEARCH'
11, 14569, 60.3505386875227, 60.3505386875227, 'SEARCH'
11, 14570, 60.34977669833017, 60.34977669833017, 'SEARCH'
11, 14571, 60.322229464974995, 60.322229464974995, 'SEARCH'
11, 14572, 60.296589698512975, 60.296589698512975, 'SEARCH'
11, 14573, 60.28424681701865, 60.28424681701865, 'SEARCH'
11, 14574, 60.28299366512044, 60.28299366512044, 'SEARCH'
11, 14575, 60.2696851834996, 60.2696851834996, 'SEARCH'
11, 14576, 60.25868310746987, 60.25868310746987, 'SEARCH'
11, 14577, 60.251665836701775, 60.251665836701775, 'SEARCH'
11, 14578, 60.225852028494906, 60.225852028494906, 'SEARCH'
11, 14579, 60.214850059293454, 60.214850059293454, 'SEARCH'
11, 14580, 60.219498254416955, 60.219498254416955, 'SEARCH'
11, 14581, 60.225079498909814, 60.225079498909814, 'SEARCH'
11, 14582, 60.22335992020503, 60.22335992020503, 'SEARCH'
11, 14583, 60.19892739805779, 60.19892739805779, 'SEARCH'
11, 14584, 60.193809265563885, 60.193809265563885, 'SEARCH'
11, 14585, 60.17295379076922, 60.17295379076922, 'SEARCH'
11, 14586, 60.171835606256124, 60.171835606256124, 'SEARCH'
11, 14587, 60.158516367648886, 60.158516367648886, 'SEARCH'
11, 14588, 60.13453502262318, 60.13453502262318, 'SEARCH'
11, 14589, 60.106779226493124, 60.106779226493124, 'SEARCH'
11, 14590, 60.10160723564073, 60.10160723564073, 'SEARCH'
11, 14591, 60.10295090823201, 60.10295090823201, 'SEARCH'
11, 14592, 60.09635741215067, 60.09635741215067, 'SEARCH'
11, 14593, 60.08741793480927, 60.08741793480927, 'SEARCH'
11, 14594, 60.079675067542105, 60.079675067542105, 'SEARCH'
11, 14595, 60.05370384854292, 60.05370384854292, 'SEARCH'
11, 14596, 60.027172483464106, 60.027172483464106, 'SEARCH'
11, 14597, 60.02035439921696, 60.02035439921696, 'SEARCH'
11, 14598, 59.992900184279264, 59.992900184279264, 'SEARCH'
11, 14599, 59.96570505781581, 59.96570505781581, 'SEARCH'
11, 14600, 59.94344971451911, 59.94344971451911, 'SEARCH'
11, 14601, 59.917226928788736, 59.917226928788736, 'SEARCH'
11, 14602, 59.88977316528861, 59.88977316528861, 'SEARCH'
11, 14603, 59.86248396284406, 59.86248396284406, 'SEARCH'
11, 14604, 59.83618233488991, 59.83618233488991, 'SEARCH'
11, 14605, 59.8123118161091, 59.8123118161091, 'SEARCH'
11, 14606, 59.80594221684864, 59.80594221684864, 'SEARCH'
11, 14607, 59.796763747670234, 59.796763747670234, 'SEARCH'
11, 14608, 59.7810978830536, 59.7810978830536, 'SEARCH'
11, 14609, 59.758444304520474, 59.758444304520474, 'SEARCH'
11, 14610, 59.7472920988145, 59.7472920988145, 'SEARCH'
11, 14611, 59.72380944911146, 59.72380944911146, 'SEARCH'
11, 14612, 59.709812232153546, 59.709812232153546, 'SEARCH'
11, 14613, 59.70136220231353, 59.70136220231353, 'SEARCH'
11, 14614, 59.68378792844862, 59.68378792844862, 'SEARCH'
11, 14615, 59.66323427114665, 59.66323427114665, 'SEARCH'
11, 14616, 59.663117904985185, 59.663117904985185, 'SEARCH'
11, 14617, 59.63809185758255, 59.63809185758255, 'SEARCH'
11, 14618, 59.615992989576384, 59.615992989576384, 'SEARCH'
11, 14619, 59.591759304642544, 59.591759304642544, 'SEARCH'
11, 14620, 59.575734685794544, 59.575734685794544, 'SEARCH'
11, 14621, 59.56112212314137, 59.56112212314137, 'SEARCH'
11, 14622, 59.55081573511459, 59.55081573511459, 'SEARCH'
11, 14623, 59.545125264516635, 59.545125264516635, 'SEARCH'
11, 14624, 59.526951309030736, 59.526951309030736, 'SEARCH'
11, 14625, 59.49979055844913, 59.49979055844913, 'SEARCH'
11, 14626, 59.472360988657705, 59.472360988657705, 'SEARCH'
11, 14627, 59.46560974637342, 59.46560974637342, 'SEARCH'
11, 14628, 59.43903092923659, 59.43903092923659, 'SEARCH'
11, 14629, 59.439463160534125, 59.439463160534125, 'SEARCH'
11, 14630, 59.427789881758265, 59.427789881758265, 'SEARCH'
11, 14631, 59.40818533504541, 59.40818533504541, 'SEARCH'
11, 14632, 59.38962463782724, 59.38962463782724, 'SEARCH'
11, 14633, 59.371756133478094, 59.371756133478094, 'SEARCH'
11, 14634, 59.34847615560087, 59.34847615560087, 'SEARCH'
11, 14635, 59.3298777144628, 59.3298777144628, 'SEARCH'
11, 14636, 59.330334842314386, 59.330334842314386, 'SEARCH'
11, 14637, 59.30317410966814, 59.30317410966814, 'SEARCH'
11, 14638, 59.28498015792565, 59.28498015792565, 'SEARCH'
11, 14639, 59.25780494763325, 59.25780494763325, 'SEARCH'
11, 14640, 59.25157717170288, 59.25157717170288, 'SEARCH'
11, 14641, 59.2264017040053, 59.2264017040053, 'SEARCH'
11, 14642, 59.199569064535474, 59.199569064535474, 'SEARCH'
11, 14643, 59.193326633888, 59.193326633888, 'SEARCH'
11, 14644, 59.166491618249886, 59.166491618249886, 'SEARCH'
11, 14645, 59.16549825563474, 59.16549825563474, 'SEARCH'
11, 14646, 59.16167640029881, 59.16167640029881, 'SEARCH'
11, 14647, 59.134316319424855, 59.134316319424855, 'SEARCH'
11, 14648, 59.11103774374281, 59.11103774374281, 'SEARCH'
11, 14649, 59.08478155957204, 59.08478155957204, 'SEARCH'
11, 14650, 59.0577106341389, 59.0577106341389, 'SEARCH'
11, 14651, 59.05096000940953, 59.05096000940953, 'SEARCH'
11, 14652, 59.04666639659102, 59.04666639659102, 'SEARCH'
11, 14653, 59.047668690740124, 59.047668690740124, 'SEARCH'
11, 14654, 59.04620266407969, 59.04620266407969, 'SEARCH'
11, 14655, 59.038112736388, 59.038112736388, 'SEARCH'
11, 14656, 59.03570631543107, 59.03570631543107, 'SEARCH'
11, 14657, 59.02353419533302, 59.02353419533302, 'SEARCH'
11, 14658, 59.01589194906025, 59.01589194906025, 'SEARCH'
11, 14659, 58.993709783689695, 58.993709783689695, 'SEARCH'
11, 14660, 59.00184292850954, 59.00184292850954, 'SEARCH'
11, 14661, 59.00995610069672, 59.00995610069672, 'SEARCH'
11, 14662, 58.990293379085, 58.990293379085, 'SEARCH'
11, 14663, 58.96534485646339, 58.96534485646339, 'SEARCH'
11, 14664, 58.947468183522275, 58.947468183522275, 'SEARCH'
11, 14665, 58.956473006764405, 58.956473006764405, 'SEARCH'
11, 14666, 58.93653432638964, 58.93653432638964, 'SEARCH'
11, 14667, 58.91461784083749, 58.91461784083749, 'SEARCH'
11, 14668, 58.88711790547068, 58.88711790547068, 'SEARCH'
11, 14669, 58.85940459457284, 58.85940459457284, 'SEARCH'
11, 14670, 58.84042842332403, 58.84042842332403, 'SEARCH'
11, 14671, 58.82701010906441, 58.82701010906441, 'SEARCH'
11, 14672, 58.81618906812123, 58.81618906812123, 'SEARCH'
11, 14673, 58.793168480972504, 58.793168480972504, 'SEARCH'
11, 14674, 58.78276315816116, 58.78276315816116, 'SEARCH'
11, 14675, 58.75559593942127, 58.75559593942127, 'SEARCH'
11, 14676, 58.747020174631494, 58.747020174631494, 'SEARCH'
11, 14677, 58.72954880125658, 58.72954880125658, 'SEARCH'
11, 14678, 58.701923114467164, 58.701923114467164, 'SEARCH'
11, 14679, 58.67429735391662, 58.67429735391662, 'SEARCH'
11, 14680, 58.66083741328755, 58.66083741328755, 'SEARCH'
11, 14681, 58.649531884600236, 58.649531884600236, 'SEARCH'
11, 14682, 58.627332462350935, 58.627332462350935, 'SEARCH'
11, 14683, 58.61779989908603, 58.61779989908603, 'SEARCH'
11, 14684, 58.60386596439604, 58.60386596439604, 'SEARCH'
11, 14685, 58.591749966293186, 58.591749966293186, 'SEARCH'
11, 14686, 58.56767012930773, 58.56767012930773, 'SEARCH'
11, 14687, 58.541718114882535, 58.541718114882535, 'SEARCH'
11, 14688, 58.534942668229995, 58.534942668229995, 'SEARCH'
11, 14689, 58.510924600221415, 58.510924600221415, 'SEARCH'
11, 14690, 58.48841553264297, 58.48841553264297, 'SEARCH'
11, 14691, 58.480226577011386, 58.480226577011386, 'SEARCH'
11, 14692, 58.46170603701799, 58.46170603701799, 'SEARCH'
11, 14693, 58.455999991520756, 58.455999991520756, 'SEARCH'
11, 14694, 58.42956649654888, 58.42956649654888, 'SEARCH'
11, 14695, 58.42719705167002, 58.42719705167002, 'SEARCH'
11, 14696, 58.40621284021852, 58.40621284021852, 'SEARCH'
11, 14697, 58.401348978523096, 58.401348978523096, 'SEARCH'
11, 14698, 58.37539449625879, 58.37539449625879, 'SEARCH'
11, 14699, 58.348579870358684, 58.348579870358684, 'SEARCH'
11, 14700, 58.3257945186461, 58.3257945186461, 'SEARCH'
11, 14701, 58.328153045505054, 58.328153045505054, 'SEARCH'
11, 14702, 58.3026163716779, 58.3026163716779, 'SEARCH'
11, 14703, 58.29006940448733, 58.29006940448733, 'SEARCH'
11, 14704, 58.29997645806827, 58.29997645806827, 'SEARCH'
11, 14705, 58.2851953751823, 58.2851953751823, 'SEARCH'
11, 14706, 58.26958976953498, 58.26958976953498, 'SEARCH'
11, 14707, 58.24650385234572, 58.24650385234572, 'SEARCH'
11, 14708, 58.21931034440128, 58.21931034440128, 'SEARCH'
11, 14709, 58.220169422702035, 58.220169422702035, 'SEARCH'
11, 14710, 58.21499835187243, 58.21499835187243, 'SEARCH'
11, 14711, 58.19781002686647, 58.19781002686647, 'SEARCH'
11, 14712, 58.18217433941357, 58.18217433941357, 'SEARCH'
11, 14713, 58.17030929149955, 58.17030929149955, 'SEARCH'
11, 14714, 58.149243146989086, 58.149243146989086, 'SEARCH'
11, 14715, 58.13913332701487, 58.13913332701487, 'SEARCH'
11, 14716, 58.111924815530394, 58.111924815530394, 'SEARCH'
11, 14717, 58.11367847918724, 58.11367847918724, 'SEARCH'
11, 14718, 58.08924941909139, 58.08924941909139, 'SEARCH'
11, 14719, 58.09483690466761, 58.09483690466761, 'SEARCH'
11, 14720, 58.08885298000019, 58.08885298000019, 'SEARCH'
11, 14721, 58.062082987327486, 58.062082987327486, 'SEARCH'
11, 14722, 58.04297586788672, 58.04297586788672, 'SEARCH'
11, 14723, 58.01648171651793, 58.01648171651793, 'SEARCH'
11, 14724, 57.993857432034915, 57.993857432034915, 'SEARCH'
11, 14725, 57.96608832962746, 57.96608832962746, 'SEARCH'
11, 14726, 57.95286717622402, 57.95286717622402, 'SEARCH'
11, 14727, 57.93026520845422, 57.93026520845422, 'SEARCH'
11, 14728, 57.932939988958154, 57.932939988958154, 'SEARCH'
11, 14729, 57.931719276502236, 57.931719276502236, 'SEARCH'
11, 14730, 57.92615180675015, 57.92615180675015, 'SEARCH'
11, 14731, 57.905380655091506, 57.905380655091506, 'SEARCH'
11, 14732, 57.878621902387415, 57.878621902387415, 'SEARCH'
11, 14733, 57.85599431151283, 57.85599431151283, 'SEARCH'
11, 14734, 57.833361602882704, 57.833361602882704, 'SEARCH'
11, 14735, 57.81535221249325, 57.81535221249325, 'SEARCH'
11, 14736, 57.79555479319242, 57.79555479319242, 'SEARCH'
11, 14737, 57.76892190866062, 57.76892190866062, 'SEARCH'
11, 14738, 57.74718696431875, 57.74718696431875, 'SEARCH'
11, 14739, 57.72100354007926, 57.72100354007926, 'SEARCH'
11, 14740, 57.69451381996298, 57.69451381996298, 'SEARCH'
11, 14741, 57.69862533108091, 57.69862533108091, 'SEARCH'
11, 14742, 57.673773189284695, 57.673773189284695, 'SEARCH'
11, 14743, 57.65362567754047, 57.65362567754047, 'SEARCH'
11, 14744, 57.62585782298734, 57.62585782298734, 'SEARCH'
11, 14745, 57.61344636490944, 57.61344636490944, 'SEARCH'
11, 14746, 57.59774598500117, 57.59774598500117, 'SEARCH'
11, 14747, 57.5908151890405, 57.5908151890405, 'SEARCH'
11, 14748, 57.571349304756204, 57.571349304756204, 'SEARCH'
11, 14749, 57.57829764472167, 57.57829764472167, 'SEARCH'
11, 14750, 57.582375054569695, 57.582375054569695, 'SEARCH'
11, 14751, 57.56620327981092, 57.56620327981092, 'SEARCH'
11, 14752, 57.53973090853939, 57.53973090853939, 'SEARCH'
11, 14753, 57.53557083153156, 57.53557083153156, 'SEARCH'
11, 14754, 57.53670709309947, 57.53670709309947, 'SEARCH'
11, 14755, 57.51065457704846, 57.51065457704846, 'SEARCH'
11, 14756, 57.48467127974562, 57.48467127974562, 'SEARCH'
11, 14757, 57.45897407122153, 57.45897407122153, 'SEARCH'
11, 14758, 57.44160924433624, 57.44160924433624, 'SEARCH'
11, 14759, 57.423487632422194, 57.423487632422194, 'SEARCH'
11, 14760, 57.423609294259265, 57.423609294259265, 'SEARCH'
11, 14761, 57.4016586343282, 57.4016586343282, 'SEARCH'
11, 14762, 57.378837686075244, 57.378837686075244, 'SEARCH'
11, 14763, 57.35747373725079, 57.35747373725079, 'SEARCH'
11, 14764, 57.33549274663327, 57.33549274663327, 'SEARCH'
11, 14765, 57.33179153571847, 57.33179153571847, 'SEARCH'
11, 14766, 57.33067678801116, 57.33067678801116, 'SEARCH'
11, 14767, 57.30536898476697, 57.30536898476697, 'SEARCH'
11, 14768, 57.28091924012401, 57.28091924012401, 'SEARCH'
11, 14769, 57.27388039796184, 57.27388039796184, 'SEARCH'
11, 14770, 57.26379895294591, 57.26379895294591, 'SEARCH'
11, 14771, 57.23748363805698, 57.23748363805698, 'SEARCH'
11, 14772, 57.21259155946078, 57.21259155946078, 'SEARCH'
11, 14773, 57.19773360389882, 57.19773360389882, 'SEARCH'
11, 14774, 57.18626784073537, 57.18626784073537, 'SEARCH'
11, 14775, 57.16450558604851, 57.16450558604851, 'SEARCH'
11, 14776, 57.15078604681701, 57.15078604681701, 'SEARCH'
11, 14777, 57.12319414342715, 57.12319414342715, 'SEARCH'
11, 14778, 57.10267567092741, 57.10267567092741, 'SEARCH'
11, 14779, 57.08257362748205, 57.08257362748205, 'SEARCH'
11, 14780, 57.0798611160267, 57.0798611160267, 'SEARCH'
11, 14781, 57.06009885011777, 57.06009885011777, 'SEARCH'
11, 14782, 57.03406160095774, 57.03406160095774, 'SEARCH'
11, 14783, 57.025654642432706, 57.025654642432706, 'SEARCH'
11, 14784, 57.02582094236929, 57.02582094236929, 'SEARCH'
11, 14785, 56.99868058043156, 56.99868058043156, 'SEARCH'
11, 14786, 56.983431083827874, 56.983431083827874, 'SEARCH'
11, 14787, 56.95832592536378, 56.95832592536378, 'SEARCH'
11, 14788, 56.93153633243304, 56.93153633243304, 'SEARCH'
11, 14789, 56.91950136288303, 56.91950136288303, 'SEARCH'
11, 14790, 56.91358920726002, 56.91358920726002, 'SEARCH'
11, 14791, 56.910365063277574, 56.910365063277574, 'SEARCH'
11, 14792, 56.88390358170458, 56.88390358170458, 'SEARCH'
11, 14793, 56.858091967577515, 56.858091967577515, 'SEARCH'
11, 14794, 56.836304155308426, 56.836304155308426, 'SEARCH'
11, 14795, 56.831329117252935, 56.831329117252935, 'SEARCH'
11, 14796, 56.824908873780636, 56.824908873780636, 'SEARCH'
11, 14797, 56.8198037034849, 56.8198037034849, 'SEARCH'
11, 14798, 56.79216007070305, 56.79216007070305, 'SEARCH'
11, 14799, 56.797641214794815, 56.797641214794815, 'SEARCH'
11, 14800, 56.80498700438727, 56.80498700438727, 'SEARCH'
11, 14801, 56.79746478248126, 56.79746478248126, 'SEARCH'
11, 14802, 56.78084347814831, 56.78084347814831, 'SEARCH'
11, 14803, 56.75322901493883, 56.75322901493883, 'SEARCH'
11, 14804, 56.72789633702395, 56.72789633702395, 'SEARCH'
11, 14805, 56.70974931257708, 56.70974931257708, 'SEARCH'
11, 14806, 56.697060276412714, 56.697060276412714, 'SEARCH'
11, 14807, 56.669970038395235, 56.669970038395235, 'SEARCH'
11, 14808, 56.667667172751315, 56.667667172751315, 'SEARCH'
11, 14809, 56.643562585260284, 56.643562585260284, 'SEARCH'
11, 14810, 56.61683029762599, 56.61683029762599, 'SEARCH'
11, 14811, 56.58945361835799, 56.58945361835799, 'SEARCH'
11, 14812, 56.586420796430836, 56.586420796430836, 'SEARCH'
11, 14813, 56.56010715787115, 56.56010715787115, 'SEARCH'
11, 14814, 56.56930535150739, 56.56930535150739, 'SEARCH'
11, 14815, 56.577097757557674, 56.577097757557674, 'SEARCH'
11, 14816, 56.57479527060905, 56.57479527060905, 'SEARCH'
11, 14817, 56.54754657520667, 56.54754657520667, 'SEARCH'
11, 14818, 56.529616963333964, 56.529616963333964, 'SEARCH'
11, 14819, 56.51204506504342, 56.51204506504342, 'SEARCH'
11, 14820, 56.50783497341635, 56.50783497341635, 'SEARCH'
11, 14821, 56.48916217693491, 56.48916217693491, 'SEARCH'
11, 14822, 56.463731269232, 56.463731269232, 'SEARCH'
11, 14823, 56.43861898182147, 56.43861898182147, 'SEARCH'
11, 14824, 56.43393590078599, 56.43393590078599, 'SEARCH'
11, 14825, 56.42875492087329, 56.42875492087329, 'SEARCH'
11, 14826, 56.40427592124302, 56.40427592124302, 'SEARCH'
11, 14827, 56.38203525818487, 56.38203525818487, 'SEARCH'
11, 14828, 56.35435375641279, 56.35435375641279, 'SEARCH'
11, 14829, 56.32977275396889, 56.32977275396889, 'SEARCH'
11, 14830, 56.30434340111954, 56.30434340111954, 'SEARCH'
11, 14831, 56.3003346832948, 56.3003346832948, 'SEARCH'
11, 14832, 56.2871466416836, 56.2871466416836, 'SEARCH'
11, 14833, 56.28647322083217, 56.28647322083217, 'SEARCH'
11, 14834, 56.27536810744051, 56.27536810744051, 'SEARCH'
11, 14835, 56.24920034715822, 56.24920034715822, 'SEARCH'
11, 14836, 56.22632964711741, 56.22632964711741, 'SEARCH'
11, 14837, 56.21799758834952, 56.21799758834952, 'SEARCH'
11, 14838, 56.22401052884868, 56.22401052884868, 'SEARCH'
11, 14839, 56.206735687475216, 56.206735687475216, 'SEARCH'
11, 14840, 56.18869415363602, 56.18869415363602, 'SEARCH'
11, 14841, 56.17718923151993, 56.17718923151993, 'SEARCH'
11, 14842, 56.15301586319868, 56.15301586319868, 'SEARCH'
11, 14843, 56.159970288563514, 56.159970288563514, 'SEARCH'
11, 14844, 56.16453189481374, 56.16453189481374, 'SEARCH'
11, 14845, 56.15484716315146, 56.15484716315146, 'SEARCH'
11, 14846, 56.15167915014992, 56.15167915014992, 'SEARCH'
11, 14847, 56.126187217445136, 56.126187217445136, 'SEARCH'
11, 14848, 56.131676133650906, 56.131676133650906, 'SEARCH'
11, 14849, 56.11482399708478, 56.11482399708478, 'SEARCH'
11, 14850, 56.09471080208679, 56.09471080208679, 'SEARCH'
11, 14851, 56.09685666151233, 56.09685666151233, 'SEARCH'
11, 14852, 56.10186334597626, 56.10186334597626, 'SEARCH'
11, 14853, 56.07635797833112, 56.07635797833112, 'SEARCH'
11, 14854, 56.05582142739724, 56.05582142739724, 'SEARCH'
11, 14855, 56.0280897804995, 56.0280897804995, 'SEARCH'
11, 14856, 56.00386779145734, 56.00386779145734, 'SEARCH'
11, 14857, 55.99681637047011, 55.99681637047011, 'SEARCH'
11, 14858, 55.969038861279124, 55.969038861279124, 'SEARCH'
11, 14859, 55.961503978739806, 55.961503978739806, 'SEARCH'
11, 14860, 55.95145035759799, 55.95145035759799, 'SEARCH'
11, 14861, 55.96015646233086, 55.96015646233086, 'SEARCH'
11, 14862, 55.95167343469934, 55.95167343469934, 'SEARCH'
11, 14863, 55.926534601972676, 55.926534601972676, 'SEARCH'
11, 14864, 55.93143716801178, 55.93143716801178, 'SEARCH'
11, 14865, 55.91183584183485, 55.91183584183485, 'SEARCH'
11, 14866, 55.9123650158168, 55.9123650158168, 'SEARCH'
11, 14867, 55.88465642773046, 55.88465642773046, 'SEARCH'
11, 14868, 55.85729640643584, 55.85729640643584, 'SEARCH'
11, 14869, 55.850138673605926, 55.850138673605926, 'SEARCH'
11, 14870, 55.85208839965269, 55.85208839965269, 'SEARCH'
11, 14871, 55.848713869568115, 55.848713869568115, 'SEARCH'
11, 14872, 55.848241268870574, 55.848241268870574, 'SEARCH'
11, 14873, 55.83827692681355, 55.83827692681355, 'SEARCH'
11, 14874, 55.82569275532353, 55.82569275532353, 'SEARCH'
11, 14875, 55.805705712034964, 55.805705712034964, 'SEARCH'
11, 14876, 55.78190598408759, 55.78190598408759, 'SEARCH'
11, 14877, 55.756531700455625, 55.756531700455625, 'SEARCH'
11, 14878, 55.73588317074603, 55.73588317074603, 'SEARCH'
11, 14879, 55.71011800922129, 55.71011800922129, 'SEARCH'
11, 14880, 55.69382259778006, 55.69382259778006, 'SEARCH'
11, 14881, 55.66772813446165, 55.66772813446165, 'SEARCH'
11, 14882, 55.63995424458365, 55.63995424458365, 'SEARCH'
11, 14883, 55.62321729717295, 55.62321729717295, 'SEARCH'
11, 14884, 55.61739723870469, 55.61739723870469, 'SEARCH'
11, 14885, 55.58983499983093, 55.58983499983093, 'SEARCH'
11, 14886, 55.58211059674459, 55.58211059674459, 'SEARCH'
11, 14887, 55.58123482586095, 55.58123482586095, 'SEARCH'
11, 14888, 55.57743929841998, 55.57743929841998, 'SEARCH'
11, 14889, 55.55027878165376, 55.55027878165376, 'SEARCH'
11, 14890, 55.5546722666498, 55.5546722666498, 'SEARCH'
11, 14891, 55.52710465229401, 55.52710465229401, 'SEARCH'
11, 14892, 55.50461606006105, 55.50461606006105, 'SEARCH'
11, 14893, 55.477436158258485, 55.477436158258485, 'SEARCH'
11, 14894, 55.470767748601666, 55.470767748601666, 'SEARCH'
11, 14895, 55.458185488910644, 55.458185488910644, 'SEARCH'
11, 14896, 55.43047442492539, 55.43047442492539, 'SEARCH'
11, 14897, 55.422836801472414, 55.422836801472414, 'SEARCH'
11, 14898, 55.42089804159041, 55.42089804159041, 'SEARCH'
11, 14899, 55.40615800872158, 55.40615800872158, 'SEARCH'
11, 14900, 55.38057253410424, 55.38057253410424, 'SEARCH'
11, 14901, 55.36749139807822, 55.36749139807822, 'SEARCH'
11, 14902, 55.34442695509941, 55.34442695509941, 'SEARCH'
11, 14903, 55.31749204083055, 55.31749204083055, 'SEARCH'
11, 14904, 55.326475957084476, 55.326475957084476, 'SEARCH'
11, 14905, 55.31335896955365, 55.31335896955365, 'SEARCH'
11, 14906, 55.3185566004077, 55.3185566004077, 'SEARCH'
11, 14907, 55.29987474473349, 55.29987474473349, 'SEARCH'
11, 14908, 55.29856287700258, 55.29856287700258, 'SEARCH'
11, 14909, 55.30038198551771, 55.30038198551771, 'SEARCH'
11, 14910, 55.28433308073137, 55.28433308073137, 'SEARCH'
11, 14911, 55.273179780737486, 55.273179780737486, 'SEARCH'
11, 14912, 55.24554033096444, 55.24554033096444, 'SEARCH'
11, 14913, 55.227215912638925, 55.227215912638925, 'SEARCH'
11, 14914, 55.203737784470654, 55.203737784470654, 'SEARCH'
11, 14915, 55.17892797984073, 55.17892797984073, 'SEARCH'
11, 14916, 55.157738219942466, 55.157738219942466, 'SEARCH'
11, 14917, 55.136382194041815, 55.136382194041815, 'SEARCH'
11, 14918, 55.133830170707434, 55.133830170707434, 'SEARCH'
11, 14919, 55.10610972614054, 55.10610972614054, 'SEARCH'
11, 14920, 55.08197814107252, 55.08197814107252, 'SEARCH'
11, 14921, 55.066577123481004, 55.066577123481004, 'SEARCH'
11, 14922, 55.06643982989159, 55.06643982989159, 'SEARCH'
11, 14923, 55.04568986352066, 55.04568986352066, 'SEARCH'
11, 14924, 55.036027209087855, 55.036027209087855, 'SEARCH'
11, 14925, 55.02589261645826, 55.02589261645826, 'SEARCH'
11, 14926, 55.01797518012066, 55.01797518012066, 'SEARCH'
11, 14927, 55.00967269938838, 55.00967269938838, 'SEARCH'
11, 14928, 54.98527638294031, 54.98527638294031, 'SEARCH'
11, 14929, 54.96111197839704, 54.96111197839704, 'SEARCH'
11, 14930, 54.962824651397796, 54.962824651397796, 'SEARCH'
11, 14931, 54.94477937280248, 54.94477937280248, 'SEARCH'
11, 14932, 54.922177601072406, 54.922177601072406, 'SEARCH'
11, 14933, 54.91951969845048, 54.91951969845048, 'SEARCH'
11, 14934, 54.91828889223217, 54.91828889223217, 'SEARCH'
11, 14935, 54.914705510212244, 54.914705510212244, 'SEARCH'
11, 14936, 54.893570073308815, 54.893570073308815, 'SEARCH'
11, 14937, 54.90103053401045, 54.90103053401045, 'SEARCH'
11, 14938, 54.895953792891646, 54.895953792891646, 'SEARCH'
11, 14939, 54.86830021861252, 54.86830021861252, 'SEARCH'
11, 14940, 54.856382419914866, 54.856382419914866, 'SEARCH'
11, 14941, 54.83406851963878, 54.83406851963878, 'SEARCH'
11, 14942, 54.81714616732506, 54.81714616732506, 'SEARCH'
11, 14943, 54.81887865401554, 54.81887865401554, 'SEARCH'
11, 14944, 54.7944733210219, 54.7944733210219, 'SEARCH'
11, 14945, 54.78473997463653, 54.78473997463653, 'SEARCH'
11, 14946, 54.76524943628595, 54.76524943628595, 'SEARCH'
11, 14947, 54.73825064695884, 54.73825064695884, 'SEARCH'
11, 14948, 54.71684704935469, 54.71684704935469, 'SEARCH'
11, 14949, 54.7039886194237, 54.7039886194237, 'SEARCH'
11, 14950, 54.67621247744253, 54.67621247744253, 'SEARCH'
11, 14951, 54.684625680100716, 54.684625680100716, 'SEARCH'
11, 14952, 54.68055888486635, 54.68055888486635, 'SEARCH'
11, 14953, 54.66287707743976, 54.66287707743976, 'SEARCH'
11, 14954, 54.63848353200053, 54.63848353200053, 'SEARCH'
11, 14955, 54.61299755288719, 54.61299755288719, 'SEARCH'
11, 14956, 54.607028080875246, 54.607028080875246, 'SEARCH'
11, 14957, 54.615862653489344, 54.615862653489344, 'SEARCH'
11, 14958, 54.621398607058175, 54.621398607058175, 'SEARCH'
11, 14959, 54.60450926526539, 54.60450926526539, 'SEARCH'
11, 14960, 54.579439471244555, 54.579439471244555, 'SEARCH'
11, 14961, 54.566176774331275, 54.566176774331275, 'SEARCH'
11, 14962, 54.5560262291022, 54.5560262291022, 'SEARCH'
11, 14963, 54.532347998109636, 54.532347998109636, 'SEARCH'
11, 14964, 54.532102320411596, 54.532102320411596, 'SEARCH'
11, 14965, 54.50456571798105, 54.50456571798105, 'SEARCH'
11, 14966, 54.50821942724869, 54.50821942724869, 'SEARCH'
11, 14967, 54.48255450765732, 54.48255450765732, 'SEARCH'
11, 14968, 54.45727063503731, 54.45727063503731, 'SEARCH'
11, 14969, 54.44490412189998, 54.44490412189998, 'SEARCH'
11, 14970, 54.41778735920131, 54.41778735920131, 'SEARCH'
11, 14971, 54.417049201887664, 54.417049201887664, 'SEARCH'
11, 14972, 54.41483502215117, 54.41483502215117, 'SEARCH'
11, 14973, 54.387447979154544, 54.387447979154544, 'SEARCH'
11, 14974, 54.3679360259864, 54.3679360259864, 'SEARCH'
11, 14975, 54.340237765775996, 54.340237765775996, 'SEARCH'
11, 14976, 54.321054802124856, 54.321054802124856, 'SEARCH'
11, 14977, 54.31280292549341, 54.31280292549341, 'SEARCH'
11, 14978, 54.28566542354932, 54.28566542354932, 'SEARCH'
11, 14979, 54.27512222587767, 54.27512222587767, 'SEARCH'
11, 14980, 54.24740085337205, 54.24740085337205, 'SEARCH'
11, 14981, 54.24005142125029, 54.24005142125029, 'SEARCH'
11, 14982, 54.21314476409115, 54.21314476409115, 'SEARCH'
11, 14983, 54.18537487809705, 54.18537487809705, 'SEARCH'
11, 14984, 54.19379466328139, 54.19379466328139, 'SEARCH'
11, 14985, 54.18539787885159, 54.18539787885159, 'SEARCH'
11, 14986, 54.15957872810261, 54.15957872810261, 'SEARCH'
11, 14987, 54.136723484121205, 54.136723484121205, 'SEARCH'
11, 14988, 54.13267263499781, 54.13267263499781, 'SEARCH'
11, 14989, 54.10666537434061, 54.10666537434061, 'SEARCH'
11, 14990, 54.107420800640334, 54.107420800640334, 'SEARCH'
11, 14991, 54.09546595971207, 54.09546595971207, 'SEARCH'
11, 14992, 54.08222519997326, 54.08222519997326, 'SEARCH'
11, 14993, 54.059057465321054, 54.059057465321054, 'SEARCH'
11, 14994, 54.03513584152567, 54.03513584152567, 'SEARCH'
11, 14995, 54.00966844998572, 54.00966844998572, 'SEARCH'
11, 14996, 54.00272389212147, 54.00272389212147, 'SEARCH'
11, 14997, 53.97855295829732, 53.97855295829732, 'SEARCH'
11, 14998, 53.9749229213193, 53.9749229213193, 'SEARCH'
11, 14999, 53.9537818394246, 53.9537818394246, 'SEARCH'
11, 15000, 53.942306135745696, 53.942306135745696, 'SEARCH'
11, 15001, 53.9196757053418, 53.9196757053418, 'SEARCH'
11, 15002, 53.89648717903818, 53.89648717903818, 'SEARCH'
11, 15003, 53.90350263046171, 53.90350263046171, 'SEARCH'
11, 15004, 53.89150972501607, 53.89150972501607, 'SEARCH'
11, 15005, 53.86662297378618, 53.86662297378618, 'SEARCH'
11, 15006, 53.838936930478425, 53.838936930478425, 'SEARCH'
11, 15007, 53.81183481456774, 53.81183481456774, 'SEARCH'
11, 15008, 53.81360863794645, 53.81360863794645, 'SEARCH'
11, 15009, 53.794881909910686, 53.794881909910686, 'SEARCH'
11, 15010, 53.789382066601206, 53.789382066601206, 'SEARCH'
11, 15011, 53.7654560918423, 53.7654560918423, 'SEARCH'
11, 15012, 53.738234436481065, 53.738234436481065, 'SEARCH'
11, 15013, 53.71092488458763, 53.71092488458763, 'SEARCH'
11, 15014, 53.6880229236919, 53.6880229236919, 'SEARCH'
11, 15015, 53.66784998872284, 53.66784998872284, 'SEARCH'
11, 15016, 53.667177215956485, 53.667177215956485, 'SEARCH'
11, 15017, 53.676478079850035, 53.676478079850035, 'SEARCH'
11, 15018, 53.65957261166102, 53.65957261166102, 'SEARCH'
11, 15019, 53.63179579945111, 53.63179579945111, 'SEARCH'
11, 15020, 53.608907085458306, 53.608907085458306, 'SEARCH'
11, 15021, 53.60819097338041, 53.60819097338041, 'SEARCH'
11, 15022, 53.59287041479136, 53.59287041479136, 'SEARCH'
11, 15023, 53.565857897866316, 53.565857897866316, 'SEARCH'
11, 15024, 53.55391704251462, 53.55391704251462, 'SEARCH'
11, 15025, 53.5437360935398, 53.5437360935398, 'SEARCH'
11, 15026, 53.51931427733206, 53.51931427733206, 'SEARCH'
11, 15027, 53.51614079512944, 53.51614079512944, 'SEARCH'
11, 15028, 53.51113074145969, 53.51113074145969, 'SEARCH'
11, 15029, 53.48347817260807, 53.48347817260807, 'SEARCH'
11, 15030, 53.45821221439774, 53.45821221439774, 'SEARCH'
11, 15031, 53.431447802217576, 53.431447802217576, 'SEARCH'
11, 15032, 53.405105689124184, 53.405105689124184, 'SEARCH'
11, 15033, 53.37763471839833, 53.37763471839833, 'SEARCH'
11, 15034, 53.35062157317859, 53.35062157317859, 'SEARCH'
11, 15035, 53.32293119703641, 53.32293119703641, 'SEARCH'
11, 15036, 53.3088545285809, 53.3088545285809, 'SEARCH'
11, 15037, 53.30618598144396, 53.30618598144396, 'SEARCH'
11, 15038, 53.315487730187385, 53.315487730187385, 'SEARCH'
11, 15039, 53.31186835798362, 53.31186835798362, 'SEARCH'
11, 15040, 53.318336033908146, 53.318336033908146, 'SEARCH'
11, 15041, 53.30469451512375, 53.30469451512375, 'SEARCH'
11, 15042, 53.307338263308104, 53.307338263308104, 'SEARCH'
11, 15043, 53.29124319343872, 53.29124319343872, 'SEARCH'
11, 15044, 53.26474476019857, 53.26474476019857, 'SEARCH'
11, 15045, 53.27073352165276, 53.27073352165276, 'SEARCH'
11, 15046, 53.262891271252045, 53.262891271252045, 'SEARCH'
11, 15047, 53.25091084864409, 53.25091084864409, 'SEARCH'
11, 15048, 53.230460967133055, 53.230460967133055, 'SEARCH'
11, 15049, 53.224000088771746, 53.224000088771746, 'SEARCH'
11, 15050, 53.19688060781955, 53.19688060781955, 'SEARCH'
11, 15051, 53.169103798111706, 53.169103798111706, 'SEARCH'
11, 15052, 53.15672310462756, 53.15672310462756, 'SEARCH'
11, 15053, 53.15938071128297, 53.15938071128297, 'SEARCH'
11, 15054, 53.1514627679671, 53.1514627679671, 'SEARCH'
11, 15055, 53.133095851132914, 53.133095851132914, 'SEARCH'
11, 15056, 53.106092759818715, 53.106092759818715, 'SEARCH'
11, 15057, 53.085599021573444, 53.085599021573444, 'SEARCH'
11, 15058, 53.067904099532825, 53.067904099532825, 'SEARCH'
11, 15059, 53.04881947044861, 53.04881947044861, 'SEARCH'
11, 15060, 53.023167209898865, 53.023167209898865, 'SEARCH'
11, 15061, 53.0005441246424, 53.0005441246424, 'SEARCH'
11, 15062, 52.97569635474486, 52.97569635474486, 'SEARCH'
11, 15063, 52.94791972878713, 52.94791972878713, 'SEARCH'
11, 15064, 52.93466029007389, 52.93466029007389, 'SEARCH'
11, 15065, 52.908467329039524, 52.908467329039524, 'SEARCH'
11, 15066, 52.89311124568864, 52.89311124568864, 'SEARCH'
11, 15067, 52.883793926070304, 52.883793926070304, 'SEARCH'
11, 15068, 52.87583785350653, 52.87583785350653, 'SEARCH'
11, 15069, 52.86396257834897, 52.86396257834897, 'SEARCH'
11, 15070, 52.84167358137125, 52.84167358137125, 'SEARCH'
11, 15071, 52.85089965704111, 52.85089965704111, 'SEARCH'
11, 15072, 52.82312368420594, 52.82312368420594, 'SEARCH'
11, 15073, 52.80204643397015, 52.80204643397015, 'SEARCH'
11, 15074, 52.776592365378235, 52.776592365378235, 'SEARCH'
11, 15075, 52.77197283993605, 52.77197283993605, 'SEARCH'
11, 15076, 52.758666333903044, 52.758666333903044, 'SEARCH'
11, 15077, 52.731529981957024, 52.731529981957024, 'SEARCH'
11, 15078, 52.72127497470508, 52.72127497470508, 'SEARCH'
11, 15079, 52.69753755116257, 52.69753755116257, 'SEARCH'
11, 15080, 52.669836926119316, 52.669836926119316, 'SEARCH'
11, 15081, 52.656677685119334, 52.656677685119334, 'SEARCH'
11, 15082, 52.63519044137147, 52.63519044137147, 'SEARCH'
11, 15083, 52.60789550985307, 52.60789550985307, 'SEARCH'
11, 15084, 52.58142968354118, 52.58142968354118, 'SEARCH'
11, 15085, 52.56810939406397, 52.56810939406397, 'SEARCH'
11, 15086, 52.54077961012121, 52.54077961012121, 'SEARCH'
11, 15087, 52.51618441747219, 52.51618441747219, 'SEARCH'
11, 15088, 52.521644843175075, 52.521644843175075, 'SEARCH'
11, 15089, 52.4968325170652, 52.4968325170652, 'SEARCH'
11, 15090, 52.49138211701423, 52.49138211701423, 'SEARCH'
11, 15091, 52.49301439301592, 52.49301439301592, 'SEARCH'
11, 15092, 52.47121987470333, 52.47121987470333, 'SEARCH'
11, 15093, 52.458734941447055, 52.458734941447055, 'SEARCH'
11, 15094, 52.43105262051337, 52.43105262051337, 'SEARCH'
11, 15095, 52.403275134094784, 52.403275134094784, 'SEARCH'
11, 15096, 52.39011811079506, 52.39011811079506, 'SEARCH'
11, 15097, 52.36301754984758, 52.36301754984758, 'SEARCH'
11, 15098, 52.34802849319413, 52.34802849319413, 'SEARCH'
11, 15099, 52.35107867020975, 52.35107867020975, 'SEARCH'
11, 15100, 52.35410319579142, 52.35410319579142, 'SEARCH'
11, 15101, 52.33730966707563, 52.33730966707563, 'SEARCH'
11, 15102, 52.33117694086637, 52.33117694086637, 'SEARCH'
11, 15103, 52.305839495907826, 52.305839495907826, 'SEARCH'
11, 15104, 52.292027583096434, 52.292027583096434, 'SEARCH'
11, 15105, 52.26793692657962, 52.26793692657962, 'SEARCH'
11, 15106, 52.26224537653734, 52.26224537653734, 'SEARCH'
11, 15107, 52.25314364160618, 52.25314364160618, 'SEARCH'
11, 15108, 52.240025842675465, 52.240025842675465, 'SEARCH'
11, 15109, 52.23701102031813, 52.23701102031813, 'SEARCH'
11, 15110, 52.23811814921417, 52.23811814921417, 'SEARCH'
11, 15111, 52.23056935322085, 52.23056935322085, 'SEARCH'
11, 15112, 52.204031408347504, 52.204031408347504, 'SEARCH'
11, 15113, 52.19415666327017, 52.19415666327017, 'SEARCH'
11, 15114, 52.17323406082877, 52.17323406082877, 'SEARCH'
11, 15115, 52.16883943691948, 52.16883943691948, 'SEARCH'
11, 15116, 52.17656893946078, 52.17656893946078, 'SEARCH'
11, 15117, 52.156552588907324, 52.156552588907324, 'SEARCH'
11, 15118, 52.16000836677164, 52.16000836677164, 'SEARCH'
11, 15119, 52.16343832935775, 52.16343832935775, 'SEARCH'
11, 15120, 52.15212271070068, 52.15212271070068, 'SEARCH'
11, 15121, 52.147255518733395, 52.147255518733395, 'SEARCH'
11, 15122, 52.12897860677464, 52.12897860677464, 'SEARCH'
11, 15123, 52.105120783893256, 52.105120783893256, 'SEARCH'
11, 15124, 52.10474581509428, 52.10474581509428, 'SEARCH'
11, 15125, 52.079816347439746, 52.079816347439746, 'SEARCH'
11, 15126, 52.05205828577701, 52.05205828577701, 'SEARCH'
11, 15127, 52.044946807372966, 52.044946807372966, 'SEARCH'
11, 15128, 52.035499788137045, 52.035499788137045, 'SEARCH'
11, 15129, 52.01054834005496, 52.01054834005496, 'SEARCH'
11, 15130, 51.99123280586131, 51.99123280586131, 'SEARCH'
11, 15131, 51.99940089711059, 51.99940089711059, 'SEARCH'
11, 15132, 51.98083088249999, 51.98083088249999, 'SEARCH'
11, 15133, 51.964903654407685, 51.964903654407685, 'SEARCH'
11, 15134, 51.94214260831575, 51.94214260831575, 'SEARCH'
11, 15135, 51.91508195545473, 51.91508195545473, 'SEARCH'
11, 15136, 51.889912120427326, 51.889912120427326, 'SEARCH'
11, 15137, 51.8706177518907, 51.8706177518907, 'SEARCH'
11, 15138, 51.853146822201474, 51.853146822201474, 'SEARCH'
11, 15139, 51.83456723424786, 51.83456723424786, 'SEARCH'
11, 15140, 51.81181662782812, 51.81181662782812, 'SEARCH'
11, 15141, 51.785402207970805, 51.785402207970805, 'SEARCH'
11, 15142, 51.775909795060585, 51.775909795060585, 'SEARCH'
11, 15143, 51.77205794001926, 51.77205794001926, 'SEARCH'
11, 15144, 51.75902782780721, 51.75902782780721, 'SEARCH'
11, 15145, 51.759036459919194, 51.759036459919194, 'SEARCH'
11, 15146, 51.73498889640987, 51.73498889640987, 'SEARCH'
11, 15147, 51.70942257774697, 51.70942257774697, 'SEARCH'
11, 15148, 51.708940176308296, 51.708940176308296, 'SEARCH'
11, 15149, 51.70940137070538, 51.70940137070538, 'SEARCH'
11, 15150, 51.69006954973613, 51.69006954973613, 'SEARCH'
11, 15151, 51.681547893837234, 51.681547893837234, 'SEARCH'
11, 15152, 51.678605461858425, 51.678605461858425, 'SEARCH'
11, 15153, 51.65404889656793, 51.65404889656793, 'SEARCH'
11, 15154, 51.62736732963473, 51.62736732963473, 'SEARCH'
11, 15155, 51.625852521369076, 51.625852521369076, 'SEARCH'
11, 15156, 51.61827959356843, 51.61827959356843, 'SEARCH'
11, 15157, 51.591200195015375, 51.591200195015375, 'SEARCH'
11, 15158, 51.5878764545927, 51.5878764545927, 'SEARCH'
11, 15159, 51.57705542759608, 51.57705542759608, 'SEARCH'
11, 15160, 51.556406152307, 51.556406152307, 'SEARCH'
11, 15161, 51.54334442941501, 51.54334442941501, 'SEARCH'
11, 15162, 51.51571419490885, 51.51571419490885, 'SEARCH'
11, 15163, 51.490320578284276, 51.490320578284276, 'SEARCH'
11, 15164, 51.46840113784942, 51.46840113784942, 'SEARCH'
11, 15165, 51.45404164656698, 51.45404164656698, 'SEARCH'
11, 15166, 51.42759821760583, 51.42759821760583, 'SEARCH'
11, 15167, 51.40980867824195, 51.40980867824195, 'SEARCH'
11, 15168, 51.41693776054174, 51.41693776054174, 'SEARCH'
11, 15169, 51.39152538863219, 51.39152538863219, 'SEARCH'
11, 15170, 51.36939872022373, 51.36939872022373, 'SEARCH'
11, 15171, 51.35816993242498, 51.35816993242498, 'SEARCH'
11, 15172, 51.34603788914794, 51.34603788914794, 'SEARCH'
11, 15173, 51.329690950770775, 51.329690950770775, 'SEARCH'
11, 15174, 51.32530324594491, 51.32530324594491, 'SEARCH'
11, 15175, 51.29785687074458, 51.29785687074458, 'SEARCH'
11, 15176, 51.276009454984646, 51.276009454984646, 'SEARCH'
11, 15177, 51.25894541267308, 51.25894541267308, 'SEARCH'
11, 15178, 51.25366874334389, 51.25366874334389, 'SEARCH'
11, 15179, 51.22725139396838, 51.22725139396838, 'SEARCH'
11, 15180, 51.22579849224618, 51.22579849224618, 'SEARCH'
11, 15181, 51.21447665061765, 51.21447665061765, 'SEARCH'
11, 15182, 51.18948741344436, 51.18948741344436, 'SEARCH'
11, 15183, 51.17812726707916, 51.17812726707916, 'SEARCH'
11, 15184, 51.1634870474484, 51.1634870474484, 'SEARCH'
11, 15185, 51.1480152408838, 51.1480152408838, 'SEARCH'
11, 15186, 51.12066898611704, 51.12066898611704, 'SEARCH'
11, 15187, 51.10682732072653, 51.10682732072653, 'SEARCH'
11, 15188, 51.107345896499346, 51.107345896499346, 'SEARCH'
11, 15189, 51.08017660505106, 51.08017660505106, 'SEARCH'
11, 15190, 51.08690262181768, 51.08690262181768, 'SEARCH'
11, 15191, 51.07926606872867, 51.07926606872867, 'SEARCH'
11, 15192, 51.05545899137747, 51.05545899137747, 'SEARCH'
11, 15193, 51.02935766353278, 51.02935766353278, 'SEARCH'
11, 15194, 51.037023787090305, 51.037023787090305, 'SEARCH'
11, 15195, 51.03314099185102, 51.03314099185102, 'SEARCH'
11, 15196, 51.00670955173737, 51.00670955173737, 'SEARCH'
11, 15197, 50.995898825953795, 50.995898825953795, 'SEARCH'
11, 15198, 50.971157801894705, 50.971157801894705, 'SEARCH'
11, 15199, 50.94372261035862, 50.94372261035862, 'SEARCH'
11, 15200, 50.91598263739697, 50.91598263739697, 'SEARCH'
11, 15201, 50.89811887116598, 50.89811887116598, 'SEARCH'
11, 15202, 50.891432544283376, 50.891432544283376, 'SEARCH'
11, 15203, 50.86667788578215, 50.86667788578215, 'SEARCH'
11, 15204, 50.85899604044647, 50.85899604044647, 'SEARCH'
11, 15205, 50.85327295031363, 50.85327295031363, 'SEARCH'
11, 15206, 50.826863410683856, 50.826863410683856, 'SEARCH'
11, 15207, 50.7991550038791, 50.7991550038791, 'SEARCH'
11, 15208, 50.7742004193726, 50.7742004193726, 'SEARCH'
11, 15209, 50.74945915011519, 50.74945915011519, 'SEARCH'
11, 15210, 50.72982550707362, 50.72982550707362, 'SEARCH'
11, 15211, 50.706794389212085, 50.706794389212085, 'SEARCH'
11, 15212, 50.67972512467756, 50.67972512467756, 'SEARCH'
11, 15213, 50.66377876878386, 50.66377876878386, 'SEARCH'
11, 15214, 50.645951247984385, 50.645951247984385, 'SEARCH'
11, 15215, 50.65406089968727, 50.65406089968727, 'SEARCH'
11, 15216, 50.648246843902044, 50.648246843902044, 'SEARCH'
11, 15217, 50.6468580775107, 50.6468580775107, 'SEARCH'
11, 15218, 50.619236446957075, 50.619236446957075, 'SEARCH'
11, 15219, 50.61684556399709, 50.61684556399709, 'SEARCH'
11, 15220, 50.6187804381599, 50.6187804381599, 'SEARCH'
11, 15221, 50.61016793469155, 50.61016793469155, 'SEARCH'
11, 15222, 50.582723676290385, 50.582723676290385, 'SEARCH'
11, 15223, 50.56270453584856, 50.56270453584856, 'SEARCH'
11, 15224, 50.53776854918682, 50.53776854918682, 'SEARCH'
11, 15225, 50.53626164188092, 50.53626164188092, 'SEARCH'
11, 15226, 50.52039465017919, 50.52039465017919, 'SEARCH'
11, 15227, 50.50011687056487, 50.50011687056487, 'SEARCH'
11, 15228, 50.50202162687992, 50.50202162687992, 'SEARCH'
11, 15229, 50.48276912086669, 50.48276912086669, 'SEARCH'
11, 15230, 50.48280668473778, 50.48280668473778, 'SEARCH'
11, 15231, 50.45743462649792, 50.45743462649792, 'SEARCH'
11, 15232, 50.44271028623059, 50.44271028623059, 'SEARCH'
11, 15233, 50.41601708149344, 50.41601708149344, 'SEARCH'
11, 15234, 50.38827884711481, 50.38827884711481, 'SEARCH'
11, 15235, 50.36554258801421, 50.36554258801421, 'SEARCH'
11, 15236, 50.36261956649102, 50.36261956649102, 'SEARCH'
11, 15237, 50.33495165020021, 50.33495165020021, 'SEARCH'
11, 15238, 50.30940152251127, 50.30940152251127, 'SEARCH'
11, 15239, 50.29114491311011, 50.29114491311011, 'SEARCH'
11, 15240, 50.282164991083334, 50.282164991083334, 'SEARCH'
11, 15241, 50.27002660807342, 50.27002660807342, 'SEARCH'
11, 15242, 50.264231347911355, 50.264231347911355, 'SEARCH'
11, 15243, 50.245680254916586, 50.245680254916586, 'SEARCH'
11, 15244, 50.24371159150842, 50.24371159150842, 'SEARCH'
11, 15245, 50.21677321521449, 50.21677321521449, 'SEARCH'
11, 15246, 50.19426715686412, 50.19426715686412, 'SEARCH'
11, 15247, 50.191440110892316, 50.191440110892316, 'SEARCH'
11, 15248, 50.200071529661585, 50.200071529661585, 'SEARCH'
11, 15249, 50.194793287033235, 50.194793287033235, 'SEARCH'
11, 15250, 50.18621297162778, 50.18621297162778, 'SEARCH'
11, 15251, 50.177146717736285, 50.177146717736285, 'SEARCH'
11, 15252, 50.165801347010245, 50.165801347010245, 'SEARCH'
11, 15253, 50.14521120523486, 50.14521120523486, 'SEARCH'
11, 15254, 50.15246233798562, 50.15246233798562, 'SEARCH'
11, 15255, 50.12470024730883, 50.12470024730883, 'SEARCH'
11, 15256, 50.125711512898896, 50.125711512898896, 'SEARCH'
11, 15257, 50.12814657518183, 50.12814657518183, 'SEARCH'
11, 15258, 50.13532267864924, 50.13532267864924, 'SEARCH'
11, 15259, 50.11818814010659, 50.11818814010659, 'SEARCH'
11, 15260, 50.09227707319989, 50.09227707319989, 'SEARCH'
11, 15261, 50.06632783619296, 50.06632783619296, 'SEARCH'
11, 15262, 50.05281601088192, 50.05281601088192, 'SEARCH'
11, 15263, 50.048398333033, 50.048398333033, 'SEARCH'
11, 15264, 50.0221016151043, 50.0221016151043, 'SEARCH'
11, 15265, 50.00546784537913, 50.00546784537913, 'SEARCH'
11, 15266, 50.00587355456225, 50.00587355456225, 'SEARCH'
11, 15267, 49.989459823658045, 49.989459823658045, 'SEARCH'
11, 15268, 49.96522639894325, 49.96522639894325, 'SEARCH'
11, 15269, 49.95628571154123, 49.95628571154123, 'SEARCH'
11, 15270, 49.933033450760156, 49.933033450760156, 'SEARCH'
11, 15271, 49.91826124967961, 49.91826124967961, 'SEARCH'
11, 15272, 49.91335635509692, 49.91335635509692, 'SEARCH'
11, 15273, 49.88712769208832, 49.88712769208832, 'SEARCH'
11, 15274, 49.85954549595381, 49.85954549595381, 'SEARCH'
11, 15275, 49.84314219885979, 49.84314219885979, 'SEARCH'
11, 15276, 49.83399125906496, 49.83399125906496, 'SEARCH'
11, 15277, 49.83530677138406, 49.83530677138406, 'SEARCH'
11, 15278, 49.80943414141845, 49.80943414141845, 'SEARCH'
11, 15279, 49.80734490237715, 49.80734490237715, 'SEARCH'
11, 15280, 49.780112298706364, 49.780112298706364, 'SEARCH'
11, 15281, 49.78188104145773, 49.78188104145773, 'SEARCH'
11, 15282, 49.76782140741537, 49.76782140741537, 'SEARCH'
11, 15283, 49.75089307563985, 49.75089307563985, 'SEARCH'
11, 15284, 49.73180708901642, 49.73180708901642, 'SEARCH'
11, 15285, 49.7065175284865, 49.7065175284865, 'SEARCH'
11, 15286, 49.696833560284176, 49.696833560284176, 'SEARCH'
11, 15287, 49.691273719520424, 49.691273719520424, 'SEARCH'
11, 15288, 49.676391580879624, 49.676391580879624, 'SEARCH'
11, 15289, 49.6639707309886, 49.6639707309886, 'SEARCH'
11, 15290, 49.64083867084949, 49.64083867084949, 'SEARCH'
11, 15291, 49.62065826129815, 49.62065826129815, 'SEARCH'
11, 15292, 49.61330059150822, 49.61330059150822, 'SEARCH'
11, 15293, 49.59635712181016, 49.59635712181016, 'SEARCH'
11, 15294, 49.57488028672031, 49.57488028672031, 'SEARCH'
11, 15295, 49.54856634374484, 49.54856634374484, 'SEARCH'
11, 15296, 49.53624767082075, 49.53624767082075, 'SEARCH'
11, 15297, 49.50933938749063, 49.50933938749063, 'SEARCH'
11, 15298, 49.489139909760524, 49.489139909760524, 'SEARCH'
11, 15299, 49.46234691676351, 49.46234691676351, 'SEARCH'
11, 15300, 49.43466345894072, 49.43466345894072, 'SEARCH'
11, 15301, 49.4184429097004, 49.4184429097004, 'SEARCH'
11, 15302, 49.3997773556334, 49.3997773556334, 'SEARCH'
11, 15303, 49.39317736944624, 49.39317736944624, 'SEARCH'
11, 15304, 49.37920634482607, 49.37920634482607, 'SEARCH'
11, 15305, 49.35597387979716, 49.35597387979716, 'SEARCH'
11, 15306, 49.35636133700036, 49.35636133700036, 'SEARCH'
11, 15307, 49.32949776906404, 49.32949776906404, 'SEARCH'
11, 15308, 49.31267835117439, 49.31267835117439, 'SEARCH'
11, 15309, 49.29908210121621, 49.29908210121621, 'SEARCH'
11, 15310, 49.281733851836734, 49.281733851836734, 'SEARCH'
11, 15311, 49.27191491651458, 49.27191491651458, 'SEARCH'
11, 15312, 49.25490542172519, 49.25490542172519, 'SEARCH'
11, 15313, 49.23182569335166, 49.23182569335166, 'SEARCH'
11, 15314, 49.210794076677175, 49.210794076677175, 'SEARCH'
11, 15315, 49.21309750563554, 49.21309750563554, 'SEARCH'
11, 15316, 49.18728773063603, 49.18728773063603, 'SEARCH'
11, 15317, 49.173266607266655, 49.173266607266655, 'SEARCH'
11, 15318, 49.16577857803704, 49.16577857803704, 'SEARCH'
11, 15319, 49.14766537581053, 49.14766537581053, 'SEARCH'
11, 15320, 49.14584878053151, 49.14584878053151, 'SEARCH'
11, 15321, 49.123720216086205, 49.123720216086205, 'SEARCH'
11, 15322, 49.11160723625385, 49.11160723625385, 'SEARCH'
11, 15323, 49.114949636966884, 49.114949636966884, 'SEARCH'
11, 15324, 49.08728395239866, 49.08728395239866, 'SEARCH'
11, 15325, 49.08157193476575, 49.08157193476575, 'SEARCH'
11, 15326, 49.08063806522858, 49.08063806522858, 'SEARCH'
11, 15327, 49.07676548310829, 49.07676548310829, 'SEARCH'
11, 15328, 49.06543578165351, 49.06543578165351, 'SEARCH'
11, 15329, 49.05191760228892, 49.05191760228892, 'SEARCH'
11, 15330, 49.038521837332894, 49.038521837332894, 'SEARCH'
11, 15331, 49.01997481987412, 49.01997481987412, 'SEARCH'
11, 15332, 49.000699576600695, 49.000699576600695, 'SEARCH'
11, 15333, 48.99303846315725, 48.99303846315725, 'SEARCH'
11, 15334, 48.96634530608174, 48.96634530608174, 'SEARCH'
11, 15335, 48.957744237942606, 48.957744237942606, 'SEARCH'
11, 15336, 48.95633441037018, 48.95633441037018, 'SEARCH'
11, 15337, 48.93414109820875, 48.93414109820875, 'SEARCH'
11, 15338, 48.91031635684878, 48.91031635684878, 'SEARCH'
11, 15339, 48.892865377662076, 48.892865377662076, 'SEARCH'
11, 15340, 48.86904843315204, 48.86904843315204, 'SEARCH'
11, 15341, 48.85430842528892, 48.85430842528892, 'SEARCH'
11, 15342, 48.83239127214748, 48.83239127214748, 'SEARCH'
11, 15343, 48.82148308111497, 48.82148308111497, 'SEARCH'
11, 15344, 48.826700869826205, 48.826700869826205, 'SEARCH'
11, 15345, 48.81962106571106, 48.81962106571106, 'SEARCH'
11, 15346, 48.822922851748444, 48.822922851748444, 'SEARCH'
11, 15347, 48.79577590812091, 48.79577590812091, 'SEARCH'
11, 15348, 48.801924682015176, 48.801924682015176, 'SEARCH'
11, 15349, 48.802762297821694, 48.802762297821694, 'SEARCH'
11, 15350, 48.79857606201345, 48.79857606201345, 'SEARCH'
11, 15351, 48.77171102901977, 48.77171102901977, 'SEARCH'
11, 15352, 48.753588642227385, 48.753588642227385, 'SEARCH'
11, 15353, 48.72625198572091, 48.72625198572091, 'SEARCH'
11, 15354, 48.70018335480806, 48.70018335480806, 'SEARCH'
11, 15355, 48.68721667501983, 48.68721667501983, 'SEARCH'
11, 15356, 48.68485129630717, 48.68485129630717, 'SEARCH'
11, 15357, 48.667016274023524, 48.667016274023524, 'SEARCH'
11, 15358, 48.673735642269, 48.673735642269, 'SEARCH'
11, 15359, 48.66158584963411, 48.66158584963411, 'SEARCH'
11, 15360, 48.652086954955344, 48.652086954955344, 'SEARCH'
11, 15361, 48.62431389949842, 48.62431389949842, 'SEARCH'
11, 15362, 48.60801245821346, 48.60801245821346, 'SEARCH'
11, 15363, 48.610444829776974, 48.610444829776974, 'SEARCH'
11, 15364, 48.582671605178575, 48.582671605178575, 'SEARCH'
11, 15365, 48.55540180660988, 48.55540180660988, 'SEARCH'
11, 15366, 48.53576913893934, 48.53576913893934, 'SEARCH'
11, 15367, 48.53335948732821, 48.53335948732821, 'SEARCH'
11, 15368, 48.50861719453993, 48.50861719453993, 'SEARCH'
11, 15369, 48.48830219751691, 48.48830219751691, 'SEARCH'
11, 15370, 48.471962149437715, 48.471962149437715, 'SEARCH'
11, 15371, 48.45407906600393, 48.45407906600393, 'SEARCH'
11, 15372, 48.43372580679016, 48.43372580679016, 'SEARCH'
11, 15373, 48.41336147231172, 48.41336147231172, 'SEARCH'
11, 15374, 48.40377810422856, 48.40377810422856, 'SEARCH'
11, 15375, 48.397891224460324, 48.397891224460324, 'SEARCH'
11, 15376, 48.373298622160725, 48.373298622160725, 'SEARCH'
11, 15377, 48.35748997350524, 48.35748997350524, 'SEARCH'
11, 15378, 48.32973371917574, 48.32973371917574, 'SEARCH'
11, 15379, 48.31123439531931, 48.31123439531931, 'SEARCH'
11, 15380, 48.286308462160996, 48.286308462160996, 'SEARCH'
11, 15381, 48.278580227623955, 48.278580227623955, 'SEARCH'
11, 15382, 48.271292727186434, 48.271292727186434, 'SEARCH'
11, 15383, 48.25900005809942, 48.25900005809942, 'SEARCH'
11, 15384, 48.231390886775955, 48.231390886775955, 'SEARCH'
11, 15385, 48.207506369556775, 48.207506369556775, 'SEARCH'
11, 15386, 48.18089723448403, 48.18089723448403, 'SEARCH'
11, 15387, 48.16523219473934, 48.16523219473934, 'SEARCH'
11, 15388, 48.14905173378805, 48.14905173378805, 'SEARCH'
11, 15389, 48.12139350379522, 48.12139350379522, 'SEARCH'
11, 15390, 48.093935235022464, 48.093935235022464, 'SEARCH'
11, 15391, 48.06714201744224, 48.06714201744224, 'SEARCH'
11, 15392, 48.04133746114716, 48.04133746114716, 'SEARCH'
11, 15393, 48.036173825192705, 48.036173825192705, 'SEARCH'
11, 15394, 48.017309095922904, 48.017309095922904, 'SEARCH'
11, 15395, 47.99170710359519, 47.99170710359519, 'SEARCH'
11, 15396, 47.980326619467604, 47.980326619467604, 'SEARCH'
11, 15397, 47.969133835161344, 47.969133835161344, 'SEARCH'
11, 15398, 47.94245589412561, 47.94245589412561, 'SEARCH'
11, 15399, 47.926862769088366, 47.926862769088366, 'SEARCH'
11, 15400, 47.909455083285856, 47.909455083285856, 'SEARCH'
11, 15401, 47.88178898851928, 47.88178898851928, 'SEARCH'
11, 15402, 47.860548441952, 47.860548441952, 'SEARCH'
11, 15403, 47.84458600444482, 47.84458600444482, 'SEARCH'
11, 15404, 47.842590489685676, 47.842590489685676, 'SEARCH'
11, 15405, 47.823357588770044, 47.823357588770044, 'SEARCH'
11, 15406, 47.82039208094074, 47.82039208094074, 'SEARCH'
11, 15407, 47.80769956684707, 47.80769956684707, 'SEARCH'
11, 15408, 47.78649544211147, 47.78649544211147, 'SEARCH'
11, 15409, 47.771039257823794, 47.771039257823794, 'SEARCH'
11, 15410, 47.745259990664216, 47.745259990664216, 'SEARCH'
11, 15411, 47.724249279215414, 47.724249279215414, 'SEARCH'
11, 15412, 47.716509183762284, 47.716509183762284, 'SEARCH'
11, 15413, 47.72121988518305, 47.72121988518305, 'SEARCH'
11, 15414, 47.70016067587576, 47.70016067587576, 'SEARCH'
11, 15415, 47.70482541931841, 47.70482541931841, 'SEARCH'
11, 15416, 47.681114661774444, 47.681114661774444, 'SEARCH'
11, 15417, 47.679005678152684, 47.679005678152684, 'SEARCH'
11, 15418, 47.65135190939631, 47.65135190939631, 'SEARCH'
11, 15419, 47.65154559389283, 47.65154559389283, 'SEARCH'
11, 15420, 47.637099254610696, 47.637099254610696, 'SEARCH'
11, 15421, 47.609506409255005, 47.609506409255005, 'SEARCH'
11, 15422, 47.604387862045726, 47.604387862045726, 'SEARCH'
11, 15423, 47.588329217230196, 47.588329217230196, 'SEARCH'
11, 15424, 47.56068577130102, 47.56068577130102, 'SEARCH'
11, 15425, 47.542697777758534, 47.542697777758534, 'SEARCH'
11, 15426, 47.55016797271734, 47.55016797271734, 'SEARCH'
11, 15427, 47.522630175016225, 47.522630175016225, 'SEARCH'
11, 15428, 47.52386075268579, 47.52386075268579, 'SEARCH'
11, 15429, 47.52169315350271, 47.52169315350271, 'SEARCH'
11, 15430, 47.49801866707876, 47.49801866707876, 'SEARCH'
11, 15431, 47.47217645500597, 47.47217645500597, 'SEARCH'
11, 15432, 47.470479709486185, 47.470479709486185, 'SEARCH'
11, 15433, 47.46169592756418, 47.46169592756418, 'SEARCH'
11, 15434, 47.45473665862056, 47.45473665862056, 'SEARCH'
11, 15435, 47.46078342997749, 47.46078342997749, 'SEARCH'
11, 15436, 47.458125363488854, 47.458125363488854, 'SEARCH'
11, 15437, 47.44570796354373, 47.44570796354373, 'SEARCH'
11, 15438, 47.419381840431264, 47.419381840431264, 'SEARCH'
11, 15439, 47.39197905303708, 47.39197905303708, 'SEARCH'
11, 15440, 47.377496153149096, 47.377496153149096, 'SEARCH'
11, 15441, 47.359821652792505, 47.359821652792505, 'SEARCH'
11, 15442, 47.337191179487185, 47.337191179487185, 'SEARCH'
11, 15443, 47.309724688487016, 47.309724688487016, 'SEARCH'
11, 15444, 47.282129096452586, 47.282129096452586, 'SEARCH'
11, 15445, 47.28142518336719, 47.28142518336719, 'SEARCH'
11, 15446, 47.255080384651855, 47.255080384651855, 'SEARCH'
11, 15447, 47.23633060796298, 47.23633060796298, 'SEARCH'
11, 15448, 47.22265496080984, 47.22265496080984, 'SEARCH'
11, 15449, 47.1952546443073, 47.1952546443073, 'SEARCH'
11, 15450, 47.1949910219002, 47.1949910219002, 'SEARCH'
11, 15451, 47.17383476678954, 47.17383476678954, 'SEARCH'
11, 15452, 47.14605872809819, 47.14605872809819, 'SEARCH'
11, 15453, 47.12161716683583, 47.12161716683583, 'SEARCH'
11, 15454, 47.094830178280034, 47.094830178280034, 'SEARCH'
11, 15455, 47.09369499003085, 47.09369499003085, 'SEARCH'
11, 15456, 47.066160787362854, 47.066160787362854, 'SEARCH'
11, 15457, 47.042244896479176, 47.042244896479176, 'SEARCH'
11, 15458, 47.01492942615674, 47.01492942615674, 'SEARCH'
11, 15459, 46.99098710127569, 46.99098710127569, 'SEARCH'
11, 15460, 46.98174061355123, 46.98174061355123, 'SEARCH'
11, 15461, 46.968065447812656, 46.968065447812656, 'SEARCH'
11, 15462, 46.94156702530659, 46.94156702530659, 'SEARCH'
11, 15463, 46.92317990677277, 46.92317990677277, 'SEARCH'
11, 15464, 46.901141323700266, 46.901141323700266, 'SEARCH'
11, 15465, 46.8858305189557, 46.8858305189557, 'SEARCH'
11, 15466, 46.863215264931526, 46.863215264931526, 'SEARCH'
11, 15467, 46.83567829325323, 46.83567829325323, 'SEARCH'
11, 15468, 46.840287870275205, 46.840287870275205, 'SEARCH'
11, 15469, 46.84100835675191, 46.84100835675191, 'SEARCH'
11, 15470, 46.849786073717816, 46.849786073717816, 'SEARCH'
11, 15471, 46.84370573590259, 46.84370573590259, 'SEARCH'
11, 15472, 46.82172880139018, 46.82172880139018, 'SEARCH'
11, 15473, 46.80449629896271, 46.80449629896271, 'SEARCH'
11, 15474, 46.77881462289445, 46.77881462289445, 'SEARCH'
11, 15475, 46.75356089020911, 46.75356089020911, 'SEARCH'
11, 15476, 46.75231192879706, 46.75231192879706, 'SEARCH'
11, 15477, 46.76013534789829, 46.76013534789829, 'SEARCH'
11, 15478, 46.75004834172416, 46.75004834172416, 'SEARCH'
11, 15479, 46.746491188745516, 46.746491188745516, 'SEARCH'
11, 15480, 46.71876751297649, 46.71876751297649, 'SEARCH'
11, 15481, 46.70511511293264, 46.70511511293264, 'SEARCH'
11, 15482, 46.706327029212424, 46.706327029212424, 'SEARCH'
11, 15483, 46.67930939379093, 46.67930939379093, 'SEARCH'
11, 15484, 46.66435587174408, 46.66435587174408, 'SEARCH'
11, 15485, 46.66936117442003, 46.66936117442003, 'SEARCH'
11, 15486, 46.659096978847614, 46.659096978847614, 'SEARCH'
11, 15487, 46.63743120754537, 46.63743120754537, 'SEARCH'
11, 15488, 46.618595934157376, 46.618595934157376, 'SEARCH'
11, 15489, 46.591070832730175, 46.591070832730175, 'SEARCH'
11, 15490, 46.58927126497078, 46.58927126497078, 'SEARCH'
11, 15491, 46.56246787570949, 46.56246787570949, 'SEARCH'
11, 15492, 46.55706597900987, 46.55706597900987, 'SEARCH'
11, 15493, 46.548151016618775, 46.548151016618775, 'SEARCH'
11, 15494, 46.52776258512019, 46.52776258512019, 'SEARCH'
11, 15495, 46.510939601104425, 46.510939601104425, 'SEARCH'
11, 15496, 46.484805674909715, 46.484805674909715, 'SEARCH'
11, 15497, 46.49191467333538, 46.49191467333538, 'SEARCH'
11, 15498, 46.5195938123638, 46.5195938123638, 'SEARCH'
11, 15499, 46.5373792034683, 46.5373792034683, 'SEARCH'
11, 15500, 46.564569369289046, 46.564569369289046, 'SEARCH'
11, 15501, 46.5923409311953, 46.5923409311953, 'SEARCH'
11, 15502, 46.620116195469095, 46.620116195469095, 'SEARCH'
11, 15503, 46.64492040851427, 46.64492040851427, 'SEARCH'
11, 15504, 46.64961753756701, 46.64961753756701, 'SEARCH'
11, 15505, 46.65191219983844, 46.65191219983844, 'SEARCH'
11, 15506, 46.677620413798756, 46.677620413798756, 'SEARCH'
11, 15507, 46.65858035220788, 46.65858035220788, 'SEARCH'
11, 15508, 46.66658391620661, 46.66658391620661, 'SEARCH'
11, 15509, 46.69416932813866, 46.69416932813866, 'SEARCH'
11, 15510, 46.67975026922018, 46.67975026922018, 'SEARCH'
11, 15511, 46.70752136537643, 46.70752136537643, 'SEARCH'
11, 15512, 46.701616246533405, 46.701616246533405, 'SEARCH'
11, 15513, 46.728537641482156, 46.728537641482156, 'SEARCH'
11, 15514, 46.716675650232055, 46.716675650232055, 'SEARCH'
11, 15515, 46.69384760577243, 46.69384760577243, 'SEARCH'
11, 15516, 46.66973130240331, 46.66973130240331, 'SEARCH'
11, 15517, 46.652541653771905, 46.652541653771905, 'SEARCH'
11, 15518, 46.63814580119581, 46.63814580119581, 'SEARCH'
11, 15519, 46.655170723002165, 46.655170723002165, 'SEARCH'
11, 15520, 46.6335205048244, 46.6335205048244, 'SEARCH'
11, 15521, 46.63967981886172, 46.63967981886172, 'SEARCH'
11, 15522, 46.66344325559762, 46.66344325559762, 'SEARCH'
11, 15523, 46.656160994612144, 46.656160994612144, 'SEARCH'
11, 15524, 46.647031393073085, 46.647031393073085, 'SEARCH'
11, 15525, 46.623954902728194, 46.623954902728194, 'SEARCH'
11, 15526, 46.612586554522046, 46.612586554522046, 'SEARCH'
11, 15527, 46.639668182798815, 46.639668182798815, 'SEARCH'
11, 15528, 46.66180459945825, 46.66180459945825, 'SEARCH'
11, 15529, 46.68930018611472, 46.68930018611472, 'SEARCH'
11, 15530, 46.71113250004747, 46.71113250004747, 'SEARCH'
11, 15531, 46.732961889857826, 46.732961889857826, 'SEARCH'
11, 15532, 46.70682472833494, 46.70682472833494, 'SEARCH'
11, 15533, 46.726741872744746, 46.726741872744746, 'SEARCH'
11, 15534, 46.72374222182233, 46.72374222182233, 'SEARCH'
11, 15535, 46.7501889614628, 46.7501889614628, 'SEARCH'
11, 15536, 46.732256008650694, 46.732256008650694, 'SEARCH'
11, 15537, 46.74391023178682, 46.74391023178682, 'SEARCH'
11, 15538, 46.763485021840694, 46.763485021840694, 'SEARCH'
11, 15539, 46.78501031089861, 46.78501031089861, 'SEARCH'
11, 15540, 46.780563142547244, 46.780563142547244, 'SEARCH'
11, 15541, 46.757752433923265, 46.757752433923265, 'SEARCH'
11, 15542, 46.77928301274113, 46.77928301274113, 'SEARCH'
11, 15543, 46.78543934604069, 46.78543934604069, 'SEARCH'
11, 15544, 46.803592458224834, 46.803592458224834, 'SEARCH'
11, 15545, 46.78641456286151, 46.78641456286151, 'SEARCH'
11, 15546, 46.80105880180733, 46.80105880180733, 'SEARCH'
11, 15547, 46.774204098737094, 46.774204098737094, 'SEARCH'
11, 15548, 46.80197609040669, 46.80197609040669, 'SEARCH'
11, 15549, 46.82718943034279, 46.82718943034279, 'SEARCH'
11, 15550, 46.81805189891216, 46.81805189891216, 'SEARCH'
11, 15551, 46.84458834125694, 46.84458834125694, 'SEARCH'
11, 15552, 46.84158437917782, 46.84158437917782, 'SEARCH'
11, 15553, 46.866718432479296, 46.866718432479296, 'SEARCH'
11, 15554, 46.889413204174026, 46.889413204174026, 'SEARCH'
11, 15555, 46.91714702227619, 46.91714702227619, 'SEARCH'
11, 15556, 46.892344044370425, 46.892344044370425, 'SEARCH'
11, 15557, 46.89175140172363, 46.89175140172363, 'SEARCH'
11, 15558, 46.87071873351441, 46.87071873351441, 'SEARCH'
11, 15559, 46.87013768112095, 46.87013768112095, 'SEARCH'
11, 15560, 46.89791530300141, 46.89791530300141, 'SEARCH'
11, 15561, 46.90822686321537, 46.90822686321537, 'SEARCH'
11, 15562, 46.92779659347202, 46.92779659347202, 'SEARCH'
11, 15563, 46.93488394852494, 46.93488394852494, 'SEARCH'
11, 15564, 46.95812309479781, 46.95812309479781, 'SEARCH'
11, 15565, 46.957043503795305, 46.957043503795305, 'SEARCH'
11, 15566, 46.98217336966651, 46.98217336966651, 'SEARCH'
11, 15567, 46.96082175378306, 46.96082175378306, 'SEARCH'
11, 15568, 46.95733252436147, 46.95733252436147, 'SEARCH'
11, 15569, 46.93867085736473, 46.93867085736473, 'SEARCH'
11, 15570, 46.96526184672104, 46.96526184672104, 'SEARCH'
11, 15571, 46.98228327394823, 46.98228327394823, 'SEARCH'
11, 15572, 46.98700387502012, 46.98700387502012, 'SEARCH'
11, 15573, 47.00204629235521, 47.00204629235521, 'SEARCH'
11, 15574, 47.01584417052686, 47.01584417052686, 'SEARCH'
11, 15575, 46.989113286744974, 46.989113286744974, 'SEARCH'
11, 15576, 47.01424712007826, 47.01424712007826, 'SEARCH'
11, 15577, 47.04190994371618, 47.04190994371618, 'SEARCH'
11, 15578, 47.057750671932475, 47.057750671932475, 'SEARCH'
11, 15579, 47.08405210736743, 47.08405210736743, 'SEARCH'
11, 15580, 47.110276064967714, 47.110276064967714, 'SEARCH'
11, 15581, 47.12840127646653, 47.12840127646653, 'SEARCH'
11, 15582, 47.145778307801855, 47.145778307801855, 'SEARCH'
11, 15583, 47.138925777988625, 47.138925777988625, 'SEARCH'
11, 15584, 47.12172058364257, 47.12172058364257, 'SEARCH'
11, 15585, 47.10772451924128, 47.10772451924128, 'SEARCH'
11, 15586, 47.129238085599624, 47.129238085599624, 'SEARCH'
11, 15587, 47.107274212473534, 47.107274212473534, 'SEARCH'
11, 15588, 47.10186302299781, 47.10186302299781, 'SEARCH'
11, 15589, 47.124831048203134, 47.124831048203134, 'SEARCH'
11, 15590, 47.11342901499314, 47.11342901499314, 'SEARCH'
11, 15591, 47.1394001138952, 47.1394001138952, 'SEARCH'
11, 15592, 47.164923956857066, 47.164923956857066, 'SEARCH'
11, 15593, 47.15440419354386, 47.15440419354386, 'SEARCH'
11, 15594, 47.17840172178704, 47.17840172178704, 'SEARCH'
11, 15595, 47.205856459129265, 47.205856459129265, 'SEARCH'
11, 15596, 47.227050556247846, 47.227050556247846, 'SEARCH'
11, 15597, 47.203421743206405, 47.203421743206405, 'SEARCH'
11, 15598, 47.17883586596031, 47.17883586596031, 'SEARCH'
11, 15599, 47.193040822539494, 47.193040822539494, 'SEARCH'
11, 15600, 47.219569460212156, 47.219569460212156, 'SEARCH'
11, 15601, 47.235793586050306, 47.235793586050306, 'SEARCH'
11, 15602, 47.22096360720843, 47.22096360720843, 'SEARCH'
11, 15603, 47.193981512928836, 47.193981512928836, 'SEARCH'
11, 15604, 47.21609718910172, 47.21609718910172, 'SEARCH'
11, 15605, 47.239846046441734, 47.239846046441734, 'SEARCH'
11, 15606, 47.266150685437076, 47.266150685437076, 'SEARCH'
11, 15607, 47.24447956285047, 47.24447956285047, 'SEARCH'
11, 15608, 47.27100680355571, 47.27100680355571, 'SEARCH'
11, 15609, 47.29760915275135, 47.29760915275135, 'SEARCH'
11, 15610, 47.287072652992016, 47.287072652992016, 'SEARCH'
11, 15611, 47.313938576971736, 47.313938576971736, 'SEARCH'
11, 15612, 47.291960941777184, 47.291960941777184, 'SEARCH'
11, 15613, 47.296650987652924, 47.296650987652924, 'SEARCH'
11, 15614, 47.27229134251379, 47.27229134251379, 'SEARCH'
11, 15615, 47.24509486610615, 47.24509486610615, 'SEARCH'
11, 15616, 47.26691244876511, 47.26691244876511, 'SEARCH'
11, 15617, 47.245249240289674, 47.245249240289674, 'SEARCH'
11, 15618, 47.21815838128471, 47.21815838128471, 'SEARCH'
11, 15619, 47.24295525054512, 47.24295525054512, 'SEARCH'
11, 15620, 47.222563499855866, 47.222563499855866, 'SEARCH'
11, 15621, 47.247575359463866, 47.247575359463866, 'SEARCH'
11, 15622, 47.25696975445203, 47.25696975445203, 'SEARCH'
11, 15623, 47.26771938737893, 47.26771938737893, 'SEARCH'
11, 15624, 47.29219228125584, 47.29219228125584, 'SEARCH'
11, 15625, 47.29207283311388, 47.29207283311388, 'SEARCH'
11, 15626, 47.309838766068566, 47.309838766068566, 'SEARCH'
11, 15627, 47.337083143760566, 47.337083143760566, 'SEARCH'
11, 15628, 47.36251089410086, 47.36251089410086, 'SEARCH'
11, 15629, 47.363344085483085, 47.363344085483085, 'SEARCH'
11, 15630, 47.363695388951285, 47.363695388951285, 'SEARCH'
11, 15631, 47.36308008632743, 47.36308008632743, 'SEARCH'
11, 15632, 47.38859966574322, 47.38859966574322, 'SEARCH'
11, 15633, 47.3660485081367, 47.3660485081367, 'SEARCH'
11, 15634, 47.38979399429603, 47.38979399429603, 'SEARCH'
11, 15635, 47.40356935385728, 47.40356935385728, 'SEARCH'
11, 15636, 47.42825910171813, 47.42825910171813, 'SEARCH'
11, 15637, 47.45584638872405, 47.45584638872405, 'SEARCH'
11, 15638, 47.4834870338694, 47.4834870338694, 'SEARCH'
11, 15639, 47.50899508734649, 47.50899508734649, 'SEARCH'
11, 15640, 47.53665247107068, 47.53665247107068, 'SEARCH'
11, 15641, 47.538419180685544, 47.538419180685544, 'SEARCH'
11, 15642, 47.51225934415319, 47.51225934415319, 'SEARCH'
11, 15643, 47.51740272032426, 47.51740272032426, 'SEARCH'
11, 15644, 47.49303138053166, 47.49303138053166, 'SEARCH'
11, 15645, 47.52032689354876, 47.52032689354876, 'SEARCH'
11, 15646, 47.49776152106007, 47.49776152106007, 'SEARCH'
11, 15647, 47.522128652514304, 47.522128652514304, 'SEARCH'
11, 15648, 47.49525678468306, 47.49525678468306, 'SEARCH'
11, 15649, 47.5090160463298, 47.5090160463298, 'SEARCH'
11, 15650, 47.53677122131327, 47.53677122131327, 'SEARCH'
11, 15651, 47.51194903946412, 47.51194903946412, 'SEARCH'
11, 15652, 47.538980636915, 47.538980636915, 'SEARCH'
11, 15653, 47.51266518806099, 47.51266518806099, 'SEARCH'
11, 15654, 47.53888071698616, 47.53888071698616, 'SEARCH'
11, 15655, 47.5580642183767, 47.5580642183767, 'SEARCH'
11, 15656, 47.536995589058016, 47.536995589058016, 'SEARCH'
11, 15657, 47.5618954176498, 47.5618954176498, 'SEARCH'
11, 15658, 47.54283606716236, 47.54283606716236, 'SEARCH'
11, 15659, 47.51945860187225, 47.51945860187225, 'SEARCH'
11, 15660, 47.52836915342664, 47.52836915342664, 'SEARCH'
11, 15661, 47.55600908359173, 47.55600908359173, 'SEARCH'
11, 15662, 47.53592402646936, 47.53592402646936, 'SEARCH'
11, 15663, 47.563643611698524, 47.563643611698524, 'SEARCH'
11, 15664, 47.56927242713682, 47.56927242713682, 'SEARCH'
11, 15665, 47.596304487802065, 47.596304487802065, 'SEARCH'
11, 15666, 47.62075714016272, 47.62075714016272, 'SEARCH'
11, 15667, 47.64850486627048, 47.64850486627048, 'SEARCH'
11, 15668, 47.67611208012333, 47.67611208012333, 'SEARCH'
11, 15669, 47.69420032323396, 47.69420032323396, 'SEARCH'
11, 15670, 47.719452113597406, 47.719452113597406, 'SEARCH'
11, 15671, 47.704981612156125, 47.704981612156125, 'SEARCH'
11, 15672, 47.73271105483199, 47.73271105483199, 'SEARCH'
11, 15673, 47.750418059346934, 47.750418059346934, 'SEARCH'
11, 15674, 47.77624596334955, 47.77624596334955, 'SEARCH'
11, 15675, 47.803373326078066, 47.803373326078066, 'SEARCH'
11, 15676, 47.830258929972345, 47.830258929972345, 'SEARCH'
11, 15677, 47.81659817998316, 47.81659817998316, 'SEARCH'
11, 15678, 47.842453079197604, 47.842453079197604, 'SEARCH'
11, 15679, 47.86193726218424, 47.86193726218424, 'SEARCH'
11, 15680, 47.87477818870834, 47.87477818870834, 'SEARCH'
11, 15681, 47.84931034615738, 47.84931034615738, 'SEARCH'
11, 15682, 47.86699793609444, 47.86699793609444, 'SEARCH'
11, 15683, 47.850884538542076, 47.850884538542076, 'SEARCH'
11, 15684, 47.85405757407277, 47.85405757407277, 'SEARCH'
11, 15685, 47.880231778363814, 47.880231778363814, 'SEARCH'
11, 15686, 47.9048809221232, 47.9048809221232, 'SEARCH'
11, 15687, 47.908040668034076, 47.908040668034076, 'SEARCH'
11, 15688, 47.91072034677464, 47.91072034677464, 'SEARCH'
11, 15689, 47.90146641209094, 47.90146641209094, 'SEARCH'
11, 15690, 47.883079318502, 47.883079318502, 'SEARCH'
11, 15691, 47.87568824288553, 47.87568824288553, 'SEARCH'
11, 15692, 47.850427612565575, 47.850427612565575, 'SEARCH'
11, 15693, 47.842120326988656, 47.842120326988656, 'SEARCH'
11, 15694, 47.828068068089586, 47.828068068089586, 'SEARCH'
11, 15695, 47.80107196526801, 47.80107196526801, 'SEARCH'
11, 15696, 47.81086509629027, 47.81086509629027, 'SEARCH'
11, 15697, 47.82858745046919, 47.82858745046919, 'SEARCH'
11, 15698, 47.8563358200147, 47.8563358200147, 'SEARCH'
11, 15699, 47.87130924999767, 47.87130924999767, 'SEARCH'
11, 15700, 47.89713382603732, 47.89713382603732, 'SEARCH'
11, 15701, 47.923639819436985, 47.923639819436985, 'SEARCH'
11, 15702, 47.903517289682796, 47.903517289682796, 'SEARCH'
11, 15703, 47.8938335872938, 47.8938335872938, 'SEARCH'
11, 15704, 47.87338962773634, 47.87338962773634, 'SEARCH'
11, 15705, 47.901159432513104, 47.901159432513104, 'SEARCH'
11, 15706, 47.92893563889322, 47.92893563889322, 'SEARCH'
11, 15707, 47.909846869773375, 47.909846869773375, 'SEARCH'
11, 15708, 47.91732079200874, 47.91732079200874, 'SEARCH'
11, 15709, 47.891868162058756, 47.891868162058756, 'SEARCH'
11, 15710, 47.90210678512364, 47.90210678512364, 'SEARCH'
11, 15711, 47.888062021730484, 47.888062021730484, 'SEARCH'
11, 15712, 47.912669206597705, 47.912669206597705, 'SEARCH'
11, 15713, 47.939901237993645, 47.939901237993645, 'SEARCH'
11, 15714, 47.963093448851396, 47.963093448851396, 'SEARCH'
11, 15715, 47.942644997799974, 47.942644997799974, 'SEARCH'
11, 15716, 47.969004735490465, 47.969004735490465, 'SEARCH'
11, 15717, 47.97315778960958, 47.97315778960958, 'SEARCH'
11, 15718, 47.95372344625786, 47.95372344625786, 'SEARCH'
11, 15719, 47.928470782011985, 47.928470782011985, 'SEARCH'
11, 15720, 47.95467756859495, 47.95467756859495, 'SEARCH'
11, 15721, 47.97312846706328, 47.97312846706328, 'SEARCH'
11, 15722, 47.99605275516413, 47.99605275516413, 'SEARCH'
11, 15723, 47.99876585658633, 47.99876585658633, 'SEARCH'
11, 15724, 48.0263590022534, 48.0263590022534, 'SEARCH'
11, 15725, 48.016672417708016, 48.016672417708016, 'SEARCH'
11, 15726, 48.04235488040786, 48.04235488040786, 'SEARCH'
11, 15727, 48.0212606093629, 48.0212606093629, 'SEARCH'
11, 15728, 47.995617192682204, 47.995617192682204, 'SEARCH'
11, 15729, 48.02005789140093, 48.02005789140093, 'SEARCH'
11, 15730, 47.99522316701694, 47.99522316701694, 'SEARCH'
11, 15731, 47.97352403118911, 47.97352403118911, 'SEARCH'
11, 15732, 47.967110329807014, 47.967110329807014, 'SEARCH'
11, 15733, 47.99413869084782, 47.99413869084782, 'SEARCH'
11, 15734, 47.993481690823515, 47.993481690823515, 'SEARCH'
11, 15735, 48.01006355523776, 48.01006355523776, 'SEARCH'
11, 15736, 48.03767069524449, 48.03767069524449, 'SEARCH'
11, 15737, 48.06536767229664, 48.06536767229664, 'SEARCH'
11, 15738, 48.047368521043225, 48.047368521043225, 'SEARCH'
11, 15739, 48.06315308348219, 48.06315308348219, 'SEARCH'
11, 15740, 48.06635682525234, 48.06635682525234, 'SEARCH'
11, 15741, 48.09286744666774, 48.09286744666774, 'SEARCH'
11, 15742, 48.10034302080584, 48.10034302080584, 'SEARCH'
11, 15743, 48.09158110323625, 48.09158110323625, 'SEARCH'
11, 15744, 48.11935828630152, 48.11935828630152, 'SEARCH'
11, 15745, 48.09677415110142, 48.09677415110142, 'SEARCH'
11, 15746, 48.11486059423656, 48.11486059423656, 'SEARCH'
11, 15747, 48.102953886131104, 48.102953886131104, 'SEARCH'
11, 15748, 48.10616208078865, 48.10616208078865, 'SEARCH'
11, 15749, 48.13326701505101, 48.13326701505101, 'SEARCH'
11, 15750, 48.116019544057096, 48.116019544057096, 'SEARCH'
11, 15751, 48.094021477574266, 48.094021477574266, 'SEARCH'
11, 15752, 48.09191551302334, 48.09191551302334, 'SEARCH'
11, 15753, 48.08788631877901, 48.08788631877901, 'SEARCH'
11, 15754, 48.06244516629101, 48.06244516629101, 'SEARCH'
11, 15755, 48.09010364425915, 48.09010364425915, 'SEARCH'
11, 15756, 48.071398286146845, 48.071398286146845, 'SEARCH'
11, 15757, 48.074633110437304, 48.074633110437304, 'SEARCH'
11, 15758, 48.08399312377722, 48.08399312377722, 'SEARCH'
11, 15759, 48.109620716104295, 48.109620716104295, 'SEARCH'
11, 15760, 48.13685740744294, 48.13685740744294, 'SEARCH'
11, 15761, 48.122408157871924, 48.122408157871924, 'SEARCH'
11, 15762, 48.15013906435623, 48.15013906435623, 'SEARCH'
11, 15763, 48.12489329121644, 48.12489329121644, 'SEARCH'
11, 15764, 48.09945286995363, 48.09945286995363, 'SEARCH'
11, 15765, 48.09118861926345, 48.09118861926345, 'SEARCH'
11, 15766, 48.11874144468736, 48.11874144468736, 'SEARCH'
11, 15767, 48.146440527337006, 48.146440527337006, 'SEARCH'
11, 15768, 48.174188181765416, 48.174188181765416, 'SEARCH'
11, 15769, 48.1830712181074, 48.1830712181074, 'SEARCH'
11, 15770, 48.18193247697408, 48.18193247697408, 'SEARCH'
11, 15771, 48.15964868997018, 48.15964868997018, 'SEARCH'
11, 15772, 48.18432719357026, 48.18432719357026, 'SEARCH'
11, 15773, 48.21107347867394, 48.21107347867394, 'SEARCH'
11, 15774, 48.23372821159411, 48.23372821159411, 'SEARCH'
11, 15775, 48.26051285190479, 48.26051285190479, 'SEARCH'
11, 15776, 48.273817072526306, 48.273817072526306, 'SEARCH'
11, 15777, 48.301349941621005, 48.301349941621005, 'SEARCH'
11, 15778, 48.32554916151429, 48.32554916151429, 'SEARCH'
11, 15779, 48.29843850935748, 48.29843850935748, 'SEARCH'
11, 15780, 48.32393200062612, 48.32393200062612, 'SEARCH'
11, 15781, 48.320829617167895, 48.320829617167895, 'SEARCH'
11, 15782, 48.346831961735404, 48.346831961735404, 'SEARCH'
11, 15783, 48.31983038747686, 48.31983038747686, 'SEARCH'
11, 15784, 48.299381883210174, 48.299381883210174, 'SEARCH'
11, 15785, 48.321155240714695, 48.321155240714695, 'SEARCH'
11, 15786, 48.34199274184107, 48.34199274184107, 'SEARCH'
11, 15787, 48.324736365199094, 48.324736365199094, 'SEARCH'
11, 15788, 48.29752695482771, 48.29752695482771, 'SEARCH'
11, 15789, 48.32352357288813, 48.32352357288813, 'SEARCH'
11, 15790, 48.335091426199845, 48.335091426199845, 'SEARCH'
11, 15791, 48.31709124203327, 48.31709124203327, 'SEARCH'
11, 15792, 48.296008339117, 48.296008339117, 'SEARCH'
11, 15793, 48.280734726620416, 48.280734726620416, 'SEARCH'
11, 15794, 48.296927940321424, 48.296927940321424, 'SEARCH'
11, 15795, 48.27682990894297, 48.27682990894297, 'SEARCH'
11, 15796, 48.30344012219438, 48.30344012219438, 'SEARCH'
11, 15797, 48.33046747540045, 48.33046747540045, 'SEARCH'
11, 15798, 48.358154391223096, 48.358154391223096, 'SEARCH'
11, 15799, 48.331679343518644, 48.331679343518644, 'SEARCH'
11, 15800, 48.35932283258233, 48.35932283258233, 'SEARCH'
11, 15801, 48.370893861103035, 48.370893861103035, 'SEARCH'
11, 15802, 48.394856430533636, 48.394856430533636, 'SEARCH'
11, 15803, 48.41436181738815, 48.41436181738815, 'SEARCH'
11, 15804, 48.43642745070921, 48.43642745070921, 'SEARCH'
11, 15805, 48.41009816543474, 48.41009816543474, 'SEARCH'
11, 15806, 48.39604331209092, 48.39604331209092, 'SEARCH'
11, 15807, 48.398762995791195, 48.398762995791195, 'SEARCH'
11, 15808, 48.38430020561913, 48.38430020561913, 'SEARCH'
11, 15809, 48.376011325105175, 48.376011325105175, 'SEARCH'
11, 15810, 48.396863814211706, 48.396863814211706, 'SEARCH'
11, 15811, 48.37104396948795, 48.37104396948795, 'SEARCH'
11, 15812, 48.3986342920395, 48.3986342920395, 'SEARCH'
11, 15813, 48.426183280996035, 48.426183280996035, 'SEARCH'
11, 15814, 48.45186954049313, 48.45186954049313, 'SEARCH'
11, 15815, 48.46804338973364, 48.46804338973364, 'SEARCH'
11, 15816, 48.492925179373984, 48.492925179373984, 'SEARCH'
11, 15817, 48.509483374440414, 48.509483374440414, 'SEARCH'
11, 15818, 48.48383586342481, 48.48383586342481, 'SEARCH'
11, 15819, 48.48026034241614, 48.48026034241614, 'SEARCH'
11, 15820, 48.50758293129003, 48.50758293129003, 'SEARCH'
11, 15821, 48.50787208736408, 48.50787208736408, 'SEARCH'
11, 15822, 48.530231042785424, 48.530231042785424, 'SEARCH'
11, 15823, 48.555687135466584, 48.555687135466584, 'SEARCH'
11, 15824, 48.58316497293383, 48.58316497293383, 'SEARCH'
11, 15825, 48.56206002603253, 48.56206002603253, 'SEARCH'
11, 15826, 48.589273029746245, 48.589273029746245, 'SEARCH'
11, 15827, 48.6054250758635, 48.6054250758635, 'SEARCH'
11, 15828, 48.625590675878904, 48.625590675878904, 'SEARCH'
11, 15829, 48.62246544564936, 48.62246544564936, 'SEARCH'
11, 15830, 48.64847585674609, 48.64847585674609, 'SEARCH'
11, 15831, 48.67312156910029, 48.67312156910029, 'SEARCH'
11, 15832, 48.700242568068084, 48.700242568068084, 'SEARCH'
11, 15833, 48.67791303155721, 48.67791303155721, 'SEARCH'
11, 15834, 48.667740557296305, 48.667740557296305, 'SEARCH'
11, 15835, 48.64357135744409, 48.64357135744409, 'SEARCH'
11, 15836, 48.67134023963134, 48.67134023963134, 'SEARCH'
11, 15837, 48.69717952546743, 48.69717952546743, 'SEARCH'
11, 15838, 48.720075296139825, 48.720075296139825, 'SEARCH'
11, 15839, 48.71789628793591, 48.71789628793591, 'SEARCH'
11, 15840, 48.69050016810554, 48.69050016810554, 'SEARCH'
11, 15841, 48.71827700317107, 48.71827700317107, 'SEARCH'
11, 15842, 48.69951405854506, 48.69951405854506, 'SEARCH'
11, 15843, 48.712351956625554, 48.712351956625554, 'SEARCH'
11, 15844, 48.69092538765653, 48.69092538765653, 'SEARCH'
11, 15845, 48.71326698400316, 48.71326698400316, 'SEARCH'
11, 15846, 48.68841452668056, 48.68841452668056, 'SEARCH'
11, 15847, 48.69861807839958, 48.69861807839958, 'SEARCH'
11, 15848, 48.701304700863616, 48.701304700863616, 'SEARCH'
11, 15849, 48.68519576056624, 48.68519576056624, 'SEARCH'
11, 15850, 48.71122645743574, 48.71122645743574, 'SEARCH'
11, 15851, 48.73854402718809, 48.73854402718809, 'SEARCH'
11, 15852, 48.76248778043213, 48.76248778043213, 'SEARCH'
11, 15853, 48.78090352168576, 48.78090352168576, 'SEARCH'
11, 15854, 48.788801763734334, 48.788801763734334, 'SEARCH'
11, 15855, 48.76333178476333, 48.76333178476333, 'SEARCH'
11, 15856, 48.76310863904235, 48.76310863904235, 'SEARCH'
11, 15857, 48.77886068366778, 48.77886068366778, 'SEARCH'
11, 15858, 48.80651249223889, 48.80651249223889, 'SEARCH'
11, 15859, 48.8335254389933, 48.8335254389933, 'SEARCH'
11, 15860, 48.857461357504384, 48.857461357504384, 'SEARCH'
11, 15861, 48.885238100157665, 48.885238100157665, 'SEARCH'
11, 15862, 48.8732690156684, 48.8732690156684, 'SEARCH'
11, 15863, 48.89642982766958, 48.89642982766958, 'SEARCH'
11, 15864, 48.898598705970414, 48.898598705970414, 'SEARCH'
11, 15865, 48.892106221324894, 48.892106221324894, 'SEARCH'
11, 15866, 48.91975639758086, 48.91975639758086, 'SEARCH'
11, 15867, 48.915159749393894, 48.915159749393894, 'SEARCH'
11, 15868, 48.930078367956405, 48.930078367956405, 'SEARCH'
11, 15869, 48.952110059821024, 48.952110059821024, 'SEARCH'
11, 15870, 48.92893836095928, 48.92893836095928, 'SEARCH'
11, 15871, 48.90452408233907, 48.90452408233907, 'SEARCH'
11, 15872, 48.87721212952898, 48.87721212952898, 'SEARCH'
11, 15873, 48.85119806269133, 48.85119806269133, 'SEARCH'
11, 15874, 48.871026443411154, 48.871026443411154, 'SEARCH'
11, 15875, 48.84575741020247, 48.84575741020247, 'SEARCH'
11, 15876, 48.87276114607759, 48.87276114607759, 'SEARCH'
11, 15877, 48.899247716264064, 48.899247716264064, 'SEARCH'
11, 15878, 48.894194455852045, 48.894194455852045, 'SEARCH'
11, 15879, 48.91624041369044, 48.91624041369044, 'SEARCH'
11, 15880, 48.94363864770906, 48.94363864770906, 'SEARCH'
11, 15881, 48.932562500402994, 48.932562500402994, 'SEARCH'
11, 15882, 48.93619489968323, 48.93619489968323, 'SEARCH'
11, 15883, 48.91133949939873, 48.91133949939873, 'SEARCH'
11, 15884, 48.909661837812806, 48.909661837812806, 'SEARCH'
11, 15885, 48.93719910735459, 48.93719910735459, 'SEARCH'
11, 15886, 48.95982072247029, 48.95982072247029, 'SEARCH'
11, 15887, 48.986832654422656, 48.986832654422656, 'SEARCH'
11, 15888, 48.977559396388074, 48.977559396388074, 'SEARCH'
11, 15889, 48.98729216058333, 48.98729216058333, 'SEARCH'
11, 15890, 49.0148919373954, 49.0148919373954, 'SEARCH'
11, 15891, 49.04254218017637, 49.04254218017637, 'SEARCH'
11, 15892, 49.06781353157938, 49.06781353157938, 'SEARCH'
11, 15893, 49.0699732497627, 49.0699732497627, 'SEARCH'
11, 15894, 49.096470581485875, 49.096470581485875, 'SEARCH'
11, 15895, 49.09185946367003, 49.09185946367003, 'SEARCH'
11, 15896, 49.066187655158316, 49.066187655158316, 'SEARCH'
11, 15897, 49.093658443241225, 49.093658443241225, 'SEARCH'
11, 15898, 49.101991257627425, 49.101991257627425, 'SEARCH'
11, 15899, 49.12430825706997, 49.12430825706997, 'SEARCH'
11, 15900, 49.13624332688064, 49.13624332688064, 'SEARCH'
11, 15901, 49.1637799103132, 49.1637799103132, 'SEARCH'
11, 15902, 49.16059997813371, 49.16059997813371, 'SEARCH'
11, 15903, 49.18836739646225, 49.18836739646225, 'SEARCH'
11, 15904, 49.215971155354595, 49.215971155354595, 'SEARCH'
11, 15905, 49.240808231417006, 49.240808231417006, 'SEARCH'
11, 15906, 49.216143077852806, 49.216143077852806, 'SEARCH'
11, 15907, 49.24302429642922, 49.24302429642922, 'SEARCH'
11, 15908, 49.26313582526832, 49.26313582526832, 'SEARCH'
11, 15909, 49.23590396475813, 49.23590396475813, 'SEARCH'
11, 15910, 49.23851690839879, 49.23851690839879, 'SEARCH'
11, 15911, 49.26624572512665, 49.26624572512665, 'SEARCH'
11, 15912, 49.29363315657498, 49.29363315657498, 'SEARCH'
11, 15913, 49.27481893951607, 49.27481893951607, 'SEARCH'
11, 15914, 49.30259510939005, 49.30259510939005, 'SEARCH'
11, 15915, 49.329345049413924, 49.329345049413924, 'SEARCH'
11, 15916, 49.34167376469395, 49.34167376469395, 'SEARCH'
11, 15917, 49.35133193212298, 49.35133193212298, 'SEARCH'
11, 15918, 49.369315314342835, 49.369315314342835, 'SEARCH'
11, 15919, 49.34752766384624, 49.34752766384624, 'SEARCH'
11, 15920, 49.36952316522833, 49.36952316522833, 'SEARCH'
11, 15921, 49.37162854688851, 49.37162854688851, 'SEARCH'
11, 15922, 49.3528092978218, 49.3528092978218, 'SEARCH'
11, 15923, 49.37971806560963, 49.37971806560963, 'SEARCH'
11, 15924, 49.3884629572628, 49.3884629572628, 'SEARCH'
11, 15925, 49.384765170216866, 49.384765170216866, 'SEARCH'
11, 15926, 49.40418607605638, 49.40418607605638, 'SEARCH'
11, 15927, 49.431842815172516, 49.431842815172516, 'SEARCH'
11, 15928, 49.40837146721647, 49.40837146721647, 'SEARCH'
11, 15929, 49.43614152604344, 49.43614152604344, 'SEARCH'
11, 15930, 49.44441670218726, 49.44441670218726, 'SEARCH'
11, 15931, 49.46878945676451, 49.46878945676451, 'SEARCH'
11, 15932, 49.49441912598599, 49.49441912598599, 'SEARCH'
11, 15933, 49.48281371471068, 49.48281371471068, 'SEARCH'
11, 15934, 49.506946774491325, 49.506946774491325, 'SEARCH'
11, 15935, 49.51474554772101, 49.51474554772101, 'SEARCH'
11, 15936, 49.49126770021513, 49.49126770021513, 'SEARCH'
11, 15937, 49.5141121310141, 49.5141121310141, 'SEARCH'
11, 15938, 49.48708095105133, 49.48708095105133, 'SEARCH'
11, 15939, 49.51197608639634, 49.51197608639634, 'SEARCH'
11, 15940, 49.50493385673244, 49.50493385673244, 'SEARCH'
11, 15941, 49.51937537861553, 49.51937537861553, 'SEARCH'
11, 15942, 49.506472140419504, 49.506472140419504, 'SEARCH'
11, 15943, 49.49621743840987, 49.49621743840987, 'SEARCH'
11, 15944, 49.47071437932557, 49.47071437932557, 'SEARCH'
11, 15945, 49.44435189688583, 49.44435189688583, 'SEARCH'
11, 15946, 49.41722090425748, 49.41722090425748, 'SEARCH'
11, 15947, 49.4406244873441, 49.4406244873441, 'SEARCH'
11, 15948, 49.41798089560111, 49.41798089560111, 'SEARCH'
11, 15949, 49.43033839736306, 49.43033839736306, 'SEARCH'
11, 15950, 49.40383354886689, 49.40383354886689, 'SEARCH'
11, 15951, 49.38013201663079, 49.38013201663079, 'SEARCH'
11, 15952, 49.40478194952063, 49.40478194952063, 'SEARCH'
11, 15953, 49.41263976837703, 49.41263976837703, 'SEARCH'
11, 15954, 49.40659598957784, 49.40659598957784, 'SEARCH'
11, 15955, 49.42801268166262, 49.42801268166262, 'SEARCH'
11, 15956, 49.43064301444642, 49.43064301444642, 'SEARCH'
11, 15957, 49.40694297858528, 49.40694297858528, 'SEARCH'
11, 15958, 49.389258400156315, 49.389258400156315, 'SEARCH'
11, 15959, 49.416951496371205, 49.416951496371205, 'SEARCH'
11, 15960, 49.417172445283946, 49.417172445283946, 'SEARCH'
11, 15961, 49.44464239624709, 49.44464239624709, 'SEARCH'
11, 15962, 49.46605932532312, 49.46605932532312, 'SEARCH'
11, 15963, 49.43986423129735, 49.43986423129735, 'SEARCH'
11, 15964, 49.43766272577359, 49.43766272577359, 'SEARCH'
11, 15965, 49.43691737622846, 49.43691737622846, 'SEARCH'
11, 15966, 49.43714503170596, 49.43714503170596, 'SEARCH'
11, 15967, 49.46445977878873, 49.46445977878873, 'SEARCH'
11, 15968, 49.44715114899685, 49.44715114899685, 'SEARCH'
11, 15969, 49.438324854112466, 49.438324854112466, 'SEARCH'
11, 15970, 49.4633936614427, 49.4633936614427, 'SEARCH'
11, 15971, 49.44685968739146, 49.44685968739146, 'SEARCH'
11, 15972, 49.47433149274347, 49.47433149274347, 'SEARCH'
11, 15973, 49.50134511661955, 49.50134511661955, 'SEARCH'
11, 15974, 49.52642725368339, 49.52642725368339, 'SEARCH'
11, 15975, 49.51712313308288, 49.51712313308288, 'SEARCH'
11, 15976, 49.544337759606925, 49.544337759606925, 'SEARCH'
11, 15977, 49.53457619984252, 49.53457619984252, 'SEARCH'
11, 15978, 49.51038508147126, 49.51038508147126, 'SEARCH'
11, 15979, 49.52404604839423, 49.52404604839423, 'SEARCH'
11, 15980, 49.49917706413459, 49.49917706413459, 'SEARCH'
11, 15981, 49.502309561970435, 49.502309561970435, 'SEARCH'
11, 15982, 49.48990629321605, 49.48990629321605, 'SEARCH'
11, 15983, 49.48294844468473, 49.48294844468473, 'SEARCH'
11, 15984, 49.49130375903365, 49.49130375903365, 'SEARCH'
11, 15985, 49.47720790964092, 49.47720790964092, 'SEARCH'
11, 15986, 49.48961148966884, 49.48961148966884, 'SEARCH'
11, 15987, 49.466453013947635, 49.466453013947635, 'SEARCH'
11, 15988, 49.44806078254646, 49.44806078254646, 'SEARCH'
11, 15989, 49.47425428079775, 49.47425428079775, 'SEARCH'
11, 15990, 49.475485386493915, 49.475485386493915, 'SEARCH'
11, 15991, 49.50259988025024, 49.50259988025024, 'SEARCH'
11, 15992, 49.52923735463709, 49.52923735463709, 'SEARCH'
11, 15993, 49.505812385381994, 49.505812385381994, 'SEARCH'
11, 15994, 49.53312761867952, 49.53312761867952, 'SEARCH'
11, 15995, 49.55602331873133, 49.55602331873133, 'SEARCH'
11, 15996, 49.57053726359116, 49.57053726359116, 'SEARCH'
11, 15997, 49.57654760703521, 49.57654760703521, 'SEARCH'
11, 15998, 49.60161973283422, 49.60161973283422, 'SEARCH'
11, 15999, 49.62839002782718, 49.62839002782718, 'SEARCH'
11, 16000, 49.61033449304327, 49.61033449304327, 'SEARCH'
11, 16001, 49.63635725985502, 49.63635725985502, 'SEARCH'
11, 16002, 49.61050447500655, 49.61050447500655, 'SEARCH'
11, 16003, 49.61170443201037, 49.61170443201037, 'SEARCH'
11, 16004, 49.63819923018589, 49.63819923018589, 'SEARCH'
11, 16005, 49.641325284198, 49.641325284198, 'SEARCH'
11, 16006, 49.61898617333004, 49.61898617333004, 'SEARCH'
11, 16007, 49.64652538412476, 49.64652538412476, 'SEARCH'
11, 16008, 49.65109448696063, 49.65109448696063, 'SEARCH'
11, 16009, 49.63740380765041, 49.63740380765041, 'SEARCH'
11, 16010, 49.66204609265671, 49.66204609265671, 'SEARCH'
11, 16011, 49.6369672348955, 49.6369672348955, 'SEARCH'
11, 16012, 49.662628004733506, 49.662628004733506, 'SEARCH'
11, 16013, 49.641496579011026, 49.641496579011026, 'SEARCH'
11, 16014, 49.640764641223555, 49.640764641223555, 'SEARCH'
11, 16015, 49.63906755019456, 49.63906755019456, 'SEARCH'
11, 16016, 49.646493264844, 49.646493264844, 'SEARCH'
11, 16017, 49.62445762025599, 49.62445762025599, 'SEARCH'
11, 16018, 49.59723998427683, 49.59723998427683, 'SEARCH'
11, 16019, 49.57848994944372, 49.57848994944372, 'SEARCH'
11, 16020, 49.60288681692184, 49.60288681692184, 'SEARCH'
11, 16021, 49.627736657024094, 49.627736657024094, 'SEARCH'
11, 16022, 49.65259083260687, 49.65259083260687, 'SEARCH'
11, 16023, 49.67462948943127, 49.67462948943127, 'SEARCH'
11, 16024, 49.70232191815442, 49.70232191815442, 'SEARCH'
11, 16025, 49.72921816687794, 49.72921816687794, 'SEARCH'
11, 16026, 49.75652664428725, 49.75652664428725, 'SEARCH'
11, 16027, 49.77379425486849, 49.77379425486849, 'SEARCH'
11, 16028, 49.749600772143864, 49.749600772143864, 'SEARCH'
11, 16029, 49.72784623220717, 49.72784623220717, 'SEARCH'
11, 16030, 49.75177248641111, 49.75177248641111, 'SEARCH'
11, 16031, 49.737655393487096, 49.737655393487096, 'SEARCH'
11, 16032, 49.761332352958775, 49.761332352958775, 'SEARCH'
11, 16033, 49.74184803998083, 49.74184803998083, 'SEARCH'
11, 16034, 49.76949905207878, 49.76949905207878, 'SEARCH'
11, 16035, 49.784812957059295, 49.784812957059295, 'SEARCH'
11, 16036, 49.78793407578511, 49.78793407578511, 'SEARCH'
11, 16037, 49.7608101271843, 49.7608101271843, 'SEARCH'
11, 16038, 49.78820502782925, 49.78820502782925, 'SEARCH'
11, 16039, 49.77367395508368, 49.77367395508368, 'SEARCH'
11, 16040, 49.79057401072983, 49.79057401072983, 'SEARCH'
11, 16041, 49.79080080064777, 49.79080080064777, 'SEARCH'
11, 16042, 49.77064296592338, 49.77064296592338, 'SEARCH'
11, 16043, 49.74747756615329, 49.74747756615329, 'SEARCH'
11, 16044, 49.730572345925765, 49.730572345925765, 'SEARCH'
11, 16045, 49.75778962018837, 49.75778962018837, 'SEARCH'
11, 16046, 49.75416843871812, 49.75416843871812, 'SEARCH'
11, 16047, 49.78194507840221, 49.78194507840221, 'SEARCH'
11, 16048, 49.78170243073596, 49.78170243073596, 'SEARCH'
11, 16049, 49.78771768544665, 49.78771768544665, 'SEARCH'
11, 16050, 49.80975790487947, 49.80975790487947, 'SEARCH'
11, 16051, 49.78863484121626, 49.78863484121626, 'SEARCH'
11, 16052, 49.78791584197128, 49.78791584197128, 'SEARCH'
11, 16053, 49.782865215692524, 49.782865215692524, 'SEARCH'
11, 16054, 49.81061727374951, 49.81061727374951, 'SEARCH'
11, 16055, 49.826356928948435, 49.826356928948435, 'SEARCH'
11, 16056, 49.831899741633265, 49.831899741633265, 'SEARCH'
11, 16057, 49.85737613765732, 49.85737613765732, 'SEARCH'
11, 16058, 49.88426935823924, 49.88426935823924, 'SEARCH'
11, 16059, 49.911810892447576, 49.911810892447576, 'SEARCH'
11, 16060, 49.91203292452227, 49.91203292452227, 'SEARCH'
11, 16061, 49.88568515968316, 49.88568515968316, 'SEARCH'
11, 16062, 49.905829415581884, 49.905829415581884, 'SEARCH'
11, 16063, 49.87851463402519, 49.87851463402519, 'SEARCH'
11, 16064, 49.90611408404179, 49.90611408404179, 'SEARCH'
11, 16065, 49.906344833493826, 49.906344833493826, 'SEARCH'
11, 16066, 49.8898151914205, 49.8898151914205, 'SEARCH'
11, 16067, 49.8729049407466, 49.8729049407466, 'SEARCH'
11, 16068, 49.84672312929927, 49.84672312929927, 'SEARCH'
11, 16069, 49.822555389200474, 49.822555389200474, 'SEARCH'
11, 16070, 49.84804026980518, 49.84804026980518, 'SEARCH'
11, 16071, 49.86572482551803, 49.86572482551803, 'SEARCH'
11, 16072, 49.84257071623728, 49.84257071623728, 'SEARCH'
11, 16073, 49.8695747750652, 49.8695747750652, 'SEARCH'
11, 16074, 49.86310647753107, 49.86310647753107, 'SEARCH'
11, 16075, 49.88224348949744, 49.88224348949744, 'SEARCH'
11, 16076, 49.861132873056405, 49.861132873056405, 'SEARCH'
11, 16077, 49.86333955037064, 49.86333955037064, 'SEARCH'
11, 16078, 49.83894224588576, 49.83894224588576, 'SEARCH'
11, 16079, 49.863783809897626, 49.863783809897626, 'SEARCH'
11, 16080, 49.84399223384819, 49.84399223384819, 'SEARCH'
11, 16081, 49.85098480482906, 49.85098480482906, 'SEARCH'
11, 16082, 49.87684425218167, 49.87684425218167, 'SEARCH'
11, 16083, 49.894537934042056, 49.894537934042056, 'SEARCH'
11, 16084, 49.87726842953045, 49.87726842953045, 'SEARCH'
11, 16085, 49.88793290140765, 49.88793290140765, 'SEARCH'
11, 16086, 49.91322480099483, 49.91322480099483, 'SEARCH'
11, 16087, 49.94022815655909, 49.94022815655909, 'SEARCH'
11, 16088, 49.96641922118238, 49.96641922118238, 'SEARCH'
11, 16089, 49.962805420900445, 49.962805420900445, 'SEARCH'
11, 16090, 49.988984384835724, 49.988984384835724, 'SEARCH'
11, 16091, 50.01547453107981, 50.01547453107981, 'SEARCH'
11, 16092, 49.99466802995439, 49.99466802995439, 'SEARCH'
11, 16093, 50.02033360955782, 50.02033360955782, 'SEARCH'
11, 16094, 50.04808488526506, 50.04808488526506, 'SEARCH'
11, 16095, 50.02086263262329, 50.02086263262329, 'SEARCH'
11, 16096, 50.014849604544935, 50.014849604544935, 'SEARCH'
11, 16097, 50.01267459018098, 50.01267459018098, 'SEARCH'
11, 16098, 50.03968289111551, 50.03968289111551, 'SEARCH'
11, 16099, 50.06142112724825, 50.06142112724825, 'SEARCH'
11, 16100, 50.06599920334736, 50.06599920334736, 'SEARCH'
11, 16101, 50.06672139525149, 50.06672139525149, 'SEARCH'
11, 16102, 50.044981110321395, 50.044981110321395, 'SEARCH'
11, 16103, 50.0622790614245, 50.0622790614245, 'SEARCH'
11, 16104, 50.034882945401215, 50.034882945401215, 'SEARCH'
11, 16105, 50.01071332488451, 50.01071332488451, 'SEARCH'
11, 16106, 50.03556196456937, 50.03556196456937, 'SEARCH'
11, 16107, 50.05469306592365, 50.05469306592365, 'SEARCH'
11, 16108, 50.07932766358302, 50.07932766358302, 'SEARCH'
11, 16109, 50.104399433307655, 50.104399433307655, 'SEARCH'
11, 16110, 50.13194084324537, 50.13194084324537, 'SEARCH'
11, 16111, 50.14643806176159, 50.14643806176159, 'SEARCH'
11, 16112, 50.16657249781843, 50.16657249781843, 'SEARCH'
11, 16113, 50.16436707813292, 50.16436707813292, 'SEARCH'
11, 16114, 50.14821850580768, 50.14821850580768, 'SEARCH'
11, 16115, 50.17286410438024, 50.17286410438024, 'SEARCH'
11, 16116, 50.17694644276066, 50.17694644276066, 'SEARCH'
11, 16117, 50.17426232323562, 50.17426232323562, 'SEARCH'
11, 16118, 50.155482933020295, 50.155482933020295, 'SEARCH'
11, 16119, 50.16289770239401, 50.16289770239401, 'SEARCH'
11, 16120, 50.137822383434774, 50.137822383434774, 'SEARCH'
11, 16121, 50.145713387289526, 50.145713387289526, 'SEARCH'
11, 16122, 50.14934137808417, 50.14934137808417, 'SEARCH'
11, 16123, 50.17420260890482, 50.17420260890482, 'SEARCH'
11, 16124, 50.14756799730955, 50.14756799730955, 'SEARCH'
11, 16125, 50.17516805064927, 50.17516805064927, 'SEARCH'
11, 16126, 50.19690618441367, 50.19690618441367, 'SEARCH'
11, 16127, 50.21738147329284, 50.21738147329284, 'SEARCH'
11, 16128, 50.24356981149714, 50.24356981149714, 'SEARCH'
11, 16129, 50.24233665707655, 50.24233665707655, 'SEARCH'
11, 16130, 50.269225188197076, 50.269225188197076, 'SEARCH'
11, 16131, 50.27137862370091, 50.27137862370091, 'SEARCH'
11, 16132, 50.27970916786549, 50.27970916786549, 'SEARCH'
11, 16133, 50.252308537594814, 50.252308537594814, 'SEARCH'
11, 16134, 50.25495768899437, 50.25495768899437, 'SEARCH'
11, 16135, 50.23480091738126, 50.23480091738126, 'SEARCH'
11, 16136, 50.261142688010594, 50.261142688010594, 'SEARCH'
11, 16137, 50.26761792599117, 50.26761792599117, 'SEARCH'
11, 16138, 50.28708151034402, 50.28708151034402, 'SEARCH'
11, 16139, 50.312158833142746, 50.312158833142746, 'SEARCH'
11, 16140, 50.30471362268277, 50.30471362268277, 'SEARCH'
11, 16141, 50.31023494867104, 50.31023494867104, 'SEARCH'
11, 16142, 50.334639078271906, 50.334639078271906, 'SEARCH'
11, 16143, 50.35605889065832, 50.35605889065832, 'SEARCH'
11, 16144, 50.33020390013973, 50.33020390013973, 'SEARCH'
11, 16145, 50.30578398346262, 50.30578398346262, 'SEARCH'
11, 16146, 50.330852534953806, 50.330852534953806, 'SEARCH'
11, 16147, 50.30518360827038, 50.30518360827038, 'SEARCH'
11, 16148, 50.301073188680476, 50.301073188680476, 'SEARCH'
11, 16149, 50.275228275113285, 50.275228275113285, 'SEARCH'
11, 16150, 50.30156740249663, 50.30156740249663, 'SEARCH'
11, 16151, 50.29794172139773, 50.29794172139773, 'SEARCH'
11, 16152, 50.32563350837963, 50.32563350837963, 'SEARCH'
11, 16153, 50.35212717504926, 50.35212717504926, 'SEARCH'
11, 16154, 50.36536830630122, 50.36536830630122, 'SEARCH'
11, 16155, 50.389771930929705, 50.389771930929705, 'SEARCH'
11, 16156, 50.41741957366793, 50.41741957366793, 'SEARCH'
11, 16157, 50.4430953078964, 50.4430953078964, 'SEARCH'
11, 16158, 50.453236337514944, 50.453236337514944, 'SEARCH'
11, 16159, 50.47869310933207, 50.47869310933207, 'SEARCH'
11, 16160, 50.464971008127335, 50.464971008127335, 'SEARCH'
11, 16161, 50.43861519192676, 50.43861519192676, 'SEARCH'
11, 16162, 50.44553864667479, 50.44553864667479, 'SEARCH'
11, 16163, 50.45199240918523, 50.45199240918523, 'SEARCH'
11, 16164, 50.448336293948664, 50.448336293948664, 'SEARCH'
11, 16165, 50.47398961956292, 50.47398961956292, 'SEARCH'
11, 16166, 50.498149622830205, 50.498149622830205, 'SEARCH'
11, 16167, 50.52516924533987, 50.52516924533987, 'SEARCH'
11, 16168, 50.551788836094296, 50.551788836094296, 'SEARCH'
11, 16169, 50.5443093810471, 50.5443093810471, 'SEARCH'
11, 16170, 50.53683548555061, 50.53683548555061, 'SEARCH'
11, 16171, 50.54327460491085, 50.54327460491085, 'SEARCH'
11, 16172, 50.55386246078089, 50.55386246078089, 'SEARCH'
11, 16173, 50.574954794594476, 50.574954794594476, 'SEARCH'
11, 16174, 50.57900989757166, 50.57900989757166, 'SEARCH'
11, 16175, 50.552502963051026, 50.552502963051026, 'SEARCH'
11, 16176, 50.57973089603839, 50.57973089603839, 'SEARCH'
11, 16177, 50.60573227755292, 50.60573227755292, 'SEARCH'
11, 16178, 50.60737119317393, 50.60737119317393, 'SEARCH'
11, 16179, 50.596691044369905, 50.596691044369905, 'SEARCH'
11, 16180, 50.61542242951079, 50.61542242951079, 'SEARCH'
11, 16181, 50.5890638440451, 50.5890638440451, 'SEARCH'
11, 16182, 50.616816954326076, 50.616816954326076, 'SEARCH'
11, 16183, 50.635900922504966, 50.635900922504966, 'SEARCH'
11, 16184, 50.662683096737325, 50.662683096737325, 'SEARCH'
11, 16185, 50.68607557609143, 50.68607557609143, 'SEARCH'
11, 16186, 50.71286206854968, 50.71286206854968, 'SEARCH'
11, 16187, 50.689653729133255, 50.689653729133255, 'SEARCH'
11, 16188, 50.70763942691326, 50.70763942691326, 'SEARCH'
11, 16189, 50.71214984899588, 50.71214984899588, 'SEARCH'
11, 16190, 50.73917718670878, 50.73917718670878, 'SEARCH'
11, 16191, 50.76533366537711, 50.76533366537711, 'SEARCH'
11, 16192, 50.768868749272904, 50.768868749272904, 'SEARCH'
11, 16193, 50.778513034277495, 50.778513034277495, 'SEARCH'
11, 16194, 50.778665960693914, 50.778665960693914, 'SEARCH'
11, 16195, 50.77115965879676, 50.77115965879676, 'SEARCH'
11, 16196, 50.786424153136636, 50.786424153136636, 'SEARCH'
11, 16197, 50.76524806759523, 50.76524806759523, 'SEARCH'
11, 16198, 50.740144755540754, 50.740144755540754, 'SEARCH'
11, 16199, 50.72476043310625, 50.72476043310625, 'SEARCH'
11, 16200, 50.74919831073568, 50.74919831073568, 'SEARCH'
11, 16201, 50.772325751065054, 50.772325751065054, 'SEARCH'
11, 16202, 50.799319291081325, 50.799319291081325, 'SEARCH'
11, 16203, 50.8080575869758, 50.8080575869758, 'SEARCH'
11, 16204, 50.813992028124126, 50.813992028124126, 'SEARCH'
11, 16205, 50.81512535065855, 50.81512535065855, 'SEARCH'
11, 16206, 50.82915859406215, 50.82915859406215, 'SEARCH'
11, 16207, 50.856485223440984, 50.856485223440984, 'SEARCH'
11, 16208, 50.88368779571175, 50.88368779571175, 'SEARCH'
11, 16209, 50.91114608985591, 50.91114608985591, 'SEARCH'
11, 16210, 50.9368494338247, 50.9368494338247, 'SEARCH'
11, 16211, 50.95167712850737, 50.95167712850737, 'SEARCH'
11, 16212, 50.93178244049175, 50.93178244049175, 'SEARCH'
11, 16213, 50.95185703709287, 50.95185703709287, 'SEARCH'
11, 16214, 50.9380804550884, 50.9380804550884, 'SEARCH'
11, 16215, 50.96460404468731, 50.96460404468731, 'SEARCH'
11, 16216, 50.97689505732311, 50.97689505732311, 'SEARCH'
11, 16217, 50.953667395728594, 50.953667395728594, 'SEARCH'
11, 16218, 50.97997565038235, 50.97997565038235, 'SEARCH'
11, 16219, 51.00775113177395, 51.00775113177395, 'SEARCH'
11, 16220, 51.019597429444445, 51.019597429444445, 'SEARCH'
11, 16221, 51.021168038526554, 51.021168038526554, 'SEARCH'
11, 16222, 51.03911486551846, 51.03911486551846, 'SEARCH'
11, 16223, 51.05007534084835, 51.05007534084835, 'SEARCH'
11, 16224, 51.06945428873413, 51.06945428873413, 'SEARCH'
11, 16225, 51.08951299660262, 51.08951299660262, 'SEARCH'
11, 16226, 51.076566262202945, 51.076566262202945, 'SEARCH'
11, 16227, 51.10178943385626, 51.10178943385626, 'SEARCH'
11, 16228, 51.10334968844425, 51.10334968844425, 'SEARCH'
11, 16229, 51.1300210270313, 51.1300210270313, 'SEARCH'
11, 16230, 51.10509819620261, 51.10509819620261, 'SEARCH'
11, 16231, 51.131829853878756, 51.131829853878756, 'SEARCH'
11, 16232, 51.139116806088985, 51.139116806088985, 'SEARCH'
11, 16233, 51.16046107064262, 51.16046107064262, 'SEARCH'
11, 16234, 51.135326778393335, 51.135326778393335, 'SEARCH'
11, 16235, 51.112916928121635, 51.112916928121635, 'SEARCH'
11, 16236, 51.09955192271853, 51.09955192271853, 'SEARCH'
11, 16237, 51.126645381991906, 51.126645381991906, 'SEARCH'
11, 16238, 51.115897996238765, 51.115897996238765, 'SEARCH'
11, 16239, 51.110717725585125, 51.110717725585125, 'SEARCH'
11, 16240, 51.1360419499102, 51.1360419499102, 'SEARCH'
11, 16241, 51.159660684772824, 51.159660684772824, 'SEARCH'
11, 16242, 51.15257821364879, 51.15257821364879, 'SEARCH'
11, 16243, 51.1732988194414, 51.1732988194414, 'SEARCH'
11, 16244, 51.180595802950975, 51.180595802950975, 'SEARCH'
11, 16245, 51.208048908307184, 51.208048908307184, 'SEARCH'
11, 16246, 51.19220078670397, 51.19220078670397, 'SEARCH'
11, 16247, 51.219291459063335, 51.219291459063335, 'SEARCH'
11, 16248, 51.223259042525825, 51.223259042525825, 'SEARCH'
11, 16249, 51.2243330478823, 51.2243330478823, 'SEARCH'
11, 16250, 51.25162080421966, 51.25162080421966, 'SEARCH'
11, 16251, 51.27415140731923, 51.27415140731923, 'SEARCH'
11, 16252, 51.25992448613415, 51.25992448613415, 'SEARCH'
11, 16253, 51.26532358858208, 51.26532358858208, 'SEARCH'
11, 16254, 51.2853760855885, 51.2853760855885, 'SEARCH'
11, 16255, 51.281606746306544, 51.281606746306544, 'SEARCH'
11, 16256, 51.264205142305094, 51.264205142305094, 'SEARCH'
11, 16257, 51.2516931909113, 51.2516931909113, 'SEARCH'
11, 16258, 51.277117329360784, 51.277117329360784, 'SEARCH'
11, 16259, 51.304096568304544, 51.304096568304544, 'SEARCH'
11, 16260, 51.29333701333761, 51.29333701333761, 'SEARCH'
11, 16261, 51.30339337545171, 51.30339337545171, 'SEARCH'
11, 16262, 51.33063985622777, 51.33063985622777, 'SEARCH'
11, 16263, 51.32831697139529, 51.32831697139529, 'SEARCH'
11, 16264, 51.35026920923437, 51.35026920923437, 'SEARCH'
11, 16265, 51.377313048457154, 51.377313048457154, 'SEARCH'
11, 16266, 51.38030293526298, 51.38030293526298, 'SEARCH'
11, 16267, 51.355818581032956, 51.355818581032956, 'SEARCH'
11, 16268, 51.381954948687444, 51.381954948687444, 'SEARCH'
11, 16269, 51.368567932717426, 51.368567932717426, 'SEARCH'
11, 16270, 51.390811660567, 51.390811660567, 'SEARCH'
11, 16271, 51.408738155349184, 51.408738155349184, 'SEARCH'
11, 16272, 51.3826663253688, 51.3826663253688, 'SEARCH'
11, 16273, 51.375573352584176, 51.375573352584176, 'SEARCH'
11, 16274, 51.4028204343203, 51.4028204343203, 'SEARCH'
11, 16275, 51.387366440538635, 51.387366440538635, 'SEARCH'
11, 16276, 51.40176175001383, 51.40176175001383, 'SEARCH'
11, 16277, 51.397038126810216, 51.397038126810216, 'SEARCH'
11, 16278, 51.3708085720189, 51.3708085720189, 'SEARCH'
11, 16279, 51.378110722935794, 51.378110722935794, 'SEARCH'
11, 16280, 51.37968182146115, 51.37968182146115, 'SEARCH'
11, 16281, 51.35253633063914, 51.35253633063914, 'SEARCH'
11, 16282, 51.36569237428231, 51.36569237428231, 'SEARCH'
11, 16283, 51.37064290435164, 51.37064290435164, 'SEARCH'
11, 16284, 51.38859796257902, 51.38859796257902, 'SEARCH'
11, 16285, 51.401750742312984, 51.401750742312984, 'SEARCH'
11, 16286, 51.4085922790677, 51.4085922790677, 'SEARCH'
11, 16287, 51.410655807199625, 51.410655807199625, 'SEARCH'
11, 16288, 51.43711357802162, 51.43711357802162, 'SEARCH'
11, 16289, 51.440618491578626, 51.440618491578626, 'SEARCH'
11, 16290, 51.44651381645707, 51.44651381645707, 'SEARCH'
11, 16291, 51.46371306833626, 51.46371306833626, 'SEARCH'
11, 16292, 51.461412265697426, 51.461412265697426, 'SEARCH'
11, 16293, 51.465401775722576, 51.465401775722576, 'SEARCH'
11, 16294, 51.438875111382444, 51.438875111382444, 'SEARCH'
11, 16295, 51.461428171153635, 51.461428171153635, 'SEARCH'
11, 16296, 51.44023375572171, 51.44023375572171, 'SEARCH'
11, 16297, 51.42324332213641, 51.42324332213641, 'SEARCH'
11, 16298, 51.44922936016582, 51.44922936016582, 'SEARCH'
11, 16299, 51.445503793674504, 51.445503793674504, 'SEARCH'
11, 16300, 51.43659878063908, 51.43659878063908, 'SEARCH'
11, 16301, 51.46096748091701, 51.46096748091701, 'SEARCH'
11, 16302, 51.46208264883395, 51.46208264883395, 'SEARCH'
11, 16303, 51.484356247753745, 51.484356247753745, 'SEARCH'
11, 16304, 51.51212692967714, 51.51212692967714, 'SEARCH'
11, 16305, 51.53467764208309, 51.53467764208309, 'SEARCH'
11, 16306, 51.522615123699495, 51.522615123699495, 'SEARCH'
11, 16307, 51.53314550492312, 51.53314550492312, 'SEARCH'
11, 16308, 51.509659906308684, 51.509659906308684, 'SEARCH'
11, 16309, 51.52799232406683, 51.52799232406683, 'SEARCH'
11, 16310, 51.54482121265963, 51.54482121265963, 'SEARCH'
11, 16311, 51.572432159909184, 51.572432159909184, 'SEARCH'
11, 16312, 51.55092485095189, 51.55092485095189, 'SEARCH'
11, 16313, 51.57714443869709, 51.57714443869709, 'SEARCH'
11, 16314, 51.55092141143384, 51.55092141143384, 'SEARCH'
11, 16315, 51.56492850192623, 51.56492850192623, 'SEARCH'
11, 16316, 51.55693596811765, 51.55693596811765, 'SEARCH'
11, 16317, 51.53123394487543, 51.53123394487543, 'SEARCH'
11, 16318, 51.52233351583868, 51.52233351583868, 'SEARCH'
11, 16319, 51.51862378302837, 51.51862378302837, 'SEARCH'
11, 16320, 51.54299709093005, 51.54299709093005, 'SEARCH'
11, 16321, 51.55944993425157, 51.55944993425157, 'SEARCH'
11, 16322, 51.58413057370807, 51.58413057370807, 'SEARCH'
11, 16323, 51.572081402550225, 51.572081402550225, 'SEARCH'
11, 16324, 51.59711303721953, 51.59711303721953, 'SEARCH'
11, 16325, 51.6202209727211, 51.6202209727211, 'SEARCH'
11, 16326, 51.62422125339132, 51.62422125339132, 'SEARCH'
11, 16327, 51.648811930962964, 51.648811930962964, 'SEARCH'
11, 16328, 51.62348906501728, 51.62348906501728, 'SEARCH'
11, 16329, 51.64546478423793, 51.64546478423793, 'SEARCH'
11, 16330, 51.671840893775304, 51.671840893775304, 'SEARCH'
11, 16331, 51.69822028186359, 51.69822028186359, 'SEARCH'
11, 16332, 51.68401184460001, 51.68401184460001, 'SEARCH'
11, 16333, 51.66858034085197, 51.66858034085197, 'SEARCH'
11, 16334, 51.69348924098662, 51.69348924098662, 'SEARCH'
11, 16335, 51.72086565880364, 51.72086565880364, 'SEARCH'
11, 16336, 51.740924423492764, 51.740924423492764, 'SEARCH'
11, 16337, 51.762271718414276, 51.762271718414276, 'SEARCH'
11, 16338, 51.74412426142617, 51.74412426142617, 'SEARCH'
11, 16339, 51.72710948758181, 51.72710948758181, 'SEARCH'
11, 16340, 51.73672172469503, 51.73672172469503, 'SEARCH'
11, 16341, 51.71225137868526, 51.71225137868526, 'SEARCH'
11, 16342, 51.70151669796318, 51.70151669796318, 'SEARCH'
11, 16343, 51.68490852822112, 51.68490852822112, 'SEARCH'
11, 16344, 51.70936652867884, 51.70936652867884, 'SEARCH'
11, 16345, 51.73712236713217, 51.73712236713217, 'SEARCH'
11, 16346, 51.71389396614361, 51.71389396614361, 'SEARCH'
11, 16347, 51.686751505156145, 51.686751505156145, 'SEARCH'
11, 16348, 51.69124008122219, 51.69124008122219, 'SEARCH'
11, 16349, 51.672762503697996, 51.672762503697996, 'SEARCH'
11, 16350, 51.700509940867015, 51.700509940867015, 'SEARCH'
11, 16351, 51.72334775606874, 51.72334775606874, 'SEARCH'
11, 16352, 51.73433023852042, 51.73433023852042, 'SEARCH'
11, 16353, 51.75995395755032, 51.75995395755032, 'SEARCH'
11, 16354, 51.763950129871226, 51.763950129871226, 'SEARCH'
11, 16355, 51.73772951875346, 51.73772951875346, 'SEARCH'
11, 16356, 51.740776350463854, 51.740776350463854, 'SEARCH'
11, 16357, 51.768234667240684, 51.768234667240684, 'SEARCH'
11, 16358, 51.79186396175871, 51.79186396175871, 'SEARCH'
11, 16359, 51.77851136055346, 51.77851136055346, 'SEARCH'
11, 16360, 51.75701132053675, 51.75701132053675, 'SEARCH'
11, 16361, 51.75473805734846, 51.75473805734846, 'SEARCH'
11, 16362, 51.772337462140705, 51.772337462140705, 'SEARCH'
11, 16363, 51.78508083395487, 51.78508083395487, 'SEARCH'
11, 16364, 51.790049559275324, 51.790049559275324, 'SEARCH'
11, 16365, 51.812888987553926, 51.812888987553926, 'SEARCH'
11, 16366, 51.78622702294576, 51.78622702294576, 'SEARCH'
11, 16367, 51.77778929027799, 51.77778929027799, 'SEARCH'
11, 16368, 51.75247844307641, 51.75247844307641, 'SEARCH'
11, 16369, 51.73227958994498, 51.73227958994498, 'SEARCH'
11, 16370, 51.722040903449404, 51.722040903449404, 'SEARCH'
11, 16371, 51.707479720545415, 51.707479720545415, 'SEARCH'
11, 16372, 51.721537191208725, 51.721537191208725, 'SEARCH'
11, 16373, 51.74844249812673, 51.74844249812673, 'SEARCH'
11, 16374, 51.77620912520948, 51.77620912520948, 'SEARCH'
11, 16375, 51.751107369336594, 51.751107369336594, 'SEARCH'
11, 16376, 51.74646430198173, 51.74646430198173, 'SEARCH'
11, 16377, 51.772106865022955, 51.772106865022955, 'SEARCH'
11, 16378, 51.75032922966196, 51.75032922966196, 'SEARCH'
11, 16379, 51.77077400597262, 51.77077400597262, 'SEARCH'
11, 16380, 51.77814241250567, 51.77814241250567, 'SEARCH'
11, 16381, 51.75178231035063, 51.75178231035063, 'SEARCH'
11, 16382, 51.762816814676626, 51.762816814676626, 'SEARCH'
11, 16383, 51.76204332817137, 51.76204332817137, 'SEARCH'
11, 16384, 51.756463616974244, 51.756463616974244, 'SEARCH'
11, 16385, 51.78266047137714, 51.78266047137714, 'SEARCH'
11, 16386, 51.80704925799258, 51.80704925799258, 'SEARCH'
11, 16387, 51.779643445872566, 51.779643445872566, 'SEARCH'
11, 16388, 51.807396685168506, 51.807396685168506, 'SEARCH'
11, 16389, 51.79627037234184, 51.79627037234184, 'SEARCH'
11, 16390, 51.77894133190774, 51.77894133190774, 'SEARCH'
11, 16391, 51.80654485787509, 51.80654485787509, 'SEARCH'
11, 16392, 51.80335203458134, 51.80335203458134, 'SEARCH'
11, 16393, 51.82279035652232, 51.82279035652232, 'SEARCH'
11, 16394, 51.84256888580596, 51.84256888580596, 'SEARCH'
11, 16395, 51.86907693945286, 51.86907693945286, 'SEARCH'
11, 16396, 51.89673286542479, 51.89673286542479, 'SEARCH'
11, 16397, 51.87721046730028, 51.87721046730028, 'SEARCH'
11, 16398, 51.895929297635604, 51.895929297635604, 'SEARCH'
11, 16399, 51.86972199544116, 51.86972199544116, 'SEARCH'
11, 16400, 51.881188467547176, 51.881188467547176, 'SEARCH'
11, 16401, 51.85386515802557, 51.85386515802557, 'SEARCH'
11, 16402, 51.84014460276716, 51.84014460276716, 'SEARCH'
11, 16403, 51.818380355405964, 51.818380355405964, 'SEARCH'
11, 16404, 51.8038406215958, 51.8038406215958, 'SEARCH'
11, 16405, 51.82985154061529, 51.82985154061529, 'SEARCH'
11, 16406, 51.85585960240249, 51.85585960240249, 'SEARCH'
11, 16407, 51.864175917406776, 51.864175917406776, 'SEARCH'
11, 16408, 51.890656596722934, 51.890656596722934, 'SEARCH'
11, 16409, 51.90213351180923, 51.90213351180923, 'SEARCH'
11, 16410, 51.92796101952991, 51.92796101952991, 'SEARCH'
11, 16411, 51.90879986049412, 51.90879986049412, 'SEARCH'
11, 16412, 51.88764763416888, 51.88764763416888, 'SEARCH'
11, 16413, 51.91496681760682, 51.91496681760682, 'SEARCH'
11, 16414, 51.90384776697255, 51.90384776697255, 'SEARCH'
11, 16415, 51.90934724418982, 51.90934724418982, 'SEARCH'
11, 16416, 51.934189632780544, 51.934189632780544, 'SEARCH'
11, 16417, 51.92579357534687, 51.92579357534687, 'SEARCH'
11, 16418, 51.91208137854, 51.91208137854, 'SEARCH'
11, 16419, 51.93898205490811, 51.93898205490811, 'SEARCH'
11, 16420, 51.96598263965111, 51.96598263965111, 'SEARCH'
11, 16421, 51.99123843045244, 51.99123843045244, 'SEARCH'
11, 16422, 52.00401330874373, 52.00401330874373, 'SEARCH'
11, 16423, 52.0284532215866, 52.0284532215866, 'SEARCH'
11, 16424, 52.056183374671434, 52.056183374671434, 'SEARCH'
11, 16425, 52.07982578133847, 52.07982578133847, 'SEARCH'
11, 16426, 52.07755964972447, 52.07755964972447, 'SEARCH'
11, 16427, 52.08583372812061, 52.08583372812061, 'SEARCH'
11, 16428, 52.108114047769035, 52.108114047769035, 'SEARCH'
11, 16429, 52.09113407978097, 52.09113407978097, 'SEARCH'
11, 16430, 52.085044483952835, 52.085044483952835, 'SEARCH'
11, 16431, 52.068076094019155, 52.068076094019155, 'SEARCH'
11, 16432, 52.09548351353883, 52.09548351353883, 'SEARCH'
11, 16433, 52.1148995169219, 52.1148995169219, 'SEARCH'
11, 16434, 52.14219751530436, 52.14219751530436, 'SEARCH'
11, 16435, 52.1240897293248, 52.1240897293248, 'SEARCH'
11, 16436, 52.14912712547177, 52.14912712547177, 'SEARCH'
11, 16437, 52.1708118044588, 52.1708118044588, 'SEARCH'
11, 16438, 52.195178903593984, 52.195178903593984, 'SEARCH'
11, 16439, 52.17563792219943, 52.17563792219943, 'SEARCH'
11, 16440, 52.16188080741505, 52.16188080741505, 'SEARCH'
11, 16441, 52.16010277578874, 52.16010277578874, 'SEARCH'
11, 16442, 52.18646981220294, 52.18646981220294, 'SEARCH'
11, 16443, 52.20931171929263, 52.20931171929263, 'SEARCH'
11, 16444, 52.23434238761065, 52.23434238761065, 'SEARCH'
11, 16445, 52.24351782030357, 52.24351782030357, 'SEARCH'
11, 16446, 52.225399540087956, 52.225399540087956, 'SEARCH'
11, 16447, 52.203014681072176, 52.203014681072176, 'SEARCH'
11, 16448, 52.2303120221484, 52.2303120221484, 'SEARCH'
11, 16449, 52.23336457957948, 52.23336457957948, 'SEARCH'
11, 16450, 52.26039575530035, 52.26039575530035, 'SEARCH'
11, 16451, 52.28817141264574, 52.28817141264574, 'SEARCH'
11, 16452, 52.31349390669676, 52.31349390669676, 'SEARCH'
11, 16453, 52.33929402185833, 52.33929402185833, 'SEARCH'
11, 16454, 52.319390806612375, 52.319390806612375, 'SEARCH'
11, 16455, 52.343263833125, 52.343263833125, 'SEARCH'
11, 16456, 52.33903256639421, 52.33903256639421, 'SEARCH'
11, 16457, 52.36673400756199, 52.36673400756199, 'SEARCH'
11, 16458, 52.37857316968995, 52.37857316968995, 'SEARCH'
11, 16459, 52.36963279511647, 52.36963279511647, 'SEARCH'
11, 16460, 52.39454836860406, 52.39454836860406, 'SEARCH'
11, 16461, 52.40725268379663, 52.40725268379663, 'SEARCH'
11, 16462, 52.40205407383272, 52.40205407383272, 'SEARCH'
11, 16463, 52.42954615456184, 52.42954615456184, 'SEARCH'
11, 16464, 52.433028978631235, 52.433028978631235, 'SEARCH'
11, 16465, 52.41150501551216, 52.41150501551216, 'SEARCH'
11, 16466, 52.402108537658094, 52.402108537658094, 'SEARCH'
11, 16467, 52.42841094982753, 52.42841094982753, 'SEARCH'
11, 16468, 52.40202658983782, 52.40202658983782, 'SEARCH'
11, 16469, 52.38659287183609, 52.38659287183609, 'SEARCH'
11, 16470, 52.41325892083155, 52.41325892083155, 'SEARCH'
11, 16471, 52.426403506161016, 52.426403506161016, 'SEARCH'
11, 16472, 52.40193181050425, 52.40193181050425, 'SEARCH'
11, 16473, 52.386503754845094, 52.386503754845094, 'SEARCH'
11, 16474, 52.41310698170016, 52.41310698170016, 'SEARCH'
11, 16475, 52.43984327087435, 52.43984327087435, 'SEARCH'
11, 16476, 52.43513556716433, 52.43513556716433, 'SEARCH'
11, 16477, 52.408755546904636, 52.408755546904636, 'SEARCH'
11, 16478, 52.4235886808162, 52.4235886808162, 'SEARCH'
11, 16479, 52.45092136390132, 52.45092136390132, 'SEARCH'
11, 16480, 52.477902928454604, 52.477902928454604, 'SEARCH'
11, 16481, 52.497961862631335, 52.497961862631335, 'SEARCH'
11, 16482, 52.51358323002207, 52.51358323002207, 'SEARCH'
11, 16483, 52.51707145808464, 52.51707145808464, 'SEARCH'
11, 16484, 52.49649963406224, 52.49649963406224, 'SEARCH'
11, 16485, 52.47060863110744, 52.47060863110744, 'SEARCH'
11, 16486, 52.44327516079553, 52.44327516079553, 'SEARCH'
11, 16487, 52.4173919525187, 52.4173919525187, 'SEARCH'
11, 16488, 52.444804153137966, 52.444804153137966, 'SEARCH'
11, 16489, 52.467637035253134, 52.467637035253134, 'SEARCH'
11, 16490, 52.44157964864216, 52.44157964864216, 'SEARCH'
11, 16491, 52.45517067515928, 52.45517067515928, 'SEARCH'
11, 16492, 52.44400066115897, 52.44400066115897, 'SEARCH'
11, 16493, 52.44172672936108, 52.44172672936108, 'SEARCH'
11, 16494, 52.41493519714744, 52.41493519714744, 'SEARCH'
11, 16495, 52.43216489942928, 52.43216489942928, 'SEARCH'
11, 16496, 52.40895562365624, 52.40895562365624, 'SEARCH'
11, 16497, 52.38602217641367, 52.38602217641367, 'SEARCH'
11, 16498, 52.41301787598484, 52.41301787598484, 'SEARCH'
11, 16499, 52.39970090195221, 52.39970090195221, 'SEARCH'
11, 16500, 52.42743065404861, 52.42743065404861, 'SEARCH'
11, 16501, 52.45390056448843, 52.45390056448843, 'SEARCH'
11, 16502, 52.43973145217069, 52.43973145217069, 'SEARCH'
11, 16503, 52.46285404469396, 52.46285404469396, 'SEARCH'
11, 16504, 52.43964622135106, 52.43964622135106, 'SEARCH'
11, 16505, 52.45906596364031, 52.45906596364031, 'SEARCH'
11, 16506, 52.4855804225167, 52.4855804225167, 'SEARCH'
11, 16507, 52.45906273024667, 52.45906273024667, 'SEARCH'
11, 16508, 52.485810224546235, 52.485810224546235, 'SEARCH'
11, 16509, 52.460115087419396, 52.460115087419396, 'SEARCH'
11, 16510, 52.48721861528711, 52.48721861528711, 'SEARCH'
11, 16511, 52.45989118868042, 52.45989118868042, 'SEARCH'
11, 16512, 52.45055180187047, 52.45055180187047, 'SEARCH'
11, 16513, 52.470656813773026, 52.470656813773026, 'SEARCH'
11, 16514, 52.47801341679008, 52.47801341679008, 'SEARCH'
11, 16515, 52.48348435206761, 52.48348435206761, 'SEARCH'
11, 16516, 52.470171182619815, 52.470171182619815, 'SEARCH'
11, 16517, 52.4669682144214, 52.4669682144214, 'SEARCH'
11, 16518, 52.46667176509407, 52.46667176509407, 'SEARCH'
11, 16519, 52.44615787433969, 52.44615787433969, 'SEARCH'
11, 16520, 52.46453378508373, 52.46453378508373, 'SEARCH'
11, 16521, 52.480628271436586, 52.480628271436586, 'SEARCH'
11, 16522, 52.483725720807364, 52.483725720807364, 'SEARCH'
11, 16523, 52.510053753032075, 52.510053753032075, 'SEARCH'
11, 16524, 52.53652974600724, 52.53652974600724, 'SEARCH'
11, 16525, 52.528580776916094, 52.528580776916094, 'SEARCH'
11, 16526, 52.51925576164618, 52.51925576164618, 'SEARCH'
11, 16527, 52.54576257888398, 52.54576257888398, 'SEARCH'
11, 16528, 52.52491863551662, 52.52491863551662, 'SEARCH'
11, 16529, 52.53855375345777, 52.53855375345777, 'SEARCH'
11, 16530, 52.55046576727049, 52.55046576727049, 'SEARCH'
11, 16531, 52.52869383515469, 52.52869383515469, 'SEARCH'
11, 16532, 52.54478989618312, 52.54478989618312, 'SEARCH'
11, 16533, 52.517885559635396, 52.517885559635396, 'SEARCH'
11, 16534, 52.5453530910684, 52.5453530910684, 'SEARCH'
11, 16535, 52.57235300825903, 52.57235300825903, 'SEARCH'
11, 16536, 52.54864070394413, 52.54864070394413, 'SEARCH'
11, 16537, 52.567014814900915, 52.567014814900915, 'SEARCH'
11, 16538, 52.58960192757285, 52.58960192757285, 'SEARCH'
11, 16539, 52.56695682888894, 52.56695682888894, 'SEARCH'
11, 16540, 52.558563315787616, 52.558563315787616, 'SEARCH'
11, 16541, 52.53565056994907, 52.53565056994907, 'SEARCH'
11, 16542, 52.56130416338559, 52.56130416338559, 'SEARCH'
11, 16543, 52.56916132529103, 52.56916132529103, 'SEARCH'
11, 16544, 52.58238676473287, 52.58238676473287, 'SEARCH'
11, 16545, 52.57920778699712, 52.57920778699712, 'SEARCH'
11, 16546, 52.56344967859259, 52.56344967859259, 'SEARCH'
11, 16547, 52.58807916882686, 52.58807916882686, 'SEARCH'
11, 16548, 52.614854276232826, 52.614854276232826, 'SEARCH'
11, 16549, 52.63211548516836, 52.63211548516836, 'SEARCH'
11, 16550, 52.65120524008624, 52.65120524008624, 'SEARCH'
11, 16551, 52.63102331658397, 52.63102331658397, 'SEARCH'
11, 16552, 52.604991562483605, 52.604991562483605, 'SEARCH'
11, 16553, 52.6071446176084, 52.6071446176084, 'SEARCH'
11, 16554, 52.62285866761061, 52.62285866761061, 'SEARCH'
11, 16555, 52.60479834266249, 52.60479834266249, 'SEARCH'
11, 16556, 52.63219236594469, 52.63219236594469, 'SEARCH'
11, 16557, 52.60496695603954, 52.60496695603954, 'SEARCH'
11, 16558, 52.57847011453264, 52.57847011453264, 'SEARCH'
11, 16559, 52.58727970202973, 52.58727970202973, 'SEARCH'
11, 16560, 52.614675784502474, 52.614675784502474, 'SEARCH'
11, 16561, 52.639741524766485, 52.639741524766485, 'SEARCH'
11, 16562, 52.618604934405504, 52.618604934405504, 'SEARCH'
11, 16563, 52.64176202140713, 52.64176202140713, 'SEARCH'
11, 16564, 52.61734174147237, 52.61734174147237, 'SEARCH'
11, 16565, 52.604940772640404, 52.604940772640404, 'SEARCH'
11, 16566, 52.61986623513559, 52.61986623513559, 'SEARCH'
11, 16567, 52.61385215266835, 52.61385215266835, 'SEARCH'
11, 16568, 52.5883798259673, 52.5883798259673, 'SEARCH'
11, 16569, 52.568240806755675, 52.568240806755675, 'SEARCH'
11, 16570, 52.57889397738872, 52.57889397738872, 'SEARCH'
11, 16571, 52.562390746052465, 52.562390746052465, 'SEARCH'
11, 16572, 52.565086517622, 52.565086517622, 'SEARCH'
11, 16573, 52.576196082216995, 52.576196082216995, 'SEARCH'
11, 16574, 52.55893176245911, 52.55893176245911, 'SEARCH'
11, 16575, 52.534092499078334, 52.534092499078334, 'SEARCH'
11, 16576, 52.53100337484995, 52.53100337484995, 'SEARCH'
11, 16577, 52.55051625487503, 52.55051625487503, 'SEARCH'
11, 16578, 52.52321386706236, 52.52321386706236, 'SEARCH'
11, 16579, 52.5055966568568, 52.5055966568568, 'SEARCH'
11, 16580, 52.47943774373972, 52.47943774373972, 'SEARCH'
11, 16581, 52.506468279806455, 52.506468279806455, 'SEARCH'
11, 16582, 52.5279518850253, 52.5279518850253, 'SEARCH'
11, 16583, 52.50148160873361, 52.50148160873361, 'SEARCH'
11, 16584, 52.485418979868875, 52.485418979868875, 'SEARCH'
11, 16585, 52.51274832234631, 52.51274832234631, 'SEARCH'
11, 16586, 52.53995179865139, 52.53995179865139, 'SEARCH'
11, 16587, 52.5134813936283, 52.5134813936283, 'SEARCH'
11, 16588, 52.53963804713841, 52.53963804713841, 'SEARCH'
11, 16589, 52.56718748360005, 52.56718748360005, 'SEARCH'
11, 16590, 52.56652244033424, 52.56652244033424, 'SEARCH'
11, 16591, 52.58830262947635, 52.58830262947635, 'SEARCH'
11, 16592, 52.61551069158244, 52.61551069158244, 'SEARCH'
11, 16593, 52.60720473792646, 52.60720473792646, 'SEARCH'
11, 16594, 52.62454053609512, 52.62454053609512, 'SEARCH'
11, 16595, 52.644389677408014, 52.644389677408014, 'SEARCH'
11, 16596, 52.619338328914765, 52.619338328914765, 'SEARCH'
11, 16597, 52.5970438018829, 52.5970438018829, 'SEARCH'
11, 16598, 52.57179582138608, 52.57179582138608, 'SEARCH'
11, 16599, 52.59870875806765, 52.59870875806765, 'SEARCH'
11, 16600, 52.61857091566929, 52.61857091566929, 'SEARCH'
11, 16601, 52.631455825958255, 52.631455825958255, 'SEARCH'
11, 16602, 52.65410754971007, 52.65410754971007, 'SEARCH'
11, 16603, 52.62828398624884, 52.62828398624884, 'SEARCH'
11, 16604, 52.63986621477577, 52.63986621477577, 'SEARCH'
11, 16605, 52.622250110901994, 52.622250110901994, 'SEARCH'
11, 16606, 52.642117071488876, 52.642117071488876, 'SEARCH'
11, 16607, 52.66980340273071, 52.66980340273071, 'SEARCH'
11, 16608, 52.657900924702616, 52.657900924702616, 'SEARCH'
11, 16609, 52.683720101541304, 52.683720101541304, 'SEARCH'
11, 16610, 52.683536640086146, 52.683536640086146, 'SEARCH'
11, 16611, 52.70878725712659, 52.70878725712659, 'SEARCH'
11, 16612, 52.71579227127664, 52.71579227127664, 'SEARCH'
11, 16613, 52.72951649551328, 52.72951649551328, 'SEARCH'
11, 16614, 52.74407355713209, 52.74407355713209, 'SEARCH'
11, 16615, 52.740015610091945, 52.740015610091945, 'SEARCH'
11, 16616, 52.73692435979375, 52.73692435979375, 'SEARCH'
11, 16617, 52.76470152881414, 52.76470152881414, 'SEARCH'
11, 16618, 52.74299234973174, 52.74299234973174, 'SEARCH'
11, 16619, 52.724630145269195, 52.724630145269195, 'SEARCH'
11, 16620, 52.71727271159981, 52.71727271159981, 'SEARCH'
11, 16621, 52.74326512537524, 52.74326512537524, 'SEARCH'
11, 16622, 52.77095221374573, 52.77095221374573, 'SEARCH'
11, 16623, 52.74384435669807, 52.74384435669807, 'SEARCH'
11, 16624, 52.72660230776454, 52.72660230776454, 'SEARCH'
11, 16625, 52.703751520497356, 52.703751520497356, 'SEARCH'
11, 16626, 52.72669143740993, 52.72669143740993, 'SEARCH'
11, 16627, 52.72846461016644, 52.72846461016644, 'SEARCH'
11, 16628, 52.74005716757202, 52.74005716757202, 'SEARCH'
11, 16629, 52.71591993346633, 52.71591993346633, 'SEARCH'
11, 16630, 52.69583313691382, 52.69583313691382, 'SEARCH'
11, 16631, 52.69375424949895, 52.69375424949895, 'SEARCH'
11, 16632, 52.72150998555945, 52.72150998555945, 'SEARCH'
11, 16633, 52.74906236125418, 52.74906236125418, 'SEARCH'
11, 16634, 52.72307359926556, 52.72307359926556, 'SEARCH'
11, 16635, 52.7485857089052, 52.7485857089052, 'SEARCH'
11, 16636, 52.73540875044582, 52.73540875044582, 'SEARCH'
11, 16637, 52.76031088600747, 52.76031088600747, 'SEARCH'
11, 16638, 52.738327338904725, 52.738327338904725, 'SEARCH'
11, 16639, 52.72778899015868, 52.72778899015868, 'SEARCH'
11, 16640, 52.72283186085601, 52.72283186085601, 'SEARCH'
11, 16641, 52.74095734116949, 52.74095734116949, 'SEARCH'
11, 16642, 52.714354421459845, 52.714354421459845, 'SEARCH'
11, 16643, 52.72464608491285, 52.72464608491285, 'SEARCH'
11, 16644, 52.720178929036585, 52.720178929036585, 'SEARCH'
11, 16645, 52.74258213084029, 52.74258213084029, 'SEARCH'
11, 16646, 52.76554129817085, 52.76554129817085, 'SEARCH'
11, 16647, 52.76734853466172, 52.76734853466172, 'SEARCH'
11, 16648, 52.79357110379533, 52.79357110379533, 'SEARCH'
11, 16649, 52.8077606550379, 52.8077606550379, 'SEARCH'
11, 16650, 52.78339881486604, 52.78339881486604, 'SEARCH'
11, 16651, 52.809544694365854, 52.809544694365854, 'SEARCH'
11, 16652, 52.794299741703554, 52.794299741703554, 'SEARCH'
11, 16653, 52.81853159814233, 52.81853159814233, 'SEARCH'
11, 16654, 52.79371949943458, 52.79371949943458, 'SEARCH'
11, 16655, 52.82124418540503, 52.82124418540503, 'SEARCH'
11, 16656, 52.833297979980124, 52.833297979980124, 'SEARCH'
11, 16657, 52.80966821758503, 52.80966821758503, 'SEARCH'
11, 16658, 52.8157929783657, 52.8157929783657, 'SEARCH'
11, 16659, 52.841852291592936, 52.841852291592936, 'SEARCH'
11, 16660, 52.86507527095167, 52.86507527095167, 'SEARCH'
11, 16661, 52.888812503196604, 52.888812503196604, 'SEARCH'
11, 16662, 52.86976001330972, 52.86976001330972, 'SEARCH'
11, 16663, 52.89597912025525, 52.89597912025525, 'SEARCH'
11, 16664, 52.90974060865695, 52.90974060865695, 'SEARCH'
11, 16665, 52.93464150411505, 52.93464150411505, 'SEARCH'
11, 16666, 52.90832651176857, 52.90832651176857, 'SEARCH'
11, 16667, 52.91537538265134, 52.91537538265134, 'SEARCH'
11, 16668, 52.91377740274161, 52.91377740274161, 'SEARCH'
11, 16669, 52.89853130526482, 52.89853130526482, 'SEARCH'
11, 16670, 52.9092642303776, 52.9092642303776, 'SEARCH'
11, 16671, 52.93014181159306, 52.93014181159306, 'SEARCH'
11, 16672, 52.95036346173938, 52.95036346173938, 'SEARCH'
11, 16673, 52.97760339375685, 52.97760339375685, 'SEARCH'
11, 16674, 52.950733213758035, 52.950733213758035, 'SEARCH'
11, 16675, 52.96957452126043, 52.96957452126043, 'SEARCH'
11, 16676, 52.975207896012705, 52.975207896012705, 'SEARCH'
11, 16677, 53.00072107671275, 53.00072107671275, 'SEARCH'
11, 16678, 52.98427119682384, 52.98427119682384, 'SEARCH'
11, 16679, 52.960639174211686, 52.960639174211686, 'SEARCH'
11, 16680, 52.98809519535994, 52.98809519535994, 'SEARCH'
11, 16681, 53.015235997903666, 53.015235997903666, 'SEARCH'
11, 16682, 53.01218131288258, 53.01218131288258, 'SEARCH'
11, 16683, 53.032060556065225, 53.032060556065225, 'SEARCH'
11, 16684, 53.057938487503925, 53.057938487503925, 'SEARCH'
11, 16685, 53.03595082848718, 53.03595082848718, 'SEARCH'
11, 16686, 53.03677056560104, 53.03677056560104, 'SEARCH'
11, 16687, 53.05763846780858, 53.05763846780858, 'SEARCH'
11, 16688, 53.05077126001189, 53.05077126001189, 'SEARCH'
11, 16689, 53.05207979025059, 53.05207979025059, 'SEARCH'
11, 16690, 53.079811699025726, 53.079811699025726, 'SEARCH'
11, 16691, 53.106470961869086, 53.106470961869086, 'SEARCH'
11, 16692, 53.12344493808217, 53.12344493808217, 'SEARCH'
11, 16693, 53.14960356180255, 53.14960356180255, 'SEARCH'
11, 16694, 53.13392434864868, 53.13392434864868, 'SEARCH'
11, 16695, 53.14850210019005, 53.14850210019005, 'SEARCH'
11, 16696, 53.13126694098489, 53.13126694098489, 'SEARCH'
11, 16697, 53.14107194978186, 53.14107194978186, 'SEARCH'
11, 16698, 53.16373383564923, 53.16373383564923, 'SEARCH'
11, 16699, 53.19064564537462, 53.19064564537462, 'SEARCH'
11, 16700, 53.163345139069634, 53.163345139069634, 'SEARCH'
11, 16701, 53.14106188679692, 53.14106188679692, 'SEARCH'
11, 16702, 53.11624209542106, 53.11624209542106, 'SEARCH'
11, 16703, 53.13508174432572, 53.13508174432572, 'SEARCH'
11, 16704, 53.122339803587074, 53.122339803587074, 'SEARCH'
11, 16705, 53.1467018838894, 53.1467018838894, 'SEARCH'
11, 16706, 53.12800354124037, 53.12800354124037, 'SEARCH'
11, 16707, 53.15431325561828, 53.15431325561828, 'SEARCH'
11, 16708, 53.14934049526525, 53.14934049526525, 'SEARCH'
11, 16709, 53.12650291035029, 53.12650291035029, 'SEARCH'
11, 16710, 53.11918328549695, 53.11918328549695, 'SEARCH'
11, 16711, 53.12244110917691, 53.12244110917691, 'SEARCH'
11, 16712, 53.108026816284614, 53.108026816284614, 'SEARCH'
11, 16713, 53.0852057212739, 53.0852057212739, 'SEARCH'
11, 16714, 53.067642402632345, 53.067642402632345, 'SEARCH'
11, 16715, 53.07795892041439, 53.07795892041439, 'SEARCH'
11, 16716, 53.05409913012637, 53.05409913012637, 'SEARCH'
11, 16717, 53.02672866505182, 53.02672866505182, 'SEARCH'
11, 16718, 53.04915770427649, 53.04915770427649, 'SEARCH'
11, 16719, 53.074942863860336, 53.074942863860336, 'SEARCH'
11, 16720, 53.07775500700725, 53.07775500700725, 'SEARCH'
11, 16721, 53.05078091888522, 53.05078091888522, 'SEARCH'
11, 16722, 53.02945197870663, 53.02945197870663, 'SEARCH'
11, 16723, 53.052443222598555, 53.052443222598555, 'SEARCH'
11, 16724, 53.07398409675161, 53.07398409675161, 'SEARCH'
11, 16725, 53.08863645023144, 53.08863645023144, 'SEARCH'
11, 16726, 53.10328678561506, 53.10328678561506, 'SEARCH'
11, 16727, 53.0964848482109, 53.0964848482109, 'SEARCH'
11, 16728, 53.121199506891145, 53.121199506891145, 'SEARCH'
11, 16729, 53.14805286618737, 53.14805286618737, 'SEARCH'
11, 16730, 53.16583349053028, 53.16583349053028, 'SEARCH'
11, 16731, 53.177919484805805, 53.177919484805805, 'SEARCH'
11, 16732, 53.15195019813231, 53.15195019813231, 'SEARCH'
11, 16733, 53.1649107550723, 53.1649107550723, 'SEARCH'
11, 16734, 53.17656626862007, 53.17656626862007, 'SEARCH'
11, 16735, 53.20361092186703, 53.20361092186703, 'SEARCH'
11, 16736, 53.17950328097459, 53.17950328097459, 'SEARCH'
11, 16737, 53.182315530894904, 53.182315530894904, 'SEARCH'
11, 16738, 53.19527772987104, 53.19527772987104, 'SEARCH'
11, 16739, 53.18478801742787, 53.18478801742787, 'SEARCH'
11, 16740, 53.21197590966172, 53.21197590966172, 'SEARCH'
11, 16741, 53.19127000906393, 53.19127000906393, 'SEARCH'
11, 16742, 53.16693456139378, 53.16693456139378, 'SEARCH'
11, 16743, 53.17405407965668, 53.17405407965668, 'SEARCH'
11, 16744, 53.19877179172942, 53.19877179172942, 'SEARCH'
11, 16745, 53.19339384665356, 53.19339384665356, 'SEARCH'
11, 16746, 53.198622169147846, 53.198622169147846, 'SEARCH'
11, 16747, 53.22559202606127, 53.22559202606127, 'SEARCH'
11, 16748, 53.224055482783434, 53.224055482783434, 'SEARCH'
11, 16749, 53.21357709937585, 53.21357709937585, 'SEARCH'
11, 16750, 53.23316889895189, 53.23316889895189, 'SEARCH'
11, 16751, 53.25742716807719, 53.25742716807719, 'SEARCH'
11, 16752, 53.28410585368081, 53.28410585368081, 'SEARCH'
11, 16753, 53.26372755224828, 53.26372755224828, 'SEARCH'
11, 16754, 53.29017095996439, 53.29017095996439, 'SEARCH'
11, 16755, 53.26709007746485, 53.26709007746485, 'SEARCH'
11, 16756, 53.29453859740329, 53.29453859740329, 'SEARCH'
11, 16757, 53.2983119404227, 53.2983119404227, 'SEARCH'
11, 16758, 53.271585268128945, 53.271585268128945, 'SEARCH'
11, 16759, 53.29748943336835, 53.29748943336835, 'SEARCH'
11, 16760, 53.32262721645452, 53.32262721645452, 'SEARCH'
11, 16761, 53.34886007050073, 53.34886007050073, 'SEARCH'
11, 16762, 53.32475129044969, 53.32475129044969, 'SEARCH'
11, 16763, 53.352415011685814, 53.352415011685814, 'SEARCH'
11, 16764, 53.332360913559704, 53.332360913559704, 'SEARCH'
11, 16765, 53.32053644255366, 53.32053644255366, 'SEARCH'
11, 16766, 53.310051214452876, 53.310051214452876, 'SEARCH'
11, 16767, 53.3274716009271, 53.3274716009271, 'SEARCH'
11, 16768, 53.34293683622057, 53.34293683622057, 'SEARCH'
11, 16769, 53.37068084529017, 53.37068084529017, 'SEARCH'
11, 16770, 53.35798483641812, 53.35798483641812, 'SEARCH'
11, 16771, 53.338281409709715, 53.338281409709715, 'SEARCH'
11, 16772, 53.34159049002832, 53.34159049002832, 'SEARCH'
11, 16773, 53.332476864003944, 53.332476864003944, 'SEARCH'
11, 16774, 53.34053433894974, 53.34053433894974, 'SEARCH'
11, 16775, 53.36711765508627, 53.36711765508627, 'SEARCH'
11, 16776, 53.344318891944724, 53.344318891944724, 'SEARCH'
11, 16777, 53.350974273631955, 53.350974273631955, 'SEARCH'
11, 16778, 53.32904486967962, 53.32904486967962, 'SEARCH'
11, 16779, 53.35459314040298, 53.35459314040298, 'SEARCH'
11, 16780, 53.37583168003691, 53.37583168003691, 'SEARCH'
11, 16781, 53.35223846974462, 53.35223846974462, 'SEARCH'
11, 16782, 53.377638000252105, 53.377638000252105, 'SEARCH'
11, 16783, 53.4014126453227, 53.4014126453227, 'SEARCH'
11, 16784, 53.38171698932652, 53.38171698932652, 'SEARCH'
11, 16785, 53.40949468944347, 53.40949468944347, 'SEARCH'
11, 16786, 53.43608099905495, 53.43608099905495, 'SEARCH'
11, 16787, 53.46364084301033, 53.46364084301033, 'SEARCH'
11, 16788, 53.4842177230472, 53.4842177230472, 'SEARCH'
11, 16789, 53.50869507885689, 53.50869507885689, 'SEARCH'
11, 16790, 53.53594096690007, 53.53594096690007, 'SEARCH'
11, 16791, 53.53872352588814, 53.53872352588814, 'SEARCH'
11, 16792, 53.56630848284334, 53.56630848284334, 'SEARCH'
11, 16793, 53.54068832923981, 53.54068832923981, 'SEARCH'
11, 16794, 53.565384461247284, 53.565384461247284, 'SEARCH'
11, 16795, 53.58996990736757, 53.58996990736757, 'SEARCH'
11, 16796, 53.59321817239482, 53.59321817239482, 'SEARCH'
11, 16797, 53.578795696635645, 53.578795696635645, 'SEARCH'
11, 16798, 53.604024043869536, 53.604024043869536, 'SEARCH'
11, 16799, 53.63151195742768, 53.63151195742768, 'SEARCH'
11, 16800, 53.61625903890715, 53.61625903890715, 'SEARCH'
11, 16801, 53.644024395406106, 53.644024395406106, 'SEARCH'
11, 16802, 53.62013730919631, 53.62013730919631, 'SEARCH'
11, 16803, 53.62996251779738, 53.62996251779738, 'SEARCH'
11, 16804, 53.651462326142045, 53.651462326142045, 'SEARCH'
11, 16805, 53.660368916481524, 53.660368916481524, 'SEARCH'
11, 16806, 53.653979536190974, 53.653979536190974, 'SEARCH'
11, 16807, 53.66335012705386, 53.66335012705386, 'SEARCH'
11, 16808, 53.64361080374285, 53.64361080374285, 'SEARCH'
11, 16809, 53.61902482590687, 53.61902482590687, 'SEARCH'
11, 16810, 53.62610205727801, 53.62610205727801, 'SEARCH'
11, 16811, 53.65057415018659, 53.65057415018659, 'SEARCH'
11, 16812, 53.625554031452644, 53.625554031452644, 'SEARCH'
11, 16813, 53.60330292768778, 53.60330292768778, 'SEARCH'
11, 16814, 53.629896045557274, 53.629896045557274, 'SEARCH'
11, 16815, 53.65110304717856, 53.65110304717856, 'SEARCH'
11, 16816, 53.675573941337966, 53.675573941337966, 'SEARCH'
11, 16817, 53.7020306618583, 53.7020306618583, 'SEARCH'
11, 16818, 53.67572194936297, 53.67572194936297, 'SEARCH'
11, 16819, 53.69660361915288, 53.69660361915288, 'SEARCH'
11, 16820, 53.68136500534757, 53.68136500534757, 'SEARCH'
11, 16821, 53.68027392311874, 53.68027392311874, 'SEARCH'
11, 16822, 53.70296063002931, 53.70296063002931, 'SEARCH'
11, 16823, 53.692890241471815, 53.692890241471815, 'SEARCH'
11, 16824, 53.70625525950207, 53.70625525950207, 'SEARCH'
11, 16825, 53.7340199902382, 53.7340199902382, 'SEARCH'
11, 16826, 53.70703633110899, 53.70703633110899, 'SEARCH'
11, 16827, 53.685375058042055, 53.685375058042055, 'SEARCH'
11, 16828, 53.669753620494554, 53.669753620494554, 'SEARCH'
11, 16829, 53.69423416936098, 53.69423416936098, 'SEARCH'
11, 16830, 53.710476462766906, 53.710476462766906, 'SEARCH'
11, 16831, 53.728618494729766, 53.728618494729766, 'SEARCH'
11, 16832, 53.720389596584575, 53.720389596584575, 'SEARCH'
11, 16833, 53.74610503946138, 53.74610503946138, 'SEARCH'
11, 16834, 53.71924446144378, 53.71924446144378, 'SEARCH'
11, 16835, 53.74372253303582, 53.74372253303582, 'SEARCH'
11, 16836, 53.72505377272801, 53.72505377272801, 'SEARCH'
11, 16837, 53.707495118229076, 53.707495118229076, 'SEARCH'
11, 16838, 53.73047357340397, 53.73047357340397, 'SEARCH'
11, 16839, 53.72272402173401, 53.72272402173401, 'SEARCH'
11, 16840, 53.70371400851251, 53.70371400851251, 'SEARCH'
11, 16841, 53.701213939127015, 53.701213939127015, 'SEARCH'
11, 16842, 53.71787152567973, 53.71787152567973, 'SEARCH'
11, 16843, 53.724516004899684, 53.724516004899684, 'SEARCH'
11, 16844, 53.697147031275605, 53.697147031275605, 'SEARCH'
11, 16845, 53.68237192411629, 53.68237192411629, 'SEARCH'
11, 16846, 53.65931195387614, 53.65931195387614, 'SEARCH'
11, 16847, 53.63476483050871, 53.63476483050871, 'SEARCH'
11, 16848, 53.63182871581241, 53.63182871581241, 'SEARCH'
11, 16849, 53.65110494018221, 53.65110494018221, 'SEARCH'
11, 16850, 53.62483001864551, 53.62483001864551, 'SEARCH'
11, 16851, 53.65108771334577, 53.65108771334577, 'SEARCH'
11, 16852, 53.678716414222265, 53.678716414222265, 'SEARCH'
11, 16853, 53.682541566632025, 53.682541566632025, 'SEARCH'
11, 16854, 53.683472305463035, 53.683472305463035, 'SEARCH'
11, 16855, 53.71121015708857, 53.71121015708857, 'SEARCH'
11, 16856, 53.71975027621429, 53.71975027621429, 'SEARCH'
11, 16857, 53.71728394917307, 53.71728394917307, 'SEARCH'
11, 16858, 53.7059486992888, 53.7059486992888, 'SEARCH'
11, 16859, 53.70301298116976, 53.70301298116976, 'SEARCH'
11, 16860, 53.67970179840127, 53.67970179840127, 'SEARCH'
11, 16861, 53.70665066673259, 53.70665066673259, 'SEARCH'
11, 16862, 53.73203726652387, 53.73203726652387, 'SEARCH'
11, 16863, 53.75977500299073, 53.75977500299073, 'SEARCH'
11, 16864, 53.753479513972145, 53.753479513972145, 'SEARCH'
11, 16865, 53.75343785769934, 53.75343785769934, 'SEARCH'
11, 16866, 53.7801499148437, 53.7801499148437, 'SEARCH'
11, 16867, 53.80592348831829, 53.80592348831829, 'SEARCH'
11, 16868, 53.77884394837077, 53.77884394837077, 'SEARCH'
11, 16869, 53.80642066184478, 53.80642066184478, 'SEARCH'
11, 16870, 53.791240675656915, 53.791240675656915, 'SEARCH'
11, 16871, 53.7807871489689, 53.7807871489689, 'SEARCH'
11, 16872, 53.76944904913543, 53.76944904913543, 'SEARCH'
11, 16873, 53.7766042387992, 53.7766042387992, 'SEARCH'
11, 16874, 53.802372211910324, 53.802372211910324, 'SEARCH'
11, 16875, 53.8298007299071, 53.8298007299071, 'SEARCH'
11, 16876, 53.854951982994635, 53.854951982994635, 'SEARCH'
11, 16877, 53.88049611409263, 53.88049611409263, 'SEARCH'
11, 16878, 53.881876373638114, 53.881876373638114, 'SEARCH'
11, 16879, 53.90681204420774, 53.90681204420774, 'SEARCH'
11, 16880, 53.889270077647495, 53.889270077647495, 'SEARCH'
11, 16881, 53.88248385147576, 53.88248385147576, 'SEARCH'
11, 16882, 53.90920247575216, 53.90920247575216, 'SEARCH'
11, 16883, 53.93219016123112, 53.93219016123112, 'SEARCH'
11, 16884, 53.95719179972595, 53.95719179972595, 'SEARCH'
11, 16885, 53.9541965617061, 53.9541965617061, 'SEARCH'
11, 16886, 53.946923154894286, 53.946923154894286, 'SEARCH'
11, 16887, 53.91964054788108, 53.91964054788108, 'SEARCH'
11, 16888, 53.901732951929134, 53.901732951929134, 'SEARCH'
11, 16889, 53.92935241901274, 53.92935241901274, 'SEARCH'
11, 16890, 53.92831418840814, 53.92831418840814, 'SEARCH'
11, 16891, 53.91784877207343, 53.91784877207343, 'SEARCH'
11, 16892, 53.94562649250768, 53.94562649250768, 'SEARCH'
11, 16893, 53.97290673440184, 53.97290673440184, 'SEARCH'
11, 16894, 54.00006089200623, 54.00006089200623, 'SEARCH'
11, 16895, 53.985677692314056, 53.985677692314056, 'SEARCH'
11, 16896, 53.96046869008396, 53.96046869008396, 'SEARCH'
11, 16897, 53.950450249690704, 53.950450249690704, 'SEARCH'
11, 16898, 53.9365089649832, 53.9365089649832, 'SEARCH'
11, 16899, 53.91752698982859, 53.91752698982859, 'SEARCH'
11, 16900, 53.944689240605896, 53.944689240605896, 'SEARCH'
11, 16901, 53.937919797194404, 53.937919797194404, 'SEARCH'
11, 16902, 53.922349991885035, 53.922349991885035, 'SEARCH'
11, 16903, 53.89716016523367, 53.89716016523367, 'SEARCH'
11, 16904, 53.90148309602382, 53.90148309602382, 'SEARCH'
11, 16905, 53.89150931785663, 53.89150931785663, 'SEARCH'
11, 16906, 53.91725968192731, 53.91725968192731, 'SEARCH'
11, 16907, 53.906833996726675, 53.906833996726675, 'SEARCH'
11, 16908, 53.93378992682062, 53.93378992682062, 'SEARCH'
11, 16909, 53.91249459756365, 53.91249459756365, 'SEARCH'
11, 16910, 53.90529147729148, 53.90529147729148, 'SEARCH'
11, 16911, 53.8948789327405, 53.8948789327405, 'SEARCH'
11, 16912, 53.89005601067219, 53.89005601067219, 'SEARCH'
11, 16913, 53.9174129303946, 53.9174129303946, 'SEARCH'
11, 16914, 53.942983965172594, 53.942983965172594, 'SEARCH'
11, 16915, 53.97024839540505, 53.97024839540505, 'SEARCH'
11, 16916, 53.99563518056358, 53.99563518056358, 'SEARCH'
11, 16917, 54.0013735095217, 54.0013735095217, 'SEARCH'
11, 16918, 54.006638265921275, 54.006638265921275, 'SEARCH'
11, 16919, 54.015189460200816, 54.015189460200816, 'SEARCH'
11, 16920, 54.04202947811, 54.04202947811, 'SEARCH'
11, 16921, 54.0673870844881, 54.0673870844881, 'SEARCH'
11, 16922, 54.05693093391727, 54.05693093391727, 'SEARCH'
11, 16923, 54.08456135184188, 54.08456135184188, 'SEARCH'
11, 16924, 54.0710437201532, 54.0710437201532, 'SEARCH'
11, 16925, 54.08446781127764, 54.08446781127764, 'SEARCH'
11, 16926, 54.11140812714932, 54.11140812714932, 'SEARCH'
11, 16927, 54.137185937493385, 54.137185937493385, 'SEARCH'
11, 16928, 54.164268044294204, 54.164268044294204, 'SEARCH'
11, 16929, 54.19131471343421, 54.19131471343421, 'SEARCH'
11, 16930, 54.21873552758724, 54.21873552758724, 'SEARCH'
11, 16931, 54.245884230866686, 54.245884230866686, 'SEARCH'
11, 16932, 54.23627535728264, 54.23627535728264, 'SEARCH'
11, 16933, 54.228515350081345, 54.228515350081345, 'SEARCH'
11, 16934, 54.2231163956157, 54.2231163956157, 'SEARCH'
11, 16935, 54.24984397652562, 54.24984397652562, 'SEARCH'
11, 16936, 54.26279082912134, 54.26279082912134, 'SEARCH'
11, 16937, 54.285759054333155, 54.285759054333155, 'SEARCH'
11, 16938, 54.30757718247208, 54.30757718247208, 'SEARCH'
11, 16939, 54.3209377355599, 54.3209377355599, 'SEARCH'
11, 16940, 54.29591740095717, 54.29591740095717, 'SEARCH'
11, 16941, 54.323008079214475, 54.323008079214475, 'SEARCH'
11, 16942, 54.29614514761708, 54.29614514761708, 'SEARCH'
11, 16943, 54.322947382302154, 54.322947382302154, 'SEARCH'
11, 16944, 54.34917207334778, 54.34917207334778, 'SEARCH'
11, 16945, 54.36617070525554, 54.36617070525554, 'SEARCH'
11, 16946, 54.37952003374337, 54.37952003374337, 'SEARCH'
11, 16947, 54.37986866931254, 54.37986866931254, 'SEARCH'
11, 16948, 54.38646032763144, 54.38646032763144, 'SEARCH'
11, 16949, 54.403458626196624, 54.403458626196624, 'SEARCH'
11, 16950, 54.428269674535194, 54.428269674535194, 'SEARCH'
11, 16951, 54.434375308615316, 54.434375308615316, 'SEARCH'
11, 16952, 54.46205966123396, 54.46205966123396, 'SEARCH'
11, 16953, 54.435593373427494, 54.435593373427494, 'SEARCH'
11, 16954, 54.46288805482049, 54.46288805482049, 'SEARCH'
11, 16955, 54.490184946155416, 54.490184946155416, 'SEARCH'
11, 16956, 54.465579906645154, 54.465579906645154, 'SEARCH'
11, 16957, 54.49173565461991, 54.49173565461991, 'SEARCH'
11, 16958, 54.46486120039712, 54.46486120039712, 'SEARCH'
11, 16959, 54.490491613616356, 54.490491613616356, 'SEARCH'
11, 16960, 54.5182219774871, 54.5182219774871, 'SEARCH'
11, 16961, 54.51039262486579, 54.51039262486579, 'SEARCH'
11, 16962, 54.4839215032046, 54.4839215032046, 'SEARCH'
11, 16963, 54.49809010338796, 54.49809010338796, 'SEARCH'
11, 16964, 54.521297311440414, 54.521297311440414, 'SEARCH'
11, 16965, 54.50602590409187, 54.50602590409187, 'SEARCH'
11, 16966, 54.52923442001341, 54.52923442001341, 'SEARCH'
11, 16967, 54.509817908614004, 54.509817908614004, 'SEARCH'
11, 16968, 54.48907023069408, 54.48907023069408, 'SEARCH'
11, 16969, 54.51640029739985, 54.51640029739985, 'SEARCH'
11, 16970, 54.53726156103832, 54.53726156103832, 'SEARCH'
11, 16971, 54.51336822916452, 54.51336822916452, 'SEARCH'
11, 16972, 54.524971221946124, 54.524971221946124, 'SEARCH'
11, 16973, 54.550481276666034, 54.550481276666034, 'SEARCH'
11, 16974, 54.53402455530529, 54.53402455530529, 'SEARCH'
11, 16975, 54.55285883924917, 54.55285883924917, 'SEARCH'
11, 16976, 54.563120778035156, 54.563120778035156, 'SEARCH'
11, 16977, 54.59064941363958, 54.59064941363958, 'SEARCH'
11, 16978, 54.58806190177397, 54.58806190177397, 'SEARCH'
11, 16979, 54.5606784526507, 54.5606784526507, 'SEARCH'
11, 16980, 54.53679127392725, 54.53679127392725, 'SEARCH'
11, 16981, 54.56449140107946, 54.56449140107946, 'SEARCH'
11, 16982, 54.57653400404479, 54.57653400404479, 'SEARCH'
11, 16983, 54.596410772197544, 54.596410772197544, 'SEARCH'
11, 16984, 54.59528555366914, 54.59528555366914, 'SEARCH'
11, 16985, 54.62052435911892, 54.62052435911892, 'SEARCH'
11, 16986, 54.644249968506514, 54.644249968506514, 'SEARCH'
11, 16987, 54.61964378909124, 54.61964378909124, 'SEARCH'
11, 16988, 54.59600299420786, 54.59600299420786, 'SEARCH'
11, 16989, 54.6221555380347, 54.6221555380347, 'SEARCH'
11, 16990, 54.647191472811535, 54.647191472811535, 'SEARCH'
11, 16991, 54.62119774933181, 54.62119774933181, 'SEARCH'
11, 16992, 54.616217425873884, 54.616217425873884, 'SEARCH'
11, 16993, 54.609819621798714, 54.609819621798714, 'SEARCH'
11, 16994, 54.58814029948005, 54.58814029948005, 'SEARCH'
11, 16995, 54.561401672350236, 54.561401672350236, 'SEARCH'
11, 16996, 54.58060911723982, 54.58060911723982, 'SEARCH'
11, 16997, 54.58767493370588, 54.58767493370588, 'SEARCH'
11, 16998, 54.612031156921574, 54.612031156921574, 'SEARCH'
11, 16999, 54.632251594122046, 54.632251594122046, 'SEARCH'
11, 17000, 54.63693291447115, 54.63693291447115, 'SEARCH'
11, 17001, 54.66471032799809, 54.66471032799809, 'SEARCH'
11, 17002, 54.66697816890347, 54.66697816890347, 'SEARCH'
11, 17003, 54.63977650103387, 54.63977650103387, 'SEARCH'
11, 17004, 54.62144835419111, 54.62144835419111, 'SEARCH'
11, 17005, 54.647594367337824, 54.647594367337824, 'SEARCH'
11, 17006, 54.630765681082174, 54.630765681082174, 'SEARCH'
11, 17007, 54.607140272178796, 54.607140272178796, 'SEARCH'
11, 17008, 54.621345733203235, 54.621345733203235, 'SEARCH'
11, 17009, 54.628418994396654, 54.628418994396654, 'SEARCH'
11, 17010, 54.61401040604918, 54.61401040604918, 'SEARCH'
11, 17011, 54.62738134593487, 54.62738134593487, 'SEARCH'
11, 17012, 54.64694416802971, 54.64694416802971, 'SEARCH'
11, 17013, 54.67380541048716, 54.67380541048716, 'SEARCH'
11, 17014, 54.700899945653276, 54.700899945653276, 'SEARCH'
11, 17015, 54.68368734512807, 54.68368734512807, 'SEARCH'
11, 17016, 54.71141991039299, 54.71141991039299, 'SEARCH'
11, 17017, 54.68915048732694, 54.68915048732694, 'SEARCH'
11, 17018, 54.66317132222862, 54.66317132222862, 'SEARCH'
11, 17019, 54.63755587502246, 54.63755587502246, 'SEARCH'
11, 17020, 54.665192339218, 54.665192339218, 'SEARCH'
11, 17021, 54.691861388901174, 54.691861388901174, 'SEARCH'
11, 17022, 54.681787770520394, 54.681787770520394, 'SEARCH'
11, 17023, 54.665363873529685, 54.665363873529685, 'SEARCH'
11, 17024, 54.639064068353285, 54.639064068353285, 'SEARCH'
11, 17025, 54.665296691785514, 54.665296691785514, 'SEARCH'
11, 17026, 54.692223354458726, 54.692223354458726, 'SEARCH'
11, 17027, 54.71571815068207, 54.71571815068207, 'SEARCH'
11, 17028, 54.70610085848898, 54.70610085848898, 'SEARCH'
11, 17029, 54.721537315844095, 54.721537315844095, 'SEARCH'
11, 17030, 54.70181120241915, 54.70181120241915, 'SEARCH'
11, 17031, 54.72905775105522, 54.72905775105522, 'SEARCH'
11, 17032, 54.74024734390335, 54.74024734390335, 'SEARCH'
11, 17033, 54.713265983759676, 54.713265983759676, 'SEARCH'
11, 17034, 54.71267374140026, 54.71267374140026, 'SEARCH'
11, 17035, 54.68538683956563, 54.68538683956563, 'SEARCH'
11, 17036, 54.70751630102457, 54.70751630102457, 'SEARCH'
11, 17037, 54.725666358853466, 54.725666358853466, 'SEARCH'
11, 17038, 54.718847339887056, 54.718847339887056, 'SEARCH'
11, 17039, 54.73180410673784, 54.73180410673784, 'SEARCH'
11, 17040, 54.75137733496574, 54.75137733496574, 'SEARCH'
11, 17041, 54.76213693919728, 54.76213693919728, 'SEARCH'
11, 17042, 54.789839696599046, 54.789839696599046, 'SEARCH'
11, 17043, 54.76310679539392, 54.76310679539392, 'SEARCH'
11, 17044, 54.78580253921578, 54.78580253921578, 'SEARCH'
11, 17045, 54.80903953654919, 54.80903953654919, 'SEARCH'
11, 17046, 54.80505862403901, 54.80505862403901, 'SEARCH'
11, 17047, 54.82392214972837, 54.82392214972837, 'SEARCH'
11, 17048, 54.849895996618855, 54.849895996618855, 'SEARCH'
11, 17049, 54.84305229454875, 54.84305229454875, 'SEARCH'
11, 17050, 54.86328522377934, 54.86328522377934, 'SEARCH'
11, 17051, 54.89074047193167, 54.89074047193167, 'SEARCH'
11, 17052, 54.87631547501258, 54.87631547501258, 'SEARCH'
11, 17053, 54.89620749675737, 54.89620749675737, 'SEARCH'
11, 17054, 54.873376598469314, 54.873376598469314, 'SEARCH'
11, 17055, 54.853648510093976, 54.853648510093976, 'SEARCH'
11, 17056, 54.869490107029876, 54.869490107029876, 'SEARCH'
11, 17057, 54.868406523445834, 54.868406523445834, 'SEARCH'
11, 17058, 54.87264363745069, 54.87264363745069, 'SEARCH'
11, 17059, 54.849030090124344, 54.849030090124344, 'SEARCH'
11, 17060, 54.87618091339242, 54.87618091339242, 'SEARCH'
11, 17061, 54.85937958263515, 54.85937958263515, 'SEARCH'
11, 17062, 54.867872731169236, 54.867872731169236, 'SEARCH'
11, 17063, 54.844013822248456, 54.844013822248456, 'SEARCH'
11, 17064, 54.871296901693675, 54.871296901693675, 'SEARCH'
11, 17065, 54.89774431385733, 54.89774431385733, 'SEARCH'
11, 17066, 54.87194921149387, 54.87194921149387, 'SEARCH'
11, 17067, 54.86466815653557, 54.86466815653557, 'SEARCH'
11, 17068, 54.83822291612866, 54.83822291612866, 'SEARCH'
11, 17069, 54.86435119580175, 54.86435119580175, 'SEARCH'
11, 17070, 54.879811447470445, 54.879811447470445, 'SEARCH'
11, 17071, 54.85524262066189, 54.85524262066189, 'SEARCH'
11, 17072, 54.88269058666613, 54.88269058666613, 'SEARCH'
11, 17073, 54.909367154798204, 54.909367154798204, 'SEARCH'
11, 17074, 54.8914348949564, 54.8914348949564, 'SEARCH'
11, 17075, 54.91600334167952, 54.91600334167952, 'SEARCH'
11, 17076, 54.94356141747494, 54.94356141747494, 'SEARCH'
11, 17077, 54.91854545058817, 54.91854545058817, 'SEARCH'
11, 17078, 54.894935199119146, 54.894935199119146, 'SEARCH'
11, 17079, 54.92027518741868, 54.92027518741868, 'SEARCH'
11, 17080, 54.94746611603395, 54.94746611603395, 'SEARCH'
11, 17081, 54.962092642662284, 54.962092642662284, 'SEARCH'
11, 17082, 54.952486313860206, 54.952486313860206, 'SEARCH'
11, 17083, 54.96234319584361, 54.96234319584361, 'SEARCH'
11, 17084, 54.93496940751897, 54.93496940751897, 'SEARCH'
11, 17085, 54.91817841777267, 54.91817841777267, 'SEARCH'
11, 17086, 54.945150855187954, 54.945150855187954, 'SEARCH'
11, 17087, 54.94023416758305, 54.94023416758305, 'SEARCH'
11, 17088, 54.94304982409295, 54.94304982409295, 'SEARCH'
11, 17089, 54.95201261754622, 54.95201261754622, 'SEARCH'
11, 17090, 54.96143311004237, 54.96143311004237, 'SEARCH'
11, 17091, 54.9458294476021, 54.9458294476021, 'SEARCH'
11, 17092, 54.92104526539832, 54.92104526539832, 'SEARCH'
11, 17093, 54.89720280805304, 54.89720280805304, 'SEARCH'
11, 17094, 54.913094069551555, 54.913094069551555, 'SEARCH'
11, 17095, 54.886659272504524, 54.886659272504524, 'SEARCH'
11, 17096, 54.870298501806865, 54.870298501806865, 'SEARCH'
11, 17097, 54.89216859799918, 54.89216859799918, 'SEARCH'
11, 17098, 54.918258290968524, 54.918258290968524, 'SEARCH'
11, 17099, 54.90647619473819, 54.90647619473819, 'SEARCH'
11, 17100, 54.933188445471245, 54.933188445471245, 'SEARCH'
11, 17101, 54.9168200441417, 54.9168200441417, 'SEARCH'
11, 17102, 54.94009441107541, 54.94009441107541, 'SEARCH'
11, 17103, 54.9547737273995, 54.9547737273995, 'SEARCH'
11, 17104, 54.97692760822788, 54.97692760822788, 'SEARCH'
11, 17105, 54.99398411412626, 54.99398411412626, 'SEARCH'
11, 17106, 55.01989491791838, 55.01989491791838, 'SEARCH'
11, 17107, 55.007654524841826, 55.007654524841826, 'SEARCH'
11, 17108, 55.03446978507056, 55.03446978507056, 'SEARCH'
11, 17109, 55.06025172190061, 55.06025172190061, 'SEARCH'
11, 17110, 55.035040977448496, 55.035040977448496, 'SEARCH'
11, 17111, 55.053574451345995, 55.053574451345995, 'SEARCH'
11, 17112, 55.049153434295505, 55.049153434295505, 'SEARCH'
11, 17113, 55.07371277988805, 55.07371277988805, 'SEARCH'
11, 17114, 55.085376994279564, 55.085376994279564, 'SEARCH'
11, 17115, 55.11097927293396, 55.11097927293396, 'SEARCH'
11, 17116, 55.13875433634035, 55.13875433634035, 'SEARCH'
11, 17117, 55.149953539355316, 55.149953539355316, 'SEARCH'
11, 17118, 55.143598556813544, 55.143598556813544, 'SEARCH'
11, 17119, 55.17118157146109, 55.17118157146109, 'SEARCH'
11, 17120, 55.19670616614754, 55.19670616614754, 'SEARCH'
11, 17121, 55.224122324516244, 55.224122324516244, 'SEARCH'
11, 17122, 55.20101845156425, 55.20101845156425, 'SEARCH'
11, 17123, 55.17905403614411, 55.17905403614411, 'SEARCH'
11, 17124, 55.16038502025398, 55.16038502025398, 'SEARCH'
11, 17125, 55.185394997841094, 55.185394997841094, 'SEARCH'
11, 17126, 55.21305708531054, 55.21305708531054, 'SEARCH'
11, 17127, 55.23456661612711, 55.23456661612711, 'SEARCH'
11, 17128, 55.23878373002145, 55.23878373002145, 'SEARCH'
11, 17129, 55.25128089094104, 55.25128089094104, 'SEARCH'
11, 17130, 55.225302160555884, 55.225302160555884, 'SEARCH'
11, 17131, 55.25197155020976, 55.25197155020976, 'SEARCH'
11, 17132, 55.259971852200614, 55.259971852200614, 'SEARCH'
11, 17133, 55.28670800077083, 55.28670800077083, 'SEARCH'
11, 17134, 55.28511597331372, 55.28511597331372, 'SEARCH'
11, 17135, 55.31203601300973, 55.31203601300973, 'SEARCH'
11, 17136, 55.308027575176624, 55.308027575176624, 'SEARCH'
11, 17137, 55.33494650019396, 55.33494650019396, 'SEARCH'
11, 17138, 55.32668317143085, 55.32668317143085, 'SEARCH'
11, 17139, 55.354209876354766, 55.354209876354766, 'SEARCH'
11, 17140, 55.38198567516952, 55.38198567516952, 'SEARCH'
11, 17141, 55.365524994852564, 55.365524994852564, 'SEARCH'
11, 17142, 55.38701469253789, 55.38701469253789, 'SEARCH'
11, 17143, 55.38733831020087, 55.38733831020087, 'SEARCH'
11, 17144, 55.413494191663716, 55.413494191663716, 'SEARCH'
11, 17145, 55.41477848554052, 55.41477848554052, 'SEARCH'
11, 17146, 55.43530995202143, 55.43530995202143, 'SEARCH'
11, 17147, 55.41455239627218, 55.41455239627218, 'SEARCH'
11, 17148, 55.442307198950985, 55.442307198950985, 'SEARCH'
11, 17149, 55.465509520030714, 55.465509520030714, 'SEARCH'
11, 17150, 55.49241818583943, 55.49241818583943, 'SEARCH'
11, 17151, 55.47164862881347, 55.47164862881347, 'SEARCH'
11, 17152, 55.46522640537161, 55.46522640537161, 'SEARCH'
11, 17153, 55.490473579406654, 55.490473579406654, 'SEARCH'
11, 17154, 55.46447542424022, 55.46447542424022, 'SEARCH'
11, 17155, 55.49188388374386, 55.49188388374386, 'SEARCH'
11, 17156, 55.48451843052703, 55.48451843052703, 'SEARCH'
11, 17157, 55.50186308361913, 55.50186308361913, 'SEARCH'
11, 17158, 55.51431393523386, 55.51431393523386, 'SEARCH'
11, 17159, 55.498631226241066, 55.498631226241066, 'SEARCH'
11, 17160, 55.525624643273225, 55.525624643273225, 'SEARCH'
11, 17161, 55.50392245688954, 55.50392245688954, 'SEARCH'
11, 17162, 55.53067085121888, 55.53067085121888, 'SEARCH'
11, 17163, 55.51662307226221, 55.51662307226221, 'SEARCH'
11, 17164, 55.543923182430056, 55.543923182430056, 'SEARCH'
11, 17165, 55.57167203303326, 55.57167203303326, 'SEARCH'
11, 17166, 55.54519305876806, 55.54519305876806, 'SEARCH'
11, 17167, 55.57049306514146, 55.57049306514146, 'SEARCH'
11, 17168, 55.545654877943036, 55.545654877943036, 'SEARCH'
11, 17169, 55.55589106781565, 55.55589106781565, 'SEARCH'
11, 17170, 55.53864547508286, 55.53864547508286, 'SEARCH'
11, 17171, 55.51265143293658, 55.51265143293658, 'SEARCH'
11, 17172, 55.534739314071274, 55.534739314071274, 'SEARCH'
11, 17173, 55.55934338331195, 55.55934338331195, 'SEARCH'
11, 17174, 55.55916428038986, 55.55916428038986, 'SEARCH'
11, 17175, 55.58313268363085, 55.58313268363085, 'SEARCH'
11, 17176, 55.61085495527879, 55.61085495527879, 'SEARCH'
11, 17177, 55.58346597654221, 55.58346597654221, 'SEARCH'
11, 17178, 55.569419231036704, 55.569419231036704, 'SEARCH'
11, 17179, 55.594247426976125, 55.594247426976125, 'SEARCH'
11, 17180, 55.584119805799666, 55.584119805799666, 'SEARCH'
11, 17181, 55.60069505783844, 55.60069505783844, 'SEARCH'
11, 17182, 55.57407871536588, 55.57407871536588, 'SEARCH'
11, 17183, 55.5852230951045, 55.5852230951045, 'SEARCH'
11, 17184, 55.598965298220875, 55.598965298220875, 'SEARCH'
11, 17185, 55.58061250919896, 55.58061250919896, 'SEARCH'
11, 17186, 55.5670057158131, 55.5670057158131, 'SEARCH'
11, 17187, 55.540852030943825, 55.540852030943825, 'SEARCH'
11, 17188, 55.567071236174556, 55.567071236174556, 'SEARCH'
11, 17189, 55.593122913087996, 55.593122913087996, 'SEARCH'
11, 17190, 55.56651327563813, 55.56651327563813, 'SEARCH'
11, 17191, 55.583881652992794, 55.583881652992794, 'SEARCH'
11, 17192, 55.55975127946583, 55.55975127946583, 'SEARCH'
11, 17193, 55.58713040162553, 55.58713040162553, 'SEARCH'
11, 17194, 55.61442584624979, 55.61442584624979, 'SEARCH'
11, 17195, 55.64180919876217, 55.64180919876217, 'SEARCH'
11, 17196, 55.66901561799613, 55.66901561799613, 'SEARCH'
11, 17197, 55.68886716255527, 55.68886716255527, 'SEARCH'
11, 17198, 55.71503486286264, 55.71503486286264, 'SEARCH'
11, 17199, 55.69491134553932, 55.69491134553932, 'SEARCH'
11, 17200, 55.70778119053268, 55.70778119053268, 'SEARCH'
11, 17201, 55.71617921153443, 55.71617921153443, 'SEARCH'
11, 17202, 55.74390805095028, 55.74390805095028, 'SEARCH'
11, 17203, 55.75761778746219, 55.75761778746219, 'SEARCH'
11, 17204, 55.75692440228896, 55.75692440228896, 'SEARCH'
11, 17205, 55.782602370597225, 55.782602370597225, 'SEARCH'
11, 17206, 55.81029224063152, 55.81029224063152, 'SEARCH'
11, 17207, 55.79579246462278, 55.79579246462278, 'SEARCH'
11, 17208, 55.823269022547194, 55.823269022547194, 'SEARCH'
11, 17209, 55.81265292313157, 55.81265292313157, 'SEARCH'
11, 17210, 55.82592816090765, 55.82592816090765, 'SEARCH'
11, 17211, 55.81269282846576, 55.81269282846576, 'SEARCH'
11, 17212, 55.78547893831624, 55.78547893831624, 'SEARCH'
11, 17213, 55.764703720663945, 55.764703720663945, 'SEARCH'
11, 17214, 55.74901619736488, 55.74901619736488, 'SEARCH'
11, 17215, 55.776746121778814, 55.776746121778814, 'SEARCH'
11, 17216, 55.80349906456082, 55.80349906456082, 'SEARCH'
11, 17217, 55.81416753762829, 55.81416753762829, 'SEARCH'
11, 17218, 55.841702306660984, 55.841702306660984, 'SEARCH'
11, 17219, 55.86718748810654, 55.86718748810654, 'SEARCH'
11, 17220, 55.89483919458535, 55.89483919458535, 'SEARCH'
11, 17221, 55.89508895218554, 55.89508895218554, 'SEARCH'
11, 17222, 55.86890831734238, 55.86890831734238, 'SEARCH'
11, 17223, 55.861042358331346, 55.861042358331346, 'SEARCH'
11, 17224, 55.8738969940425, 55.8738969940425, 'SEARCH'
11, 17225, 55.86419722143713, 55.86419722143713, 'SEARCH'
11, 17226, 55.87212331478436, 55.87212331478436, 'SEARCH'
11, 17227, 55.89699999673841, 55.89699999673841, 'SEARCH'
11, 17228, 55.91393391482277, 55.91393391482277, 'SEARCH'
11, 17229, 55.91468718046862, 55.91468718046862, 'SEARCH'
11, 17230, 55.893272330650774, 55.893272330650774, 'SEARCH'
11, 17231, 55.90166550807498, 55.90166550807498, 'SEARCH'
11, 17232, 55.89664535250907, 55.89664535250907, 'SEARCH'
11, 17233, 55.894998559438164, 55.894998559438164, 'SEARCH'
11, 17234, 55.867789270576786, 55.867789270576786, 'SEARCH'
11, 17235, 55.88764860045349, 55.88764860045349, 'SEARCH'
11, 17236, 55.888436943442635, 55.888436943442635, 'SEARCH'
11, 17237, 55.91443270592436, 55.91443270592436, 'SEARCH'
11, 17238, 55.937888317314744, 55.937888317314744, 'SEARCH'
11, 17239, 55.919881865549314, 55.919881865549314, 'SEARCH'
11, 17240, 55.94591994077136, 55.94591994077136, 'SEARCH'
11, 17241, 55.953853033877735, 55.953853033877735, 'SEARCH'
11, 17242, 55.95462649936577, 55.95462649936577, 'SEARCH'
11, 17243, 55.97514039817461, 55.97514039817461, 'SEARCH'
11, 17244, 55.976396274330924, 55.976396274330924, 'SEARCH'
11, 17245, 56.003861793952346, 56.003861793952346, 'SEARCH'
11, 17246, 56.03088030220706, 56.03088030220706, 'SEARCH'
11, 17247, 56.02679873296341, 56.02679873296341, 'SEARCH'
11, 17248, 56.05420058715406, 56.05420058715406, 'SEARCH'
11, 17249, 56.07564685668546, 56.07564685668546, 'SEARCH'
11, 17250, 56.05453265749402, 56.05453265749402, 'SEARCH'
11, 17251, 56.04437504531415, 56.04437504531415, 'SEARCH'
11, 17252, 56.036517556961506, 56.036517556961506, 'SEARCH'
11, 17253, 56.044445986134185, 56.044445986134185, 'SEARCH'
11, 17254, 56.02078323738628, 56.02078323738628, 'SEARCH'
11, 17255, 56.04855286138984, 56.04855286138984, 'SEARCH'
11, 17256, 56.04738322996178, 56.04738322996178, 'SEARCH'
11, 17257, 56.07468727762261, 56.07468727762261, 'SEARCH'
11, 17258, 56.10017474830338, 56.10017474830338, 'SEARCH'
11, 17259, 56.102861630198824, 56.102861630198824, 'SEARCH'
11, 17260, 56.07652812630069, 56.07652812630069, 'SEARCH'
11, 17261, 56.074389317841224, 56.074389317841224, 'SEARCH'
11, 17262, 56.09055739597266, 56.09055739597266, 'SEARCH'
11, 17263, 56.07111798372547, 56.07111798372547, 'SEARCH'
11, 17264, 56.09850582241513, 56.09850582241513, 'SEARCH'
11, 17265, 56.08791391005302, 56.08791391005302, 'SEARCH'
11, 17266, 56.07470347606353, 56.07470347606353, 'SEARCH'
11, 17267, 56.050091900354175, 56.050091900354175, 'SEARCH'
11, 17268, 56.02393172465998, 56.02393172465998, 'SEARCH'
11, 17269, 56.05152112567216, 56.05152112567216, 'SEARCH'
11, 17270, 56.03584774500573, 56.03584774500573, 'SEARCH'
11, 17271, 56.01900396101572, 56.01900396101572, 'SEARCH'
11, 17272, 55.992540342405405, 55.992540342405405, 'SEARCH'
11, 17273, 55.97314734472628, 55.97314734472628, 'SEARCH'
11, 17274, 55.99773134314326, 55.99773134314326, 'SEARCH'
11, 17275, 56.02545062715079, 56.02545062715079, 'SEARCH'
11, 17276, 56.04754509605561, 56.04754509605561, 'SEARCH'
11, 17277, 56.04114468527372, 56.04114468527372, 'SEARCH'
11, 17278, 56.01858486949653, 56.01858486949653, 'SEARCH'
11, 17279, 56.0463623131496, 56.0463623131496, 'SEARCH'
11, 17280, 56.07117955342991, 56.07117955342991, 'SEARCH'
11, 17281, 56.07392253456089, 56.07392253456089, 'SEARCH'
11, 17282, 56.04717762942117, 56.04717762942117, 'SEARCH'
11, 17283, 56.07431782238464, 56.07431782238464, 'SEARCH'
11, 17284, 56.06558548145383, 56.06558548145383, 'SEARCH'
11, 17285, 56.0407683298967, 56.0407683298967, 'SEARCH'
11, 17286, 56.06729246479848, 56.06729246479848, 'SEARCH'
11, 17287, 56.06520940162778, 56.06520940162778, 'SEARCH'
11, 17288, 56.078553318212705, 56.078553318212705, 'SEARCH'
11, 17289, 56.062902249724665, 56.062902249724665, 'SEARCH'
11, 17290, 56.090541336756864, 56.090541336756864, 'SEARCH'
11, 17291, 56.11234119883372, 56.11234119883372, 'SEARCH'
11, 17292, 56.113643628206, 56.113643628206, 'SEARCH'
11, 17293, 56.11736322045442, 56.11736322045442, 'SEARCH'
11, 17294, 56.11915623698799, 56.11915623698799, 'SEARCH'
11, 17295, 56.11949965885777, 56.11949965885777, 'SEARCH'
11, 17296, 56.11984734349806, 56.11984734349806, 'SEARCH'
11, 17297, 56.11584990671973, 56.11584990671973, 'SEARCH'
11, 17298, 56.096813041072, 56.096813041072, 'SEARCH'
11, 17299, 56.123793295454654, 56.123793295454654, 'SEARCH'
11, 17300, 56.125603207285536, 56.125603207285536, 'SEARCH'
11, 17301, 56.10305759193717, 56.10305759193717, 'SEARCH'
11, 17302, 56.12602368892175, 56.12602368892175, 'SEARCH'
11, 17303, 56.15379906520444, 56.15379906520444, 'SEARCH'
11, 17304, 56.18132456607575, 56.18132456607575, 'SEARCH'
11, 17305, 56.153944023366314, 56.153944023366314, 'SEARCH'
11, 17306, 56.14851438517785, 56.14851438517785, 'SEARCH'
11, 17307, 56.17627932615051, 56.17627932615051, 'SEARCH'
11, 17308, 56.1594525572157, 56.1594525572157, 'SEARCH'
11, 17309, 56.137192289012894, 56.137192289012894, 'SEARCH'
11, 17310, 56.16399382551558, 56.16399382551558, 'SEARCH'
11, 17311, 56.150842903482825, 56.150842903482825, 'SEARCH'
11, 17312, 56.1624779599129, 56.1624779599129, 'SEARCH'
11, 17313, 56.13574446123477, 56.13574446123477, 'SEARCH'
11, 17314, 56.13322083367621, 56.13322083367621, 'SEARCH'
11, 17315, 56.129738837874854, 56.129738837874854, 'SEARCH'
11, 17316, 56.13915335575212, 56.13915335575212, 'SEARCH'
11, 17317, 56.13002332174606, 56.13002332174606, 'SEARCH'
11, 17318, 56.12800263405683, 56.12800263405683, 'SEARCH'
11, 17319, 56.131310601282635, 56.131310601282635, 'SEARCH'
11, 17320, 56.15190332445359, 56.15190332445359, 'SEARCH'
11, 17321, 56.14053105702817, 56.14053105702817, 'SEARCH'
11, 17322, 56.16593648734678, 56.16593648734678, 'SEARCH'
11, 17323, 56.164397752412896, 56.164397752412896, 'SEARCH'
11, 17324, 56.15619991768774, 56.15619991768774, 'SEARCH'
11, 17325, 56.18348098193249, 56.18348098193249, 'SEARCH'
11, 17326, 56.19470149893587, 56.19470149893587, 'SEARCH'
11, 17327, 56.200866369953346, 56.200866369953346, 'SEARCH'
11, 17328, 56.22791310993499, 56.22791310993499, 'SEARCH'
11, 17329, 56.2425520822743, 56.2425520822743, 'SEARCH'
11, 17330, 56.23858897264664, 56.23858897264664, 'SEARCH'
11, 17331, 56.26567534533931, 56.26567534533931, 'SEARCH'
11, 17332, 56.28230837928158, 56.28230837928158, 'SEARCH'
11, 17333, 56.30976100102953, 56.30976100102953, 'SEARCH'
11, 17334, 56.30770167620826, 56.30770167620826, 'SEARCH'
11, 17335, 56.31799923880283, 56.31799923880283, 'SEARCH'
11, 17336, 56.344061551458815, 56.344061551458815, 'SEARCH'
11, 17337, 56.3280248510468, 56.3280248510468, 'SEARCH'
11, 17338, 56.3468840066331, 56.3468840066331, 'SEARCH'
11, 17339, 56.32352164468934, 56.32352164468934, 'SEARCH'
11, 17340, 56.32535099008172, 56.32535099008172, 'SEARCH'
11, 17341, 56.30597958493809, 56.30597958493809, 'SEARCH'
11, 17342, 56.32103037243191, 56.32103037243191, 'SEARCH'
11, 17343, 56.31143967770577, 56.31143967770577, 'SEARCH'
11, 17344, 56.33872364851071, 56.33872364851071, 'SEARCH'
11, 17345, 56.332849994985395, 56.332849994985395, 'SEARCH'
11, 17346, 56.31383730776441, 56.31383730776441, 'SEARCH'
11, 17347, 56.324167277043344, 56.324167277043344, 'SEARCH'
11, 17348, 56.31643176335976, 56.31643176335976, 'SEARCH'
11, 17349, 56.319743251622874, 56.319743251622874, 'SEARCH'
11, 17350, 56.33314776511474, 56.33314776511474, 'SEARCH'
11, 17351, 56.35763954146411, 56.35763954146411, 'SEARCH'
11, 17352, 56.33828434531161, 56.33828434531161, 'SEARCH'
11, 17353, 56.34351553174656, 56.34351553174656, 'SEARCH'
11, 17354, 56.371013396125385, 56.371013396125385, 'SEARCH'
11, 17355, 56.37190284177695, 56.37190284177695, 'SEARCH'
11, 17356, 56.38268657190811, 56.38268657190811, 'SEARCH'
11, 17357, 56.37311406365042, 56.37311406365042, 'SEARCH'
11, 17358, 56.382550676893345, 56.382550676893345, 'SEARCH'
11, 17359, 56.41029386291252, 56.41029386291252, 'SEARCH'
11, 17360, 56.43748131387482, 56.43748131387482, 'SEARCH'
11, 17361, 56.46441106951395, 56.46441106951395, 'SEARCH'
11, 17362, 56.441323632137795, 56.441323632137795, 'SEARCH'
11, 17363, 56.46190477364888, 56.46190477364888, 'SEARCH'
11, 17364, 56.48963915770276, 56.48963915770276, 'SEARCH'
11, 17365, 56.513880269421335, 56.513880269421335, 'SEARCH'
11, 17366, 56.53846247492606, 56.53846247492606, 'SEARCH'
11, 17367, 56.54026768589341, 56.54026768589341, 'SEARCH'
11, 17368, 56.52668800159194, 56.52668800159194, 'SEARCH'
11, 17369, 56.50472576796302, 56.50472576796302, 'SEARCH'
11, 17370, 56.49604099108773, 56.49604099108773, 'SEARCH'
11, 17371, 56.52341360658074, 56.52341360658074, 'SEARCH'
11, 17372, 56.522817657155215, 56.522817657155215, 'SEARCH'
11, 17373, 56.54551069860996, 56.54551069860996, 'SEARCH'
11, 17374, 56.53194411088397, 56.53194411088397, 'SEARCH'
11, 17375, 56.55874829327021, 56.55874829327021, 'SEARCH'
11, 17376, 56.562500361150654, 56.562500361150654, 'SEARCH'
11, 17377, 56.58306806469557, 56.58306806469557, 'SEARCH'
11, 17378, 56.596431276120974, 56.596431276120974, 'SEARCH'
11, 17379, 56.62416441488391, 56.62416441488391, 'SEARCH'
11, 17380, 56.63444678744592, 56.63444678744592, 'SEARCH'
11, 17381, 56.66222424492348, 56.66222424492348, 'SEARCH'
11, 17382, 56.63591265898685, 56.63591265898685, 'SEARCH'
11, 17383, 56.66072275130103, 56.66072275130103, 'SEARCH'
11, 17384, 56.634411197100874, 56.634411197100874, 'SEARCH'
11, 17385, 56.626163153901594, 56.626163153901594, 'SEARCH'
11, 17386, 56.6525426864145, 56.6525426864145, 'SEARCH'
11, 17387, 56.67957783428001, 56.67957783428001, 'SEARCH'
11, 17388, 56.70649472973135, 56.70649472973135, 'SEARCH'
11, 17389, 56.73296119640323, 56.73296119640323, 'SEARCH'
11, 17390, 56.76019549161572, 56.76019549161572, 'SEARCH'
11, 17391, 56.78772773687083, 56.78772773687083, 'SEARCH'
11, 17392, 56.81450771258876, 56.81450771258876, 'SEARCH'
11, 17393, 56.82693407245575, 56.82693407245575, 'SEARCH'
11, 17394, 56.85424047418406, 56.85424047418406, 'SEARCH'
11, 17395, 56.879303333128405, 56.879303333128405, 'SEARCH'
11, 17396, 56.884372683937876, 56.884372683937876, 'SEARCH'
11, 17397, 56.91038803212471, 56.91038803212471, 'SEARCH'
11, 17398, 56.91159568701762, 56.91159568701762, 'SEARCH'
11, 17399, 56.90701097854351, 56.90701097854351, 'SEARCH'
11, 17400, 56.92069505985131, 56.92069505985131, 'SEARCH'
11, 17401, 56.94576865782552, 56.94576865782552, 'SEARCH'
11, 17402, 56.95986228629064, 56.95986228629064, 'SEARCH'
11, 17403, 56.94833576267944, 56.94833576267944, 'SEARCH'
11, 17404, 56.96029567352067, 56.96029567352067, 'SEARCH'
11, 17405, 56.96440148280345, 56.96440148280345, 'SEARCH'
11, 17406, 56.984552543105096, 56.984552543105096, 'SEARCH'
11, 17407, 56.99290207481703, 56.99290207481703, 'SEARCH'
11, 17408, 56.98879319225388, 56.98879319225388, 'SEARCH'
11, 17409, 57.0127289914962, 57.0127289914962, 'SEARCH'
11, 17410, 57.02424328707836, 57.02424328707836, 'SEARCH'
11, 17411, 57.05087528367967, 57.05087528367967, 'SEARCH'
11, 17412, 57.056396023353194, 57.056396023353194, 'SEARCH'
11, 17413, 57.06790097211765, 57.06790097211765, 'SEARCH'
11, 17414, 57.06715693520383, 57.06715693520383, 'SEARCH'
11, 17415, 57.061132973541966, 57.061132973541966, 'SEARCH'
11, 17416, 57.07308725300337, 57.07308725300337, 'SEARCH'
11, 17417, 57.09794374954734, 57.09794374954734, 'SEARCH'
11, 17418, 57.11560046791615, 57.11560046791615, 'SEARCH'
11, 17419, 57.119206008618804, 57.119206008618804, 'SEARCH'
11, 17420, 57.09198238866493, 57.09198238866493, 'SEARCH'
11, 17421, 57.1180024768511, 57.1180024768511, 'SEARCH'
11, 17422, 57.123523169255364, 57.123523169255364, 'SEARCH'
11, 17423, 57.11332791489286, 57.11332791489286, 'SEARCH'
11, 17424, 57.08963990189615, 57.08963990189615, 'SEARCH'
11, 17425, 57.093752156443955, 57.093752156443955, 'SEARCH'
11, 17426, 57.08403270822501, 57.08403270822501, 'SEARCH'
11, 17427, 57.09053468571365, 57.09053468571365, 'SEARCH'
11, 17428, 57.116000872273396, 57.116000872273396, 'SEARCH'
11, 17429, 57.12968425819276, 57.12968425819276, 'SEARCH'
11, 17430, 57.156027635504984, 57.156027635504984, 'SEARCH'
11, 17431, 57.18303964735039, 57.18303964735039, 'SEARCH'
11, 17432, 57.1789130367867, 57.1789130367867, 'SEARCH'
11, 17433, 57.20123370026184, 57.20123370026184, 'SEARCH'
11, 17434, 57.226716457140135, 57.226716457140135, 'SEARCH'
11, 17435, 57.2520080219046, 57.2520080219046, 'SEARCH'
11, 17436, 57.23663517887959, 57.23663517887959, 'SEARCH'
11, 17437, 57.26386297662383, 57.26386297662383, 'SEARCH'
11, 17438, 57.25546033549712, 57.25546033549712, 'SEARCH'
11, 17439, 57.258079019159126, 57.258079019159126, 'SEARCH'
11, 17440, 57.28269944206853, 57.28269944206853, 'SEARCH'
11, 17441, 57.30856262976384, 57.30856262976384, 'SEARCH'
11, 17442, 57.31958063336469, 57.31958063336469, 'SEARCH'
11, 17443, 57.29225630544432, 57.29225630544432, 'SEARCH'
11, 17444, 57.30589029727604, 57.30589029727604, 'SEARCH'
11, 17445, 57.32035857736615, 57.32035857736615, 'SEARCH'
11, 17446, 57.29771163145107, 57.29771163145107, 'SEARCH'
11, 17447, 57.27594572232297, 57.27594572232297, 'SEARCH'
11, 17448, 57.301234898484914, 57.301234898484914, 'SEARCH'
11, 17449, 57.3157114031213, 57.3157114031213, 'SEARCH'
11, 17450, 57.33680347759491, 57.33680347759491, 'SEARCH'
11, 17451, 57.31093898791431, 57.31093898791431, 'SEARCH'
11, 17452, 57.32415842922923, 57.32415842922923, 'SEARCH'
11, 17453, 57.333391312657255, 57.333391312657255, 'SEARCH'
11, 17454, 57.31459403017694, 57.31459403017694, 'SEARCH'
11, 17455, 57.341494463395584, 57.341494463395584, 'SEARCH'
11, 17456, 57.314989283540584, 57.314989283540584, 'SEARCH'
11, 17457, 57.342585118618075, 57.342585118618075, 'SEARCH'
11, 17458, 57.34949935122926, 57.34949935122926, 'SEARCH'
11, 17459, 57.377044795178826, 57.377044795178826, 'SEARCH'
11, 17460, 57.353083110169045, 57.353083110169045, 'SEARCH'
11, 17461, 57.36797362828802, 57.36797362828802, 'SEARCH'
11, 17462, 57.395743002999325, 57.395743002999325, 'SEARCH'
11, 17463, 57.399792398773975, 57.399792398773975, 'SEARCH'
11, 17464, 57.395154086609864, 57.395154086609864, 'SEARCH'
11, 17465, 57.404381491223305, 57.404381491223305, 'SEARCH'
11, 17466, 57.403122156486354, 57.403122156486354, 'SEARCH'
11, 17467, 57.42932082058451, 57.42932082058451, 'SEARCH'
11, 17468, 57.41475894961467, 57.41475894961467, 'SEARCH'
11, 17469, 57.442352964406744, 57.442352964406744, 'SEARCH'
11, 17470, 57.45763611741995, 57.45763611741995, 'SEARCH'
11, 17471, 57.47562962570128, 57.47562962570128, 'SEARCH'
11, 17472, 57.471938149951065, 57.471938149951065, 'SEARCH'
11, 17473, 57.45077680982664, 57.45077680982664, 'SEARCH'
11, 17474, 57.47852605258099, 57.47852605258099, 'SEARCH'
11, 17475, 57.467394721678986, 57.467394721678986, 'SEARCH'
11, 17476, 57.46371889481144, 57.46371889481144, 'SEARCH'
11, 17477, 57.451284919079555, 57.451284919079555, 'SEARCH'
11, 17478, 57.44017710580933, 57.44017710580933, 'SEARCH'
11, 17479, 57.43461474575054, 57.43461474575054, 'SEARCH'
11, 17480, 57.461512169703745, 57.461512169703745, 'SEARCH'
11, 17481, 57.46026902371491, 57.46026902371491, 'SEARCH'
11, 17482, 57.48803795967722, 57.48803795967722, 'SEARCH'
11, 17483, 57.47071497826993, 57.47071497826993, 'SEARCH'
11, 17484, 57.498107204947566, 57.498107204947566, 'SEARCH'
11, 17485, 57.52510814113791, 57.52510814113791, 'SEARCH'
11, 17486, 57.53788877204432, 57.53788877204432, 'SEARCH'
11, 17487, 57.524587414249616, 57.524587414249616, 'SEARCH'
11, 17488, 57.49838856129295, 57.49838856129295, 'SEARCH'
11, 17489, 57.508541926093216, 57.508541926093216, 'SEARCH'
11, 17490, 57.488708580315965, 57.488708580315965, 'SEARCH'
11, 17491, 57.51648514543735, 57.51648514543735, 'SEARCH'
11, 17492, 57.54338568237366, 57.54338568237366, 'SEARCH'
11, 17493, 57.5680451790545, 57.5680451790545, 'SEARCH'
11, 17494, 57.57257281571087, 57.57257281571087, 'SEARCH'
11, 17495, 57.566506540705475, 57.566506540705475, 'SEARCH'
11, 17496, 57.586285365834414, 57.586285365834414, 'SEARCH'
11, 17497, 57.60197424233278, 57.60197424233278, 'SEARCH'
11, 17498, 57.602158927459875, 57.602158927459875, 'SEARCH'
11, 17499, 57.581973064750365, 57.581973064750365, 'SEARCH'
11, 17500, 57.589823573665484, 57.589823573665484, 'SEARCH'
11, 17501, 57.581896167976325, 57.581896167976325, 'SEARCH'
11, 17502, 57.60852107407696, 57.60852107407696, 'SEARCH'
11, 17503, 57.58507055344006, 57.58507055344006, 'SEARCH'
11, 17504, 57.61283803182476, 57.61283803182476, 'SEARCH'
11, 17505, 57.60352579786929, 57.60352579786929, 'SEARCH'
11, 17506, 57.58620753968924, 57.58620753968924, 'SEARCH'
11, 17507, 57.61105716494284, 57.61105716494284, 'SEARCH'
11, 17508, 57.636320855478814, 57.636320855478814, 'SEARCH'
11, 17509, 57.66409718359695, 57.66409718359695, 'SEARCH'
11, 17510, 57.680963944268896, 57.680963944268896, 'SEARCH'
11, 17511, 57.65460301263049, 57.65460301263049, 'SEARCH'
11, 17512, 57.670299531616386, 57.670299531616386, 'SEARCH'
11, 17513, 57.67387719330954, 57.67387719330954, 'SEARCH'
11, 17514, 57.64709753962273, 57.64709753962273, 'SEARCH'
11, 17515, 57.669693488013614, 57.669693488013614, 'SEARCH'
11, 17516, 57.666028464631836, 57.666028464631836, 'SEARCH'
11, 17517, 57.67388586239765, 57.67388586239765, 'SEARCH'
11, 17518, 57.700903717868464, 57.700903717868464, 'SEARCH'
11, 17519, 57.72755076349485, 57.72755076349485, 'SEARCH'
11, 17520, 57.754874355108925, 57.754874355108925, 'SEARCH'
11, 17521, 57.73467398813386, 57.73467398813386, 'SEARCH'
11, 17522, 57.71733382108917, 57.71733382108917, 'SEARCH'
11, 17523, 57.69010384112321, 57.69010384112321, 'SEARCH'
11, 17524, 57.70025116843745, 57.70025116843745, 'SEARCH'
11, 17525, 57.722266686918, 57.722266686918, 'SEARCH'
11, 17526, 57.74888807520402, 57.74888807520402, 'SEARCH'
11, 17527, 57.75149548221987, 57.75149548221987, 'SEARCH'
11, 17528, 57.77289649484108, 57.77289649484108, 'SEARCH'
11, 17529, 57.78694386158301, 57.78694386158301, 'SEARCH'
11, 17530, 57.77761327011396, 57.77761327011396, 'SEARCH'
11, 17531, 57.767383483799144, 57.767383483799144, 'SEARCH'
11, 17532, 57.79321237957615, 57.79321237957615, 'SEARCH'
11, 17533, 57.82061810941168, 57.82061810941168, 'SEARCH'
11, 17534, 57.84003914972633, 57.84003914972633, 'SEARCH'
11, 17535, 57.844071674217666, 57.844071674217666, 'SEARCH'
11, 17536, 57.86851725130497, 57.86851725130497, 'SEARCH'
11, 17537, 57.894730091837474, 57.894730091837474, 'SEARCH'
11, 17538, 57.92211033372717, 57.92211033372717, 'SEARCH'
11, 17539, 57.905111801314796, 57.905111801314796, 'SEARCH'
11, 17540, 57.91055187060615, 57.91055187060615, 'SEARCH'
11, 17541, 57.924565685722065, 57.924565685722065, 'SEARCH'
11, 17542, 57.94061429488649, 57.94061429488649, 'SEARCH'
11, 17543, 57.9661296816461, 57.9661296816461, 'SEARCH'
11, 17544, 57.97011817107089, 57.97011817107089, 'SEARCH'
11, 17545, 57.97169826612865, 57.97169826612865, 'SEARCH'
11, 17546, 57.9698906900169, 57.9698906900169, 'SEARCH'
11, 17547, 57.95140496040114, 57.95140496040114, 'SEARCH'
11, 17548, 57.97901467519093, 57.97901467519093, 'SEARCH'
11, 17549, 58.00625611158616, 58.00625611158616, 'SEARCH'
11, 17550, 57.98812337180866, 57.98812337180866, 'SEARCH'
11, 17551, 58.01303139132777, 58.01303139132777, 'SEARCH'
11, 17552, 58.017494014391836, 58.017494014391836, 'SEARCH'
11, 17553, 57.998997283603074, 57.998997283603074, 'SEARCH'
11, 17554, 58.02346062192027, 58.02346062192027, 'SEARCH'
11, 17555, 58.03828187495075, 58.03828187495075, 'SEARCH'
11, 17556, 58.04322002073822, 58.04322002073822, 'SEARCH'
11, 17557, 58.016551244158514, 58.016551244158514, 'SEARCH'
11, 17558, 58.01765333733872, 58.01765333733872, 'SEARCH'
11, 17559, 58.04526430037872, 58.04526430037872, 'SEARCH'
11, 17560, 58.07199968007494, 58.07199968007494, 'SEARCH'
11, 17561, 58.05313696349353, 58.05313696349353, 'SEARCH'
11, 17562, 58.037706780096755, 58.037706780096755, 'SEARCH'
11, 17563, 58.06490535977333, 58.06490535977333, 'SEARCH'
11, 17564, 58.04250528007605, 58.04250528007605, 'SEARCH'
11, 17565, 58.07003142264129, 58.07003142264129, 'SEARCH'
11, 17566, 58.08099917956119, 58.08099917956119, 'SEARCH'
11, 17567, 58.06043883812543, 58.06043883812543, 'SEARCH'
11, 17568, 58.04666804257412, 58.04666804257412, 'SEARCH'
11, 17569, 58.06068394932071, 58.06068394932071, 'SEARCH'
11, 17570, 58.07211375188878, 58.07211375188878, 'SEARCH'
11, 17571, 58.05474394676123, 58.05474394676123, 'SEARCH'
11, 17572, 58.08194651752375, 58.08194651752375, 'SEARCH'
11, 17573, 58.097597841039, 58.097597841039, 'SEARCH'
11, 17574, 58.11664375024609, 58.11664375024609, 'SEARCH'
11, 17575, 58.13671779980239, 58.13671779980239, 'SEARCH'
11, 17576, 58.15575478120876, 58.15575478120876, 'SEARCH'
11, 17577, 58.1553910406881, 58.1553910406881, 'SEARCH'
11, 17578, 58.143765906058796, 58.143765906058796, 'SEARCH'
11, 17579, 58.170632019180665, 58.170632019180665, 'SEARCH'
11, 17580, 58.15770077539786, 58.15770077539786, 'SEARCH'
11, 17581, 58.17452504916264, 58.17452504916264, 'SEARCH'
11, 17582, 58.153019739392754, 58.153019739392754, 'SEARCH'
11, 17583, 58.138836296834555, 58.138836296834555, 'SEARCH'
11, 17584, 58.112622572052636, 58.112622572052636, 'SEARCH'
11, 17585, 58.10701237835791, 58.10701237835791, 'SEARCH'
11, 17586, 58.09004976328599, 58.09004976328599, 'SEARCH'
11, 17587, 58.08493424875759, 58.08493424875759, 'SEARCH'
11, 17588, 58.107799885632595, 58.107799885632595, 'SEARCH'
11, 17589, 58.13455248730649, 58.13455248730649, 'SEARCH'
11, 17590, 58.12990144381409, 58.12990144381409, 'SEARCH'
11, 17591, 58.15034052946742, 58.15034052946742, 'SEARCH'
11, 17592, 58.17633562377822, 58.17633562377822, 'SEARCH'
11, 17593, 58.170247197147894, 58.170247197147894, 'SEARCH'
11, 17594, 58.19363678780285, 58.19363678780285, 'SEARCH'
11, 17595, 58.17097649679988, 58.17097649679988, 'SEARCH'
11, 17596, 58.19602002953201, 58.19602002953201, 'SEARCH'
11, 17597, 58.18269916000717, 58.18269916000717, 'SEARCH'
11, 17598, 58.176623497959845, 58.176623497959845, 'SEARCH'
11, 17599, 58.19639573961568, 58.19639573961568, 'SEARCH'
11, 17600, 58.199476978862265, 58.199476978862265, 'SEARCH'
11, 17601, 58.199658923643796, 58.199658923643796, 'SEARCH'
11, 17602, 58.172252950824536, 58.172252950824536, 'SEARCH'
11, 17603, 58.191343707911166, 58.191343707911166, 'SEARCH'
11, 17604, 58.21767093299499, 58.21767093299499, 'SEARCH'
11, 17605, 58.19958603147442, 58.19958603147442, 'SEARCH'
11, 17606, 58.20460256178047, 58.20460256178047, 'SEARCH'
11, 17607, 58.23219675496574, 58.23219675496574, 'SEARCH'
11, 17608, 58.205993285286524, 58.205993285286524, 'SEARCH'
11, 17609, 58.180502428102606, 58.180502428102606, 'SEARCH'
11, 17610, 58.18120132860485, 58.18120132860485, 'SEARCH'
11, 17611, 58.18190468365899, 58.18190468365899, 'SEARCH'
11, 17612, 58.18261249544718, 58.18261249544718, 'SEARCH'
11, 17613, 58.20862595544922, 58.20862595544922, 'SEARCH'
11, 17614, 58.195776608195935, 58.195776608195935, 'SEARCH'
11, 17615, 58.22227336317637, 58.22227336317637, 'SEARCH'
11, 17616, 58.23592584712718, 58.23592584712718, 'SEARCH'
11, 17617, 58.213292777712525, 58.213292777712525, 'SEARCH'
11, 17618, 58.24069263413757, 58.24069263413757, 'SEARCH'
11, 17619, 58.23799774881561, 58.23799774881561, 'SEARCH'
11, 17620, 58.24724513620494, 58.24724513620494, 'SEARCH'
11, 17621, 58.27401973005165, 58.27401973005165, 'SEARCH'
11, 17622, 58.248159807128935, 58.248159807128935, 'SEARCH'
11, 17623, 58.243071638590806, 58.243071638590806, 'SEARCH'
11, 17624, 58.255880885557296, 58.255880885557296, 'SEARCH'
11, 17625, 58.28341823302706, 58.28341823302706, 'SEARCH'
11, 17626, 58.30781348074337, 58.30781348074337, 'SEARCH'
11, 17627, 58.334318786410435, 58.334318786410435, 'SEARCH'
11, 17628, 58.32777743501446, 58.32777743501446, 'SEARCH'
11, 17629, 58.308619883239665, 58.308619883239665, 'SEARCH'
11, 17630, 58.33002998505797, 58.33002998505797, 'SEARCH'
11, 17631, 58.357050739238005, 58.357050739238005, 'SEARCH'
11, 17632, 58.38269124261292, 58.38269124261292, 'SEARCH'
11, 17633, 58.40813703712327, 58.40813703712327, 'SEARCH'
11, 17634, 58.4204589887309, 58.4204589887309, 'SEARCH'
11, 17635, 58.44021348511708, 58.44021348511708, 'SEARCH'
11, 17636, 58.45855283155857, 58.45855283155857, 'SEARCH'
11, 17637, 58.43867422095464, 58.43867422095464, 'SEARCH'
11, 17638, 58.44028887380555, 58.44028887380555, 'SEARCH'
11, 17639, 58.4680194505518, 58.4680194505518, 'SEARCH'
11, 17640, 58.471073289975145, 58.471073289975145, 'SEARCH'
11, 17641, 58.44759859132612, 58.44759859132612, 'SEARCH'
11, 17642, 58.443419801953446, 58.443419801953446, 'SEARCH'
11, 17643, 58.43593201354443, 58.43593201354443, 'SEARCH'
11, 17644, 58.40957115564011, 58.40957115564011, 'SEARCH'
11, 17645, 58.42866016017374, 58.42866016017374, 'SEARCH'
11, 17646, 58.414518854102596, 58.414518854102596, 'SEARCH'
11, 17647, 58.39682011028427, 58.39682011028427, 'SEARCH'
11, 17648, 58.41370930185754, 58.41370930185754, 'SEARCH'
11, 17649, 58.43449321880968, 58.43449321880968, 'SEARCH'
11, 17650, 58.44508832424625, 58.44508832424625, 'SEARCH'
11, 17651, 58.44094430854962, 58.44094430854962, 'SEARCH'
11, 17652, 58.41491453009544, 58.41491453009544, 'SEARCH'
11, 17653, 58.44076574076172, 58.44076574076172, 'SEARCH'
11, 17654, 58.43710853147119, 58.43710853147119, 'SEARCH'
11, 17655, 58.41223804763135, 58.41223804763135, 'SEARCH'
11, 17656, 58.388056285069105, 58.388056285069105, 'SEARCH'
11, 17657, 58.41482277842577, 58.41482277842577, 'SEARCH'
11, 17658, 58.44131815619952, 58.44131815619952, 'SEARCH'
11, 17659, 58.41441881671954, 58.41441881671954, 'SEARCH'
11, 17660, 58.39426207558813, 58.39426207558813, 'SEARCH'
11, 17661, 58.42089667805958, 58.42089667805958, 'SEARCH'
11, 17662, 58.41070743275562, 58.41070743275562, 'SEARCH'
11, 17663, 58.405169732101164, 58.405169732101164, 'SEARCH'
11, 17664, 58.37969897201172, 58.37969897201172, 'SEARCH'
11, 17665, 58.40083594255373, 58.40083594255373, 'SEARCH'
11, 17666, 58.375565520983095, 58.375565520983095, 'SEARCH'
11, 17667, 58.37873959996127, 58.37873959996127, 'SEARCH'
11, 17668, 58.362243313749815, 58.362243313749815, 'SEARCH'
11, 17669, 58.37918919023954, 58.37918919023954, 'SEARCH'
11, 17670, 58.406092332857, 58.406092332857, 'SEARCH'
11, 17671, 58.423406695071904, 58.423406695071904, 'SEARCH'
11, 17672, 58.404657787828754, 58.404657787828754, 'SEARCH'
11, 17673, 58.41258226820028, 58.41258226820028, 'SEARCH'
11, 17674, 58.386410307903915, 58.386410307903915, 'SEARCH'
11, 17675, 58.41012196492465, 58.41012196492465, 'SEARCH'
11, 17676, 58.436601171316134, 58.436601171316134, 'SEARCH'
11, 17677, 58.41549710836989, 58.41549710836989, 'SEARCH'
11, 17678, 58.43429439735529, 58.43429439735529, 'SEARCH'
11, 17679, 58.44540393195233, 58.44540393195233, 'SEARCH'
11, 17680, 58.424947772531674, 58.424947772531674, 'SEARCH'
11, 17681, 58.45271471373728, 58.45271471373728, 'SEARCH'
11, 17682, 58.43470089223207, 58.43470089223207, 'SEARCH'
11, 17683, 58.46191152065883, 58.46191152065883, 'SEARCH'
11, 17684, 58.47075670488755, 58.47075670488755, 'SEARCH'
11, 17685, 58.45585966634635, 58.45585966634635, 'SEARCH'
11, 17686, 58.47202671439096, 58.47202671439096, 'SEARCH'
11, 17687, 58.494942126754, 58.494942126754, 'SEARCH'
11, 17688, 58.4698841087593, 58.4698841087593, 'SEARCH'
11, 17689, 58.46203956955297, 58.46203956955297, 'SEARCH'
11, 17690, 58.47534261184276, 58.47534261184276, 'SEARCH'
11, 17691, 58.50303887227095, 58.50303887227095, 'SEARCH'
11, 17692, 58.530584142309856, 58.530584142309856, 'SEARCH'
11, 17693, 58.55041513763639, 58.55041513763639, 'SEARCH'
11, 17694, 58.57818391042959, 58.57818391042959, 'SEARCH'
11, 17695, 58.59833738879715, 58.59833738879715, 'SEARCH'
11, 17696, 58.62066637062717, 58.62066637062717, 'SEARCH'
11, 17697, 58.624283263217706, 58.624283263217706, 'SEARCH'
11, 17698, 58.6093533567025, 58.6093533567025, 'SEARCH'
11, 17699, 58.58702747789204, 58.58702747789204, 'SEARCH'
11, 17700, 58.598564950105974, 58.598564950105974, 'SEARCH'
11, 17701, 58.625964857263305, 58.625964857263305, 'SEARCH'
11, 17702, 58.63007636592337, 58.63007636592337, 'SEARCH'
11, 17703, 58.656846171965405, 58.656846171965405, 'SEARCH'
11, 17704, 58.678277914552076, 58.678277914552076, 'SEARCH'
11, 17705, 58.700308672908726, 58.700308672908726, 'SEARCH'
11, 17706, 58.72538879638526, 58.72538879638526, 'SEARCH'
11, 17707, 58.74826186231367, 58.74826186231367, 'SEARCH'
11, 17708, 58.74555684946723, 58.74555684946723, 'SEARCH'
11, 17709, 58.72379500241429, 58.72379500241429, 'SEARCH'
11, 17710, 58.69850898572532, 58.69850898572532, 'SEARCH'
11, 17711, 58.693916772377726, 58.693916772377726, 'SEARCH'
11, 17712, 58.721313668545136, 58.721313668545136, 'SEARCH'
11, 17713, 58.74750319282594, 58.74750319282594, 'SEARCH'
11, 17714, 58.72115136872818, 58.72115136872818, 'SEARCH'
11, 17715, 58.743756912184516, 58.743756912184516, 'SEARCH'
11, 17716, 58.75021850824173, 58.75021850824173, 'SEARCH'
11, 17717, 58.739121889789246, 58.739121889789246, 'SEARCH'
11, 17718, 58.76227879991147, 58.76227879991147, 'SEARCH'
11, 17719, 58.74986571562225, 58.74986571562225, 'SEARCH'
11, 17720, 58.77513819830328, 58.77513819830328, 'SEARCH'
11, 17721, 58.76448879321845, 58.76448879321845, 'SEARCH'
11, 17722, 58.791799438220764, 58.791799438220764, 'SEARCH'
11, 17723, 58.79540152188802, 58.79540152188802, 'SEARCH'
11, 17724, 58.82240694814623, 58.82240694814623, 'SEARCH'
11, 17725, 58.82406952845454, 58.82406952845454, 'SEARCH'
11, 17726, 58.85096980277052, 58.85096980277052, 'SEARCH'
11, 17727, 58.87108874536043, 58.87108874536043, 'SEARCH'
11, 17728, 58.87224960272519, 58.87224960272519, 'SEARCH'
11, 17729, 58.89455129163267, 58.89455129163267, 'SEARCH'
11, 17730, 58.88298215881756, 58.88298215881756, 'SEARCH'
11, 17731, 58.86565533618465, 58.86565533618465, 'SEARCH'
11, 17732, 58.89052876270481, 58.89052876270481, 'SEARCH'
11, 17733, 58.91130218460879, 58.91130218460879, 'SEARCH'
11, 17734, 58.90289789269531, 58.90289789269531, 'SEARCH'
11, 17735, 58.9243033613569, 58.9243033613569, 'SEARCH'
11, 17736, 58.92931376654201, 58.92931376654201, 'SEARCH'
11, 17737, 58.935276942924965, 58.935276942924965, 'SEARCH'
11, 17738, 58.922407693804914, 58.922407693804914, 'SEARCH'
11, 17739, 58.92212789490601, 58.92212789490601, 'SEARCH'
11, 17740, 58.91467352941788, 58.91467352941788, 'SEARCH'
11, 17741, 58.90097453624264, 58.90097453624264, 'SEARCH'
11, 17742, 58.91378999720332, 58.91378999720332, 'SEARCH'
11, 17743, 58.91643807500203, 58.91643807500203, 'SEARCH'
11, 17744, 58.89095990873881, 58.89095990873881, 'SEARCH'
11, 17745, 58.91827176152744, 58.91827176152744, 'SEARCH'
11, 17746, 58.901740403467834, 58.901740403467834, 'SEARCH'
11, 17747, 58.92317563574519, 58.92317563574519, 'SEARCH'
11, 17748, 58.895777848277774, 58.895777848277774, 'SEARCH'
11, 17749, 58.87926222203855, 58.87926222203855, 'SEARCH'
11, 17750, 58.864355362850795, 58.864355362850795, 'SEARCH'
11, 17751, 58.84019526831397, 58.84019526831397, 'SEARCH'
11, 17752, 58.847196951987904, 58.847196951987904, 'SEARCH'
11, 17753, 58.87158485849535, 58.87158485849535, 'SEARCH'
11, 17754, 58.8476683154293, 58.8476683154293, 'SEARCH'
11, 17755, 58.87457364553073, 58.87457364553073, 'SEARCH'
11, 17756, 58.89633573754773, 58.89633573754773, 'SEARCH'
11, 17757, 58.916504933284095, 58.916504933284095, 'SEARCH'
11, 17758, 58.942176693787786, 58.942176693787786, 'SEARCH'
11, 17759, 58.96992755820646, 58.96992755820646, 'SEARCH'
11, 17760, 58.99007435751739, 58.99007435751739, 'SEARCH'
11, 17761, 58.99272630523942, 58.99272630523942, 'SEARCH'
11, 17762, 58.96670524529685, 58.96670524529685, 'SEARCH'
11, 17763, 58.97081928154778, 58.97081928154778, 'SEARCH'
11, 17764, 58.99783216951259, 58.99783216951259, 'SEARCH'
11, 17765, 58.98675442805815, 58.98675442805815, 'SEARCH'
11, 17766, 58.9908689788941, 58.9908689788941, 'SEARCH'
11, 17767, 59.01572303332012, 59.01572303332012, 'SEARCH'
11, 17768, 59.0371549356861, 59.0371549356861, 'SEARCH'
11, 17769, 59.01148735638165, 59.01148735638165, 'SEARCH'
11, 17770, 58.99697692836127, 58.99697692836127, 'SEARCH'
11, 17771, 59.02451912170299, 59.02451912170299, 'SEARCH'
11, 17772, 59.039852606793666, 59.039852606793666, 'SEARCH'
11, 17773, 59.06218113583106, 59.06218113583106, 'SEARCH'
11, 17774, 59.07627090370561, 59.07627090370561, 'SEARCH'
11, 17775, 59.10404773243716, 59.10404773243716, 'SEARCH'
11, 17776, 59.083879757343894, 59.083879757343894, 'SEARCH'
11, 17777, 59.06405794580774, 59.06405794580774, 'SEARCH'
11, 17778, 59.05616912328603, 59.05616912328603, 'SEARCH'
11, 17779, 59.079337836896244, 59.079337836896244, 'SEARCH'
11, 17780, 59.10419725691775, 59.10419725691775, 'SEARCH'
11, 17781, 59.080257896538086, 59.080257896538086, 'SEARCH'
11, 17782, 59.10644082383834, 59.10644082383834, 'SEARCH'
11, 17783, 59.11053619439209, 59.11053619439209, 'SEARCH'
11, 17784, 59.10834914420722, 59.10834914420722, 'SEARCH'
11, 17785, 59.12746905031506, 59.12746905031506, 'SEARCH'
11, 17786, 59.14727619472168, 59.14727619472168, 'SEARCH'
11, 17787, 59.136632845268835, 59.136632845268835, 'SEARCH'
11, 17788, 59.111157307031085, 59.111157307031085, 'SEARCH'
11, 17789, 59.10850597303505, 59.10850597303505, 'SEARCH'
11, 17790, 59.13484272136691, 59.13484272136691, 'SEARCH'
11, 17791, 59.162535048419095, 59.162535048419095, 'SEARCH'
11, 17792, 59.18542082666727, 59.18542082666727, 'SEARCH'
11, 17793, 59.19736081598752, 59.19736081598752, 'SEARCH'
11, 17794, 59.17622397787016, 59.17622397787016, 'SEARCH'
11, 17795, 59.17694313888136, 59.17694313888136, 'SEARCH'
11, 17796, 59.18104574197424, 59.18104574197424, 'SEARCH'
11, 17797, 59.207230118487956, 59.207230118487956, 'SEARCH'
11, 17798, 59.22451261672097, 59.22451261672097, 'SEARCH'
11, 17799, 59.20369688314009, 59.20369688314009, 'SEARCH'
11, 17800, 59.178418933605236, 59.178418933605236, 'SEARCH'
11, 17801, 59.156992720152985, 59.156992720152985, 'SEARCH'
11, 17802, 59.17648143722961, 59.17648143722961, 'SEARCH'
11, 17803, 59.16586999698645, 59.16586999698645, 'SEARCH'
11, 17804, 59.1870121535502, 59.1870121535502, 'SEARCH'
11, 17805, 59.20614963244002, 59.20614963244002, 'SEARCH'
11, 17806, 59.187040667704, 59.187040667704, 'SEARCH'
11, 17807, 59.19769868039924, 59.19769868039924, 'SEARCH'
11, 17808, 59.21055111913404, 59.21055111913404, 'SEARCH'
11, 17809, 59.23657933171022, 59.23657933171022, 'SEARCH'
11, 17810, 59.21217514024258, 59.21217514024258, 'SEARCH'
11, 17811, 59.22502870592955, 59.22502870592955, 'SEARCH'
11, 17812, 59.23059467586641, 59.23059467586641, 'SEARCH'
11, 17813, 59.2583446596459, 59.2583446596459, 'SEARCH'
11, 17814, 59.23995050030558, 59.23995050030558, 'SEARCH'
11, 17815, 59.225877584088934, 59.225877584088934, 'SEARCH'
11, 17816, 59.198767208348634, 59.198767208348634, 'SEARCH'
11, 17817, 59.17865689003917, 59.17865689003917, 'SEARCH'
11, 17818, 59.17703161177818, 59.17703161177818, 'SEARCH'
11, 17819, 59.164705889576865, 59.164705889576865, 'SEARCH'
11, 17820, 59.15643670306737, 59.15643670306737, 'SEARCH'
11, 17821, 59.16625554603476, 59.16625554603476, 'SEARCH'
11, 17822, 59.182464889616725, 59.182464889616725, 'SEARCH'
11, 17823, 59.15516926814697, 59.15516926814697, 'SEARCH'
11, 17824, 59.14738337641977, 59.14738337641977, 'SEARCH'
11, 17825, 59.17161727051586, 59.17161727051586, 'SEARCH'
11, 17826, 59.199373061179756, 59.199373061179756, 'SEARCH'
11, 17827, 59.1866287375205, 59.1866287375205, 'SEARCH'
11, 17828, 59.20872931569382, 59.20872931569382, 'SEARCH'
11, 17829, 59.226471573082485, 59.226471573082485, 'SEARCH'
11, 17830, 59.215477787102685, 59.215477787102685, 'SEARCH'
11, 17831, 59.24316186440555, 59.24316186440555, 'SEARCH'
11, 17832, 59.263369965130586, 59.263369965130586, 'SEARCH'
11, 17833, 59.239984715966415, 59.239984715966415, 'SEARCH'
11, 17834, 59.21634933485043, 59.21634933485043, 'SEARCH'
11, 17835, 59.194984707086626, 59.194984707086626, 'SEARCH'
11, 17836, 59.22276007606973, 59.22276007606973, 'SEARCH'
11, 17837, 59.21359023361662, 59.21359023361662, 'SEARCH'
11, 17838, 59.203973342977676, 59.203973342977676, 'SEARCH'
11, 17839, 59.2185965960566, 59.2185965960566, 'SEARCH'
11, 17840, 59.214135531611035, 59.214135531611035, 'SEARCH'
11, 17841, 59.18891419055706, 59.18891419055706, 'SEARCH'
11, 17842, 59.17061940643359, 59.17061940643359, 'SEARCH'
11, 17843, 59.19701265441533, 59.19701265441533, 'SEARCH'
11, 17844, 59.224262223079, 59.224262223079, 'SEARCH'
11, 17845, 59.208641230182195, 59.208641230182195, 'SEARCH'
11, 17846, 59.23589065417111, 59.23589065417111, 'SEARCH'
11, 17847, 59.26202958366089, 59.26202958366089, 'SEARCH'
11, 17848, 59.285521362948856, 59.285521362948856, 'SEARCH'
11, 17849, 59.312505659385906, 59.312505659385906, 'SEARCH'
11, 17850, 59.29933470384612, 59.29933470384612, 'SEARCH'
11, 17851, 59.27994107724784, 59.27994107724784, 'SEARCH'
11, 17852, 59.26021319268677, 59.26021319268677, 'SEARCH'
11, 17853, 59.28694441808352, 59.28694441808352, 'SEARCH'
11, 17854, 59.274223784530825, 59.274223784530825, 'SEARCH'
11, 17855, 59.252872988743825, 59.252872988743825, 'SEARCH'
11, 17856, 59.2796013524806, 59.2796013524806, 'SEARCH'
11, 17857, 59.30697649348041, 59.30697649348041, 'SEARCH'
11, 17858, 59.329933370348726, 59.329933370348726, 'SEARCH'
11, 17859, 59.357264947748874, 59.357264947748874, 'SEARCH'
11, 17860, 59.34241719382538, 59.34241719382538, 'SEARCH'
11, 17861, 59.358632219136155, 59.358632219136155, 'SEARCH'
11, 17862, 59.383317187835054, 59.383317187835054, 'SEARCH'
11, 17863, 59.38316359994328, 59.38316359994328, 'SEARCH'
11, 17864, 59.39520716938829, 59.39520716938829, 'SEARCH'
11, 17865, 59.41219052702425, 59.41219052702425, 'SEARCH'
11, 17866, 59.43641013552292, 59.43641013552292, 'SEARCH'
11, 17867, 59.45961626634045, 59.45961626634045, 'SEARCH'
11, 17868, 59.48078273681325, 59.48078273681325, 'SEARCH'
11, 17869, 59.50843832970236, 59.50843832970236, 'SEARCH'
11, 17870, 59.51114640659648, 59.51114640659648, 'SEARCH'
11, 17871, 59.53406691896068, 59.53406691896068, 'SEARCH'
11, 17872, 59.56184325634469, 59.56184325634469, 'SEARCH'
11, 17873, 59.56740635978498, 59.56740635978498, 'SEARCH'
11, 17874, 59.54123117006968, 59.54123117006968, 'SEARCH'
11, 17875, 59.514609683870646, 59.514609683870646, 'SEARCH'
11, 17876, 59.522555766632486, 59.522555766632486, 'SEARCH'
11, 17877, 59.55024313881493, 59.55024313881493, 'SEARCH'
11, 17878, 59.5490763023804, 59.5490763023804, 'SEARCH'
11, 17879, 59.522456878990845, 59.522456878990845, 'SEARCH'
11, 17880, 59.548663476384, 59.548663476384, 'SEARCH'
11, 17881, 59.57577102054296, 59.57577102054296, 'SEARCH'
11, 17882, 59.59153632689722, 59.59153632689722, 'SEARCH'
11, 17883, 59.61498240057044, 59.61498240057044, 'SEARCH'
11, 17884, 59.63867981119396, 59.63867981119396, 'SEARCH'
11, 17885, 59.63845230994285, 59.63845230994285, 'SEARCH'
11, 17886, 59.652983462240606, 59.652983462240606, 'SEARCH'
11, 17887, 59.66407542856292, 59.66407542856292, 'SEARCH'
11, 17888, 59.65436235459648, 59.65436235459648, 'SEARCH'
11, 17889, 59.682129918941925, 59.682129918941925, 'SEARCH'
11, 17890, 59.699807277314285, 59.699807277314285, 'SEARCH'
11, 17891, 59.70102455610749, 59.70102455610749, 'SEARCH'
11, 17892, 59.69176181510656, 59.69176181510656, 'SEARCH'
11, 17893, 59.71777339918692, 59.71777339918692, 'SEARCH'
11, 17894, 59.71705065597929, 59.71705065597929, 'SEARCH'
11, 17895, 59.74470151375524, 59.74470151375524, 'SEARCH'
11, 17896, 59.76863348251615, 59.76863348251615, 'SEARCH'
11, 17897, 59.796410072568236, 59.796410072568236, 'SEARCH'
11, 17898, 59.80834220619354, 59.80834220619354, 'SEARCH'
11, 17899, 59.80855359194188, 59.80855359194188, 'SEARCH'
11, 17900, 59.79745352435884, 59.79745352435884, 'SEARCH'
11, 17901, 59.815482317370055, 59.815482317370055, 'SEARCH'
11, 17902, 59.84325921054074, 59.84325921054074, 'SEARCH'
11, 17903, 59.86090045877803, 59.86090045877803, 'SEARCH'
11, 17904, 59.886390739787124, 59.886390739787124, 'SEARCH'
11, 17905, 59.87752266020536, 59.87752266020536, 'SEARCH'
11, 17906, 59.851841299561826, 59.851841299561826, 'SEARCH'
11, 17907, 59.877130990600634, 59.877130990600634, 'SEARCH'
11, 17908, 59.89160457487893, 59.89160457487893, 'SEARCH'
11, 17909, 59.91873479516343, 59.91873479516343, 'SEARCH'
11, 17910, 59.90177220719132, 59.90177220719132, 'SEARCH'
11, 17911, 59.884062542196524, 59.884062542196524, 'SEARCH'
11, 17912, 59.906076185204945, 59.906076185204945, 'SEARCH'
11, 17913, 59.93376452763274, 59.93376452763274, 'SEARCH'
11, 17914, 59.9545273656496, 59.9545273656496, 'SEARCH'
11, 17915, 59.98229737500793, 59.98229737500793, 'SEARCH'
11, 17916, 59.99632199695537, 59.99632199695537, 'SEARCH'
11, 17917, 59.99841321593591, 59.99841321593591, 'SEARCH'
11, 17918, 59.9966332565738, 59.9966332565738, 'SEARCH'
11, 17919, 60.022326360417246, 60.022326360417246, 'SEARCH'
11, 17920, 60.02777217737178, 60.02777217737178, 'SEARCH'
11, 17921, 60.05476087184282, 60.05476087184282, 'SEARCH'
11, 17922, 60.0767342550107, 60.0767342550107, 'SEARCH'
11, 17923, 60.05935316951838, 60.05935316951838, 'SEARCH'
11, 17924, 60.0323196414069, 60.0323196414069, 'SEARCH'
11, 17925, 60.05400608076006, 60.05400608076006, 'SEARCH'
11, 17926, 60.037408611287134, 60.037408611287134, 'SEARCH'
11, 17927, 60.01623457078392, 60.01623457078392, 'SEARCH'
11, 17928, 59.9967187589374, 59.9967187589374, 'SEARCH'
11, 17929, 59.97300805135586, 59.97300805135586, 'SEARCH'
11, 17930, 60.00055268976521, 60.00055268976521, 'SEARCH'
11, 17931, 60.02655369231805, 60.02655369231805, 'SEARCH'
11, 17932, 60.04341402068417, 60.04341402068417, 'SEARCH'
11, 17933, 60.047932029972216, 60.047932029972216, 'SEARCH'
11, 17934, 60.06963076350536, 60.06963076350536, 'SEARCH'
11, 17935, 60.096417765681196, 60.096417765681196, 'SEARCH'
11, 17936, 60.117482056966054, 60.117482056966054, 'SEARCH'
11, 17937, 60.13149640835229, 60.13149640835229, 'SEARCH'
11, 17938, 60.10446287566163, 60.10446287566163, 'SEARCH'
11, 17939, 60.12949823629543, 60.12949823629543, 'SEARCH'
11, 17940, 60.148193911476454, 60.148193911476454, 'SEARCH'
11, 17941, 60.174001267570475, 60.174001267570475, 'SEARCH'
11, 17942, 60.1650790334283, 60.1650790334283, 'SEARCH'
11, 17943, 60.15525343972493, 60.15525343972493, 'SEARCH'
11, 17944, 60.18249214228813, 60.18249214228813, 'SEARCH'
11, 17945, 60.16627217639613, 60.16627217639613, 'SEARCH'
11, 17946, 60.14852883922005, 60.14852883922005, 'SEARCH'
11, 17947, 60.14530197737375, 60.14530197737375, 'SEARCH'
11, 17948, 60.13415613487599, 60.13415613487599, 'SEARCH'
11, 17949, 60.12620470043542, 60.12620470043542, 'SEARCH'
11, 17950, 60.11507762212692, 60.11507762212692, 'SEARCH'
11, 17951, 60.08887837609073, 60.08887837609073, 'SEARCH'
11, 17952, 60.10418645550746, 60.10418645550746, 'SEARCH'
11, 17953, 60.08469388331935, 60.08469388331935, 'SEARCH'
11, 17954, 60.09394973814152, 60.09394973814152, 'SEARCH'
11, 17955, 60.096111647677205, 60.096111647677205, 'SEARCH'
11, 17956, 60.12365352564444, 60.12365352564444, 'SEARCH'
11, 17957, 60.140540390675675, 60.140540390675675, 'SEARCH'
11, 17958, 60.14461237979039, 60.14461237979039, 'SEARCH'
11, 17959, 60.166923217748405, 60.166923217748405, 'SEARCH'
11, 17960, 60.19327826013925, 60.19327826013925, 'SEARCH'
11, 17961, 60.18673886849331, 60.18673886849331, 'SEARCH'
11, 17962, 60.20361116673873, 60.20361116673873, 'SEARCH'
11, 17963, 60.22929455215236, 60.22929455215236, 'SEARCH'
11, 17964, 60.21310799500696, 60.21310799500696, 'SEARCH'
11, 17965, 60.240131163348885, 60.240131163348885, 'SEARCH'
11, 17966, 60.22555631850429, 60.22555631850429, 'SEARCH'
11, 17967, 60.25258030201215, 60.25258030201215, 'SEARCH'
11, 17968, 60.23411799295721, 60.23411799295721, 'SEARCH'
11, 17969, 60.24101399381084, 60.24101399381084, 'SEARCH'
11, 17970, 60.22770731826, 60.22770731826, 'SEARCH'
11, 17971, 60.20120095689499, 60.20120095689499, 'SEARCH'
11, 17972, 60.227395837230354, 60.227395837230354, 'SEARCH'
11, 17973, 60.25469978849357, 60.25469978849357, 'SEARCH'
11, 17974, 60.27609462191736, 60.27609462191736, 'SEARCH'
11, 17975, 60.28108797964335, 60.28108797964335, 'SEARCH'
11, 17976, 60.29254591769752, 60.29254591769752, 'SEARCH'
11, 17977, 60.30036927254569, 60.30036927254569, 'SEARCH'
11, 17978, 60.32176002524128, 60.32176002524128, 'SEARCH'
11, 17979, 60.34218831914658, 60.34218831914658, 'SEARCH'
11, 17980, 60.36993586923446, 60.36993586923446, 'SEARCH'
11, 17981, 60.354521752094016, 60.354521752094016, 'SEARCH'
11, 17982, 60.380570437952116, 60.380570437952116, 'SEARCH'
11, 17983, 60.37588484165609, 60.37588484165609, 'SEARCH'
11, 17984, 60.35669547263389, 60.35669547263389, 'SEARCH'
11, 17985, 60.383686981988085, 60.383686981988085, 'SEARCH'
11, 17986, 60.41138631746323, 60.41138631746323, 'SEARCH'
11, 17987, 60.39976760745557, 60.39976760745557, 'SEARCH'
11, 17988, 60.392249893593906, 60.392249893593906, 'SEARCH'
11, 17989, 60.41973552093612, 60.41973552093612, 'SEARCH'
11, 17990, 60.395048155412745, 60.395048155412745, 'SEARCH'
11, 17991, 60.41513641165725, 60.41513641165725, 'SEARCH'
11, 17992, 60.42700838382773, 60.42700838382773, 'SEARCH'
11, 17993, 60.41628813168154, 60.41628813168154, 'SEARCH'
11, 17994, 60.389918427702604, 60.389918427702604, 'SEARCH'
11, 17995, 60.400483526529655, 60.400483526529655, 'SEARCH'
11, 17996, 60.38202416927246, 60.38202416927246, 'SEARCH'
11, 17997, 60.37045322157066, 60.37045322157066, 'SEARCH'
11, 17998, 60.39665283974019, 60.39665283974019, 'SEARCH'
11, 17999, 60.40811579522069, 60.40811579522069, 'SEARCH'
11, 18000, 60.40109955722658, 60.40109955722658, 'SEARCH'
11, 18001, 60.427424668430334, 60.427424668430334, 'SEARCH'
11, 18002, 60.42808479334619, 60.42808479334619, 'SEARCH'
11, 18003, 60.418298803841935, 60.418298803841935, 'SEARCH'
11, 18004, 60.44604785448749, 60.44604785448749, 'SEARCH'
11, 18005, 60.465120425154716, 60.465120425154716, 'SEARCH'
11, 18006, 60.49016058292298, 60.49016058292298, 'SEARCH'
11, 18007, 60.517543253130626, 60.517543253130626, 'SEARCH'
11, 18008, 60.49380703405777, 60.49380703405777, 'SEARCH'
11, 18009, 60.466570425908586, 60.466570425908586, 'SEARCH'
11, 18010, 60.49167099081826, 60.49167099081826, 'SEARCH'
11, 18011, 60.486051359550366, 60.486051359550366, 'SEARCH'
11, 18012, 60.459841984888314, 60.459841984888314, 'SEARCH'
11, 18013, 60.48588104075262, 60.48588104075262, 'SEARCH'
11, 18014, 60.47473608282917, 60.47473608282917, 'SEARCH'
11, 18015, 60.45388966830339, 60.45388966830339, 'SEARCH'
11, 18016, 60.48129442344349, 60.48129442344349, 'SEARCH'
11, 18017, 60.50415019255454, 60.50415019255454, 'SEARCH'
11, 18018, 60.47736293337234, 60.47736293337234, 'SEARCH'
11, 18019, 60.46803606176621, 60.46803606176621, 'SEARCH'
11, 18020, 60.491438095409976, 60.491438095409976, 'SEARCH'
11, 18021, 60.509801048522114, 60.509801048522114, 'SEARCH'
11, 18022, 60.52257080778982, 60.52257080778982, 'SEARCH'
11, 18023, 60.5155518694162, 60.5155518694162, 'SEARCH'
11, 18024, 60.50577069051696, 60.50577069051696, 'SEARCH'
11, 18025, 60.48626807827623, 60.48626807827623, 'SEARCH'
11, 18026, 60.51373609660169, 60.51373609660169, 'SEARCH'
11, 18027, 60.49002768626432, 60.49002768626432, 'SEARCH'
11, 18028, 60.50451618094065, 60.50451618094065, 'SEARCH'
11, 18029, 60.529140036615736, 60.529140036615736, 'SEARCH'
11, 18030, 60.51627425403349, 60.51627425403349, 'SEARCH'
11, 18031, 60.52642473972281, 60.52642473972281, 'SEARCH'
11, 18032, 60.5444399128318, 60.5444399128318, 'SEARCH'
11, 18033, 60.536049905959366, 60.536049905959366, 'SEARCH'
11, 18034, 60.56170216012293, 60.56170216012293, 'SEARCH'
11, 18035, 60.55423915203943, 60.55423915203943, 'SEARCH'
11, 18036, 60.544481489071934, 60.544481489071934, 'SEARCH'
11, 18037, 60.572129362387244, 60.572129362387244, 'SEARCH'
11, 18038, 60.59990637389172, 60.59990637389172, 'SEARCH'
11, 18039, 60.626554923942265, 60.626554923942265, 'SEARCH'
11, 18040, 60.654146312531516, 60.654146312531516, 'SEARCH'
11, 18041, 60.681474020990564, 60.681474020990564, 'SEARCH'
11, 18042, 60.70052245073408, 60.70052245073408, 'SEARCH'
11, 18043, 60.69069469626495, 60.69069469626495, 'SEARCH'
11, 18044, 60.71684701913421, 60.71684701913421, 'SEARCH'
11, 18045, 60.74462447577731, 60.74462447577731, 'SEARCH'
11, 18046, 60.77004842702692, 60.77004842702692, 'SEARCH'
11, 18047, 60.78444546354907, 60.78444546354907, 'SEARCH'
11, 18048, 60.7635484616275, 60.7635484616275, 'SEARCH'
11, 18049, 60.7694387812613, 60.7694387812613, 'SEARCH'
11, 18050, 60.75565364295477, 60.75565364295477, 'SEARCH'
11, 18051, 60.72885690569741, 60.72885690569741, 'SEARCH'
11, 18052, 60.70487545297987, 60.70487545297987, 'SEARCH'
11, 18053, 60.71890727246184, 60.71890727246184, 'SEARCH'
11, 18054, 60.69682090668284, 60.69682090668284, 'SEARCH'
11, 18055, 60.710863696031105, 60.710863696031105, 'SEARCH'
11, 18056, 60.73863364143195, 60.73863364143195, 'SEARCH'
11, 18057, 60.76636457884664, 60.76636457884664, 'SEARCH'
11, 18058, 60.794141989344524, 60.794141989344524, 'SEARCH'
11, 18059, 60.804665386456016, 60.804665386456016, 'SEARCH'
11, 18060, 60.77786703742395, 60.77786703742395, 'SEARCH'
11, 18061, 60.78612497211071, 60.78612497211071, 'SEARCH'
11, 18062, 60.81332519786446, 60.81332519786446, 'SEARCH'
11, 18063, 60.82518143780906, 60.82518143780906, 'SEARCH'
11, 18064, 60.85227562703329, 60.85227562703329, 'SEARCH'
11, 18065, 60.831708551016234, 60.831708551016234, 'SEARCH'
11, 18066, 60.85823470949351, 60.85823470949351, 'SEARCH'
11, 18067, 60.861249397063155, 60.861249397063155, 'SEARCH'
11, 18068, 60.844238878325704, 60.844238878325704, 'SEARCH'
11, 18069, 60.82101332446287, 60.82101332446287, 'SEARCH'
11, 18070, 60.835856852114574, 60.835856852114574, 'SEARCH'
11, 18071, 60.85268723759984, 60.85268723759984, 'SEARCH'
11, 18072, 60.829735274552675, 60.829735274552675, 'SEARCH'
11, 18073, 60.85594940438203, 60.85594940438203, 'SEARCH'
11, 18074, 60.830628914775154, 60.830628914775154, 'SEARCH'
11, 18075, 60.8140343818713, 60.8140343818713, 'SEARCH'
11, 18076, 60.81902240242697, 60.81902240242697, 'SEARCH'
11, 18077, 60.837735143462844, 60.837735143462844, 'SEARCH'
11, 18078, 60.86058254566344, 60.86058254566344, 'SEARCH'
11, 18079, 60.877804737816035, 60.877804737816035, 'SEARCH'
11, 18080, 60.87843723302243, 60.87843723302243, 'SEARCH'
11, 18081, 60.88245455642089, 60.88245455642089, 'SEARCH'
11, 18082, 60.90948483240729, 60.90948483240729, 'SEARCH'
11, 18083, 60.88343025790176, 60.88343025790176, 'SEARCH'
11, 18084, 60.90449659928928, 60.90449659928928, 'SEARCH'
11, 18085, 60.8773569496569, 60.8773569496569, 'SEARCH'
11, 18086, 60.87126878598297, 60.87126878598297, 'SEARCH'
11, 18087, 60.89856878932072, 60.89856878932072, 'SEARCH'
11, 18088, 60.87770922434487, 60.87770922434487, 'SEARCH'
11, 18089, 60.85183951138564, 60.85183951138564, 'SEARCH'
11, 18090, 60.87937295387265, 60.87937295387265, 'SEARCH'
11, 18091, 60.90166299290029, 60.90166299290029, 'SEARCH'
11, 18092, 60.929146708238896, 60.929146708238896, 'SEARCH'
11, 18093, 60.94784511117313, 60.94784511117313, 'SEARCH'
11, 18094, 60.974638830963386, 60.974638830963386, 'SEARCH'
11, 18095, 60.972827670295274, 60.972827670295274, 'SEARCH'
11, 18096, 60.95660843825612, 60.95660843825612, 'SEARCH'
11, 18097, 60.94679144813025, 60.94679144813025, 'SEARCH'
11, 18098, 60.921479952635664, 60.921479952635664, 'SEARCH'
11, 18099, 60.94287110965177, 60.94287110965177, 'SEARCH'
11, 18100, 60.964562817893345, 60.964562817893345, 'SEARCH'
11, 18101, 60.990931996425424, 60.990931996425424, 'SEARCH'
11, 18102, 61.017082256465514, 61.017082256465514, 'SEARCH'
11, 18103, 61.02980630759087, 61.02980630759087, 'SEARCH'
11, 18104, 61.00740721597419, 61.00740721597419, 'SEARCH'
11, 18105, 60.9844575901878, 60.9844575901878, 'SEARCH'
11, 18106, 60.988958502086625, 60.988958502086625, 'SEARCH'
11, 18107, 61.01406547906437, 61.01406547906437, 'SEARCH'
11, 18108, 61.035742919433, 61.035742919433, 'SEARCH'
11, 18109, 61.0449135758584, 61.0449135758584, 'SEARCH'
11, 18110, 61.050820425165874, 61.050820425165874, 'SEARCH'
11, 18111, 61.02493690553369, 61.02493690553369, 'SEARCH'
11, 18112, 61.012031887074016, 61.012031887074016, 'SEARCH'
11, 18113, 61.025219200251954, 61.025219200251954, 'SEARCH'
11, 18114, 61.04966836511554, 61.04966836511554, 'SEARCH'
11, 18115, 61.07134770730044, 61.07134770730044, 'SEARCH'
11, 18116, 61.04623093055999, 61.04623093055999, 'SEARCH'
11, 18117, 61.07343340458281, 61.07343340458281, 'SEARCH'
11, 18118, 61.10022813123062, 61.10022813123062, 'SEARCH'
11, 18119, 61.07281183106583, 61.07281183106583, 'SEARCH'
11, 18120, 61.07872370053663, 61.07872370053663, 'SEARCH'
11, 18121, 61.10546413877246, 61.10546413877246, 'SEARCH'
11, 18122, 61.07879792060887, 61.07879792060887, 'SEARCH'
11, 18123, 61.106573617683566, 61.106573617683566, 'SEARCH'
11, 18124, 61.12854184015942, 61.12854184015942, 'SEARCH'
11, 18125, 61.15609775551229, 61.15609775551229, 'SEARCH'
11, 18126, 61.16431735821734, 61.16431735821734, 'SEARCH'
11, 18127, 61.19209251619057, 61.19209251619057, 'SEARCH'
11, 18128, 61.184519802485354, 61.184519802485354, 'SEARCH'
11, 18129, 61.20522752385254, 61.20522752385254, 'SEARCH'
11, 18130, 61.19535575198471, 61.19535575198471, 'SEARCH'
11, 18131, 61.171851875538536, 61.171851875538536, 'SEARCH'
11, 18132, 61.17342194475515, 61.17342194475515, 'SEARCH'
11, 18133, 61.20008999870565, 61.20008999870565, 'SEARCH'
11, 18134, 61.194891933827456, 61.194891933827456, 'SEARCH'
11, 18135, 61.18549730252894, 61.18549730252894, 'SEARCH'
11, 18136, 61.201530950161775, 61.201530950161775, 'SEARCH'
11, 18137, 61.22791226043271, 61.22791226043271, 'SEARCH'
11, 18138, 61.25525021778724, 61.25525021778724, 'SEARCH'
11, 18139, 61.28286685951614, 61.28286685951614, 'SEARCH'
11, 18140, 61.289652684267146, 61.289652684267146, 'SEARCH'
11, 18141, 61.26515897549335, 61.26515897549335, 'SEARCH'
11, 18142, 61.274284086153266, 61.274284086153266, 'SEARCH'
11, 18143, 61.29736105258512, 61.29736105258512, 'SEARCH'
11, 18144, 61.323266533800386, 61.323266533800386, 'SEARCH'
11, 18145, 61.34489082775843, 61.34489082775843, 'SEARCH'
11, 18146, 61.36944039199345, 61.36944039199345, 'SEARCH'
11, 18147, 61.35862158604533, 61.35862158604533, 'SEARCH'
11, 18148, 61.33867425450534, 61.33867425450534, 'SEARCH'
11, 18149, 61.31840326506264, 61.31840326506264, 'SEARCH'
11, 18150, 61.292328428056564, 61.292328428056564, 'SEARCH'
11, 18151, 61.317122957060604, 61.317122957060604, 'SEARCH'
11, 18152, 61.306348559621455, 61.306348559621455, 'SEARCH'
11, 18153, 61.30693091930876, 61.30693091930876, 'SEARCH'
11, 18154, 61.33438261977433, 61.33438261977433, 'SEARCH'
11, 18155, 61.35632567091324, 61.35632567091324, 'SEARCH'
11, 18156, 61.336739222364564, 61.336739222364564, 'SEARCH'
11, 18157, 61.31181398056781, 61.31181398056781, 'SEARCH'
11, 18158, 61.33942776908775, 61.33942776908775, 'SEARCH'
11, 18159, 61.36679972459647, 61.36679972459647, 'SEARCH'
11, 18160, 61.38580180111628, 61.38580180111628, 'SEARCH'
11, 18161, 61.41346751464303, 61.41346751464303, 'SEARCH'
11, 18162, 61.42210372354694, 61.42210372354694, 'SEARCH'
11, 18163, 61.39675005291305, 61.39675005291305, 'SEARCH'
11, 18164, 61.39104584710702, 61.39104584710702, 'SEARCH'
11, 18165, 61.40458410886073, 61.40458410886073, 'SEARCH'
11, 18166, 61.40224143274882, 61.40224143274882, 'SEARCH'
11, 18167, 61.409513565651814, 61.409513565651814, 'SEARCH'
11, 18168, 61.43485436689416, 61.43485436689416, 'SEARCH'
11, 18169, 61.45870032806303, 61.45870032806303, 'SEARCH'
11, 18170, 61.47221831112235, 61.47221831112235, 'SEARCH'
11, 18171, 61.488979591310155, 61.488979591310155, 'SEARCH'
11, 18172, 61.46597876887933, 61.46597876887933, 'SEARCH'
11, 18173, 61.4904736519394, 61.4904736519394, 'SEARCH'
11, 18174, 61.470866919570575, 61.470866919570575, 'SEARCH'
11, 18175, 61.498581508776695, 61.498581508776695, 'SEARCH'
11, 18176, 61.524531905391356, 61.524531905391356, 'SEARCH'
11, 18177, 61.4989763750448, 61.4989763750448, 'SEARCH'
11, 18178, 61.52506067753954, 61.52506067753954, 'SEARCH'
11, 18179, 61.52461174462821, 61.52461174462821, 'SEARCH'
11, 18180, 61.50335963953199, 61.50335963953199, 'SEARCH'
11, 18181, 61.53111840749965, 61.53111840749965, 'SEARCH'
11, 18182, 61.51811411997901, 61.51811411997901, 'SEARCH'
11, 18183, 61.54569139705182, 61.54569139705182, 'SEARCH'
11, 18184, 61.54138402361432, 61.54138402361432, 'SEARCH'
11, 18185, 61.54046126084138, 61.54046126084138, 'SEARCH'
11, 18186, 61.56081271992069, 61.56081271992069, 'SEARCH'
11, 18187, 61.559888012746924, 61.559888012746924, 'SEARCH'
11, 18188, 61.536104125772994, 61.536104125772994, 'SEARCH'
11, 18189, 61.562390631444195, 61.562390631444195, 'SEARCH'
11, 18190, 61.54982822334478, 61.54982822334478, 'SEARCH'
11, 18191, 61.55566899900364, 61.55566899900364, 'SEARCH'
11, 18192, 61.554768594523445, 61.554768594523445, 'SEARCH'
11, 18193, 61.536237694835165, 61.536237694835165, 'SEARCH'
11, 18194, 61.55788203489016, 61.55788203489016, 'SEARCH'
11, 18195, 61.58562588448459, 61.58562588448459, 'SEARCH'
11, 18196, 61.564079534964314, 61.564079534964314, 'SEARCH'
11, 18197, 61.57927677392073, 61.57927677392073, 'SEARCH'
11, 18198, 61.6048764808192, 61.6048764808192, 'SEARCH'
11, 18199, 61.59869051286744, 61.59869051286744, 'SEARCH'
11, 18200, 61.575434285564015, 61.575434285564015, 'SEARCH'
11, 18201, 61.5678648971996, 61.5678648971996, 'SEARCH'
11, 18202, 61.55122839821544, 61.55122839821544, 'SEARCH'
11, 18203, 61.578645903691275, 61.578645903691275, 'SEARCH'
11, 18204, 61.595824747904764, 61.595824747904764, 'SEARCH'
11, 18205, 61.62316434181521, 61.62316434181521, 'SEARCH'
11, 18206, 61.65066126452435, 61.65066126452435, 'SEARCH'
11, 18207, 61.630385216548966, 61.630385216548966, 'SEARCH'
11, 18208, 61.60661305697032, 61.60661305697032, 'SEARCH'
11, 18209, 61.63257829619622, 61.63257829619622, 'SEARCH'
11, 18210, 61.65976505667876, 61.65976505667876, 'SEARCH'
11, 18211, 61.65692347435762, 61.65692347435762, 'SEARCH'
11, 18212, 61.63507731423575, 61.63507731423575, 'SEARCH'
11, 18213, 61.62844118623508, 61.62844118623508, 'SEARCH'
11, 18214, 61.60493534808692, 61.60493534808692, 'SEARCH'
11, 18215, 61.61223412721277, 61.61223412721277, 'SEARCH'
11, 18216, 61.63195678857814, 61.63195678857814, 'SEARCH'
11, 18217, 61.65855182801402, 61.65855182801402, 'SEARCH'
11, 18218, 61.65098415134586, 61.65098415134586, 'SEARCH'
11, 18219, 61.67293635955108, 61.67293635955108, 'SEARCH'
11, 18220, 61.70070812868405, 61.70070812868405, 'SEARCH'
11, 18221, 61.7032049443883, 61.7032049443883, 'SEARCH'
11, 18222, 61.729598222789456, 61.729598222789456, 'SEARCH'
11, 18223, 61.75599701918221, 61.75599701918221, 'SEARCH'
11, 18224, 61.78176894065572, 61.78176894065572, 'SEARCH'
11, 18225, 61.789920588247895, 61.789920588247895, 'SEARCH'
11, 18226, 61.81423118254282, 61.81423118254282, 'SEARCH'
11, 18227, 61.79328037854074, 61.79328037854074, 'SEARCH'
11, 18228, 61.79861674735191, 61.79861674735191, 'SEARCH'
11, 18229, 61.777678377823, 61.777678377823, 'SEARCH'
11, 18230, 61.7587747856379, 61.7587747856379, 'SEARCH'
11, 18231, 61.73884281356342, 61.73884281356342, 'SEARCH'
11, 18232, 61.76244598025443, 61.76244598025443, 'SEARCH'
11, 18233, 61.745789937850375, 61.745789937850375, 'SEARCH'
11, 18234, 61.773524730002364, 61.773524730002364, 'SEARCH'
11, 18235, 61.80129688710302, 61.80129688710302, 'SEARCH'
11, 18236, 61.806176641329465, 61.806176641329465, 'SEARCH'
11, 18237, 61.82444563553309, 61.82444563553309, 'SEARCH'
11, 18238, 61.84479724860193, 61.84479724860193, 'SEARCH'
11, 18239, 61.86974407361178, 61.86974407361178, 'SEARCH'
11, 18240, 61.897318091424104, 61.897318091424104, 'SEARCH'
11, 18241, 61.91828951816689, 61.91828951816689, 'SEARCH'
11, 18242, 61.93500833095274, 61.93500833095274, 'SEARCH'
11, 18243, 61.95975698997655, 61.95975698997655, 'SEARCH'
11, 18244, 61.980710801470835, 61.980710801470835, 'SEARCH'
11, 18245, 62.00288024922755, 62.00288024922755, 'SEARCH'
11, 18246, 62.014146783349894, 62.014146783349894, 'SEARCH'
11, 18247, 61.99740075798084, 61.99740075798084, 'SEARCH'
11, 18248, 62.024575969345754, 62.024575969345754, 'SEARCH'
11, 18249, 62.02936093575562, 62.02936093575562, 'SEARCH'
11, 18250, 62.02166937610208, 62.02166937610208, 'SEARCH'
11, 18251, 62.047249143163484, 62.047249143163484, 'SEARCH'
11, 18252, 62.075008429778926, 62.075008429778926, 'SEARCH'
11, 18253, 62.09128663906494, 62.09128663906494, 'SEARCH'
11, 18254, 62.075299974229644, 62.075299974229644, 'SEARCH'
11, 18255, 62.10307437149429, 62.10307437149429, 'SEARCH'
11, 18256, 62.13084663841094, 62.13084663841094, 'SEARCH'
11, 18257, 62.13076125825369, 62.13076125825369, 'SEARCH'
11, 18258, 62.104631590793396, 62.104631590793396, 'SEARCH'
11, 18259, 62.07834720428309, 62.07834720428309, 'SEARCH'
11, 18260, 62.10459737856349, 62.10459737856349, 'SEARCH'
11, 18261, 62.13178009768904, 62.13178009768904, 'SEARCH'
11, 18262, 62.15237234174928, 62.15237234174928, 'SEARCH'
11, 18263, 62.179097175561694, 62.179097175561694, 'SEARCH'
11, 18264, 62.160078101014996, 62.160078101014996, 'SEARCH'
11, 18265, 62.18409104579661, 62.18409104579661, 'SEARCH'
11, 18266, 62.183992839384906, 62.183992839384906, 'SEARCH'
11, 18267, 62.170445214041514, 62.170445214041514, 'SEARCH'
11, 18268, 62.163648577366445, 62.163648577366445, 'SEARCH'
11, 18269, 62.19135378109599, 62.19135378109599, 'SEARCH'
11, 18270, 62.21377597429109, 62.21377597429109, 'SEARCH'
11, 18271, 62.21029536920944, 62.21029536920944, 'SEARCH'
11, 18272, 62.19980793333195, 62.19980793333195, 'SEARCH'
11, 18273, 62.20503324277701, 62.20503324277701, 'SEARCH'
11, 18274, 62.22130084143174, 62.22130084143174, 'SEARCH'
11, 18275, 62.206926489266586, 62.206926489266586, 'SEARCH'
11, 18276, 62.18829109820363, 62.18829109820363, 'SEARCH'
11, 18277, 62.18582088505041, 62.18582088505041, 'SEARCH'
11, 18278, 62.195736283523104, 62.195736283523104, 'SEARCH'
11, 18279, 62.17822201322391, 62.17822201322391, 'SEARCH'
11, 18280, 62.18585234944915, 62.18585234944915, 'SEARCH'
11, 18281, 62.1655189990341, 62.1655189990341, 'SEARCH'
11, 18282, 62.16502442071254, 62.16502442071254, 'SEARCH'
11, 18283, 62.16453604935892, 62.16453604935892, 'SEARCH'
11, 18284, 62.191802969378024, 62.191802969378024, 'SEARCH'
11, 18285, 62.16876556339962, 62.16876556339962, 'SEARCH'
11, 18286, 62.15530054473673, 62.15530054473673, 'SEARCH'
11, 18287, 62.18026016131141, 62.18026016131141, 'SEARCH'
11, 18288, 62.18122725160585, 62.18122725160585, 'SEARCH'
11, 18289, 62.156262054641104, 62.156262054641104, 'SEARCH'
11, 18290, 62.18402363677388, 62.18402363677388, 'SEARCH'
11, 18291, 62.21153052010052, 62.21153052010052, 'SEARCH'
11, 18292, 62.21103191833967, 62.21103191833967, 'SEARCH'
11, 18293, 62.22961323934534, 62.22961323934534, 'SEARCH'
11, 18294, 62.20771500097393, 62.20771500097393, 'SEARCH'
11, 18295, 62.18318986219331, 62.18318986219331, 'SEARCH'
11, 18296, 62.17462557129875, 62.17462557129875, 'SEARCH'
11, 18297, 62.15217139927617, 62.15217139927617, 'SEARCH'
11, 18298, 62.17857447646256, 62.17857447646256, 'SEARCH'
11, 18299, 62.2013462909504, 62.2013462909504, 'SEARCH'
11, 18300, 62.22294624075058, 62.22294624075058, 'SEARCH'
11, 18301, 62.25045225213046, 62.25045225213046, 'SEARCH'
11, 18302, 62.27780934579143, 62.27780934579143, 'SEARCH'
11, 18303, 62.25993448819526, 62.25993448819526, 'SEARCH'
11, 18304, 62.27956927015732, 62.27956927015732, 'SEARCH'
11, 18305, 62.30684012306479, 62.30684012306479, 'SEARCH'
11, 18306, 62.31210492127036, 62.31210492127036, 'SEARCH'
11, 18307, 62.300776025909926, 62.300776025909926, 'SEARCH'
11, 18308, 62.32616085809185, 62.32616085809185, 'SEARCH'
11, 18309, 62.303384108283716, 62.303384108283716, 'SEARCH'
11, 18310, 62.32401247842452, 62.32401247842452, 'SEARCH'
11, 18311, 62.31820722627566, 62.31820722627566, 'SEARCH'
11, 18312, 62.30823280564803, 62.30823280564803, 'SEARCH'
11, 18313, 62.332763530837966, 62.332763530837966, 'SEARCH'
11, 18314, 62.33176663364635, 62.33176663364635, 'SEARCH'
11, 18315, 62.33704635436116, 62.33704635436116, 'SEARCH'
11, 18316, 62.33509036176631, 62.33509036176631, 'SEARCH'
11, 18317, 62.33798280794535, 62.33798280794535, 'SEARCH'
11, 18318, 62.3656076783304, 62.3656076783304, 'SEARCH'
11, 18319, 62.36558397121101, 62.36558397121101, 'SEARCH'
11, 18320, 62.39032610280889, 62.39032610280889, 'SEARCH'
11, 18321, 62.40623378705309, 62.40623378705309, 'SEARCH'
11, 18322, 62.43341192806997, 62.43341192806997, 'SEARCH'
11, 18323, 62.45335614359043, 62.45335614359043, 'SEARCH'
11, 18324, 62.4302925896841, 62.4302925896841, 'SEARCH'
11, 18325, 62.43411452009569, 62.43411452009569, 'SEARCH'
11, 18326, 62.45815030617116, 62.45815030617116, 'SEARCH'
11, 18327, 62.46760104379377, 62.46760104379377, 'SEARCH'
11, 18328, 62.476594168955806, 62.476594168955806, 'SEARCH'
11, 18329, 62.50341159142704, 62.50341159142704, 'SEARCH'
11, 18330, 62.53118928439101, 62.53118928439101, 'SEARCH'
11, 18331, 62.5335244740947, 62.5335244740947, 'SEARCH'
11, 18332, 62.55948641060479, 62.55948641060479, 'SEARCH'
11, 18333, 62.58470377937086, 62.58470377937086, 'SEARCH'
11, 18334, 62.61242190719735, 62.61242190719735, 'SEARCH'
11, 18335, 62.58644055365444, 62.58644055365444, 'SEARCH'
11, 18336, 62.604205286956365, 62.604205286956365, 'SEARCH'
11, 18337, 62.58937984484537, 62.58937984484537, 'SEARCH'
11, 18338, 62.603173237175575, 62.603173237175575, 'SEARCH'
11, 18339, 62.62437899970143, 62.62437899970143, 'SEARCH'
11, 18340, 62.636006598363934, 62.636006598363934, 'SEARCH'
11, 18341, 62.610388372215, 62.610388372215, 'SEARCH'
11, 18342, 62.61747471176992, 62.61747471176992, 'SEARCH'
11, 18343, 62.641718447029724, 62.641718447029724, 'SEARCH'
11, 18344, 62.66127683329342, 62.66127683329342, 'SEARCH'
11, 18345, 62.64295811059729, 62.64295811059729, 'SEARCH'
11, 18346, 62.635662651924605, 62.635662651924605, 'SEARCH'
11, 18347, 62.636048015128154, 62.636048015128154, 'SEARCH'
11, 18348, 62.64591516027087, 62.64591516027087, 'SEARCH'
11, 18349, 62.631527767741616, 62.631527767741616, 'SEARCH'
11, 18350, 62.657602849361766, 62.657602849361766, 'SEARCH'
11, 18351, 62.685184938720376, 62.685184938720376, 'SEARCH'
11, 18352, 62.68604164402845, 62.68604164402845, 'SEARCH'
11, 18353, 62.70979638935527, 62.70979638935527, 'SEARCH'
11, 18354, 62.721866000697226, 62.721866000697226, 'SEARCH'
11, 18355, 62.73170704182646, 62.73170704182646, 'SEARCH'
11, 18356, 62.75661970689549, 62.75661970689549, 'SEARCH'
11, 18357, 62.73351539951777, 62.73351539951777, 'SEARCH'
11, 18358, 62.7094006456714, 62.7094006456714, 'SEARCH'
11, 18359, 62.68242419477916, 62.68242419477916, 'SEARCH'
11, 18360, 62.68040629863937, 62.68040629863937, 'SEARCH'
11, 18361, 62.66816365596937, 62.66816365596937, 'SEARCH'
11, 18362, 62.68115164300205, 62.68115164300205, 'SEARCH'
11, 18363, 62.70796659402793, 62.70796659402793, 'SEARCH'
11, 18364, 62.734646608756364, 62.734646608756364, 'SEARCH'
11, 18365, 62.76054567236423, 62.76054567236423, 'SEARCH'
11, 18366, 62.73475027680807, 62.73475027680807, 'SEARCH'
11, 18367, 62.76236640415418, 62.76236640415418, 'SEARCH'
11, 18368, 62.76419798685684, 62.76419798685684, 'SEARCH'
11, 18369, 62.74818228530899, 62.74818228530899, 'SEARCH'
11, 18370, 62.749065479517796, 62.749065479517796, 'SEARCH'
11, 18371, 62.77662624373542, 62.77662624373542, 'SEARCH'
11, 18372, 62.80223383479013, 62.80223383479013, 'SEARCH'
11, 18373, 62.821445967657404, 62.821445967657404, 'SEARCH'
11, 18374, 62.813669874194986, 62.813669874194986, 'SEARCH'
11, 18375, 62.79610061555898, 62.79610061555898, 'SEARCH'
11, 18376, 62.78515717197579, 62.78515717197579, 'SEARCH'
11, 18377, 62.80729021999621, 62.80729021999621, 'SEARCH'
11, 18378, 62.81249663042366, 62.81249663042366, 'SEARCH'
11, 18379, 62.813373173552925, 62.813373173552925, 'SEARCH'
11, 18380, 62.83851132002544, 62.83851132002544, 'SEARCH'
11, 18381, 62.83744095309958, 62.83744095309958, 'SEARCH'
11, 18382, 62.85208093440257, 62.85208093440257, 'SEARCH'
11, 18383, 62.82686425432677, 62.82686425432677, 'SEARCH'
11, 18384, 62.819131100419575, 62.819131100419575, 'SEARCH'
11, 18385, 62.792161873589365, 62.792161873589365, 'SEARCH'
11, 18386, 62.76784269141549, 62.76784269141549, 'SEARCH'
11, 18387, 62.79342450090353, 62.79342450090353, 'SEARCH'
11, 18388, 62.76910520252172, 62.76910520252172, 'SEARCH'
11, 18389, 62.795513662728744, 62.795513662728744, 'SEARCH'
11, 18390, 62.77389691540544, 62.77389691540544, 'SEARCH'
11, 18391, 62.74795378044099, 62.74795378044099, 'SEARCH'
11, 18392, 62.77572749994732, 62.77572749994732, 'SEARCH'
11, 18393, 62.757850851748614, 62.757850851748614, 'SEARCH'
11, 18394, 62.78491404022008, 62.78491404022008, 'SEARCH'
11, 18395, 62.81234546033207, 62.81234546033207, 'SEARCH'
11, 18396, 62.831955774763074, 62.831955774763074, 'SEARCH'
11, 18397, 62.81406008269022, 62.81406008269022, 'SEARCH'
11, 18398, 62.84017515703738, 62.84017515703738, 'SEARCH'
11, 18399, 62.85566217291494, 62.85566217291494, 'SEARCH'
11, 18400, 62.876902240438326, 62.876902240438326, 'SEARCH'
11, 18401, 62.90139548222166, 62.90139548222166, 'SEARCH'
11, 18402, 62.89459467187781, 62.89459467187781, 'SEARCH'
11, 18403, 62.90402669429478, 62.90402669429478, 'SEARCH'
11, 18404, 62.879696282763945, 62.879696282763945, 'SEARCH'
11, 18405, 62.88109564641033, 62.88109564641033, 'SEARCH'
11, 18406, 62.90202746815749, 62.90202746815749, 'SEARCH'
11, 18407, 62.906314819157785, 62.906314819157785, 'SEARCH'
11, 18408, 62.92449679433515, 62.92449679433515, 'SEARCH'
11, 18409, 62.926855417002656, 62.926855417002656, 'SEARCH'
11, 18410, 62.941935618536505, 62.941935618536505, 'SEARCH'
11, 18411, 62.966929500789036, 62.966929500789036, 'SEARCH'
11, 18412, 62.95132880433002, 62.95132880433002, 'SEARCH'
11, 18413, 62.925733390594914, 62.925733390594914, 'SEARCH'
11, 18414, 62.90784202309498, 62.90784202309498, 'SEARCH'
11, 18415, 62.91453214959337, 62.91453214959337, 'SEARCH'
11, 18416, 62.92027893862916, 62.92027893862916, 'SEARCH'
11, 18417, 62.91734868267283, 62.91734868267283, 'SEARCH'
11, 18418, 62.94232339194388, 62.94232339194388, 'SEARCH'
11, 18419, 62.96088227753784, 62.96088227753784, 'SEARCH'
11, 18420, 62.98181671896831, 62.98181671896831, 'SEARCH'
11, 18421, 63.00508320930779, 63.00508320930779, 'SEARCH'
11, 18422, 62.98075596985567, 62.98075596985567, 'SEARCH'
11, 18423, 62.9902116421455, 62.9902116421455, 'SEARCH'
11, 18424, 62.963247389841236, 62.963247389841236, 'SEARCH'
11, 18425, 62.99081457312868, 62.99081457312868, 'SEARCH'
11, 18426, 62.96486525476653, 62.96486525476653, 'SEARCH'
11, 18427, 62.99257723876717, 62.99257723876717, 'SEARCH'
11, 18428, 62.97582377337485, 62.97582377337485, 'SEARCH'
11, 18429, 63.00098644819302, 63.00098644819302, 'SEARCH'
11, 18430, 63.027676144541346, 63.027676144541346, 'SEARCH'
11, 18431, 63.01676799179428, 63.01676799179428, 'SEARCH'
11, 18432, 63.04402652956911, 63.04402652956911, 'SEARCH'
11, 18433, 63.042509801533775, 63.042509801533775, 'SEARCH'
11, 18434, 63.05195788689012, 63.05195788689012, 'SEARCH'
11, 18435, 63.026366417182416, 63.026366417182416, 'SEARCH'
11, 18436, 63.013292956443834, 63.013292956443834, 'SEARCH'
11, 18437, 63.01761583412544, 63.01761583412544, 'SEARCH'
11, 18438, 63.036546003440385, 63.036546003440385, 'SEARCH'
11, 18439, 63.064320013722075, 63.064320013722075, 'SEARCH'
11, 18440, 63.085569627839384, 63.085569627839384, 'SEARCH'
11, 18441, 63.1119706143371, 63.1119706143371, 'SEARCH'
11, 18442, 63.11335338178556, 63.11335338178556, 'SEARCH'
11, 18443, 63.12187461637687, 63.12187461637687, 'SEARCH'
11, 18444, 63.134857687948674, 63.134857687948674, 'SEARCH'
11, 18445, 63.16125468892678, 63.16125468892678, 'SEARCH'
11, 18446, 63.188407877465046, 63.188407877465046, 'SEARCH'
11, 18447, 63.21538469230657, 63.21538469230657, 'SEARCH'
11, 18448, 63.24247724885945, 63.24247724885945, 'SEARCH'
11, 18449, 63.2365658321276, 63.2365658321276, 'SEARCH'
11, 18450, 63.21824465383247, 63.21824465383247, 'SEARCH'
11, 18451, 63.19852349045108, 63.19852349045108, 'SEARCH'
11, 18452, 63.21233009159628, 63.21233009159628, 'SEARCH'
11, 18453, 63.240087330625286, 63.240087330625286, 'SEARCH'
11, 18454, 63.26780534499308, 63.26780534499308, 'SEARCH'
11, 18455, 63.247397743571426, 63.247397743571426, 'SEARCH'
11, 18456, 63.22945245074357, 63.22945245074357, 'SEARCH'
11, 18457, 63.23512882722072, 63.23512882722072, 'SEARCH'
11, 18458, 63.26151638262531, 63.26151638262531, 'SEARCH'
11, 18459, 63.25705811771742, 63.25705811771742, 'SEARCH'
11, 18460, 63.23540470896413, 63.23540470896413, 'SEARCH'
11, 18461, 63.23677176860059, 63.23677176860059, 'SEARCH'
11, 18462, 63.21397092523258, 63.21397092523258, 'SEARCH'
11, 18463, 63.24154922116153, 63.24154922116153, 'SEARCH'
11, 18464, 63.216339551292236, 63.216339551292236, 'SEARCH'
11, 18465, 63.206326686897455, 63.206326686897455, 'SEARCH'
11, 18466, 63.22141374971316, 63.22141374971316, 'SEARCH'
11, 18467, 63.24202012760243, 63.24202012760243, 'SEARCH'
11, 18468, 63.2662840165562, 63.2662840165562, 'SEARCH'
11, 18469, 63.239561149669996, 63.239561149669996, 'SEARCH'
11, 18470, 63.236118751919044, 63.236118751919044, 'SEARCH'
11, 18471, 63.21333646369488, 63.21333646369488, 'SEARCH'
11, 18472, 63.2405009425926, 63.2405009425926, 'SEARCH'
11, 18473, 63.22915981981772, 63.22915981981772, 'SEARCH'
11, 18474, 63.21241592154195, 63.21241592154195, 'SEARCH'
11, 18475, 63.23737481938998, 63.23737481938998, 'SEARCH'
11, 18476, 63.26394794749419, 63.26394794749419, 'SEARCH'
11, 18477, 63.29076602394078, 63.29076602394078, 'SEARCH'
11, 18478, 63.267173651118036, 63.267173651118036, 'SEARCH'
11, 18479, 63.27384715990803, 63.27384715990803, 'SEARCH'
11, 18480, 63.30042466520698, 63.30042466520698, 'SEARCH'
11, 18481, 63.32134554075083, 63.32134554075083, 'SEARCH'
11, 18482, 63.336410853151754, 63.336410853151754, 'SEARCH'
11, 18483, 63.36411523637601, 63.36411523637601, 'SEARCH'
11, 18484, 63.38652984681684, 63.38652984681684, 'SEARCH'
11, 18485, 63.414247406668515, 63.414247406668515, 'SEARCH'
11, 18486, 63.3938443427246, 63.3938443427246, 'SEARCH'
11, 18487, 63.42064669997217, 63.42064669997217, 'SEARCH'
11, 18488, 63.40623117866861, 63.40623117866861, 'SEARCH'
11, 18489, 63.393091403343824, 63.393091403343824, 'SEARCH'
11, 18490, 63.39202433265729, 63.39202433265729, 'SEARCH'
11, 18491, 63.41847043576978, 63.41847043576978, 'SEARCH'
11, 18492, 63.446241837486035, 63.446241837486035, 'SEARCH'
11, 18493, 63.4639981010992, 63.4639981010992, 'SEARCH'
11, 18494, 63.49014687417024, 63.49014687417024, 'SEARCH'
11, 18495, 63.46972559465367, 63.46972559465367, 'SEARCH'
11, 18496, 63.461936734809015, 63.461936734809015, 'SEARCH'
11, 18497, 63.4500829437944, 63.4500829437944, 'SEARCH'
11, 18498, 63.43868191869577, 63.43868191869577, 'SEARCH'
11, 18499, 63.46369171076391, 63.46369171076391, 'SEARCH'
11, 18500, 63.49146707664267, 63.49146707664267, 'SEARCH'
11, 18501, 63.50807407673355, 63.50807407673355, 'SEARCH'
11, 18502, 63.483946285463176, 63.483946285463176, 'SEARCH'
11, 18503, 63.46228091549923, 63.46228091549923, 'SEARCH'
11, 18504, 63.46169050772161, 63.46169050772161, 'SEARCH'
11, 18505, 63.48944773817719, 63.48944773817719, 'SEARCH'
11, 18506, 63.476732423864554, 63.476732423864554, 'SEARCH'
11, 18507, 63.501210175049636, 63.501210175049636, 'SEARCH'
11, 18508, 63.474348950339284, 63.474348950339284, 'SEARCH'
11, 18509, 63.468478942103154, 63.468478942103154, 'SEARCH'
11, 18510, 63.47558467236757, 63.47558467236757, 'SEARCH'
11, 18511, 63.4951661774582, 63.4951661774582, 'SEARCH'
11, 18512, 63.51062134766213, 63.51062134766213, 'SEARCH'
11, 18513, 63.53790750295573, 63.53790750295573, 'SEARCH'
11, 18514, 63.565324454511675, 63.565324454511675, 'SEARCH'
11, 18515, 63.55131762008336, 63.55131762008336, 'SEARCH'
11, 18516, 63.57769810570423, 63.57769810570423, 'SEARCH'
11, 18517, 63.5560245964809, 63.5560245964809, 'SEARCH'
11, 18518, 63.52882943283015, 63.52882943283015, 'SEARCH'
11, 18519, 63.52970017102659, 63.52970017102659, 'SEARCH'
11, 18520, 63.547853808023895, 63.547853808023895, 'SEARCH'
11, 18521, 63.562074275249984, 63.562074275249984, 'SEARCH'
11, 18522, 63.53772877102523, 63.53772877102523, 'SEARCH'
11, 18523, 63.532821652450224, 63.532821652450224, 'SEARCH'
11, 18524, 63.55967228464871, 63.55967228464871, 'SEARCH'
11, 18525, 63.54654749705475, 63.54654749705475, 'SEARCH'
11, 18526, 63.53343560396458, 63.53343560396458, 'SEARCH'
11, 18527, 63.53579098334803, 63.53579098334803, 'SEARCH'
11, 18528, 63.53138533060591, 63.53138533060591, 'SEARCH'
11, 18529, 63.51276005138435, 63.51276005138435, 'SEARCH'
11, 18530, 63.48548614875323, 63.48548614875323, 'SEARCH'
11, 18531, 63.48498713776103, 63.48498713776103, 'SEARCH'
11, 18532, 63.47685865940753, 63.47685865940753, 'SEARCH'
11, 18533, 63.478316861939085, 63.478316861939085, 'SEARCH'
11, 18534, 63.45256549047726, 63.45256549047726, 'SEARCH'
11, 18535, 63.47974248359061, 63.47974248359061, 'SEARCH'
11, 18536, 63.50471459439744, 63.50471459439744, 'SEARCH'
11, 18537, 63.49385965264545, 63.49385965264545, 'SEARCH'
11, 18538, 63.48715128898984, 63.48715128898984, 'SEARCH'
11, 18539, 63.50905463345132, 63.50905463345132, 'SEARCH'
11, 18540, 63.50424293003473, 63.50424293003473, 'SEARCH'
11, 18541, 63.50232700585868, 63.50232700585868, 'SEARCH'
11, 18542, 63.528270419347315, 63.528270419347315, 'SEARCH'
11, 18543, 63.555941250125116, 63.555941250125116, 'SEARCH'
11, 18544, 63.56359270718052, 63.56359270718052, 'SEARCH'
11, 18545, 63.55318299440177, 63.55318299440177, 'SEARCH'
11, 18546, 63.554161386479656, 63.554161386479656, 'SEARCH'
11, 18547, 63.573468151615366, 63.573468151615366, 'SEARCH'
11, 18548, 63.56912900047732, 63.56912900047732, 'SEARCH'
11, 18549, 63.59366275096397, 63.59366275096397, 'SEARCH'
11, 18550, 63.61722071244352, 63.61722071244352, 'SEARCH'
11, 18551, 63.64484744055055, 63.64484744055055, 'SEARCH'
11, 18552, 63.645301752251285, 63.645301752251285, 'SEARCH'
11, 18553, 63.64721527598663, 63.64721527598663, 'SEARCH'
11, 18554, 63.649134040196536, 63.649134040196536, 'SEARCH'
11, 18555, 63.64053720193815, 63.64053720193815, 'SEARCH'
11, 18556, 63.66760270535109, 63.66760270535109, 'SEARCH'
11, 18557, 63.69531150605337, 63.69531150605337, 'SEARCH'
11, 18558, 63.69865960695799, 63.69865960695799, 'SEARCH'
11, 18559, 63.72562027941987, 63.72562027941987, 'SEARCH'
11, 18560, 63.69843844443186, 63.69843844443186, 'SEARCH'
11, 18561, 63.723995001982374, 63.723995001982374, 'SEARCH'
11, 18562, 63.69944599013416, 63.69944599013416, 'SEARCH'
11, 18563, 63.72460923396276, 63.72460923396276, 'SEARCH'
11, 18564, 63.70211131928952, 63.70211131928952, 'SEARCH'
11, 18565, 63.693045574544364, 63.693045574544364, 'SEARCH'
11, 18566, 63.69206523674381, 63.69206523674381, 'SEARCH'
11, 18567, 63.70336018579792, 63.70336018579792, 'SEARCH'
11, 18568, 63.70383959378143, 63.70383959378143, 'SEARCH'
11, 18569, 63.68712325408155, 63.68712325408155, 'SEARCH'
11, 18570, 63.71490102610628, 63.71490102610628, 'SEARCH'
11, 18571, 63.742257049403584, 63.742257049403584, 'SEARCH'
11, 18572, 63.76969621503167, 63.76969621503167, 'SEARCH'
11, 18573, 63.77870025240099, 63.77870025240099, 'SEARCH'
11, 18574, 63.760082256893234, 63.760082256893234, 'SEARCH'
11, 18575, 63.77310204115008, 63.77310204115008, 'SEARCH'
11, 18576, 63.799926290400634, 63.799926290400634, 'SEARCH'
11, 18577, 63.782410933768496, 63.782410933768496, 'SEARCH'
11, 18578, 63.760806758238814, 63.760806758238814, 'SEARCH'
11, 18579, 63.774267202408815, 63.774267202408815, 'SEARCH'
11, 18580, 63.77087104153548, 63.77087104153548, 'SEARCH'
11, 18581, 63.79782417961786, 63.79782417961786, 'SEARCH'
11, 18582, 63.81675215988311, 63.81675215988311, 'SEARCH'
11, 18583, 63.84230968859879, 63.84230968859879, 'SEARCH'
11, 18584, 63.8167221388069, 63.8167221388069, 'SEARCH'
11, 18585, 63.79511866960599, 63.79511866960599, 'SEARCH'
11, 18586, 63.818672254265344, 63.818672254265344, 'SEARCH'
11, 18587, 63.828609000431406, 63.828609000431406, 'SEARCH'
11, 18588, 63.83530973256643, 63.83530973256643, 'SEARCH'
11, 18589, 63.82717097574688, 63.82717097574688, 'SEARCH'
11, 18590, 63.85479720957018, 63.85479720957018, 'SEARCH'
11, 18591, 63.876670324862694, 63.876670324862694, 'SEARCH'
11, 18592, 63.85769864048845, 63.85769864048845, 'SEARCH'
11, 18593, 63.83804328370568, 63.83804328370568, 'SEARCH'
11, 18594, 63.83417683243842, 63.83417683243842, 'SEARCH'
11, 18595, 63.861950532502085, 63.861950532502085, 'SEARCH'
11, 18596, 63.84335570977971, 63.84335570977971, 'SEARCH'
11, 18597, 63.83295693207928, 63.83295693207928, 'SEARCH'
11, 18598, 63.8577166774876, 63.8577166774876, 'SEARCH'
11, 18599, 63.8849828198715, 63.8849828198715, 'SEARCH'
11, 18600, 63.89447040753773, 63.89447040753773, 'SEARCH'
11, 18601, 63.90023187630742, 63.90023187630742, 'SEARCH'
11, 18602, 63.92679249245834, 63.92679249245834, 'SEARCH'
11, 18603, 63.945358323090566, 63.945358323090566, 'SEARCH'
11, 18604, 63.9624312279845, 63.9624312279845, 'SEARCH'
11, 18605, 63.956613560467105, 63.956613560467105, 'SEARCH'
11, 18606, 63.960447204958, 63.960447204958, 'SEARCH'
11, 18607, 63.982318760652184, 63.982318760652184, 'SEARCH'
11, 18608, 64.00787270090011, 64.00787270090011, 'SEARCH'
11, 18609, 64.0208646060482, 64.0208646060482, 'SEARCH'
11, 18610, 64.04621693881056, 64.04621693881056, 'SEARCH'
11, 18611, 64.07250532485949, 64.07250532485949, 'SEARCH'
11, 18612, 64.08714482565162, 64.08714482565162, 'SEARCH'
11, 18613, 64.11248045856692, 64.11248045856692, 'SEARCH'
11, 18614, 64.09144119220885, 64.09144119220885, 'SEARCH'
11, 18615, 64.07874541921922, 64.07874541921922, 'SEARCH'
11, 18616, 64.05177343038963, 64.05177343038963, 'SEARCH'
11, 18617, 64.0699523053558, 64.0699523053558, 'SEARCH'
11, 18618, 64.06554036071672, 64.06554036071672, 'SEARCH'
11, 18619, 64.05331167346712, 64.05331167346712, 'SEARCH'
11, 18620, 64.0808250383487, 64.0808250383487, 'SEARCH'
11, 18621, 64.10237252629892, 64.10237252629892, 'SEARCH'
11, 18622, 64.1301502044021, 64.1301502044021, 'SEARCH'
11, 18623, 64.15682579193223, 64.15682579193223, 'SEARCH'
11, 18624, 64.1845711083925, 64.1845711083925, 'SEARCH'
11, 18625, 64.18782575432468, 64.18782575432468, 'SEARCH'
11, 18626, 64.19856220079276, 64.19856220079276, 'SEARCH'
11, 18627, 64.22408123497283, 64.22408123497283, 'SEARCH'
11, 18628, 64.22296763352162, 64.22296763352162, 'SEARCH'
11, 18629, 64.19753606221154, 64.19753606221154, 'SEARCH'
11, 18630, 64.20272260263744, 64.20272260263744, 'SEARCH'
11, 18631, 64.19044428690262, 64.19044428690262, 'SEARCH'
11, 18632, 64.21674042599905, 64.21674042599905, 'SEARCH'
11, 18633, 64.18987859248033, 64.18987859248033, 'SEARCH'
11, 18634, 64.17632600561, 64.17632600561, 'SEARCH'
11, 18635, 64.16952605481066, 64.16952605481066, 'SEARCH'
11, 18636, 64.17617729604842, 64.17617729604842, 'SEARCH'
11, 18637, 64.20067112193993, 64.20067112193993, 'SEARCH'
11, 18638, 64.1768180465774, 64.1768180465774, 'SEARCH'
11, 18639, 64.20366550577482, 64.20366550577482, 'SEARCH'
11, 18640, 64.2294519103995, 64.2294519103995, 'SEARCH'
11, 18641, 64.20558782941752, 64.20558782941752, 'SEARCH'
11, 18642, 64.23316870130704, 64.23316870130704, 'SEARCH'
11, 18643, 64.26066134607524, 64.26066134607524, 'SEARCH'
11, 18644, 64.2488098992146, 64.2488098992146, 'SEARCH'
11, 18645, 64.2662061134186, 64.2662061134186, 'SEARCH'
11, 18646, 64.25349173878983, 64.25349173878983, 'SEARCH'
11, 18647, 64.27271495541397, 64.27271495541397, 'SEARCH'
11, 18648, 64.24542675036885, 64.24542675036885, 'SEARCH'
11, 18649, 64.2678469707495, 64.2678469707495, 'SEARCH'
11, 18650, 64.29542985078287, 64.29542985078287, 'SEARCH'
11, 18651, 64.32314820332505, 64.32314820332505, 'SEARCH'
11, 18652, 64.30306786833917, 64.30306786833917, 'SEARCH'
11, 18653, 64.32192196969774, 64.32192196969774, 'SEARCH'
11, 18654, 64.29594222490165, 64.29594222490165, 'SEARCH'
11, 18655, 64.32224244171314, 64.32224244171314, 'SEARCH'
11, 18656, 64.34998873915858, 64.34998873915858, 'SEARCH'
11, 18657, 64.37586657764362, 64.37586657764362, 'SEARCH'
11, 18658, 64.4036438442771, 64.4036438442771, 'SEARCH'
11, 18659, 64.38795471712196, 64.38795471712196, 'SEARCH'
11, 18660, 64.40567811588204, 64.40567811588204, 'SEARCH'
11, 18661, 64.43028807681407, 64.43028807681407, 'SEARCH'
11, 18662, 64.43057264531072, 64.43057264531072, 'SEARCH'
11, 18663, 64.44301062934524, 64.44301062934524, 'SEARCH'
11, 18664, 64.41601107699488, 64.41601107699488, 'SEARCH'
11, 18665, 64.44188048409394, 64.44188048409394, 'SEARCH'
11, 18666, 64.46936059058946, 64.46936059058946, 'SEARCH'
11, 18667, 64.48178332250858, 64.48178332250858, 'SEARCH'
11, 18668, 64.49332870526179, 64.49332870526179, 'SEARCH'
11, 18669, 64.52102291901241, 64.52102291901241, 'SEARCH'
11, 18670, 64.54150746521654, 64.54150746521654, 'SEARCH'
11, 18671, 64.56591737409614, 64.56591737409614, 'SEARCH'
11, 18672, 64.58764522346478, 64.58764522346478, 'SEARCH'
11, 18673, 64.56714521895863, 64.56714521895863, 'SEARCH'
11, 18674, 64.5432059027524, 64.5432059027524, 'SEARCH'
11, 18675, 64.55429210693173, 64.55429210693173, 'SEARCH'
11, 18676, 64.58194284968924, 64.58194284968924, 'SEARCH'
11, 18677, 64.55504718252415, 64.55504718252415, 'SEARCH'
11, 18678, 64.54857295924332, 64.54857295924332, 'SEARCH'
11, 18679, 64.57299504552842, 64.57299504552842, 'SEARCH'
11, 18680, 64.60039064598072, 64.60039064598072, 'SEARCH'
11, 18681, 64.57894786433091, 64.57894786433091, 'SEARCH'
11, 18682, 64.59910144866065, 64.59910144866065, 'SEARCH'
11, 18683, 64.59355969188087, 64.59355969188087, 'SEARCH'
11, 18684, 64.62056835477095, 64.62056835477095, 'SEARCH'
11, 18685, 64.599754426958, 64.599754426958, 'SEARCH'
11, 18686, 64.60290421123534, 64.60290421123534, 'SEARCH'
11, 18687, 64.62633699166494, 64.62633699166494, 'SEARCH'
11, 18688, 64.65283026735575, 64.65283026735575, 'SEARCH'
11, 18689, 64.6573899677176, 64.6573899677176, 'SEARCH'
11, 18690, 64.67188511235035, 64.67188511235035, 'SEARCH'
11, 18691, 64.65345895175005, 64.65345895175005, 'SEARCH'
11, 18692, 64.62859604680986, 64.62859604680986, 'SEARCH'
11, 18693, 64.61797818723686, 64.61797818723686, 'SEARCH'
11, 18694, 64.63333260816664, 64.63333260816664, 'SEARCH'
11, 18695, 64.63601669740449, 64.63601669740449, 'SEARCH'
11, 18696, 64.66361892189808, 64.66361892189808, 'SEARCH'
11, 18697, 64.68964007253474, 64.68964007253474, 'SEARCH'
11, 18698, 64.68648587661029, 64.68648587661029, 'SEARCH'
11, 18699, 64.70822463121758, 64.70822463121758, 'SEARCH'
11, 18700, 64.73534128403264, 64.73534128403264, 'SEARCH'
11, 18701, 64.75478890483632, 64.75478890483632, 'SEARCH'
11, 18702, 64.78200094341182, 64.78200094341182, 'SEARCH'
11, 18703, 64.80429502171626, 64.80429502171626, 'SEARCH'
11, 18704, 64.83050334474417, 64.83050334474417, 'SEARCH'
11, 18705, 64.8311371427897, 64.8311371427897, 'SEARCH'
11, 18706, 64.85882232769613, 64.85882232769613, 'SEARCH'
11, 18707, 64.87198259387274, 64.87198259387274, 'SEARCH'
11, 18708, 64.86824705432856, 64.86824705432856, 'SEARCH'
11, 18709, 64.89490951608951, 64.89490951608951, 'SEARCH'
11, 18710, 64.87021377560096, 64.87021377560096, 'SEARCH'
11, 18711, 64.84754066287243, 64.84754066287243, 'SEARCH'
11, 18712, 64.8751981746431, 64.8751981746431, 'SEARCH'
11, 18713, 64.86228152326909, 64.86228152326909, 'SEARCH'
11, 18714, 64.88778967762912, 64.88778967762912, 'SEARCH'
11, 18715, 64.91520410650503, 64.91520410650503, 'SEARCH'
11, 18716, 64.94244974786311, 64.94244974786311, 'SEARCH'
11, 18717, 64.93915517261277, 64.93915517261277, 'SEARCH'
11, 18718, 64.92706865762639, 64.92706865762639, 'SEARCH'
11, 18719, 64.94105763261614, 64.94105763261614, 'SEARCH'
11, 18720, 64.96873917511637, 64.96873917511637, 'SEARCH'
11, 18721, 64.94234922384624, 64.94234922384624, 'SEARCH'
11, 18722, 64.9491787735138, 64.9491787735138, 'SEARCH'
11, 18723, 64.93374063628158, 64.93374063628158, 'SEARCH'
11, 18724, 64.91254649025626, 64.91254649025626, 'SEARCH'
11, 18725, 64.94032227347263, 64.94032227347263, 'SEARCH'
11, 18726, 64.96229202257165, 64.96229202257165, 'SEARCH'
11, 18727, 64.9845477616473, 64.9845477616473, 'SEARCH'
11, 18728, 65.0073628751107, 65.0073628751107, 'SEARCH'
11, 18729, 65.02376560111794, 65.02376560111794, 'SEARCH'
11, 18730, 65.04628902057856, 65.04628902057856, 'SEARCH'
11, 18731, 65.05982026617144, 65.05982026617144, 'SEARCH'
11, 18732, 65.05458815234249, 65.05458815234249, 'SEARCH'
11, 18733, 65.06812504305046, 65.06812504305046, 'SEARCH'
11, 18734, 65.04119083487932, 65.04119083487932, 'SEARCH'
11, 18735, 65.03790265966549, 65.03790265966549, 'SEARCH'
11, 18736, 65.04235380435911, 65.04235380435911, 'SEARCH'
11, 18737, 65.0571674100492, 65.0571674100492, 'SEARCH'
11, 18738, 65.0819651765625, 65.0819651765625, 'SEARCH'
11, 18739, 65.09290124986444, 65.09290124986444, 'SEARCH'
11, 18740, 65.11226029643365, 65.11226029643365, 'SEARCH'
11, 18741, 65.08618450550664, 65.08618450550664, 'SEARCH'
11, 18742, 65.06560869428621, 65.06560869428621, 'SEARCH'
11, 18743, 65.08922909644528, 65.08922909644528, 'SEARCH'
11, 18744, 65.10320972973561, 65.10320972973561, 'SEARCH'
11, 18745, 65.10860953394945, 65.10860953394945, 'SEARCH'
11, 18746, 65.10822888487775, 65.10822888487775, 'SEARCH'
11, 18747, 65.13234063651068, 65.13234063651068, 'SEARCH'
11, 18748, 65.1343745993011, 65.1343745993011, 'SEARCH'
11, 18749, 65.1306096126625, 65.1306096126625, 'SEARCH'
11, 18750, 65.1539666292792, 65.1539666292792, 'SEARCH'
11, 18751, 65.16835685581489, 65.16835685581489, 'SEARCH'
11, 18752, 65.1408624563713, 65.1408624563713, 'SEARCH'
11, 18753, 65.15137431046908, 65.15137431046908, 'SEARCH'
11, 18754, 65.1727257767366, 65.1727257767366, 'SEARCH'
11, 18755, 65.19981419544183, 65.19981419544183, 'SEARCH'
11, 18756, 65.17300428761158, 65.17300428761158, 'SEARCH'
11, 18757, 65.1988995013915, 65.1988995013915, 'SEARCH'
11, 18758, 65.18303414185245, 65.18303414185245, 'SEARCH'
11, 18759, 65.16758392337053, 65.16758392337053, 'SEARCH'
11, 18760, 65.1619235498833, 65.1619235498833, 'SEARCH'
11, 18761, 65.13459040740831, 65.13459040740831, 'SEARCH'
11, 18762, 65.15024826473557, 65.15024826473557, 'SEARCH'
11, 18763, 65.17783623551094, 65.17783623551094, 'SEARCH'
11, 18764, 65.20398106664672, 65.20398106664672, 'SEARCH'
11, 18765, 65.23174544223858, 65.23174544223858, 'SEARCH'
11, 18766, 65.22187083717188, 65.22187083717188, 'SEARCH'
11, 18767, 65.24867611174028, 65.24867611174028, 'SEARCH'
11, 18768, 65.2760452243707, 65.2760452243707, 'SEARCH'
11, 18769, 65.30036813109163, 65.30036813109163, 'SEARCH'
11, 18770, 65.28181271381598, 65.28181271381598, 'SEARCH'
11, 18771, 65.26514503900282, 65.26514503900282, 'SEARCH'
11, 18772, 65.29290857762531, 65.29290857762531, 'SEARCH'
11, 18773, 65.29826683768076, 65.29826683768076, 'SEARCH'
11, 18774, 65.32563327956427, 65.32563327956427, 'SEARCH'
11, 18775, 65.32422147447075, 65.32422147447075, 'SEARCH'
11, 18776, 65.33815370769233, 65.33815370769233, 'SEARCH'
11, 18777, 65.3108949856006, 65.3108949856006, 'SEARCH'
11, 18778, 65.32136347224201, 65.32136347224201, 'SEARCH'
11, 18779, 65.34205058197632, 65.34205058197632, 'SEARCH'
11, 18780, 65.3695656133228, 65.3695656133228, 'SEARCH'
11, 18781, 65.39568001650039, 65.39568001650039, 'SEARCH'
11, 18782, 65.40610142030842, 65.40610142030842, 'SEARCH'
11, 18783, 65.38073139459316, 65.38073139459316, 'SEARCH'
11, 18784, 65.371266315855, 65.371266315855, 'SEARCH'
11, 18785, 65.35827105610915, 65.35827105610915, 'SEARCH'
11, 18786, 65.33528026008277, 65.33528026008277, 'SEARCH'
11, 18787, 65.34486495010515, 65.34486495010515, 'SEARCH'
11, 18788, 65.35214009943833, 65.35214009943833, 'SEARCH'
11, 18789, 65.34692820159047, 65.34692820159047, 'SEARCH'
11, 18790, 65.32268231154113, 65.32268231154113, 'SEARCH'
11, 18791, 65.33184224154711, 65.33184224154711, 'SEARCH'
11, 18792, 65.35888019413633, 65.35888019413633, 'SEARCH'
11, 18793, 65.38592331203667, 65.38592331203667, 'SEARCH'
11, 18794, 65.38793842854531, 65.38793842854531, 'SEARCH'
11, 18795, 65.39092464767421, 65.39092464767421, 'SEARCH'
11, 18796, 65.41866881533427, 65.41866881533427, 'SEARCH'
11, 18797, 65.43002790599806, 65.43002790599806, 'SEARCH'
11, 18798, 65.45253831715063, 65.45253831715063, 'SEARCH'
11, 18799, 65.47151991565559, 65.47151991565559, 'SEARCH'
11, 18800, 65.49153023904027, 65.49153023904027, 'SEARCH'
11, 18801, 65.51711176081068, 65.51711176081068, 'SEARCH'
11, 18802, 65.50119007071396, 65.50119007071396, 'SEARCH'
11, 18803, 65.50652135013418, 65.50652135013418, 'SEARCH'
11, 18804, 65.49983467454624, 65.49983467454624, 'SEARCH'
11, 18805, 65.5273356123617, 65.5273356123617, 'SEARCH'
11, 18806, 65.50670877240566, 65.50670877240566, 'SEARCH'
11, 18807, 65.51978924924302, 65.51978924924302, 'SEARCH'
11, 18808, 65.54713788820507, 65.54713788820507, 'SEARCH'
11, 18809, 65.52359068120673, 65.52359068120673, 'SEARCH'
11, 18810, 65.55085035613811, 65.55085035613811, 'SEARCH'
11, 18811, 65.56871916497614, 65.56871916497614, 'SEARCH'
11, 18812, 65.54296749950588, 65.54296749950588, 'SEARCH'
11, 18813, 65.57072945452542, 65.57072945452542, 'SEARCH'
11, 18814, 65.58706531751675, 65.58706531751675, 'SEARCH'
11, 18815, 65.59378869146146, 65.59378869146146, 'SEARCH'
11, 18816, 65.59089011782049, 65.59089011782049, 'SEARCH'
11, 18817, 65.5655196968286, 65.5655196968286, 'SEARCH'
11, 18818, 65.55697125326003, 65.55697125326003, 'SEARCH'
11, 18819, 65.58474386983917, 65.58474386983917, 'SEARCH'
11, 18820, 65.61010844287017, 65.61010844287017, 'SEARCH'
11, 18821, 65.62524222643839, 65.62524222643839, 'SEARCH'
11, 18822, 65.61177522284835, 65.61177522284835, 'SEARCH'
11, 18823, 65.63753659543592, 65.63753659543592, 'SEARCH'
11, 18824, 65.66228717924378, 65.66228717924378, 'SEARCH'
11, 18825, 65.68934769391377, 65.68934769391377, 'SEARCH'
11, 18826, 65.66602771544464, 65.66602771544464, 'SEARCH'
11, 18827, 65.64603140250905, 65.64603140250905, 'SEARCH'
11, 18828, 65.62604946128413, 65.62604946128413, 'SEARCH'
11, 18829, 65.60711991501229, 65.60711991501229, 'SEARCH'
11, 18830, 65.63474972286427, 65.63474972286427, 'SEARCH'
11, 18831, 65.61348318409874, 65.61348318409874, 'SEARCH'
11, 18832, 65.63779791956166, 65.63779791956166, 'SEARCH'
11, 18833, 65.64216805310936, 65.64216805310936, 'SEARCH'
11, 18834, 65.62433480176554, 65.62433480176554, 'SEARCH'
11, 18835, 65.65117852153416, 65.65117852153416, 'SEARCH'
11, 18836, 65.65023793627802, 65.65023793627802, 'SEARCH'
11, 18837, 65.65509770772339, 65.65509770772339, 'SEARCH'
11, 18838, 65.66417907502378, 65.66417907502378, 'SEARCH'
11, 18839, 65.69075464446995, 65.69075464446995, 'SEARCH'
11, 18840, 65.66695505922159, 65.66695505922159, 'SEARCH'
11, 18841, 65.69469699557712, 65.69469699557712, 'SEARCH'
11, 18842, 65.69133311811828, 65.69133311811828, 'SEARCH'
11, 18843, 65.67241165975636, 65.67241165975636, 'SEARCH'
11, 18844, 65.68506851375123, 65.68506851375123, 'SEARCH'
11, 18845, 65.66688092304413, 65.66688092304413, 'SEARCH'
11, 18846, 65.69458621255602, 65.69458621255602, 'SEARCH'
11, 18847, 65.72130040160854, 65.72130040160854, 'SEARCH'
11, 18848, 65.74907348089238, 65.74907348089238, 'SEARCH'
11, 18849, 65.76802069428882, 65.76802069428882, 'SEARCH'
11, 18850, 65.79519270641374, 65.79519270641374, 'SEARCH'
11, 18851, 65.7678318877564, 65.7678318877564, 'SEARCH'
11, 18852, 65.78454410361742, 65.78454410361742, 'SEARCH'
11, 18853, 65.81124204271725, 65.81124204271725, 'SEARCH'
11, 18854, 65.82468009337077, 65.82468009337077, 'SEARCH'
11, 18855, 65.80951982377537, 65.80951982377537, 'SEARCH'
11, 18856, 65.78703577851081, 65.78703577851081, 'SEARCH'
11, 18857, 65.78413508473082, 65.78413508473082, 'SEARCH'
11, 18858, 65.80236830078884, 65.80236830078884, 'SEARCH'
11, 18859, 65.7753031986128, 65.7753031986128, 'SEARCH'
11, 18860, 65.79045432634433, 65.79045432634433, 'SEARCH'
11, 18861, 65.79719426693822, 65.79719426693822, 'SEARCH'
11, 18862, 65.8207628796535, 65.8207628796535, 'SEARCH'
11, 18863, 65.82511525873606, 65.82511525873606, 'SEARCH'
11, 18864, 65.85122150105235, 65.85122150105235, 'SEARCH'
11, 18865, 65.84591363078523, 65.84591363078523, 'SEARCH'
11, 18866, 65.84446347494163, 65.84446347494163, 'SEARCH'
11, 18867, 65.83452006112634, 65.83452006112634, 'SEARCH'
11, 18868, 65.86044321429057, 65.86044321429057, 'SEARCH'
11, 18869, 65.83388017696082, 65.83388017696082, 'SEARCH'
11, 18870, 65.84431083751082, 65.84431083751082, 'SEARCH'
11, 18871, 65.86861805690138, 65.86861805690138, 'SEARCH'
11, 18872, 65.89605240735054, 65.89605240735054, 'SEARCH'
11, 18873, 65.86898340465417, 65.86898340465417, 'SEARCH'
11, 18874, 65.865607449162, 65.865607449162, 'SEARCH'
11, 18875, 65.86368906096315, 65.86368906096315, 'SEARCH'
11, 18876, 65.89104971081788, 65.89104971081788, 'SEARCH'
11, 18877, 65.8996404917238, 65.8996404917238, 'SEARCH'
11, 18878, 65.92731192643647, 65.92731192643647, 'SEARCH'
11, 18879, 65.92923395393933, 65.92923395393933, 'SEARCH'
11, 18880, 65.90764029398402, 65.90764029398402, 'SEARCH'
11, 18881, 65.93405478356173, 65.93405478356173, 'SEARCH'
11, 18882, 65.96168159564515, 65.96168159564515, 'SEARCH'
11, 18883, 65.93510745457053, 65.93510745457053, 'SEARCH'
11, 18884, 65.9620627791688, 65.9620627791688, 'SEARCH'
11, 18885, 65.93985763467715, 65.93985763467715, 'SEARCH'
11, 18886, 65.96143730978868, 65.96143730978868, 'SEARCH'
11, 18887, 65.96813295418009, 65.96813295418009, 'SEARCH'
11, 18888, 65.98483126505069, 65.98483126505069, 'SEARCH'
11, 18889, 66.00375281675548, 66.00375281675548, 'SEARCH'
11, 18890, 66.02082199397117, 66.02082199397117, 'SEARCH'
11, 18891, 66.02367644319838, 66.02367644319838, 'SEARCH'
11, 18892, 66.00653973789653, 66.00653973789653, 'SEARCH'
11, 18893, 65.9802672972602, 65.9802672972602, 'SEARCH'
11, 18894, 65.97832869637958, 65.97832869637958, 'SEARCH'
11, 18895, 66.00459049648276, 66.00459049648276, 'SEARCH'
11, 18896, 66.0021537521178, 66.0021537521178, 'SEARCH'
11, 18897, 66.02885367345864, 66.02885367345864, 'SEARCH'
11, 18898, 66.01211561903052, 66.01211561903052, 'SEARCH'
11, 18899, 66.03947255715704, 66.03947255715704, 'SEARCH'
11, 18900, 66.03944220515496, 66.03944220515496, 'SEARCH'
11, 18901, 66.06711627290952, 66.06711627290952, 'SEARCH'
11, 18902, 66.04068378296677, 66.04068378296677, 'SEARCH'
11, 18903, 66.0664305049636, 66.0664305049636, 'SEARCH'
11, 18904, 66.07263951477243, 66.07263951477243, 'SEARCH'
11, 18905, 66.10034690922215, 66.10034690922215, 'SEARCH'
11, 18906, 66.12594016935178, 66.12594016935178, 'SEARCH'
11, 18907, 66.10429964516413, 66.10429964516413, 'SEARCH'
11, 18908, 66.08677018659853, 66.08677018659853, 'SEARCH'
11, 18909, 66.11447732510393, 66.11447732510393, 'SEARCH'
11, 18910, 66.13925666787539, 66.13925666787539, 'SEARCH'
11, 18911, 66.11206773515566, 66.11206773515566, 'SEARCH'
11, 18912, 66.13761215381338, 66.13761215381338, 'SEARCH'
11, 18913, 66.16282204050425, 66.16282204050425, 'SEARCH'
11, 18914, 66.18204166284008, 66.18204166284008, 'SEARCH'
11, 18915, 66.16601362599499, 66.16601362599499, 'SEARCH'
11, 18916, 66.1400460810844, 66.1400460810844, 'SEARCH'
11, 18917, 66.14902013770862, 66.14902013770862, 'SEARCH'
11, 18918, 66.13037832857515, 66.13037832857515, 'SEARCH'
11, 18919, 66.15615327815442, 66.15615327815442, 'SEARCH'
11, 18920, 66.15510684714268, 66.15510684714268, 'SEARCH'
11, 18921, 66.14463732151907, 66.14463732151907, 'SEARCH'
11, 18922, 66.16012618216733, 66.16012618216733, 'SEARCH'
11, 18923, 66.16772507588047, 66.16772507588047, 'SEARCH'
11, 18924, 66.19539193145361, 66.19539193145361, 'SEARCH'
11, 18925, 66.168667909279, 66.168667909279, 'SEARCH'
11, 18926, 66.15687663835, 66.15687663835, 'SEARCH'
11, 18927, 66.18458956833415, 66.18458956833415, 'SEARCH'
11, 18928, 66.2078509329321, 66.2078509329321, 'SEARCH'
11, 18929, 66.2331947925772, 66.2331947925772, 'SEARCH'
11, 18930, 66.21678876073882, 66.21678876073882, 'SEARCH'
11, 18931, 66.19924723743111, 66.19924723743111, 'SEARCH'
11, 18932, 66.17732267365804, 66.17732267365804, 'SEARCH'
11, 18933, 66.20467237764787, 66.20467237764787, 'SEARCH'
11, 18934, 66.19288209520154, 66.19288209520154, 'SEARCH'
11, 18935, 66.1789588696835, 66.1789588696835, 'SEARCH'
11, 18936, 66.20451997564916, 66.20451997564916, 'SEARCH'
11, 18937, 66.23177974534785, 66.23177974534785, 'SEARCH'
11, 18938, 66.23365640960266, 66.23365640960266, 'SEARCH'
11, 18939, 66.25743808893608, 66.25743808893608, 'SEARCH'
11, 18940, 66.26687169303027, 66.26687169303027, 'SEARCH'
11, 18941, 66.2929988264792, 66.2929988264792, 'SEARCH'
11, 18942, 66.27075665310852, 66.27075665310852, 'SEARCH'
11, 18943, 66.29715212493852, 66.29715212493852, 'SEARCH'
11, 18944, 66.27042491407893, 66.27042491407893, 'SEARCH'
11, 18945, 66.2627022664493, 66.2627022664493, 'SEARCH'
11, 18946, 66.24961273725485, 66.24961273725485, 'SEARCH'
11, 18947, 66.2773543896756, 66.2773543896756, 'SEARCH'
11, 18948, 66.27057502779448, 66.27057502779448, 'SEARCH'
11, 18949, 66.2467400234898, 66.2467400234898, 'SEARCH'
11, 18950, 66.22220222374175, 66.22220222374175, 'SEARCH'
11, 18951, 66.2122471342884, 66.2122471342884, 'SEARCH'
11, 18952, 66.18568747397349, 66.18568747397349, 'SEARCH'
11, 18953, 66.20357277215543, 66.20357277215543, 'SEARCH'
11, 18954, 66.19274688997088, 66.19274688997088, 'SEARCH'
11, 18955, 66.22048897794905, 66.22048897794905, 'SEARCH'
11, 18956, 66.19512222629915, 66.19512222629915, 'SEARCH'
11, 18957, 66.18844844205864, 66.18844844205864, 'SEARCH'
11, 18958, 66.16850895204615, 66.16850895204615, 'SEARCH'
11, 18959, 66.1762449468217, 66.1762449468217, 'SEARCH'
11, 18960, 66.1494354042699, 66.1494354042699, 'SEARCH'
11, 18961, 66.17588680057656, 66.17588680057656, 'SEARCH'
11, 18962, 66.14895559671251, 66.14895559671251, 'SEARCH'
11, 18963, 66.1764784841867, 66.1764784841867, 'SEARCH'
11, 18964, 66.15113918128421, 66.15113918128421, 'SEARCH'
11, 18965, 66.15511887039634, 66.15511887039634, 'SEARCH'
11, 18966, 66.18091838687204, 66.18091838687204, 'SEARCH'
11, 18967, 66.20868256492979, 66.20868256492979, 'SEARCH'
11, 18968, 66.23301493580176, 66.23301493580176, 'SEARCH'
11, 18969, 66.23597869907613, 66.23597869907613, 'SEARCH'
11, 18970, 66.2624171480548, 66.2624171480548, 'SEARCH'
11, 18971, 66.27993379081228, 66.27993379081228, 'SEARCH'
11, 18972, 66.2833556825254, 66.2833556825254, 'SEARCH'
11, 18973, 66.31097690986402, 66.31097690986402, 'SEARCH'
11, 18974, 66.33615951534934, 66.33615951534934, 'SEARCH'
11, 18975, 66.3452025573076, 66.3452025573076, 'SEARCH'
11, 18976, 66.32331276717781, 66.32331276717781, 'SEARCH'
11, 18977, 66.29835602014825, 66.29835602014825, 'SEARCH'
11, 18978, 66.28844496413063, 66.28844496413063, 'SEARCH'
11, 18979, 66.26817209195066, 66.26817209195066, 'SEARCH'
11, 18980, 66.2441582764494, 66.2441582764494, 'SEARCH'
11, 18981, 66.27045792179646, 66.27045792179646, 'SEARCH'
11, 18982, 66.24694836595066, 66.24694836595066, 'SEARCH'
11, 18983, 66.27414242549041, 66.27414242549041, 'SEARCH'
11, 18984, 66.2761715405929, 66.2761715405929, 'SEARCH'
11, 18985, 66.28251530465201, 66.28251530465201, 'SEARCH'
11, 18986, 66.25826886706685, 66.25826886706685, 'SEARCH'
11, 18987, 66.28262382179867, 66.28262382179867, 'SEARCH'
11, 18988, 66.30851798277823, 66.30851798277823, 'SEARCH'
11, 18989, 66.33491062213761, 66.33491062213761, 'SEARCH'
11, 18990, 66.34491906830982, 66.34491906830982, 'SEARCH'
11, 18991, 66.3227686941772, 66.3227686941772, 'SEARCH'
11, 18992, 66.3156564179942, 66.3156564179942, 'SEARCH'
11, 18993, 66.3434203763683, 66.3434203763683, 'SEARCH'
11, 18994, 66.3560935521444, 66.3560935521444, 'SEARCH'
11, 18995, 66.36427817893089, 66.36427817893089, 'SEARCH'
11, 18996, 66.38836763959621, 66.38836763959621, 'SEARCH'
11, 18997, 66.36386475832181, 66.36386475832181, 'SEARCH'
11, 18998, 66.39138246254473, 66.39138246254473, 'SEARCH'
11, 18999, 66.36759907467463, 66.36759907467463, 'SEARCH'
11, 19000, 66.36719058201074, 66.36719058201074, 'SEARCH'
11, 19001, 66.34226121224559, 66.34226121224559, 'SEARCH'
11, 19002, 66.3586767861971, 66.3586767861971, 'SEARCH'
11, 19003, 66.36735702494545, 66.36735702494545, 'SEARCH'
11, 19004, 66.38337270553433, 66.38337270553433, 'SEARCH'
11, 19005, 66.35986583133322, 66.35986583133322, 'SEARCH'
11, 19006, 66.38646424090894, 66.38646424090894, 'SEARCH'
11, 19007, 66.41269660681999, 66.41269660681999, 'SEARCH'
11, 19008, 66.38755226113057, 66.38755226113057, 'SEARCH'
11, 19009, 66.3611643876651, 66.3611643876651, 'SEARCH'
11, 19010, 66.34266886724907, 66.34266886724907, 'SEARCH'
11, 19011, 66.33330424575314, 66.33330424575314, 'SEARCH'
11, 19012, 66.36100273905225, 66.36100273905225, 'SEARCH'
11, 19013, 66.34639794539848, 66.34639794539848, 'SEARCH'
11, 19014, 66.36951300718789, 66.36951300718789, 'SEARCH'
11, 19015, 66.38747476876793, 66.38747476876793, 'SEARCH'
11, 19016, 66.36109698091578, 66.36109698091578, 'SEARCH'
11, 19017, 66.34692355521562, 66.34692355521562, 'SEARCH'
11, 19018, 66.35521134523968, 66.35521134523968, 'SEARCH'
11, 19019, 66.3597290735154, 66.3597290735154, 'SEARCH'
11, 19020, 66.38741613498159, 66.38741613498159, 'SEARCH'
11, 19021, 66.40185562719506, 66.40185562719506, 'SEARCH'
11, 19022, 66.37482383752645, 66.37482383752645, 'SEARCH'
11, 19023, 66.36686968222591, 66.36686968222591, 'SEARCH'
11, 19024, 66.3778972787293, 66.3778972787293, 'SEARCH'
11, 19025, 66.40544458492218, 66.40544458492218, 'SEARCH'
11, 19026, 66.43316554038854, 66.43316554038854, 'SEARCH'
11, 19027, 66.41579246572705, 66.41579246572705, 'SEARCH'
11, 19028, 66.44210852075517, 66.44210852075517, 'SEARCH'
11, 19029, 66.46494261516172, 66.46494261516172, 'SEARCH'
11, 19030, 66.49255493250452, 66.49255493250452, 'SEARCH'
11, 19031, 66.48499422108867, 66.48499422108867, 'SEARCH'
11, 19032, 66.51269615656221, 66.51269615656221, 'SEARCH'
11, 19033, 66.48697461881542, 66.48697461881542, 'SEARCH'
11, 19034, 66.48036579760988, 66.48036579760988, 'SEARCH'
11, 19035, 66.49975376179005, 66.49975376179005, 'SEARCH'
11, 19036, 66.47625902323288, 66.47625902323288, 'SEARCH'
11, 19037, 66.50384664430312, 66.50384664430312, 'SEARCH'
11, 19038, 66.49134150706995, 66.49134150706995, 'SEARCH'
11, 19039, 66.51911710122334, 66.51911710122334, 'SEARCH'
11, 19040, 66.54660867411566, 66.54660867411566, 'SEARCH'
11, 19041, 66.55434920226017, 66.55434920226017, 'SEARCH'
11, 19042, 66.52827694323695, 66.52827694323695, 'SEARCH'
11, 19043, 66.54993571739644, 66.54993571739644, 'SEARCH'
11, 19044, 66.53036457800505, 66.53036457800505, 'SEARCH'
11, 19045, 66.53435183388068, 66.53435183388068, 'SEARCH'
11, 19046, 66.56032986607897, 66.56032986607897, 'SEARCH'
11, 19047, 66.5360869972697, 66.5360869972697, 'SEARCH'
11, 19048, 66.563465420272, 66.563465420272, 'SEARCH'
11, 19049, 66.55052146253122, 66.55052146253122, 'SEARCH'
11, 19050, 66.54534697694021, 66.54534697694021, 'SEARCH'
11, 19051, 66.57016061703726, 66.57016061703726, 'SEARCH'
11, 19052, 66.55432832073039, 66.55432832073039, 'SEARCH'
11, 19053, 66.5279545716695, 66.5279545716695, 'SEARCH'
11, 19054, 66.51296728397499, 66.51296728397499, 'SEARCH'
11, 19055, 66.54043191471831, 66.54043191471831, 'SEARCH'
11, 19056, 66.54011265447596, 66.54011265447596, 'SEARCH'
11, 19057, 66.55618747913557, 66.55618747913557, 'SEARCH'
11, 19058, 66.53031478418104, 66.53031478418104, 'SEARCH'
11, 19059, 66.52856875305105, 66.52856875305105, 'SEARCH'
11, 19060, 66.55603537148839, 66.55603537148839, 'SEARCH'
11, 19061, 66.58376515018048, 66.58376515018048, 'SEARCH'
11, 19062, 66.58294953588485, 66.58294953588485, 'SEARCH'
11, 19063, 66.55562248871105, 66.55562248871105, 'SEARCH'
11, 19064, 66.531419311379, 66.531419311379, 'SEARCH'
11, 19065, 66.54246919314086, 66.54246919314086, 'SEARCH'
11, 19066, 66.56587999867534, 66.56587999867534, 'SEARCH'
11, 19067, 66.57993745302477, 66.57993745302477, 'SEARCH'
11, 19068, 66.60658626561022, 66.60658626561022, 'SEARCH'
11, 19069, 66.62599985048938, 66.62599985048938, 'SEARCH'
11, 19070, 66.62566754422416, 66.62566754422416, 'SEARCH'
11, 19071, 66.60613981140737, 66.60613981140737, 'SEARCH'
11, 19072, 66.62814180236845, 66.62814180236845, 'SEARCH'
11, 19073, 66.63825453297066, 66.63825453297066, 'SEARCH'
11, 19074, 66.61174016147937, 66.61174016147937, 'SEARCH'
11, 19075, 66.58909781910309, 66.58909781910309, 'SEARCH'
11, 19076, 66.57497928915224, 66.57497928915224, 'SEARCH'
11, 19077, 66.5713496932065, 66.5713496932065, 'SEARCH'
11, 19078, 66.5806291665392, 66.5806291665392, 'SEARCH'
11, 19079, 66.59346175802162, 66.59346175802162, 'SEARCH'
11, 19080, 66.56727826157761, 66.56727826157761, 'SEARCH'
11, 19081, 66.56851887936614, 66.56851887936614, 'SEARCH'
11, 19082, 66.57873312246896, 66.57873312246896, 'SEARCH'
11, 19083, 66.60549131029008, 66.60549131029008, 'SEARCH'
11, 19084, 66.6062272089109, 66.6062272089109, 'SEARCH'
11, 19085, 66.63286574303699, 66.63286574303699, 'SEARCH'
11, 19086, 66.61112351457443, 66.61112351457443, 'SEARCH'
11, 19087, 66.63161664647517, 66.63161664647517, 'SEARCH'
11, 19088, 66.64891409982931, 66.64891409982931, 'SEARCH'
11, 19089, 66.67613464465057, 66.67613464465057, 'SEARCH'
11, 19090, 66.70098139856974, 66.70098139856974, 'SEARCH'
11, 19091, 66.68561098972778, 66.68561098972778, 'SEARCH'
11, 19092, 66.70325981278877, 66.70325981278877, 'SEARCH'
11, 19093, 66.67777185364108, 66.67777185364108, 'SEARCH'
11, 19094, 66.6982455665706, 66.6982455665706, 'SEARCH'
11, 19095, 66.72309506350818, 66.72309506350818, 'SEARCH'
11, 19096, 66.70017975086854, 66.70017975086854, 'SEARCH'
11, 19097, 66.68864662747421, 66.68864662747421, 'SEARCH'
11, 19098, 66.71449254829251, 66.71449254829251, 'SEARCH'
11, 19099, 66.68814468850563, 66.68814468850563, 'SEARCH'
11, 19100, 66.71157698488466, 66.71157698488466, 'SEARCH'
11, 19101, 66.70184177114591, 66.70184177114591, 'SEARCH'
11, 19102, 66.71636317936982, 66.71636317936982, 'SEARCH'
11, 19103, 66.70226741796309, 66.70226741796309, 'SEARCH'
11, 19104, 66.70107860141837, 66.70107860141837, 'SEARCH'
11, 19105, 66.72861449883739, 66.72861449883739, 'SEARCH'
11, 19106, 66.70813888546458, 66.70813888546458, 'SEARCH'
11, 19107, 66.71879718324855, 66.71879718324855, 'SEARCH'
11, 19108, 66.73415267987338, 66.73415267987338, 'SEARCH'
11, 19109, 66.71843717074691, 66.71843717074691, 'SEARCH'
11, 19110, 66.74444075378558, 66.74444075378558, 'SEARCH'
11, 19111, 66.74663663492643, 66.74663663492643, 'SEARCH'
11, 19112, 66.7289854947536, 66.7289854947536, 'SEARCH'
11, 19113, 66.72636834214423, 66.72636834214423, 'SEARCH'
11, 19114, 66.71853296551423, 66.71853296551423, 'SEARCH'
11, 19115, 66.72366533443163, 66.72366533443163, 'SEARCH'
11, 19116, 66.74713318709661, 66.74713318709661, 'SEARCH'
11, 19117, 66.74308516847243, 66.74308516847243, 'SEARCH'
11, 19118, 66.73761630185497, 66.73761630185497, 'SEARCH'
11, 19119, 66.7441824138607, 66.7441824138607, 'SEARCH'
11, 19120, 66.7676561522314, 66.7676561522314, 'SEARCH'
11, 19121, 66.74823599550461, 66.74823599550461, 'SEARCH'
11, 19122, 66.73463875214225, 66.73463875214225, 'SEARCH'
11, 19123, 66.76201668552304, 66.76201668552304, 'SEARCH'
11, 19124, 66.76137617139067, 66.76137617139067, 'SEARCH'
11, 19125, 66.78798268391898, 66.78798268391898, 'SEARCH'
11, 19126, 66.77112747602526, 66.77112747602526, 'SEARCH'
11, 19127, 66.75467806796716, 66.75467806796716, 'SEARCH'
11, 19128, 66.75503367952976, 66.75503367952976, 'SEARCH'
11, 19129, 66.72843456198456, 66.72843456198456, 'SEARCH'
11, 19130, 66.74996261320479, 66.74996261320479, 'SEARCH'
11, 19131, 66.72771327461327, 66.72771327461327, 'SEARCH'
11, 19132, 66.70669490745344, 66.70669490745344, 'SEARCH'
11, 19133, 66.72336574315291, 66.72336574315291, 'SEARCH'
11, 19134, 66.744286424687, 66.744286424687, 'SEARCH'
11, 19135, 66.74420679333511, 66.74420679333511, 'SEARCH'
11, 19136, 66.74027071537054, 66.74027071537054, 'SEARCH'
11, 19137, 66.74407857693376, 66.74407857693376, 'SEARCH'
11, 19138, 66.76651980064574, 66.76651980064574, 'SEARCH'
11, 19139, 66.78711650394479, 66.78711650394479, 'SEARCH'
11, 19140, 66.7860650593388, 66.7860650593388, 'SEARCH'
11, 19141, 66.78744655837589, 66.78744655837589, 'SEARCH'
11, 19142, 66.77434840803531, 66.77434840803531, 'SEARCH'
11, 19143, 66.79679457171068, 66.79679457171068, 'SEARCH'
11, 19144, 66.78285319738525, 66.78285319738525, 'SEARCH'
11, 19145, 66.80638878262704, 66.80638878262704, 'SEARCH'
11, 19146, 66.8334674394101, 66.8334674394101, 'SEARCH'
11, 19147, 66.83580447404519, 66.83580447404519, 'SEARCH'
11, 19148, 66.85396963124363, 66.85396963124363, 'SEARCH'
11, 19149, 66.87354924418155, 66.87354924418155, 'SEARCH'
11, 19150, 66.84920601313256, 66.84920601313256, 'SEARCH'
11, 19151, 66.83653016933937, 66.83653016933937, 'SEARCH'
11, 19152, 66.81197882930792, 66.81197882930792, 'SEARCH'
11, 19153, 66.8153378279983, 66.8153378279983, 'SEARCH'
11, 19154, 66.8400785673429, 66.8400785673429, 'SEARCH'
11, 19155, 66.84294259656448, 66.84294259656448, 'SEARCH'
11, 19156, 66.87061758008777, 66.87061758008777, 'SEARCH'
11, 19157, 66.89769687941306, 66.89769687941306, 'SEARCH'
11, 19158, 66.90573475921667, 66.90573475921667, 'SEARCH'
11, 19159, 66.93133796503865, 66.93133796503865, 'SEARCH'
11, 19160, 66.95886100244815, 66.95886100244815, 'SEARCH'
11, 19161, 66.93749191563198, 66.93749191563198, 'SEARCH'
11, 19162, 66.93592332122513, 66.93592332122513, 'SEARCH'
11, 19163, 66.90919293258092, 66.90919293258092, 'SEARCH'
11, 19164, 66.91816332396603, 66.91816332396603, 'SEARCH'
11, 19165, 66.94370258206584, 66.94370258206584, 'SEARCH'
11, 19166, 66.93641878904963, 66.93641878904963, 'SEARCH'
11, 19167, 66.91281834359351, 66.91281834359351, 'SEARCH'
11, 19168, 66.9258100970065, 66.9258100970065, 'SEARCH'
11, 19169, 66.90003260730147, 66.90003260730147, 'SEARCH'
11, 19170, 66.90530101410047, 66.90530101410047, 'SEARCH'
11, 19171, 66.91246280011491, 66.91246280011491, 'SEARCH'
11, 19172, 66.92756927966983, 66.92756927966983, 'SEARCH'
11, 19173, 66.95519138140244, 66.95519138140244, 'SEARCH'
11, 19174, 66.95319547493472, 66.95319547493472, 'SEARCH'
11, 19175, 66.97475288967956, 66.97475288967956, 'SEARCH'
11, 19176, 66.95066557324142, 66.95066557324142, 'SEARCH'
11, 19177, 66.97192201883969, 66.97192201883969, 'SEARCH'
11, 19178, 66.95190611593944, 66.95190611593944, 'SEARCH'
11, 19179, 66.97953424734885, 66.97953424734885, 'SEARCH'
11, 19180, 66.97136383412227, 66.97136383412227, 'SEARCH'
11, 19181, 66.99490219449194, 66.99490219449194, 'SEARCH'
11, 19182, 66.99775365052558, 66.99775365052558, 'SEARCH'
11, 19183, 67.02128605526926, 67.02128605526926, 'SEARCH'
11, 19184, 67.04283333813642, 67.04283333813642, 'SEARCH'
11, 19185, 67.06309518457996, 67.06309518457996, 'SEARCH'
11, 19186, 67.08954153686017, 67.08954153686017, 'SEARCH'
11, 19187, 67.06208734244706, 67.06208734244706, 'SEARCH'
11, 19188, 67.08330718473316, 67.08330718473316, 'SEARCH'
11, 19189, 67.09538860211428, 67.09538860211428, 'SEARCH'
11, 19190, 67.07533094909502, 67.07533094909502, 'SEARCH'
11, 19191, 67.06095211415608, 67.06095211415608, 'SEARCH'
11, 19192, 67.0661905597038, 67.0661905597038, 'SEARCH'
11, 19193, 67.07379036541975, 67.07379036541975, 'SEARCH'
11, 19194, 67.08045452042873, 67.08045452042873, 'SEARCH'
11, 19195, 67.09387318944052, 67.09387318944052, 'SEARCH'
11, 19196, 67.07351692222052, 67.07351692222052, 'SEARCH'
11, 19197, 67.06307929249805, 67.06307929249805, 'SEARCH'
11, 19198, 67.08129108078973, 67.08129108078973, 'SEARCH'
11, 19199, 67.05534880054755, 67.05534880054755, 'SEARCH'
11, 19200, 67.08312232042614, 67.08312232042614, 'SEARCH'
11, 19201, 67.11056203331367, 67.11056203331367, 'SEARCH'
11, 19202, 67.13555165415285, 67.13555165415285, 'SEARCH'
11, 19203, 67.13933761005853, 67.13933761005853, 'SEARCH'
11, 19204, 67.1608774891, 67.1608774891, 'SEARCH'
11, 19205, 67.18865512015557, 67.18865512015557, 'SEARCH'
11, 19206, 67.19666468218207, 67.19666468218207, 'SEARCH'
11, 19207, 67.16957300486789, 67.16957300486789, 'SEARCH'
11, 19208, 67.14212360519012, 67.14212360519012, 'SEARCH'
11, 19209, 67.16239792182142, 67.16239792182142, 'SEARCH'
11, 19210, 67.1570256549661, 67.1570256549661, 'SEARCH'
11, 19211, 67.13058916374716, 67.13058916374716, 'SEARCH'
11, 19212, 67.15535342183314, 67.15535342183314, 'SEARCH'
11, 19213, 67.14625410294163, 67.14625410294163, 'SEARCH'
11, 19214, 67.15340332915699, 67.15340332915699, 'SEARCH'
11, 19215, 67.13990174904869, 67.13990174904869, 'SEARCH'
11, 19216, 67.13939836373189, 67.13939836373189, 'SEARCH'
11, 19217, 67.16392050080026, 67.16392050080026, 'SEARCH'
11, 19218, 67.17519293336083, 67.17519293336083, 'SEARCH'
11, 19219, 67.18466462302543, 67.18466462302543, 'SEARCH'
11, 19220, 67.20740092952454, 67.20740092952454, 'SEARCH'
11, 19221, 67.18012440450111, 67.18012440450111, 'SEARCH'
11, 19222, 67.16300711852317, 67.16300711852317, 'SEARCH'
11, 19223, 67.13895289578711, 67.13895289578711, 'SEARCH'
11, 19224, 67.13416085094433, 67.13416085094433, 'SEARCH'
11, 19225, 67.14370443662804, 67.14370443662804, 'SEARCH'
11, 19226, 67.1191994160832, 67.1191994160832, 'SEARCH'
11, 19227, 67.1454876443357, 67.1454876443357, 'SEARCH'
11, 19228, 67.17326025490152, 67.17326025490152, 'SEARCH'
11, 19229, 67.158560503841, 67.158560503841, 'SEARCH'
11, 19230, 67.13121276416189, 67.13121276416189, 'SEARCH'
11, 19231, 67.13225637307926, 67.13225637307926, 'SEARCH'
11, 19232, 67.15419630590603, 67.15419630590603, 'SEARCH'
11, 19233, 67.13455445087307, 67.13455445087307, 'TRACK'
11, 19234, 67.11491259584011, 67.11491259584011, 'TRACK'
11, 19235, 67.09527074080715, 67.09527074080715, 'TRACK'
11, 19236, 67.0958998110774, 67.0958998110774, 'SEARCH'
11, 19237, 67.0753597020249, 67.0753597020249, 'SEARCH'
11, 19238, 67.08940380687365, 67.08940380687365, 'SEARCH'
11, 19239, 67.06237766410098, 67.06237766410098, 'SEARCH'
11, 19240, 67.08629159548123, 67.08629159548123, 'SEARCH'
11, 19241, 67.05978200341774, 67.05978200341774, 'SEARCH'
11, 19242, 67.04692946421122, 67.04692946421122, 'SEARCH'
11, 19243, 67.07404695430687, 67.07404695430687, 'SEARCH'
11, 19244, 67.04672834148789, 67.04672834148789, 'SEARCH'
11, 19245, 67.02383339891904, 67.02383339891904, 'SEARCH'
11, 19246, 67.05084910020175, 67.05084910020175, 'SEARCH'
11, 19247, 67.05109065072477, 67.05109065072477, 'SEARCH'
11, 19248, 67.04182627473723, 67.04182627473723, 'SEARCH'
11, 19249, 67.06025235238873, 67.06025235238873, 'SEARCH'
11, 19250, 67.03348908212405, 67.03348908212405, 'SEARCH'
11, 19251, 67.02847088700139, 67.02847088700139, 'SEARCH'
11, 19252, 67.03779897446222, 67.03779897446222, 'SEARCH'
11, 19253, 67.0583187711935, 67.0583187711935, 'SEARCH'
11, 19254, 67.0843533422831, 67.0843533422831, 'SEARCH'
11, 19255, 67.08461906108545, 67.08461906108545, 'SEARCH'
11, 19256, 67.10411211046024, 67.10411211046024, 'SEARCH'
11, 19257, 67.07884391296747, 67.07884391296747, 'SEARCH'
11, 19258, 67.10372520243982, 67.10372520243982, 'SEARCH'
11, 19259, 67.10881603382398, 67.10881603382398, 'SEARCH'
11, 19260, 67.12252385038798, 67.12252385038798, 'SEARCH'
11, 19261, 67.09589814003799, 67.09589814003799, 'SEARCH'
11, 19262, 67.10746994649372, 67.10746994649372, 'SEARCH'
11, 19263, 67.08838909223797, 67.08838909223797, 'SEARCH'
11, 19264, 67.07694377615431, 67.07694377615431, 'SEARCH'
11, 19265, 67.05096081017409, 67.05096081017409, 'SEARCH'
11, 19266, 67.07749193289283, 67.07749193289283, 'SEARCH'
11, 19267, 67.0665140661321, 67.0665140661321, 'SEARCH'
11, 19268, 67.09324729684533, 67.09324729684533, 'SEARCH'
11, 19269, 67.09648927669474, 67.09648927669474, 'SEARCH'
11, 19270, 67.10165425894506, 67.10165425894506, 'SEARCH'
11, 19271, 67.1182648087561, 67.1182648087561, 'SEARCH'
11, 19272, 67.13848327212573, 67.13848327212573, 'SEARCH'
11, 19273, 67.15095578788863, 67.15095578788863, 'SEARCH'
11, 19274, 67.17747300278207, 67.17747300278207, 'SEARCH'
11, 19275, 67.20272462358355, 67.20272462358355, 'SEARCH'
11, 19276, 67.23012655817065, 67.23012655817065, 'SEARCH'
11, 19277, 67.25476823058335, 67.25476823058335, 'SEARCH'
11, 19278, 67.27917280946829, 67.27917280946829, 'SEARCH'
11, 19279, 67.30665053187114, 67.30665053187114, 'SEARCH'
11, 19280, 67.31447916304636, 67.31447916304636, 'SEARCH'
11, 19281, 67.32935205558117, 67.32935205558117, 'SEARCH'
11, 19282, 67.31125990340271, 67.31125990340271, 'SEARCH'
11, 19283, 67.33693957290787, 67.33693957290787, 'SEARCH'
11, 19284, 67.36426528777851, 67.36426528777851, 'SEARCH'
11, 19285, 67.35444236406785, 67.35444236406785, 'SEARCH'
11, 19286, 67.37453481554031, 67.37453481554031, 'SEARCH'
11, 19287, 67.40228180822267, 67.40228180822267, 'SEARCH'
11, 19288, 67.3852741210477, 67.3852741210477, 'SEARCH'
11, 19289, 67.37322667855422, 67.37322667855422, 'SEARCH'
11, 19290, 67.3586467868276, 67.3586467868276, 'SEARCH'
11, 19291, 67.36125492701392, 67.36125492701392, 'SEARCH'
11, 19292, 67.33637456594481, 67.33637456594481, 'SEARCH'
11, 19293, 67.36349775835285, 67.36349775835285, 'SEARCH'
11, 19294, 67.3510610505087, 67.3510610505087, 'SEARCH'
11, 19295, 67.37473193161834, 67.37473193161834, 'SEARCH'
11, 19296, 67.37831338159492, 67.37831338159492, 'SEARCH'
11, 19297, 67.35596116411719, 67.35596116411719, 'SEARCH'
11, 19298, 67.35328882640613, 67.35328882640613, 'SEARCH'
11, 19299, 67.37409486827305, 67.37409486827305, 'SEARCH'
11, 19300, 67.39850078934217, 67.39850078934217, 'SEARCH'
11, 19301, 67.41129888852542, 67.41129888852542, 'SEARCH'
11, 19302, 67.43876620737022, 67.43876620737022, 'SEARCH'
11, 19303, 67.45600940702805, 67.45600940702805, 'SEARCH'
11, 19304, 67.48038649065194, 67.48038649065194, 'SEARCH'
11, 19305, 67.49944048372326, 67.49944048372326, 'SEARCH'
11, 19306, 67.52647493313391, 67.52647493313391, 'SEARCH'
11, 19307, 67.55261432116161, 67.55261432116161, 'SEARCH'
11, 19308, 67.5771006686539, 67.5771006686539, 'SEARCH'
11, 19309, 67.56368210720238, 67.56368210720238, 'SEARCH'
11, 19310, 67.55289992396438, 67.55289992396438, 'SEARCH'
11, 19311, 67.57782344774652, 67.57782344774652, 'SEARCH'
11, 19312, 67.57306674268142, 67.57306674268142, 'SEARCH'
11, 19313, 67.54929910913044, 67.54929910913044, 'SEARCH'
11, 19314, 67.55706317235013, 67.55706317235013, 'SEARCH'
11, 19315, 67.55235136986938, 67.55235136986938, 'SEARCH'
11, 19316, 67.53459444084754, 67.53459444084754, 'SEARCH'
11, 19317, 67.53668561180045, 67.53668561180045, 'SEARCH'
11, 19318, 67.52553529049729, 67.52553529049729, 'SEARCH'
11, 19319, 67.50637078221966, 67.50637078221966, 'SEARCH'
11, 19320, 67.49798621612177, 67.49798621612177, 'SEARCH'
11, 19321, 67.52166284293695, 67.52166284293695, 'SEARCH'
11, 19322, 67.50590131432286, 67.50590131432286, 'SEARCH'
11, 19323, 67.47940631915858, 67.47940631915858, 'SEARCH'
11, 19324, 67.49923338106845, 67.49923338106845, 'SEARCH'
11, 19325, 67.52557807522328, 67.52557807522328, 'SEARCH'
11, 19326, 67.54208771458164, 67.54208771458164, 'SEARCH'
11, 19327, 67.53188357329604, 67.53188357329604, 'SEARCH'
11, 19328, 67.5487893494399, 67.5487893494399, 'SEARCH'
11, 19329, 67.57542742421231, 67.57542742421231, 'SEARCH'
11, 19330, 67.55054801513118, 67.55054801513118, 'SEARCH'
11, 19331, 67.54218081124444, 67.54218081124444, 'SEARCH'
11, 19332, 67.52341690495403, 67.52341690495403, 'SEARCH'
11, 19333, 67.5484756648462, 67.5484756648462, 'SEARCH'
11, 19334, 67.57607488053245, 67.57607488053245, 'SEARCH'
11, 19335, 67.55493469054804, 67.55493469054804, 'SEARCH'
11, 19336, 67.58111952672827, 67.58111952672827, 'SEARCH'
11, 19337, 67.56957964348975, 67.56957964348975, 'SEARCH'
11, 19338, 67.54356046326699, 67.54356046326699, 'SEARCH'
11, 19339, 67.53162808624037, 67.53162808624037, 'SEARCH'
11, 19340, 67.5343409399334, 67.5343409399334, 'SEARCH'
11, 19341, 67.54040987423394, 67.54040987423394, 'SEARCH'
11, 19342, 67.56645014105338, 67.56645014105338, 'SEARCH'
11, 19343, 67.54080152512795, 67.54080152512795, 'SEARCH'
11, 19344, 67.52934507309936, 67.52934507309936, 'SEARCH'
11, 19345, 67.53401876246852, 67.53401876246852, 'SEARCH'
11, 19346, 67.54819936486237, 67.54819936486237, 'SEARCH'
11, 19347, 67.53294271382497, 67.53294271382497, 'SEARCH'
11, 19348, 67.54796400915176, 67.54796400915176, 'SEARCH'
11, 19349, 67.56297947472481, 67.56297947472481, 'SEARCH'
11, 19350, 67.54014413821615, 67.54014413821615, 'SEARCH'
11, 19351, 67.56756215981079, 67.56756215981079, 'SEARCH'
11, 19352, 67.582163964053, 67.582163964053, 'SEARCH'
11, 19353, 67.55601196646309, 67.55601196646309, 'SEARCH'
11, 19354, 67.55638211115469, 67.55638211115469, 'SEARCH'
11, 19355, 67.58409932290371, 67.58409932290371, 'SEARCH'
11, 19356, 67.59115890443277, 67.59115890443277, 'SEARCH'
11, 19357, 67.60007790426762, 67.60007790426762, 'SEARCH'
11, 19358, 67.62781044402153, 67.62781044402153, 'SEARCH'
11, 19359, 67.62474815273102, 67.62474815273102, 'SEARCH'
11, 19360, 67.6160255810771, 67.6160255810771, 'SEARCH'
11, 19361, 67.62024560331142, 67.62024560331142, 'SEARCH'
11, 19362, 67.64780132710644, 67.64780132710644, 'SEARCH'
11, 19363, 67.66113801408835, 67.66113801408835, 'SEARCH'
11, 19364, 67.66864686631317, 67.66864686631317, 'SEARCH'
11, 19365, 67.69408433069319, 67.69408433069319, 'SEARCH'
11, 19366, 67.72185095753964, 67.72185095753964, 'SEARCH'
11, 19367, 67.72163875726966, 67.72163875726966, 'SEARCH'
11, 19368, 67.71332482501315, 67.71332482501315, 'SEARCH'
11, 19369, 67.69607952064116, 67.69607952064116, 'SEARCH'
11, 19370, 67.68205561105741, 67.68205561105741, 'SEARCH'
11, 19371, 67.6974789926652, 67.6974789926652, 'SEARCH'
11, 19372, 67.72408353904768, 67.72408353904768, 'SEARCH'
11, 19373, 67.72391247528586, 67.72391247528586, 'SEARCH'
11, 19374, 67.74164456865255, 67.74164456865255, 'SEARCH'
11, 19375, 67.76897011387608, 67.76897011387608, 'SEARCH'
11, 19376, 67.79316835093539, 67.79316835093539, 'SEARCH'
11, 19377, 67.80200462325062, 67.80200462325062, 'SEARCH'
11, 19378, 67.8225007691169, 67.8225007691169, 'SEARCH'
11, 19379, 67.81011463642929, 67.81011463642929, 'SEARCH'
11, 19380, 67.82994950542395, 67.82994950542395, 'SEARCH'
11, 19381, 67.84977467896185, 67.84977467896185, 'SEARCH'
11, 19382, 67.86781810379583, 67.86781810379583, 'SEARCH'
11, 19383, 67.89493589278992, 67.89493589278992, 'SEARCH'
11, 19384, 67.9207683490384, 67.9207683490384, 'SEARCH'
11, 19385, 67.94849072027284, 67.94849072027284, 'SEARCH'
11, 19386, 67.97436744536874, 67.97436744536874, 'SEARCH'
11, 19387, 67.96016694322051, 67.96016694322051, 'SEARCH'
11, 19388, 67.98749663799164, 67.98749663799164, 'SEARCH'
11, 19389, 68.0103175339722, 68.0103175339722, 'SEARCH'
11, 19390, 68.02672401915765, 68.02672401915765, 'SEARCH'
11, 19391, 68.03941376550998, 68.03941376550998, 'SEARCH'
11, 19392, 68.04143542348866, 68.04143542348866, 'SEARCH'
11, 19393, 68.05783748718643, 68.05783748718643, 'SEARCH'
11, 19394, 68.08554167801563, 68.08554167801563, 'SEARCH'
11, 19395, 68.08365616029015, 68.08365616029015, 'SEARCH'
11, 19396, 68.10880393558196, 68.10880393558196, 'SEARCH'
11, 19397, 68.08406875353093, 68.08406875353093, 'SEARCH'
11, 19398, 68.10878952262142, 68.10878952262142, 'SEARCH'
11, 19399, 68.12353748173699, 68.12353748173699, 'SEARCH'
11, 19400, 68.14930224675355, 68.14930224675355, 'SEARCH'
11, 19401, 68.17673829324039, 68.17673829324039, 'SEARCH'
11, 19402, 68.20379812874911, 68.20379812874911, 'SEARCH'
11, 19403, 68.18248458225804, 68.18248458225804, 'SEARCH'
11, 19404, 68.20176347560334, 68.20176347560334, 'SEARCH'
11, 19405, 68.18911929525557, 68.18911929525557, 'SEARCH'
11, 19406, 68.21266859361293, 68.21266859361293, 'SEARCH'
11, 19407, 68.24017121014123, 68.24017121014123, 'SEARCH'
11, 19408, 68.21854410214429, 68.21854410214429, 'SEARCH'
11, 19409, 68.24497250936923, 68.24497250936923, 'SEARCH'
11, 19410, 68.25162933779309, 68.25162933779309, 'SEARCH'
11, 19411, 68.26829659796194, 68.26829659796194, 'SEARCH'
11, 19412, 68.26532113767902, 68.26532113767902, 'SEARCH'
11, 19413, 68.28747010786532, 68.28747010786532, 'SEARCH'
11, 19414, 68.31300961127565, 68.31300961127565, 'SEARCH'
11, 19415, 68.29434789786094, 68.29434789786094, 'SEARCH'
11, 19416, 68.26706674352627, 68.26706674352627, 'SEARCH'
11, 19417, 68.25529072422573, 68.25529072422573, 'SEARCH'
11, 19418, 68.25624223244296, 68.25624223244296, 'SEARCH'
11, 19419, 68.2740909647692, 68.2740909647692, 'SEARCH'
11, 19420, 68.26972572669358, 68.26972572669358, 'SEARCH'
11, 19421, 68.29723249958641, 68.29723249958641, 'SEARCH'
11, 19422, 68.32297492901088, 68.32297492901088, 'SEARCH'
11, 19423, 68.30988257267103, 68.30988257267103, 'SEARCH'
11, 19424, 68.32415957486208, 68.32415957486208, 'SEARCH'
11, 19425, 68.3441125194374, 68.3441125194374, 'SEARCH'
11, 19426, 68.35580103285012, 68.35580103285012, 'SEARCH'
11, 19427, 68.38298411416085, 68.38298411416085, 'SEARCH'
11, 19428, 68.4007687903402, 68.4007687903402, 'SEARCH'
11, 19429, 68.38358551061857, 68.38358551061857, 'SEARCH'
11, 19430, 68.36798923813761, 68.36798923813761, 'SEARCH'
11, 19431, 68.35363972377901, 68.35363972377901, 'SEARCH'
11, 19432, 68.3603355400653, 68.3603355400653, 'SEARCH'
11, 19433, 68.38728284017392, 68.38728284017392, 'SEARCH'
11, 19434, 68.35991849173159, 68.35991849173159, 'SEARCH'
11, 19435, 68.38742353478166, 68.38742353478166, 'SEARCH'
11, 19436, 68.40169027815824, 68.40169027815824, 'SEARCH'
11, 19437, 68.42163485940853, 68.42163485940853, 'SEARCH'
11, 19438, 68.41531972047014, 68.41531972047014, 'SEARCH'
11, 19439, 68.3881384354313, 68.3881384354313, 'SEARCH'
11, 19440, 68.41557138307054, 68.41557138307054, 'SEARCH'
11, 19441, 68.40512188230588, 68.40512188230588, 'SEARCH'
11, 19442, 68.38014418104976, 68.38014418104976, 'SEARCH'
11, 19443, 68.40731643827029, 68.40731643827029, 'SEARCH'
11, 19444, 68.4341422361718, 68.4341422361718, 'SEARCH'
11, 19445, 68.40915450715812, 68.40915450715812, 'SEARCH'
11, 19446, 68.42386115490045, 68.42386115490045, 'SEARCH'
11, 19447, 68.4360173120763, 68.4360173120763, 'SEARCH'
11, 19448, 68.40865683197241, 68.40865683197241, 'SEARCH'
11, 19449, 68.3904371276801, 68.3904371276801, 'SEARCH'
11, 19450, 68.36402947958813, 68.36402947958813, 'SEARCH'
11, 19451, 68.33888278992943, 68.33888278992943, 'SEARCH'
11, 19452, 68.31863593045227, 68.31863593045227, 'SEARCH'
11, 19453, 68.34641144935324, 68.34641144935324, 'SEARCH'
11, 19454, 68.36836169204416, 68.36836169204416, 'SEARCH'
11, 19455, 68.36698912771126, 68.36698912771126, 'SEARCH'
11, 19456, 68.38416462721148, 68.38416462721148, 'SEARCH'
11, 19457, 68.38570121853466, 68.38570121853466, 'SEARCH'
11, 19458, 68.41304084322802, 68.41304084322802, 'SEARCH'
11, 19459, 68.4097143608365, 68.4097143608365, 'SEARCH'
11, 19460, 68.42649034993914, 68.42649034993914, 'SEARCH'
11, 19461, 68.45057830486405, 68.45057830486405, 'SEARCH'
11, 19462, 68.46614590142885, 68.46614590142885, 'SEARCH'
11, 19463, 68.4642410706543, 68.4642410706543, 'SEARCH'
11, 19464, 68.48729559224789, 68.48729559224789, 'SEARCH'
11, 19465, 68.51033885217056, 68.51033885217056, 'SEARCH'
11, 19466, 68.49949040220704, 68.49949040220704, 'SEARCH'
11, 19467, 68.52356070976336, 68.52356070976336, 'SEARCH'
11, 19468, 68.53028664190037, 68.53028664190037, 'SEARCH'
11, 19469, 68.55670765621865, 68.55670765621865, 'SEARCH'
11, 19470, 68.58168200348602, 68.58168200348602, 'SEARCH'
11, 19471, 68.6070373408182, 68.6070373408182, 'SEARCH'
11, 19472, 68.63203706222654, 68.63203706222654, 'SEARCH'
11, 19473, 68.65923037332678, 68.65923037332678, 'SEARCH'
11, 19474, 68.68597112367326, 68.68597112367326, 'SEARCH'
11, 19475, 68.71184011245795, 68.71184011245795, 'SEARCH'
11, 19476, 68.7393854388554, 68.7393854388554, 'SEARCH'
11, 19477, 68.71304617921227, 68.71304617921227, 'SEARCH'
11, 19478, 68.7392161433928, 68.7392161433928, 'SEARCH'
11, 19479, 68.7529029803037, 68.7529029803037, 'SEARCH'
11, 19480, 68.7801237505973, 68.7801237505973, 'SEARCH'
11, 19481, 68.80759254703244, 68.80759254703244, 'SEARCH'
11, 19482, 68.83513996425668, 68.83513996425668, 'SEARCH'
11, 19483, 68.80876939614636, 68.80876939614636, 'SEARCH'
11, 19484, 68.80176057957412, 68.80176057957412, 'SEARCH'
11, 19485, 68.82953695062012, 68.82953695062012, 'SEARCH'
11, 19486, 68.85420801454791, 68.85420801454791, 'SEARCH'
11, 19487, 68.83022193008087, 68.83022193008087, 'SEARCH'
11, 19488, 68.84589810271694, 68.84589810271694, 'SEARCH'
11, 19489, 68.86788759818425, 68.86788759818425, 'SEARCH'
11, 19490, 68.89440899731919, 68.89440899731919, 'SEARCH'
11, 19491, 68.91932682232573, 68.91932682232573, 'SEARCH'
11, 19492, 68.90467216223388, 68.90467216223388, 'SEARCH'
11, 19493, 68.87860499458114, 68.87860499458114, 'SEARCH'
11, 19494, 68.85650337022771, 68.85650337022771, 'SEARCH'
11, 19495, 68.88403384266255, 68.88403384266255, 'SEARCH'
11, 19496, 68.85871424248938, 68.85871424248938, 'SEARCH'
11, 19497, 68.88285622710843, 68.88285622710843, 'SEARCH'
11, 19498, 68.91054093802074, 68.91054093802074, 'SEARCH'
11, 19499, 68.88415947299912, 68.88415947299912, 'SEARCH'
11, 19500, 68.91037390117353, 68.91037390117353, 'SEARCH'
11, 19501, 68.90424051411813, 68.90424051411813, 'SEARCH'
11, 19502, 68.90679675504231, 68.90679675504231, 'SEARCH'
11, 19503, 68.89788897458652, 68.89788897458652, 'SEARCH'
11, 19504, 68.88992455870772, 68.88992455870772, 'SEARCH'
11, 19505, 68.91692106296982, 68.91692106296982, 'SEARCH'
11, 19506, 68.8963819429626, 68.8963819429626, 'SEARCH'
11, 19507, 68.87687200083688, 68.87687200083688, 'SEARCH'
11, 19508, 68.85052145933776, 68.85052145933776, 'SEARCH'
11, 19509, 68.85125693485323, 68.85125693485323, 'SEARCH'
11, 19510, 68.87814531848753, 68.87814531848753, 'SEARCH'
11, 19511, 68.90416954098723, 68.90416954098723, 'SEARCH'
11, 19512, 68.8821014497345, 68.8821014497345, 'SEARCH'
11, 19513, 68.90887368627432, 68.90887368627432, 'SEARCH'
11, 19514, 68.93253093235353, 68.93253093235353, 'SEARCH'
11, 19515, 68.93172974899777, 68.93172974899777, 'SEARCH'
11, 19516, 68.9518360975592, 68.9518360975592, 'SEARCH'
11, 19517, 68.92579004636838, 68.92579004636838, 'SEARCH'
11, 19518, 68.90343451381524, 68.90343451381524, 'SEARCH'
11, 19519, 68.93112754474981, 68.93112754474981, 'SEARCH'
11, 19520, 68.93662170822233, 68.93662170822233, 'SEARCH'
11, 19521, 68.92962748661098, 68.92962748661098, 'SEARCH'
11, 19522, 68.95104769098299, 68.95104769098299, 'SEARCH'
11, 19523, 68.92391972146072, 68.92391972146072, 'SEARCH'
11, 19524, 68.9489891060721, 68.9489891060721, 'SEARCH'
11, 19525, 68.9226371089292, 68.9226371089292, 'SEARCH'
11, 19526, 68.93756553286823, 68.93756553286823, 'SEARCH'
11, 19527, 68.93683408688584, 68.93683408688584, 'SEARCH'
11, 19528, 68.94565526959374, 68.94565526959374, 'SEARCH'
11, 19529, 68.97319441745822, 68.97319441745822, 'SEARCH'
11, 19530, 68.94790671703903, 68.94790671703903, 'SEARCH'
11, 19531, 68.97454287177275, 68.97454287177275, 'SEARCH'
11, 19532, 68.97234303972245, 68.97234303972245, 'SEARCH'
11, 19533, 68.95908258915296, 68.95908258915296, 'SEARCH'
11, 19534, 68.97402326900647, 68.97402326900647, 'SEARCH'
11, 19535, 68.99169995380113, 68.99169995380113, 'SEARCH'
11, 19536, 68.99000181789536, 68.99000181789536, 'SEARCH'
11, 19537, 68.96398691309105, 68.96398691309105, 'SEARCH'
11, 19538, 68.98605229537513, 68.98605229537513, 'SEARCH'
11, 19539, 68.98970392164635, 68.98970392164635, 'SEARCH'
11, 19540, 69.01748090868276, 69.01748090868276, 'SEARCH'
11, 19541, 69.00959126661738, 69.00959126661738, 'SEARCH'
11, 19542, 68.99765049103235, 68.99765049103235, 'TRACK'
11, 19543, 68.98529567440416, 68.98529567440416, 'SEARCH'
11, 19544, 68.96300746349553, 68.96300746349553, 'SEARCH'
11, 19545, 68.9469603924631, 68.9469603924631, 'SEARCH'
11, 19546, 68.95990279069736, 68.95990279069736, 'SEARCH'
11, 19547, 68.98709762749915, 68.98709762749915, 'SEARCH'
11, 19548, 69.01429957319282, 69.01429957319282, 'SEARCH'
11, 19549, 69.00372076942492, 69.00372076942492, 'SEARCH'
11, 19550, 69.03137809102306, 69.03137809102306, 'SEARCH'
11, 19551, 69.05663551966984, 69.05663551966984, 'SEARCH'
11, 19552, 69.03402775199861, 69.03402775199861, 'SEARCH'
11, 19553, 69.060062168076, 69.060062168076, 'SEARCH'
11, 19554, 69.06177551332269, 69.06177551332269, 'SEARCH'
11, 19555, 69.05817630365421, 69.05817630365421, 'SEARCH'
11, 19556, 69.07868476747761, 69.07868476747761, 'SEARCH'
11, 19557, 69.05580658845271, 69.05580658845271, 'SEARCH'
11, 19558, 69.08327044044634, 69.08327044044634, 'SEARCH'
11, 19559, 69.10875398632719, 69.10875398632719, 'SEARCH'
11, 19560, 69.11938208685363, 69.11938208685363, 'SEARCH'
11, 19561, 69.14627623826549, 69.14627623826549, 'SEARCH'
11, 19562, 69.17173410407506, 69.17173410407506, 'SEARCH'
11, 19563, 69.17909321529211, 69.17909321529211, 'SEARCH'
11, 19564, 69.17114187483531, 69.17114187483531, 'SEARCH'
11, 19565, 69.1553719245852, 69.1553719245852, 'SEARCH'
11, 19566, 69.18170925412694, 69.18170925412694, 'SEARCH'
11, 19567, 69.16291024604914, 69.16291024604914, 'SEARCH'
11, 19568, 69.15927163879928, 69.15927163879928, 'SEARCH'
11, 19569, 69.14601960421595, 69.14601960421595, 'SEARCH'
11, 19570, 69.15015401056253, 69.15015401056253, 'SEARCH'
11, 19571, 69.17788210020356, 69.17788210020356, 'SEARCH'
11, 19572, 69.15221949080298, 69.15221949080298, 'SEARCH'
11, 19573, 69.17839137848046, 69.17839137848046, 'SEARCH'
11, 19574, 69.15149883332595, 69.15149883332595, 'SEARCH'
11, 19575, 69.12783404336348, 69.12783404336348, 'SEARCH'
11, 19576, 69.10044929179838, 69.10044929179838, 'SEARCH'
11, 19577, 69.10797661882563, 69.10797661882563, 'SEARCH'
11, 19578, 69.10784411763309, 69.10784411763309, 'SEARCH'
11, 19579, 69.13336626080734, 69.13336626080734, 'SEARCH'
11, 19580, 69.16002692703864, 69.16002692703864, 'SEARCH'
11, 19581, 69.18180664934944, 69.18180664934944, 'SEARCH'
11, 19582, 69.20797585369637, 69.20797585369637, 'SEARCH'
11, 19583, 69.18565220482859, 69.18565220482859, 'SEARCH'
11, 19584, 69.17551249803856, 69.17551249803856, 'SEARCH'
11, 19585, 69.18016337303689, 69.18016337303689, 'SEARCH'
11, 19586, 69.20791779326967, 69.20791779326967, 'SEARCH'
11, 19587, 69.23427247217893, 69.23427247217893, 'SEARCH'
11, 19588, 69.21111454651263, 69.21111454651263, 'SEARCH'
11, 19589, 69.22728187292017, 69.22728187292017, 'SEARCH'
11, 19590, 69.23927162953635, 69.23927162953635, 'SEARCH'
11, 19591, 69.22162599221382, 69.22162599221382, 'SEARCH'
11, 19592, 69.22289846871749, 69.22289846871749, 'SEARCH'
11, 19593, 69.240245989333, 69.240245989333, 'SEARCH'
11, 19594, 69.21460509591361, 69.21460509591361, 'SEARCH'
11, 19595, 69.22532272912679, 69.22532272912679, 'SEARCH'
11, 19596, 69.22999836547567, 69.22999836547567, 'SEARCH'
11, 19597, 69.20662362016665, 69.20662362016665, 'SEARCH'
11, 19598, 69.23436881794085, 69.23436881794085, 'SEARCH'
11, 19599, 69.24508966948412, 69.24508966948412, 'SEARCH'
11, 19600, 69.24300571943117, 69.24300571943117, 'SEARCH'
11, 19601, 69.22227449627738, 69.22227449627738, 'SEARCH'
11, 19602, 69.22652252048789, 69.22652252048789, 'SEARCH'
11, 19603, 69.217851088523, 69.217851088523, 'SEARCH'
11, 19604, 69.24562877795441, 69.24562877795441, 'SEARCH'
11, 19605, 69.22491586280131, 69.22491586280131, 'SEARCH'
11, 19606, 69.23614924027521, 69.23614924027521, 'SEARCH'
11, 19607, 69.25886083903312, 69.25886083903312, 'SEARCH'
11, 19608, 69.2800781091745, 69.2800781091745, 'SEARCH'
11, 19609, 69.27609846204966, 69.27609846204966, 'SEARCH'
11, 19610, 69.30351873334045, 69.30351873334045, 'SEARCH'
11, 19611, 69.29435163707043, 69.29435163707043, 'SEARCH'
11, 19612, 69.26697732618568, 69.26697732618568, 'SEARCH'
11, 19613, 69.2944241893974, 69.2944241893974, 'SEARCH'
11, 19614, 69.31466585724436, 69.31466585724436, 'SEARCH'
11, 19615, 69.33677456289726, 69.33677456289726, 'SEARCH'
11, 19616, 69.34288083140744, 69.34288083140744, 'SEARCH'
11, 19617, 69.31601312055415, 69.31601312055415, 'SEARCH'
11, 19618, 69.34326030037496, 69.34326030037496, 'SEARCH'
11, 19619, 69.36506470592425, 69.36506470592425, 'SEARCH'
11, 19620, 69.39265419003084, 69.39265419003084, 'SEARCH'
11, 19621, 69.39439830667135, 69.39439830667135, 'SEARCH'
11, 19622, 69.41617352385947, 69.41617352385947, 'SEARCH'
11, 19623, 69.44146585050552, 69.44146585050552, 'SEARCH'
11, 19624, 69.4612856521113, 69.4612856521113, 'SEARCH'
11, 19625, 69.48075065621298, 69.48075065621298, 'SEARCH'
11, 19626, 69.48721287510864, 69.48721287510864, 'SEARCH'
11, 19627, 69.51480985188478, 69.51480985188478, 'SEARCH'
11, 19628, 69.53964510725535, 69.53964510725535, 'SEARCH'
11, 19629, 69.56719561131905, 69.56719561131905, 'SEARCH'
11, 19630, 69.57816438575192, 69.57816438575192, 'SEARCH'
11, 19631, 69.60591020840963, 69.60591020840963, 'SEARCH'
11, 19632, 69.59694873239458, 69.59694873239458, 'SEARCH'
11, 19633, 69.58709632379266, 69.58709632379266, 'SEARCH'
11, 19634, 69.564992416402, 69.564992416402, 'SEARCH'
11, 19635, 69.58542259856729, 69.58542259856729, 'SEARCH'
11, 19636, 69.58847586011213, 69.58847586011213, 'SEARCH'
11, 19637, 69.56260026782306, 69.56260026782306, 'SEARCH'
11, 19638, 69.55701701875525, 69.55701701875525, 'SEARCH'
11, 19639, 69.58432467758935, 69.58432467758935, 'SEARCH'
11, 19640, 69.60957627172043, 69.60957627172043, 'SEARCH'
11, 19641, 69.59624445586748, 69.59624445586748, 'SEARCH'
11, 19642, 69.62347655921299, 69.62347655921299, 'SEARCH'
11, 19643, 69.59623704361798, 69.59623704361798, 'SEARCH'
11, 19644, 69.56900493902619, 69.56900493902619, 'SEARCH'
11, 19645, 69.55880324434783, 69.55880324434783, 'SEARCH'
11, 19646, 69.53676671711436, 69.53676671711436, 'SEARCH'
11, 19647, 69.5643616406824, 69.5643616406824, 'SEARCH'
11, 19648, 69.59208757685631, 69.59208757685631, 'SEARCH'
11, 19649, 69.61717498075167, 69.61717498075167, 'SEARCH'
11, 19650, 69.59632167379391, 69.59632167379391, 'SEARCH'
11, 19651, 69.60601312987946, 69.60601312987946, 'SEARCH'
11, 19652, 69.62579736321405, 69.62579736321405, 'SEARCH'
11, 19653, 69.65084430535026, 69.65084430535026, 'SEARCH'
11, 19654, 69.6249682937263, 69.6249682937263, 'SEARCH'
11, 19655, 69.59783883229628, 69.59783883229628, 'SEARCH'
11, 19656, 69.61926713782066, 69.61926713782066, 'SEARCH'
11, 19657, 69.59307290407902, 69.59307290407902, 'SEARCH'
11, 19658, 69.61873277912737, 69.61873277912737, 'SEARCH'
11, 19659, 69.62751914453486, 69.62751914453486, 'SEARCH'
11, 19660, 69.65300464681802, 69.65300464681802, 'SEARCH'
11, 19661, 69.62928510102802, 69.62928510102802, 'SEARCH'
11, 19662, 69.64941374132432, 69.64941374132432, 'SEARCH'
11, 19663, 69.65106163622185, 69.65106163622185, 'SEARCH'
11, 19664, 69.64267242112768, 69.64267242112768, 'SEARCH'
11, 19665, 69.64144534067536, 69.64144534067536, 'SEARCH'
11, 19666, 69.65677554823534, 69.65677554823534, 'SEARCH'
11, 19667, 69.65122615731698, 69.65122615731698, 'SEARCH'
11, 19668, 69.66491126574552, 69.66491126574552, 'SEARCH'
11, 19669, 69.64509896128556, 69.64509896128556, 'SEARCH'
11, 19670, 69.67279383777652, 69.67279383777652, 'SEARCH'
11, 19671, 69.68892401776188, 69.68892401776188, 'SEARCH'
11, 19672, 69.67200454663252, 69.67200454663252, 'SEARCH'
11, 19673, 69.68265335310032, 69.68265335310032, 'SEARCH'
11, 19674, 69.70409852646087, 69.70409852646087, 'SEARCH'
11, 19675, 69.7311080890695, 69.7311080890695, 'SEARCH'
11, 19676, 69.72601055327738, 69.72601055327738, 'SEARCH'
11, 19677, 69.70908690157661, 69.70908690157661, 'SEARCH'
11, 19678, 69.73393942311975, 69.73393942311975, 'SEARCH'
11, 19679, 69.74134012201428, 69.74134012201428, 'SEARCH'
11, 19680, 69.76894175419605, 69.76894175419605, 'SEARCH'
11, 19681, 69.7440559373659, 69.7440559373659, 'SEARCH'
11, 19682, 69.76870477804076, 69.76870477804076, 'SEARCH'
11, 19683, 69.7921003088064, 69.7921003088064, 'SEARCH'
11, 19684, 69.77436667998757, 69.77436667998757, 'SEARCH'
11, 19685, 69.80184682046725, 69.80184682046725, 'SEARCH'
11, 19686, 69.78980752450116, 69.78980752450116, 'SEARCH'
11, 19687, 69.76450508170313, 69.76450508170313, 'SEARCH'
11, 19688, 69.73963541811283, 69.73963541811283, 'SEARCH'
11, 19689, 69.74983044561455, 69.74983044561455, 'SEARCH'
11, 19690, 69.7505710446075, 69.7505710446075, 'SEARCH'
11, 19691, 69.74793350002362, 69.74793350002362, 'SEARCH'
11, 19692, 69.72652555411236, 69.72652555411236, 'SEARCH'
11, 19693, 69.70642982198993, 69.70642982198993, 'SEARCH'
11, 19694, 69.68140702671796, 69.68140702671796, 'SEARCH'
11, 19695, 69.70908679551415, 69.70908679551415, 'SEARCH'
11, 19696, 69.72863781335967, 69.72863781335967, 'SEARCH'
11, 19697, 69.71720684413928, 69.71720684413928, 'SEARCH'
11, 19698, 69.70078373246149, 69.70078373246149, 'SEARCH'
11, 19699, 69.69635325579934, 69.69635325579934, 'SEARCH'
11, 19700, 69.6890985822363, 69.6890985822363, 'SEARCH'
11, 19701, 69.66942463218548, 69.66942463218548, 'SEARCH'
11, 19702, 69.64404438627777, 69.64404438627777, 'SEARCH'
11, 19703, 69.62158916115195, 69.62158916115195, 'SEARCH'
11, 19704, 69.6493039090341, 69.6493039090341, 'SEARCH'
11, 19705, 69.67486132130155, 69.67486132130155, 'SEARCH'
11, 19706, 69.65033101639582, 69.65033101639582, 'SEARCH'
11, 19707, 69.62846075214651, 69.62846075214651, 'SEARCH'
11, 19708, 69.60494010380127, 69.60494010380127, 'SEARCH'
11, 19709, 69.59373966238465, 69.59373966238465, 'SEARCH'
11, 19710, 69.60290989196587, 69.60290989196587, 'SEARCH'
11, 19711, 69.57624544669409, 69.57624544669409, 'SEARCH'
11, 19712, 69.59824123296711, 69.59824123296711, 'SEARCH'
11, 19713, 69.62327404919048, 69.62327404919048, 'SEARCH'
11, 19714, 69.64850138303093, 69.64850138303093, 'SEARCH'
11, 19715, 69.65763488400164, 69.65763488400164, 'SEARCH'
11, 19716, 69.68533819443715, 69.68533819443715, 'SEARCH'
11, 19717, 69.66866628904704, 69.66866628904704, 'SEARCH'
11, 19718, 69.68178632342958, 69.68178632342958, 'SEARCH'
11, 19719, 69.66796977105766, 69.66796977105766, 'SEARCH'
11, 19720, 69.66856829054339, 69.66856829054339, 'SEARCH'
11, 19721, 69.69462743999328, 69.69462743999328, 'SEARCH'
11, 19722, 69.72041463306316, 69.72041463306316, 'SEARCH'
11, 19723, 69.73476888886202, 69.73476888886202, 'SEARCH'
11, 19724, 69.7391609401756, 69.7391609401756, 'SEARCH'
11, 19725, 69.71291424559693, 69.71291424559693, 'SEARCH'
11, 19726, 69.68757660553868, 69.68757660553868, 'SEARCH'
11, 19727, 69.66043418490803, 69.66043418490803, 'SEARCH'
11, 19728, 69.66964288593839, 69.66964288593839, 'SEARCH'
11, 19729, 69.67175494767281, 69.67175494767281, 'SEARCH'
11, 19730, 69.69896363968684, 69.69896363968684, 'SEARCH'
11, 19731, 69.72440078740243, 69.72440078740243, 'SEARCH'
11, 19732, 69.75217830180183, 69.75217830180183, 'SEARCH'
11, 19733, 69.75660528527179, 69.75660528527179, 'SEARCH'
11, 19734, 69.75379091116419, 69.75379091116419, 'SEARCH'
11, 19735, 69.77482501550547, 69.77482501550547, 'SEARCH'
11, 19736, 69.76101110318935, 69.76101110318935, 'SEARCH'
11, 19737, 69.73359390356062, 69.73359390356062, 'SEARCH'
11, 19738, 69.72112349043964, 69.72112349043964, 'SEARCH'
11, 19739, 69.72895940342751, 69.72895940342751, 'SEARCH'
11, 19740, 69.70172864888562, 69.70172864888562, 'SEARCH'
11, 19741, 69.72719731404247, 69.72719731404247, 'SEARCH'
11, 19742, 69.70349042747344, 69.70349042747344, 'SEARCH'
11, 19743, 69.73050140249445, 69.73050140249445, 'SEARCH'
11, 19744, 69.7096681640626, 69.7096681640626, 'SEARCH'
11, 19745, 69.70223935425938, 69.70223935425938, 'SEARCH'
11, 19746, 69.71377477908673, 69.71377477908673, 'SEARCH'
11, 19747, 69.6929798616332, 69.6929798616332, 'SEARCH'
11, 19748, 69.7071231531289, 69.7071231531289, 'SEARCH'
11, 19749, 69.73295177446377, 69.73295177446377, 'SEARCH'
11, 19750, 69.7072897276067, 69.7072897276067, 'SEARCH'
11, 19751, 69.73497835787826, 69.73497835787826, 'TRACK'
11, 19752, 69.71236674243956, 69.71236674243956, 'SEARCH'
11, 19753, 69.73656502940608, 69.73656502940608, 'TRACK'
11, 19754, 69.72165453690025, 69.72165453690025, 'SEARCH'
11, 19755, 69.69703832438711, 69.69703832438711, 'SEARCH'
11, 19756, 69.6935023566528, 69.6935023566528, 'SEARCH'
11, 19757, 69.68998498469068, 69.68998498469068, 'SEARCH'
11, 19758, 69.66338774984345, 69.66338774984345, 'SEARCH'
11, 19759, 69.66525251887715, 69.66525251887715, 'SEARCH'
11, 19760, 69.65989174589238, 69.65989174589238, 'SEARCH'
11, 19761, 69.67696166568626, 69.67696166568626, 'SEARCH'
11, 19762, 69.6798123738356, 69.6798123738356, 'SEARCH'
11, 19763, 69.66630777093117, 69.66630777093117, 'SEARCH'
11, 19764, 69.67759534202767, 69.67759534202767, 'SEARCH'
11, 19765, 69.68932151799402, 69.68932151799402, 'SEARCH'
11, 19766, 69.71689001763954, 69.71689001763954, 'SEARCH'
11, 19767, 69.69169142060774, 69.69169142060774, 'SEARCH'
11, 19768, 69.7194318499607, 69.7194318499607, 'SEARCH'
11, 19769, 69.74659138146247, 69.74659138146247, 'SEARCH'
11, 19770, 69.7412035330387, 69.7412035330387, 'SEARCH'
11, 19771, 69.74065106094433, 69.74065106094433, 'SEARCH'
11, 19772, 69.7678108293042, 69.7678108293042, 'SEARCH'
11, 19773, 69.79533042039971, 69.79533042039971, 'SEARCH'
11, 19774, 69.81308636412159, 69.81308636412159, 'SEARCH'
11, 19775, 69.83832197935928, 69.83832197935928, 'SEARCH'
11, 19776, 69.838136383996, 69.838136383996, 'SEARCH'
11, 19777, 69.81103255223589, 69.81103255223589, 'SEARCH'
11, 19778, 69.83342893425319, 69.83342893425319, 'SEARCH'
11, 19779, 69.85979949560438, 69.85979949560438, 'SEARCH'
11, 19780, 69.83249715284492, 69.83249715284492, 'SEARCH'
11, 19781, 69.86021697474473, 69.86021697474473, 'SEARCH'
11, 19782, 69.88571365033496, 69.88571365033496, 'SEARCH'
11, 19783, 69.88020150986735, 69.88020150986735, 'SEARCH'
11, 19784, 69.89307056618503, 69.89307056618503, 'SEARCH'
11, 19785, 69.91422038355284, 69.91422038355284, 'SEARCH'
11, 19786, 69.88959092801113, 69.88959092801113, 'SEARCH'
11, 19787, 69.91545891105146, 69.91545891105146, 'SEARCH'
11, 19788, 69.8906134828418, 69.8906134828418, 'SEARCH'
11, 19789, 69.86516886191804, 69.86516886191804, 'SEARCH'
11, 19790, 69.88059667305859, 69.88059667305859, 'SEARCH'
11, 19791, 69.85696739496676, 69.85696739496676, 'SEARCH'
11, 19792, 69.87321739138594, 69.87321739138594, 'SEARCH'
11, 19793, 69.85455085598075, 69.85455085598075, 'SEARCH'
11, 19794, 69.83856120695543, 69.83856120695543, 'SEARCH'
11, 19795, 69.81448764265744, 69.81448764265744, 'SEARCH'
11, 19796, 69.84023997524747, 69.84023997524747, 'SEARCH'
11, 19797, 69.8435902310264, 69.8435902310264, 'SEARCH'
11, 19798, 69.87085274778273, 69.87085274778273, 'SEARCH'
11, 19799, 69.89079106394617, 69.89079106394617, 'SEARCH'
11, 19800, 69.91692126662804, 69.91692126662804, 'SEARCH'
11, 19801, 69.94014992561635, 69.94014992561635, 'SEARCH'
11, 19802, 69.96666976891004, 69.96666976891004, 'SEARCH'
11, 19803, 69.95138685978628, 69.95138685978628, 'SEARCH'
11, 19804, 69.95269107202314, 69.95269107202314, 'TRACK'
11, 19805, 69.9656106822605, 69.9656106822605, 'SEARCH'
11, 19806, 69.97633239840296, 69.97633239840296, 'SEARCH'
11, 19807, 69.99331927697324, 69.99331927697324, 'SEARCH'
11, 19808, 69.96993677195853, 69.96993677195853, 'SEARCH'
11, 19809, 69.94987426510615, 69.94987426510615, 'SEARCH'
11, 19810, 69.94497480312062, 69.94497480312062, 'SEARCH'
11, 19811, 69.9372649533323, 69.9372649533323, 'SEARCH'
11, 19812, 69.96422483234036, 69.96422483234036, 'SEARCH'
11, 19813, 69.98824447129448, 69.98824447129448, 'SEARCH'
11, 19814, 70.01522138938442, 70.01522138938442, 'SEARCH'
11, 19815, 70.04084698322575, 70.04084698322575, 'SEARCH'
11, 19816, 70.06805614313835, 70.06805614313835, 'SEARCH'
11, 19817, 70.04517038563458, 70.04517038563458, 'SEARCH'
11, 19818, 70.07066565022915, 70.07066565022915, 'SEARCH'
11, 19819, 70.0747931065497, 70.0747931065497, 'SEARCH'
11, 19820, 70.08454937189136, 70.08454937189136, 'SEARCH'
11, 19821, 70.08916305995699, 70.08916305995699, 'SEARCH'
11, 19822, 70.07901693638196, 70.07901693638196, 'SEARCH'
11, 19823, 70.05376757698555, 70.05376757698555, 'TRACK'
11, 19824, 70.06837458730607, 70.06837458730607, 'SEARCH'
11, 19825, 70.04581864420265, 70.04581864420265, 'SEARCH'
11, 19826, 70.07082879824992, 70.07082879824992, 'SEARCH'
11, 19827, 70.07165471907831, 70.07165471907831, 'SEARCH'
11, 19828, 70.09942569308173, 70.09942569308173, 'SEARCH'
11, 19829, 70.10691771538154, 70.10691771538154, 'SEARCH'
11, 19830, 70.10626498057137, 70.10626498057137, 'SEARCH'
11, 19831, 70.1312978165733, 70.1312978165733, 'SEARCH'
11, 19832, 70.14666805121668, 70.14666805121668, 'SEARCH'
11, 19833, 70.16985122740618, 70.16985122740618, 'SEARCH'
11, 19834, 70.14457829267538, 70.14457829267538, 'SEARCH'
11, 19835, 70.13137060564725, 70.13137060564725, 'SEARCH'
11, 19836, 70.1568100664674, 70.1568100664674, 'SEARCH'
11, 19837, 70.1802600817715, 70.1802600817715, 'SEARCH'
11, 19838, 70.16875410417437, 70.16875410417437, 'SEARCH'
11, 19839, 70.16952664120973, 70.16952664120973, 'SEARCH'
11, 19840, 70.19502406013493, 70.19502406013493, 'SEARCH'
11, 19841, 70.1904656529127, 70.1904656529127, 'SEARCH'
11, 19842, 70.21161931943699, 70.21161931943699, 'SEARCH'
11, 19843, 70.23893666443952, 70.23893666443952, 'SEARCH'
11, 19844, 70.26420807033357, 70.26420807033357, 'SEARCH'
11, 19845, 70.23697901979509, 70.23697901979509, 'SEARCH'
11, 19846, 70.22816437181571, 70.22816437181571, 'SEARCH'
11, 19847, 70.25527787371284, 70.25527787371284, 'SEARCH'
11, 19848, 70.28145650035216, 70.28145650035216, 'SEARCH'
11, 19849, 70.25559242604463, 70.25559242604463, 'SEARCH'
11, 19850, 70.26968418406521, 70.26968418406521, 'SEARCH'
11, 19851, 70.24678265183168, 70.24678265183168, 'SEARCH'
11, 19852, 70.22215604408456, 70.22215604408456, 'SEARCH'
11, 19853, 70.24698326155846, 70.24698326155846, 'SEARCH'
11, 19854, 70.25015474902855, 70.25015474902855, 'SEARCH'
11, 19855, 70.2465659506673, 70.2465659506673, 'SEARCH'
11, 19856, 70.25404481253321, 70.25404481253321, 'SEARCH'
11, 19857, 70.26819548287985, 70.26819548287985, 'SEARCH'
11, 19858, 70.2442878825156, 70.2442878825156, 'SEARCH'
11, 19859, 70.25455826352287, 70.25455826352287, 'SEARCH'
11, 19860, 70.2798742106593, 70.2798742106593, 'SEARCH'
11, 19861, 70.25387745633691, 70.25387745633691, 'SEARCH'
11, 19862, 70.28125629619727, 70.28125629619727, 'SEARCH'
11, 19863, 70.2815617630745, 70.2815617630745, 'SEARCH'
11, 19864, 70.29735936293278, 70.29735936293278, 'SEARCH'
11, 19865, 70.32299732378438, 70.32299732378438, 'SEARCH'
11, 19866, 70.35068784216537, 70.35068784216537, 'SEARCH'
11, 19867, 70.37328864681255, 70.37328864681255, 'SEARCH'
11, 19868, 70.35595795225402, 70.35595795225402, 'SEARCH'
11, 19869, 70.3302905292409, 70.3302905292409, 'SEARCH'
11, 19870, 70.35174666481329, 70.35174666481329, 'SEARCH'
11, 19871, 70.37914534783405, 70.37914534783405, 'SEARCH'
11, 19872, 70.35201982266925, 70.35201982266925, 'SEARCH'
11, 19873, 70.32471022852187, 70.32471022852187, 'SEARCH'
11, 19874, 70.34736036444164, 70.34736036444164, 'SEARCH'
11, 19875, 70.33329271332109, 70.33329271332109, 'SEARCH'
11, 19876, 70.30599303324448, 70.30599303324448, 'SEARCH'
11, 19877, 70.32687391943963, 70.32687391943963, 'SEARCH'
11, 19878, 70.32430471668518, 70.32430471668518, 'SEARCH'
11, 19879, 70.32900077859843, 70.32900077859843, 'SEARCH'
11, 19880, 70.35391381051872, 70.35391381051872, 'SEARCH'
11, 19881, 70.32792644119468, 70.32792644119468, 'SEARCH'
11, 19882, 70.31151232342546, 70.31151232342546, 'SEARCH'
11, 19883, 70.3371088547241, 70.3371088547241, 'SEARCH'
11, 19884, 70.33505628303678, 70.33505628303678, 'SEARCH'
11, 19885, 70.35320726453214, 70.35320726453214, 'SEARCH'
11, 19886, 70.37644194152132, 70.37644194152132, 'SEARCH'
11, 19887, 70.39492400596001, 70.39492400596001, 'SEARCH'
11, 19888, 70.3962197834213, 70.3962197834213, 'SEARCH'
11, 19889, 70.38391298792145, 70.38391298792145, 'SEARCH'
11, 19890, 70.36634559457153, 70.36634559457153, 'SEARCH'
11, 19891, 70.37439879948668, 70.37439879948668, 'SEARCH'
11, 19892, 70.40144905620271, 70.40144905620271, 'SEARCH'
11, 19893, 70.37583747394359, 70.37583747394359, 'SEARCH'
11, 19894, 70.37916176404049, 70.37916176404049, 'SEARCH'
11, 19895, 70.35188467389298, 70.35188467389298, 'SEARCH'
11, 19896, 70.35670352371775, 70.35670352371775, 'SEARCH'
11, 19897, 70.33960444810485, 70.33960444810485, 'SEARCH'
11, 19898, 70.34303242946918, 70.34303242946918, 'SEARCH'
11, 19899, 70.37045978128363, 70.37045978128363, 'SEARCH'
11, 19900, 70.36564365139334, 70.36564365139334, 'SEARCH'
11, 19901, 70.39175682288501, 70.39175682288501, 'SEARCH'
11, 19902, 70.41801960163042, 70.41801960163042, 'SEARCH'
11, 19903, 70.39834836418846, 70.39834836418846, 'SEARCH'
11, 19904, 70.42023824037335, 70.42023824037335, 'SEARCH'
11, 19905, 70.42971635113874, 70.42971635113874, 'SEARCH'
11, 19906, 70.45469331401641, 70.45469331401641, 'SEARCH'
11, 19907, 70.47941123418182, 70.47941123418182, 'SEARCH'
11, 19908, 70.49321069452108, 70.49321069452108, 'SEARCH'
11, 19909, 70.46798860826911, 70.46798860826911, 'SEARCH'
11, 19910, 70.49572488563561, 70.49572488563561, 'SEARCH'
11, 19911, 70.49223263144799, 70.49223263144799, 'SEARCH'
11, 19912, 70.46644533620506, 70.46644533620506, 'SEARCH'
11, 19913, 70.48427082521725, 70.48427082521725, 'SEARCH'
11, 19914, 70.51163610211503, 70.51163610211503, 'SEARCH'
11, 19915, 70.49980440675772, 70.49980440675772, 'SEARCH'
11, 19916, 70.52103949767981, 70.52103949767981, 'SEARCH'
11, 19917, 70.5391937555779, 70.5391937555779, 'SEARCH'
11, 19918, 70.55769940316252, 70.55769940316252, 'SEARCH'
11, 19919, 70.54762612683237, 70.54762612683237, 'SEARCH'
11, 19920, 70.53365443481708, 70.53365443481708, 'TRACK'
11, 19921, 70.53214180159566, 70.53214180159566, 'TRACK'
11, 19922, 70.51906548182205, 70.51906548182205, 'SEARCH'
11, 19923, 70.50196031453531, 70.50196031453531, 'SEARCH'
11, 19924, 70.51103834231469, 70.51103834231469, 'SEARCH'
11, 19925, 70.48448525203018, 70.48448525203018, 'SEARCH'
11, 19926, 70.49760155039442, 70.49760155039442, 'SEARCH'
11, 19927, 70.50808027532288, 70.50808027532288, 'SEARCH'
11, 19928, 70.48883972578136, 70.48883972578136, 'SEARCH'
11, 19929, 70.51587817088709, 70.51587817088709, 'SEARCH'
11, 19930, 70.52499026935595, 70.52499026935595, 'SEARCH'
11, 19931, 70.53977241699188, 70.53977241699188, 'SEARCH'
11, 19932, 70.53405898108704, 70.53405898108704, 'SEARCH'
11, 19933, 70.56176273817188, 70.56176273817188, 'SEARCH'
11, 19934, 70.54918952769349, 70.54918952769349, 'SEARCH'
11, 19935, 70.57676964003846, 70.57676964003846, 'SEARCH'
11, 19936, 70.60131209330339, 70.60131209330339, 'SEARCH'
11, 19937, 70.59365712066584, 70.59365712066584, 'SEARCH'
11, 19938, 70.60586147084007, 70.60586147084007, 'SEARCH'
11, 19939, 70.58030180239622, 70.58030180239622, 'SEARCH'
11, 19940, 70.60309857354453, 70.60309857354453, 'SEARCH'
11, 19941, 70.611264128475, 70.611264128475, 'SEARCH'
11, 19942, 70.60648855689031, 70.60648855689031, 'SEARCH'
11, 19943, 70.5832321904049, 70.5832321904049, 'SEARCH'
11, 19944, 70.5941974827059, 70.5941974827059, 'SEARCH'
11, 19945, 70.6197204015167, 70.6197204015167, 'SEARCH'
11, 19946, 70.6464028748572, 70.6464028748572, 'SEARCH'
11, 19947, 70.63048676944142, 70.63048676944142, 'SEARCH'
11, 19948, 70.61420857123946, 70.61420857123946, 'SEARCH'
11, 19949, 70.62604011496371, 70.62604011496371, 'SEARCH'
11, 19950, 70.65323097324787, 70.65323097324787, 'SEARCH'
11, 19951, 70.62607176895725, 70.62607176895725, 'SEARCH'
11, 19952, 70.65326406708459, 70.65326406708459, 'SEARCH'
11, 19953, 70.67776104677657, 70.67776104677657, 'SEARCH'
11, 19954, 70.70251721893818, 70.70251721893818, 'SEARCH'
11, 19955, 70.67894936290801, 70.67894936290801, 'SEARCH'
11, 19956, 70.70630997230406, 70.70630997230406, 'SEARCH'
11, 19957, 70.69325570716319, 70.69325570716319, 'SEARCH'
11, 19958, 70.71952722441458, 70.71952722441458, 'SEARCH'
11, 19959, 70.7056236989974, 70.7056236989974, 'SEARCH'
11, 19960, 70.72312141663998, 70.72312141663998, 'SEARCH'
11, 19961, 70.74953808574413, 70.74953808574413, 'SEARCH'
11, 19962, 70.72358922565965, 70.72358922565965, 'SEARCH'
11, 19963, 70.70003503461206, 70.70003503461206, 'SEARCH'
11, 19964, 70.72729208937506, 70.72729208937506, 'SEARCH'
11, 19965, 70.70870854967882, 70.70870854967882, 'SEARCH'
11, 19966, 70.70017122028221, 70.70017122028221, 'SEARCH'
11, 19967, 70.67349159925155, 70.67349159925155, 'SEARCH'
11, 19968, 70.65611155004704, 70.65611155004704, 'SEARCH'
11, 19969, 70.64322355540328, 70.64322355540328, 'SEARCH'
11, 19970, 70.66368173372744, 70.66368173372744, 'SEARCH'
11, 19971, 70.69106941837254, 70.69106941837254, 'SEARCH'
11, 19972, 70.66427569869717, 70.66427569869717, 'SEARCH'
11, 19973, 70.69175548599507, 70.69175548599507, 'SEARCH'
11, 19974, 70.71080538089431, 70.71080538089431, 'SEARCH'
11, 19975, 70.68568318817418, 70.68568318817418, 'SEARCH'
11, 19976, 70.66390229262878, 70.66390229262878, 'SEARCH'
11, 19977, 70.68532412649122, 70.68532412649122, 'SEARCH'
11, 19978, 70.68938596891645, 70.68938596891645, 'SEARCH'
11, 19979, 70.71487336364179, 70.71487336364179, 'SEARCH'
11, 19980, 70.69221004679333, 70.69221004679333, 'SEARCH'
11, 19981, 70.69675963793917, 70.69675963793917, 'SEARCH'
11, 19982, 70.69358942169832, 70.69358942169832, 'SEARCH'
11, 19983, 70.67246525613338, 70.67246525613338, 'SEARCH'
11, 19984, 70.64784693875907, 70.64784693875907, 'SEARCH'
11, 19985, 70.66405539644344, 70.66405539644344, 'SEARCH'
11, 19986, 70.6399195784283, 70.6399195784283, 'SEARCH'
11, 19987, 70.64885955112383, 70.64885955112383, 'SEARCH'
11, 19988, 70.67365843949479, 70.67365843949479, 'SEARCH'
11, 19989, 70.6467865657868, 70.6467865657868, 'SEARCH'
11, 19990, 70.67239803704696, 70.67239803704696, 'SEARCH'
11, 19991, 70.67030197197481, 70.67030197197481, 'SEARCH'
11, 19992, 70.69442651984824, 70.69442651984824, 'SEARCH'
11, 19993, 70.70815251402688, 70.70815251402688, 'SEARCH'
11, 19994, 70.68094172285016, 70.68094172285016, 'SEARCH'
11, 19995, 70.70675083626452, 70.70675083626452, 'SEARCH'
11, 19996, 70.69396533372608, 70.69396533372608, 'SEARCH'
11, 19997, 70.71743799837105, 70.71743799837105, 'SEARCH'
11, 19998, 70.74364020849454, 70.74364020849454, 'SEARCH'
11, 19999, 70.75107680149759, 70.75107680149759, 'SEARCH'
11, 20000, 70.77594425054143, 70.77594425054143, 'SEARCH'
11, 20001, 70.8036712447923, 70.8036712447923, 'SEARCH'
11, 20002, 70.78521550689754, 70.78521550689754, 'SEARCH'
11, 20003, 70.81260891041484, 70.81260891041484, 'SEARCH'
11, 20004, 70.79603345165273, 70.79603345165273, 'SEARCH'
11, 20005, 70.81944914252445, 70.81944914252445, 'SEARCH'
11, 20006, 70.80832394829862, 70.80832394829862, 'SEARCH'
11, 20007, 70.80088411280522, 70.80088411280522, 'SEARCH'
11, 20008, 70.802109165615, 70.802109165615, 'SEARCH'
11, 20009, 70.81276653391627, 70.81276653391627, 'SEARCH'
11, 20010, 70.8063088818951, 70.8063088818951, 'SEARCH'
11, 20011, 70.79940903945563, 70.79940903945563, 'SEARCH'
11, 20012, 70.77527545654998, 70.77527545654998, 'SEARCH'
11, 20013, 70.80124520401662, 70.80124520401662, 'TRACK'
11, 20014, 70.79297467278376, 70.79297467278376, 'SEARCH'
11, 20015, 70.79862891709864, 70.79862891709864, 'SEARCH'
11, 20016, 70.77361199949215, 70.77361199949215, 'SEARCH'
11, 20017, 70.78949294363787, 70.78949294363787, 'SEARCH'
11, 20018, 70.81617364983508, 70.81617364983508, 'SEARCH'
11, 20019, 70.79074962816502, 70.79074962816502, 'SEARCH'
11, 20020, 70.81848584337577, 70.81848584337577, 'SEARCH'
11, 20021, 70.80326189249455, 70.80326189249455, 'SEARCH'
11, 20022, 70.78848194491066, 70.78848194491066, 'SEARCH'
11, 20023, 70.80877787253134, 70.80877787253134, 'SEARCH'
11, 20024, 70.78979566264834, 70.78979566264834, 'SEARCH'
11, 20025, 70.78785393083922, 70.78785393083922, 'SEARCH'
11, 20026, 70.81322270491482, 70.81322270491482, 'SEARCH'
11, 20027, 70.84089777984194, 70.84089777984194, 'SEARCH'
11, 20028, 70.82052399750808, 70.82052399750808, 'SEARCH'
11, 20029, 70.80963681686276, 70.80963681686276, 'SEARCH'
11, 20030, 70.79292018446489, 70.79292018446489, 'SEARCH'
11, 20031, 70.7726360627729, 70.7726360627729, 'SEARCH'
11, 20032, 70.78864669504544, 70.78864669504544, 'SEARCH'
11, 20033, 70.78014123971093, 70.78014123971093, 'SEARCH'
11, 20034, 70.7589370038335, 70.7589370038335, 'SEARCH'
11, 20035, 70.78444098517647, 70.78444098517647, 'SEARCH'
11, 20036, 70.75777068399061, 70.75777068399061, 'SEARCH'
11, 20037, 70.73430246120918, 70.73430246120918, 'SEARCH'
11, 20038, 70.7082756478837, 70.7082756478837, 'SEARCH'
11, 20039, 70.73605208695876, 70.73605208695876, 'SEARCH'
11, 20040, 70.76190425375412, 70.76190425375412, 'SEARCH'
11, 20041, 70.7891389195619, 70.7891389195619, 'SEARCH'
11, 20042, 70.81337736627144, 70.81337736627144, 'SEARCH'
11, 20043, 70.78985396721863, 70.78985396721863, 'SEARCH'
11, 20044, 70.8159959026365, 70.8159959026365, 'SEARCH'
11, 20045, 70.82041557342984, 70.82041557342984, 'SEARCH'
11, 20046, 70.8471409732032, 70.8471409732032, 'SEARCH'
11, 20047, 70.82894986443611, 70.82894986443611, 'SEARCH'
11, 20048, 70.82758695744552, 70.82758695744552, 'SEARCH'
11, 20049, 70.80837230830454, 70.80837230830454, 'SEARCH'
11, 20050, 70.80998780287041, 70.80998780287041, 'SEARCH'
11, 20051, 70.83751955077877, 70.83751955077877, 'SEARCH'
11, 20052, 70.85978262972877, 70.85978262972877, 'SEARCH'
11, 20053, 70.87248471973024, 70.87248471973024, 'SEARCH'
11, 20054, 70.87209673123569, 70.87209673123569, 'SEARCH'
11, 20055, 70.89883052141907, 70.89883052141907, 'SEARCH'
11, 20056, 70.92437123566393, 70.92437123566393, 'SEARCH'
11, 20057, 70.89795890771202, 70.89795890771202, 'SEARCH'
11, 20058, 70.887621443601, 70.887621443601, 'SEARCH'
11, 20059, 70.8843462527638, 70.8843462527638, 'SEARCH'
11, 20060, 70.9085747409726, 70.9085747409726, 'SEARCH'
11, 20061, 70.8986970205586, 70.8986970205586, 'SEARCH'
11, 20062, 70.90693222754648, 70.90693222754648, 'SEARCH'
11, 20063, 70.905601174798, 70.905601174798, 'SEARCH'
11, 20064, 70.90623119051772, 70.90623119051772, 'SEARCH'
11, 20065, 70.93012549930825, 70.93012549930825, 'SEARCH'
11, 20066, 70.9040677163125, 70.9040677163125, 'SEARCH'
11, 20067, 70.88060955068116, 70.88060955068116, 'TRACK'
11, 20068, 70.8774621551562, 70.8774621551562, 'TRACK'
11, 20069, 70.89158033482778, 70.89158033482778, 'SEARCH'
11, 20070, 70.87833859963702, 70.87833859963702, 'SEARCH'
11, 20071, 70.8829794027846, 70.8829794027846, 'TRACK'
11, 20072, 70.86978523215657, 70.86978523215657, 'SEARCH'
11, 20073, 70.89751776266905, 70.89751776266905, 'SEARCH'
11, 20074, 70.92172411625128, 70.92172411625128, 'SEARCH'
11, 20075, 70.949192995359, 70.949192995359, 'SEARCH'
11, 20076, 70.9720690134372, 70.9720690134372, 'SEARCH'
11, 20077, 70.94528548420871, 70.94528548420871, 'SEARCH'
11, 20078, 70.97146845026232, 70.97146845026232, 'SEARCH'
11, 20079, 70.99900243579597, 70.99900243579597, 'SEARCH'
11, 20080, 70.99384613527073, 70.99384613527073, 'SEARCH'
11, 20081, 70.96834596556627, 70.96834596556627, 'SEARCH'
11, 20082, 70.99498267591899, 70.99498267591899, 'SEARCH'
11, 20083, 71.02275874260195, 71.02275874260195, 'SEARCH'
11, 20084, 71.0077343466903, 71.0077343466903, 'SEARCH'
11, 20085, 71.02049634384045, 71.02049634384045, 'SEARCH'
11, 20086, 71.04686343783965, 71.04686343783965, 'SEARCH'
11, 20087, 71.0198220329489, 71.0198220329489, 'SEARCH'
11, 20088, 70.99316585496017, 70.99316585496017, 'SEARCH'
11, 20089, 71.00056723464245, 71.00056723464245, 'SEARCH'
11, 20090, 70.99127895963147, 70.99127895963147, 'SEARCH'
11, 20091, 70.98863676567876, 70.98863676567876, 'SEARCH'
11, 20092, 71.01604114376708, 71.01604114376708, 'SEARCH'
11, 20093, 71.00768570862427, 71.00768570862427, 'SEARCH'
11, 20094, 71.03479785028236, 71.03479785028236, 'SEARCH'
11, 20095, 71.04929208627806, 71.04929208627806, 'SEARCH'
11, 20096, 71.07704484079235, 71.07704484079235, 'SEARCH'
11, 20097, 71.10365394852276, 71.10365394852276, 'SEARCH'
11, 20098, 71.09245690285138, 71.09245690285138, 'SEARCH'
11, 20099, 71.12017714423165, 71.12017714423165, 'SEARCH'
11, 20100, 71.10393017124825, 71.10393017124825, 'SEARCH'
11, 20101, 71.10021013716737, 71.10021013716737, 'SEARCH'
11, 20102, 71.0784291697517, 71.0784291697517, 'SEARCH'
11, 20103, 71.06432015930635, 71.06432015930635, 'SEARCH'
11, 20104, 71.08969642201865, 71.08969642201865, 'TRACK'
11, 20105, 71.11507268473095, 71.11507268473095, 'TRACK'
11, 20106, 71.14044894744325, 71.14044894744325, 'TRACK'
11, 20107, 71.16582521015555, 71.16582521015555, 'TRACK'
11, 20108, 71.19171715710213, 71.19171715710213, 'SEARCH'
11, 20109, 71.21644206609352, 71.21644206609352, 'SEARCH'
11, 20110, 71.22316025463445, 71.22316025463445, 'SEARCH'
11, 20111, 71.22703126097089, 71.22703126097089, 'SEARCH'
11, 20112, 71.25154903732917, 71.25154903732917, 'SEARCH'
11, 20113, 71.22511865384222, 71.22511865384222, 'SEARCH'
11, 20114, 71.20107166699262, 71.20107166699262, 'SEARCH'
11, 20115, 71.22042222575668, 71.22042222575668, 'TRACK'
11, 20116, 71.22859446145944, 71.22859446145944, 'SEARCH'
11, 20117, 71.25262207147229, 71.25262207147229, 'SEARCH'
11, 20118, 71.23476660937213, 71.23476660937213, 'SEARCH'
11, 20119, 71.20921686962015, 71.20921686962015, 'SEARCH'
11, 20120, 71.183323319622, 71.183323319622, 'SEARCH'
11, 20121, 71.15711384081813, 71.15711384081813, 'SEARCH'
11, 20122, 71.14384458863849, 71.14384458863849, 'SEARCH'
11, 20123, 71.16367659875333, 71.16367659875333, 'SEARCH'
11, 20124, 71.19098849856358, 71.19098849856358, 'SEARCH'
11, 20125, 71.20667796537438, 71.20667796537438, 'SEARCH'
11, 20126, 71.19252233906212, 71.19252233906212, 'SEARCH'
11, 20127, 71.21670888867096, 71.21670888867096, 'SEARCH'
11, 20128, 71.24448481336367, 71.24448481336367, 'SEARCH'
11, 20129, 71.243624812341, 71.243624812341, 'SEARCH'
11, 20130, 71.26044751425731, 71.26044751425731, 'SEARCH'
11, 20131, 71.28773687497983, 71.28773687497983, 'SEARCH'
11, 20132, 71.29452110071702, 71.29452110071702, 'SEARCH'
11, 20133, 71.29410967036911, 71.29410967036911, 'SEARCH'
11, 20134, 71.32188138499941, 71.32188138499941, 'SEARCH'
11, 20135, 71.29915002802952, 71.29915002802952, 'SEARCH'
11, 20136, 71.27234413489252, 71.27234413489252, 'SEARCH'
11, 20137, 71.29724165987112, 71.29724165987112, 'SEARCH'
11, 20138, 71.27872714621374, 71.27872714621374, 'SEARCH'
11, 20139, 71.27742343847531, 71.27742343847531, 'SEARCH'
11, 20140, 71.30452798424282, 71.30452798424282, 'SEARCH'
11, 20141, 71.33139135415192, 71.33139135415192, 'SEARCH'
11, 20142, 71.31396998509652, 71.31396998509652, 'SEARCH'
11, 20143, 71.340834234321, 71.340834234321, 'SEARCH'
11, 20144, 71.3384930916896, 71.3384930916896, 'SEARCH'
11, 20145, 71.31379140039978, 71.31379140039978, 'SEARCH'
11, 20146, 71.30399189076195, 71.30399189076195, 'SEARCH'
11, 20147, 71.3316811719616, 71.3316811719616, 'SEARCH'
11, 20148, 71.3567917013832, 71.3567917013832, 'SEARCH'
11, 20149, 71.33208353591746, 71.33208353591746, 'SEARCH'
11, 20150, 71.35314709739158, 71.35314709739158, 'SEARCH'
11, 20151, 71.37072420901747, 71.37072420901747, 'SEARCH'
11, 20152, 71.39009573847147, 71.39009573847147, 'SEARCH'
11, 20153, 71.41668346834534, 71.41668346834534, 'SEARCH'
11, 20154, 71.39511736124726, 71.39511736124726, 'SEARCH'
11, 20155, 71.42256729639676, 71.42256729639676, 'SEARCH'
11, 20156, 71.44045227611909, 71.44045227611909, 'SEARCH'
11, 20157, 71.46771604643416, 71.46771604643416, 'SEARCH'
11, 20158, 71.49414684745032, 71.49414684745032, 'SEARCH'
11, 20159, 71.48017019085654, 71.48017019085654, 'SEARCH'
11, 20160, 71.46118622581223, 71.46118622581223, 'SEARCH'
11, 20161, 71.45588657604021, 71.45588657604021, 'SEARCH'
11, 20162, 71.44687418461554, 71.44687418461554, 'SEARCH'
11, 20163, 71.4508116472713, 71.4508116472713, 'SEARCH'
11, 20164, 71.45428229237723, 71.45428229237723, 'SEARCH'
11, 20165, 71.45728618738768, 71.45728618738768, 'SEARCH'
11, 20166, 71.46734983046137, 71.46734983046137, 'SEARCH'
11, 20167, 71.49341221579007, 71.49341221579007, 'SEARCH'
11, 20168, 71.48769085605207, 71.48769085605207, 'SEARCH'
11, 20169, 71.49951068382883, 71.49951068382883, 'SEARCH'
11, 20170, 71.47479897602082, 71.47479897602082, 'SEARCH'
11, 20171, 71.47736547515154, 71.47736547515154, 'SEARCH'
11, 20172, 71.48792235607091, 71.48792235607091, 'SEARCH'
11, 20173, 71.48088965655184, 71.48088965655184, 'SEARCH'
11, 20174, 71.5040290306626, 71.5040290306626, 'SEARCH'
11, 20175, 71.52009490785376, 71.52009490785376, 'SEARCH'
11, 20176, 71.54506140913985, 71.54506140913985, 'TRACK'
11, 20177, 71.57002791042594, 71.57002791042594, 'TRACK'
11, 20178, 71.59499441171202, 71.59499441171202, 'TRACK'
11, 20179, 71.61904073514934, 71.61904073514934, 'SEARCH'
11, 20180, 71.64674786974984, 71.64674786974984, 'SEARCH'
11, 20181, 71.67246562774098, 71.67246562774098, 'SEARCH'
11, 20182, 71.68318532005142, 71.68318532005142, 'SEARCH'
11, 20183, 71.68545927903483, 71.68545927903483, 'SEARCH'
11, 20184, 71.71143841201199, 71.71143841201199, 'SEARCH'
11, 20185, 71.72800062057956, 71.72800062057956, 'SEARCH'
11, 20186, 71.75448326895233, 71.75448326895233, 'SEARCH'
11, 20187, 71.73678985187104, 71.73678985187104, 'SEARCH'
11, 20188, 71.71216135923675, 71.71216135923675, 'SEARCH'
11, 20189, 71.73853091340786, 71.73853091340786, 'SEARCH'
11, 20190, 71.71368805150743, 71.71368805150743, 'SEARCH'
11, 20191, 71.69394580436409, 71.69394580436409, 'SEARCH'
11, 20192, 71.71915646419072, 71.71915646419072, 'SEARCH'
11, 20193, 71.7353641235401, 71.7353641235401, 'SEARCH'
11, 20194, 71.75035500675206, 71.75035500675206, 'SEARCH'
11, 20195, 71.75548090119743, 71.75548090119743, 'SEARCH'
11, 20196, 71.76014052997192, 71.76014052997192, 'SEARCH'
11, 20197, 71.78674919917775, 71.78674919917775, 'SEARCH'
11, 20198, 71.81292560751888, 71.81292560751888, 'SEARCH'
11, 20199, 71.84069278765193, 71.84069278765193, 'SEARCH'
11, 20200, 71.86700328477166, 71.86700328477166, 'SEARCH'
11, 20201, 71.89213924307016, 71.89213924307016, 'SEARCH'
11, 20202, 71.90301900638508, 71.90301900638508, 'SEARCH'
11, 20203, 71.9295757063661, 71.9295757063661, 'SEARCH'
11, 20204, 71.94813330240915, 71.94813330240915, 'SEARCH'
11, 20205, 71.94661588265524, 71.94661588265524, 'SEARCH'
11, 20206, 71.94271194887604, 71.94271194887604, 'SEARCH'
11, 20207, 71.91818192893442, 71.91818192893442, 'SEARCH'
11, 20208, 71.8960316596261, 71.8960316596261, 'SEARCH'
11, 20209, 71.9128434044744, 71.9128434044744, 'SEARCH'
11, 20210, 71.92423261159773, 71.92423261159773, 'SEARCH'
11, 20211, 71.95076867346954, 71.95076867346954, 'SEARCH'
11, 20212, 71.97008617878667, 71.97008617878667, 'SEARCH'
11, 20213, 71.95223340029449, 71.95223340029449, 'SEARCH'
11, 20214, 71.92632216361238, 71.92632216361238, 'SEARCH'
11, 20215, 71.95373803032585, 71.95373803032585, 'SEARCH'
11, 20216, 71.98028411153338, 71.98028411153338, 'SEARCH'
11, 20217, 71.96169388466033, 71.96169388466033, 'SEARCH'
11, 20218, 71.97304108084221, 71.97304108084221, 'SEARCH'
11, 20219, 71.9952548661266, 71.9952548661266, 'SEARCH'
11, 20220, 72.02196018270492, 72.02196018270492, 'SEARCH'
11, 20221, 72.03978444653907, 72.03978444653907, 'SEARCH'
11, 20222, 72.03681820663502, 72.03681820663502, 'SEARCH'
11, 20223, 72.04113009142577, 72.04113009142577, 'SEARCH'
11, 20224, 72.05151613497317, 72.05151613497317, 'SEARCH'
11, 20225, 72.07908972343063, 72.07908972343063, 'SEARCH'
11, 20226, 72.10624193669865, 72.10624193669865, 'SEARCH'
11, 20227, 72.1264579975782, 72.1264579975782, 'SEARCH'
11, 20228, 72.10635474312393, 72.10635474312393, 'SEARCH'
11, 20229, 72.12756004086359, 72.12756004086359, 'SEARCH'
11, 20230, 72.12450935035415, 72.12450935035415, 'SEARCH'
11, 20231, 72.14909106905306, 72.14909106905306, 'SEARCH'
11, 20232, 72.17280541396963, 72.17280541396963, 'SEARCH'
11, 20233, 72.199694670242, 72.199694670242, 'SEARCH'
11, 20234, 72.21912706181737, 72.21912706181737, 'SEARCH'
11, 20235, 72.24559478556503, 72.24559478556503, 'SEARCH'
11, 20236, 72.21834809032656, 72.21834809032656, 'SEARCH'
11, 20237, 72.2456482764396, 72.2456482764396, 'SEARCH'
11, 20238, 72.24334274932815, 72.24334274932815, 'SEARCH'
11, 20239, 72.21630955394127, 72.21630955394127, 'SEARCH'
11, 20240, 72.23972019141797, 72.23972019141797, 'SEARCH'
11, 20241, 72.26535537668981, 72.26535537668981, 'SEARCH'
11, 20242, 72.29259993695587, 72.29259993695587, 'SEARCH'
11, 20243, 72.28224155360904, 72.28224155360904, 'SEARCH'
11, 20244, 72.30532382508343, 72.30532382508343, 'SEARCH'
11, 20245, 72.28288331250074, 72.28288331250074, 'SEARCH'
11, 20246, 72.27304087863784, 72.27304087863784, 'SEARCH'
11, 20247, 72.27944938677447, 72.27944938677447, 'SEARCH'
11, 20248, 72.2810742696599, 72.2810742696599, 'SEARCH'
11, 20249, 72.30675746275274, 72.30675746275274, 'SEARCH'
11, 20250, 72.29601583032365, 72.29601583032365, 'SEARCH'
11, 20251, 72.31708965453326, 72.31708965453326, 'SEARCH'
11, 20252, 72.29071287258013, 72.29071287258013, 'SEARCH'
11, 20253, 72.28752850592663, 72.28752850592663, 'SEARCH'
11, 20254, 72.3095601861176, 72.3095601861176, 'SEARCH'
11, 20255, 72.33668976915573, 72.33668976915573, 'SEARCH'
11, 20256, 72.30954545955396, 72.30954545955396, 'SEARCH'
11, 20257, 72.33574578281105, 72.33574578281105, 'SEARCH'
11, 20258, 72.35884448771277, 72.35884448771277, 'SEARCH'
11, 20259, 72.37854530390496, 72.37854530390496, 'SEARCH'
11, 20260, 72.36387024037289, 72.36387024037289, 'SEARCH'
11, 20261, 72.38611892421427, 72.38611892421427, 'SEARCH'
11, 20262, 72.41354397941362, 72.41354397941362, 'SEARCH'
11, 20263, 72.40313740983427, 72.40313740983427, 'SEARCH'
11, 20264, 72.40512011729382, 72.40512011729382, 'SEARCH'
11, 20265, 72.3776943109105, 72.3776943109105, 'SEARCH'
11, 20266, 72.40375123825227, 72.40375123825227, 'SEARCH'
11, 20267, 72.38908412228416, 72.38908412228416, 'SEARCH'
11, 20268, 72.4154659637474, 72.4154659637474, 'SEARCH'
11, 20269, 72.44155255948571, 72.44155255948571, 'SEARCH'
11, 20270, 72.46797814176747, 72.46797814176747, 'SEARCH'
11, 20271, 72.45317834855237, 72.45317834855237, 'SEARCH'
11, 20272, 72.42599941777853, 72.42599941777853, 'SEARCH'
11, 20273, 72.4517659680192, 72.4517659680192, 'SEARCH'
11, 20274, 72.45893344095441, 72.45893344095441, 'SEARCH'
11, 20275, 72.44587687056818, 72.44587687056818, 'SEARCH'
11, 20276, 72.47164473236467, 72.47164473236467, 'SEARCH'
11, 20277, 72.49891587267456, 72.49891587267456, 'SEARCH'
11, 20278, 72.52348427595585, 72.52348427595585, 'SEARCH'
11, 20279, 72.53901741216337, 72.53901741216337, 'TRACK'
11, 20280, 72.5545505483709, 72.5545505483709, 'TRACK'
11, 20281, 72.57008368457842, 72.57008368457842, 'TRACK'
11, 20282, 72.58561682078594, 72.58561682078594, 'TRACK'
11, 20283, 72.59801696715147, 72.59801696715147, 'SEARCH'
11, 20284, 72.62478543424892, 72.62478543424892, 'SEARCH'
11, 20285, 72.65233531254499, 72.65233531254499, 'SEARCH'
11, 20286, 72.67856820076938, 72.67856820076938, 'SEARCH'
11, 20287, 72.6949152617691, 72.6949152617691, 'SEARCH'
11, 20288, 72.68406350728269, 72.68406350728269, 'SEARCH'
11, 20289, 72.69130071243335, 72.69130071243335, 'SEARCH'
11, 20290, 72.7158520021288, 72.7158520021288, 'SEARCH'
11, 20291, 72.74328823170103, 72.74328823170103, 'SEARCH'
11, 20292, 72.77071425828481, 72.77071425828481, 'SEARCH'
11, 20293, 72.74351740708909, 72.74351740708909, 'SEARCH'
11, 20294, 72.73488184019426, 72.73488184019426, 'SEARCH'
11, 20295, 72.76025339315117, 72.76025339315117, 'SEARCH'
11, 20296, 72.77914956551366, 72.77914956551366, 'SEARCH'
11, 20297, 72.80456505394109, 72.80456505394109, 'SEARCH'
11, 20298, 72.7771032419847, 72.7771032419847, 'SEARCH'
11, 20299, 72.7770058925615, 72.7770058925615, 'SEARCH'
11, 20300, 72.755371586678, 72.755371586678, 'SEARCH'
11, 20301, 72.76621959749316, 72.76621959749316, 'SEARCH'
11, 20302, 72.79119159126725, 72.79119159126725, 'SEARCH'
11, 20303, 72.80624874025341, 72.80624874025341, 'SEARCH'
11, 20304, 72.7801106037291, 72.7801106037291, 'SEARCH'
11, 20305, 72.80506360219722, 72.80506360219722, 'SEARCH'
11, 20306, 72.82804537302589, 72.82804537302589, 'SEARCH'
11, 20307, 72.80302234496052, 72.80302234496052, 'SEARCH'
11, 20308, 72.81769465939752, 72.81769465939752, 'SEARCH'
11, 20309, 72.83473787706296, 72.83473787706296, 'SEARCH'
11, 20310, 72.84811758841873, 72.84811758841873, 'SEARCH'
11, 20311, 72.8755709597763, 72.8755709597763, 'SEARCH'
11, 20312, 72.87056267649729, 72.87056267649729, 'SEARCH'
11, 20313, 72.89826173205844, 72.89826173205844, 'SEARCH'
11, 20314, 72.8802370003805, 72.8802370003805, 'SEARCH'
11, 20315, 72.90622612054797, 72.90622612054797, 'SEARCH'
11, 20316, 72.92991530790151, 72.92991530790151, 'SEARCH'
11, 20317, 72.95278486114792, 72.95278486114792, 'SEARCH'
11, 20318, 72.92905522802191, 72.92905522802191, 'SEARCH'
11, 20319, 72.92686235066577, 72.92686235066577, 'SEARCH'
11, 20320, 72.95451366264072, 72.95451366264072, 'SEARCH'
11, 20321, 72.98204658334089, 72.98204658334089, 'SEARCH'
11, 20322, 72.99686722006092, 72.99686722006092, 'SEARCH'
11, 20323, 72.99890382827346, 72.99890382827346, 'SEARCH'
11, 20324, 72.99708220555982, 72.99708220555982, 'SEARCH'
11, 20325, 72.97102913065433, 72.97102913065433, 'SEARCH'
11, 20326, 72.96786233838952, 72.96786233838952, 'SEARCH'
11, 20327, 72.94345492919997, 72.94345492919997, 'SEARCH'
11, 20328, 72.9338056550245, 72.9338056550245, 'SEARCH'
11, 20329, 72.9070735213186, 72.9070735213186, 'SEARCH'
11, 20330, 72.93334910122691, 72.93334910122691, 'SEARCH'
11, 20331, 72.90720871556927, 72.90720871556927, 'SEARCH'
11, 20332, 72.88529835709315, 72.88529835709315, 'SEARCH'
11, 20333, 72.91247696244427, 72.91247696244427, 'SEARCH'
11, 20334, 72.93601855659202, 72.93601855659202, 'SEARCH'
11, 20335, 72.93064133857689, 72.93064133857689, 'SEARCH'
11, 20336, 72.94325218579188, 72.94325218579188, 'TRACK'
11, 20337, 72.95586303300686, 72.95586303300686, 'TRACK'
11, 20338, 72.96847388022185, 72.96847388022185, 'TRACK'
11, 20339, 72.98108472743684, 72.98108472743684, 'TRACK'
11, 20340, 72.9756958435241, 72.9756958435241, 'SEARCH'
11, 20341, 72.98869050094217, 72.98869050094217, 'SEARCH'
11, 20342, 73.01640513710588, 73.01640513710588, 'SEARCH'
11, 20343, 73.02108850759302, 73.02108850759302, 'SEARCH'
11, 20344, 73.01377233332755, 73.01377233332755, 'SEARCH'
11, 20345, 73.0415361293939, 73.0415361293939, 'SEARCH'
11, 20346, 73.06664146472934, 73.06664146472934, 'SEARCH'
11, 20347, 73.05132665798719, 73.05132665798719, 'SEARCH'
11, 20348, 73.07530223268847, 73.07530223268847, 'SEARCH'
11, 20349, 73.10076471425661, 73.10076471425661, 'SEARCH'
11, 20350, 73.12277149578028, 73.12277149578028, 'SEARCH'
11, 20351, 73.09854767427176, 73.09854767427176, 'SEARCH'
11, 20352, 73.0874545863289, 73.0874545863289, 'SEARCH'
11, 20353, 73.06144792127505, 73.06144792127505, 'SEARCH'
11, 20354, 73.08750633449719, 73.08750633449719, 'SEARCH'
11, 20355, 73.1055852808176, 73.1055852808176, 'SEARCH'
11, 20356, 73.07882300510887, 73.07882300510887, 'SEARCH'
11, 20357, 73.10585641717402, 73.10585641717402, 'SEARCH'
11, 20358, 73.07909717729589, 73.07909717729589, 'SEARCH'
11, 20359, 73.08426866137022, 73.08426866137022, 'SEARCH'
11, 20360, 73.10949489443809, 73.10949489443809, 'SEARCH'
11, 20361, 73.1201629269937, 73.1201629269937, 'SEARCH'
11, 20362, 73.09600315331868, 73.09600315331868, 'SEARCH'
11, 20363, 73.1137591849178, 73.1137591849178, 'SEARCH'
11, 20364, 73.13997119006174, 73.13997119006174, 'SEARCH'
11, 20365, 73.14216841984373, 73.14216841984373, 'SEARCH'
11, 20366, 73.1249046957247, 73.1249046957247, 'SEARCH'
11, 20367, 73.14785578115347, 73.14785578115347, 'SEARCH'
11, 20368, 73.17485351434165, 73.17485351434165, 'SEARCH'
11, 20369, 73.1854575943065, 73.1854575943065, 'SEARCH'
11, 20370, 73.17303162144925, 73.17303162144925, 'SEARCH'
11, 20371, 73.17232632478068, 73.17232632478068, 'SEARCH'
11, 20372, 73.17979654119914, 73.17979654119914, 'SEARCH'
11, 20373, 73.1525867447437, 73.1525867447437, 'SEARCH'
11, 20374, 73.17996115272507, 73.17996115272507, 'SEARCH'
11, 20375, 73.20260558194668, 73.20260558194668, 'SEARCH'
11, 20376, 73.18027740824925, 73.18027740824925, 'SEARCH'
11, 20377, 73.20793490288955, 73.20793490288955, 'SEARCH'
11, 20378, 73.19180750374953, 73.19180750374953, 'SEARCH'
11, 20379, 73.2190134921961, 73.2190134921961, 'SEARCH'
11, 20380, 73.24623115536227, 73.24623115536227, 'SEARCH'
11, 20381, 73.26850964615934, 73.26850964615934, 'SEARCH'
11, 20382, 73.29285676871548, 73.29285676871548, 'SEARCH'
11, 20383, 73.31910495746247, 73.31910495746247, 'SEARCH'
11, 20384, 73.31810146760046, 73.31810146760046, 'SEARCH'
11, 20385, 73.33198453944975, 73.33198453944975, 'SEARCH'
11, 20386, 73.30447353091319, 73.30447353091319, 'SEARCH'
11, 20387, 73.33205121083851, 73.33205121083851, 'SEARCH'
11, 20388, 73.3189930957093, 73.3189930957093, 'SEARCH'
11, 20389, 73.3430694590313, 73.3430694590313, 'SEARCH'
11, 20390, 73.35163658779751, 73.35163658779751, 'SEARCH'
11, 20391, 73.3663404371138, 73.3663404371138, 'SEARCH'
11, 20392, 73.33897756278918, 73.33897756278918, 'SEARCH'
11, 20393, 73.33277131284363, 73.33277131284363, 'SEARCH'
11, 20394, 73.33237272987435, 73.33237272987435, 'SEARCH'
11, 20395, 73.3066600515029, 73.3066600515029, 'SEARCH'
11, 20396, 73.28519786883183, 73.28519786883183, 'SEARCH'
11, 20397, 73.30213585122256, 73.30213585122256, 'SEARCH'
11, 20398, 73.3162391394041, 73.3162391394041, 'SEARCH'
11, 20399, 73.31021363699385, 73.31021363699385, 'SEARCH'
11, 20400, 73.28264291055937, 73.28264291055937, 'TRACK'
11, 20401, 73.2550721841249, 73.2550721841249, 'TRACK'
11, 20402, 73.22750145769042, 73.22750145769042, 'TRACK'
11, 20403, 73.19993073125595, 73.19993073125595, 'TRACK'
11, 20404, 73.22770821956108, 73.22770821956108, 'SEARCH'
11, 20405, 73.23587230748628, 73.23587230748628, 'SEARCH'
11, 20406, 73.24676839293052, 73.24676839293052, 'SEARCH'
11, 20407, 73.2232319494891, 73.2232319494891, 'SEARCH'
11, 20408, 73.19574189072422, 73.19574189072422, 'SEARCH'
11, 20409, 73.16851505352165, 73.16851505352165, 'SEARCH'
11, 20410, 73.16929474124564, 73.16929474124564, 'SEARCH'
11, 20411, 73.17251683039282, 73.17251683039282, 'SEARCH'
11, 20412, 73.17334018967271, 73.17334018967271, 'SEARCH'
11, 20413, 73.16650328824069, 73.16650328824069, 'SEARCH'
11, 20414, 73.1403759835366, 73.1403759835366, 'SEARCH'
11, 20415, 73.140391387161, 73.140391387161, 'SEARCH'
11, 20416, 73.15828038610984, 73.15828038610984, 'SEARCH'
11, 20417, 73.18599136186758, 73.18599136186758, 'SEARCH'
11, 20418, 73.18109970182985, 73.18109970182985, 'SEARCH'
11, 20419, 73.18397733313613, 73.18397733313613, 'SEARCH'
11, 20420, 73.19743899796416, 73.19743899796416, 'SEARCH'
11, 20421, 73.17060215448498, 73.17060215448498, 'SEARCH'
11, 20422, 73.15719442111646, 73.15719442111646, 'SEARCH'
11, 20423, 73.16404463945501, 73.16404463945501, 'SEARCH'
11, 20424, 73.17547251566471, 73.17547251566471, 'SEARCH'
11, 20425, 73.1592539130841, 73.1592539130841, 'SEARCH'
11, 20426, 73.17455697648721, 73.17455697648721, 'SEARCH'
11, 20427, 73.20208973091697, 73.20208973091697, 'SEARCH'
11, 20428, 73.18322256183691, 73.18322256183691, 'SEARCH'
11, 20429, 73.1919827697011, 73.1919827697011, 'SEARCH'
11, 20430, 73.17114195393597, 73.17114195393597, 'SEARCH'
11, 20431, 73.17952306290223, 73.17952306290223, 'SEARCH'
11, 20432, 73.15221641189802, 73.15221641189802, 'SEARCH'
11, 20433, 73.14125312912245, 73.14125312912245, 'SEARCH'
11, 20434, 73.16780054322524, 73.16780054322524, 'SEARCH'
11, 20435, 73.14469923986216, 73.14469923986216, 'SEARCH'
11, 20436, 73.12249041917309, 73.12249041917309, 'SEARCH'
11, 20437, 73.09754471753773, 73.09754471753773, 'SEARCH'
11, 20438, 73.12532034319635, 73.12532034319635, 'SEARCH'
11, 20439, 73.15266688203346, 73.15266688203346, 'SEARCH'
11, 20440, 73.16213167434846, 73.16213167434846, 'SEARCH'
11, 20441, 73.18399741352272, 73.18399741352272, 'SEARCH'
11, 20442, 73.15786511602352, 73.15786511602352, 'SEARCH'
11, 20443, 73.14154229486698, 73.14154229486698, 'SEARCH'
11, 20444, 73.14739857131363, 73.14739857131363, 'SEARCH'
11, 20445, 73.1204692446548, 73.1204692446548, 'SEARCH'
11, 20446, 73.09382013926722, 73.09382013926722, 'SEARCH'
11, 20447, 73.08102868660622, 73.08102868660622, 'SEARCH'
11, 20448, 73.06382192906372, 73.06382192906372, 'SEARCH'
11, 20449, 73.03998434947395, 73.03998434947395, 'SEARCH'
11, 20450, 73.06303501046047, 73.06303501046047, 'SEARCH'
11, 20451, 73.08800800989627, 73.08800800989627, 'SEARCH'
11, 20452, 73.07573363818034, 73.07573363818034, 'SEARCH'
11, 20453, 73.10201089775384, 73.10201089775384, 'SEARCH'
11, 20454, 73.12925248710587, 73.12925248710587, 'SEARCH'
11, 20455, 73.12613640333369, 73.12613640333369, 'SEARCH'
11, 20456, 73.12693512782475, 73.12693512782475, 'SEARCH'
11, 20457, 73.14314913236379, 73.14314913236379, 'SEARCH'
11, 20458, 73.17055869963244, 73.17055869963244, 'SEARCH'
11, 20459, 73.15403198788289, 73.15403198788289, 'SEARCH'
11, 20460, 73.15821237236433, 73.15821237236433, 'SEARCH'
11, 20461, 73.18562477250525, 73.18562477250525, 'SEARCH'
11, 20462, 73.21309564218213, 73.21309564218213, 'SEARCH'
11, 20463, 73.23285060832262, 73.23285060832262, 'SEARCH'
11, 20464, 73.21471721276973, 73.21471721276973, 'SEARCH'
11, 20465, 73.19935377327408, 73.19935377327408, 'SEARCH'
11, 20466, 73.21306712741321, 73.21306712741321, 'SEARCH'
11, 20467, 73.24083602799516, 73.24083602799516, 'SEARCH'
11, 20468, 73.2147945601579, 73.2147945601579, 'SEARCH'
11, 20469, 73.18878711976464, 73.18878711976464, 'SEARCH'
11, 20470, 73.21631007395547, 73.21631007395547, 'SEARCH'
11, 20471, 73.24214236358192, 73.24214236358192, 'SEARCH'
11, 20472, 73.24329113797589, 73.24329113797589, 'SEARCH'
11, 20473, 73.22874938639848, 73.22874938639848, 'SEARCH'
11, 20474, 73.2134548726974, 73.2134548726974, 'SEARCH'
11, 20475, 73.24118812277138, 73.24118812277138, 'SEARCH'
11, 20476, 73.2666755697088, 73.2666755697088, 'SEARCH'
11, 20477, 73.24099818190234, 73.24099818190234, 'SEARCH'
11, 20478, 73.26778210225307, 73.26778210225307, 'SEARCH'
11, 20479, 73.2545116752636, 73.2545116752636, 'SEARCH'
11, 20480, 73.23137938837172, 73.23137938837172, 'SEARCH'
11, 20481, 73.2565922777489, 73.2565922777489, 'SEARCH'
11, 20482, 73.28369983203221, 73.28369983203221, 'SEARCH'
11, 20483, 73.30789797247374, 73.30789797247374, 'SEARCH'
11, 20484, 73.30702919491135, 73.30702919491135, 'SEARCH'
11, 20485, 73.28023394858633, 73.28023394858633, 'SEARCH'
11, 20486, 73.25292029885371, 73.25292029885371, 'SEARCH'
11, 20487, 73.28065173955603, 73.28065173955603, 'SEARCH'
11, 20488, 73.30834377967356, 73.30834377967356, 'SEARCH'
11, 20489, 73.28486573366003, 73.28486573366003, 'SEARCH'
11, 20490, 73.3125576361958, 73.3125576361958, 'SEARCH'
11, 20491, 73.29268028531801, 73.29268028531801, 'SEARCH'
11, 20492, 73.30195128960868, 73.30195128960868, 'SEARCH'
11, 20493, 73.27962208335114, 73.27962208335114, 'SEARCH'
11, 20494, 73.29166786584688, 73.29166786584688, 'SEARCH'
11, 20495, 73.31729743652707, 73.31729743652707, 'SEARCH'
11, 20496, 73.34148022822953, 73.34148022822953, 'SEARCH'
11, 20497, 73.36560142973667, 73.36560142973667, 'SEARCH'
11, 20498, 73.35708003893203, 73.35708003893203, 'SEARCH'
11, 20499, 73.36298036230353, 73.36298036230353, 'SEARCH'
11, 20500, 73.3631223392524, 73.3631223392524, 'SEARCH'
11, 20501, 73.35424613444988, 73.35424613444988, 'SEARCH'
11, 20502, 73.33657626539731, 73.33657626539731, 'SEARCH'
11, 20503, 73.33400076220649, 73.33400076220649, 'SEARCH'
11, 20504, 73.35214135645195, 73.35214135645195, 'SEARCH'
11, 20505, 73.33812676310303, 73.33812676310303, 'SEARCH'
11, 20506, 73.32335158753459, 73.32335158753459, 'SEARCH'
11, 20507, 73.33377355645194, 73.33377355645194, 'SEARCH'
11, 20508, 73.35782196663042, 73.35782196663042, 'SEARCH'
11, 20509, 73.35148875174971, 73.35148875174971, 'SEARCH'
11, 20510, 73.32521504807066, 73.32521504807066, 'SEARCH'
11, 20511, 73.32625987195115, 73.32625987195115, 'SEARCH'
11, 20512, 73.32975374775728, 73.32975374775728, 'SEARCH'
11, 20513, 73.34161520038839, 73.34161520038839, 'SEARCH'
11, 20514, 73.36885800979104, 73.36885800979104, 'SEARCH'
11, 20515, 73.3852045912016, 73.3852045912016, 'SEARCH'
11, 20516, 73.36067657697231, 73.36067657697231, 'SEARCH'
11, 20517, 73.38706331232926, 73.38706331232926, 'SEARCH'
11, 20518, 73.36253498659721, 73.36253498659721, 'SEARCH'
11, 20519, 73.37774826635064, 73.37774826635064, 'SEARCH'
11, 20520, 73.37444112305707, 73.37444112305707, 'SEARCH'
11, 20521, 73.35454909920769, 73.35454909920769, 'SEARCH'
11, 20522, 73.36561132368695, 73.36561132368695, 'SEARCH'
11, 20523, 73.3876372502896, 73.3876372502896, 'SEARCH'
11, 20524, 73.36296373540291, 73.36296373540291, 'SEARCH'
11, 20525, 73.38587448756381, 73.38587448756381, 'SEARCH'
11, 20526, 73.4015849932127, 73.4015849932127, 'SEARCH'
11, 20527, 73.42936212022276, 73.42936212022276, 'SEARCH'
11, 20528, 73.45321797845183, 73.45321797845183, 'SEARCH'
11, 20529, 73.42847774658796, 73.42847774658796, 'SEARCH'
11, 20530, 73.45567527357865, 73.45567527357865, 'SEARCH'
11, 20531, 73.46148841477061, 73.46148841477061, 'SEARCH'
11, 20532, 73.48621321501949, 73.48621321501949, 'SEARCH'
11, 20533, 73.48133741198745, 73.48133741198745, 'SEARCH'
11, 20534, 73.45540587904514, 73.45540587904514, 'SEARCH'
11, 20535, 73.48285916652972, 73.48285916652972, 'SEARCH'
11, 20536, 73.51048665375836, 73.51048665375836, 'SEARCH'
11, 20537, 73.51720670641392, 73.51720670641392, 'TRACK'
11, 20538, 73.52392675906947, 73.52392675906947, 'TRACK'
11, 20539, 73.52441154813717, 73.52441154813717, 'TRACK'
11, 20540, 73.52489633720486, 73.52489633720486, 'TRACK'
11, 20541, 73.52538112627256, 73.52538112627256, 'TRACK'
11, 20542, 73.52586591534026, 73.52586591534026, 'TRACK'
11, 20543, 73.5498721382329, 73.5498721382329, 'SEARCH'
11, 20544, 73.57525310955522, 73.57525310955522, 'SEARCH'
11, 20545, 73.57464420549387, 73.57464420549387, 'SEARCH'
11, 20546, 73.5655233818542, 73.5655233818542, 'SEARCH'
11, 20547, 73.56021448712468, 73.56021448712468, 'SEARCH'
11, 20548, 73.58676339271595, 73.58676339271595, 'SEARCH'
11, 20549, 73.56813033127858, 73.56813033127858, 'SEARCH'
11, 20550, 73.59520504535647, 73.59520504535647, 'SEARCH'
11, 20551, 73.61764522520745, 73.61764522520745, 'SEARCH'
11, 20552, 73.63226520786922, 73.63226520786922, 'SEARCH'
11, 20553, 73.61252478361006, 73.61252478361006, 'SEARCH'
11, 20554, 73.61968108139682, 73.61968108139682, 'SEARCH'
11, 20555, 73.60836259604982, 73.60836259604982, 'SEARCH'
11, 20556, 73.59846401561504, 73.59846401561504, 'SEARCH'
11, 20557, 73.62506808248345, 73.62506808248345, 'SEARCH'
11, 20558, 73.65232669982394, 73.65232669982394, 'SEARCH'
11, 20559, 73.67982441678082, 73.67982441678082, 'SEARCH'
11, 20560, 73.7056951252967, 73.7056951252967, 'SEARCH'
11, 20561, 73.73338858866445, 73.73338858866445, 'SEARCH'
11, 20562, 73.70891524268016, 73.70891524268016, 'SEARCH'
11, 20563, 73.73592863049844, 73.73592863049844, 'SEARCH'
11, 20564, 73.76004073901638, 73.76004073901638, 'SEARCH'
11, 20565, 73.76298019250585, 73.76298019250585, 'SEARCH'
11, 20566, 73.7785670146123, 73.7785670146123, 'SEARCH'
11, 20567, 73.77094500016062, 73.77094500016062, 'SEARCH'
11, 20568, 73.77153605561404, 73.77153605561404, 'SEARCH'
11, 20569, 73.78117311148658, 73.78117311148658, 'SEARCH'
11, 20570, 73.76269445425439, 73.76269445425439, 'SEARCH'
11, 20571, 73.74008578666384, 73.74008578666384, 'SEARCH'
11, 20572, 73.71621616448324, 73.71621616448324, 'SEARCH'
11, 20573, 73.72246822338232, 73.72246822338232, 'SEARCH'
11, 20574, 73.74942581956554, 73.74942581956554, 'SEARCH'
11, 20575, 73.77676768093914, 73.77676768093914, 'SEARCH'
11, 20576, 73.80454383237041, 73.80454383237041, 'SEARCH'
11, 20577, 73.82498531171001, 73.82498531171001, 'SEARCH'
11, 20578, 73.8502150965907, 73.8502150965907, 'SEARCH'
11, 20579, 73.87729048316085, 73.87729048316085, 'SEARCH'
11, 20580, 73.89317312568623, 73.89317312568623, 'SEARCH'
11, 20581, 73.87381015674242, 73.87381015674242, 'SEARCH'
11, 20582, 73.90157165620809, 73.90157165620809, 'SEARCH'
11, 20583, 73.92649553623849, 73.92649553623849, 'SEARCH'
11, 20584, 73.94600707820771, 73.94600707820771, 'SEARCH'
11, 20585, 73.94819217595696, 73.94819217595696, 'SEARCH'
11, 20586, 73.9446044366194, 73.9446044366194, 'SEARCH'
11, 20587, 73.93916030563122, 73.93916030563122, 'SEARCH'
11, 20588, 73.9660931991399, 73.9660931991399, 'SEARCH'
11, 20589, 73.94026869623963, 73.94026869623963, 'SEARCH'
11, 20590, 73.91486828609601, 73.91486828609601, 'SEARCH'
11, 20591, 73.94041138066997, 73.94041138066997, 'SEARCH'
11, 20592, 73.96803069370601, 73.96803069370601, 'SEARCH'
11, 20593, 73.95746352225618, 73.95746352225618, 'SEARCH'
11, 20594, 73.94266844956827, 73.94266844956827, 'SEARCH'
11, 20595, 73.9694964660661, 73.9694964660661, 'SEARCH'
11, 20596, 73.94263555060627, 73.94263555060627, 'SEARCH'
11, 20597, 73.93046982702565, 73.93046982702565, 'SEARCH'
11, 20598, 73.95644013157319, 73.95644013157319, 'SEARCH'
11, 20599, 73.95354418623238, 73.95354418623238, 'SEARCH'
11, 20600, 73.93846950681319, 73.93846950681319, 'SEARCH'
11, 20601, 73.93718402040307, 73.93718402040307, 'SEARCH'
11, 20602, 73.95289869894619, 73.95289869894619, 'SEARCH'
11, 20603, 73.96211962007027, 73.96211962007027, 'SEARCH'
11, 20604, 73.95353581467097, 73.95353581467097, 'TRACK'
11, 20605, 73.94495200927167, 73.94495200927167, 'TRACK'
11, 20606, 73.93636820387238, 73.93636820387238, 'TRACK'
11, 20607, 73.92778439847308, 73.92778439847308, 'TRACK'
11, 20608, 73.95541394945047, 73.95541394945047, 'SEARCH'
11, 20609, 73.93504299564562, 73.93504299564562, 'SEARCH'
11, 20610, 73.96078194640559, 73.96078194640559, 'SEARCH'
11, 20611, 73.94212718362013, 73.94212718362013, 'SEARCH'
11, 20612, 73.9340331750454, 73.9340331750454, 'SEARCH'
11, 20613, 73.91346533572755, 73.91346533572755, 'SEARCH'
11, 20614, 73.90887675697557, 73.90887675697557, 'SEARCH'
11, 20615, 73.88383346884743, 73.88383346884743, 'SEARCH'
11, 20616, 73.90978076140811, 73.90978076140811, 'SEARCH'
11, 20617, 73.9373294044128, 73.9373294044128, 'SEARCH'
11, 20618, 73.93317063241746, 73.93317063241746, 'SEARCH'
11, 20619, 73.94107428577097, 73.94107428577097, 'SEARCH'
11, 20620, 73.96797401225724, 73.96797401225724, 'SEARCH'
11, 20621, 73.94118397272669, 73.94118397272669, 'SEARCH'
11, 20622, 73.96848699305694, 73.96848699305694, 'SEARCH'
11, 20623, 73.97154893805197, 73.97154893805197, 'SEARCH'
11, 20624, 73.97608705256728, 73.97608705256728, 'SEARCH'
11, 20625, 73.97728054007484, 73.97728054007484, 'SEARCH'
11, 20626, 73.96849255983767, 73.96849255983767, 'SEARCH'
11, 20627, 73.98185045780968, 73.98185045780968, 'SEARCH'
11, 20628, 74.00864469492429, 74.00864469492429, 'SEARCH'
11, 20629, 73.98377977689252, 73.98377977689252, 'SEARCH'
11, 20630, 73.99179245011446, 73.99179245011446, 'SEARCH'
11, 20631, 74.01300625160499, 74.01300625160499, 'SEARCH'
11, 20632, 74.03110261197503, 74.03110261197503, 'SEARCH'
11, 20633, 74.05772880346154, 74.05772880346154, 'SEARCH'
11, 20634, 74.0362208922335, 74.0362208922335, 'SEARCH'
11, 20635, 74.03213559628175, 74.03213559628175, 'SEARCH'
11, 20636, 74.05954764878739, 74.05954764878739, 'SEARCH'
11, 20637, 74.08630676637678, 74.08630676637678, 'SEARCH'
11, 20638, 74.08882201919012, 74.08882201919012, 'SEARCH'
11, 20639, 74.06311779531923, 74.06311779531923, 'SEARCH'
11, 20640, 74.0525238504128, 74.0525238504128, 'SEARCH'
11, 20641, 74.07103554482539, 74.07103554482539, 'SEARCH'
11, 20642, 74.09867659530117, 74.09867659530117, 'SEARCH'
11, 20643, 74.08096799625547, 74.08096799625547, 'SEARCH'
11, 20644, 74.05927767342604, 74.05927767342604, 'SEARCH'
11, 20645, 74.05300758564746, 74.05300758564746, 'SEARCH'
11, 20646, 74.06778148072283, 74.06778148072283, 'SEARCH'
11, 20647, 74.0445055528739, 74.0445055528739, 'SEARCH'
11, 20648, 74.06427781801142, 74.06427781801142, 'SEARCH'
11, 20649, 74.05815205648572, 74.05815205648572, 'SEARCH'
11, 20650, 74.03524304268169, 74.03524304268169, 'SEARCH'
11, 20651, 74.06296147959448, 74.06296147959448, 'SEARCH'
11, 20652, 74.06220968650587, 74.06220968650587, 'SEARCH'
11, 20653, 74.04311595680645, 74.04311595680645, 'SEARCH'
11, 20654, 74.0313177564567, 74.0313177564567, 'SEARCH'
11, 20655, 74.04689179391293, 74.04689179391293, 'SEARCH'
11, 20656, 74.0636247359012, 74.0636247359012, 'SEARCH'
11, 20657, 74.0895511597877, 74.0895511597877, 'SEARCH'
11, 20658, 74.09039064380772, 74.09039064380772, 'SEARCH'
11, 20659, 74.06582976585001, 74.06582976585001, 'SEARCH'
11, 20660, 74.08746902731943, 74.08746902731943, 'SEARCH'
11, 20661, 74.11284182383963, 74.11284182383963, 'SEARCH'
11, 20662, 74.09028176076522, 74.09028176076522, 'SEARCH'
11, 20663, 74.10922959269632, 74.10922959269632, 'SEARCH'
11, 20664, 74.13690594750554, 74.13690594750554, 'SEARCH'
11, 20665, 74.155343134348, 74.155343134348, 'SEARCH'
11, 20666, 74.17928263012953, 74.17928263012953, 'SEARCH'
11, 20667, 74.20462886148684, 74.20462886148684, 'SEARCH'
11, 20668, 74.20936765733174, 74.20936765733174, 'SEARCH'
11, 20669, 74.2361852566344, 74.2361852566344, 'SEARCH'
11, 20670, 74.26357194460495, 74.26357194460495, 'SEARCH'
11, 20671, 74.2890070466351, 74.2890070466351, 'SEARCH'
11, 20672, 74.27729567139008, 74.27729567139008, 'SEARCH'
11, 20673, 74.30093064310789, 74.30093064310789, 'SEARCH'
11, 20674, 74.31227415503076, 74.31227415503076, 'SEARCH'
11, 20675, 74.28711628001375, 74.28711628001375, 'SEARCH'
11, 20676, 74.26832239949064, 74.26832239949064, 'SEARCH'
11, 20677, 74.29042736669876, 74.29042736669876, 'SEARCH'
11, 20678, 74.31569345510225, 74.31569345510225, 'SEARCH'
11, 20679, 74.31289179615139, 74.31289179615139, 'SEARCH'
11, 20680, 74.33976861347908, 74.33976861347908, 'SEARCH'
11, 20681, 74.36743692394377, 74.36743692394377, 'SEARCH'
11, 20682, 74.39118603658328, 74.39118603658328, 'SEARCH'
11, 20683, 74.38147735023473, 74.38147735023473, 'SEARCH'
11, 20684, 74.36428839686124, 74.36428839686124, 'SEARCH'
11, 20685, 74.3594988006121, 74.3594988006121, 'SEARCH'
11, 20686, 74.38720011388673, 74.38720011388673, 'SEARCH'
11, 20687, 74.41259304043243, 74.41259304043243, 'SEARCH'
11, 20688, 74.44031710550107, 74.44031710550107, 'SEARCH'
11, 20689, 74.46765361240331, 74.46765361240331, 'SEARCH'
11, 20690, 74.48393328485567, 74.48393328485567, 'SEARCH'
11, 20691, 74.51165061517891, 74.51165061517891, 'SEARCH'
11, 20692, 74.51331663612943, 74.51331663612943, 'SEARCH'
11, 20693, 74.54021413108141, 74.54021413108141, 'SEARCH'
11, 20694, 74.55292824730712, 74.55292824730712, 'SEARCH'
11, 20695, 74.54489448483282, 74.54489448483282, 'SEARCH'
11, 20696, 74.52609329628068, 74.52609329628068, 'SEARCH'
11, 20697, 74.50536120505213, 74.50536120505213, 'SEARCH'
11, 20698, 74.50104600172972, 74.50104600172972, 'SEARCH'
11, 20699, 74.52877934654987, 74.52877934654987, 'SEARCH'
11, 20700, 74.50979569808277, 74.50979569808277, 'SEARCH'
11, 20701, 74.5374982348865, 74.5374982348865, 'SEARCH'
11, 20702, 74.51171825676188, 74.51171825676188, 'SEARCH'
11, 20703, 74.538912210367, 74.538912210367, 'SEARCH'
11, 20704, 74.56634171585931, 74.56634171585931, 'SEARCH'
11, 20705, 74.55104733399968, 74.55104733399968, 'SEARCH'
11, 20706, 74.5640412816138, 74.5640412816138, 'SEARCH'
11, 20707, 74.56973979639986, 74.56973979639986, 'SEARCH'
11, 20708, 74.57687804827256, 74.57687804827256, 'SEARCH'
11, 20709, 74.55280338112462, 74.55280338112462, 'SEARCH'
11, 20710, 74.53041640556441, 74.53041640556441, 'SEARCH'
11, 20711, 74.53744983182736, 74.53744983182736, 'SEARCH'
11, 20712, 74.53730796226056, 74.53730796226056, 'SEARCH'
11, 20713, 74.56343595414185, 74.56343595414185, 'SEARCH'
11, 20714, 74.5450149392246, 74.5450149392246, 'SEARCH'
11, 20715, 74.53275173494112, 74.53275173494112, 'SEARCH'
11, 20716, 74.53134026277702, 74.53134026277702, 'SEARCH'
11, 20717, 74.52149753335735, 74.52149753335735, 'SEARCH'
11, 20718, 74.53763260198596, 74.53763260198596, 'SEARCH'
11, 20719, 74.55840962862278, 74.55840962862278, 'SEARCH'
11, 20720, 74.56523949800994, 74.56523949800994, 'SEARCH'
11, 20721, 74.59169975623296, 74.59169975623296, 'SEARCH'
11, 20722, 74.56463047282676, 74.56463047282676, 'SEARCH'
11, 20723, 74.5924003284492, 74.5924003284492, 'SEARCH'
11, 20724, 74.58567456880684, 74.58567456880684, 'SEARCH'
11, 20725, 74.61343896545236, 74.61343896545236, 'SEARCH'
11, 20726, 74.60251641967737, 74.60251641967737, 'SEARCH'
11, 20727, 74.60835371610379, 74.60835371610379, 'SEARCH'
11, 20728, 74.62190342504361, 74.62190342504361, 'SEARCH'
11, 20729, 74.64469580099866, 74.64469580099866, 'SEARCH'
11, 20730, 74.63606734907428, 74.63606734907428, 'SEARCH'
11, 20731, 74.64333556052375, 74.64333556052375, 'SEARCH'
11, 20732, 74.65293295211922, 74.65293295211922, 'SEARCH'
11, 20733, 74.63269051426431, 74.63269051426431, 'SEARCH'
11, 20734, 74.6594732282133, 74.6594732282133, 'SEARCH'
11, 20735, 74.6870846489163, 74.6870846489163, 'SEARCH'
11, 20736, 74.66064504848265, 74.66064504848265, 'SEARCH'
11, 20737, 74.67072979207076, 74.67072979207076, 'SEARCH'
11, 20738, 74.69519032909764, 74.69519032909764, 'SEARCH'
11, 20739, 74.7184488055712, 74.7184488055712, 'SEARCH'
11, 20740, 74.70697359594979, 74.70697359594979, 'SEARCH'
11, 20741, 74.72913175878494, 74.72913175878494, 'SEARCH'
11, 20742, 74.75350248688727, 74.75350248688727, 'SEARCH'
11, 20743, 74.7783049966669, 74.7783049966669, 'SEARCH'
11, 20744, 74.76274606083639, 74.76274606083639, 'SEARCH'
11, 20745, 74.77758786381436, 74.77758786381436, 'SEARCH'
11, 20746, 74.79551846553804, 74.79551846553804, 'SEARCH'
11, 20747, 74.82329623341688, 74.82329623341688, 'SEARCH'
11, 20748, 74.8088326681025, 74.8088326681025, 'SEARCH'
11, 20749, 74.79886727871585, 74.79886727871585, 'SEARCH'
11, 20750, 74.81287254892324, 74.81287254892324, 'SEARCH'
11, 20751, 74.81635268219688, 74.81635268219688, 'SEARCH'
11, 20752, 74.81746849668231, 74.81746849668231, 'SEARCH'
11, 20753, 74.79697136608017, 74.79697136608017, 'SEARCH'
11, 20754, 74.82274735624648, 74.82274735624648, 'SEARCH'
11, 20755, 74.81118984606978, 74.81118984606978, 'SEARCH'
11, 20756, 74.81445411524568, 74.81445411524568, 'SEARCH'
11, 20757, 74.83600004045832, 74.83600004045832, 'SEARCH'
11, 20758, 74.83243368340256, 74.83243368340256, 'SEARCH'
11, 20759, 74.8600993814009, 74.8600993814009, 'SEARCH'
11, 20760, 74.88610335039814, 74.88610335039814, 'SEARCH'
11, 20761, 74.90643326775734, 74.90643326775734, 'SEARCH'
11, 20762, 74.93164524968738, 74.93164524968738, 'SEARCH'
11, 20763, 74.9170606733711, 74.9170606733711, 'SEARCH'
11, 20764, 74.92643082936779, 74.92643082936779, 'SEARCH'
11, 20765, 74.95418650117371, 74.95418650117371, 'SEARCH'
11, 20766, 74.97138311476131, 74.97138311476131, 'SEARCH'
11, 20767, 74.99916086258634, 74.99916086258634, 'SEARCH'
11, 20768, 74.99751561434508, 74.99751561434508, 'SEARCH'
11, 20769, 75.02466565279553, 75.02466565279553, 'SEARCH'
11, 20770, 75.04113217407594, 75.04113217407594, 'SEARCH'
11, 20771, 75.06666458531545, 75.06666458531545, 'SEARCH'
11, 20772, 75.06457194291241, 75.06457194291241, 'SEARCH'
11, 20773, 75.05873742859582, 75.05873742859582, 'SEARCH'
11, 20774, 75.04020036755126, 75.04020036755126, 'SEARCH'
11, 20775, 75.06780483253365, 75.06780483253365, 'SEARCH'
11, 20776, 75.054813290666, 75.054813290666, 'SEARCH'
11, 20777, 75.02953649227986, 75.02953649227986, 'SEARCH'
11, 20778, 75.05546382674304, 75.05546382674304, 'SEARCH'
11, 20779, 75.08268423636298, 75.08268423636298, 'SEARCH'
11, 20780, 75.10843315124544, 75.10843315124544, 'SEARCH'
11, 20781, 75.12792134457764, 75.12792134457764, 'SEARCH'
11, 20782, 75.14066463285663, 75.14066463285663, 'SEARCH'
11, 20783, 75.11443384598577, 75.11443384598577, 'SEARCH'
11, 20784, 75.13985726631275, 75.13985726631275, 'SEARCH'
11, 20785, 75.11432861194191, 75.11432861194191, 'SEARCH'
11, 20786, 75.14055494350438, 75.14055494350438, 'SEARCH'
11, 20787, 75.1609757943995, 75.1609757943995, 'SEARCH'
11, 20788, 75.15014088922284, 75.15014088922284, 'SEARCH'
11, 20789, 75.16623282166476, 75.16623282166476, 'SEARCH'
11, 20790, 75.17583685736722, 75.17583685736722, 'SEARCH'
11, 20791, 75.17593256694583, 75.17593256694583, 'SEARCH'
11, 20792, 75.15974906635842, 75.15974906635842, 'SEARCH'
11, 20793, 75.13316094257135, 75.13316094257135, 'SEARCH'
11, 20794, 75.16055043727918, 75.16055043727918, 'SEARCH'
11, 20795, 75.13426942232688, 75.13426942232688, 'SEARCH'
11, 20796, 75.10777393908674, 75.10777393908674, 'SEARCH'
11, 20797, 75.13534816347064, 75.13534816347064, 'SEARCH'
11, 20798, 75.10886092606862, 75.10886092606862, 'SEARCH'
11, 20799, 75.08459382612125, 75.08459382612125, 'SEARCH'
11, 20800, 75.11234913852302, 75.11234913852302, 'SEARCH'
11, 20801, 75.12100214570862, 75.12100214570862, 'SEARCH'
11, 20802, 75.10358157166246, 75.10358157166246, 'SEARCH'
11, 20803, 75.12651980113951, 75.12651980113951, 'SEARCH'
11, 20804, 75.09938099592269, 75.09938099592269, 'SEARCH'
11, 20805, 75.12708804426666, 75.12708804426666, 'SEARCH'
11, 20806, 75.10072399880175, 75.10072399880175, 'SEARCH'
11, 20807, 75.12815692946087, 75.12815692946087, 'SEARCH'
11, 20808, 75.15580999861275, 75.15580999861275, 'SEARCH'
11, 20809, 75.15959932588966, 75.15959932588966, 'SEARCH'
11, 20810, 75.17132021609996, 75.17132021609996, 'SEARCH'
11, 20811, 75.19907921153792, 75.19907921153792, 'SEARCH'
11, 20812, 75.1741789716998, 75.1741789716998, 'SEARCH'
11, 20813, 75.20162010915955, 75.20162010915955, 'SEARCH'
11, 20814, 75.22685894661655, 75.22685894661655, 'SEARCH'
11, 20815, 75.20276660711176, 75.20276660711176, 'SEARCH'
11, 20816, 75.22988914137889, 75.22988914137889, 'SEARCH'
11, 20817, 75.25015146877828, 75.25015146877828, 'SEARCH'
11, 20818, 75.23908837612518, 75.23908837612518, 'SEARCH'
11, 20819, 75.2390655014269, 75.2390655014269, 'SEARCH'
11, 20820, 75.2117228111097, 75.2117228111097, 'SEARCH'
11, 20821, 75.18513039157283, 75.18513039157283, 'SEARCH'
11, 20822, 75.17862148587591, 75.17862148587591, 'SEARCH'
11, 20823, 75.2049163600968, 75.2049163600968, 'SEARCH'
11, 20824, 75.20644249009436, 75.20644249009436, 'SEARCH'
11, 20825, 75.23207461780773, 75.23207461780773, 'SEARCH'
11, 20826, 75.25330218867533, 75.25330218867533, 'SEARCH'
11, 20827, 75.22844011374941, 75.22844011374941, 'SEARCH'
11, 20828, 75.24363294580613, 75.24363294580613, 'SEARCH'
11, 20829, 75.27080453801757, 75.27080453801757, 'SEARCH'
11, 20830, 75.26470298455405, 75.26470298455405, 'SEARCH'
11, 20831, 75.29223236956862, 75.29223236956862, 'SEARCH'
11, 20832, 75.30440340807903, 75.30440340807903, 'SEARCH'
11, 20833, 75.32939354583975, 75.32939354583975, 'SEARCH'
11, 20834, 75.30614845060875, 75.30614845060875, 'SEARCH'
11, 20835, 75.29613517384819, 75.29613517384819, 'SEARCH'
11, 20836, 75.32327350161178, 75.32327350161178, 'SEARCH'
11, 20837, 75.338649543418, 75.338649543418, 'SEARCH'
11, 20838, 75.35808863706188, 75.35808863706188, 'SEARCH'
11, 20839, 75.38503177720315, 75.38503177720315, 'SEARCH'
11, 20840, 75.36058631830197, 75.36058631830197, 'SEARCH'
11, 20841, 75.38363351486784, 75.38363351486784, 'SEARCH'
11, 20842, 75.35663499667422, 75.35663499667422, 'SEARCH'
11, 20843, 75.3389062918748, 75.3389062918748, 'SEARCH'
11, 20844, 75.33840330802246, 75.33840330802246, 'SEARCH'
11, 20845, 75.33320168944633, 75.33320168944633, 'SEARCH'
11, 20846, 75.3609298754543, 75.3609298754543, 'SEARCH'
11, 20847, 75.38777772343363, 75.38777772343363, 'SEARCH'
11, 20848, 75.36684661747798, 75.36684661747798, 'SEARCH'
11, 20849, 75.36050638615203, 75.36050638615203, 'SEARCH'
11, 20850, 75.38584175807108, 75.38584175807108, 'SEARCH'
11, 20851, 75.38459830405225, 75.38459830405225, 'SEARCH'
11, 20852, 75.35956908295613, 75.35956908295613, 'SEARCH'
11, 20853, 75.34463736059644, 75.34463736059644, 'SEARCH'
11, 20854, 75.37148128232873, 75.37148128232873, 'SEARCH'
11, 20855, 75.37363034070995, 75.37363034070995, 'SEARCH'
11, 20856, 75.38901589036183, 75.38901589036183, 'SEARCH'
11, 20857, 75.37169368986586, 75.37169368986586, 'SEARCH'
11, 20858, 75.39577809054754, 75.39577809054754, 'SEARCH'
11, 20859, 75.38007098824943, 75.38007098824943, 'SEARCH'
11, 20860, 75.3573841998212, 75.3573841998212, 'SEARCH'
11, 20861, 75.34394201050411, 75.34394201050411, 'SEARCH'
11, 20862, 75.35895100751995, 75.35895100751995, 'SEARCH'
11, 20863, 75.38584699436471, 75.38584699436471, 'SEARCH'
11, 20864, 75.36105413078306, 75.36105413078306, 'SEARCH'
11, 20865, 75.35050403985926, 75.35050403985926, 'SEARCH'
11, 20866, 75.3375853973458, 75.3375853973458, 'SEARCH'
11, 20867, 75.3635245422418, 75.3635245422418, 'SEARCH'
11, 20868, 75.33727037123535, 75.33727037123535, 'SEARCH'
11, 20869, 75.34350123825807, 75.34350123825807, 'SEARCH'
11, 20870, 75.34500589181343, 75.34500589181343, 'SEARCH'
11, 20871, 75.33614896054974, 75.33614896054974, 'SEARCH'
11, 20872, 75.3380971675473, 75.3380971675473, 'SEARCH'
11, 20873, 75.3185693917336, 75.3185693917336, 'SEARCH'
11, 20874, 75.34576215821917, 75.34576215821917, 'SEARCH'
11, 20875, 75.3704153413265, 75.3704153413265, 'SEARCH'
11, 20876, 75.39643852355456, 75.39643852355456, 'SEARCH'
11, 20877, 75.42085177885178, 75.42085177885178, 'SEARCH'
11, 20878, 75.44801015497703, 75.44801015497703, 'SEARCH'
11, 20879, 75.43629215258082, 75.43629215258082, 'SEARCH'
11, 20880, 75.42532981294039, 75.42532981294039, 'SEARCH'
11, 20881, 75.45059848268998, 75.45059848268998, 'SEARCH'
11, 20882, 75.45192985171516, 75.45192985171516, 'SEARCH'
11, 20883, 75.47767226205067, 75.47767226205067, 'SEARCH'
11, 20884, 75.50424002782597, 75.50424002782597, 'SEARCH'
11, 20885, 75.47681833027085, 75.47681833027085, 'SEARCH'
11, 20886, 75.50437589273777, 75.50437589273777, 'SEARCH'
11, 20887, 75.48773278059714, 75.48773278059714, 'SEARCH'
11, 20888, 75.47345732893221, 75.47345732893221, 'SEARCH'
11, 20889, 75.4901408990045, 75.4901408990045, 'SEARCH'
11, 20890, 75.5138533234445, 75.5138533234445, 'SEARCH'
11, 20891, 75.52935580115921, 75.52935580115921, 'SEARCH'
11, 20892, 75.54670422422325, 75.54670422422325, 'SEARCH'
11, 20893, 75.53087950566267, 75.53087950566267, 'SEARCH'
11, 20894, 75.53001671516512, 75.53001671516512, 'SEARCH'
11, 20895, 75.5532250184899, 75.5532250184899, 'SEARCH'
11, 20896, 75.53391266057082, 75.53391266057082, 'SEARCH'
11, 20897, 75.56127313337747, 75.56127313337747, 'SEARCH'
11, 20898, 75.58903411131814, 75.58903411131814, 'SEARCH'
11, 20899, 75.61676872372409, 75.61676872372409, 'SEARCH'
11, 20900, 75.5950714952479, 75.5950714952479, 'SEARCH'
11, 20901, 75.58195471974605, 75.58195471974605, 'SEARCH'
11, 20902, 75.5625765535185, 75.5625765535185, 'SEARCH'
11, 20903, 75.54325697663488, 75.54325697663488, 'SEARCH'
11, 20904, 75.5243558419179, 75.5243558419179, 'SEARCH'
11, 20905, 75.49783797067785, 75.49783797067785, 'SEARCH'
11, 20906, 75.47498317769112, 75.47498317769112, 'SEARCH'
11, 20907, 75.4892660252028, 75.4892660252028, 'SEARCH'
11, 20908, 75.5066809484957, 75.5066809484957, 'SEARCH'
11, 20909, 75.48494543723906, 75.48494543723906, 'SEARCH'
11, 20910, 75.46704311178716, 75.46704311178716, 'SEARCH'
11, 20911, 75.49029429157208, 75.49029429157208, 'SEARCH'
11, 20912, 75.47889414740638, 75.47889414740638, 'SEARCH'
11, 20913, 75.49188349303596, 75.49188349303596, 'SEARCH'
11, 20914, 75.50268341848556, 75.50268341848556, 'SEARCH'
11, 20915, 75.48558579041277, 75.48558579041277, 'SEARCH'
11, 20916, 75.5133087014972, 75.5133087014972, 'SEARCH'
11, 20917, 75.5358115891769, 75.5358115891769, 'SEARCH'
11, 20918, 75.55028989304864, 75.55028989304864, 'SEARCH'
11, 20919, 75.57781725742268, 75.57781725742268, 'SEARCH'
11, 20920, 75.59744176979906, 75.59744176979906, 'SEARCH'
11, 20921, 75.60005461974067, 75.60005461974067, 'SEARCH'
11, 20922, 75.62631806012365, 75.62631806012365, 'SEARCH'
11, 20923, 75.60526943517519, 75.60526943517519, 'SEARCH'
11, 20924, 75.60839517491381, 75.60839517491381, 'TRACK'
11, 20925, 75.58844522872242, 75.58844522872242, 'SEARCH'
11, 20926, 75.61144161667859, 75.61144161667859, 'SEARCH'
11, 20927, 75.58985645492157, 75.58985645492157, 'SEARCH'
11, 20928, 75.58642638369561, 75.58642638369561, 'SEARCH'
11, 20929, 75.60858051697626, 75.60858051697626, 'SEARCH'
11, 20930, 75.61814218294936, 75.61814218294936, 'SEARCH'
11, 20931, 75.64397907670252, 75.64397907670252, 'SEARCH'
11, 20932, 75.6507594938947, 75.6507594938947, 'SEARCH'
11, 20933, 75.67696930193576, 75.67696930193576, 'SEARCH'
11, 20934, 75.65605369433064, 75.65605369433064, 'SEARCH'
11, 20935, 75.6661683418629, 75.6661683418629, 'SEARCH'
11, 20936, 75.67506620000395, 75.67506620000395, 'SEARCH'
11, 20937, 75.68325803333946, 75.68325803333946, 'SEARCH'
11, 20938, 75.66421793083357, 75.66421793083357, 'SEARCH'
11, 20939, 75.65482080865523, 75.65482080865523, 'SEARCH'
11, 20940, 75.68055794075144, 75.68055794075144, 'SEARCH'
11, 20941, 75.68099733039085, 75.68099733039085, 'SEARCH'
11, 20942, 75.67805615222152, 75.67805615222152, 'SEARCH'
11, 20943, 75.70379992135916, 75.70379992135916, 'SEARCH'
11, 20944, 75.73085950079414, 75.73085950079414, 'SEARCH'
11, 20945, 75.75848785896473, 75.75848785896473, 'SEARCH'
11, 20946, 75.78276944912248, 75.78276944912248, 'SEARCH'
11, 20947, 75.80173159905762, 75.80173159905762, 'SEARCH'
11, 20948, 75.82949138809072, 75.82949138809072, 'SEARCH'
11, 20949, 75.8552351492398, 75.8552351492398, 'SEARCH'
11, 20950, 75.88294718480847, 75.88294718480847, 'SEARCH'
11, 20951, 75.908869677116, 75.908869677116, 'SEARCH'
11, 20952, 75.91228107880833, 75.91228107880833, 'SEARCH'
11, 20953, 75.92354830152166, 75.92354830152166, 'SEARCH'
11, 20954, 75.94138270522986, 75.94138270522986, 'SEARCH'
11, 20955, 75.96171279394548, 75.96171279394548, 'SEARCH'
11, 20956, 75.9597481201587, 75.9597481201587, 'SEARCH'
11, 20957, 75.96648702993463, 75.96648702993463, 'SEARCH'
11, 20958, 75.99076895822616, 75.99076895822616, 'SEARCH'
11, 20959, 76.01820842403797, 76.01820842403797, 'SEARCH'
11, 20960, 76.04359491173963, 76.04359491173963, 'SEARCH'
11, 20961, 76.0464700058831, 76.0464700058831, 'SEARCH'
11, 20962, 76.06609694155496, 76.06609694155496, 'SEARCH'
11, 20963, 76.0876742673411, 76.0876742673411, 'SEARCH'
11, 20964, 76.0948747878947, 76.0948747878947, 'SEARCH'
11, 20965, 76.10208252209459, 76.10208252209459, 'SEARCH'
11, 20966, 76.10065514374607, 76.10065514374607, 'SEARCH'
11, 20967, 76.11885331054756, 76.11885331054756, 'SEARCH'
11, 20968, 76.14383230718946, 76.14383230718946, 'SEARCH'
11, 20969, 76.14241072527588, 76.14241072527588, 'SEARCH'
11, 20970, 76.15541641606772, 76.15541641606772, 'SEARCH'
11, 20971, 76.16396855822258, 76.16396855822258, 'SEARCH'
11, 20972, 76.17479812232388, 76.17479812232388, 'SEARCH'
11, 20973, 76.19410805515997, 76.19410805515997, 'SEARCH'
11, 20974, 76.22188202817809, 76.22188202817809, 'SEARCH'
11, 20975, 76.24924223041941, 76.24924223041941, 'SEARCH'
11, 20976, 76.24296698674029, 76.24296698674029, 'SEARCH'
11, 20977, 76.24004375233756, 76.24004375233756, 'SEARCH'
11, 20978, 76.23857785420606, 76.23857785420606, 'SEARCH'
11, 20979, 76.26075947079124, 76.26075947079124, 'SEARCH'
11, 20980, 76.28005569052891, 76.28005569052891, 'SEARCH'
11, 20981, 76.28391568048485, 76.28391568048485, 'SEARCH'
11, 20982, 76.29738394592434, 76.29738394592434, 'SEARCH'
11, 20983, 76.31803221766938, 76.31803221766938, 'SEARCH'
11, 20984, 76.32844984922595, 76.32844984922595, 'SEARCH'
11, 20985, 76.32412397042808, 76.32412397042808, 'SEARCH'
11, 20986, 76.32560508622001, 76.32560508622001, 'SEARCH'
11, 20987, 76.35334294228306, 76.35334294228306, 'SEARCH'
11, 20988, 76.38041644789202, 76.38041644789202, 'SEARCH'
11, 20989, 76.40684563897119, 76.40684563897119, 'SEARCH'
11, 20990, 76.40729293115932, 76.40729293115932, 'SEARCH'
11, 20991, 76.43413191342019, 76.43413191342019, 'SEARCH'
11, 20992, 76.43416335287817, 76.43416335287817, 'SEARCH'
11, 20993, 76.46041500475864, 76.46041500475864, 'SEARCH'
11, 20994, 76.47255941602064, 76.47255941602064, 'SEARCH'
11, 20995, 76.48963813244912, 76.48963813244912, 'SEARCH'
11, 20996, 76.51690117845803, 76.51690117845803, 'SEARCH'
11, 20997, 76.54416457990165, 76.54416457990165, 'SEARCH'
11, 20998, 76.56912267027174, 76.56912267027174, 'SEARCH'
11, 20999, 76.58875359505332, 76.58875359505332, 'SEARCH'
11, 21000, 76.60733330918008, 76.60733330918008, 'SEARCH'
11, 21001, 76.62592308352728, 76.62592308352728, 'SEARCH'
11, 21002, 76.64810185693169, 76.64810185693169, 'SEARCH'
11, 21003, 76.6755369745709, 76.6755369745709, 'SEARCH'
11, 21004, 76.70331475221926, 76.70331475221926, 'SEARCH'
11, 21005, 76.72736987368637, 76.72736987368637, 'SEARCH'
11, 21006, 76.75117909479559, 76.75117909479559, 'SEARCH'
11, 21007, 76.74731486135566, 76.74731486135566, 'SEARCH'
11, 21008, 76.74202379935764, 76.74202379935764, 'SEARCH'
11, 21009, 76.75757100195338, 76.75757100195338, 'SEARCH'
11, 21010, 76.7537279687902, 76.7537279687902, 'SEARCH'
11, 21011, 76.75375873639558, 76.75375873639558, 'SEARCH'
11, 21012, 76.77501301689416, 76.77501301689416, 'SEARCH'
11, 21013, 76.80258776976085, 76.80258776976085, 'SEARCH'
11, 21014, 76.80648709505299, 76.80648709505299, 'SEARCH'
11, 21015, 76.83125599278671, 76.83125599278671, 'SEARCH'
11, 21016, 76.83801913344814, 76.83801913344814, 'SEARCH'
11, 21017, 76.84279169861621, 76.84279169861621, 'SEARCH'
11, 21018, 76.8451687195179, 76.8451687195179, 'SEARCH'
11, 21019, 76.85090838829562, 76.85090838829562, 'SEARCH'
11, 21020, 76.84611323992159, 76.84611323992159, 'SEARCH'
11, 21021, 76.86356599297244, 76.86356599297244, 'SEARCH'
11, 21022, 76.86256632265024, 76.86256632265024, 'SEARCH'
11, 21023, 76.8901942833213, 76.8901942833213, 'SEARCH'
11, 21024, 76.91675157190353, 76.91675157190353, 'SEARCH'
11, 21025, 76.94358810783443, 76.94358810783443, 'SEARCH'
11, 21026, 76.94215626528718, 76.94215626528718, 'SEARCH'
11, 21027, 76.96886614064755, 76.96886614064755, 'SEARCH'
11, 21028, 76.9750841837631, 76.9750841837631, 'SEARCH'
11, 21029, 77.00100843070203, 77.00100843070203, 'SEARCH'
11, 21030, 77.00489482478976, 77.00489482478976, 'SEARCH'
11, 21031, 77.03260295294206, 77.03260295294206, 'SEARCH'
11, 21032, 77.04258310216956, 77.04258310216956, 'SEARCH'
11, 21033, 77.0450383073965, 77.0450383073965, 'SEARCH'
11, 21034, 77.07274545992314, 77.07274545992314, 'SEARCH'
11, 21035, 77.0827384281035, 77.0827384281035, 'SEARCH'
11, 21036, 77.1074667419494, 77.1074667419494, 'SEARCH'
11, 21037, 77.13223697097294, 77.13223697097294, 'SEARCH'
11, 21038, 77.15782502070127, 77.15782502070127, 'SEARCH'
11, 21039, 77.1704804036207, 77.1704804036207, 'SEARCH'
11, 21040, 77.19210342375172, 77.19210342375172, 'SEARCH'
11, 21041, 77.20635751772082, 77.20635751772082, 'SEARCH'
11, 21042, 77.20484940665764, 77.20484940665764, 'SEARCH'
11, 21043, 77.20914864545372, 77.20914864545372, 'SEARCH'
11, 21044, 77.23272620831985, 77.23272620831985, 'SEARCH'
11, 21045, 77.23663450373962, 77.23663450373962, 'SEARCH'
11, 21046, 77.23658412416243, 77.23658412416243, 'SEARCH'
11, 21047, 77.25879409464474, 77.25879409464474, 'SEARCH'
11, 21048, 77.27049089004073, 77.27049089004073, 'SEARCH'
11, 21049, 77.28226636505305, 77.28226636505305, 'SEARCH'
11, 21050, 77.30532123776031, 77.30532123776031, 'SEARCH'
11, 21051, 77.31246174236696, 77.31246174236696, 'SEARCH'
11, 21052, 77.33761872831415, 77.33761872831415, 'SEARCH'
11, 21053, 77.36458090042997, 77.36458090042997, 'SEARCH'
11, 21054, 77.37539687246998, 77.37539687246998, 'SEARCH'
11, 21055, 77.38120510016333, 77.38120510016333, 'SEARCH'
11, 21056, 77.40276659025965, 77.40276659025965, 'SEARCH'
11, 21057, 77.41177616329247, 77.41177616329247, 'SEARCH'
11, 21058, 77.40981005475163, 77.40981005475163, 'SEARCH'
11, 21059, 77.42064452984879, 77.42064452984879, 'SEARCH'
11, 21060, 77.41821004103454, 77.41821004103454, 'SEARCH'
11, 21061, 77.4425021791595, 77.4425021791595, 'SEARCH'
11, 21062, 77.47007268815346, 77.47007268815346, 'SEARCH'
11, 21063, 77.49617541122711, 77.49617541122711, 'SEARCH'
11, 21064, 77.49811039414003, 77.49811039414003, 'SEARCH'
11, 21065, 77.50388078960496, 77.50388078960496, 'SEARCH'
11, 21066, 77.5238607547517, 77.5238607547517, 'SEARCH'
11, 21067, 77.53604062843984, 77.53604062843984, 'SEARCH'
11, 21068, 77.5623084026677, 77.5623084026677, 'SEARCH'
11, 21069, 77.57662637813901, 77.57662637813901, 'SEARCH'
11, 21070, 77.59486540512948, 77.59486540512948, 'SEARCH'
11, 21071, 77.60792941659669, 77.60792941659669, 'SEARCH'
11, 21072, 77.62505730080552, 77.62505730080552, 'SEARCH'
11, 21073, 77.62695548985579, 77.62695548985579, 'SEARCH'
11, 21074, 77.6526986339686, 77.6526986339686, 'SEARCH'
11, 21075, 77.67864193237158, 77.67864193237158, 'SEARCH'
11, 21076, 77.69689032475787, 77.69689032475787, 'SEARCH'
11, 21077, 77.6910772159507, 77.6910772159507, 'SEARCH'
11, 21078, 77.69207759772654, 77.69207759772654, 'SEARCH'
11, 21079, 77.7168453371306, 77.7168453371306, 'SEARCH'
11, 21080, 77.73473316745442, 77.73473316745442, 'SEARCH'
11, 21081, 77.75988771806301, 77.75988771806301, 'SEARCH'
11, 21082, 77.78150396151852, 77.78150396151852, 'SEARCH'
11, 21083, 77.80762396566261, 77.80762396566261, 'SEARCH'
11, 21084, 77.81661632749875, 77.81661632749875, 'SEARCH'
11, 21085, 77.841164645584, 77.841164645584, 'SEARCH'
11, 21086, 77.85500940511267, 77.85500940511267, 'SEARCH'
11, 21087, 77.86317330211332, 77.86317330211332, 'SEARCH'
11, 21088, 77.86371003506333, 77.86371003506333, 'SEARCH'
11, 21089, 77.86799644246824, 77.86799644246824, 'SEARCH'
11, 21090, 77.89493644577664, 77.89493644577664, 'SEARCH'
11, 21091, 77.90300944709392, 77.90300944709392, 'SEARCH'
11, 21092, 77.9196919076538, 77.9196919076538, 'SEARCH'
11, 21093, 77.92159230610396, 77.92159230610396, 'SEARCH'
11, 21094, 77.9315746481483, 77.9315746481483, 'SEARCH'
11, 21095, 77.94667242516955, 77.94667242516955, 'SEARCH'
11, 21096, 77.94524936292692, 77.94524936292692, 'SEARCH'
11, 21097, 77.97250941400644, 77.97250941400644, 'SEARCH'
11, 21098, 77.97585754076682, 77.97585754076682, 'SEARCH'
11, 21099, 78.00359567738623, 78.00359567738623, 'SEARCH'
11, 21100, 78.02936191266092, 78.02936191266092, 'SEARCH'
11, 21101, 78.05620171696532, 78.05620171696532, 'SEARCH'
11, 21102, 78.08355131112357, 78.08355131112357, 'SEARCH'
11, 21103, 78.1101052268597, 78.1101052268597, 'SEARCH'
11, 21104, 78.1341777755452, 78.1341777755452, 'SEARCH'
11, 21105, 78.14767692962818, 78.14767692962818, 'SEARCH'
11, 21106, 78.15584029743673, 78.15584029743673, 'SEARCH'
11, 21107, 78.15385132485228, 78.15385132485228, 'SEARCH'
11, 21108, 78.15727988278665, 78.15727988278665, 'SEARCH'
11, 21109, 78.1607161570635, 78.1607161570635, 'SEARCH'
11, 21110, 78.16029053984408, 78.16029053984408, 'SEARCH'
11, 21111, 78.18657666705893, 78.18657666705893, 'SEARCH'
11, 21112, 78.21376187590975, 78.21376187590975, 'SEARCH'
11, 21113, 78.23508703015895, 78.23508703015895, 'SEARCH'
11, 21114, 78.24359736654662, 78.24359736654662, 'SEARCH'
11, 21115, 78.26761858564687, 78.26761858564687, 'SEARCH'
11, 21116, 78.29061021702037, 78.29061021702037, 'SEARCH'
11, 21117, 78.31652059019336, 78.31652059019336, 'SEARCH'
11, 21118, 78.31803423769001, 78.31803423769001, 'SEARCH'
11, 21119, 78.3314418639247, 78.3314418639247, 'SEARCH'
11, 21120, 78.35837966614574, 78.35837966614574, 'SEARCH'
11, 21121, 78.35541677969489, 78.35541677969489, 'SEARCH'
11, 21122, 78.36171593189783, 78.36171593189783, 'SEARCH'
11, 21123, 78.3891423413826, 78.3891423413826, 'SEARCH'
11, 21124, 78.4126680596079, 78.4126680596079, 'SEARCH'
11, 21125, 78.41754571444217, 78.41754571444217, 'SEARCH'
11, 21126, 78.42243100563515, 78.42243100563515, 'SEARCH'
11, 21127, 78.4434413144024, 78.4434413144024, 'SEARCH'
11, 21128, 78.46467147063245, 78.46467147063245, 'SEARCH'
11, 21129, 78.49201479189833, 78.49201479189833, 'SEARCH'
11, 21130, 78.50760609709599, 78.50760609709599, 'SEARCH'
11, 21131, 78.51703433029186, 78.51703433029186, 'SEARCH'
11, 21132, 78.54466714003291, 78.54466714003291, 'SEARCH'
11, 21133, 78.57026435914032, 78.57026435914032, 'SEARCH'
11, 21134, 78.58915428945964, 78.58915428945964, 'SEARCH'
11, 21135, 78.59247110734212, 78.59247110734212, 'SEARCH'
11, 21136, 78.61943851496794, 78.61943851496794, 'SEARCH'
11, 21137, 78.63761438666867, 78.63761438666867, 'SEARCH'
11, 21138, 78.66385988736268, 78.66385988736268, 'SEARCH'
11, 21139, 78.68880190779973, 78.68880190779973, 'SEARCH'
11, 21140, 78.71471577620387, 78.71471577620387, 'SEARCH'
11, 21141, 78.74048966355043, 78.74048966355043, 'SEARCH'
11, 21142, 78.74809475772858, 78.74809475772858, 'SEARCH'
11, 21143, 78.74571973760614, 78.74571973760614, 'SEARCH'
11, 21144, 78.77107402526195, 78.77107402526195, 'SEARCH'
11, 21145, 78.79823412182814, 78.79823412182814, 'SEARCH'
11, 21146, 78.82567766654334, 78.82567766654334, 'SEARCH'
11, 21147, 78.8533913241331, 78.8533913241331, 'SEARCH'
11, 21148, 78.85430832447169, 78.85430832447169, 'SEARCH'
11, 21149, 78.85184286475922, 78.85184286475922, 'SEARCH'
11, 21150, 78.85035234556294, 78.85035234556294, 'SEARCH'
11, 21151, 78.8696275803397, 78.8696275803397, 'SEARCH'
11, 21152, 78.88045950506736, 78.88045950506736, 'SEARCH'
11, 21153, 78.89677349652536, 78.89677349652536, 'SEARCH'
11, 21154, 78.91024954908937, 78.91024954908937, 'SEARCH'
11, 21155, 78.91553263197594, 78.91553263197594, 'SEARCH'
11, 21156, 78.91796345190372, 78.91796345190372, 'SEARCH'
11, 21157, 78.94466027709454, 78.94466027709454, 'SEARCH'
11, 21158, 78.94225517214157, 78.94225517214157, 'SEARCH'
11, 21159, 78.94566398303091, 78.94566398303091, 'SEARCH'
11, 21160, 78.96692268994086, 78.96692268994086, 'SEARCH'
11, 21161, 78.99146160026423, 78.99146160026423, 'SEARCH'
11, 21162, 78.99433444893732, 78.99433444893732, 'SEARCH'
11, 21163, 79.0207455312495, 79.0207455312495, 'SEARCH'
11, 21164, 79.0485056436432, 79.0485056436432, 'SEARCH'
11, 21165, 79.07389053150241, 79.07389053150241, 'SEARCH'
11, 21166, 79.0714448379012, 79.0714448379012, 'SEARCH'
11, 21167, 79.07339940877088, 79.07339940877088, 'SEARCH'
11, 21168, 79.10107363412595, 79.10107363412595, 'SEARCH'
11, 21169, 79.12869652355623, 79.12869652355623, 'SEARCH'
11, 21170, 79.13997147897844, 79.13997147897844, 'SEARCH'
11, 21171, 79.14285668041052, 79.14285668041052, 'SEARCH'
11, 21172, 79.14526702335304, 79.14526702335304, 'SEARCH'
11, 21173, 79.14477934204186, 79.14477934204186, 'SEARCH'
11, 21174, 79.15607303527331, 79.15607303527331, 'SEARCH'
11, 21175, 79.15897424148496, 79.15897424148496, 'SEARCH'
11, 21176, 79.17568700978994, 79.17568700978994, 'SEARCH'
11, 21177, 79.18193455228158, 79.18193455228158, 'SEARCH'
11, 21178, 79.20786503134448, 79.20786503134448, 'SEARCH'
11, 21179, 79.20496468581932, 79.20496468581932, 'SEARCH'
11, 21180, 79.22207514627354, 79.22207514627354, 'SEARCH'
11, 21181, 79.22592417406236, 79.22592417406236, 'SEARCH'
11, 21182, 79.25343290012029, 79.25343290012029, 'SEARCH'
11, 21183, 79.26816126847037, 79.26816126847037, 'SEARCH'
11, 21184, 79.29035542500041, 79.29035542500041, 'SEARCH'
11, 21185, 79.31742592292571, 79.31742592292571, 'SEARCH'
11, 21186, 79.34468911314828, 79.34468911314828, 'SEARCH'
11, 21187, 79.371960386325, 79.371960386325, 'SEARCH'
11, 21188, 79.36715782436158, 79.36715782436158, 'SEARCH'
11, 21189, 79.3793609982173, 79.3793609982173, 'SEARCH'
11, 21190, 79.3982790092663, 79.3982790092663, 'SEARCH'
11, 21191, 79.40960465906274, 79.40960465906274, 'SEARCH'
11, 21192, 79.41822369015277, 79.41822369015277, 'SEARCH'
11, 21193, 79.44014019687151, 79.44014019687151, 'SEARCH'
11, 21194, 79.46770491503172, 79.46770491503172, 'SEARCH'
11, 21195, 79.49265052301668, 79.49265052301668, 'SEARCH'
11, 21196, 79.49695271184179, 79.49695271184179, 'SEARCH'
11, 21197, 79.50996189211195, 79.50996189211195, 'SEARCH'
11, 21198, 79.53772173117864, 79.53772173117864, 'SEARCH'
11, 21199, 79.55870426703797, 79.55870426703797, 'SEARCH'
11, 21200, 79.55391311224908, 79.55391311224908, 'SEARCH'
11, 21201, 79.58127593010803, 79.58127593010803, 'SEARCH'
11, 21202, 79.60870516070446, 79.60870516070446, 'SEARCH'
11, 21203, 79.62178140374252, 79.62178140374252, 'SEARCH'
11, 21204, 79.6411111457002, 79.6411111457002, 'SEARCH'
11, 21205, 79.6440666744041, 79.6440666744041, 'SEARCH'
11, 21206, 79.67158241654103, 79.67158241654103, 'SEARCH'
11, 21207, 79.68467690989289, 79.68467690989289, 'SEARCH'
11, 21208, 79.67849410453994, 79.67849410453994, 'SEARCH'
11, 21209, 79.69640696872075, 79.69640696872075, 'SEARCH'
11, 21210, 79.72396768923254, 79.72396768923254, 'SEARCH'
11, 21211, 79.72340315145485, 79.72340315145485, 'SEARCH'
11, 21212, 79.74299412811459, 79.74299412811459, 'SEARCH'
11, 21213, 79.7405074216771, 79.7405074216771, 'SEARCH'
11, 21214, 79.75794333366407, 79.75794333366407, 'SEARCH'
11, 21215, 79.77620619295416, 79.77620619295416, 'SEARCH'
11, 21216, 79.80394884789641, 79.80394884789641, 'SEARCH'
11, 21217, 79.80919272573526, 79.80919272573526, 'SEARCH'
11, 21218, 79.82886959643776, 79.82886959643776, 'SEARCH'
11, 21219, 79.82650326996192, 79.82650326996192, 'SEARCH'
11, 21220, 79.82031583219928, 79.82031583219928, 'SEARCH'
11, 21221, 79.84712874436029, 79.84712874436029, 'SEARCH'
11, 21222, 79.86300554624472, 79.86300554624472, 'SEARCH'
11, 21223, 79.89052147427182, 79.89052147427182, 'SEARCH'
11, 21224, 79.8985834862353, 79.8985834862353, 'SEARCH'
11, 21225, 79.90239551016639, 79.90239551016639, 'SEARCH'
11, 21226, 79.92539829047868, 79.92539829047868, 'SEARCH'
11, 21227, 79.93882870774871, 79.93882870774871, 'SEARCH'
11, 21228, 79.9649194269955, 79.9649194269955, 'SEARCH'
11, 21229, 79.98453899884345, 79.98453899884345, 'SEARCH'
11, 21230, 79.98645114758621, 79.98645114758621, 'SEARCH'
11, 21231, 80.00279279226578, 80.00279279226578, 'SEARCH'
11, 21232, 80.0281787360666, 80.0281787360666, 'SEARCH'
11, 21233, 80.0559565010387, 80.0559565010387, 'SEARCH'
11, 21234, 80.07557978109881, 80.07557978109881, 'SEARCH'
11, 21235, 80.07313851796856, 80.07313851796856, 'SEARCH'
11, 21236, 80.09668879600792, 80.09668879600792, 'SEARCH'
11, 21237, 80.10387056855053, 80.10387056855053, 'SEARCH'
11, 21238, 80.11899954489908, 80.11899954489908, 'SEARCH'
11, 21239, 80.11705531025467, 80.11705531025467, 'SEARCH'
11, 21240, 80.12700874019067, 80.12700874019067, 'SEARCH'
11, 21241, 80.13513585995187, 80.13513585995187, 'SEARCH'
11, 21242, 80.14137142481762, 80.14137142481762, 'SEARCH'
11, 21243, 80.15223020726577, 80.15223020726577, 'SEARCH'
11, 21244, 80.17440686033696, 80.17440686033696, 'SEARCH'
11, 21245, 80.1963007383948, 80.1963007383948, 'SEARCH'
11, 21246, 80.220117214958, 80.220117214958, 'SEARCH'
11, 21247, 80.23940182315896, 80.23940182315896, 'SEARCH'
11, 21248, 80.24134939210893, 80.24134939210893, 'SEARCH'
11, 21249, 80.24615540439895, 80.24615540439895, 'SEARCH'
11, 21250, 80.25790378414854, 80.25790378414854, 'SEARCH'
11, 21251, 80.28145169131838, 80.28145169131838, 'SEARCH'
11, 21252, 80.28482466651683, 80.28482466651683, 'SEARCH'
11, 21253, 80.28144380242625, 80.28144380242625, 'SEARCH'
11, 21254, 80.28768038330706, 80.28768038330706, 'SEARCH'
11, 21255, 80.2852639029027, 80.2852639029027, 'SEARCH'
11, 21256, 80.29520690468183, 80.29520690468183, 'SEARCH'
11, 21257, 80.31033988782474, 80.31033988782474, 'SEARCH'
11, 21258, 80.32998977501306, 80.32998977501306, 'SEARCH'
11, 21259, 80.35573862328198, 80.35573862328198, 'SEARCH'
11, 21260, 80.35961773824235, 80.35961773824235, 'SEARCH'
11, 21261, 80.37924463030421, 80.37924463030421, 'SEARCH'
11, 21262, 80.4069153740557, 80.4069153740557, 'SEARCH'
11, 21263, 80.42881324938983, 80.42881324938983, 'SEARCH'
11, 21264, 80.44310383668169, 80.44310383668169, 'SEARCH'
11, 21265, 80.45824246482948, 80.45824246482948, 'SEARCH'
11, 21266, 80.45583950726419, 80.45583950726419, 'SEARCH'
11, 21267, 80.46803991918104, 80.46803991918104, 'SEARCH'
11, 21268, 80.49302089638095, 80.49302089638095, 'SEARCH'
11, 21269, 80.52029519892774, 80.52029519892774, 'SEARCH'
11, 21270, 80.52316167509314, 80.52316167509314, 'SEARCH'
11, 21271, 80.54410658435224, 80.54410658435224, 'SEARCH'
11, 21272, 80.56045317521044, 80.56045317521044, 'SEARCH'
11, 21273, 80.57675628134919, 80.57675628134919, 'SEARCH'
11, 21274, 80.60057846347631, 80.60057846347631, 'SEARCH'
11, 21275, 80.61055835698028, 80.61055835698028, 'SEARCH'
11, 21276, 80.63246866450085, 80.63246866450085, 'SEARCH'
11, 21277, 80.64468060829037, 80.64468060829037, 'SEARCH'
11, 21278, 80.65229305658112, 80.65229305658112, 'SEARCH'
11, 21279, 80.6732321829258, 80.6732321829258, 'SEARCH'
11, 21280, 80.70005500956825, 80.70005500956825, 'SEARCH'
11, 21281, 80.70153883409807, 80.70153883409807, 'SEARCH'
11, 21282, 80.70639986046366, 80.70639986046366, 'SEARCH'
11, 21283, 80.73391364989156, 80.73391364989156, 'SEARCH'
11, 21284, 80.74382484884727, 80.74382484884727, 'SEARCH'
11, 21285, 80.7687742598981, 80.7687742598981, 'SEARCH'
11, 21286, 80.77869619749264, 80.77869619749264, 'SEARCH'
11, 21287, 80.78957508509617, 80.78957508509617, 'SEARCH'
11, 21288, 80.81473564658552, 80.81473564658552, 'SEARCH'
11, 21289, 80.8406794825768, 80.8406794825768, 'SEARCH'
11, 21290, 80.86604216430992, 80.86604216430992, 'SEARCH'
11, 21291, 80.87824583327567, 80.87824583327567, 'SEARCH'
11, 21292, 80.90559520431327, 80.90559520431327, 'SEARCH'
11, 21293, 80.92415620484356, 80.92415620484356, 'SEARCH'
11, 21294, 80.94235841145252, 80.94235841145252, 'SEARCH'
11, 21295, 80.96330789069296, 80.96330789069296, 'SEARCH'
11, 21296, 80.98577071461777, 80.98577071461777, 'SEARCH'
11, 21297, 81.01339754698415, 81.01339754698415, 'SEARCH'
11, 21298, 81.0167948706019, 81.0167948706019, 'SEARCH'
11, 21299, 81.02493548942229, 81.02493548942229, 'SEARCH'
11, 21300, 81.03713727190826, 81.03713727190826, 'SEARCH'
11, 21301, 81.05780333930016, 81.05780333930016, 'SEARCH'
11, 21302, 81.06950675746253, 81.06950675746253, 'SEARCH'
11, 21303, 81.08733726245711, 81.08733726245711, 'SEARCH'
11, 21304, 81.11344865486538, 81.11344865486538, 'SEARCH'
11, 21305, 81.12940440049117, 81.12940440049117, 'SEARCH'
11, 21306, 81.14530880349892, 81.14530880349892, 'SEARCH'
11, 21307, 81.16243231935505, 81.16243231935505, 'SEARCH'
11, 21308, 81.16530231640219, 81.16530231640219, 'SEARCH'
11, 21309, 81.16050409156676, 81.16050409156676, 'SEARCH'
11, 21310, 81.17763234648457, 81.17763234648457, 'SEARCH'
11, 21311, 81.18001371388773, 81.18001371388773, 'SEARCH'
11, 21312, 81.20575691520827, 81.20575691520827, 'SEARCH'
11, 21313, 81.21528409835186, 81.21528409835186, 'SEARCH'
11, 21314, 81.21483504731327, 81.21483504731327, 'SEARCH'
11, 21315, 81.23836870796693, 81.23836870796693, 'SEARCH'
11, 21316, 81.2569265434794, 81.2569265434794, 'SEARCH'
11, 21317, 81.28388714595614, 81.28388714595614, 'SEARCH'
11, 21318, 81.2901693476236, 81.2901693476236, 'SEARCH'
11, 21319, 81.30451210699756, 81.30451210699756, 'SEARCH'
11, 21320, 81.31585496969372, 81.31585496969372, 'SEARCH'
11, 21321, 81.32798155216504, 81.32798155216504, 'SEARCH'
11, 21322, 81.34140593595072, 81.34140593595072, 'SEARCH'
11, 21323, 81.35769980417263, 81.35769980417263, 'SEARCH'
11, 21324, 81.36631653658657, 81.36631653658657, 'SEARCH'
11, 21325, 81.37853138413918, 81.37853138413918, 'SEARCH'
11, 21326, 81.40388759567814, 81.40388759567814, 'SEARCH'
11, 21327, 81.4301371388376, 81.4301371388376, 'SEARCH'
11, 21328, 81.45707947990604, 81.45707947990604, 'SEARCH'
11, 21329, 81.45461848095492, 81.45461848095492, 'SEARCH'
11, 21330, 81.4749119048084, 81.4749119048084, 'SEARCH'
11, 21331, 81.50265022140475, 81.50265022140475, 'SEARCH'
11, 21332, 81.53038858293115, 81.53038858293115, 'SEARCH'
11, 21333, 81.54553814144407, 81.54553814144407, 'SEARCH'
11, 21334, 81.54508456380685, 81.54508456380685, 'SEARCH'
11, 21335, 81.56664720786837, 81.56664720786837, 'SEARCH'
11, 21336, 81.59421378475282, 81.59421378475282, 'SEARCH'
11, 21337, 81.60641994405849, 81.60641994405849, 'SEARCH'
11, 21338, 81.63418215228818, 81.63418215228818, 'SEARCH'
11, 21339, 81.65548647070098, 81.65548647070098, 'SEARCH'
11, 21340, 81.65891566269188, 81.65891566269188, 'SEARCH'
11, 21341, 81.68667829261577, 81.68667829261577, 'SEARCH'
11, 21342, 81.71393572804466, 81.71393572804466, 'SEARCH'
11, 21343, 81.73212172740125, 81.73212172740125, 'SEARCH'
11, 21344, 81.75789319341395, 81.75789319341395, 'SEARCH'
11, 21345, 81.75687740340763, 81.75687740340763, 'SEARCH'
11, 21346, 81.7544182296599, 81.7544182296599, 'SEARCH'
11, 21347, 81.77746399058054, 81.77746399058054, 'SEARCH'
11, 21348, 81.79459285976897, 81.79459285976897, 'SEARCH'
11, 21349, 81.8191382132997, 81.8191382132997, 'SEARCH'
11, 21350, 81.84629979452627, 81.84629979452627, 'SEARCH'
11, 21351, 81.84682649616111, 81.84682649616111, 'SEARCH'
11, 21352, 81.84062658291171, 81.84062658291171, 'SEARCH'
11, 21353, 81.84454990351473, 81.84454990351473, 'SEARCH'
11, 21354, 81.86863905883011, 81.86863905883011, 'SEARCH'
11, 21355, 81.895182646962, 81.895182646962, 'SEARCH'
11, 21356, 81.91578078104853, 81.91578078104853, 'SEARCH'
11, 21357, 81.91970719562859, 81.91970719562859, 'SEARCH'
11, 21358, 81.92074563637318, 81.92074563637318, 'SEARCH'
11, 21359, 81.9342799776714, 81.9342799776714, 'SEARCH'
11, 21360, 81.94013744500148, 81.94013744500148, 'SEARCH'
11, 21361, 81.93762497915156, 81.93762497915156, 'SEARCH'
11, 21362, 81.94536209863014, 81.94536209863014, 'SEARCH'
11, 21363, 81.9425495184849, 81.9425495184849, 'SEARCH'
11, 21364, 81.97004293064352, 81.97004293064352, 'SEARCH'
11, 21365, 81.98683819489388, 81.98683819489388, 'SEARCH'
11, 21366, 81.98383098160997, 81.98383098160997, 'SEARCH'
11, 21367, 82.00008040397174, 82.00008040397174, 'SEARCH'
11, 21368, 82.02278321939639, 82.02278321939639, 'SEARCH'
11, 21369, 82.04178927606338, 82.04178927606338, 'SEARCH'
11, 21370, 82.06817954252612, 82.06817954252612, 'SEARCH'
11, 21371, 82.09447219286115, 82.09447219286115, 'SEARCH'
11, 21372, 82.10496076124267, 82.10496076124267, 'SEARCH'
11, 21373, 82.13254311168886, 82.13254311168886, 'SEARCH'
11, 21374, 82.15724895868043, 82.15724895868043, 'SEARCH'
11, 21375, 82.17063425222707, 82.17063425222707, 'SEARCH'
11, 21376, 82.18486712110143, 82.18486712110143, 'SEARCH'
11, 21377, 82.18865501557055, 82.18865501557055, 'SEARCH'
11, 21378, 82.21623426633954, 82.21623426633954, 'SEARCH'
11, 21379, 82.24158146722567, 82.24158146722567, 'SEARCH'
11, 21380, 82.26886169823254, 82.26886169823254, 'SEARCH'
11, 21381, 82.29649440162572, 82.29649440162572, 'SEARCH'
11, 21382, 82.29656351351768, 82.29656351351768, 'SEARCH'
11, 21383, 82.31819942551492, 82.31819942551492, 'SEARCH'
11, 21384, 82.31860220240634, 82.31860220240634, 'SEARCH'
11, 21385, 82.34621998946734, 82.34621998946734, 'SEARCH'
11, 21386, 82.3730699647498, 82.3730699647498, 'SEARCH'
11, 21387, 82.38984633369628, 82.38984633369628, 'SEARCH'
11, 21388, 82.41463297872706, 82.41463297872706, 'SEARCH'
11, 21389, 82.43166852456767, 82.43166852456767, 'SEARCH'
11, 21390, 82.45916512247983, 82.45916512247983, 'SEARCH'
11, 21391, 82.47184331052527, 82.47184331052527, 'SEARCH'
11, 21392, 82.48566052510638, 82.48566052510638, 'SEARCH'
11, 21393, 82.50204885411972, 82.50204885411972, 'SEARCH'
11, 21394, 82.51586687307409, 82.51586687307409, 'SEARCH'
11, 21395, 82.53809594623452, 82.53809594623452, 'SEARCH'
11, 21396, 82.56543787794168, 82.56543787794168, 'SEARCH'
11, 21397, 82.5759151763753, 82.5759151763753, 'SEARCH'
11, 21398, 82.57745345028158, 82.57745345028158, 'SEARCH'
11, 21399, 82.60193609808816, 82.60193609808816, 'SEARCH'
11, 21400, 82.60903996363177, 82.60903996363177, 'SEARCH'
11, 21401, 82.63424911448774, 82.63424911448774, 'SEARCH'
11, 21402, 82.66003542416315, 82.66003542416315, 'SEARCH'
11, 21403, 82.657046076997, 82.657046076997, 'SEARCH'
11, 21404, 82.67763658285901, 82.67763658285901, 'SEARCH'
11, 21405, 82.6777090027767, 82.6777090027767, 'SEARCH'
11, 21406, 82.69290538061047, 82.69290538061047, 'SEARCH'
11, 21407, 82.72068031256191, 82.72068031256191, 'SEARCH'
11, 21408, 82.74664411927994, 82.74664411927994, 'SEARCH'
11, 21409, 82.75059858018939, 82.75059858018939, 'SEARCH'
11, 21410, 82.75927502140522, 82.75927502140522, 'SEARCH'
11, 21411, 82.77683769112002, 82.77683769112002, 'SEARCH'
11, 21412, 82.80376323941638, 82.80376323941638, 'SEARCH'
11, 21413, 82.83154080419875, 82.83154080419875, 'SEARCH'
11, 21414, 82.83240194187644, 82.83240194187644, 'SEARCH'
11, 21415, 82.83472313165827, 82.83472313165827, 'SEARCH'
11, 21416, 82.8559428977446, 82.8559428977446, 'SEARCH'
11, 21417, 82.87140432466542, 82.87140432466542, 'SEARCH'
11, 21418, 82.8689042552752, 82.8689042552752, 'SEARCH'
11, 21419, 82.88285482981202, 82.88285482981202, 'SEARCH'
11, 21420, 82.90966577025956, 82.90966577025956, 'SEARCH'
11, 21421, 82.93590545917569, 82.93590545917569, 'SEARCH'
11, 21422, 82.95897477064956, 82.95897477064956, 'SEARCH'
11, 21423, 82.96716959050971, 82.96716959050971, 'SEARCH'
11, 21424, 82.96338733735423, 82.96338733735423, 'SEARCH'
11, 21425, 82.98131341180874, 82.98131341180874, 'SEARCH'
11, 21426, 82.98812912214677, 82.98812912214677, 'SEARCH'
11, 21427, 82.99818311201156, 82.99818311201156, 'SEARCH'
11, 21428, 83.0159508752172, 83.0159508752172, 'SEARCH'
11, 21429, 83.0353240613328, 83.0353240613328, 'SEARCH'
11, 21430, 83.06296125308097, 83.06296125308097, 'SEARCH'
11, 21431, 83.09048425696788, 83.09048425696788, 'SEARCH'
11, 21432, 83.11244353673595, 83.11244353673595, 'SEARCH'
11, 21433, 83.12451357347527, 83.12451357347527, 'SEARCH'
11, 21434, 83.14372942190597, 83.14372942190597, 'SEARCH'
11, 21435, 83.15055140725472, 83.15055140725472, 'SEARCH'
11, 21436, 83.17466394760217, 83.17466394760217, 'SEARCH'
11, 21437, 83.17478063284112, 83.17478063284112, 'SEARCH'
11, 21438, 83.20058226360186, 83.20058226360186, 'SEARCH'
11, 21439, 83.20457446428892, 83.20457446428892, 'SEARCH'
11, 21440, 83.2246501034263, 83.2246501034263, 'SEARCH'
11, 21441, 83.2434911214722, 83.2434911214722, 'SEARCH'
11, 21442, 83.23975866073414, 83.23975866073414, 'SEARCH'
11, 21443, 83.24155374965395, 83.24155374965395, 'SEARCH'
11, 21444, 83.26847350634417, 83.26847350634417, 'SEARCH'
11, 21445, 83.264258815353, 83.264258815353, 'SEARCH'
11, 21446, 83.28623420357302, 83.28623420357302, 'SEARCH'
11, 21447, 83.28589458393016, 83.28589458393016, 'SEARCH'
11, 21448, 83.29008840377193, 83.29008840377193, 'SEARCH'
11, 21449, 83.3168817231134, 83.3168817231134, 'SEARCH'
11, 21450, 83.34362241323691, 83.34362241323691, 'SEARCH'
11, 21451, 83.34396268412749, 83.34396268412749, 'SEARCH'
11, 21452, 83.37099753046314, 83.37099753046314, 'SEARCH'
11, 21453, 83.39848600174861, 83.39848600174861, 'SEARCH'
11, 21454, 83.41309347366168, 83.41309347366168, 'SEARCH'
11, 21455, 83.41031451502326, 83.41031451502326, 'SEARCH'
11, 21456, 83.4352222097025, 83.4352222097025, 'SEARCH'
11, 21457, 83.45934295792279, 83.45934295792279, 'SEARCH'
11, 21458, 83.47376361333473, 83.47376361333473, 'SEARCH'
11, 21459, 83.48900975516482, 83.48900975516482, 'SEARCH'
11, 21460, 83.48770253530243, 83.48770253530243, 'SEARCH'
11, 21461, 83.4835102728107, 83.4835102728107, 'SEARCH'
11, 21462, 83.50914316904695, 83.50914316904695, 'SEARCH'
11, 21463, 83.51756894936823, 83.51756894936823, 'SEARCH'
11, 21464, 83.52856788567479, 83.52856788567479, 'SEARCH'
11, 21465, 83.55472658057666, 83.55472658057666, 'SEARCH'
11, 21466, 83.55649677863195, 83.55649677863195, 'SEARCH'
11, 21467, 83.56430667070502, 83.56430667070502, 'SEARCH'
11, 21468, 83.56205249268945, 83.56205249268945, 'SEARCH'
11, 21469, 83.58866733823578, 83.58866733823578, 'SEARCH'
11, 21470, 83.59474275584463, 83.59474275584463, 'SEARCH'
11, 21471, 83.6054401506889, 83.6054401506889, 'SEARCH'
11, 21472, 83.62150507078856, 83.62150507078856, 'SEARCH'
11, 21473, 83.62505728499812, 83.62505728499812, 'SEARCH'
11, 21474, 83.63695631736725, 83.63695631736725, 'SEARCH'
11, 21475, 83.6571459777365, 83.6571459777365, 'SEARCH'
11, 21476, 83.65551472480576, 83.65551472480576, 'SEARCH'
11, 21477, 83.68120584220763, 83.68120584220763, 'SEARCH'
11, 21478, 83.70707866251767, 83.70707866251767, 'SEARCH'
11, 21479, 83.7038549352339, 83.7038549352339, 'SEARCH'
11, 21480, 83.72895743752116, 83.72895743752116, 'SEARCH'
11, 21481, 83.73217683233517, 83.73217683233517, 'SEARCH'
11, 21482, 83.72991407967734, 83.72991407967734, 'SEARCH'
11, 21483, 83.73740994250498, 83.73740994250498, 'SEARCH'
11, 21484, 83.74987890311574, 83.74987890311574, 'SEARCH'
11, 21485, 83.77765468068709, 83.77765468068709, 'SEARCH'
11, 21486, 83.8005986268906, 83.8005986268906, 'SEARCH'
11, 21487, 83.81290683371581, 83.81290683371581, 'SEARCH'
11, 21488, 83.83927725514101, 83.83927725514101, 'SEARCH'
11, 21489, 83.865263585815, 83.865263585815, 'SEARCH'
11, 21490, 83.86928097879318, 83.86928097879318, 'SEARCH'
11, 21491, 83.88738291609216, 83.88738291609216, 'SEARCH'
11, 21492, 83.89442286871689, 83.89442286871689, 'SEARCH'
11, 21493, 83.90901838295954, 83.90901838295954, 'SEARCH'
11, 21494, 83.926010118268, 83.926010118268, 'SEARCH'
11, 21495, 83.95372915832094, 83.95372915832094, 'SEARCH'
11, 21496, 83.97221733291241, 83.97221733291241, 'SEARCH'
11, 21497, 83.99982946375873, 83.99982946375873, 'SEARCH'
11, 21498, 84.02485046980291, 84.02485046980291, 'SEARCH'
11, 21499, 84.05253341923854, 84.05253341923854, 'SEARCH'
11, 21500, 84.05411544314657, 84.05411544314657, 'SEARCH'
11, 21501, 84.08189103948425, 84.08189103948425, 'SEARCH'
11, 21502, 84.10732247361778, 84.10732247361778, 'SEARCH'
11, 21503, 84.13465369893633, 84.13465369893633, 'SEARCH'
11, 21504, 84.13576053640257, 84.13576053640257, 'SEARCH'
11, 21505, 84.14120380576348, 84.14120380576348, 'SEARCH'
11, 21506, 84.16819326503949, 84.16819326503949, 'SEARCH'
11, 21507, 84.1932275022215, 84.1932275022215, 'SEARCH'
11, 21508, 84.22001727496719, 84.22001727496719, 'SEARCH'
11, 21509, 84.24589371879316, 84.24589371879316, 'SEARCH'
11, 21510, 84.27268506290282, 84.27268506290282, 'SEARCH'
11, 21511, 84.29042500098322, 84.29042500098322, 'SEARCH'
11, 21512, 84.298219431873, 84.298219431873, 'SEARCH'
11, 21513, 84.32580819514585, 84.32580819514585, 'SEARCH'
11, 21514, 84.35358555737594, 84.35358555737594, 'SEARCH'
11, 21515, 84.37277235280597, 84.37277235280597, 'SEARCH'
11, 21516, 84.3938314974347, 84.3938314974347, 'SEARCH'
11, 21517, 84.39975380106941, 84.39975380106941, 'SEARCH'
11, 21518, 84.4259662126282, 84.4259662126282, 'SEARCH'
11, 21519, 84.4391439808443, 84.4391439808443, 'SEARCH'
11, 21520, 84.4557310746267, 84.4557310746267, 'SEARCH'
11, 21521, 84.45010794526749, 84.45010794526749, 'SEARCH'
11, 21522, 84.44849068983017, 84.44849068983017, 'SEARCH'
11, 21523, 84.45813717239656, 84.45813717239656, 'SEARCH'
11, 21524, 84.48098456133035, 84.48098456133035, 'SEARCH'
11, 21525, 84.49199221645726, 84.49199221645726, 'SEARCH'
11, 21526, 84.51835584560419, 84.51835584560419, 'SEARCH'
11, 21527, 84.53983455765902, 84.53983455765902, 'SEARCH'
11, 21528, 84.55550540969928, 84.55550540969928, 'SEARCH'
11, 21529, 84.58075329676282, 84.58075329676282, 'SEARCH'
11, 21530, 84.5789914612805, 84.5789914612805, 'SEARCH'
11, 21531, 84.58728922654122, 84.58728922654122, 'SEARCH'
11, 21532, 84.61293337335, 84.61293337335, 'SEARCH'
11, 21533, 84.63063856227157, 84.63063856227157, 'SEARCH'
11, 21534, 84.65041332506664, 84.65041332506664, 'SEARCH'
11, 21535, 84.6591816017289, 84.6591816017289, 'SEARCH'
11, 21536, 84.68537955467836, 84.68537955467836, 'SEARCH'
11, 21537, 84.68848080956613, 84.68848080956613, 'SEARCH'
11, 21538, 84.71549930567944, 84.71549930567944, 'SEARCH'
11, 21539, 84.73494216442332, 84.73494216442332, 'SEARCH'
11, 21540, 84.75300664216816, 84.75300664216816, 'SEARCH'
11, 21541, 84.77619136272669, 84.77619136272669, 'SEARCH'
11, 21542, 84.80367040837795, 84.80367040837795, 'SEARCH'
11, 21543, 84.83131595297496, 84.83131595297496, 'SEARCH'
11, 21544, 84.83784387371854, 84.83784387371854, 'SEARCH'
11, 21545, 84.84614646325359, 84.84614646325359, 'SEARCH'
11, 21546, 84.84972765339236, 84.84972765339236, 'SEARCH'
11, 21547, 84.8720788087709, 84.8720788087709, 'SEARCH'
11, 21548, 84.87082525584297, 84.87082525584297, 'SEARCH'
11, 21549, 84.86916297944596, 84.86916297944596, 'SEARCH'
11, 21550, 84.89519629493078, 84.89519629493078, 'SEARCH'
11, 21551, 84.90257604763134, 84.90257604763134, 'SEARCH'
11, 21552, 84.92935347973184, 84.92935347973184, 'SEARCH'
11, 21553, 84.94772976818321, 84.94772976818321, 'SEARCH'
11, 21554, 84.97373659369404, 84.97373659369404, 'SEARCH'
11, 21555, 84.99991065377588, 84.99991065377588, 'SEARCH'
11, 21556, 85.00777241408066, 85.00777241408066, 'SEARCH'
11, 21557, 85.0065399736367, 85.0065399736367, 'SEARCH'
11, 21558, 85.0167321287205, 85.0167321287205, 'SEARCH'
11, 21559, 85.02693165444985, 85.02693165444985, 'SEARCH'
11, 21560, 85.05440012308061, 85.05440012308061, 'SEARCH'
11, 21561, 85.06505553065095, 85.06505553065095, 'SEARCH'
11, 21562, 85.07748147959438, 85.07748147959438, 'SEARCH'
11, 21563, 85.10412752568642, 85.10412752568642, 'SEARCH'
11, 21564, 85.12878777189461, 85.12878777189461, 'SEARCH'
11, 21565, 85.1564837880739, 85.1564837880739, 'SEARCH'
11, 21566, 85.18396392706748, 85.18396392706748, 'SEARCH'
11, 21567, 85.20473343240472, 85.20473343240472, 'SEARCH'
11, 21568, 85.21266800089313, 85.21266800089313, 'SEARCH'
11, 21569, 85.24031253464814, 85.24031253464814, 'SEARCH'
11, 21570, 85.23759549324286, 85.23759549324286, 'SEARCH'
11, 21571, 85.25868763347194, 85.25868763347194, 'SEARCH'
11, 21572, 85.27556484449688, 85.27556484449688, 'SEARCH'
11, 21573, 85.2743183106565, 85.2743183106565, 'SEARCH'
11, 21574, 85.28541898416871, 85.28541898416871, 'SEARCH'
11, 21575, 85.31050557125924, 85.31050557125924, 'SEARCH'
11, 21576, 85.33773331341622, 85.33773331341622, 'SEARCH'
11, 21577, 85.33850077853758, 85.33850077853758, 'SEARCH'
11, 21578, 85.34690019851877, 85.34690019851877, 'SEARCH'
11, 21579, 85.37199644417032, 85.37199644417032, 'SEARCH'
11, 21580, 85.36592486586606, 85.36592486586606, 'SEARCH'
11, 21581, 85.38363421409684, 85.38363421409684, 'SEARCH'
11, 21582, 85.40734957151383, 85.40734957151383, 'SEARCH'
11, 21583, 85.43339057511677, 85.43339057511677, 'SEARCH'
11, 21584, 85.45776999964315, 85.45776999964315, 'SEARCH'
11, 21585, 85.48549201331443, 85.48549201331443, 'SEARCH'
11, 21586, 85.50920953483369, 85.50920953483369, 'SEARCH'
11, 21587, 85.52872776896912, 85.52872776896912, 'SEARCH'
11, 21588, 85.52454839575059, 85.52454839575059, 'SEARCH'
11, 21589, 85.54794040366106, 85.54794040366106, 'SEARCH'
11, 21590, 85.57472436371276, 85.57472436371276, 'SEARCH'
11, 21591, 85.56864929574941, 85.56864929574941, 'SEARCH'
11, 21592, 85.57471626212366, 85.57471626212366, 'SEARCH'
11, 21593, 85.58079133051362, 85.58079133051362, 'SEARCH'
11, 21594, 85.58482522927436, 85.58482522927436, 'SEARCH'
11, 21595, 85.58694041542832, 85.58694041542832, 'SEARCH'
11, 21596, 85.58134749716459, 85.58134749716459, 'SEARCH'
11, 21597, 85.59506745029466, 85.59506745029466, 'SEARCH'
11, 21598, 85.5909070056648, 85.5909070056648, 'SEARCH'
11, 21599, 85.61075233190856, 85.61075233190856, 'SEARCH'
11, 21600, 85.60862577776095, 85.60862577776095, 'SEARCH'
11, 21601, 85.63540963227494, 85.63540963227494, 'SEARCH'
11, 21602, 85.66173157773004, 85.66173157773004, 'SEARCH'
11, 21603, 85.68919505648421, 85.68919505648421, 'SEARCH'
11, 21604, 85.71239205070545, 85.71239205070545, 'SEARCH'
11, 21605, 85.72205841323155, 85.72205841323155, 'SEARCH'
11, 21606, 85.73352488159885, 85.73352488159885, 'SEARCH'
11, 21607, 85.75916884980404, 85.75916884980404, 'SEARCH'
11, 21608, 85.76091212088102, 85.76091212088102, 'SEARCH'
11, 21609, 85.77421573208218, 85.77421573208218, 'SEARCH'
11, 21610, 85.77873763765191, 85.77873763765191, 'SEARCH'
11, 21611, 85.78278870903014, 85.78278870903014, 'SEARCH'
11, 21612, 85.7972624202178, 85.7972624202178, 'SEARCH'
11, 21613, 85.80837549407264, 85.80837549407264, 'SEARCH'
11, 21614, 85.83321335649138, 85.83321335649138, 'SEARCH'
11, 21615, 85.83974120800393, 85.83974120800393, 'SEARCH'
11, 21616, 85.8462771269217, 85.8462771269217, 'SEARCH'
11, 21617, 85.87388319470296, 85.87388319470296, 'SEARCH'
11, 21618, 85.90090797367814, 85.90090797367814, 'SEARCH'
11, 21619, 85.91936253244165, 85.91936253244165, 'SEARCH'
11, 21620, 85.94505306445318, 85.94505306445318, 'SEARCH'
11, 21621, 85.96771080034051, 85.96771080034051, 'SEARCH'
11, 21622, 85.99545852966234, 85.99545852966234, 'SEARCH'
11, 21623, 86.01428391604873, 86.01428391604873, 'SEARCH'
11, 21624, 86.01492447150896, 86.01492447150896, 'SEARCH'
11, 21625, 86.02738875187873, 86.02738875187873, 'SEARCH'
11, 21626, 86.05206748686385, 86.05206748686385, 'SEARCH'
11, 21627, 86.05560383177587, 86.05560383177587, 'SEARCH'
11, 21628, 86.06675515158751, 86.06675515158751, 'SEARCH'
11, 21629, 86.06160488072511, 86.06160488072511, 'SEARCH'
11, 21630, 86.06706317927967, 86.06706317927967, 'SEARCH'
11, 21631, 86.09357720178589, 86.09357720178589, 'SEARCH'
11, 21632, 86.1113046059134, 86.1113046059134, 'SEARCH'
11, 21633, 86.1257478292402, 86.1257478292402, 'SEARCH'
11, 21634, 86.14713359907368, 86.14713359907368, 'SEARCH'
11, 21635, 86.17491084565353, 86.17491084565353, 'SEARCH'
11, 21636, 86.17362820461877, 86.17362820461877, 'SEARCH'
11, 21637, 86.20117643765624, 86.20117643765624, 'SEARCH'
11, 21638, 86.22856261568029, 86.22856261568029, 'SEARCH'
11, 21639, 86.25633871438053, 86.25633871438053, 'SEARCH'
11, 21640, 86.27252085362205, 86.27252085362205, 'SEARCH'
11, 21641, 86.29327843919994, 86.29327843919994, 'SEARCH'
11, 21642, 86.32105565103424, 86.32105565103424, 'SEARCH'
11, 21643, 86.32378325831836, 86.32378325831836, 'SEARCH'
11, 21644, 86.35142595974757, 86.35142595974757, 'SEARCH'
11, 21645, 86.37915632093657, 86.37915632093657, 'SEARCH'
11, 21646, 86.39991122836082, 86.39991122836082, 'SEARCH'
11, 21647, 86.42355949254035, 86.42355949254035, 'SEARCH'
11, 21648, 86.4305773911283, 86.4305773911283, 'SEARCH'
11, 21649, 86.45236206860528, 86.45236206860528, 'SEARCH'
11, 21650, 86.46424945116524, 86.46424945116524, 'SEARCH'
11, 21651, 86.48377000010126, 86.48377000010126, 'SEARCH'
11, 21652, 86.50998032281704, 86.50998032281704, 'SEARCH'
11, 21653, 86.52984945365641, 86.52984945365641, 'SEARCH'
11, 21654, 86.55183389721593, 86.55183389721593, 'SEARCH'
11, 21655, 86.55054008987726, 86.55054008987726, 'SEARCH'
11, 21656, 86.55850006109014, 86.55850006109014, 'SEARCH'
11, 21657, 86.58170870787751, 86.58170870787751, 'SEARCH'
11, 21658, 86.60792210626275, 86.60792210626275, 'SEARCH'
11, 21659, 86.60776989378196, 86.60776989378196, 'SEARCH'
11, 21660, 86.61556451554955, 86.61556451554955, 'SEARCH'
11, 21661, 86.63978556990996, 86.63978556990996, 'SEARCH'
11, 21662, 86.65932303430688, 86.65932303430688, 'SEARCH'
11, 21663, 86.67433353278241, 86.67433353278241, 'SEARCH'
11, 21664, 86.67468482578097, 86.67468482578097, 'SEARCH'
11, 21665, 86.69649684436777, 86.69649684436777, 'SEARCH'
11, 21666, 86.71292064549694, 86.71292064549694, 'SEARCH'
11, 21667, 86.74067681815814, 86.74067681815814, 'SEARCH'
11, 21668, 86.76843302015624, 86.76843302015624, 'SEARCH'
11, 21669, 86.78028516033496, 86.78028516033496, 'SEARCH'
11, 21670, 86.8035093699973, 86.8035093699973, 'SEARCH'
11, 21671, 86.8019287330896, 86.8019287330896, 'SEARCH'
11, 21672, 86.79987280780732, 86.79987280780732, 'SEARCH'
11, 21673, 86.81366626311272, 86.81366626311272, 'SEARCH'
11, 21674, 86.83068711703629, 86.83068711703629, 'SEARCH'
11, 21675, 86.83397761217005, 86.83397761217005, 'SEARCH'
11, 21676, 86.86159399848434, 86.86159399848434, 'SEARCH'
11, 21677, 86.87759671456395, 86.87759671456395, 'SEARCH'
11, 21678, 86.90301039136538, 86.90301039136538, 'SEARCH'
11, 21679, 86.90840425339934, 86.90840425339934, 'SEARCH'
11, 21680, 86.92004958681237, 86.92004958681237, 'SEARCH'
11, 21681, 86.93797805156463, 86.93797805156463, 'SEARCH'
11, 21682, 86.96094966750044, 86.96094966750044, 'SEARCH'
11, 21683, 86.98832209358318, 86.98832209358318, 'SEARCH'
11, 21684, 87.0124271626863, 87.0124271626863, 'SEARCH'
11, 21685, 87.01782730936965, 87.01782730936965, 'SEARCH'
11, 21686, 87.04559179046014, 87.04559179046014, 'SEARCH'
11, 21687, 87.06298731749254, 87.06298731749254, 'SEARCH'
11, 21688, 87.05874370833425, 87.05874370833425, 'SEARCH'
11, 21689, 87.06813936553942, 87.06813936553942, 'SEARCH'
11, 21690, 87.07018013816013, 87.07018013816013, 'SEARCH'
11, 21691, 87.09579321886866, 87.09579321886866, 'SEARCH'
11, 21692, 87.12259455129058, 87.12259455129058, 'SEARCH'
11, 21693, 87.14126470199591, 87.14126470199591, 'SEARCH'
11, 21694, 87.13920911667698, 87.13920911667698, 'SEARCH'
11, 21695, 87.14582267705616, 87.14582267705616, 'SEARCH'
11, 21696, 87.15477041569429, 87.15477041569429, 'SEARCH'
11, 21697, 87.1764162302618, 87.1764162302618, 'SEARCH'
11, 21698, 87.18937042924526, 87.18937042924526, 'SEARCH'
11, 21699, 87.197578176411, 87.197578176411, 'SEARCH'
11, 21700, 87.19142541803214, 87.19142541803214, 'SEARCH'
11, 21701, 87.21765485315721, 87.21765485315721, 'SEARCH'
11, 21702, 87.23467480440654, 87.23467480440654, 'SEARCH'
11, 21703, 87.2568008748409, 87.2568008748409, 'SEARCH'
11, 21704, 87.26027648420698, 87.26027648420698, 'SEARCH'
11, 21705, 87.28606870095206, 87.28606870095206, 'SEARCH'
11, 21706, 87.3112869807798, 87.3112869807798, 'SEARCH'
11, 21707, 87.3357635872381, 87.3357635872381, 'SEARCH'
11, 21708, 87.33952937187898, 87.33952937187898, 'SEARCH'
11, 21709, 87.33962190218566, 87.33962190218566, 'SEARCH'
11, 21710, 87.36699505014849, 87.36699505014849, 'SEARCH'
11, 21711, 87.39471210170541, 87.39471210170541, 'SEARCH'
11, 21712, 87.42248969106278, 87.42248969106278, 'SEARCH'
11, 21713, 87.45019251173812, 87.45019251173812, 'SEARCH'
11, 21714, 87.44546826442473, 87.44546826442473, 'SEARCH'
11, 21715, 87.46188397584251, 87.46188397584251, 'SEARCH'
11, 21716, 87.4848477053517, 87.4848477053517, 'SEARCH'
11, 21717, 87.50666846478846, 87.50666846478846, 'SEARCH'
11, 21718, 87.51581144043956, 87.51581144043956, 'SEARCH'
11, 21719, 87.52404106138498, 87.52404106138498, 'SEARCH'
11, 21720, 87.54895415352456, 87.54895415352456, 'SEARCH'
11, 21721, 87.56398465989082, 87.56398465989082, 'SEARCH'
11, 21722, 87.55831663660923, 87.55831663660923, 'SEARCH'
11, 21723, 87.56972272211131, 87.56972272211131, 'SEARCH'
11, 21724, 87.59670554855883, 87.59670554855883, 'SEARCH'
11, 21725, 87.62447657818066, 87.62447657818066, 'SEARCH'
11, 21726, 87.63610085453426, 87.63610085453426, 'SEARCH'
11, 21727, 87.66283509403429, 87.66283509403429, 'SEARCH'
11, 21728, 87.68151167351684, 87.68151167351684, 'SEARCH'
11, 21729, 87.6881084950926, 87.6881084950926, 'SEARCH'
11, 21730, 87.71408350134821, 87.71408350134821, 'SEARCH'
11, 21731, 87.72068596021832, 87.72068596021832, 'SEARCH'
11, 21732, 87.73119606439035, 87.73119606439035, 'SEARCH'
11, 21733, 87.73850178822251, 87.73850178822251, 'SEARCH'
11, 21734, 87.76000795678834, 87.76000795678834, 'SEARCH'
11, 21735, 87.78562531115277, 87.78562531115277, 'SEARCH'
11, 21736, 87.81229205734293, 87.81229205734293, 'SEARCH'
11, 21737, 87.8271162473112, 87.8271162473112, 'SEARCH'
11, 21738, 87.83396249361529, 87.83396249361529, 'SEARCH'
11, 21739, 87.85171146361598, 87.85171146361598, 'SEARCH'
11, 21740, 87.87923690225445, 87.87923690225445, 'SEARCH'
11, 21741, 87.89466022370361, 87.89466022370361, 'SEARCH'
11, 21742, 87.92088372133276, 87.92088372133276, 'SEARCH'
11, 21743, 87.92076212826076, 87.92076212826076, 'SEARCH'
11, 21744, 87.93815532466513, 87.93815532466513, 'SEARCH'
11, 21745, 87.96460611012284, 87.96460611012284, 'SEARCH'
11, 21746, 87.98397985690141, 87.98397985690141, 'SEARCH'
11, 21747, 87.99152670805036, 87.99152670805036, 'SEARCH'
11, 21748, 88.01377445549802, 88.01377445549802, 'SEARCH'
11, 21749, 88.03631192447673, 88.03631192447673, 'SEARCH'
11, 21750, 88.04149902362285, 88.04149902362285, 'SEARCH'
11, 21751, 88.03821963704007, 88.03821963704007, 'SEARCH'
11, 21752, 88.04917930651823, 88.04917930651823, 'SEARCH'
11, 21753, 88.07488805696124, 88.07488805696124, 'SEARCH'
11, 21754, 88.1000125758612, 88.1000125758612, 'SEARCH'
11, 21755, 88.12283275939878, 88.12283275939878, 'SEARCH'
11, 21756, 88.14289754821222, 88.14289754821222, 'SEARCH'
11, 21757, 88.16969603248437, 88.16969603248437, 'SEARCH'
11, 21758, 88.17344016611918, 88.17344016611918, 'SEARCH'
11, 21759, 88.17932724523281, 88.17932724523281, 'SEARCH'
11, 21760, 88.17823521645052, 88.17823521645052, 'SEARCH'
11, 21761, 88.20476567193023, 88.20476567193023, 'SEARCH'
11, 21762, 88.20633035469776, 88.20633035469776, 'SEARCH'
11, 21763, 88.20741940549665, 88.20741940549665, 'SEARCH'
11, 21764, 88.2331261571747, 88.2331261571747, 'SEARCH'
11, 21765, 88.254791791111, 88.254791791111, 'SEARCH'
11, 21766, 88.27043235404442, 88.27043235404442, 'SEARCH'
11, 21767, 88.2968080212724, 88.2968080212724, 'SEARCH'
11, 21768, 88.32384348807653, 88.32384348807653, 'SEARCH'
11, 21769, 88.347068169526, 88.347068169526, 'SEARCH'
11, 21770, 88.3720896931417, 88.3720896931417, 'SEARCH'
11, 21771, 88.39504584879958, 88.39504584879958, 'SEARCH'
11, 21772, 88.3968595465966, 88.3968595465966, 'SEARCH'
11, 21773, 88.39868192285823, 88.39868192285823, 'SEARCH'
11, 21774, 88.42634447855967, 88.42634447855967, 'SEARCH'
11, 21775, 88.45287741531413, 88.45287741531413, 'SEARCH'
11, 21776, 88.46872587190309, 88.46872587190309, 'SEARCH'
11, 21777, 88.47506733402099, 88.47506733402099, 'SEARCH'
11, 21778, 88.50277002191359, 88.50277002191359, 'SEARCH'
11, 21779, 88.51674767750822, 88.51674767750822, 'SEARCH'
11, 21780, 88.53073164534416, 88.53073164534416, 'SEARCH'
11, 21781, 88.55298631192811, 88.55298631192811, 'SEARCH'
11, 21782, 88.578962604946, 88.578962604946, 'SEARCH'
11, 21783, 88.58858032872602, 88.58858032872602, 'SEARCH'
11, 21784, 88.61635124051169, 88.61635124051169, 'SEARCH'
11, 21785, 88.6380215811202, 88.6380215811202, 'SEARCH'
11, 21786, 88.64175146114204, 88.64175146114204, 'SEARCH'
11, 21787, 88.66598382695197, 88.66598382695197, 'SEARCH'
11, 21788, 88.6742237790533, 88.6742237790533, 'SEARCH'
11, 21789, 88.67484075786079, 88.67484075786079, 'SEARCH'
11, 21790, 88.69664290464397, 88.69664290464397, 'SEARCH'
11, 21791, 88.71496858293845, 88.71496858293845, 'SEARCH'
11, 21792, 88.73308543679276, 88.73308543679276, 'SEARCH'
11, 21793, 88.75720871220851, 88.75720871220851, 'SEARCH'
11, 21794, 88.77285652531398, 88.77285652531398, 'SEARCH'
11, 21795, 88.77943527357421, 88.77943527357421, 'SEARCH'
11, 21796, 88.80379636932709, 88.80379636932709, 'SEARCH'
11, 21797, 88.81496584606181, 88.81496584606181, 'SEARCH'
11, 21798, 88.82638512166484, 88.82638512166484, 'SEARCH'
11, 21799, 88.84578195008547, 88.84578195008547, 'SEARCH'
11, 21800, 88.84254202841132, 88.84254202841132, 'SEARCH'
11, 21801, 88.86714078479547, 88.86714078479547, 'SEARCH'
11, 21802, 88.8936579432347, 88.8936579432347, 'SEARCH'
11, 21803, 88.90099774656605, 88.90099774656605, 'SEARCH'
11, 21804, 88.92175012118837, 88.92175012118837, 'SEARCH'
11, 21805, 88.92240451062963, 88.92240451062963, 'SEARCH'
11, 21806, 88.94654945842417, 88.94654945842417, 'SEARCH'
11, 21807, 88.95495966413979, 88.95495966413979, 'SEARCH'
11, 21808, 88.96184830315042, 88.96184830315042, 'SEARCH'
11, 21809, 88.97641340434879, 88.97641340434879, 'SEARCH'
11, 21810, 89.00302794784982, 89.00302794784982, 'SEARCH'
11, 21811, 89.03023490604241, 89.03023490604241, 'SEARCH'
11, 21812, 89.03712761739786, 89.03712761739786, 'SEARCH'
11, 21813, 89.05127407528371, 89.05127407528371, 'SEARCH'
11, 21814, 89.06861593734732, 89.06861593734732, 'SEARCH'
11, 21815, 89.07169014701832, 89.07169014701832, 'SEARCH'
11, 21816, 89.09076600625791, 89.09076600625791, 'SEARCH'
11, 21817, 89.11806837825922, 89.11806837825922, 'SEARCH'
11, 21818, 89.11642728560577, 89.11642728560577, 'SEARCH'
11, 21819, 89.14086911810698, 89.14086911810698, 'SEARCH'
11, 21820, 89.1670762376251, 89.1670762376251, 'SEARCH'
11, 21821, 89.19152177806623, 89.19152177806623, 'SEARCH'
11, 21822, 89.21920787200447, 89.21920787200447, 'SEARCH'
11, 21823, 89.21710376969803, 89.21710376969803, 'SEARCH'
11, 21824, 89.23408057693688, 89.23408057693688, 'SEARCH'
11, 21825, 89.24682574028601, 89.24682574028601, 'SEARCH'
11, 21826, 89.25101446146758, 89.25101446146758, 'SEARCH'
11, 21827, 89.25280265145875, 89.25280265145875, 'SEARCH'
11, 21828, 89.27385906966958, 89.27385906966958, 'SEARCH'
11, 21829, 89.27449028314247, 89.27449028314247, 'SEARCH'
11, 21830, 89.30226068769855, 89.30226068769855, 'SEARCH'
11, 21831, 89.33003110637264, 89.33003110637264, 'SEARCH'
11, 21832, 89.3419098859638, 89.3419098859638, 'SEARCH'
11, 21833, 89.36735151018878, 89.36735151018878, 'SEARCH'
11, 21834, 89.37790996478702, 89.37790996478702, 'SEARCH'
11, 21835, 89.38802583419817, 89.38802583419817, 'SEARCH'
11, 21836, 89.41142027897617, 89.41142027897617, 'SEARCH'
11, 21837, 89.4295038751347, 89.4295038751347, 'SEARCH'
11, 21838, 89.4537118853699, 89.4537118853699, 'SEARCH'
11, 21839, 89.47860174669688, 89.47860174669688, 'SEARCH'
11, 21840, 89.50551291166713, 89.50551291166713, 'SEARCH'
11, 21841, 89.50277535163072, 89.50277535163072, 'SEARCH'
11, 21842, 89.53007574700744, 89.53007574700744, 'SEARCH'
11, 21843, 89.54914913350909, 89.54914913350909, 'SEARCH'
11, 21844, 89.56891997419278, 89.56891997419278, 'SEARCH'
11, 21845, 89.56476126220754, 89.56476126220754, 'SEARCH'
11, 21846, 89.57490022792366, 89.57490022792366, 'SEARCH'
11, 21847, 89.59860381523652, 89.59860381523652, 'SEARCH'
11, 21848, 89.60874568844227, 89.60874568844227, 'SEARCH'
11, 21849, 89.61281832910652, 89.61281832910652, 'SEARCH'
11, 21850, 89.61502255369433, 89.61502255369433, 'SEARCH'
11, 21851, 89.63893957612828, 89.63893957612828, 'SEARCH'
11, 21852, 89.64012169708815, 89.64012169708815, 'SEARCH'
11, 21853, 89.66540700348277, 89.66540700348277, 'SEARCH'
11, 21854, 89.69241148517187, 89.69241148517187, 'SEARCH'
11, 21855, 89.7016621307218, 89.7016621307218, 'SEARCH'
11, 21856, 89.70043559423195, 89.70043559423195, 'SEARCH'
11, 21857, 89.70785303197592, 89.70785303197592, 'SEARCH'
11, 21858, 89.70231731472369, 89.70231731472369, 'SEARCH'
11, 21859, 89.71068079097171, 89.71068079097171, 'SEARCH'
11, 21860, 89.7252111336169, 89.7252111336169, 'SEARCH'
11, 21861, 89.74937453603644, 89.74937453603644, 'SEARCH'
11, 21862, 89.76047106098464, 89.76047106098464, 'SEARCH'
11, 21863, 89.77811679428997, 89.77811679428997, 'SEARCH'
11, 21864, 89.805807138475, 89.805807138475, 'SEARCH'
11, 21865, 89.80364944805689, 89.80364944805689, 'SEARCH'
11, 21866, 89.82756803040041, 89.82756803040041, 'SEARCH'
11, 21867, 89.8543286327734, 89.8543286327734, 'SEARCH'
11, 21868, 89.86967945735, 89.86967945735, 'SEARCH'
11, 21869, 89.87043682301186, 89.87043682301186, 'SEARCH'
11, 21870, 89.89820607719096, 89.89820607719096, 'SEARCH'
11, 21871, 89.91903616550925, 89.91903616550925, 'SEARCH'
11, 21872, 89.92880580113606, 89.92880580113606, 'SEARCH'
11, 21873, 89.94458265524388, 89.94458265524388, 'SEARCH'
11, 21874, 89.96983453959069, 89.96983453959069, 'SEARCH'
11, 21875, 89.97002126160879, 89.97002126160879, 'SEARCH'
11, 21876, 89.9774896666971, 89.9774896666971, 'SEARCH'
11, 21877, 89.99665067062931, 89.99665067062931, 'SEARCH'
11, 21878, 89.99598492537066, 89.99598492537066, 'SEARCH'
11, 21879, 90.0233700618748, 90.0233700618748, 'SEARCH'
11, 21880, 90.03406334447855, 90.03406334447855, 'SEARCH'
11, 21881, 90.0557547783892, 90.0557547783892, 'SEARCH'
11, 21882, 90.07832800122885, 90.07832800122885, 'SEARCH'
11, 21883, 90.10591976431999, 90.10591976431999, 'SEARCH'
11, 21884, 90.13312710415886, 90.13312710415886, 'SEARCH'
11, 21885, 90.13379261110423, 90.13379261110423, 'SEARCH'
11, 21886, 90.13107770060176, 90.13107770060176, 'SEARCH'
11, 21887, 90.15248371006508, 90.15248371006508, 'SEARCH'
11, 21888, 90.17424649085835, 90.17424649085835, 'SEARCH'
11, 21889, 90.18667958097306, 90.18667958097306, 'SEARCH'
11, 21890, 90.21398287094165, 90.21398287094165, 'SEARCH'
11, 21891, 90.24152936355206, 90.24152936355206, 'SEARCH'
11, 21892, 90.26702307542932, 90.26702307542932, 'SEARCH'
11, 21893, 90.27107647120059, 90.27107647120059, 'SEARCH'
11, 21894, 90.29690518788333, 90.29690518788333, 'SEARCH'
11, 21895, 90.32178253772808, 90.32178253772808, 'SEARCH'
11, 21896, 90.32206909623466, 90.32206909623466, 'SEARCH'
11, 21897, 90.33184674124298, 90.33184674124298, 'SEARCH'
11, 21898, 90.32828172562907, 90.32828172562907, 'SEARCH'
11, 21899, 90.35548779633291, 90.35548779633291, 'SEARCH'
11, 21900, 90.35241077090691, 90.35241077090691, 'SEARCH'
11, 21901, 90.35897002878592, 90.35897002878592, 'SEARCH'
11, 21902, 90.37085156448755, 90.37085156448755, 'SEARCH'
11, 21903, 90.38883303547892, 90.38883303547892, 'SEARCH'
11, 21904, 90.41615837012316, 90.41615837012316, 'SEARCH'
11, 21905, 90.44368909486666, 90.44368909486666, 'SEARCH'
11, 21906, 90.4464209983031, 90.4464209983031, 'SEARCH'
11, 21907, 90.44096011502309, 90.44096011502309, 'SEARCH'
11, 21908, 90.4532761580312, 90.4532761580312, 'SEARCH'
11, 21909, 90.46785758897468, 90.46785758897468, 'SEARCH'
11, 21910, 90.47811881274266, 90.47811881274266, 'SEARCH'
11, 21911, 90.50486081951148, 90.50486081951148, 'SEARCH'
11, 21912, 90.50598044640532, 90.50598044640532, 'SEARCH'
11, 21913, 90.53339087616074, 90.53339087616074, 'SEARCH'
11, 21914, 90.52841166719429, 90.52841166719429, 'SEARCH'
11, 21915, 90.53260954447279, 90.53260954447279, 'SEARCH'
11, 21916, 90.54269529452782, 90.54269529452782, 'SEARCH'
11, 21917, 90.54109276423117, 90.54109276423117, 'SEARCH'
11, 21918, 90.5490801544289, 90.5490801544289, 'SEARCH'
11, 21919, 90.57431071754142, 90.57431071754142, 'SEARCH'
11, 21920, 90.59404827885156, 90.59404827885156, 'SEARCH'
11, 21921, 90.5980549698788, 90.5980549698788, 'SEARCH'
11, 21922, 90.59645034157357, 90.59645034157357, 'SEARCH'
11, 21923, 90.5929240273106, 90.5929240273106, 'SEARCH'
11, 21924, 90.5961769713572, 90.5961769713572, 'SEARCH'
11, 21925, 90.62342037199811, 90.62342037199811, 'SEARCH'
11, 21926, 90.63844587862656, 90.63844587862656, 'SEARCH'
11, 21927, 90.64480724528288, 90.64480724528288, 'SEARCH'
11, 21928, 90.644931756575, 90.644931756575, 'SEARCH'
11, 21929, 90.64988666822481, 90.64988666822481, 'SEARCH'
11, 21930, 90.66553755248825, 90.66553755248825, 'SEARCH'
11, 21931, 90.68927023106251, 90.68927023106251, 'SEARCH'
11, 21932, 90.71558165160161, 90.71558165160161, 'SEARCH'
11, 21933, 90.72745566576829, 90.72745566576829, 'SEARCH'
11, 21934, 90.72487836267813, 90.72487836267813, 'SEARCH'
11, 21935, 90.75253714374924, 90.75253714374924, 'SEARCH'
11, 21936, 90.77158918978452, 90.77158918978452, 'SEARCH'
11, 21937, 90.76757052945896, 90.76757052945896, 'SEARCH'
11, 21938, 90.77555279766626, 90.77555279766626, 'SEARCH'
11, 21939, 90.8014361914206, 90.8014361914206, 'SEARCH'
11, 21940, 90.82810064674347, 90.82810064674347, 'SEARCH'
11, 21941, 90.84865508124115, 90.84865508124115, 'SEARCH'
11, 21942, 90.85549744518624, 90.85549744518624, 'SEARCH'
11, 21943, 90.88164584242196, 90.88164584242196, 'SEARCH'
11, 21944, 90.90172328229824, 90.90172328229824, 'SEARCH'
11, 21945, 90.91968908013203, 90.91968908013203, 'SEARCH'
11, 21946, 90.91741928020895, 90.91741928020895, 'SEARCH'
11, 21947, 90.94224196916373, 90.94224196916373, 'SEARCH'
11, 21948, 90.94912196969732, 90.94912196969732, 'SEARCH'
11, 21949, 90.95472724799787, 90.95472724799787, 'SEARCH'
11, 21950, 90.98147398065626, 90.98147398065626, 'SEARCH'
11, 21951, 91.00808657861985, 91.00808657861985, 'SEARCH'
11, 21952, 91.00922661142081, 91.00922661142081, 'SEARCH'
11, 21953, 91.02966411517905, 91.02966411517905, 'SEARCH'
11, 21954, 91.05677119114635, 91.05677119114635, 'SEARCH'
11, 21955, 91.08165455023588, 91.08165455023588, 'SEARCH'
11, 21956, 91.10451421185101, 91.10451421185101, 'SEARCH'
11, 21957, 91.12598145771241, 91.12598145771241, 'SEARCH'
11, 21958, 91.13146289835717, 91.13146289835717, 'SEARCH'
11, 21959, 91.1393990267433, 91.1393990267433, 'SEARCH'
11, 21960, 91.16639586223123, 91.16639586223123, 'SEARCH'
11, 21961, 91.17340395226671, 91.17340395226671, 'SEARCH'
11, 21962, 91.19605505343307, 91.19605505343307, 'SEARCH'
11, 21963, 91.19394376431495, 91.19394376431495, 'SEARCH'
11, 21964, 91.19716510255579, 91.19716510255579, 'SEARCH'
11, 21965, 91.21703792991518, 91.21703792991518, 'SEARCH'
11, 21966, 91.22200934167779, 91.22200934167779, 'SEARCH'
11, 21967, 91.24861944445506, 91.24861944445506, 'SEARCH'
11, 21968, 91.26050549094028, 91.26050549094028, 'SEARCH'
11, 21969, 91.28581200620366, 91.28581200620366, 'SEARCH'
11, 21970, 91.28888154631213, 91.28888154631213, 'SEARCH'
11, 21971, 91.31371109328933, 91.31371109328933, 'SEARCH'
11, 21972, 91.33636143711833, 91.33636143711833, 'SEARCH'
11, 21973, 91.36297620241838, 91.36297620241838, 'SEARCH'
11, 21974, 91.38976077452337, 91.38976077452337, 'SEARCH'
11, 21975, 91.39618104794225, 91.39618104794225, 'SEARCH'
11, 21976, 91.42317789235719, 91.42317789235719, 'SEARCH'
11, 21977, 91.43295719079914, 91.43295719079914, 'SEARCH'
11, 21978, 91.43313649750084, 91.43313649750084, 'SEARCH'
11, 21979, 91.45978569222243, 91.45978569222243, 'SEARCH'
11, 21980, 91.48751503745126, 91.48751503745126, 'SEARCH'
11, 21981, 91.51524439196696, 91.51524439196696, 'SEARCH'
11, 21982, 91.51167477747929, 91.51167477747929, 'SEARCH'
11, 21983, 91.5235742000519, 91.5235742000519, 'SEARCH'
11, 21984, 91.55070587170158, 91.55070587170158, 'SEARCH'
11, 21985, 91.5612815840705, 91.5612815840705, 'SEARCH'
11, 21986, 91.5880355948457, 91.5880355948457, 'SEARCH'
11, 21987, 91.59209435860953, 91.59209435860953, 'SEARCH'
11, 21988, 91.61718276252508, 91.61718276252508, 'SEARCH'
11, 21989, 91.62456545335378, 91.62456545335378, 'SEARCH'
11, 21990, 91.64150191744659, 91.64150191744659, 'SEARCH'
11, 21991, 91.65799240719991, 91.65799240719991, 'SEARCH'
11, 21992, 91.65965550759982, 91.65965550759982, 'SEARCH'
11, 21993, 91.66426355676087, 91.66426355676087, 'SEARCH'
11, 21994, 91.69185907047752, 91.69185907047752, 'SEARCH'
11, 21995, 91.69110080095979, 91.69110080095979, 'SEARCH'
11, 21996, 91.71886963043681, 91.71886963043681, 'SEARCH'
11, 21997, 91.71812052982843, 91.71812052982843, 'SEARCH'
11, 21998, 91.73463297033089, 91.73463297033089, 'SEARCH'
11, 21999, 91.75477850071081, 91.75477850071081, 'SEARCH'
11, 22000, 91.77459174671834, 91.77459174671834, 'SEARCH'
11, 22001, 91.78610403123032, 91.78610403123032, 'SEARCH'
11, 22002, 91.81332424139624, 91.81332424139624, 'SEARCH'
11, 22003, 91.81259529027298, 91.81259529027298, 'SEARCH'
11, 22004, 91.83172148195376, 91.83172148195376, 'SEARCH'
11, 22005, 91.85514147354911, 91.85514147354911, 'SEARCH'
11, 22006, 91.856343615425, 91.856343615425, 'SEARCH'
11, 22007, 91.87746632642653, 91.87746632642653, 'SEARCH'
11, 22008, 91.88720055991047, 91.88720055991047, 'SEARCH'
11, 22009, 91.9108770178309, 91.9108770178309, 'SEARCH'
11, 22010, 91.92149704665246, 91.92149704665246, 'SEARCH'
11, 22011, 91.92512011385885, 91.92512011385885, 'SEARCH'
11, 22012, 91.95266106271396, 91.95266106271396, 'SEARCH'
11, 22013, 91.97555743806262, 91.97555743806262, 'SEARCH'
11, 22014, 91.97194344436886, 91.97194344436886, 'SEARCH'
11, 22015, 91.99933681491267, 91.99933681491267, 'SEARCH'
11, 22016, 92.02460563966817, 92.02460563966817, 'SEARCH'
11, 22017, 92.03154624969963, 92.03154624969963, 'SEARCH'
11, 22018, 92.02985643403531, 92.02985643403531, 'SEARCH'
11, 22019, 92.05634403924007, 92.05634403924007, 'SEARCH'
11, 22020, 92.06422189057118, 92.06422189057118, 'SEARCH'
11, 22021, 92.06108048565629, 92.06108048565629, 'SEARCH'
11, 22022, 92.08872920781288, 92.08872920781288, 'SEARCH'
11, 22023, 92.11162779617707, 92.11162779617707, 'SEARCH'
11, 22024, 92.12227244227621, 92.12227244227621, 'SEARCH'
11, 22025, 92.14490068079175, 92.14490068079175, 'SEARCH'
11, 22026, 92.16332845130162, 92.16332845130162, 'SEARCH'
11, 22027, 92.179091174885, 92.179091174885, 'SEARCH'
11, 22028, 92.19679296210064, 92.19679296210064, 'SEARCH'
11, 22029, 92.2188003971421, 92.2188003971421, 'SEARCH'
11, 22030, 92.24198794858184, 92.24198794858184, 'SEARCH'
11, 22031, 92.2479529746467, 92.2479529746467, 'SEARCH'
11, 22032, 92.25588002464941, 92.25588002464941, 'SEARCH'
11, 22033, 92.26464854312177, 92.26464854312177, 'SEARCH'
11, 22034, 92.26396061275346, 92.26396061275346, 'SEARCH'
11, 22035, 92.26512399016008, 92.26512399016008, 'SEARCH'
11, 22036, 92.28238535351437, 92.28238535351437, 'SEARCH'
11, 22037, 92.2850160238668, 92.2850160238668, 'SEARCH'
11, 22038, 92.28813793374151, 92.28813793374151, 'SEARCH'
11, 22039, 92.29601412051157, 92.29601412051157, 'SEARCH'
11, 22040, 92.31681522496287, 92.31681522496287, 'SEARCH'
11, 22041, 92.31947906298039, 92.31947906298039, 'SEARCH'
11, 22042, 92.3291971600202, 92.3291971600202, 'SEARCH'
11, 22043, 92.35651019222783, 92.35651019222783, 'SEARCH'
11, 22044, 92.37854521485937, 92.37854521485937, 'SEARCH'
11, 22045, 92.40170926380243, 92.40170926380243, 'SEARCH'
11, 22046, 92.40818831781334, 92.40818831781334, 'SEARCH'
11, 22047, 92.43519783481067, 92.43519783481067, 'SEARCH'
11, 22048, 92.43834386811899, 92.43834386811899, 'SEARCH'
11, 22049, 92.46565457020405, 92.46565457020405, 'SEARCH'
11, 22050, 92.47974481489612, 92.47974481489612, 'SEARCH'
11, 22051, 92.50521803399053, 92.50521803399053, 'SEARCH'
11, 22052, 92.52754833380914, 92.52754833380914, 'SEARCH'
11, 22053, 92.52923745121701, 92.52923745121701, 'SEARCH'
11, 22054, 92.55624715784823, 92.55624715784823, 'SEARCH'
11, 22055, 92.56864091972085, 92.56864091972085, 'SEARCH'
11, 22056, 92.59232155854879, 92.59232155854879, 'SEARCH'
11, 22057, 92.61493461034593, 92.61493461034593, 'SEARCH'
11, 22058, 92.63106244698076, 92.63106244698076, 'SEARCH'
11, 22059, 92.64431355286838, 92.64431355286838, 'SEARCH'
11, 22060, 92.67191327491436, 92.67191327491436, 'SEARCH'
11, 22061, 92.69334354806138, 92.69334354806138, 'SEARCH'
11, 22062, 92.69696965341221, 92.69696965341221, 'SEARCH'
11, 22063, 92.72039209314704, 92.72039209314704, 'SEARCH'
11, 22064, 92.74087534066065, 92.74087534066065, 'SEARCH'
11, 22065, 92.76827403985133, 92.76827403985133, 'SEARCH'
11, 22066, 92.77044021119849, 92.77044021119849, 'SEARCH'
11, 22067, 92.79662329312, 92.79662329312, 'SEARCH'
11, 22068, 92.81609190479035, 92.81609190479035, 'SEARCH'
11, 22069, 92.82804628892042, 92.82804628892042, 'SEARCH'
11, 22070, 92.85037343712312, 92.85037343712312, 'SEARCH'
11, 22071, 92.85964717821874, 92.85964717821874, 'SEARCH'
11, 22072, 92.88729612161248, 92.88729612161248, 'SEARCH'
11, 22073, 92.91236421923065, 92.91236421923065, 'SEARCH'
11, 22074, 92.940056706352, 92.940056706352, 'SEARCH'
11, 22075, 92.96533148189796, 92.96533148189796, 'SEARCH'
11, 22076, 92.96654361108553, 92.96654361108553, 'SEARCH'
11, 22077, 92.97254643162039, 92.97254643162039, 'SEARCH'
11, 22078, 92.99931378815343, 92.99931378815343, 'SEARCH'
11, 22079, 93.02274011829891, 93.02274011829891, 'SEARCH'
11, 22080, 93.03246591124474, 93.03246591124474, 'SEARCH'
11, 22081, 93.03847188085444, 93.03847188085444, 'SEARCH'
11, 22082, 93.05420334753622, 93.05420334753622, 'SEARCH'
11, 22083, 93.06746242590428, 93.06746242590428, 'SEARCH'
11, 22084, 93.08549233082547, 93.08549233082547, 'SEARCH'
11, 22085, 93.11271109527802, 93.11271109527802, 'SEARCH'
11, 22086, 93.137780578699, 93.137780578699, 'SEARCH'
11, 22087, 93.16547286955607, 93.16547286955607, 'SEARCH'
11, 22088, 93.19236659556132, 93.19236659556132, 'SEARCH'
11, 22089, 93.20728683662887, 93.20728683662887, 'SEARCH'
11, 22090, 93.23146432256121, 93.23146432256121, 'SEARCH'
11, 22091, 93.2556438652356, 93.2556438652356, 'SEARCH'
11, 22092, 93.26023864343966, 93.26023864343966, 'SEARCH'
11, 22093, 93.28735380004184, 93.28735380004184, 'SEARCH'
11, 22094, 93.31079040807562, 93.31079040807562, 'SEARCH'
11, 22095, 93.31202352742343, 93.31202352742343, 'SEARCH'
11, 22096, 93.33941527145348, 93.33941527145348, 'SEARCH'
11, 22097, 93.36020053469535, 93.36020053469535, 'SEARCH'
11, 22098, 93.3585270495251, 93.3585270495251, 'SEARCH'
11, 22099, 93.38401351020627, 93.38401351020627, 'SEARCH'
11, 22100, 93.41141606579588, 93.41141606579588, 'SEARCH'
11, 22101, 93.41793565146706, 93.41793565146706, 'SEARCH'
11, 22102, 93.41919211522303, 93.41919211522303, 'SEARCH'
11, 22103, 93.44371843724689, 93.44371843724689, 'TRACK'
11, 22104, 93.46824475927075, 93.46824475927075, 'TRACK'
11, 22105, 93.49460123553655, 93.49460123553655, 'SEARCH'
11, 22106, 93.52225561907096, 93.52225561907096, 'SEARCH'
11, 22107, 93.51771805326585, 93.51771805326585, 'SEARCH'
11, 22108, 93.54413628982961, 93.54413628982961, 'TRACK'
11, 22109, 93.57055452639337, 93.57055452639337, 'TRACK'
11, 22110, 93.59697276295712, 93.59697276295712, 'TRACK'
11, 22111, 93.62339099952088, 93.62339099952088, 'TRACK'
11, 22112, 93.6501702429431, 93.6501702429431, 'SEARCH'
11, 22113, 93.6474619739141, 93.6474619739141, 'SEARCH'
11, 22114, 93.6486367135487, 93.6486367135487, 'SEARCH'
11, 22115, 93.67526271595376, 93.67526271595376, 'SEARCH'
11, 22116, 93.67070240672254, 93.67070240672254, 'SEARCH'
11, 22117, 93.67388058601728, 93.67388058601728, 'SEARCH'
11, 22118, 93.69991428692411, 93.69991428692411, 'SEARCH'
11, 22119, 93.72760279893377, 93.72760279893377, 'SEARCH'
11, 22120, 93.73022064825393, 93.73022064825393, 'SEARCH'
11, 22121, 93.73049854034399, 93.73049854034399, 'SEARCH'
11, 22122, 93.74249754388647, 93.74249754388647, 'SEARCH'
11, 22123, 93.76420368197934, 93.76420368197934, 'SEARCH'
11, 22124, 93.78438518032117, 93.78438518032117, 'SEARCH'
11, 22125, 93.78747713582725, 93.78747713582725, 'SEARCH'
11, 22126, 93.78873241312955, 93.78873241312955, 'SEARCH'
11, 22127, 93.79886376500889, 93.79886376500889, 'SEARCH'
11, 22128, 93.81415852146971, 93.81415852146971, 'SEARCH'
11, 22129, 93.83961795784047, 93.83961795784047, 'SEARCH'
11, 22130, 93.85066484663841, 93.85066484663841, 'SEARCH'
11, 22131, 93.86980282940308, 93.86980282940308, 'SEARCH'
11, 22132, 93.89682007358425, 93.89682007358425, 'SEARCH'
11, 22133, 93.91408733604106, 93.91408733604106, 'SEARCH'
11, 22134, 93.94057219186189, 93.94057219186189, 'SEARCH'
11, 22135, 93.96544084612182, 93.96544084612182, 'SEARCH'
11, 22136, 93.97604804000565, 93.97604804000565, 'SEARCH'
11, 22137, 93.97582169426757, 93.97582169426757, 'SEARCH'
11, 22138, 93.98867051455339, 93.98867051455339, 'SEARCH'
11, 22139, 93.99751618222953, 93.99751618222953, 'SEARCH'
11, 22140, 94.02065644078965, 94.02065644078965, 'SEARCH'
11, 22141, 94.04505054633555, 94.04505054633555, 'SEARCH'
11, 22142, 94.06587593273966, 94.06587593273966, 'SEARCH'
11, 22143, 94.09362560426007, 94.09362560426007, 'SEARCH'
11, 22144, 94.09625130938207, 94.09625130938207, 'SEARCH'
11, 22145, 94.09984971277767, 94.09984971277767, 'SEARCH'
11, 22146, 94.12750135462883, 94.12750135462883, 'SEARCH'
11, 22147, 94.14325033579371, 94.14325033579371, 'SEARCH'
11, 22148, 94.15774182907424, 94.15774182907424, 'SEARCH'
11, 22149, 94.18538998539665, 94.18538998539665, 'SEARCH'
11, 22150, 94.1977993816225, 94.1977993816225, 'SEARCH'
11, 22151, 94.22544687638351, 94.22544687638351, 'SEARCH'
11, 22152, 94.25298391788317, 94.25298391788317, 'SEARCH'
11, 22153, 94.2805806362341, 94.2805806362341, 'SEARCH'
11, 22154, 94.30606271394579, 94.30606271394579, 'SEARCH'
11, 22155, 94.32295379465351, 94.32295379465351, 'SEARCH'
11, 22156, 94.3285077171631, 94.3285077171631, 'SEARCH'
11, 22157, 94.35397150943571, 94.35397150943571, 'SEARCH'
11, 22158, 94.38032055567898, 94.38032055567898, 'SEARCH'
11, 22159, 94.40667041601884, 94.40667041601884, 'SEARCH'
11, 22160, 94.40978876270184, 94.40978876270184, 'SEARCH'
11, 22161, 94.40762633508936, 94.40762633508936, 'SEARCH'
11, 22162, 94.43527874466896, 94.43527874466896, 'SEARCH'
11, 22163, 94.46297298734214, 94.46297298734214, 'SEARCH'
11, 22164, 94.47088836573779, 94.47088836573779, 'SEARCH'
11, 22165, 94.46874485599275, 94.46874485599275, 'SEARCH'
11, 22166, 94.4959739925438, 94.4959739925438, 'SEARCH'
11, 22167, 94.52320341814207, 94.52320341814207, 'SEARCH'
11, 22168, 94.54913620776699, 94.54913620776699, 'TRACK'
11, 22169, 94.57506899739191, 94.57506899739191, 'TRACK'
11, 22170, 94.60100178701683, 94.60100178701683, 'TRACK'
11, 22171, 94.62693457664174, 94.62693457664174, 'TRACK'
11, 22172, 94.63886305370163, 94.63886305370163, 'SEARCH'
11, 22173, 94.65761116036599, 94.65761116036599, 'SEARCH'
11, 22174, 94.66640846461432, 94.66640846461432, 'SEARCH'
11, 22175, 94.69387985164495, 94.69387985164495, 'SEARCH'
11, 22176, 94.69797890799096, 94.69797890799096, 'SEARCH'
11, 22177, 94.72557784541509, 94.72557784541509, 'SEARCH'
11, 22178, 94.75124186442814, 94.75124186442814, 'SEARCH'
11, 22179, 94.76096442672439, 94.76096442672439, 'SEARCH'
11, 22180, 94.7887158900188, 94.7887158900188, 'SEARCH'
11, 22181, 94.81631478640315, 94.81631478640315, 'SEARCH'
11, 22182, 94.83712002260724, 94.83712002260724, 'SEARCH'
11, 22183, 94.85079211920699, 94.85079211920699, 'SEARCH'
11, 22184, 94.8452530605706, 94.8452530605706, 'SEARCH'
11, 22185, 94.85174561312367, 94.85174561312367, 'SEARCH'
11, 22186, 94.87221391088951, 94.87221391088951, 'SEARCH'
11, 22187, 94.89589283589582, 94.89589283589582, 'SEARCH'
11, 22188, 94.89710979919161, 94.89710979919161, 'SEARCH'
11, 22189, 94.89639732910831, 94.89639732910831, 'SEARCH'
11, 22190, 94.9037974293939, 94.9037974293939, 'SEARCH'
11, 22191, 94.92426727886236, 94.92426727886236, 'SEARCH'
11, 22192, 94.93169853545686, 94.93169853545686, 'SEARCH'
11, 22193, 94.95735526757872, 94.95735526757872, 'SEARCH'
11, 22194, 94.96000447819746, 94.96000447819746, 'SEARCH'
11, 22195, 94.97152023279146, 94.97152023279146, 'SEARCH'
11, 22196, 94.97272702237395, 94.97272702237395, 'SEARCH'
11, 22197, 94.99891000664431, 94.99891000664431, 'SEARCH'
11, 22198, 95.00633423515418, 95.00633423515418, 'SEARCH'
11, 22199, 95.03380836215321, 95.03380836215321, 'SEARCH'
11, 22200, 95.0470723506305, 95.0470723506305, 'SEARCH'
11, 22201, 95.06851842405489, 95.06851842405489, 'SEARCH'
11, 22202, 95.09054101685916, 95.09054101685916, 'SEARCH'
11, 22203, 95.09937264949382, 95.09937264949382, 'SEARCH'
11, 22204, 95.11882282458504, 95.11882282458504, 'SEARCH'
11, 22205, 95.134936876614, 95.134936876614, 'SEARCH'
11, 22206, 95.15911956174823, 95.15911956174823, 'SEARCH'
11, 22207, 95.17787360641009, 95.17787360641009, 'SEARCH'
11, 22208, 95.20547174429193, 95.20547174429193, 'SEARCH'
11, 22209, 95.23316452324491, 95.23316452324491, 'SEARCH'
11, 22210, 95.26089100041402, 95.26089100041402, 'SEARCH'
11, 22211, 95.25773797356153, 95.25773797356153, 'SEARCH'
11, 22212, 95.27650493307578, 95.27650493307578, 'SEARCH'
11, 22213, 95.30372346930416, 95.30372346930416, 'SEARCH'
11, 22214, 95.32973985861976, 95.32973985861976, 'SEARCH'
11, 22215, 95.3529053399554, 95.3529053399554, 'SEARCH'
11, 22216, 95.37925056517068, 95.37925056517068, 'SEARCH'
11, 22217, 95.4070024485221, 95.4070024485221, 'SEARCH'
11, 22218, 95.4043533618705, 95.4043533618705, 'SEARCH'
11, 22219, 95.42779309719525, 95.42779309719525, 'SEARCH'
11, 22220, 95.45557004852932, 95.45557004852932, 'SEARCH'
11, 22221, 95.4582609239252, 95.4582609239252, 'SEARCH'
11, 22222, 95.45604355725031, 95.45604355725031, 'SEARCH'
11, 22223, 95.47442822519137, 95.47442822519137, 'SEARCH'
11, 22224, 95.4737228984608, 95.4737228984608, 'SEARCH'
11, 22225, 95.48652152166432, 95.48652152166432, 'SEARCH'
11, 22226, 95.50530491167594, 95.50530491167594, 'SEARCH'
11, 22227, 95.53213618462841, 95.53213618462841, 'TRACK'
11, 22228, 95.55896745758089, 95.55896745758089, 'TRACK'
11, 22229, 95.58579873053337, 95.58579873053337, 'TRACK'
11, 22230, 95.57974856968752, 95.57974856968752, 'SEARCH'
11, 22231, 95.58573192505882, 95.58573192505882, 'SEARCH'
11, 22232, 95.60888415010578, 95.60888415010578, 'SEARCH'
11, 22233, 95.60524302618116, 95.60524302618116, 'SEARCH'
11, 22234, 95.62436840742623, 95.62436840742623, 'SEARCH'
11, 22235, 95.63968894432352, 95.63968894432352, 'SEARCH'
11, 22236, 95.66111941130387, 95.66111941130387, 'SEARCH'
11, 22237, 95.68529589716132, 95.68529589716132, 'SEARCH'
11, 22238, 95.70021675406093, 95.70021675406093, 'SEARCH'
11, 22239, 95.69851809881469, 95.69851809881469, 'SEARCH'
11, 22240, 95.71581530685229, 95.71581530685229, 'SEARCH'
11, 22241, 95.7381531278736, 95.7381531278736, 'SEARCH'
11, 22242, 95.74606181263437, 95.74606181263437, 'SEARCH'
11, 22243, 95.77071456803712, 95.77071456803712, 'SEARCH'
11, 22244, 95.7676039705669, 95.7676039705669, 'SEARCH'
11, 22245, 95.79500794299652, 95.79500794299652, 'SEARCH'
11, 22246, 95.81308274018387, 95.81308274018387, 'SEARCH'
11, 22247, 95.82411049660692, 95.82411049660692, 'SEARCH'
11, 22248, 95.83740394961542, 95.83740394961542, 'SEARCH'
11, 22249, 95.86206755894806, 95.86206755894806, 'SEARCH'
11, 22250, 95.88250843765445, 95.88250843765445, 'SEARCH'
11, 22251, 95.8927370414762, 95.8927370414762, 'SEARCH'
11, 22252, 95.91559505150258, 95.91559505150258, 'SEARCH'
11, 22253, 95.93367749626687, 95.93367749626687, 'SEARCH'
11, 22254, 95.9538701431927, 95.9538701431927, 'SEARCH'
11, 22255, 95.97991321423663, 95.97991321423663, 'SEARCH'
11, 22256, 95.99800935775849, 95.99800935775849, 'SEARCH'
11, 22257, 96.01598781937169, 96.01598781937169, 'SEARCH'
11, 22258, 96.01436605475284, 96.01436605475284, 'SEARCH'
11, 22259, 96.04166332775445, 96.04166332775445, 'SEARCH'
11, 22260, 96.0513141792162, 96.0513141792162, 'SEARCH'
11, 22261, 96.0785488751839, 96.0785488751839, 'SEARCH'
11, 22262, 96.09930287010594, 96.09930287010594, 'SEARCH'
11, 22263, 96.12643723495592, 96.12643723495592, 'SEARCH'
11, 22264, 96.12612252388176, 96.12612252388176, 'SEARCH'
11, 22265, 96.14720408166411, 96.14720408166411, 'SEARCH'
11, 22266, 96.17466827405492, 96.17466827405492, 'SEARCH'
11, 22267, 96.20177544938316, 96.20177544938316, 'SEARCH'
11, 22268, 96.22741795514342, 96.22741795514342, 'SEARCH'
11, 22269, 96.23664227820441, 96.23664227820441, 'SEARCH'
11, 22270, 96.26264615888657, 96.26264615888657, 'SEARCH'
11, 22271, 96.28867853298352, 96.28867853298352, 'SEARCH'
11, 22272, 96.28984729058763, 96.28984729058763, 'SEARCH'
11, 22273, 96.28860225639936, 96.28860225639936, 'SEARCH'
11, 22274, 96.29553414751521, 96.29553414751521, 'SEARCH'
11, 22275, 96.30747949011906, 96.30747949011906, 'SEARCH'
11, 22276, 96.32660501816132, 96.32660501816132, 'SEARCH'
11, 22277, 96.35208429280812, 96.35208429280812, 'SEARCH'
11, 22278, 96.35182419072146, 96.35182419072146, 'SEARCH'
11, 22279, 96.36155980376726, 96.36155980376726, 'SEARCH'
11, 22280, 96.38931188982383, 96.38931188982383, 'SEARCH'
11, 22281, 96.41653561761578, 96.41653561761578, 'SEARCH'
11, 22282, 96.44329767517378, 96.44329767517378, 'SEARCH'
11, 22283, 96.43821765057716, 96.43821765057716, 'SEARCH'
11, 22284, 96.44137088547846, 96.44137088547846, 'SEARCH'
11, 22285, 96.44501475877942, 96.44501475877942, 'SEARCH'
11, 22286, 96.47276729851326, 96.47276729851326, 'SEARCH'
11, 22287, 96.48206673191221, 96.48206673191221, 'SEARCH'
11, 22288, 96.49654831631202, 96.49654831631202, 'SEARCH'
11, 22289, 96.52257743978595, 96.52257743978595, 'SEARCH'
11, 22290, 96.5498961845612, 96.5498961845612, 'SEARCH'
11, 22291, 96.55492309276764, 96.55492309276764, 'SEARCH'
11, 22292, 96.5825193044527, 96.5825193044527, 'SEARCH'
11, 22293, 96.60511864442269, 96.60511864442269, 'SEARCH'
11, 22294, 96.63251206623612, 96.63251206623612, 'SEARCH'
11, 22295, 96.63176554712142, 96.63176554712142, 'SEARCH'
11, 22296, 96.65953354792977, 96.65953354792977, 'SEARCH'
11, 22297, 96.68555570828096, 96.68555570828096, 'SEARCH'
11, 22298, 96.68868661375002, 96.68868661375002, 'SEARCH'
11, 22299, 96.70108478801228, 96.70108478801228, 'SEARCH'
11, 22300, 96.72820693349934, 96.72820693349934, 'SEARCH'
11, 22301, 96.74551112747275, 96.74551112747275, 'SEARCH'
11, 22302, 96.75055035151246, 96.75055035151246, 'SEARCH'
11, 22303, 96.75751881005056, 96.75751881005056, 'SEARCH'
11, 22304, 96.77697188725493, 96.77697188725493, 'SEARCH'
11, 22305, 96.7839106740993, 96.7839106740993, 'SEARCH'
11, 22306, 96.81167912987858, 96.81167912987858, 'SEARCH'
11, 22307, 96.80854276947873, 96.80854276947873, 'SEARCH'
11, 22308, 96.83585862951328, 96.83585862951328, 'SEARCH'
11, 22309, 96.86262082163486, 96.86262082163486, 'SEARCH'
11, 22310, 96.86526556510026, 96.86526556510026, 'SEARCH'
11, 22311, 96.88255122517342, 96.88255122517342, 'SEARCH'
11, 22312, 96.88327743091973, 96.88327743091973, 'SEARCH'
11, 22313, 96.91078487727367, 96.91078487727367, 'TRACK'
11, 22314, 96.9382923236276, 96.9382923236276, 'TRACK'
11, 22315, 96.96579976998154, 96.96579976998154, 'TRACK'
11, 22316, 96.99330721633548, 96.99330721633548, 'TRACK'
11, 22317, 97.02103393552952, 97.02103393552952, 'SEARCH'
11, 22318, 97.01884201439366, 97.01884201439366, 'SEARCH'
11, 22319, 97.03650855867372, 97.03650855867372, 'SEARCH'
11, 22320, 97.04714301889636, 97.04714301889636, 'SEARCH'
11, 22321, 97.0734809654953, 97.0734809654953, 'SEARCH'
11, 22322, 97.09552532970383, 97.09552532970383, 'SEARCH'
11, 22323, 97.1186792567095, 97.1186792567095, 'SEARCH'
11, 22324, 97.12562229261769, 97.12562229261769, 'SEARCH'
11, 22325, 97.1512844158326, 97.1512844158326, 'SEARCH'
11, 22326, 97.17882452814855, 97.17882452814855, 'SEARCH'
11, 22327, 97.1747172247666, 97.1747172247666, 'SEARCH'
11, 22328, 97.19814911674193, 97.19814911674193, 'SEARCH'
11, 22329, 97.22574686810292, 97.22574686810292, 'SEARCH'
11, 22330, 97.22259098846308, 97.22259098846308, 'SEARCH'
11, 22331, 97.24786691250677, 97.24786691250677, 'SEARCH'
11, 22332, 97.27561836147149, 97.27561836147149, 'SEARCH'
11, 22333, 97.29904770417367, 97.29904770417367, 'SEARCH'
11, 22334, 97.31744714794523, 97.31744714794523, 'SEARCH'
11, 22335, 97.31962850491516, 97.31962850491516, 'SEARCH'
11, 22336, 97.34611714829377, 97.34611714829377, 'SEARCH'
11, 22337, 97.35446140088136, 97.35446140088136, 'SEARCH'
11, 22338, 97.374941318601, 97.374941318601, 'SEARCH'
11, 22339, 97.3926149499881, 97.3926149499881, 'SEARCH'
11, 22340, 97.40670168427096, 97.40670168427096, 'SEARCH'
11, 22341, 97.40840232352086, 97.40840232352086, 'SEARCH'
11, 22342, 97.41204241469563, 97.41204241469563, 'SEARCH'
11, 22343, 97.4352191624933, 97.4352191624933, 'SEARCH'
11, 22344, 97.45839866060221, 97.45839866060221, 'SEARCH'
11, 22345, 97.46988696188158, 97.46988696188158, 'SEARCH'
11, 22346, 97.4705890860285, 97.4705890860285, 'SEARCH'
11, 22347, 97.47849309860011, 97.47849309860011, 'SEARCH'
11, 22348, 97.49963138720432, 97.49963138720432, 'SEARCH'
11, 22349, 97.52530635095405, 97.52530635095405, 'SEARCH'
11, 22350, 97.55297842590105, 97.55297842590105, 'TRACK'
11, 22351, 97.58065050084804, 97.58065050084804, 'TRACK'
11, 22352, 97.60832257579503, 97.60832257579503, 'TRACK'
11, 22353, 97.63599465074202, 97.63599465074202, 'TRACK'
11, 22354, 97.6631077451503, 97.6631077451503, 'SEARCH'
11, 22355, 97.69022138631253, 97.69022138631253, 'SEARCH'
11, 22356, 97.71753833681981, 97.71753833681981, 'SEARCH'
11, 22357, 97.74476345687616, 97.74476345687616, 'SEARCH'
11, 22358, 97.75446651673057, 97.75446651673057, 'SEARCH'
11, 22359, 97.77588949187128, 97.77588949187128, 'SEARCH'
11, 22360, 97.78096224842677, 97.78096224842677, 'SEARCH'
11, 22361, 97.80871446693494, 97.80871446693494, 'SEARCH'
11, 22362, 97.81800603386117, 97.81800603386117, 'SEARCH'
11, 22363, 97.8387909004265, 97.8387909004265, 'SEARCH'
11, 22364, 97.85568301709067, 97.85568301709067, 'SEARCH'
11, 22365, 97.87679591648107, 97.87679591648107, 'SEARCH'
11, 22366, 97.89048127713983, 97.89048127713983, 'SEARCH'
11, 22367, 97.90500895776252, 97.90500895776252, 'SEARCH'
11, 22368, 97.93240978105614, 97.93240978105614, 'SEARCH'
11, 22369, 97.95824535924574, 97.95824535924574, 'SEARCH'
11, 22370, 97.95368193618928, 97.95368193618928, 'SEARCH'
11, 22371, 97.94865052531809, 97.94865052531809, 'SEARCH'
11, 22372, 97.97005852586145, 97.97005852586145, 'SEARCH'
11, 22373, 97.97130447839336, 97.97130447839336, 'SEARCH'
11, 22374, 97.99795083852884, 97.99795083852884, 'SEARCH'
11, 22375, 98.02363188533089, 98.02363188533089, 'SEARCH'
11, 22376, 98.05136084487035, 98.05136084487035, 'SEARCH'
11, 22377, 98.06550212604785, 98.06550212604785, 'SEARCH'
11, 22378, 98.09249877576246, 98.09249877576246, 'SEARCH'
11, 22379, 98.10537426074289, 98.10537426074289, 'SEARCH'
11, 22380, 98.1095432500419, 98.1095432500419, 'SEARCH'
11, 22381, 98.12440621637919, 98.12440621637919, 'SEARCH'
11, 22382, 98.1521546440263, 98.1521546440263, 'SEARCH'
11, 22383, 98.17535349009641, 98.17535349009641, 'SEARCH'
11, 22384, 98.18780976328796, 98.18780976328796, 'SEARCH'
11, 22385, 98.20767669668054, 98.20767669668054, 'SEARCH'
11, 22386, 98.23487989502561, 98.23487989502561, 'SEARCH'
11, 22387, 98.25948114502617, 98.25948114502617, 'SEARCH'
11, 22388, 98.28622796720977, 98.28622796720977, 'SEARCH'
11, 22389, 98.28123865911209, 98.28123865911209, 'SEARCH'
11, 22390, 98.29104500639083, 98.29104500639083, 'SEARCH'
11, 22391, 98.29089532682828, 98.29089532682828, 'SEARCH'
11, 22392, 98.3185792431036, 98.3185792431036, 'SEARCH'
11, 22393, 98.3174688266905, 98.3174688266905, 'SEARCH'
11, 22394, 98.34505524488597, 98.34505524488597, 'SEARCH'
11, 22395, 98.37264184272009, 98.37264184272009, 'SEARCH'
11, 22396, 98.38292288979376, 98.38292288979376, 'SEARCH'
11, 22397, 98.40265321153855, 98.40265321153855, 'SEARCH'
11, 22398, 98.43026464801264, 98.43026464801264, 'SEARCH'
11, 22399, 98.43732659526897, 98.43732659526897, 'SEARCH'
11, 22400, 98.44761865421422, 98.44761865421422, 'SEARCH'
11, 22401, 98.45538431721447, 98.45538431721447, 'SEARCH'
11, 22402, 98.45696096713974, 98.45696096713974, 'SEARCH'
11, 22403, 98.48451518526599, 98.48451518526599, 'SEARCH'
11, 22404, 98.51143560260384, 98.51143560260384, 'SEARCH'
11, 22405, 98.535061111367, 98.535061111367, 'SEARCH'
11, 22406, 98.54840940273058, 98.54840940273058, 'SEARCH'
11, 22407, 98.57533104532759, 98.57533104532759, 'SEARCH'
11, 22408, 98.60285560972154, 98.60285560972154, 'SEARCH'
11, 22409, 98.60732611346933, 98.60732611346933, 'SEARCH'
11, 22410, 98.62617047682907, 98.62617047682907, 'SEARCH'
11, 22411, 98.63134353594931, 98.63134353594931, 'SEARCH'
11, 22412, 98.62952550868776, 98.62952550868776, 'SEARCH'
11, 22413, 98.65590337446191, 98.65590337446191, 'SEARCH'
11, 22414, 98.66528449565881, 98.66528449565881, 'SEARCH'
11, 22415, 98.68010430398105, 98.68010430398105, 'SEARCH'
11, 22416, 98.7045710320488, 98.7045710320488, 'SEARCH'
11, 22417, 98.72937639774104, 98.72937639774104, 'SEARCH'
11, 22418, 98.74420380404449, 98.74420380404449, 'SEARCH'
11, 22419, 98.76659665204674, 98.76659665204674, 'SEARCH'
11, 22420, 98.76888823503066, 98.76888823503066, 'SEARCH'
11, 22421, 98.77311497916784, 98.77311497916784, 'SEARCH'
11, 22422, 98.7746790134948, 98.7746790134948, 'SEARCH'
11, 22423, 98.8014136293257, 98.8014136293257, 'SEARCH'
11, 22424, 98.79959899022515, 98.79959899022515, 'SEARCH'
11, 22425, 98.8009198053701, 98.8009198053701, 'SEARCH'
11, 22426, 98.82863824620611, 98.82863824620611, 'SEARCH'
11, 22427, 98.85633940786425, 98.85633940786425, 'SEARCH'
11, 22428, 98.88397770153085, 98.88397770153085, 'SEARCH'
11, 22429, 98.91043440910886, 98.91043440910886, 'SEARCH'
11, 22430, 98.9378497619403, 98.9378497619403, 'SEARCH'
11, 22431, 98.96548841037729, 98.96548841037729, 'SEARCH'
11, 22432, 98.98788508907944, 98.98788508907944, 'SEARCH'
11, 22433, 98.99658615796143, 98.99658615796143, 'SEARCH'
11, 22434, 99.00317719275343, 99.00317719275343, 'SEARCH'
11, 22435, 99.03070153978251, 99.03070153978251, 'SEARCH'
11, 22436, 99.05592937172699, 99.05592937172699, 'SEARCH'
11, 22437, 99.05799630882946, 99.05799630882946, 'SEARCH'
11, 22438, 99.0771917980821, 99.0771917980821, 'SEARCH'
11, 22439, 99.10221614579515, 99.10221614579515, 'SEARCH'
11, 22440, 99.12998145328004, 99.12998145328004, 'SEARCH'
11, 22441, 99.1411535361152, 99.1411535361152, 'SEARCH'
11, 22442, 99.16870823858918, 99.16870823858918, 'SEARCH'
11, 22443, 99.19282833377775, 99.19282833377775, 'SEARCH'
11, 22444, 99.21997104510297, 99.21997104510297, 'SEARCH'
11, 22445, 99.24683610545917, 99.24683610545917, 'SEARCH'
11, 22446, 99.25691632213729, 99.25691632213729, 'SEARCH'
11, 22447, 99.28455660980777, 99.28455660980777, 'SEARCH'
11, 22448, 99.30945904483049, 99.30945904483049, 'SEARCH'
11, 22449, 99.31909228812596, 99.31909228812596, 'SEARCH'
11, 22450, 99.34686279482773, 99.34686279482773, 'SEARCH'
11, 22451, 99.36980687044286, 99.36980687044286, 'SEARCH'
11, 22452, 99.39086631147407, 99.39086631147407, 'SEARCH'
11, 22453, 99.41839456108542, 99.41839456108542, 'SEARCH'
11, 22454, 99.42496491001623, 99.42496491001623, 'SEARCH'
11, 22455, 99.42317153074454, 99.42317153074454, 'SEARCH'
11, 22456, 99.45087043648748, 99.45087043648748, 'SEARCH'
11, 22457, 99.47656739634603, 99.47656739634603, 'SEARCH'
11, 22458, 99.49677965838046, 99.49677965838046, 'SEARCH'
11, 22459, 99.51887687586436, 99.51887687586436, 'SEARCH'
11, 22460, 99.54493174462878, 99.54493174462878, 'SEARCH'
11, 22461, 99.57179775621059, 99.57179775621059, 'SEARCH'
11, 22462, 99.56636175068408, 99.56636175068408, 'SEARCH'
11, 22463, 99.59168546417209, 99.59168546417209, 'SEARCH'
11, 22464, 99.60811363134171, 99.60811363134171, 'SEARCH'
11, 22465, 99.6330215177878, 99.6330215177878, 'SEARCH'
11, 22466, 99.63240774974166, 99.63240774974166, 'SEARCH'
11, 22467, 99.6322887098437, 99.6322887098437, 'SEARCH'
11, 22468, 99.65926755002084, 99.65926755002084, 'SEARCH'
11, 22469, 99.65867095371414, 99.65867095371414, 'SEARCH'
11, 22470, 99.65586870740309, 99.65586870740309, 'SEARCH'
11, 22471, 99.68364626046642, 99.68364626046642, 'SEARCH'
11, 22472, 99.70994694130043, 99.70994694130043, 'SEARCH'
11, 22473, 99.72201986190004, 99.72201986190004, 'SEARCH'
11, 22474, 99.74975377411523, 99.74975377411523, 'SEARCH'
11, 22475, 99.75179785139738, 99.75179785139738, 'SEARCH'
11, 22476, 99.77169830691497, 99.77169830691497, 'SEARCH'
11, 22477, 99.79792670452076, 99.79792670452076, 'SEARCH'
11, 22478, 99.8236415201432, 99.8236415201432, 'SEARCH'
11, 22479, 99.85109332764732, 99.85109332764732, 'SEARCH'
11, 22480, 99.8772318075605, 99.8772318075605, 'SEARCH'
11, 22481, 99.87760732827851, 99.87760732827851, 'SEARCH'
11, 22482, 99.88628551634882, 99.88628551634882, 'SEARCH'
11, 22483, 99.8931111909144, 99.8931111909144, 'SEARCH'
11, 22484, 99.89322988020858, 99.89322988020858, 'SEARCH'
11, 22485, 99.90441044197443, 99.90441044197443, 'SEARCH'
11, 22486, 99.91356709052604, 99.91356709052604, 'SEARCH'
11, 22487, 99.93624692805409, 99.93624692805409, 'SEARCH'
11, 22488, 99.96167329654259, 99.96167329654259, 'SEARCH'
11, 22489, 99.97352875329791, 99.97352875329791, 'SEARCH'
11, 22490, 99.98131734007269, 99.98131734007269, 'SEARCH'
11, 22491, 100.00663340648828, 100.00663340648828, 'SEARCH'
11, 22492, 100.0335014294473, 100.0335014294473, 'SEARCH'
11, 22493, 100.0362594583804, 100.0362594583804, 'SEARCH'
11, 22494, 100.06391931344642, 100.06391931344642, 'SEARCH'
11, 22495, 100.07374702695782, 100.07374702695782, 'SEARCH'
11, 22496, 100.09347821912282, 100.09347821912282, 'SEARCH'
11, 22497, 100.1095204480704, 100.1095204480704, 'SEARCH'
11, 22498, 100.12005805469984, 100.12005805469984, 'SEARCH'
11, 22499, 100.1385319328319, 100.1385319328319, 'SEARCH'
11, 22500, 100.15394499681845, 100.15394499681845, 'SEARCH'
11, 22501, 100.1759179351338, 100.1759179351338, 'SEARCH'
11, 22502, 100.18734658367606, 100.18734658367606, 'SEARCH'
11, 22503, 100.1881638727014, 100.1881638727014, 'SEARCH'
11, 22504, 100.20150625320122, 100.20150625320122, 'SEARCH'
11, 22505, 100.22796546938754, 100.22796546938754, 'SEARCH'
11, 22506, 100.23502243280686, 100.23502243280686, 'SEARCH'
11, 22507, 100.24731381582448, 100.24731381582448, 'SEARCH'
11, 22508, 100.26090006718478, 100.26090006718478, 'SEARCH'
11, 22509, 100.28742116585114, 100.28742116585114, 'SEARCH'
11, 22510, 100.2909482737527, 100.2909482737527, 'SEARCH'
11, 22511, 100.28741123473026, 100.28741123473026, 'SEARCH'
11, 22512, 100.30782384415957, 100.30782384415957, 'SEARCH'
11, 22513, 100.33180472058051, 100.33180472058051, 'SEARCH'
11, 22514, 100.35958042410861, 100.35958042410861, 'SEARCH'
11, 22515, 100.38403792473468, 100.38403792473468, 'SEARCH'
11, 22516, 100.38995154499743, 100.38995154499743, 'SEARCH'
11, 22517, 100.4119336016839, 100.4119336016839, 'SEARCH'
11, 22518, 100.43737365515412, 100.43737365515412, 'SEARCH'
11, 22519, 100.46384158118548, 100.46384158118548, 'SEARCH'
11, 22520, 100.48914999525269, 100.48914999525269, 'SEARCH'
11, 22521, 100.48608543573381, 100.48608543573381, 'SEARCH'
11, 22522, 100.4929527524848, 100.4929527524848, 'SEARCH'
11, 22523, 100.51974171116963, 100.51974171116963, 'SEARCH'
11, 22524, 100.54620878979767, 100.54620878979767, 'SEARCH'
11, 22525, 100.55277065224625, 100.55277065224625, 'SEARCH'
11, 22526, 100.57908454100848, 100.57908454100848, 'SEARCH'
11, 22527, 100.60229515589863, 100.60229515589863, 'SEARCH'
11, 22528, 100.60583087220431, 100.60583087220431, 'SEARCH'
11, 22529, 100.60405452219842, 100.60405452219842, 'SEARCH'
11, 22530, 100.63104821071187, 100.63104821071187, 'SEARCH'
11, 22531, 100.65124417522757, 100.65124417522757, 'SEARCH'
11, 22532, 100.66456402778614, 100.66456402778614, 'SEARCH'
11, 22533, 100.67159952533818, 100.67159952533818, 'SEARCH'
11, 22534, 100.68320319622052, 100.68320319622052, 'SEARCH'
11, 22535, 100.702745403702, 100.702745403702, 'SEARCH'
11, 22536, 100.72596873364547, 100.72596873364547, 'SEARCH'
11, 22537, 100.72271102223829, 100.72271102223829, 'SEARCH'
11, 22538, 100.73875691692909, 100.73875691692909, 'SEARCH'
11, 22539, 100.76541775739271, 100.76541775739271, 'SEARCH'
11, 22540, 100.78338340896367, 100.78338340896367, 'SEARCH'
11, 22541, 100.80937044327996, 100.80937044327996, 'SEARCH'
11, 22542, 100.83692167111333, 100.83692167111333, 'SEARCH'
11, 22543, 100.84565325723275, 100.84565325723275, 'SEARCH'
11, 22544, 100.86447645833775, 100.86447645833775, 'SEARCH'
11, 22545, 100.8722849014853, 100.8722849014853, 'SEARCH'
11, 22546, 100.87342213652491, 100.87342213652491, 'SEARCH'
11, 22547, 100.90090423779714, 100.90090423779714, 'SEARCH'
11, 22548, 100.91737446450898, 100.91737446450898, 'SEARCH'
11, 22549, 100.94023451822433, 100.94023451822433, 'SEARCH'
11, 22550, 100.9675563867408, 100.9675563867408, 'SEARCH'
11, 22551, 100.98636132516391, 100.98636132516391, 'SEARCH'
11, 22552, 100.99052597445437, 100.99052597445437, 'SEARCH'
11, 22553, 101.00934351561843, 101.00934351561843, 'SEARCH'
11, 22554, 101.035160266352, 101.035160266352, 'SEARCH'
11, 22555, 101.04527336816811, 101.04527336816811, 'SEARCH'
11, 22556, 101.05414701399718, 101.05414701399718, 'SEARCH'
11, 22557, 101.07761336318293, 101.07761336318293, 'SEARCH'
11, 22558, 101.10452564184337, 101.10452564184337, 'SEARCH'
11, 22559, 101.10855274888662, 101.10855274888662, 'SEARCH'
11, 22560, 101.13120733615743, 101.13120733615743, 'SEARCH'
11, 22561, 101.13586594519525, 101.13586594519525, 'SEARCH'
11, 22562, 101.16327665835315, 101.16327665835315, 'SEARCH'
11, 22563, 101.18908988210417, 101.18908988210417, 'SEARCH'
11, 22564, 101.20669533918105, 101.20669533918105, 'SEARCH'
11, 22565, 101.23136857330366, 101.23136857330366, 'SEARCH'
11, 22566, 101.23918285995508, 101.23918285995508, 'SEARCH'
11, 22567, 101.26522538785315, 101.26522538785315, 'SEARCH'
11, 22568, 101.26408516429399, 101.26408516429399, 'SEARCH'
11, 22569, 101.29163584034085, 101.29163584034085, 'SEARCH'
11, 22570, 101.31205990102094, 101.31205990102094, 'SEARCH'
11, 22571, 101.3390524859948, 101.3390524859948, 'SEARCH'
11, 22572, 101.34466155497982, 101.34466155497982, 'SEARCH'
11, 22573, 101.3655204112723, 101.3655204112723, 'SEARCH'
11, 22574, 101.3725613945179, 101.3725613945179, 'SEARCH'
11, 22575, 101.38443096787266, 101.38443096787266, 'SEARCH'
11, 22576, 101.39100227529343, 101.39100227529343, 'SEARCH'
11, 22577, 101.40391637093884, 101.40391637093884, 'SEARCH'
11, 22578, 101.4274016805384, 101.4274016805384, 'SEARCH'
11, 22579, 101.4270463353228, 101.4270463353228, 'SEARCH'
11, 22580, 101.45403243724856, 101.45403243724856, 'SEARCH'
11, 22581, 101.47600904357625, 101.47600904357625, 'SEARCH'
11, 22582, 101.5011209186631, 101.5011209186631, 'SEARCH'
11, 22583, 101.52309909780648, 101.52309909780648, 'SEARCH'
11, 22584, 101.54032001055631, 101.54032001055631, 'SEARCH'
11, 22585, 101.54997063408096, 101.54997063408096, 'SEARCH'
11, 22586, 101.57720519032435, 101.57720519032435, 'SEARCH'
11, 22587, 101.58234044856619, 101.58234044856619, 'SEARCH'
11, 22588, 101.58540112486814, 101.58540112486814, 'SEARCH'
11, 22589, 101.61317122686006, 101.61317122686006, 'SEARCH'
11, 22590, 101.63706772290736, 101.63706772290736, 'SEARCH'
11, 22591, 101.64685977954015, 101.64685977954015, 'SEARCH'
11, 22592, 101.64799364325577, 101.64799364325577, 'SEARCH'
11, 22593, 101.6664503485404, 101.6664503485404, 'SEARCH'
11, 22594, 101.6887350212493, 101.6887350212493, 'SEARCH'
11, 22595, 101.71648328642938, 101.71648328642938, 'SEARCH'
11, 22596, 101.74020301268312, 101.74020301268312, 'SEARCH'
11, 22597, 101.73568999394138, 101.73568999394138, 'SEARCH'
11, 22598, 101.76247951079641, 101.76247951079641, 'SEARCH'
11, 22599, 101.79008823191488, 101.79008823191488, 'SEARCH'
11, 22600, 101.8087912753656, 101.8087912753656, 'SEARCH'
11, 22601, 101.82677215428694, 101.82677215428694, 'SEARCH'
11, 22602, 101.85452035837346, 101.85452035837346, 'SEARCH'
11, 22603, 101.85663100937555, 101.85663100937555, 'SEARCH'
11, 22604, 101.88403746217203, 101.88403746217203, 'SEARCH'
11, 22605, 101.88664014237575, 101.88664014237575, 'SEARCH'
11, 22606, 101.91325985935143, 101.91325985935143, 'SEARCH'
11, 22607, 101.92561271907971, 101.92561271907971, 'SEARCH'
11, 22608, 101.932603533228, 101.932603533228, 'SEARCH'
11, 22609, 101.94756798851321, 101.94756798851321, 'SEARCH'
11, 22610, 101.94931890892613, 101.94931890892613, 'SEARCH'
11, 22611, 101.96777398950125, 101.96777398950125, 'SEARCH'
11, 22612, 101.98729557842317, 101.98729557842317, 'SEARCH'
11, 22613, 102.01361245634531, 102.01361245634531, 'SEARCH'
11, 22614, 102.0124769049567, 102.0124769049567, 'SEARCH'
11, 22615, 102.03514131570908, 102.03514131570908, 'SEARCH'
11, 22616, 102.06212995460757, 102.06212995460757, 'SEARCH'
11, 22617, 102.0775358519316, 102.0775358519316, 'SEARCH'
11, 22618, 102.07719591527751, 102.07719591527751, 'SEARCH'
11, 22619, 102.09928652108304, 102.09928652108304, 'SEARCH'
11, 22620, 102.09383984974218, 102.09383984974218, 'SEARCH'
11, 22621, 102.10042487523431, 102.10042487523431, 'SEARCH'
11, 22622, 102.12209332466752, 102.12209332466752, 'SEARCH'
11, 22623, 102.1326249748303, 102.1326249748303, 'SEARCH'
11, 22624, 102.15660809998867, 102.15660809998867, 'SEARCH'
11, 22625, 102.18436368681832, 102.18436368681832, 'SEARCH'
11, 22626, 102.19553317749711, 102.19553317749711, 'SEARCH'
11, 22627, 102.22219834258428, 102.22219834258428, 'SEARCH'
11, 22628, 102.24752185564112, 102.24752185564112, 'SEARCH'
11, 22629, 102.27126735805169, 102.27126735805169, 'SEARCH'
11, 22630, 102.28245572873057, 102.28245572873057, 'SEARCH'
11, 22631, 102.29964467212267, 102.29964467212267, 'SEARCH'
11, 22632, 102.32313816613843, 102.32313816613843, 'SEARCH'
11, 22633, 102.3482649644796, 102.3482649644796, 'SEARCH'
11, 22634, 102.36034295193241, 102.36034295193241, 'SEARCH'
11, 22635, 102.38155696138362, 102.38155696138362, 'SEARCH'
11, 22636, 102.40917252677471, 102.40917252677471, 'SEARCH'
11, 22637, 102.42746709562981, 102.42746709562981, 'SEARCH'
11, 22638, 102.4350257227847, 102.4350257227847, 'SEARCH'
11, 22639, 102.45354419333857, 102.45354419333857, 'SEARCH'
11, 22640, 102.47993616894667, 102.47993616894667, 'SEARCH'
11, 22641, 102.50674617146043, 102.50674617146043, 'SEARCH'
11, 22642, 102.5176728627294, 102.5176728627294, 'SEARCH'
11, 22643, 102.54501302618165, 102.54501302618165, 'SEARCH'
11, 22644, 102.54782943151427, 102.54782943151427, 'SEARCH'
11, 22645, 102.5438869069203, 102.5438869069203, 'SEARCH'
11, 22646, 102.56242396841913, 102.56242396841913, 'SEARCH'
11, 22647, 102.56955577888448, 102.56955577888448, 'SEARCH'
11, 22648, 102.59382662935329, 102.59382662935329, 'SEARCH'
11, 22649, 102.61343663133675, 102.61343663133675, 'SEARCH'
11, 22650, 102.61339869043404, 102.61339869043404, 'SEARCH'
11, 22651, 102.63434474033822, 102.63434474033822, 'SEARCH'
11, 22652, 102.65738532923676, 102.65738532923676, 'SEARCH'
11, 22653, 102.68512360424911, 102.68512360424911, 'SEARCH'
11, 22654, 102.70843468743018, 102.70843468743018, 'SEARCH'
11, 22655, 102.73550790994058, 102.73550790994058, 'SEARCH'
11, 22656, 102.73401857157154, 102.73401857157154, 'SEARCH'
11, 22657, 102.76058995824081, 102.76058995824081, 'SEARCH'
11, 22658, 102.75959193381784, 102.75959193381784, 'SEARCH'
11, 22659, 102.78363907728149, 102.78363907728149, 'SEARCH'
11, 22660, 102.80073026517628, 102.80073026517628, 'SEARCH'
11, 22661, 102.82768162074285, 102.82768162074285, 'SEARCH'
11, 22662, 102.85539195798913, 102.85539195798913, 'SEARCH'
11, 22663, 102.86624956914353, 102.86624956914353, 'SEARCH'
11, 22664, 102.89320561711078, 102.89320561711078, 'SEARCH'
11, 22665, 102.88836542352111, 102.88836542352111, 'SEARCH'
11, 22666, 102.89877726920119, 102.89877726920119, 'SEARCH'
11, 22667, 102.90644959272694, 102.90644959272694, 'SEARCH'
11, 22668, 102.93254310256067, 102.93254310256067, 'SEARCH'
11, 22669, 102.9406867667434, 102.9406867667434, 'SEARCH'
11, 22670, 102.93678787044345, 102.93678787044345, 'SEARCH'
11, 22671, 102.95539187997714, 102.95539187997714, 'SEARCH'
11, 22672, 102.96531766638283, 102.96531766638283, 'SEARCH'
11, 22673, 102.97922503150714, 102.97922503150714, 'SEARCH'
11, 22674, 103.00579796468932, 103.00579796468932, 'SEARCH'
11, 22675, 103.01342193653403, 103.01342193653403, 'SEARCH'
11, 22676, 103.04109609443059, 103.04109609443059, 'SEARCH'
11, 22677, 103.06883446873705, 103.06883446873705, 'SEARCH'
11, 22678, 103.08357573376536, 103.08357573376536, 'SEARCH'
11, 22679, 103.07919661468831, 103.07919661468831, 'SEARCH'
11, 22680, 103.10513791932257, 103.10513791932257, 'SEARCH'
11, 22681, 103.12759422401577, 103.12759422401577, 'SEARCH'
11, 22682, 103.13243947565033, 103.13243947565033, 'SEARCH'
11, 22683, 103.14507915146616, 103.14507915146616, 'SEARCH'
11, 22684, 103.16536598299648, 103.16536598299648, 'SEARCH'
11, 22685, 103.18319438742269, 103.18319438742269, 'SEARCH'
11, 22686, 103.20930625490344, 103.20930625490344, 'SEARCH'
11, 22687, 103.22926628081615, 103.22926628081615, 'SEARCH'
11, 22688, 103.24638699888114, 103.24638699888114, 'SEARCH'
11, 22689, 103.27414669866592, 103.27414669866592, 'SEARCH'
11, 22690, 103.30006779082859, 103.30006779082859, 'SEARCH'
11, 22691, 103.3270133745798, 103.3270133745798, 'SEARCH'
11, 22692, 103.34045667982163, 103.34045667982163, 'SEARCH'
11, 22693, 103.35221241898773, 103.35221241898773, 'SEARCH'
11, 22694, 103.36309152929864, 103.36309152929864, 'SEARCH'
11, 22695, 103.364098385281, 103.364098385281, 'SEARCH'
11, 22696, 103.39161245999125, 103.39161245999125, 'SEARCH'
11, 22697, 103.39600698232339, 103.39600698232339, 'SEARCH'
11, 22698, 103.41785909412546, 103.41785909412546, 'SEARCH'
11, 22699, 103.44164145111003, 103.44164145111003, 'SEARCH'
11, 22700, 103.46699778664042, 103.46699778664042, 'SEARCH'
11, 22701, 103.46743761398099, 103.46743761398099, 'SEARCH'
11, 22702, 103.4901720339096, 103.4901720339096, 'SEARCH'
11, 22703, 103.51644579539423, 103.51644579539423, 'SEARCH'
11, 22704, 103.54118118534504, 103.54118118534504, 'SEARCH'
11, 22705, 103.56275087387083, 103.56275087387083, 'SEARCH'
11, 22706, 103.58271739386797, 103.58271739386797, 'SEARCH'
11, 22707, 103.61047773115237, 103.61047773115237, 'SEARCH'
11, 22708, 103.63774796533134, 103.63774796533134, 'SEARCH'
11, 22709, 103.65737770807196, 103.65737770807196, 'SEARCH'
11, 22710, 103.66688762027806, 103.66688762027806, 'SEARCH'
11, 22711, 103.67362703261561, 103.67362703261561, 'SEARCH'
11, 22712, 103.69745279626163, 103.69745279626163, 'SEARCH'
11, 22713, 103.72240350854705, 103.72240350854705, 'SEARCH'
11, 22714, 103.73870522863939, 103.73870522863939, 'SEARCH'
11, 22715, 103.7377591796339, 103.7377591796339, 'SEARCH'
11, 22716, 103.74117807895067, 103.74117807895067, 'SEARCH'
11, 22717, 103.76729579744399, 103.76729579744399, 'SEARCH'
11, 22718, 103.77907897296421, 103.77907897296421, 'SEARCH'
11, 22719, 103.80669845633159, 103.80669845633159, 'SEARCH'
11, 22720, 103.81241773700692, 103.81241773700692, 'SEARCH'
11, 22721, 103.83882139307933, 103.83882139307933, 'SEARCH'
11, 22722, 103.85849444606305, 103.85849444606305, 'SEARCH'
11, 22723, 103.88440860343009, 103.88440860343009, 'SEARCH'
11, 22724, 103.88290646309738, 103.88290646309738, 'SEARCH'
11, 22725, 103.8928964905149, 103.8928964905149, 'SEARCH'
11, 22726, 103.92056435305852, 103.92056435305852, 'SEARCH'
11, 22727, 103.94459692517917, 103.94459692517917, 'SEARCH'
11, 22728, 103.95368052024345, 103.95368052024345, 'SEARCH'
11, 22729, 103.9636841321961, 103.9636841321961, 'SEARCH'
11, 22730, 103.96071848291687, 103.96071848291687, 'SEARCH'
11, 22731, 103.9572817173095, 103.9572817173095, 'SEARCH'
11, 22732, 103.98201308392059, 103.98201308392059, 'SEARCH'
11, 22733, 103.98829769180905, 103.98829769180905, 'SEARCH'
11, 22734, 103.99683651277729, 103.99683651277729, 'SEARCH'
11, 22735, 104.00630195602083, 104.00630195602083, 'SEARCH'
11, 22736, 104.01713021846064, 104.01713021846064, 'SEARCH'
11, 22737, 104.03100352443187, 104.03100352443187, 'SEARCH'
11, 22738, 104.04885181887593, 104.04885181887593, 'SEARCH'
11, 22739, 104.07074172846637, 104.07074172846637, 'SEARCH'
11, 22740, 104.07555744049289, 104.07555744049289, 'SEARCH'
11, 22741, 104.09027943331222, 104.09027943331222, 'SEARCH'
11, 22742, 104.1152410480171, 104.1152410480171, 'SEARCH'
11, 22743, 104.13196306348362, 104.13196306348362, 'SEARCH'
11, 22744, 104.13488095243514, 104.13488095243514, 'SEARCH'
11, 22745, 104.16082264791493, 104.16082264791493, 'SEARCH'
11, 22746, 104.16561830922478, 104.16561830922478, 'SEARCH'
11, 22747, 104.17604058889448, 104.17604058889448, 'SEARCH'
11, 22748, 104.19155090551418, 104.19155090551418, 'SEARCH'
11, 22749, 104.20330709664339, 104.20330709664339, 'SEARCH'
11, 22750, 104.22907266946308, 104.22907266946308, 'SEARCH'
11, 22751, 104.22475847872468, 104.22475847872468, 'SEARCH'
11, 22752, 104.23245554662202, 104.23245554662202, 'SEARCH'
11, 22753, 104.23722769740216, 104.23722769740216, 'SEARCH'
11, 22754, 104.23573228079978, 104.23573228079978, 'SEARCH'
11, 22755, 104.24917196966496, 104.24917196966496, 'SEARCH'
11, 22756, 104.27634723900194, 104.27634723900194, 'SEARCH'
11, 22757, 104.28495342706725, 104.28495342706725, 'SEARCH'
11, 22758, 104.31106743975593, 104.31106743975593, 'SEARCH'
11, 22759, 104.33384274050498, 104.33384274050498, 'SEARCH'
11, 22760, 104.34727243307884, 104.34727243307884, 'SEARCH'
11, 22761, 104.36825829166088, 104.36825829166088, 'SEARCH'
11, 22762, 104.38047101514451, 104.38047101514451, 'SEARCH'
11, 22763, 104.40642138249386, 104.40642138249386, 'SEARCH'
11, 22764, 104.42575526632635, 104.42575526632635, 'SEARCH'
11, 22765, 104.44001041360774, 104.44001041360774, 'SEARCH'
11, 22766, 104.46768686187998, 104.46768686187998, 'SEARCH'
11, 22767, 104.47150200992635, 104.47150200992635, 'SEARCH'
11, 22768, 104.49805410602598, 104.49805410602598, 'SEARCH'
11, 22769, 104.52572940061656, 104.52572940061656, 'SEARCH'
11, 22770, 104.53003748030801, 104.53003748030801, 'SEARCH'
11, 22771, 104.55766022982776, 104.55766022982776, 'SEARCH'
11, 22772, 104.58473184357292, 104.58473184357292, 'SEARCH'
11, 22773, 104.60949462061805, 104.60949462061805, 'SEARCH'
11, 22774, 104.63015911403045, 104.63015911403045, 'SEARCH'
11, 22775, 104.64097673231562, 104.64097673231562, 'SEARCH'
11, 22776, 104.6467235174377, 104.6467235174377, 'SEARCH'
11, 22777, 104.65800469201982, 104.65800469201982, 'SEARCH'
11, 22778, 104.67622191593325, 104.67622191593325, 'SEARCH'
11, 22779, 104.70339278825419, 104.70339278825419, 'SEARCH'
11, 22780, 104.73090056299576, 104.73090056299576, 'SEARCH'
11, 22781, 104.72800045118828, 104.72800045118828, 'SEARCH'
11, 22782, 104.73751427770206, 104.73751427770206, 'SEARCH'
11, 22783, 104.74135641515281, 104.74135641515281, 'SEARCH'
11, 22784, 104.76862127676876, 104.76862127676876, 'SEARCH'
11, 22785, 104.7892568271287, 104.7892568271287, 'SEARCH'
11, 22786, 104.79456059202002, 104.79456059202002, 'SEARCH'
11, 22787, 104.79263686541644, 104.79263686541644, 'SEARCH'
11, 22788, 104.79700662221835, 104.79700662221835, 'SEARCH'
11, 22789, 104.79994514043096, 104.79994514043096, 'SEARCH'
11, 22790, 104.82700065373032, 104.82700065373032, 'SEARCH'
11, 22791, 104.84626579632317, 104.84626579632317, 'SEARCH'
11, 22792, 104.85254854805277, 104.85254854805277, 'SEARCH'
11, 22793, 104.87982458446554, 104.87982458446554, 'SEARCH'
11, 22794, 104.90287966123479, 104.90287966123479, 'SEARCH'
11, 22795, 104.91001818184846, 104.91001818184846, 'SEARCH'
11, 22796, 104.92753212281336, 104.92753212281336, 'SEARCH'
11, 22797, 104.94381874498394, 104.94381874498394, 'SEARCH'
11, 22798, 104.97116728616044, 104.97116728616044, 'SEARCH'
11, 22799, 104.99150940331253, 104.99150940331253, 'SEARCH'
11, 22800, 105.00857463461729, 105.00857463461729, 'SEARCH'
11, 22801, 105.03500446382893, 105.03500446382893, 'SEARCH'
11, 22802, 105.04308711651237, 105.04308711651237, 'SEARCH'
11, 22803, 105.06375022037464, 105.06375022037464, 'SEARCH'
11, 22804, 105.08126014766279, 105.08126014766279, 'SEARCH'
11, 22805, 105.08942477731976, 105.08942477731976, 'SEARCH'
11, 22806, 105.0898542556601, 105.0898542556601, 'SEARCH'
11, 22807, 105.09605943532506, 105.09605943532506, 'SEARCH'
11, 22808, 105.09457163878824, 105.09457163878824, 'SEARCH'
11, 22809, 105.11887795881722, 105.11887795881722, 'SEARCH'
11, 22810, 105.14361529996219, 105.14361529996219, 'SEARCH'
11, 22811, 105.17124330820009, 105.17124330820009, 'SEARCH'
11, 22812, 105.18981257545933, 105.18981257545933, 'SEARCH'
11, 22813, 105.20911984137435, 105.20911984137435, 'SEARCH'
11, 22814, 105.21055061304403, 105.21055061304403, 'SEARCH'
11, 22815, 105.2124760268155, 105.2124760268155, 'SEARCH'
11, 22816, 105.23436425368277, 105.23436425368277, 'SEARCH'
11, 22817, 105.23291581621159, 105.23291581621159, 'SEARCH'
11, 22818, 105.23483748456067, 105.23483748456067, 'SEARCH'
11, 22819, 105.26259815315059, 105.26259815315059, 'SEARCH'
11, 22820, 105.27773151352568, 105.27773151352568, 'SEARCH'
11, 22821, 105.28586689133535, 105.28586689133535, 'SEARCH'
11, 22822, 105.30447239841237, 105.30447239841237, 'SEARCH'
11, 22823, 105.31529546783912, 105.31529546783912, 'SEARCH'
11, 22824, 105.33460839947034, 105.33460839947034, 'SEARCH'
11, 22825, 105.35357578863363, 105.35357578863363, 'SEARCH'
11, 22826, 105.35748089344848, 105.35748089344848, 'SEARCH'
11, 22827, 105.36793323240987, 105.36793323240987, 'SEARCH'
11, 22828, 105.36557240902586, 105.36557240902586, 'SEARCH'
11, 22829, 105.39275786453898, 105.39275786453898, 'SEARCH'
11, 22830, 105.3962162451078, 105.3962162451078, 'SEARCH'
11, 22831, 105.40190897832251, 105.40190897832251, 'SEARCH'
11, 22832, 105.42623974062043, 105.42623974062043, 'SEARCH'
11, 22833, 105.45317305443297, 105.45317305443297, 'SEARCH'
11, 22834, 105.45261101117731, 105.45261101117731, 'SEARCH'
11, 22835, 105.45736907553804, 105.45736907553804, 'SEARCH'
11, 22836, 105.47670534939884, 105.47670534939884, 'SEARCH'
11, 22837, 105.48050791936073, 105.48050791936073, 'SEARCH'
11, 22838, 105.49444298000928, 105.49444298000928, 'SEARCH'
11, 22839, 105.49631794273834, 105.49631794273834, 'SEARCH'
11, 22840, 105.52409053091995, 105.52409053091995, 'SEARCH'
11, 22841, 105.55186494198948, 105.55186494198948, 'SEARCH'
11, 22842, 105.57613424646257, 105.57613424646257, 'SEARCH'
11, 22843, 105.59996913163577, 105.59996913163577, 'SEARCH'
11, 22844, 105.59653040584071, 105.59653040584071, 'SEARCH'
11, 22845, 105.62416048763849, 105.62416048763849, 'SEARCH'
11, 22846, 105.63594030786757, 105.63594030786757, 'SEARCH'
11, 22847, 105.65686862412527, 105.65686862412527, 'SEARCH'
11, 22848, 105.68436938236492, 105.68436938236492, 'SEARCH'
11, 22849, 105.68914701083277, 105.68914701083277, 'SEARCH'
11, 22850, 105.71272298973527, 105.71272298973527, 'SEARCH'
11, 22851, 105.71074330929365, 105.71074330929365, 'SEARCH'
11, 22852, 105.73481520296887, 105.73481520296887, 'SEARCH'
11, 22853, 105.7548225690083, 105.7548225690083, 'SEARCH'
11, 22854, 105.77483533502223, 105.77483533502223, 'SEARCH'
11, 22855, 105.7776865841636, 105.7776865841636, 'SEARCH'
11, 22856, 105.80018386996983, 105.80018386996983, 'SEARCH'
11, 22857, 105.8173238083063, 105.8173238083063, 'SEARCH'
11, 22858, 105.81340114267256, 105.81340114267256, 'SEARCH'
11, 22859, 105.83645595640813, 105.83645595640813, 'SEARCH'
11, 22860, 105.86123011266059, 105.86123011266059, 'SEARCH'
11, 22861, 105.88158511599303, 105.88158511599303, 'SEARCH'
11, 22862, 105.89796569564948, 105.89796569564948, 'SEARCH'
11, 22863, 105.92559902447573, 105.92559902447573, 'SEARCH'
11, 22864, 105.94276081639681, 105.94276081639681, 'SEARCH'
11, 22865, 105.95979537723746, 105.95979537723746, 'SEARCH'
11, 22866, 105.95987217142032, 105.95987217142032, 'SEARCH'
11, 22867, 105.96837258236721, 105.96837258236721, 'SEARCH'
11, 22868, 105.9674805492583, 105.9674805492583, 'SEARCH'
11, 22869, 105.98773562791065, 105.98773562791065, 'SEARCH'
11, 22870, 106.0093739902146, 106.0093739902146, 'SEARCH'
11, 22871, 106.03533828247036, 106.03533828247036, 'SEARCH'
11, 22872, 106.04149674288014, 106.04149674288014, 'SEARCH'
11, 22873, 106.06899265425899, 106.06899265425899, 'SEARCH'
11, 22874, 106.09377945127613, 106.09377945127613, 'SEARCH'
11, 22875, 106.11938257146255, 106.11938257146255, 'SEARCH'
11, 22876, 106.12879779994448, 106.12879779994448, 'SEARCH'
11, 22877, 106.14466433377459, 106.14466433377459, 'SEARCH'
11, 22878, 106.16220133228971, 106.16220133228971, 'SEARCH'
11, 22879, 106.17177765500142, 106.17177765500142, 'SEARCH'
11, 22880, 106.19169598009937, 106.19169598009937, 'SEARCH'
11, 22881, 106.21057905297322, 106.21057905297322, 'SEARCH'
11, 22882, 106.23824439753778, 106.23824439753778, 'SEARCH'
11, 22883, 106.26201564625599, 106.26201564625599, 'SEARCH'
11, 22884, 106.28018648581086, 106.28018648581086, 'SEARCH'
11, 22885, 106.30643057313497, 106.30643057313497, 'SEARCH'
11, 22886, 106.32497363563388, 106.32497363563388, 'SEARCH'
11, 22887, 106.34628550136961, 106.34628550136961, 'SEARCH'
11, 22888, 106.35200362148335, 106.35200362148335, 'SEARCH'
11, 22889, 106.37882246251222, 106.37882246251222, 'SEARCH'
11, 22890, 106.387449456372, 106.387449456372, 'SEARCH'
11, 22891, 106.41217420033195, 106.41217420033195, 'SEARCH'
11, 22892, 106.42961542229226, 106.42961542229226, 'SEARCH'
11, 22893, 106.42522749882492, 106.42522749882492, 'SEARCH'
11, 22894, 106.42187421384536, 106.42187421384536, 'SEARCH'
11, 22895, 106.43900978801723, 106.43900978801723, 'SEARCH'
11, 22896, 106.466677296258, 106.466677296258, 'SEARCH'
11, 22897, 106.46334293225141, 106.46334293225141, 'SEARCH'
11, 22898, 106.47232778226952, 106.47232778226952, 'SEARCH'
11, 22899, 106.48357862438611, 106.48357862438611, 'SEARCH'
11, 22900, 106.49833423372012, 106.49833423372012, 'SEARCH'
11, 22901, 106.52186379101676, 106.52186379101676, 'SEARCH'
11, 22902, 106.5184328441493, 106.5184328441493, 'SEARCH'
11, 22903, 106.53399509724902, 106.53399509724902, 'SEARCH'
11, 22904, 106.54577473320666, 106.54577473320666, 'SEARCH'
11, 22905, 106.55961640509486, 106.55961640509486, 'SEARCH'
11, 22906, 106.58732963440839, 106.58732963440839, 'SEARCH'
11, 22907, 106.60369447936094, 106.60369447936094, 'SEARCH'
11, 22908, 106.62121864589155, 106.62121864589155, 'SEARCH'
11, 22909, 106.64181855604899, 106.64181855604899, 'SEARCH'
11, 22910, 106.66839922642075, 106.66839922642075, 'SEARCH'
11, 22911, 106.69584444487707, 106.69584444487707, 'SEARCH'
11, 22912, 106.69639202331766, 106.69639202331766, 'SEARCH'
11, 22913, 106.72229828611178, 106.72229828611178, 'SEARCH'
11, 22914, 106.7361263408347, 106.7361263408347, 'SEARCH'
11, 22915, 106.73993195596661, 106.73993195596661, 'SEARCH'
11, 22916, 106.75883969814618, 106.75883969814618, 'SEARCH'
11, 22917, 106.7858959825801, 106.7858959825801, 'SEARCH'
11, 22918, 106.78634055556911, 106.78634055556911, 'SEARCH'
11, 22919, 106.80561556680587, 106.80561556680587, 'SEARCH'
11, 22920, 106.83335413601986, 106.83335413601986, 'SEARCH'
11, 22921, 106.84374000061612, 106.84374000061612, 'SEARCH'
11, 22922, 106.84997754209479, 106.84997754209479, 'SEARCH'
11, 22923, 106.85669834405876, 106.85669834405876, 'SEARCH'
11, 22924, 106.86798605404744, 106.86798605404744, 'SEARCH'
11, 22925, 106.86653063682596, 106.86653063682596, 'SEARCH'
11, 22926, 106.86896094474926, 106.86896094474926, 'SEARCH'
11, 22927, 106.88244559899543, 106.88244559899543, 'SEARCH'
11, 22928, 106.90940542580138, 106.90940542580138, 'SEARCH'
11, 22929, 106.93583352706956, 106.93583352706956, 'SEARCH'
11, 22930, 106.93828939810126, 106.93828939810126, 'SEARCH'
11, 22931, 106.96563715448798, 106.96563715448798, 'SEARCH'
11, 22932, 106.98890975743404, 106.98890975743404, 'SEARCH'
11, 22933, 106.9946485616456, 106.9946485616456, 'SEARCH'
11, 22934, 107.01055953981799, 107.01055953981799, 'SEARCH'
11, 22935, 107.01299770875102, 107.01299770875102, 'SEARCH'
11, 22936, 107.00820190131047, 107.00820190131047, 'SEARCH'
11, 22937, 107.02120825119303, 107.02120825119303, 'SEARCH'
11, 22938, 107.04804706292035, 107.04804706292035, 'SEARCH'
11, 22939, 107.07081943372266, 107.07081943372266, 'SEARCH'
11, 22940, 107.06981235617442, 107.06981235617442, 'SEARCH'
11, 22941, 107.07837079273214, 107.07837079273214, 'SEARCH'
11, 22942, 107.07838686140873, 107.07838686140873, 'SEARCH'
11, 22943, 107.09097356446827, 107.09097356446827, 'SEARCH'
11, 22944, 107.10957322526178, 107.10957322526178, 'SEARCH'
11, 22945, 107.13566722646895, 107.13566722646895, 'SEARCH'
11, 22946, 107.14193622535024, 107.14193622535024, 'SEARCH'
11, 22947, 107.1434215164092, 107.1434215164092, 'SEARCH'
11, 22948, 107.14201023930613, 107.14201023930613, 'SEARCH'
11, 22949, 107.16603965889415, 107.16603965889415, 'SEARCH'
11, 22950, 107.1849491136687, 107.1849491136687, 'SEARCH'
11, 22951, 107.18733084870553, 107.18733084870553, 'SEARCH'
11, 22952, 107.18542147508734, 107.18542147508734, 'SEARCH'
11, 22953, 107.19756301443321, 107.19756301443321, 'SEARCH'
11, 22954, 107.2178983805436, 107.2178983805436, 'SEARCH'
11, 22955, 107.24506152012192, 107.24506152012192, 'SEARCH'
11, 22956, 107.27223931407283, 107.27223931407283, 'SEARCH'
11, 22957, 107.28312591729417, 107.28312591729417, 'SEARCH'
11, 22958, 107.30026372583778, 107.30026372583778, 'SEARCH'
11, 22959, 107.32793101374781, 107.32793101374781, 'SEARCH'
11, 22960, 107.32846876298419, 107.32846876298419, 'SEARCH'
11, 22961, 107.34445384397004, 107.34445384397004, 'SEARCH'
11, 22962, 107.34934914601278, 107.34934914601278, 'SEARCH'
11, 22963, 107.35265131833157, 107.35265131833157, 'SEARCH'
11, 22964, 107.36037773535791, 107.36037773535791, 'SEARCH'
11, 22965, 107.38801191612778, 107.38801191612778, 'SEARCH'
11, 22966, 107.39621361617733, 107.39621361617733, 'SEARCH'
11, 22967, 107.42162814704416, 107.42162814704416, 'SEARCH'
11, 22968, 107.42918991289643, 107.42918991289643, 'SEARCH'
11, 22969, 107.45696485417697, 107.45696485417697, 'SEARCH'
11, 22970, 107.45898995998303, 107.45898995998303, 'SEARCH'
11, 22971, 107.47956671271056, 107.47956671271056, 'SEARCH'
11, 22972, 107.48590396044023, 107.48590396044023, 'SEARCH'
11, 22973, 107.51339707011148, 107.51339707011148, 'SEARCH'
11, 22974, 107.52737226552789, 107.52737226552789, 'SEARCH'
11, 22975, 107.55492947380775, 107.55492947380775, 'SEARCH'
11, 22976, 107.5622226157435, 107.5622226157435, 'SEARCH'
11, 22977, 107.57450559388795, 107.57450559388795, 'SEARCH'
11, 22978, 107.5897415355038, 107.5897415355038, 'SEARCH'
11, 22979, 107.61653703160923, 107.61653703160923, 'SEARCH'
11, 22980, 107.6261631375947, 107.6261631375947, 'SEARCH'
11, 22981, 107.63132193369763, 107.63132193369763, 'SEARCH'
11, 22982, 107.6588761294579, 107.6588761294579, 'SEARCH'
11, 22983, 107.65900743707087, 107.65900743707087, 'SEARCH'
11, 22984, 107.66397119388344, 107.66397119388344, 'SEARCH'
11, 22985, 107.6655780421114, 107.6655780421114, 'SEARCH'
11, 22986, 107.67746621652655, 107.67746621652655, 'SEARCH'
11, 22987, 107.67583840876118, 107.67583840876118, 'SEARCH'
11, 22988, 107.70275111714479, 107.70275111714479, 'SEARCH'
11, 22989, 107.71285512776905, 107.71285512776905, 'SEARCH'
11, 22990, 107.72701541530549, 107.72701541530549, 'SEARCH'
11, 22991, 107.7384602335561, 107.7384602335561, 'SEARCH'
11, 22992, 107.76606748096883, 107.76606748096883, 'SEARCH'
11, 22993, 107.79157050790394, 107.79157050790394, 'SEARCH'
11, 22994, 107.80966997246745, 107.80966997246745, 'SEARCH'
11, 22995, 107.80692133888013, 107.80692133888013, 'SEARCH'
11, 22996, 107.81158048549796, 107.81158048549796, 'SEARCH'
11, 22997, 107.83661490230175, 107.83661490230175, 'SEARCH'
11, 22998, 107.83790851566103, 107.83790851566103, 'SEARCH'
11, 22999, 107.86000271911381, 107.86000271911381, 'SEARCH'
11, 23000, 107.8762148400224, 107.8762148400224, 'SEARCH'
11, 23001, 107.90201945198382, 107.90201945198382, 'SEARCH'
11, 23002, 107.91703343702423, 107.91703343702423, 'SEARCH'
11, 23003, 107.92293310902987, 107.92293310902987, 'SEARCH'
11, 23004, 107.9408938298882, 107.9408938298882, 'SEARCH'
11, 23005, 107.96426960296118, 107.96426960296118, 'SEARCH'
11, 23006, 107.99203535054671, 107.99203535054671, 'SEARCH'
11, 23007, 108.01936430413518, 108.01936430413518, 'SEARCH'
11, 23008, 108.02499306795701, 108.02499306795701, 'SEARCH'
11, 23009, 108.04604798158648, 108.04604798158648, 'SEARCH'
11, 23010, 108.07256901580621, 108.07256901580621, 'SEARCH'
11, 23011, 108.07867908349769, 108.07867908349769, 'SEARCH'
11, 23012, 108.09432077416697, 108.09432077416697, 'SEARCH'
11, 23013, 108.10164552754566, 108.10164552754566, 'SEARCH'
11, 23014, 108.11690072965139, 108.11690072965139, 'SEARCH'
11, 23015, 108.1334896894674, 108.1334896894674, 'SEARCH'
11, 23016, 108.16124486951732, 108.16124486951732, 'SEARCH'
11, 23017, 108.18043266212206, 108.18043266212206, 'SEARCH'
11, 23018, 108.19273692645307, 108.19273692645307, 'SEARCH'
11, 23019, 108.19675300637734, 108.19675300637734, 'SEARCH'
11, 23020, 108.20425303840894, 108.20425303840894, 'SEARCH'
11, 23021, 108.2310446071944, 108.2310446071944, 'SEARCH'
11, 23022, 108.2552672199704, 108.2552672199704, 'SEARCH'
11, 23023, 108.25154276061336, 108.25154276061336, 'SEARCH'
11, 23024, 108.26654227206359, 108.26654227206359, 'SEARCH'
11, 23025, 108.26910702065119, 108.26910702065119, 'SEARCH'
11, 23026, 108.27473017694213, 108.27473017694213, 'SEARCH'
11, 23027, 108.2726484513874, 108.2726484513874, 'SEARCH'
11, 23028, 108.29879630256185, 108.29879630256185, 'SEARCH'
11, 23029, 108.31868273926243, 108.31868273926243, 'SEARCH'
11, 23030, 108.3429150974708, 108.3429150974708, 'SEARCH'
11, 23031, 108.3461783704882, 108.3461783704882, 'SEARCH'
11, 23032, 108.37159985180601, 108.37159985180601, 'SEARCH'
11, 23033, 108.37936777723627, 108.37936777723627, 'SEARCH'
11, 23034, 108.38143170589804, 108.38143170589804, 'SEARCH'
11, 23035, 108.38516116306704, 108.38516116306704, 'SEARCH'
11, 23036, 108.38454982149382, 108.38454982149382, 'SEARCH'
11, 23037, 108.38153155772544, 108.38153155772544, 'SEARCH'
11, 23038, 108.40365299871702, 108.40365299871702, 'SEARCH'
11, 23039, 108.42577871824984, 108.42577871824984, 'SEARCH'
11, 23040, 108.44356483860273, 108.44356483860273, 'SEARCH'
11, 23041, 108.46426199889129, 108.46426199889129, 'SEARCH'
11, 23042, 108.47229882029485, 108.47229882029485, 'SEARCH'
11, 23043, 108.48984015543462, 108.48984015543462, 'SEARCH'
11, 23044, 108.51432595549147, 108.51432595549147, 'SEARCH'
11, 23045, 108.53356408190803, 108.53356408190803, 'SEARCH'
11, 23046, 108.54035403351727, 108.54035403351727, 'SEARCH'
11, 23047, 108.56219209093376, 108.56219209093376, 'SEARCH'
11, 23048, 108.58937848487209, 108.58937848487209, 'SEARCH'
11, 23049, 108.61687502333288, 108.61687502333288, 'SEARCH'
11, 23050, 108.61743544583149, 108.61743544583149, 'SEARCH'
11, 23051, 108.64485750319191, 108.64485750319191, 'SEARCH'
11, 23052, 108.65563307643319, 108.65563307643319, 'SEARCH'
11, 23053, 108.66596996068985, 108.66596996068985, 'SEARCH'
11, 23054, 108.67368768625377, 108.67368768625377, 'SEARCH'
11, 23055, 108.6984715336712, 108.6984715336712, 'SEARCH'
11, 23056, 108.71242888901294, 108.71242888901294, 'SEARCH'
11, 23057, 108.72868441340324, 108.72868441340324, 'SEARCH'
11, 23058, 108.7442832586822, 108.7442832586822, 'SEARCH'
11, 23059, 108.74274113388167, 108.74274113388167, 'SEARCH'
11, 23060, 108.76625701331794, 108.76625701331794, 'SEARCH'
11, 23061, 108.78848393019133, 108.78848393019133, 'SEARCH'
11, 23062, 108.81573648017351, 108.81573648017351, 'SEARCH'
11, 23063, 108.83364895888093, 108.83364895888093, 'SEARCH'
11, 23064, 108.83259633402939, 108.83259633402939, 'SEARCH'
11, 23065, 108.86022937178177, 108.86022937178177, 'SEARCH'
11, 23066, 108.87738835107632, 108.87738835107632, 'SEARCH'
11, 23067, 108.89442582108592, 108.89442582108592, 'SEARCH'
11, 23068, 108.92176895083001, 108.92176895083001, 'SEARCH'
11, 23069, 108.94399527274629, 108.94399527274629, 'SEARCH'
11, 23070, 108.95610352704229, 108.95610352704229, 'SEARCH'
11, 23071, 108.97773242362038, 108.97773242362038, 'SEARCH'
11, 23072, 108.97683583021775, 108.97683583021775, 'SEARCH'
11, 23073, 108.97965563105879, 108.97965563105879, 'SEARCH'
11, 23074, 108.98392901006878, 108.98392901006878, 'SEARCH'
11, 23075, 108.98144660620672, 108.98144660620672, 'SEARCH'
11, 23076, 109.00639097324773, 109.00639097324773, 'SEARCH'
11, 23077, 109.03389211035781, 109.03389211035781, 'SEARCH'
11, 23078, 109.05575473456925, 109.05575473456925, 'SEARCH'
11, 23079, 109.08200745979694, 109.08200745979694, 'SEARCH'
11, 23080, 109.1094382641147, 109.1094382641147, 'SEARCH'
11, 23081, 109.12727081250402, 109.12727081250402, 'SEARCH'
11, 23082, 109.12390601824241, 109.12390601824241, 'SEARCH'
11, 23083, 109.12193648133244, 109.12193648133244, 'SEARCH'
11, 23084, 109.11713324616052, 109.11713324616052, 'SEARCH'
11, 23085, 109.14017988353791, 109.14017988353791, 'SEARCH'
11, 23086, 109.15534052493179, 109.15534052493179, 'SEARCH'
11, 23087, 109.18177331524349, 109.18177331524349, 'SEARCH'
11, 23088, 109.18749937607454, 109.18749937607454, 'SEARCH'
11, 23089, 109.18503937916671, 109.18503937916671, 'SEARCH'
11, 23090, 109.21198528262317, 109.21198528262317, 'SEARCH'
11, 23091, 109.22906749361046, 109.22906749361046, 'SEARCH'
11, 23092, 109.2506451063472, 109.2506451063472, 'SEARCH'
11, 23093, 109.27706583245939, 109.27706583245939, 'SEARCH'
11, 23094, 109.30482629568516, 109.30482629568516, 'SEARCH'
11, 23095, 109.32863113838684, 109.32863113838684, 'SEARCH'
11, 23096, 109.35380458042857, 109.35380458042857, 'SEARCH'
11, 23097, 109.35186787590622, 109.35186787590622, 'SEARCH'
11, 23098, 109.37433332984216, 109.37433332984216, 'SEARCH'
11, 23099, 109.38429353833318, 109.38429353833318, 'SEARCH'
11, 23100, 109.41004237696343, 109.41004237696343, 'SEARCH'
11, 23101, 109.43780367768636, 109.43780367768636, 'SEARCH'
11, 23102, 109.45209861877738, 109.45209861877738, 'SEARCH'
11, 23103, 109.4792685450591, 109.4792685450591, 'SEARCH'
11, 23104, 109.48023591921091, 109.48023591921091, 'SEARCH'
11, 23105, 109.47589973833888, 109.47589973833888, 'SEARCH'
11, 23106, 109.49447133298146, 109.49447133298146, 'SEARCH'
11, 23107, 109.50619992481454, 109.50619992481454, 'SEARCH'
11, 23108, 109.52173189783971, 109.52173189783971, 'SEARCH'
11, 23109, 109.54829834091474, 109.54829834091474, 'SEARCH'
11, 23110, 109.5642408564329, 109.5642408564329, 'SEARCH'
11, 23111, 109.56712294203888, 109.56712294203888, 'SEARCH'
11, 23112, 109.58987126979663, 109.58987126979663, 'SEARCH'
11, 23113, 109.61597522605612, 109.61597522605612, 'SEARCH'
11, 23114, 109.62770706971061, 109.62770706971061, 'SEARCH'
11, 23115, 109.63720938240074, 109.63720938240074, 'SEARCH'
11, 23116, 109.65816534781676, 109.65816534781676, 'SEARCH'
11, 23117, 109.68334253745336, 109.68334253745336, 'SEARCH'
11, 23118, 109.70763309386192, 109.70763309386192, 'SEARCH'
11, 23119, 109.7349011344339, 109.7349011344339, 'SEARCH'
11, 23120, 109.76027534781244, 109.76027534781244, 'SEARCH'
11, 23121, 109.7607601268635, 109.7607601268635, 'SEARCH'
11, 23122, 109.77897534082874, 109.77897534082874, 'SEARCH'
11, 23123, 109.79286688556448, 109.79286688556448, 'SEARCH'
11, 23124, 109.79045904034288, 109.79045904034288, 'SEARCH'
11, 23125, 109.81701586289381, 109.81701586289381, 'SEARCH'
11, 23126, 109.83950125513111, 109.83950125513111, 'SEARCH'
11, 23127, 109.86694151480928, 109.86694151480928, 'SEARCH'
11, 23128, 109.89457033326886, 109.89457033326886, 'SEARCH'
11, 23129, 109.90628028973288, 109.90628028973288, 'SEARCH'
11, 23130, 109.93385371696128, 109.93385371696128, 'SEARCH'
11, 23131, 109.93145666606861, 109.93145666606861, 'SEARCH'
11, 23132, 109.94137823341141, 109.94137823341141, 'SEARCH'
11, 23133, 109.95180701687659, 109.95180701687659, 'SEARCH'
11, 23134, 109.97916895860843, 109.97916895860843, 'SEARCH'
11, 23135, 109.9896099745481, 109.9896099745481, 'SEARCH'
11, 23136, 109.99721957785029, 109.99721957785029, 'SEARCH'
11, 23137, 110.00537727542468, 110.00537727542468, 'SEARCH'
11, 23138, 110.03313980005805, 110.03313980005805, 'SEARCH'
11, 23139, 110.06071655689473, 110.06071655689473, 'SEARCH'
11, 23140, 110.0880812492378, 110.0880812492378, 'SEARCH'
11, 23141, 110.09200068012723, 110.09200068012723, 'SEARCH'
11, 23142, 110.11740351591138, 110.11740351591138, 'SEARCH'
11, 23143, 110.14019813731106, 110.14019813731106, 'SEARCH'
11, 23144, 110.1649834064861, 110.1649834064861, 'SEARCH'
11, 23145, 110.18363203480257, 110.18363203480257, 'SEARCH'
11, 23146, 110.18979106425263, 110.18979106425263, 'SEARCH'
11, 23147, 110.20071902408368, 110.20071902408368, 'SEARCH'
11, 23148, 110.22063697285026, 110.22063697285026, 'SEARCH'
11, 23149, 110.22790733677692, 110.22790733677692, 'SEARCH'
11, 23150, 110.2326372269183, 110.2326372269183, 'SEARCH'
11, 23151, 110.25823942951527, 110.25823942951527, 'SEARCH'
11, 23152, 110.26105479578727, 110.26105479578727, 'SEARCH'
11, 23153, 110.27458922650075, 110.27458922650075, 'SEARCH'
11, 23154, 110.27129085961154, 110.27129085961154, 'SEARCH'
11, 23155, 110.28178826853059, 110.28178826853059, 'SEARCH'
11, 23156, 110.30487830951253, 110.30487830951253, 'SEARCH'
11, 23157, 110.32823801114492, 110.32823801114492, 'SEARCH'
11, 23158, 110.3285995862969, 110.3285995862969, 'SEARCH'
11, 23159, 110.35294852504603, 110.35294852504603, 'SEARCH'
11, 23160, 110.379617574057, 110.379617574057, 'SEARCH'
11, 23161, 110.40215757626495, 110.40215757626495, 'SEARCH'
11, 23162, 110.42993508628182, 110.42993508628182, 'SEARCH'
11, 23163, 110.45189939967021, 110.45189939967021, 'SEARCH'
11, 23164, 110.4635210139139, 110.4635210139139, 'SEARCH'
11, 23165, 110.4672685686969, 110.4672685686969, 'SEARCH'
11, 23166, 110.49412761153692, 110.49412761153692, 'SEARCH'
11, 23167, 110.52072400898422, 110.52072400898422, 'SEARCH'
11, 23168, 110.51578699614376, 110.51578699614376, 'SEARCH'
11, 23169, 110.54348967736583, 110.54348967736583, 'SEARCH'
11, 23170, 110.55893702040245, 110.55893702040245, 'SEARCH'
11, 23171, 110.58228446991914, 110.58228446991914, 'SEARCH'
11, 23172, 110.60887773670254, 110.60887773670254, 'SEARCH'
11, 23173, 110.63400865106753, 110.63400865106753, 'SEARCH'
11, 23174, 110.63390878396743, 110.63390878396743, 'SEARCH'
11, 23175, 110.64702752047134, 110.64702752047134, 'SEARCH'
11, 23176, 110.64761099172809, 110.64761099172809, 'SEARCH'
11, 23177, 110.64481716040319, 110.64481716040319, 'SEARCH'
11, 23178, 110.66830926811026, 110.66830926811026, 'SEARCH'
11, 23179, 110.68209756564463, 110.68209756564463, 'SEARCH'
11, 23180, 110.70644384434779, 110.70644384434779, 'SEARCH'
11, 23181, 110.70897653428696, 110.70897653428696, 'SEARCH'
11, 23182, 110.73430220816682, 110.73430220816682, 'SEARCH'
11, 23183, 110.75469883141537, 110.75469883141537, 'SEARCH'
11, 23184, 110.77939080892814, 110.77939080892814, 'SEARCH'
11, 23185, 110.79035729947395, 110.79035729947395, 'SEARCH'
11, 23186, 110.8149460498987, 110.8149460498987, 'SEARCH'
11, 23187, 110.8425858819397, 110.8425858819397, 'SEARCH'
11, 23188, 110.86846779805276, 110.86846779805276, 'SEARCH'
11, 23189, 110.8943510921278, 110.8943510921278, 'SEARCH'
11, 23190, 110.90508178308188, 110.90508178308188, 'SEARCH'
11, 23191, 110.91424142228483, 110.91424142228483, 'SEARCH'
11, 23192, 110.93926638270072, 110.93926638270072, 'SEARCH'
11, 23193, 110.94909069049797, 110.94909069049797, 'SEARCH'
11, 23194, 110.97321106955452, 110.97321106955452, 'SEARCH'
11, 23195, 111.00007695103513, 111.00007695103513, 'SEARCH'
11, 23196, 111.0247640130967, 111.0247640130967, 'SEARCH'
11, 23197, 111.01933285866293, 111.01933285866293, 'SEARCH'
11, 23198, 111.04445632582019, 111.04445632582019, 'SEARCH'
11, 23199, 111.06892735637558, 111.06892735637558, 'SEARCH'
11, 23200, 111.08032798728452, 111.08032798728452, 'SEARCH'
11, 23201, 111.07948151735845, 111.07948151735845, 'SEARCH'
11, 23202, 111.10634733603843, 111.10634733603843, 'SEARCH'
11, 23203, 111.13338176770823, 111.13338176770823, 'SEARCH'
11, 23204, 111.16062293599218, 111.16062293599218, 'SEARCH'
11, 23205, 111.18317416047132, 111.18317416047132, 'SEARCH'
11, 23206, 111.19735950471512, 111.19735950471512, 'SEARCH'
11, 23207, 111.21028418602214, 111.21028418602214, 'SEARCH'
11, 23208, 111.23747991028718, 111.23747991028718, 'SEARCH'
11, 23209, 111.24548256764916, 111.24548256764916, 'SEARCH'
11, 23210, 111.27314456187945, 111.27314456187945, 'SEARCH'
11, 23211, 111.3007287631423, 111.3007287631423, 'SEARCH'
11, 23212, 111.32792305522928, 111.32792305522928, 'SEARCH'
11, 23213, 111.3508861924538, 111.3508861924538, 'SEARCH'
11, 23214, 111.36252501000811, 111.36252501000811, 'SEARCH'
11, 23215, 111.38765762818622, 111.38765762818622, 'SEARCH'
11, 23216, 111.41533788933883, 111.41533788933883, 'SEARCH'
11, 23217, 111.44004376935132, 111.44004376935132, 'SEARCH'
11, 23218, 111.45401249617181, 111.45401249617181, 'SEARCH'
11, 23219, 111.47934682851503, 111.47934682851503, 'SEARCH'
11, 23220, 111.48118648022233, 111.48118648022233, 'SEARCH'
11, 23221, 111.48352123913772, 111.48352123913772, 'SEARCH'
11, 23222, 111.48006167959367, 111.48006167959367, 'SEARCH'
11, 23223, 111.50285206370377, 111.50285206370377, 'SEARCH'
11, 23224, 111.50389167981369, 111.50389167981369, 'SEARCH'
11, 23225, 111.51255343821842, 111.51255343821842, 'SEARCH'
11, 23226, 111.53808640949798, 111.53808640949798, 'SEARCH'
11, 23227, 111.56575057645408, 111.56575057645408, 'SEARCH'
11, 23228, 111.5933852935929, 111.5933852935929, 'SEARCH'
11, 23229, 111.59541286826523, 111.59541286826523, 'SEARCH'
11, 23230, 111.61371351695726, 111.61371351695726, 'SEARCH'
11, 23231, 111.63492096484268, 111.63492096484268, 'SEARCH'
11, 23232, 111.64700455435337, 111.64700455435337, 'SEARCH'
11, 23233, 111.66865059283349, 111.66865059283349, 'SEARCH'
11, 23234, 111.6780560551242, 111.6780560551242, 'SEARCH'
11, 23235, 111.6898771285739, 111.6898771285739, 'SEARCH'
11, 23236, 111.71548602448148, 111.71548602448148, 'SEARCH'
11, 23237, 111.74310034637992, 111.74310034637992, 'SEARCH'
11, 23238, 111.75689800953373, 111.75689800953373, 'SEARCH'
11, 23239, 111.76766395504622, 111.76766395504622, 'SEARCH'
11, 23240, 111.789605057827, 111.789605057827, 'SEARCH'
11, 23241, 111.81143742954458, 111.81143742954458, 'SEARCH'
11, 23242, 111.80700795968394, 111.80700795968394, 'SEARCH'
11, 23243, 111.81911892425428, 111.81911892425428, 'SEARCH'
11, 23244, 111.82002543809054, 111.82002543809054, 'SEARCH'
11, 23245, 111.83678334493163, 111.83678334493163, 'SEARCH'
11, 23246, 111.8526661448211, 111.8526661448211, 'SEARCH'
11, 23247, 111.88034265148248, 111.88034265148248, 'SEARCH'
11, 23248, 111.90189675032543, 111.90189675032543, 'SEARCH'
11, 23249, 111.92897283046453, 111.92897283046453, 'SEARCH'
11, 23250, 111.93230967520797, 111.93230967520797, 'SEARCH'
11, 23251, 111.94319742958078, 111.94319742958078, 'SEARCH'
11, 23252, 111.96475449353395, 111.96475449353395, 'SEARCH'
11, 23253, 111.96325977658923, 111.96325977658923, 'SEARCH'
11, 23254, 111.96080975247094, 111.96080975247094, 'SEARCH'
11, 23255, 111.98011826170097, 111.98011826170097, 'SEARCH'
11, 23256, 112.00717820983873, 112.00717820983873, 'SEARCH'
11, 23257, 112.0314616285482, 112.0314616285482, 'SEARCH'
11, 23258, 112.03772825894139, 112.03772825894139, 'SEARCH'
11, 23259, 112.05704597750058, 112.05704597750058, 'SEARCH'
11, 23260, 112.07220748276845, 112.07220748276845, 'SEARCH'
11, 23261, 112.09994457795383, 112.09994457795383, 'SEARCH'
11, 23262, 112.11163962598953, 112.11163962598953, 'SEARCH'
11, 23263, 112.1165009241036, 112.1165009241036, 'SEARCH'
11, 23264, 112.13540865654326, 112.13540865654326, 'SEARCH'
11, 23265, 112.13150146008752, 112.13150146008752, 'SEARCH'
11, 23266, 112.15212437642225, 112.15212437642225, 'SEARCH'
11, 23267, 112.16645003257784, 112.16645003257784, 'SEARCH'
11, 23268, 112.18835929032849, 112.18835929032849, 'SEARCH'
11, 23269, 112.21463677868782, 112.21463677868782, 'SEARCH'
11, 23270, 112.22326293003835, 112.22326293003835, 'SEARCH'
11, 23271, 112.22718427613792, 112.22718427613792, 'SEARCH'
11, 23272, 112.22918960318485, 112.22918960318485, 'SEARCH'
11, 23273, 112.249226556895, 112.249226556895, 'SEARCH'
11, 23274, 112.27024852359982, 112.27024852359982, 'SEARCH'
11, 23275, 112.28982209191999, 112.28982209191999, 'SEARCH'
11, 23276, 112.29923964883368, 112.29923964883368, 'SEARCH'
11, 23277, 112.32175765035224, 112.32175765035224, 'SEARCH'
11, 23278, 112.34947353363945, 112.34947353363945, 'SEARCH'
11, 23279, 112.36243857788756, 112.36243857788756, 'SEARCH'
11, 23280, 112.37410951860888, 112.37410951860888, 'SEARCH'
11, 23281, 112.40153508573769, 112.40153508573769, 'SEARCH'
11, 23282, 112.41751965636568, 112.41751965636568, 'SEARCH'
11, 23283, 112.442925689766, 112.442925689766, 'SEARCH'
11, 23284, 112.44284704207858, 112.44284704207858, 'SEARCH'
11, 23285, 112.44808179129014, 112.44808179129014, 'SEARCH'
11, 23286, 112.47211046917182, 112.47211046917182, 'SEARCH'
11, 23287, 112.49819608355557, 112.49819608355557, 'SEARCH'
11, 23288, 112.52590935106066, 112.52590935106066, 'SEARCH'
11, 23289, 112.54592364505427, 112.54592364505427, 'SEARCH'
11, 23290, 112.56898352471649, 112.56898352471649, 'SEARCH'
11, 23291, 112.57434526784114, 112.57434526784114, 'SEARCH'
11, 23292, 112.60102635650665, 112.60102635650665, 'SEARCH'
11, 23293, 112.59565585720568, 112.59565585720568, 'SEARCH'
11, 23294, 112.59704995508102, 112.59704995508102, 'SEARCH'
11, 23295, 112.62456401729841, 112.62456401729841, 'SEARCH'
11, 23296, 112.64417054900652, 112.64417054900652, 'SEARCH'
11, 23297, 112.66632972489994, 112.66632972489994, 'SEARCH'
11, 23298, 112.67448449490455, 112.67448449490455, 'SEARCH'
11, 23299, 112.67346865173393, 112.67346865173393, 'SEARCH'
11, 23300, 112.6897681325528, 112.6897681325528, 'SEARCH'
11, 23301, 112.71452965644393, 112.71452965644393, 'SEARCH'
11, 23302, 112.73698422033092, 112.73698422033092, 'SEARCH'
11, 23303, 112.7469613921735, 112.7469613921735, 'SEARCH'
11, 23304, 112.77473553547696, 112.77473553547696, 'SEARCH'
11, 23305, 112.78242681159946, 112.78242681159946, 'SEARCH'
11, 23306, 112.78824882268997, 112.78824882268997, 'SEARCH'
11, 23307, 112.81598535087929, 112.81598535087929, 'SEARCH'
11, 23308, 112.83870547817752, 112.83870547817752, 'SEARCH'
11, 23309, 112.86176378837135, 112.86176378837135, 'SEARCH'
11, 23310, 112.85928315371923, 112.85928315371923, 'SEARCH'
11, 23311, 112.88678389701674, 112.88678389701674, 'SEARCH'
11, 23312, 112.88828422044672, 112.88828422044672, 'SEARCH'
11, 23313, 112.90796749505476, 112.90796749505476, 'SEARCH'
11, 23314, 112.93568223004462, 112.93568223004462, 'SEARCH'
11, 23315, 112.94602424429813, 112.94602424429813, 'SEARCH'
11, 23316, 112.9430633006618, 112.9430633006618, 'SEARCH'
11, 23317, 112.96845811257089, 112.96845811257089, 'SEARCH'
11, 23318, 112.9675396209868, 112.9675396209868, 'SEARCH'
11, 23319, 112.9920954476773, 112.9920954476773, 'SEARCH'
11, 23320, 113.00243717486546, 113.00243717486546, 'SEARCH'
11, 23321, 113.0158533539487, 113.0158533539487, 'SEARCH'
11, 23322, 113.01396322812022, 113.01396322812022, 'SEARCH'
11, 23323, 113.01968019118212, 113.01968019118212, 'SEARCH'
11, 23324, 113.04212466298704, 113.04212466298704, 'SEARCH'
11, 23325, 113.04361959766071, 113.04361959766071, 'SEARCH'
11, 23326, 113.06667816537892, 113.06667816537892, 'SEARCH'
11, 23327, 113.0637145747211, 113.0637145747211, 'SEARCH'
11, 23328, 113.0875496327086, 113.0875496327086, 'SEARCH'
11, 23329, 113.10790241518201, 113.10790241518201, 'SEARCH'
11, 23330, 113.10206505831707, 113.10206505831707, 'SEARCH'
11, 23331, 113.1191261151296, 113.1191261151296, 'SEARCH'
11, 23332, 113.14679447107991, 113.14679447107991, 'SEARCH'
11, 23333, 113.15671022236506, 113.15671022236506, 'SEARCH'
11, 23334, 113.15090501617259, 113.15090501617259, 'SEARCH'
11, 23335, 113.153790027259, 113.153790027259, 'SEARCH'
11, 23336, 113.17343661830147, 113.17343661830147, 'SEARCH'
11, 23337, 113.2005059436761, 113.2005059436761, 'SEARCH'
11, 23338, 113.20998896395417, 113.20998896395417, 'SEARCH'
11, 23339, 113.2190254752803, 113.2190254752803, 'SEARCH'
11, 23340, 113.22193285574009, 113.22193285574009, 'SEARCH'
11, 23341, 113.23321665400418, 113.23321665400418, 'SEARCH'
11, 23342, 113.25180020103447, 113.25180020103447, 'SEARCH'
11, 23343, 113.2748264093591, 113.2748264093591, 'SEARCH'
11, 23344, 113.29912055757217, 113.29912055757217, 'SEARCH'
11, 23345, 113.3265556413232, 113.3265556413232, 'SEARCH'
11, 23346, 113.35325818703276, 113.35325818703276, 'SEARCH'
11, 23347, 113.38061278279746, 113.38061278279746, 'SEARCH'
11, 23348, 113.40812093511364, 113.40812093511364, 'SEARCH'
11, 23349, 113.42775771137411, 113.42775771137411, 'SEARCH'
11, 23350, 113.42921039828119, 113.42921039828119, 'SEARCH'
11, 23351, 113.43306538769245, 113.43306538769245, 'SEARCH'
11, 23352, 113.46083895064025, 113.46083895064025, 'SEARCH'
11, 23353, 113.4642249027851, 113.4642249027851, 'SEARCH'
11, 23354, 113.47852064081218, 113.47852064081218, 'SEARCH'
11, 23355, 113.4866440545725, 113.4866440545725, 'SEARCH'
11, 23356, 113.50256563365926, 113.50256563365926, 'SEARCH'
11, 23357, 113.5097582997124, 113.5097582997124, 'SEARCH'
11, 23358, 113.53726365753289, 113.53726365753289, 'SEARCH'
11, 23359, 113.5649368510281, 113.5649368510281, 'SEARCH'
11, 23360, 113.5892383869836, 113.5892383869836, 'SEARCH'
11, 23361, 113.58728172868179, 113.58728172868179, 'SEARCH'
11, 23362, 113.59722992278941, 113.59722992278941, 'SEARCH'
11, 23363, 113.60012894763297, 113.60012894763297, 'SEARCH'
11, 23364, 113.59723281456914, 113.59723281456914, 'SEARCH'
11, 23365, 113.60671494496924, 113.60671494496924, 'SEARCH'
11, 23366, 113.6230358076595, 113.6230358076595, 'SEARCH'
11, 23367, 113.63115528639531, 113.63115528639531, 'SEARCH'
11, 23368, 113.65363353936932, 113.65363353936932, 'SEARCH'
11, 23369, 113.6797416711925, 113.6797416711925, 'SEARCH'
11, 23370, 113.69870071416295, 113.69870071416295, 'SEARCH'
11, 23371, 113.71694618447764, 113.71694618447764, 'SEARCH'
11, 23372, 113.72029416430831, 113.72029416430831, 'SEARCH'
11, 23373, 113.73779503123157, 113.73779503123157, 'SEARCH'
11, 23374, 113.74594956494039, 113.74594956494039, 'SEARCH'
11, 23375, 113.77153713877001, 113.77153713877001, 'SEARCH'
11, 23376, 113.79603970497963, 113.79603970497963, 'SEARCH'
11, 23377, 113.81853847649579, 113.81853847649579, 'SEARCH'
11, 23378, 113.81703353311444, 113.81703353311444, 'SEARCH'
11, 23379, 113.83894675946907, 113.83894675946907, 'SEARCH'
11, 23380, 113.85444152511536, 113.85444152511536, 'SEARCH'
11, 23381, 113.86658622413283, 113.86658622413283, 'SEARCH'
11, 23382, 113.87917502129982, 113.87917502129982, 'SEARCH'
11, 23383, 113.90588049962903, 113.90588049962903, 'SEARCH'
11, 23384, 113.92518852189497, 113.92518852189497, 'SEARCH'
11, 23385, 113.93333397637426, 113.93333397637426, 'SEARCH'
11, 23386, 113.9545893921681, 113.9545893921681, 'SEARCH'
11, 23387, 113.98154893087883, 113.98154893087883, 'SEARCH'
11, 23388, 113.98012615302099, 113.98012615302099, 'SEARCH'
11, 23389, 113.99939106566838, 113.99939106566838, 'SEARCH'
11, 23390, 114.02701308028924, 114.02701308028924, 'SEARCH'
11, 23391, 114.05256995323153, 114.05256995323153, 'SEARCH'
11, 23392, 114.07974638220294, 114.07974638220294, 'SEARCH'
11, 23393, 114.10725790835414, 114.10725790835414, 'SEARCH'
11, 23394, 114.13468887517533, 114.13468887517533, 'SEARCH'
11, 23395, 114.15942616537592, 114.15942616537592, 'SEARCH'
11, 23396, 114.18613404944644, 114.18613404944644, 'SEARCH'
11, 23397, 114.21370785828108, 114.21370785828108, 'SEARCH'
11, 23398, 114.24098031602657, 114.24098031602657, 'SEARCH'
11, 23399, 114.24625270471672, 114.24625270471672, 'SEARCH'
11, 23400, 114.24865751635403, 114.24865751635403, 'SEARCH'
11, 23401, 114.26083092373078, 114.26083092373078, 'SEARCH'
11, 23402, 114.28330788324772, 114.28330788324772, 'SEARCH'
11, 23403, 114.28571410469368, 114.28571410469368, 'SEARCH'
11, 23404, 114.30393598679065, 114.30393598679065, 'SEARCH'
11, 23405, 114.31987388498607, 114.31987388498607, 'SEARCH'
11, 23406, 114.34750118162559, 114.34750118162559, 'SEARCH'
11, 23407, 114.3747718527611, 114.3747718527611, 'SEARCH'
11, 23408, 114.37188716371874, 114.37188716371874, 'SEARCH'
11, 23409, 114.39120570828355, 114.39120570828355, 'SEARCH'
11, 23410, 114.41846550355093, 114.41846550355093, 'SEARCH'
11, 23411, 114.44474194750364, 114.44474194750364, 'SEARCH'
11, 23412, 114.44720343780337, 114.44720343780337, 'SEARCH'
11, 23413, 114.45015960259136, 114.45015960259136, 'SEARCH'
11, 23414, 114.47659788381296, 114.47659788381296, 'SEARCH'
11, 23415, 114.49298062036833, 114.49298062036833, 'SEARCH'
11, 23416, 114.50009445225339, 114.50009445225339, 'SEARCH'
11, 23417, 114.51056154101067, 114.51056154101067, 'SEARCH'
11, 23418, 114.52310330895935, 114.52310330895935, 'SEARCH'
11, 23419, 114.5259409449885, 114.5259409449885, 'SEARCH'
11, 23420, 114.52298370445811, 114.52298370445811, 'SEARCH'
11, 23421, 114.54701906346774, 114.54701906346774, 'SEARCH'
11, 23422, 114.57002817912685, 114.57002817912685, 'SEARCH'
11, 23423, 114.59630166906395, 114.59630166906395, 'SEARCH'
11, 23424, 114.62314109279747, 114.62314109279747, 'SEARCH'
11, 23425, 114.65091401934306, 114.65091401934306, 'SEARCH'
11, 23426, 114.66044623282733, 114.66044623282733, 'SEARCH'
11, 23427, 114.67471411514322, 114.67471411514322, 'SEARCH'
11, 23428, 114.68508800568203, 114.68508800568203, 'SEARCH'
11, 23429, 114.69937514615692, 114.69937514615692, 'SEARCH'
11, 23430, 114.72530367382707, 114.72530367382707, 'SEARCH'
11, 23431, 114.74561424727634, 114.74561424727634, 'SEARCH'
11, 23432, 114.76455989757243, 114.76455989757243, 'SEARCH'
11, 23433, 114.7780171550865, 114.7780171550865, 'SEARCH'
11, 23434, 114.77850238328202, 114.77850238328202, 'SEARCH'
11, 23435, 114.78520998585138, 114.78520998585138, 'SEARCH'
11, 23436, 114.79050933661433, 114.79050933661433, 'SEARCH'
11, 23437, 114.80872477275902, 114.80872477275902, 'SEARCH'
11, 23438, 114.83175444759102, 114.83175444759102, 'SEARCH'
11, 23439, 114.83893604185735, 114.83893604185735, 'SEARCH'
11, 23440, 114.85023792513371, 114.85023792513371, 'SEARCH'
11, 23441, 114.84587722265734, 114.84587722265734, 'SEARCH'
11, 23442, 114.87062884640875, 114.87062884640875, 'SEARCH'
11, 23443, 114.89538320075002, 114.89538320075002, 'SEARCH'
11, 23444, 114.92195166610705, 114.92195166610705, 'SEARCH'
11, 23445, 114.94890897781728, 114.94890897781728, 'SEARCH'
11, 23446, 114.97081212388153, 114.97081212388153, 'SEARCH'
11, 23447, 114.99848150846624, 114.99848150846624, 'SEARCH'
11, 23448, 115.02440352331855, 115.02440352331855, 'SEARCH'
11, 23449, 115.05032699364673, 115.05032699364673, 'SEARCH'
11, 23450, 115.07790038295929, 115.07790038295929, 'SEARCH'
11, 23451, 115.07453881553545, 115.07453881553545, 'SEARCH'
11, 23452, 115.09990034608155, 115.09990034608155, 'SEARCH'
11, 23453, 115.10805190162306, 115.10805190162306, 'SEARCH'
11, 23454, 115.13137198859694, 115.13137198859694, 'SEARCH'
11, 23455, 115.15894884592973, 115.15894884592973, 'SEARCH'
11, 23456, 115.1716065679863, 115.1716065679863, 'SEARCH'
11, 23457, 115.19353506111584, 115.19353506111584, 'SEARCH'
11, 23458, 115.22098201269849, 115.22098201269849, 'SEARCH'
11, 23459, 115.22903233060897, 115.22903233060897, 'SEARCH'
11, 23460, 115.23439395290328, 115.23439395290328, 'SEARCH'
11, 23461, 115.26216609255191, 115.26216609255191, 'SEARCH'
11, 23462, 115.2891368172972, 115.2891368172972, 'SEARCH'
11, 23463, 115.29718312568096, 115.29718312568096, 'SEARCH'
11, 23464, 115.30752698098499, 115.30752698098499, 'SEARCH'
11, 23465, 115.3300321310856, 115.3300321310856, 'SEARCH'
11, 23466, 115.35728746356814, 115.35728746356814, 'SEARCH'
11, 23467, 115.36718512484798, 115.36718512484798, 'SEARCH'
11, 23468, 115.38186308786979, 115.38186308786979, 'SEARCH'
11, 23469, 115.40855398592771, 115.40855398592771, 'SEARCH'
11, 23470, 115.42782405722528, 115.42782405722528, 'SEARCH'
11, 23471, 115.43498699140848, 115.43498699140848, 'SEARCH'
11, 23472, 115.44928037084595, 115.44928037084595, 'SEARCH'
11, 23473, 115.45362090408145, 115.45362090408145, 'SEARCH'
11, 23474, 115.45699884838109, 115.45699884838109, 'SEARCH'
11, 23475, 115.45217025343624, 115.45217025343624, 'SEARCH'
11, 23476, 115.45841178557488, 115.45841178557488, 'SEARCH'
11, 23477, 115.48558359241808, 115.48558359241808, 'SEARCH'
11, 23478, 115.48656105560457, 115.48656105560457, 'SEARCH'
11, 23479, 115.48755104663978, 115.48755104663978, 'SEARCH'
11, 23480, 115.51059836610094, 115.51059836610094, 'SEARCH'
11, 23481, 115.5370040655848, 115.5370040655848, 'SEARCH'
11, 23482, 115.5469932850192, 115.5469932850192, 'SEARCH'
11, 23483, 115.55824684807162, 115.55824684807162, 'SEARCH'
11, 23484, 115.55338625727924, 115.55338625727924, 'SEARCH'
11, 23485, 115.57436692252301, 115.57436692252301, 'SEARCH'
11, 23486, 115.58291863264502, 115.58291863264502, 'SEARCH'
11, 23487, 115.60828596276677, 115.60828596276677, 'SEARCH'
11, 23488, 115.63208728334453, 115.63208728334453, 'SEARCH'
11, 23489, 115.63785170623366, 115.63785170623366, 'SEARCH'
11, 23490, 115.65783263882592, 115.65783263882592, 'SEARCH'
11, 23491, 115.67375876863441, 115.67375876863441, 'SEARCH'
11, 23492, 115.67618180197869, 115.67618180197869, 'SEARCH'
11, 23493, 115.7033555858202, 115.7033555858202, 'SEARCH'
11, 23494, 115.72159205879962, 115.72159205879962, 'SEARCH'
11, 23495, 115.74875742501887, 115.74875742501887, 'SEARCH'
11, 23496, 115.7540352211986, 115.7540352211986, 'SEARCH'
11, 23497, 115.7621666370425, 115.7621666370425, 'SEARCH'
11, 23498, 115.78645078898631, 115.78645078898631, 'SEARCH'
11, 23499, 115.78304979355308, 115.78304979355308, 'SEARCH'
11, 23500, 115.8104049716192, 115.8104049716192, 'SEARCH'
11, 23501, 115.83803066267413, 115.83803066267413, 'SEARCH'
11, 23502, 115.8418982380784, 115.8418982380784, 'SEARCH'
11, 23503, 115.84816060630426, 115.84816060630426, 'SEARCH'
11, 23504, 115.85103804671273, 115.85103804671273, 'SEARCH'
11, 23505, 115.87861043823597, 115.87861043823597, 'SEARCH'
11, 23506, 115.88671772958604, 115.88671772958604, 'SEARCH'
11, 23507, 115.91428813882196, 115.91428813882196, 'SEARCH'
11, 23508, 115.93809801869382, 115.93809801869382, 'SEARCH'
11, 23509, 115.96553478312053, 115.96553478312053, 'SEARCH'
11, 23510, 115.98339662895881, 115.98339662895881, 'SEARCH'
11, 23511, 116.00402707656782, 116.00402707656782, 'SEARCH'
11, 23512, 116.00113394513706, 116.00113394513706, 'SEARCH'
11, 23513, 116.02875713838263, 116.02875713838263, 'SEARCH'
11, 23514, 116.05619637887892, 116.05619637887892, 'SEARCH'
11, 23515, 116.0799939309171, 116.0799939309171, 'SEARCH'
11, 23516, 116.10475246379751, 116.10475246379751, 'SEARCH'
11, 23517, 116.12970819456672, 116.12970819456672, 'SEARCH'
11, 23518, 116.15509233956864, 116.15509233956864, 'SEARCH'
11, 23519, 116.1822579078586, 116.1822579078586, 'SEARCH'
11, 23520, 116.2098258527034, 116.2098258527034, 'SEARCH'
11, 23521, 116.2353869676347, 116.2353869676347, 'SEARCH'
11, 23522, 116.2618104818908, 116.2618104818908, 'SEARCH'
11, 23523, 116.27041467286102, 116.27041467286102, 'SEARCH'
11, 23524, 116.27093309921639, 116.27093309921639, 'SEARCH'
11, 23525, 116.29764754832837, 116.29764754832837, 'SEARCH'
11, 23526, 116.3123248780393, 116.3123248780393, 'SEARCH'
11, 23527, 116.33559962055416, 116.33559962055416, 'SEARCH'
11, 23528, 116.33466335360673, 116.33466335360673, 'SEARCH'
11, 23529, 116.35844990296184, 116.35844990296184, 'SEARCH'
11, 23530, 116.38618750630235, 116.38618750630235, 'SEARCH'
11, 23531, 116.40401245933195, 116.40401245933195, 'SEARCH'
11, 23532, 116.4317505813507, 116.4317505813507, 'SEARCH'
11, 23533, 116.43075137262441, 116.43075137262441, 'SEARCH'
11, 23534, 116.44337742319185, 116.44337742319185, 'SEARCH'
11, 23535, 116.47007123781792, 116.47007123781792, 'SEARCH'
11, 23536, 116.47058154726945, 116.47058154726945, 'SEARCH'
11, 23537, 116.49785624384877, 116.49785624384877, 'SEARCH'
11, 23538, 116.52321575018902, 116.52321575018902, 'SEARCH'
11, 23539, 116.5406686061007, 116.5406686061007, 'SEARCH'
11, 23540, 116.54209569194346, 116.54209569194346, 'SEARCH'
11, 23541, 116.54690544428982, 116.54690544428982, 'SEARCH'
11, 23542, 116.56362376084193, 116.56362376084193, 'SEARCH'
11, 23543, 116.57750226032711, 116.57750226032711, 'SEARCH'
11, 23544, 116.60526315751274, 116.60526315751274, 'SEARCH'
11, 23545, 116.63288855002787, 116.63288855002787, 'SEARCH'
11, 23546, 116.63288737837799, 116.63288737837799, 'SEARCH'
11, 23547, 116.64417502506296, 116.64417502506296, 'SEARCH'
11, 23548, 116.6508953215514, 116.6508953215514, 'SEARCH'
11, 23549, 116.67866908822766, 116.67866908822766, 'SEARCH'
11, 23550, 116.70629329056138, 116.70629329056138, 'SEARCH'
11, 23551, 116.7245076966317, 116.7245076966317, 'SEARCH'
11, 23552, 116.75207803654584, 116.75207803654584, 'SEARCH'
11, 23553, 116.77783237388448, 116.77783237388448, 'SEARCH'
11, 23554, 116.7812153258052, 116.7812153258052, 'SEARCH'
11, 23555, 116.80898868887577, 116.80898868887577, 'SEARCH'
11, 23556, 116.83642614095355, 116.83642614095355, 'SEARCH'
11, 23557, 116.834475392331, 116.834475392331, 'SEARCH'
11, 23558, 116.86023060872894, 116.86023060872894, 'SEARCH'
11, 23559, 116.87655352115523, 116.87655352115523, 'SEARCH'
11, 23560, 116.8916785252885, 116.8916785252885, 'SEARCH'
11, 23561, 116.91685103754236, 116.91685103754236, 'SEARCH'
11, 23562, 116.9263528956655, 116.9263528956655, 'SEARCH'
11, 23563, 116.93399642445976, 116.93399642445976, 'SEARCH'
11, 23564, 116.96069775776905, 116.96069775776905, 'SEARCH'
11, 23565, 116.95924225656155, 116.95924225656155, 'SEARCH'
11, 23566, 116.96781553550287, 116.96781553550287, 'SEARCH'
11, 23567, 116.98334783997095, 116.98334783997095, 'SEARCH'
11, 23568, 117.01091735901353, 117.01091735901353, 'SEARCH'
11, 23569, 117.03249922499239, 117.03249922499239, 'SEARCH'
11, 23570, 117.04335191589752, 117.04335191589752, 'SEARCH'
11, 23571, 117.05808090315449, 117.05808090315449, 'SEARCH'
11, 23572, 117.07807734667651, 117.07807734667651, 'SEARCH'
11, 23573, 117.10024365933721, 117.10024365933721, 'SEARCH'
11, 23574, 117.11062918411369, 117.11062918411369, 'SEARCH'
11, 23575, 117.12773853312534, 117.12773853312534, 'SEARCH'
11, 23576, 117.13946019446989, 117.13946019446989, 'SEARCH'
11, 23577, 117.15076547459402, 117.15076547459402, 'SEARCH'
11, 23578, 117.1696957628176, 117.1696957628176, 'SEARCH'
11, 23579, 117.18054060431464, 117.18054060431464, 'SEARCH'
11, 23580, 117.20749386189844, 117.20749386189844, 'SEARCH'
11, 23581, 117.21232335996932, 117.21232335996932, 'SEARCH'
11, 23582, 117.22229557553167, 117.22229557553167, 'SEARCH'
11, 23583, 117.24636732081787, 117.24636732081787, 'SEARCH'
11, 23584, 117.27110030167583, 117.27110030167583, 'SEARCH'
11, 23585, 117.26871156772634, 117.26871156772634, 'SEARCH'
11, 23586, 117.29565325780644, 117.29565325780644, 'SEARCH'
11, 23587, 117.32015959465451, 117.32015959465451, 'SEARCH'
11, 23588, 117.32962552348383, 117.32962552348383, 'SEARCH'
11, 23589, 117.33636969742257, 117.33636969742257, 'SEARCH'
11, 23590, 117.34445526086306, 117.34445526086306, 'SEARCH'
11, 23591, 117.37189499176841, 117.37189499176841, 'SEARCH'
11, 23592, 117.38187555880963, 117.38187555880963, 'SEARCH'
11, 23593, 117.39313726444973, 117.39313726444973, 'SEARCH'
11, 23594, 117.39504666049358, 117.39504666049358, 'SEARCH'
11, 23595, 117.41633562340634, 117.41633562340634, 'SEARCH'
11, 23596, 117.42849089355217, 117.42849089355217, 'SEARCH'
11, 23597, 117.45505862953466, 117.45505862953466, 'SEARCH'
11, 23598, 117.47401540823091, 117.47401540823091, 'SEARCH'
11, 23599, 117.47301928580512, 117.47301928580512, 'SEARCH'
11, 23600, 117.48159000881415, 117.48159000881415, 'SEARCH'
11, 23601, 117.49752139358397, 117.49752139358397, 'SEARCH'
11, 23602, 117.51538332268701, 117.51538332268701, 'SEARCH'
11, 23603, 117.53757871369378, 117.53757871369378, 'SEARCH'
11, 23604, 117.5611492898725, 117.5611492898725, 'SEARCH'
11, 23605, 117.58497612785527, 117.58497612785527, 'SEARCH'
11, 23606, 117.59031428578436, 117.59031428578436, 'SEARCH'
11, 23607, 117.59930935268935, 117.59930935268935, 'SEARCH'
11, 23608, 117.60361637302498, 117.60361637302498, 'SEARCH'
11, 23609, 117.63031091707732, 117.63031091707732, 'SEARCH'
11, 23610, 117.62738551456661, 117.62738551456661, 'SEARCH'
11, 23611, 117.6297974484303, 117.6297974484303, 'SEARCH'
11, 23612, 117.6490907250231, 117.6490907250231, 'SEARCH'
11, 23613, 117.66580369704666, 117.66580369704666, 'SEARCH'
11, 23614, 117.67666239990123, 117.67666239990123, 'SEARCH'
11, 23615, 117.68003015735005, 117.68003015735005, 'SEARCH'
11, 23616, 117.69433266159871, 117.69433266159871, 'SEARCH'
11, 23617, 117.7220720503644, 117.7220720503644, 'SEARCH'
11, 23618, 117.71725339222573, 117.71725339222573, 'SEARCH'
11, 23619, 117.72809059283023, 117.72809059283023, 'SEARCH'
11, 23620, 117.72663111087067, 117.72663111087067, 'SEARCH'
11, 23621, 117.7370435684512, 117.7370435684512, 'SEARCH'
11, 23622, 117.76482133940273, 117.76482133940273, 'SEARCH'
11, 23623, 117.78910666358429, 117.78910666358429, 'SEARCH'
11, 23624, 117.80621941369266, 117.80621941369266, 'SEARCH'
11, 23625, 117.82655153270152, 117.82655153270152, 'SEARCH'
11, 23626, 117.82803903117949, 117.82803903117949, 'SEARCH'
11, 23627, 117.85565970839387, 117.85565970839387, 'SEARCH'
11, 23628, 117.87463764262826, 117.87463764262826, 'SEARCH'
11, 23629, 117.8864275251606, 117.8864275251606, 'SEARCH'
11, 23630, 117.89368235206219, 117.89368235206219, 'SEARCH'
11, 23631, 117.91122592156864, 117.91122592156864, 'SEARCH'
11, 23632, 117.93831205330308, 117.93831205330308, 'SEARCH'
11, 23633, 117.95392323636605, 117.95392323636605, 'SEARCH'
11, 23634, 117.97661688537251, 117.97661688537251, 'SEARCH'
11, 23635, 117.98826720105791, 117.98826720105791, 'SEARCH'
11, 23636, 118.00714819711719, 118.00714819711719, 'SEARCH'
11, 23637, 118.02261716817912, 118.02261716817912, 'SEARCH'
11, 23638, 118.03559907269764, 118.03559907269764, 'SEARCH'
11, 23639, 118.03457425540759, 118.03457425540759, 'SEARCH'
11, 23640, 118.06228728958978, 118.06228728958978, 'SEARCH'
11, 23641, 118.06087716798359, 118.06087716798359, 'SEARCH'
11, 23642, 118.06287145141768, 118.06287145141768, 'SEARCH'
11, 23643, 118.08346757884985, 118.08346757884985, 'SEARCH'
11, 23644, 118.09854490270017, 118.09854490270017, 'SEARCH'
11, 23645, 118.118825682639, 118.118825682639, 'SEARCH'
11, 23646, 118.14578849399172, 118.14578849399172, 'SEARCH'
11, 23647, 118.17137589676693, 118.17137589676693, 'SEARCH'
11, 23648, 118.16842137025073, 118.16842137025073, 'SEARCH'
11, 23649, 118.18555313920812, 118.18555313920812, 'SEARCH'
11, 23650, 118.18405065629545, 118.18405065629545, 'SEARCH'
11, 23651, 118.20302112480866, 118.20302112480866, 'SEARCH'
11, 23652, 118.21970179674733, 118.21970179674733, 'SEARCH'
11, 23653, 118.22408212936574, 118.22408212936574, 'SEARCH'
11, 23654, 118.25170263740472, 118.25170263740472, 'SEARCH'
11, 23655, 118.262064342381, 118.262064342381, 'SEARCH'
11, 23656, 118.28745501649908, 118.28745501649908, 'SEARCH'
11, 23657, 118.29915702360992, 118.29915702360992, 'SEARCH'
11, 23658, 118.32558437222607, 118.32558437222607, 'SEARCH'
11, 23659, 118.32561840261205, 118.32561840261205, 'SEARCH'
11, 23660, 118.35153425272385, 118.35153425272385, 'SEARCH'
11, 23661, 118.368982026957, 118.368982026957, 'SEARCH'
11, 23662, 118.38528272004127, 118.38528272004127, 'SEARCH'
11, 23663, 118.40932767770735, 118.40932767770735, 'SEARCH'
11, 23664, 118.40640778728016, 118.40640778728016, 'SEARCH'
11, 23665, 118.42829495302144, 118.42829495302144, 'SEARCH'
11, 23666, 118.44422398242367, 118.44422398242367, 'SEARCH'
11, 23667, 118.46487130305381, 118.46487130305381, 'SEARCH'
11, 23668, 118.49249526145111, 118.49249526145111, 'SEARCH'
11, 23669, 118.51975985125311, 118.51975985125311, 'SEARCH'
11, 23670, 118.52363840491667, 118.52363840491667, 'SEARCH'
11, 23671, 118.52269483232585, 118.52269483232585, 'SEARCH'
11, 23672, 118.52555958434681, 118.52555958434681, 'SEARCH'
11, 23673, 118.5211885355959, 118.5211885355959, 'SEARCH'
11, 23674, 118.54151269849005, 118.54151269849005, 'SEARCH'
11, 23675, 118.56399843900542, 118.56399843900542, 'SEARCH'
11, 23676, 118.58150312285372, 118.58150312285372, 'SEARCH'
11, 23677, 118.60819354147296, 118.60819354147296, 'SEARCH'
11, 23678, 118.6190818574057, 118.6190818574057, 'SEARCH'
11, 23679, 118.63259250858883, 118.63259250858883, 'SEARCH'
11, 23680, 118.65193296757323, 118.65193296757323, 'SEARCH'
11, 23681, 118.66870717880698, 118.66870717880698, 'SEARCH'
11, 23682, 118.68052122889425, 118.68052122889425, 'SEARCH'
11, 23683, 118.70585886781328, 118.70585886781328, 'SEARCH'
11, 23684, 118.72644168886383, 118.72644168886383, 'SEARCH'
11, 23685, 118.75421370140457, 118.75421370140457, 'SEARCH'
11, 23686, 118.76454395092853, 118.76454395092853, 'SEARCH'
11, 23687, 118.77837280374058, 118.77837280374058, 'SEARCH'
11, 23688, 118.78561827066564, 118.78561827066564, 'SEARCH'
11, 23689, 118.7987217483997, 118.7987217483997, 'SEARCH'
11, 23690, 118.82590962081663, 118.82590962081663, 'SEARCH'
11, 23691, 118.85276303943085, 118.85276303943085, 'SEARCH'
11, 23692, 118.85188349796906, 118.85188349796906, 'SEARCH'
11, 23693, 118.87075231530814, 118.87075231530814, 'SEARCH'
11, 23694, 118.89288006621129, 118.89288006621129, 'SEARCH'
11, 23695, 118.89538689541818, 118.89538689541818, 'SEARCH'
11, 23696, 118.91924815459227, 118.91924815459227, 'SEARCH'
11, 23697, 118.9356616900727, 118.9356616900727, 'SEARCH'
11, 23698, 118.9621160503707, 118.9621160503707, 'SEARCH'
11, 23699, 118.98953245432035, 118.98953245432035, 'SEARCH'
11, 23700, 119.01730363511284, 119.01730363511284, 'SEARCH'
11, 23701, 119.04327947806948, 119.04327947806948, 'SEARCH'
11, 23702, 119.06958464064363, 119.06958464064363, 'SEARCH'
11, 23703, 119.09031483865267, 119.09031483865267, 'SEARCH'
11, 23704, 119.09287530531489, 119.09287530531489, 'SEARCH'
11, 23705, 119.12042692510913, 119.12042692510913, 'SEARCH'
11, 23706, 119.14664139349404, 119.14664139349404, 'SEARCH'
11, 23707, 119.15397393247152, 119.15397393247152, 'SEARCH'
11, 23708, 119.16896729394975, 119.16896729394975, 'SEARCH'
11, 23709, 119.19557488149388, 119.19557488149388, 'SEARCH'
11, 23710, 119.20804770891058, 119.20804770891058, 'SEARCH'
11, 23711, 119.20548427645595, 119.20548427645595, 'SEARCH'
11, 23712, 119.21018006074351, 119.21018006074351, 'SEARCH'
11, 23713, 119.22561635779546, 119.22561635779546, 'SEARCH'
11, 23714, 119.2492291688588, 119.2492291688588, 'SEARCH'
11, 23715, 119.27582609832949, 119.27582609832949, 'SEARCH'
11, 23716, 119.30242428189847, 119.30242428189847, 'SEARCH'
11, 23717, 119.33000961188142, 119.33000961188142, 'SEARCH'
11, 23718, 119.3577281048453, 119.3577281048453, 'SEARCH'
11, 23719, 119.3691408809222, 119.3691408809222, 'SEARCH'
11, 23720, 119.37525507351495, 119.37525507351495, 'SEARCH'
11, 23721, 119.37319273617, 119.37319273617, 'SEARCH'
11, 23722, 119.37308112586301, 119.37308112586301, 'SEARCH'
11, 23723, 119.40041966671734, 119.40041966671734, 'SEARCH'
11, 23724, 119.39906214262831, 119.39906214262831, 'SEARCH'
11, 23725, 119.42661928369213, 119.42661928369213, 'SEARCH'
11, 23726, 119.42914838820637, 119.42914838820637, 'SEARCH'
11, 23727, 119.43504291021358, 119.43504291021358, 'SEARCH'
11, 23728, 119.4358773045877, 119.4358773045877, 'SEARCH'
11, 23729, 119.43575555881573, 119.43575555881573, 'SEARCH'
11, 23730, 119.44931716394727, 119.44931716394727, 'SEARCH'
11, 23731, 119.45685804877238, 119.45685804877238, 'SEARCH'
11, 23732, 119.4843503203765, 119.4843503203765, 'SEARCH'
11, 23733, 119.50600435435122, 119.50600435435122, 'SEARCH'
11, 23734, 119.50794203417745, 119.50794203417745, 'TRACK'
11, 23735, 119.50987971400367, 119.50987971400367, 'TRACK'
11, 23736, 119.5118173938299, 119.5118173938299, 'TRACK'
11, 23737, 119.51375507365613, 119.51375507365613, 'TRACK'
11, 23738, 119.54074801690949, 119.54074801690949, 'SEARCH'
11, 23739, 119.56495902485578, 119.56495902485578, 'SEARCH'
11, 23740, 119.58704294210894, 119.58704294210894, 'SEARCH'
11, 23741, 119.58111270327842, 119.58111270327842, 'SEARCH'
11, 23742, 119.58242141114323, 119.58242141114323, 'SEARCH'
11, 23743, 119.58711504947006, 119.58711504947006, 'SEARCH'
11, 23744, 119.58990050625394, 119.58990050625394, 'SEARCH'
11, 23745, 119.61718784976601, 119.61718784976601, 'SEARCH'
11, 23746, 119.63532971792168, 119.63532971792168, 'SEARCH'
11, 23747, 119.65727948945286, 119.65727948945286, 'SEARCH'
11, 23748, 119.68317364302443, 119.68317364302443, 'SEARCH'
11, 23749, 119.68884828458302, 119.68884828458302, 'SEARCH'
11, 23750, 119.70281490288401, 119.70281490288401, 'SEARCH'
11, 23751, 119.72961966897867, 119.72961966897867, 'SEARCH'
11, 23752, 119.7268142692926, 119.7268142692926, 'SEARCH'
11, 23753, 119.74671795084429, 119.74671795084429, 'SEARCH'
11, 23754, 119.77423954441102, 119.77423954441102, 'SEARCH'
11, 23755, 119.79720928894014, 119.79720928894014, 'SEARCH'
11, 23756, 119.79711108106112, 119.79711108106112, 'SEARCH'
11, 23757, 119.81646801179508, 119.81646801179508, 'SEARCH'
11, 23758, 119.83799564139635, 119.83799564139635, 'SEARCH'
11, 23759, 119.84479972724174, 119.84479972724174, 'SEARCH'
11, 23760, 119.8516166057149, 119.8516166057149, 'SEARCH'
11, 23761, 119.87250643192493, 119.87250643192493, 'SEARCH'
11, 23762, 119.89910082868127, 119.89910082868127, 'SEARCH'
11, 23763, 119.92563279626255, 119.92563279626255, 'SEARCH'
11, 23764, 119.93151121270954, 119.93151121270954, 'SEARCH'
11, 23765, 119.94066696298941, 119.94066696298941, 'SEARCH'
11, 23766, 119.95630907909919, 119.95630907909919, 'SEARCH'
11, 23767, 119.98408475540053, 119.98408475540053, 'SEARCH'
11, 23768, 119.99187950761757, 119.99187950761757, 'SEARCH'
11, 23769, 120.01875097531112, 120.01875097531112, 'SEARCH'
11, 23770, 120.0450673270906, 120.0450673270906, 'SEARCH'
11, 23771, 120.04571784442709, 120.04571784442709, 'SEARCH'
11, 23772, 120.068368753895, 120.068368753895, 'SEARCH'
11, 23773, 120.08282245797707, 120.08282245797707, 'SEARCH'
11, 23774, 120.10933216931932, 120.10933216931932, 'SEARCH'
11, 23775, 120.12952418514341, 120.12952418514341, 'SEARCH'
11, 23776, 120.14066565921371, 120.14066565921371, 'SEARCH'
11, 23777, 120.16745529288008, 120.16745529288008, 'SEARCH'
11, 23778, 120.18863361184239, 120.18863361184239, 'SEARCH'
11, 23779, 120.19426431087999, 120.19426431087999, 'SEARCH'
11, 23780, 120.22204176252748, 120.22204176252748, 'SEARCH'
11, 23781, 120.24870592807467, 120.24870592807467, 'SEARCH'
11, 23782, 120.27166079357485, 120.27166079357485, 'SEARCH'
11, 23783, 120.28607405660725, 120.28607405660725, 'SEARCH'
11, 23784, 120.29749684006691, 120.29749684006691, 'SEARCH'
11, 23785, 120.31655000044374, 120.31655000044374, 'SEARCH'
11, 23786, 120.33573112161842, 120.33573112161842, 'SEARCH'
11, 23787, 120.35679331402181, 120.35679331402181, 'SEARCH'
11, 23788, 120.37245816269451, 120.37245816269451, 'SEARCH'
11, 23789, 120.38315444500829, 120.38315444500829, 'SEARCH'
11, 23790, 120.38202674092155, 120.38202674092155, 'SEARCH'
11, 23791, 120.38139721172094, 120.38139721172094, 'SEARCH'
11, 23792, 120.38871323414322, 120.38871323414322, 'SEARCH'
11, 23793, 120.41646867492969, 120.41646867492969, 'SEARCH'
11, 23794, 120.44035293939977, 120.44035293939977, 'SEARCH'
11, 23795, 120.46010187319229, 120.46010187319229, 'SEARCH'
11, 23796, 120.47916429805164, 120.47916429805164, 'SEARCH'
11, 23797, 120.48571722036806, 120.48571722036806, 'SEARCH'
11, 23798, 120.5040607829763, 120.5040607829763, 'SEARCH'
11, 23799, 120.50098859231835, 120.50098859231835, 'SEARCH'
11, 23800, 120.51079746841916, 120.51079746841916, 'SEARCH'
11, 23801, 120.53766550610018, 120.53766550610018, 'SEARCH'
11, 23802, 120.56440747889532, 120.56440747889532, 'SEARCH'
11, 23803, 120.5867907043911, 120.5867907043911, 'SEARCH'
11, 23804, 120.6104235885475, 120.6104235885475, 'SEARCH'
11, 23805, 120.62567940688615, 120.62567940688615, 'SEARCH'
11, 23806, 120.63161443078765, 120.63161443078765, 'SEARCH'
11, 23807, 120.65900035495089, 120.65900035495089, 'SEARCH'
11, 23808, 120.67468213003615, 120.67468213003615, 'SEARCH'
11, 23809, 120.70189202387225, 120.70189202387225, 'SEARCH'
11, 23810, 120.71476075663516, 120.71476075663516, 'SEARCH'
11, 23811, 120.71300541454862, 120.71300541454862, 'SEARCH'
11, 23812, 120.73739499753897, 120.73739499753897, 'SEARCH'
11, 23813, 120.74850710228604, 120.74850710228604, 'SEARCH'
11, 23814, 120.75446921547433, 120.75446921547433, 'SEARCH'
11, 23815, 120.7628582029878, 120.7628582029878, 'SEARCH'
11, 23816, 120.7801899162674, 120.7801899162674, 'SEARCH'
11, 23817, 120.80248291322324, 120.80248291322324, 'SEARCH'
11, 23818, 120.82969254776457, 120.82969254776457, 'SEARCH'
11, 23819, 120.85518597106852, 120.85518597106852, 'SEARCH'
11, 23820, 120.8816618190249, 120.8816618190249, 'SEARCH'
11, 23821, 120.87856627940425, 120.87856627940425, 'SEARCH'
11, 23822, 120.90277379176676, 120.90277379176676, 'SEARCH'
11, 23823, 120.90488416887138, 120.90488416887138, 'SEARCH'
11, 23824, 120.92360959687319, 120.92360959687319, 'SEARCH'
11, 23825, 120.94561977710266, 120.94561977710266, 'SEARCH'
11, 23826, 120.97292580388297, 120.97292580388297, 'SEARCH'
11, 23827, 120.99662750320702, 120.99662750320702, 'SEARCH'
11, 23828, 121.0031507133252, 121.0031507133252, 'SEARCH'
11, 23829, 121.00682893615357, 121.00682893615357, 'SEARCH'
11, 23830, 121.019714248662, 121.019714248662, 'SEARCH'
11, 23831, 121.02752832136503, 121.02752832136503, 'SEARCH'
11, 23832, 121.02832051121858, 121.02832051121858, 'SEARCH'
11, 23833, 121.03566781885003, 121.03566781885003, 'SEARCH'
11, 23834, 121.05674767780442, 121.05674767780442, 'SEARCH'
11, 23835, 121.05887126903062, 121.05887126903062, 'SEARCH'
11, 23836, 121.08306858019068, 121.08306858019068, 'SEARCH'
11, 23837, 121.09963038355843, 121.09963038355843, 'SEARCH'
11, 23838, 121.1018688162404, 121.1018688162404, 'SEARCH'
11, 23839, 121.1154837610392, 121.1154837610392, 'SEARCH'
11, 23840, 121.11760276350306, 121.11760276350306, 'SEARCH'
11, 23841, 121.14481352284312, 121.14481352284312, 'SEARCH'
11, 23842, 121.1718136169116, 121.1718136169116, 'SEARCH'
11, 23843, 121.17595866015748, 121.17595866015748, 'SEARCH'
11, 23844, 121.1834332215498, 121.1834332215498, 'SEARCH'
11, 23845, 121.18422669279785, 121.18422669279785, 'SEARCH'
11, 23846, 121.20029202208381, 121.20029202208381, 'SEARCH'
11, 23847, 121.21753039471675, 121.21753039471675, 'SEARCH'
11, 23848, 121.23597943495032, 121.23597943495032, 'SEARCH'
11, 23849, 121.24205734744804, 121.24205734744804, 'SEARCH'
11, 23850, 121.2526128685304, 121.2526128685304, 'SEARCH'
11, 23851, 121.25084953224128, 121.25084953224128, 'SEARCH'
11, 23852, 121.24969175549383, 121.24969175549383, 'SEARCH'
11, 23853, 121.26626902326946, 121.26626902326946, 'SEARCH'
11, 23854, 121.27376792754535, 121.27376792754535, 'SEARCH'
11, 23855, 121.274403433828, 121.274403433828, 'SEARCH'
11, 23856, 121.29812845376149, 121.29812845376149, 'SEARCH'
11, 23857, 121.32553910162778, 121.32553910162778, 'SEARCH'
11, 23858, 121.3295596222521, 121.3295596222521, 'SEARCH'
11, 23859, 121.34245019382993, 121.34245019382993, 'SEARCH'
11, 23860, 121.36115424078028, 121.36115424078028, 'SEARCH'
11, 23861, 121.380676534891, 121.380676534891, 'SEARCH'
11, 23862, 121.40770613178935, 121.40770613178935, 'SEARCH'
11, 23863, 121.41886124682863, 121.41886124682863, 'SEARCH'
11, 23864, 121.44437421471756, 121.44437421471756, 'SEARCH'
11, 23865, 121.45282568430379, 121.45282568430379, 'SEARCH'
11, 23866, 121.47418546260919, 121.47418546260919, 'SEARCH'
11, 23867, 121.49864798314375, 121.49864798314375, 'SEARCH'
11, 23868, 121.51284370287223, 121.51284370287223, 'SEARCH'
11, 23869, 121.53170197032598, 121.53170197032598, 'SEARCH'
11, 23870, 121.55692251720161, 121.55692251720161, 'SEARCH'
11, 23871, 121.57903802960708, 121.57903802960708, 'SEARCH'
11, 23872, 121.57941678848475, 121.57941678848475, 'SEARCH'
11, 23873, 121.60678841045477, 121.60678841045477, 'SEARCH'
11, 23874, 121.6345660256336, 121.6345660256336, 'SEARCH'
11, 23875, 121.65842528891581, 121.65842528891581, 'SEARCH'
11, 23876, 121.66847615396574, 121.66847615396574, 'SEARCH'
11, 23877, 121.6847092963209, 121.6847092963209, 'SEARCH'
11, 23878, 121.71247362835207, 121.71247362835207, 'SEARCH'
11, 23879, 121.72187424634119, 121.72187424634119, 'SEARCH'
11, 23880, 121.74588369724673, 121.74588369724673, 'SEARCH'
11, 23881, 121.76011584043702, 121.76011584043702, 'SEARCH'
11, 23882, 121.78103065453318, 121.78103065453318, 'SEARCH'
11, 23883, 121.80771401650019, 121.80771401650019, 'SEARCH'
11, 23884, 121.83476562741895, 121.83476562741895, 'SEARCH'
11, 23885, 121.85903134907113, 121.85903134907113, 'SEARCH'
11, 23886, 121.88058477068114, 121.88058477068114, 'SEARCH'
11, 23887, 121.88005449999172, 121.88005449999172, 'SEARCH'
11, 23888, 121.87808539636603, 121.87808539636603, 'SEARCH'
11, 23889, 121.90139133901494, 121.90139133901494, 'SEARCH'
11, 23890, 121.91567604703557, 121.91567604703557, 'SEARCH'
11, 23891, 121.93869714444905, 121.93869714444905, 'SEARCH'
11, 23892, 121.9357872247987, 121.9357872247987, 'SEARCH'
11, 23893, 121.96345995970488, 121.96345995970488, 'SEARCH'
11, 23894, 121.99081428510817, 121.99081428510817, 'SEARCH'
11, 23895, 122.01436831321016, 122.01436831321016, 'SEARCH'
11, 23896, 122.0310834488261, 122.0310834488261, 'SEARCH'
11, 23897, 122.05852055866917, 122.05852055866917, 'SEARCH'
11, 23898, 122.07782394131871, 122.07782394131871, 'SEARCH'
11, 23899, 122.10408185185959, 122.10408185185959, 'SEARCH'
11, 23900, 122.11125688342482, 122.11125688342482, 'SEARCH'
11, 23901, 122.12835764246329, 122.12835764246329, 'SEARCH'
11, 23902, 122.1322336282823, 122.1322336282823, 'SEARCH'
11, 23903, 122.15410794398414, 122.15410794398414, 'SEARCH'
11, 23904, 122.17839523386498, 122.17839523386498, 'SEARCH'
11, 23905, 122.20509956258543, 122.20509956258543, 'SEARCH'
11, 23906, 122.2328608985, 122.2328608985, 'SEARCH'
11, 23907, 122.23719165870709, 122.23719165870709, 'SEARCH'
11, 23908, 122.25023341914333, 122.25023341914333, 'SEARCH'
11, 23909, 122.25411286510234, 122.25411286510234, 'SEARCH'
11, 23910, 122.27085203739007, 122.27085203739007, 'SEARCH'
11, 23911, 122.2894681182957, 122.2894681182957, 'SEARCH'
11, 23912, 122.30414566670515, 122.30414566670515, 'SEARCH'
11, 23913, 122.33039757144273, 122.33039757144273, 'SEARCH'
11, 23914, 122.35734193774276, 122.35734193774276, 'SEARCH'
11, 23915, 122.35688840449002, 122.35688840449002, 'SEARCH'
11, 23916, 122.35249821453662, 122.35249821453662, 'SEARCH'
11, 23917, 122.35440462250587, 122.35440462250587, 'SEARCH'
11, 23918, 122.37569475928612, 122.37569475928612, 'SEARCH'
11, 23919, 122.40127478220838, 122.40127478220838, 'SEARCH'
11, 23920, 122.41125999435742, 122.41125999435742, 'SEARCH'
11, 23921, 122.42944905162577, 122.42944905162577, 'SEARCH'
11, 23922, 122.43525933951084, 122.43525933951084, 'SEARCH'
11, 23923, 122.45388318011358, 122.45388318011358, 'SEARCH'
11, 23924, 122.46423280422718, 122.46423280422718, 'SEARCH'
11, 23925, 122.4694863422499, 122.4694863422499, 'SEARCH'
11, 23926, 122.49135470433376, 122.49135470433376, 'SEARCH'
11, 23927, 122.51841479524539, 122.51841479524539, 'SEARCH'
11, 23928, 122.54337130021915, 122.54337130021915, 'SEARCH'
11, 23929, 122.54093334793583, 122.54093334793583, 'SEARCH'
11, 23930, 122.56855925747531, 122.56855925747531, 'SEARCH'
11, 23931, 122.59285189478626, 122.59285189478626, 'SEARCH'
11, 23932, 122.6023509708003, 122.6023509708003, 'SEARCH'
11, 23933, 122.62267446746492, 122.62267446746492, 'SEARCH'
11, 23934, 122.64595892067348, 122.64595892067348, 'SEARCH'
11, 23935, 122.66417174346385, 122.66417174346385, 'SEARCH'
11, 23936, 122.68870005778537, 122.68870005778537, 'SEARCH'
11, 23937, 122.71388006593038, 122.71388006593038, 'SEARCH'
11, 23938, 122.72982731597969, 122.72982731597969, 'SEARCH'
11, 23939, 122.7264125712352, 122.7264125712352, 'SEARCH'
11, 23940, 122.72352447270077, 122.72352447270077, 'SEARCH'
11, 23941, 122.73345147650122, 122.73345147650122, 'SEARCH'
11, 23942, 122.75502844954465, 122.75502844954465, 'SEARCH'
11, 23943, 122.78095837546446, 122.78095837546446, 'SEARCH'
11, 23944, 122.77565482974934, 122.77565482974934, 'SEARCH'
11, 23945, 122.80328155318476, 122.80328155318476, 'SEARCH'
11, 23946, 122.82327132702699, 122.82327132702699, 'SEARCH'
11, 23947, 122.82711624603024, 122.82711624603024, 'SEARCH'
11, 23948, 122.82953021676275, 122.82953021676275, 'SEARCH'
11, 23949, 122.84624157649526, 122.84624157649526, 'SEARCH'
11, 23950, 122.87367675343656, 122.87367675343656, 'SEARCH'
11, 23951, 122.88133448201212, 122.88133448201212, 'SEARCH'
11, 23952, 122.8808349623179, 122.8808349623179, 'SEARCH'
11, 23953, 122.89942229786895, 122.89942229786895, 'SEARCH'
11, 23954, 122.90327756470045, 122.90327756470045, 'SEARCH'
11, 23955, 122.93044904214754, 122.93044904214754, 'SEARCH'
11, 23956, 122.95686940078673, 122.95686940078673, 'SEARCH'
11, 23957, 122.96312948944139, 122.96312948944139, 'SEARCH'
11, 23958, 122.97484553601736, 122.97484553601736, 'SEARCH'
11, 23959, 123.0024146702176, 123.0024146702176, 'SEARCH'
11, 23960, 123.0288292593837, 123.0288292593837, 'SEARCH'
11, 23961, 123.04593715796722, 123.04593715796722, 'SEARCH'
11, 23962, 123.05980922540951, 123.05980922540951, 'SEARCH'
11, 23963, 123.06175418353399, 123.06175418353399, 'SEARCH'
11, 23964, 123.06318640557612, 123.06318640557612, 'SEARCH'
11, 23965, 123.06849386157792, 123.06849386157792, 'SEARCH'
11, 23966, 123.09279925174759, 123.09279925174759, 'SEARCH'
11, 23967, 123.11405972073607, 123.11405972073607, 'SEARCH'
11, 23968, 123.14062958819235, 123.14062958819235, 'SEARCH'
11, 23969, 123.15959203047562, 123.15959203047562, 'SEARCH'
11, 23970, 123.17217124525412, 123.17217124525412, 'SEARCH'
11, 23971, 123.18476162978331, 123.18476162978331, 'SEARCH'
11, 23972, 123.19470655855052, 123.19470655855052, 'SEARCH'
11, 23973, 123.22197345273837, 123.22197345273837, 'SEARCH'
11, 23974, 123.24526960610794, 123.24526960610794, 'SEARCH'
11, 23975, 123.25057665566004, 123.25057665566004, 'SEARCH'
11, 23976, 123.2544632771934, 123.2544632771934, 'SEARCH'
11, 23977, 123.27723757901963, 123.27723757901963, 'SEARCH'
11, 23978, 123.27622532054532, 123.27622532054532, 'SEARCH'
11, 23979, 123.2777075932742, 123.2777075932742, 'SEARCH'
11, 23980, 123.27484662989764, 123.27484662989764, 'SEARCH'
11, 23981, 123.28564763737359, 123.28564763737359, 'SEARCH'
11, 23982, 123.28955687847281, 123.28955687847281, 'SEARCH'
11, 23983, 123.28659574115987, 123.28659574115987, 'SEARCH'
11, 23984, 123.31403832673688, 123.31403832673688, 'SEARCH'
11, 23985, 123.3336480348663, 123.3336480348663, 'SEARCH'
11, 23986, 123.35768681900862, 123.35768681900862, 'SEARCH'
11, 23987, 123.38526085892317, 123.38526085892317, 'SEARCH'
11, 23988, 123.3843199632068, 123.3843199632068, 'SEARCH'
11, 23989, 123.40681786721846, 123.40681786721846, 'SEARCH'
11, 23990, 123.42066258139822, 123.42066258139822, 'SEARCH'
11, 23991, 123.44760595574341, 123.44760595574341, 'SEARCH'
11, 23992, 123.4662183956944, 123.4662183956944, 'SEARCH'
11, 23993, 123.49397765727643, 123.49397765727643, 'SEARCH'
11, 23994, 123.49450610008951, 123.49450610008951, 'SEARCH'
11, 23995, 123.50069816027975, 123.50069816027975, 'SEARCH'
11, 23996, 123.50784516057956, 123.50784516057956, 'SEARCH'
11, 23997, 123.51731765749814, 123.51731765749814, 'SEARCH'
11, 23998, 123.54060526514796, 123.54060526514796, 'SEARCH'
11, 23999, 123.55731606235666, 123.55731606235666, 'SEARCH'
11, 24000, 123.58502645002434, 123.58502645002434, 'SEARCH'
11, 24001, 123.58115512610742, 123.58115512610742, 'SEARCH'
11, 24002, 123.59668088384551, 123.59668088384551, 'SEARCH'
11, 24003, 123.61377995426064, 123.61377995426064, 'SEARCH'
11, 24004, 123.63970997676286, 123.63970997676286, 'SEARCH'
11, 24005, 123.66612757296758, 123.66612757296758, 'SEARCH'
11, 24006, 123.69369864939964, 123.69369864939964, 'SEARCH'
11, 24007, 123.72132372026321, 123.72132372026321, 'SEARCH'
11, 24008, 123.72615134448952, 123.72615134448952, 'SEARCH'
11, 24009, 123.75172813107952, 123.75172813107952, 'SEARCH'
11, 24010, 123.77333097933607, 123.77333097933607, 'SEARCH'
11, 24011, 123.79975972876676, 123.79975972876676, 'SEARCH'
11, 24012, 123.82743517911778, 123.82743517911778, 'SEARCH'
11, 24013, 123.84093779113338, 123.84093779113338, 'SEARCH'
11, 24014, 123.84993052801315, 123.84993052801315, 'SEARCH'
11, 24015, 123.8593933120497, 123.8593933120497, 'SEARCH'
11, 24016, 123.85990483198822, 123.85990483198822, 'SEARCH'
11, 24017, 123.88567536077085, 123.88567536077085, 'SEARCH'
11, 24018, 123.91239003192567, 123.91239003192567, 'SEARCH'
11, 24019, 123.93981769399875, 123.93981769399875, 'SEARCH'
11, 24020, 123.96340097238615, 123.96340097238615, 'SEARCH'
11, 24021, 123.96152115104704, 123.96152115104704, 'SEARCH'
11, 24022, 123.97275316300112, 123.97275316300112, 'SEARCH'
11, 24023, 124.00019817728156, 124.00019817728156, 'SEARCH'
11, 24024, 124.01275360777288, 124.01275360777288, 'SEARCH'
11, 24025, 124.0306466583812, 124.0306466583812, 'SEARCH'
11, 24026, 124.05840957346471, 124.05840957346471, 'SEARCH'
11, 24027, 124.06887269709841, 124.06887269709841, 'SEARCH'
11, 24028, 124.09621523745751, 124.09621523745751, 'SEARCH'
11, 24029, 124.12397856426799, 124.12397856426799, 'SEARCH'
11, 24030, 124.13431510033443, 124.13431510033443, 'SEARCH'
11, 24031, 124.15330426499484, 124.15330426499484, 'SEARCH'
11, 24032, 124.15962331567827, 124.15962331567827, 'SEARCH'
11, 24033, 124.1867085018, 124.1867085018, 'SEARCH'
11, 24034, 124.212943340662, 124.212943340662, 'SEARCH'
11, 24035, 124.21545011012276, 124.21545011012276, 'SEARCH'
11, 24036, 124.24058260206722, 124.24058260206722, 'SEARCH'
11, 24037, 124.24999384202272, 124.24999384202272, 'SEARCH'
11, 24038, 124.24991240190808, 124.24991240190808, 'SEARCH'
11, 24039, 124.25763321571283, 124.25763321571283, 'SEARCH'
11, 24040, 124.2581990070057, 124.2581990070057, 'SEARCH'
11, 24041, 124.26100744868629, 124.26100744868629, 'SEARCH'
11, 24042, 124.26764872771712, 124.26764872771712, 'SEARCH'
11, 24043, 124.27061901990766, 124.27061901990766, 'SEARCH'
11, 24044, 124.29421909710635, 124.29421909710635, 'SEARCH'
11, 24045, 124.29895413016543, 124.29895413016543, 'SEARCH'
11, 24046, 124.3259249682829, 124.3259249682829, 'SEARCH'
11, 24047, 124.34994133511172, 124.34994133511172, 'SEARCH'
11, 24048, 124.35673192064542, 124.35673192064542, 'SEARCH'
11, 24049, 124.35230056942086, 124.35230056942086, 'SEARCH'
11, 24050, 124.37452844872432, 124.37452844872432, 'SEARCH'
11, 24051, 124.39411242938428, 124.39411242938428, 'SEARCH'
11, 24052, 124.38921824447165, 124.38921824447165, 'SEARCH'
11, 24053, 124.41513047446922, 124.41513047446922, 'SEARCH'
11, 24054, 124.42906475528514, 124.42906475528514, 'SEARCH'
11, 24055, 124.45149895024853, 124.45149895024853, 'SEARCH'
11, 24056, 124.47649046803774, 124.47649046803774, 'SEARCH'
11, 24057, 124.504109304583, 124.504109304583, 'SEARCH'
11, 24058, 124.50368756226325, 124.50368756226325, 'SEARCH'
11, 24059, 124.52552881327638, 124.52552881327638, 'SEARCH'
11, 24060, 124.55224948709628, 124.55224948709628, 'SEARCH'
11, 24061, 124.57476538036153, 124.57476538036153, 'SEARCH'
11, 24062, 124.57322903986562, 124.57322903986562, 'SEARCH'
11, 24063, 124.59382640338612, 124.59382640338612, 'SEARCH'
11, 24064, 124.60507115691955, 124.60507115691955, 'SEARCH'
11, 24065, 124.62980074244815, 124.62980074244815, 'SEARCH'
11, 24066, 124.6565131991963, 124.6565131991963, 'SEARCH'
11, 24067, 124.68428595070776, 124.68428595070776, 'SEARCH'
11, 24068, 124.70807352375967, 124.70807352375967, 'SEARCH'
11, 24069, 124.72774133457895, 124.72774133457895, 'SEARCH'
11, 24070, 124.7489897706308, 124.7489897706308, 'SEARCH'
11, 24071, 124.75714795383743, 124.75714795383743, 'SEARCH'
11, 24072, 124.78420188743422, 124.78420188743422, 'SEARCH'
11, 24073, 124.78859654125745, 124.78859654125745, 'SEARCH'
11, 24074, 124.80169436044743, 124.80169436044743, 'SEARCH'
11, 24075, 124.82888119769699, 124.82888119769699, 'SEARCH'
11, 24076, 124.83282769179716, 124.83282769179716, 'SEARCH'
11, 24077, 124.8604430914021, 124.8604430914021, 'SEARCH'
11, 24078, 124.86865537759768, 124.86865537759768, 'SEARCH'
11, 24079, 124.88716094188311, 124.88716094188311, 'SEARCH'
11, 24080, 124.90220693687554, 124.90220693687554, 'SEARCH'
11, 24081, 124.913867816563, 124.913867816563, 'SEARCH'
11, 24082, 124.94164254740565, 124.94164254740565, 'SEARCH'
11, 24083, 124.96793100138717, 124.96793100138717, 'SEARCH'
11, 24084, 124.98419401322677, 124.98419401322677, 'SEARCH'
11, 24085, 125.00726067098552, 125.00726067098552, 'SEARCH'
11, 24086, 125.01484369687424, 125.01484369687424, 'SEARCH'
11, 24087, 125.02103152540353, 125.02103152540353, 'SEARCH'
11, 24088, 125.0357107204802, 125.0357107204802, 'SEARCH'
11, 24089, 125.0318093881676, 125.0318093881676, 'SEARCH'
11, 24090, 125.0390190954221, 125.0390190954221, 'SEARCH'
11, 24091, 125.05166153352435, 125.05166153352435, 'SEARCH'
11, 24092, 125.06508566064073, 125.06508566064073, 'SEARCH'
11, 24093, 125.07363503742694, 125.07363503742694, 'SEARCH'
11, 24094, 125.10004639354982, 125.10004639354982, 'SEARCH'
11, 24095, 125.12731034768201, 125.12731034768201, 'SEARCH'
11, 24096, 125.13947310548488, 125.13947310548488, 'SEARCH'
11, 24097, 125.16302857225979, 125.16302857225979, 'SEARCH'
11, 24098, 125.178965141498, 125.178965141498, 'SEARCH'
11, 24099, 125.19717644617648, 125.19717644617648, 'SEARCH'
11, 24100, 125.22147389345774, 125.22147389345774, 'SEARCH'
11, 24101, 125.2336614985937, 125.2336614985937, 'SEARCH'
11, 24102, 125.24180682012667, 125.24180682012667, 'SEARCH'
11, 24103, 125.25351079718286, 125.25351079718286, 'SEARCH'
11, 24104, 125.25638915336286, 125.25638915336286, 'SEARCH'
11, 24105, 125.28308797572619, 125.28308797572619, 'SEARCH'
11, 24106, 125.31086141965402, 125.31086141965402, 'SEARCH'
11, 24107, 125.310381724356, 125.310381724356, 'SEARCH'
11, 24108, 125.31185548431647, 125.31185548431647, 'SEARCH'
11, 24109, 125.33247504457131, 125.33247504457131, 'SEARCH'
11, 24110, 125.35521520310188, 125.35521520310188, 'SEARCH'
11, 24111, 125.37342734921474, 125.37342734921474, 'SEARCH'
11, 24112, 125.3763348078875, 125.3763348078875, 'SEARCH'
11, 24113, 125.38765013264171, 125.38765013264171, 'SEARCH'
11, 24114, 125.4007193729635, 125.4007193729635, 'SEARCH'
11, 24115, 125.41116689245017, 125.41116689245017, 'SEARCH'
11, 24116, 125.43741211696938, 125.43741211696938, 'SEARCH'
11, 24117, 125.46041104993608, 125.46041104993608, 'SEARCH'
11, 24118, 125.46986970723047, 125.46986970723047, 'SEARCH'
11, 24119, 125.47274309457609, 125.47274309457609, 'SEARCH'
11, 24120, 125.49969947900064, 125.49969947900064, 'SEARCH'
11, 24121, 125.51640176102104, 125.51640176102104, 'SEARCH'
11, 24122, 125.54383656831007, 125.54383656831007, 'SEARCH'
11, 24123, 125.54141218810716, 125.54141218810716, 'SEARCH'
11, 24124, 125.56868179675666, 125.56868179675666, 'SEARCH'
11, 24125, 125.58995126316354, 125.58995126316354, 'SEARCH'
11, 24126, 125.59898951714926, 125.59898951714926, 'SEARCH'
11, 24127, 125.62525118780141, 125.62525118780141, 'SEARCH'
11, 24128, 125.62863944035705, 125.62863944035705, 'SEARCH'
11, 24129, 125.62910639002124, 125.62910639002124, 'SEARCH'
11, 24130, 125.63535779090373, 125.63535779090373, 'SEARCH'
11, 24131, 125.64484205916928, 125.64484205916928, 'SEARCH'
11, 24132, 125.64677669243984, 125.64677669243984, 'SEARCH'
11, 24133, 125.65850525447645, 125.65850525447645, 'SEARCH'
11, 24134, 125.68009354204345, 125.68009354204345, 'SEARCH'
11, 24135, 125.69182344581151, 125.69182344581151, 'SEARCH'
11, 24136, 125.69134201810621, 125.69134201810621, 'SEARCH'
11, 24137, 125.71710400116446, 125.71710400116446, 'SEARCH'
11, 24138, 125.7171284872793, 125.7171284872793, 'SEARCH'
11, 24139, 125.74286876643593, 125.74286876643593, 'SEARCH'
11, 24140, 125.76878921989343, 125.76878921989343, 'SEARCH'
11, 24141, 125.79309848422571, 125.79309848422571, 'SEARCH'
11, 24142, 125.8188396241144, 125.8188396241144, 'SEARCH'
11, 24143, 125.82739292314254, 125.82739292314254, 'SEARCH'
11, 24144, 125.85215123024398, 125.85215123024398, 'SEARCH'
11, 24145, 125.86162808762187, 125.86162808762187, 'SEARCH'
11, 24146, 125.87833619517369, 125.87833619517369, 'SEARCH'
11, 24147, 125.89865124518775, 125.89865124518775, 'SEARCH'
11, 24148, 125.90904753927813, 125.90904753927813, 'SEARCH'
11, 24149, 125.91291702660814, 125.91291702660814, 'SEARCH'
11, 24150, 125.93620336746108, 125.93620336746108, 'SEARCH'
11, 24151, 125.94340225736286, 125.94340225736286, 'SEARCH'
11, 24152, 125.96009996758447, 125.96009996758447, 'SEARCH'
11, 24153, 125.97796427355598, 125.97796427355598, 'SEARCH'
11, 24154, 126.00153340144459, 126.00153340144459, 'SEARCH'
11, 24155, 126.02507402763213, 126.02507402763213, 'SEARCH'
11, 24156, 126.03594810865741, 126.03594810865741, 'SEARCH'
11, 24157, 126.05781516258047, 126.05781516258047, 'SEARCH'
11, 24158, 126.0725573466965, 126.0725573466965, 'SEARCH'
11, 24159, 126.087244454667, 126.087244454667, 'SEARCH'
11, 24160, 126.08624941304508, 126.08624941304508, 'SEARCH'
11, 24161, 126.0979983408849, 126.0979983408849, 'SEARCH'
11, 24162, 126.10842634349675, 126.10842634349675, 'SEARCH'
11, 24163, 126.12063733658793, 126.12063733658793, 'SEARCH'
11, 24164, 126.13233027117391, 126.13233027117391, 'SEARCH'
11, 24165, 126.1337468100277, 126.1337468100277, 'SEARCH'
11, 24166, 126.15803106566088, 126.15803106566088, 'SEARCH'
11, 24167, 126.16616619269963, 126.16616619269963, 'SEARCH'
11, 24168, 126.18131908406531, 126.18131908406531, 'SEARCH'
11, 24169, 126.20903203267643, 126.20903203267643, 'SEARCH'
11, 24170, 126.23357786739766, 126.23357786739766, 'SEARCH'
11, 24171, 126.24025106311603, 126.24025106311603, 'SEARCH'
11, 24172, 126.25540794300537, 126.25540794300537, 'SEARCH'
11, 24173, 126.2549690169186, 126.2549690169186, 'SEARCH'
11, 24174, 126.27803192948949, 126.27803192948949, 'SEARCH'
11, 24175, 126.30547844476644, 126.30547844476644, 'SEARCH'
11, 24176, 126.33297592345775, 126.33297592345775, 'SEARCH'
11, 24177, 126.35921800203104, 126.35921800203104, 'SEARCH'
11, 24178, 126.35577034494482, 126.35577034494482, 'SEARCH'
11, 24179, 126.37537834641563, 126.37537834641563, 'SEARCH'
11, 24180, 126.40209015118914, 126.40209015118914, 'SEARCH'
11, 24181, 126.4217605394205, 126.4217605394205, 'SEARCH'
11, 24182, 126.41832488402008, 126.41832488402008, 'SEARCH'
11, 24183, 126.41305970395504, 126.41305970395504, 'SEARCH'
11, 24184, 126.41831009918938, 126.41831009918938, 'SEARCH'
11, 24185, 126.43264731894737, 126.43264731894737, 'SEARCH'
11, 24186, 126.4460718039552, 126.4460718039552, 'SEARCH'
11, 24187, 126.44313351021106, 126.44313351021106, 'SEARCH'
11, 24188, 126.4548908611071, 126.4548908611071, 'SEARCH'
11, 24189, 126.46442280724544, 126.46442280724544, 'SEARCH'
11, 24190, 126.48634124188573, 126.48634124188573, 'SEARCH'
11, 24191, 126.48736716673588, 126.48736716673588, 'SEARCH'
11, 24192, 126.49991403225576, 126.49991403225576, 'SEARCH'
11, 24193, 126.50901233770055, 126.50901233770055, 'SEARCH'
11, 24194, 126.5357338569419, 126.5357338569419, 'SEARCH'
11, 24195, 126.55898884885454, 126.55898884885454, 'SEARCH'
11, 24196, 126.57457757482096, 126.57457757482096, 'SEARCH'
11, 24197, 126.58215773451595, 126.58215773451595, 'SEARCH'
11, 24198, 126.57692095085567, 126.57692095085567, 'SEARCH'
11, 24199, 126.60468447585296, 126.60468447585296, 'SEARCH'
11, 24200, 126.61988015611311, 126.61988015611311, 'SEARCH'
11, 24201, 126.63803426876717, 126.63803426876717, 'SEARCH'
11, 24202, 126.66188577308851, 126.66188577308851, 'SEARCH'
11, 24203, 126.68933516011992, 126.68933516011992, 'SEARCH'
11, 24204, 126.70971159681037, 126.70971159681037, 'SEARCH'
11, 24205, 126.73381757367213, 126.73381757367213, 'SEARCH'
11, 24206, 126.75319042593948, 126.75319042593948, 'SEARCH'
11, 24207, 126.76921929975099, 126.76921929975099, 'SEARCH'
11, 24208, 126.79258618155303, 126.79258618155303, 'SEARCH'
11, 24209, 126.78789836788273, 126.78789836788273, 'SEARCH'
11, 24210, 126.8116294132164, 126.8116294132164, 'SEARCH'
11, 24211, 126.8320431502362, 126.8320431502362, 'SEARCH'
11, 24212, 126.8580924050509, 126.8580924050509, 'SEARCH'
11, 24213, 126.87642841571295, 126.87642841571295, 'SEARCH'
11, 24214, 126.90420429678083, 126.90420429678083, 'SEARCH'
11, 24215, 126.92000570407274, 126.92000570407274, 'SEARCH'
11, 24216, 126.91888936212672, 126.91888936212672, 'SEARCH'
11, 24217, 126.93006720502201, 126.93006720502201, 'SEARCH'
11, 24218, 126.94036402663144, 126.94036402663144, 'SEARCH'
11, 24219, 126.93949743383548, 126.93949743383548, 'SEARCH'
11, 24220, 126.95112950751735, 126.95112950751735, 'SEARCH'
11, 24221, 126.95680295152847, 126.95680295152847, 'SEARCH'
11, 24222, 126.97344892035255, 126.97344892035255, 'SEARCH'
11, 24223, 126.99984347595819, 126.99984347595819, 'SEARCH'
11, 24224, 127.0223578502642, 127.0223578502642, 'SEARCH'
11, 24225, 127.03503962695245, 127.03503962695245, 'SEARCH'
11, 24226, 127.05474724848632, 127.05474724848632, 'SEARCH'
11, 24227, 127.0822689347474, 127.0822689347474, 'SEARCH'
11, 24228, 127.08140475718426, 127.08140475718426, 'SEARCH'
11, 24229, 127.10860037452971, 127.10860037452971, 'SEARCH'
11, 24230, 127.12110110752003, 127.12110110752003, 'SEARCH'
11, 24231, 127.14699447935281, 127.14699447935281, 'SEARCH'
11, 24232, 127.16586313501391, 127.16586313501391, 'SEARCH'
11, 24233, 127.19271799720161, 127.19271799720161, 'SEARCH'
11, 24234, 127.22005707793843, 127.22005707793843, 'SEARCH'
11, 24235, 127.24703183855493, 127.24703183855493, 'SEARCH'
11, 24236, 127.27316681555821, 127.27316681555821, 'SEARCH'
11, 24237, 127.27665129218329, 127.27665129218329, 'SEARCH'
11, 24238, 127.30426460985636, 127.30426460985636, 'SEARCH'
11, 24239, 127.33199816754282, 127.33199816754282, 'SEARCH'
11, 24240, 127.33285586759426, 127.33285586759426, 'SEARCH'
11, 24241, 127.34707988144486, 127.34707988144486, 'SEARCH'
11, 24242, 127.35976433975829, 127.35976433975829, 'SEARCH'
11, 24243, 127.37052930315672, 127.37052930315672, 'SEARCH'
11, 24244, 127.3876953640362, 127.3876953640362, 'SEARCH'
11, 24245, 127.38857117854704, 127.38857117854704, 'SEARCH'
11, 24246, 127.41108970328132, 127.41108970328132, 'SEARCH'
11, 24247, 127.43622810522527, 127.43622810522527, 'SEARCH'
11, 24248, 127.45249088272283, 127.45249088272283, 'SEARCH'
11, 24249, 127.45785674044205, 127.45785674044205, 'SEARCH'
11, 24250, 127.4784446807271, 127.4784446807271, 'SEARCH'
11, 24251, 127.47837347944663, 127.47837347944663, 'SEARCH'
11, 24252, 127.49386045844545, 127.49386045844545, 'SEARCH'
11, 24253, 127.50975836388105, 127.50975836388105, 'SEARCH'
11, 24254, 127.50972900440044, 127.50972900440044, 'SEARCH'
11, 24255, 127.50729427714556, 127.50729427714556, 'SEARCH'
11, 24256, 127.51495248281358, 127.51495248281358, 'SEARCH'
11, 24257, 127.54137590523743, 127.54137590523743, 'SEARCH'
11, 24258, 127.55924806342874, 127.55924806342874, 'SEARCH'
11, 24259, 127.57393884182088, 127.57393884182088, 'SEARCH'
11, 24260, 127.59520403685863, 127.59520403685863, 'SEARCH'
11, 24261, 127.59424647579532, 127.59424647579532, 'SEARCH'
11, 24262, 127.62119248187055, 127.62119248187055, 'SEARCH'
11, 24263, 127.64423482671396, 127.64423482671396, 'SEARCH'
11, 24264, 127.66614455085518, 127.66614455085518, 'SEARCH'
11, 24265, 127.69254933472168, 127.69254933472168, 'SEARCH'
11, 24266, 127.71939070575716, 127.71939070575716, 'SEARCH'
11, 24267, 127.74623325423113, 127.74623325423113, 'SEARCH'
11, 24268, 127.74531206653133, 127.74531206653133, 'SEARCH'
11, 24269, 127.74924124134311, 127.74924124134311, 'SEARCH'
11, 24270, 127.7695023491578, 127.7695023491578, 'SEARCH'
11, 24271, 127.76991796546045, 127.76991796546045, 'SEARCH'
11, 24272, 127.77752307803452, 127.77752307803452, 'SEARCH'
11, 24273, 127.79643919784883, 127.79643919784883, 'SEARCH'
11, 24274, 127.7949578996983, 127.7949578996983, 'SEARCH'
11, 24275, 127.81653780239542, 127.81653780239542, 'SEARCH'
11, 24276, 127.8131501060118, 127.8131501060118, 'SEARCH'
11, 24277, 127.81988293001682, 127.81988293001682, 'SEARCH'
11, 24278, 127.84714495000368, 127.84714495000368, 'SEARCH'
11, 24279, 127.8561651455567, 127.8561651455567, 'SEARCH'
11, 24280, 127.88191661705542, 127.88191661705542, 'SEARCH'
11, 24281, 127.90688457145819, 127.90688457145819, 'SEARCH'
11, 24282, 127.90784430362686, 127.90784430362686, 'SEARCH'
11, 24283, 127.93165141376555, 127.93165141376555, 'SEARCH'
11, 24284, 127.95163419701382, 127.95163419701382, 'SEARCH'
11, 24285, 127.9787027594793, 127.9787027594793, 'SEARCH'
11, 24286, 127.98543749869366, 127.98543749869366, 'SEARCH'
11, 24287, 127.99802137561623, 127.99802137561623, 'SEARCH'
11, 24288, 128.01799192000476, 128.01799192000476, 'SEARCH'
11, 24289, 128.02377181613613, 128.02377181613613, 'SEARCH'
11, 24290, 128.05134010399925, 128.05134010399925, 'SEARCH'
11, 24291, 128.06524413419282, 128.06524413419282, 'SEARCH'
11, 24292, 128.06521328293078, 128.06521328293078, 'SEARCH'
11, 24293, 128.07953283907764, 128.07953283907764, 'SEARCH'
11, 24294, 128.08814357640978, 128.08814357640978, 'SEARCH'
11, 24295, 128.11590289373166, 128.11590289373166, 'SEARCH'
11, 24296, 128.143677142678, 128.143677142678, 'SEARCH'
11, 24297, 128.15404414814228, 128.15404414814228, 'SEARCH'
11, 24298, 128.16357000629804, 128.16357000629804, 'SEARCH'
11, 24299, 128.18630036179326, 128.18630036179326, 'SEARCH'
11, 24300, 128.19485367008255, 128.19485367008255, 'SEARCH'
11, 24301, 128.22095046749268, 128.22095046749268, 'SEARCH'
11, 24302, 128.24801383733214, 128.24801383733214, 'SEARCH'
11, 24303, 128.26866133607402, 128.26866133607402, 'SEARCH'
11, 24304, 128.2748933839108, 128.2748933839108, 'SEARCH'
11, 24305, 128.27150960557287, 128.27150960557287, 'SEARCH'
11, 24306, 128.284961443056, 128.284961443056, 'SEARCH'
11, 24307, 128.31258738069505, 128.31258738069505, 'SEARCH'
11, 24308, 128.32930786520032, 128.32930786520032, 'SEARCH'
11, 24309, 128.33319019417817, 128.33319019417817, 'SEARCH'
11, 24310, 128.35620100729005, 128.35620100729005, 'SEARCH'
11, 24311, 128.36104707719232, 128.36104707719232, 'SEARCH'
11, 24312, 128.38861310158515, 128.38861310158515, 'SEARCH'
11, 24313, 128.4021114101313, 128.4021114101313, 'SEARCH'
11, 24314, 128.4210919716294, 128.4210919716294, 'SEARCH'
11, 24315, 128.4484582198309, 128.4484582198309, 'SEARCH'
11, 24316, 128.470005953423, 128.470005953423, 'SEARCH'
11, 24317, 128.46667280646489, 128.46667280646489, 'SEARCH'
11, 24318, 128.46466697151286, 128.46466697151286, 'SEARCH'
11, 24319, 128.49209449292363, 128.49209449292363, 'SEARCH'
11, 24320, 128.4886601157763, 128.4886601157763, 'SEARCH'
11, 24321, 128.49581688879405, 128.49581688879405, 'SEARCH'
11, 24322, 128.50441809646586, 128.50441809646586, 'SEARCH'
11, 24323, 128.51110588917618, 128.51110588917618, 'SEARCH'
11, 24324, 128.53805426403932, 128.53805426403932, 'SEARCH'
11, 24325, 128.53901040211738, 128.53901040211738, 'SEARCH'
11, 24326, 128.56148156097666, 128.56148156097666, 'SEARCH'
11, 24327, 128.55953760623322, 128.55953760623322, 'SEARCH'
11, 24328, 128.5857989031388, 128.5857989031388, 'SEARCH'
11, 24329, 128.6067662624823, 128.6067662624823, 'SEARCH'
11, 24330, 128.63427589666568, 128.63427589666568, 'SEARCH'
11, 24331, 128.65731506955808, 128.65731506955808, 'SEARCH'
11, 24332, 128.65294211717944, 128.65294211717944, 'SEARCH'
11, 24333, 128.65872924308223, 128.65872924308223, 'SEARCH'
11, 24334, 128.65924180202768, 128.65924180202768, 'SEARCH'
11, 24335, 128.66786717991008, 128.66786717991008, 'SEARCH'
11, 24336, 128.6952936663193, 128.6952936663193, 'SEARCH'
11, 24337, 128.7128191367532, 128.7128191367532, 'SEARCH'
11, 24338, 128.71947137729757, 128.71947137729757, 'SEARCH'
11, 24339, 128.7275406658444, 128.7275406658444, 'SEARCH'
11, 24340, 128.75525349960202, 128.75525349960202, 'SEARCH'
11, 24341, 128.75239079051136, 128.75239079051136, 'SEARCH'
11, 24342, 128.77020237087515, 128.77020237087515, 'SEARCH'
11, 24343, 128.7861719119321, 128.7861719119321, 'SEARCH'
11, 24344, 128.79283524681392, 128.79283524681392, 'SEARCH'
11, 24345, 128.79327697880092, 128.79327697880092, 'SEARCH'
11, 24346, 128.81115293316432, 128.81115293316432, 'SEARCH'
11, 24347, 128.83569786745778, 128.83569786745778, 'SEARCH'
11, 24348, 128.8491230592916, 128.8491230592916, 'SEARCH'
11, 24349, 128.8721328641894, 128.8721328641894, 'SEARCH'
11, 24350, 128.89987122798183, 128.89987122798183, 'SEARCH'
11, 24351, 128.90129983234115, 128.90129983234115, 'SEARCH'
11, 24352, 128.91559852880118, 128.91559852880118, 'SEARCH'
11, 24353, 128.94337200200857, 128.94337200200857, 'SEARCH'
11, 24354, 128.94482240806855, 128.94482240806855, 'SEARCH'
11, 24355, 128.93903469172722, 128.93903469172722, 'SEARCH'
11, 24356, 128.96479097197357, 128.96479097197357, 'SEARCH'
11, 24357, 128.9901707407048, 128.9901707407048, 'SEARCH'
11, 24358, 128.99545661888772, 128.99545661888772, 'SEARCH'
11, 24359, 128.99691161983273, 128.99691161983273, 'SEARCH'
11, 24360, 129.00127409550166, 129.00127409550166, 'SEARCH'
11, 24361, 129.02904704271967, 129.02904704271967, 'SEARCH'
11, 24362, 129.05661366483463, 129.05661366483463, 'SEARCH'
11, 24363, 129.05567632705763, 129.05567632705763, 'SEARCH'
11, 24364, 129.0498539079256, 129.0498539079256, 'SEARCH'
11, 24365, 129.06536024048975, 129.06536024048975, 'SEARCH'
11, 24366, 129.08890689688056, 129.08890689688056, 'SEARCH'
11, 24367, 129.10065649384129, 129.10065649384129, 'SEARCH'
11, 24368, 129.12539482628037, 129.12539482628037, 'SEARCH'
11, 24369, 129.15265856496157, 129.15265856496157, 'SEARCH'
11, 24370, 129.16122644151542, 129.16122644151542, 'SEARCH'
11, 24371, 129.18849355800734, 129.18849355800734, 'SEARCH'
11, 24372, 129.21566413268516, 129.21566413268516, 'SEARCH'
11, 24373, 129.2269596497594, 129.2269596497594, 'SEARCH'
11, 24374, 129.22600173993422, 129.22600173993422, 'SEARCH'
11, 24375, 129.23501913332672, 129.23501913332672, 'SEARCH'
11, 24376, 129.25174598321837, 129.25174598321837, 'SEARCH'
11, 24377, 129.2668540556997, 129.2668540556997, 'SEARCH'
11, 24378, 129.28933317494347, 129.28933317494347, 'SEARCH'
11, 24379, 129.31590302834135, 129.31590302834135, 'SEARCH'
11, 24380, 129.3434071021854, 129.3434071021854, 'SEARCH'
11, 24381, 129.36838295438034, 129.36838295438034, 'SEARCH'
11, 24382, 129.3924531699152, 129.3924531699152, 'SEARCH'
11, 24383, 129.40595117473845, 129.40595117473845, 'SEARCH'
11, 24384, 129.4040628041913, 129.4040628041913, 'SEARCH'
11, 24385, 129.4171615832998, 129.4171615832998, 'SEARCH'
11, 24386, 129.44413340205963, 129.44413340205963, 'SEARCH'
11, 24387, 129.45681817109298, 129.45681817109298, 'SEARCH'
11, 24388, 129.464381268134, 129.464381268134, 'SEARCH'
11, 24389, 129.47055049642057, 129.47055049642057, 'SEARCH'
11, 24390, 129.49014594881618, 129.49014594881618, 'SEARCH'
11, 24391, 129.51114527833522, 129.51114527833522, 'SEARCH'
11, 24392, 129.53891763683936, 129.53891763683936, 'SEARCH'
11, 24393, 129.54616793200353, 129.54616793200353, 'SEARCH'
11, 24394, 129.5735913159661, 129.5735913159661, 'SEARCH'
11, 24395, 129.59792281289998, 129.59792281289998, 'SEARCH'
11, 24396, 129.6059649650179, 129.6059649650179, 'SEARCH'
11, 24397, 129.62184259001478, 129.62184259001478, 'SEARCH'
11, 24398, 129.64775615877318, 129.64775615877318, 'SEARCH'
11, 24399, 129.66032498864772, 129.66032498864772, 'SEARCH'
11, 24400, 129.6733372728735, 129.6733372728735, 'SEARCH'
11, 24401, 129.69333124471757, 129.69333124471757, 'SEARCH'
11, 24402, 129.71549831934027, 129.71549831934027, 'SEARCH'
11, 24403, 129.73853740932253, 129.73853740932253, 'SEARCH'
11, 24404, 129.74243008277924, 129.74243008277924, 'SEARCH'
11, 24405, 129.77019240948337, 129.77019240948337, 'SEARCH'
11, 24406, 129.79422709705827, 129.79422709705827, 'SEARCH'
11, 24407, 129.8005092826384, 129.8005092826384, 'SEARCH'
11, 24408, 129.82356614607454, 129.82356614607454, 'SEARCH'
11, 24409, 129.84891840432564, 129.84891840432564, 'SEARCH'
11, 24410, 129.87164293029122, 129.87164293029122, 'SEARCH'
11, 24411, 129.89294882527295, 129.89294882527295, 'SEARCH'
11, 24412, 129.90594382023946, 129.90594382023946, 'SEARCH'
11, 24413, 129.9102524557163, 129.9102524557163, 'SEARCH'
11, 24414, 129.9206387516863, 129.9206387516863, 'SEARCH'
11, 24415, 129.93325456573928, 129.93325456573928, 'SEARCH'
11, 24416, 129.95253630839062, 129.95253630839062, 'SEARCH'
11, 24417, 129.9765964306822, 129.9765964306822, 'SEARCH'
11, 24418, 129.98238684051074, 129.98238684051074, 'SEARCH'
11, 24419, 130.00459000544444, 130.00459000544444, 'SEARCH'
11, 24420, 130.0135950261131, 130.0135950261131, 'SEARCH'
11, 24421, 130.04135674550994, 130.04135674550994, 'SEARCH'
11, 24422, 130.06729850324803, 130.06729850324803, 'SEARCH'
11, 24423, 130.06775289285048, 130.06775289285048, 'SEARCH'
11, 24424, 130.08838645081292, 130.08838645081292, 'SEARCH'
11, 24425, 130.09696782493552, 130.09696782493552, 'SEARCH'
11, 24426, 130.10177833861195, 130.10177833861195, 'SEARCH'
11, 24427, 130.11926166444246, 130.11926166444246, 'SEARCH'
11, 24428, 130.12599651338846, 130.12599651338846, 'SEARCH'
11, 24429, 130.12264208925384, 130.12264208925384, 'SEARCH'
11, 24430, 130.13264104140111, 130.13264104140111, 'SEARCH'
11, 24431, 130.16021932683697, 130.16021932683697, 'SEARCH'
11, 24432, 130.16462796363302, 130.16462796363302, 'SEARCH'
11, 24433, 130.18421302774857, 130.18421302774857, 'SEARCH'
11, 24434, 130.2106522446594, 130.2106522446594, 'SEARCH'
11, 24435, 130.22769660986023, 130.22769660986023, 'SEARCH'
11, 24436, 130.24962229014, 130.24962229014, 'SEARCH'
11, 24437, 130.27261242747858, 130.27261242747858, 'SEARCH'
11, 24438, 130.30038694697936, 130.30038694697936, 'SEARCH'
11, 24439, 130.30574516196853, 130.30574516196853, 'SEARCH'
11, 24440, 130.30615480576571, 130.30615480576571, 'SEARCH'
11, 24441, 130.32708044168947, 130.32708044168947, 'SEARCH'
11, 24442, 130.34863798535724, 130.34863798535724, 'SEARCH'
11, 24443, 130.36646519924454, 130.36646519924454, 'SEARCH'
11, 24444, 130.3807919481891, 130.3807919481891, 'SEARCH'
11, 24445, 130.39212431743786, 130.39212431743786, 'SEARCH'
11, 24446, 130.3978485317407, 130.3978485317407, 'SEARCH'
11, 24447, 130.41910442102156, 130.41910442102156, 'SEARCH'
11, 24448, 130.44238727242785, 130.44238727242785, 'SEARCH'
11, 24449, 130.45455043476747, 130.45455043476747, 'SEARCH'
11, 24450, 130.47519350204533, 130.47519350204533, 'SEARCH'
11, 24451, 130.48237240387053, 130.48237240387053, 'SEARCH'
11, 24452, 130.4857524368083, 130.4857524368083, 'SEARCH'
11, 24453, 130.50359913692978, 130.50359913692978, 'SEARCH'
11, 24454, 130.52487940917598, 130.52487940917598, 'SEARCH'
11, 24455, 130.5214811848654, 130.5214811848654, 'SEARCH'
11, 24456, 130.54336823863625, 130.54336823863625, 'SEARCH'
11, 24457, 130.5564154756217, 130.5564154756217, 'SEARCH'
11, 24458, 130.5544557235177, 130.5544557235177, 'SEARCH'
11, 24459, 130.5699934473388, 130.5699934473388, 'SEARCH'
11, 24460, 130.5959332611474, 130.5959332611474, 'SEARCH'
11, 24461, 130.60495212817196, 130.60495212817196, 'SEARCH'
11, 24462, 130.61213131204158, 130.61213131204158, 'SEARCH'
11, 24463, 130.6399047660759, 130.6399047660759, 'SEARCH'
11, 24464, 130.66465695920988, 130.66465695920988, 'SEARCH'
11, 24465, 130.6821469903056, 130.6821469903056, 'SEARCH'
11, 24466, 130.70107380682398, 130.70107380682398, 'SEARCH'
11, 24467, 130.72883506074587, 130.72883506074587, 'SEARCH'
11, 24468, 130.7564043881046, 130.7564043881046, 'SEARCH'
11, 24469, 130.77969597032134, 130.77969597032134, 'SEARCH'
11, 24470, 130.78499551610798, 130.78499551610798, 'SEARCH'
11, 24471, 130.80286262995128, 130.80286262995128, 'SEARCH'
11, 24472, 130.81329427484854, 130.81329427484854, 'SEARCH'
11, 24473, 130.84097008144138, 130.84097008144138, 'SEARCH'
11, 24474, 130.86833347132261, 130.86833347132261, 'SEARCH'
11, 24475, 130.8961112103459, 130.8961112103459, 'SEARCH'
11, 24476, 130.91436962596003, 130.91436962596003, 'SEARCH'
11, 24477, 130.92114599472737, 130.92114599472737, 'SEARCH'
11, 24478, 130.94277996566296, 130.94277996566296, 'SEARCH'
11, 24479, 130.94894651525627, 130.94894651525627, 'SEARCH'
11, 24480, 130.94949907435986, 130.94949907435986, 'SEARCH'
11, 24481, 130.97284139643668, 130.97284139643668, 'SEARCH'
11, 24482, 130.9886976933451, 130.9886976933451, 'SEARCH'
11, 24483, 131.0129542486945, 131.0129542486945, 'SEARCH'
11, 24484, 131.0164094137557, 131.0164094137557, 'SEARCH'
11, 24485, 131.02084072950458, 131.02084072950458, 'SEARCH'
11, 24486, 131.0255623568513, 131.0255623568513, 'SEARCH'
11, 24487, 131.0516945099478, 131.0516945099478, 'SEARCH'
11, 24488, 131.05517111159287, 131.05517111159287, 'SEARCH'
11, 24489, 131.08291629384027, 131.08291629384027, 'SEARCH'
11, 24490, 131.100687930971, 131.100687930971, 'SEARCH'
11, 24491, 131.12610295921974, 131.12610295921974, 'SEARCH'
11, 24492, 131.15199902894196, 131.15199902894196, 'SEARCH'
11, 24493, 131.1767923767224, 131.1767923767224, 'SEARCH'
11, 24494, 131.17572049841775, 131.17572049841775, 'SEARCH'
11, 24495, 131.1938795736768, 131.1938795736768, 'SEARCH'
11, 24496, 131.21928529659158, 131.21928529659158, 'SEARCH'
11, 24497, 131.23515323528363, 131.23515323528363, 'SEARCH'
11, 24498, 131.24321265994115, 131.24321265994115, 'SEARCH'
11, 24499, 131.24219471824247, 131.24219471824247, 'SEARCH'
11, 24500, 131.25526360254892, 131.25526360254892, 'SEARCH'
11, 24501, 131.2785852078662, 131.2785852078662, 'SEARCH'
11, 24502, 131.30261391337672, 131.30261391337672, 'SEARCH'
11, 24503, 131.32932829020984, 131.32932829020984, 'SEARCH'
11, 24504, 131.33878169994998, 131.33878169994998, 'SEARCH'
11, 24505, 131.33351492462305, 131.33351492462305, 'SEARCH'
11, 24506, 131.35507032177463, 131.35507032177463, 'SEARCH'
11, 24507, 131.36322970760222, 131.36322970760222, 'SEARCH'
11, 24508, 131.38149554756097, 131.38149554756097, 'SEARCH'
11, 24509, 131.40894189533128, 131.40894189533128, 'SEARCH'
11, 24510, 131.4183765566588, 131.4183765566588, 'SEARCH'
11, 24511, 131.44615099376674, 131.44615099376674, 'SEARCH'
11, 24512, 131.46243487980445, 131.46243487980445, 'SEARCH'
11, 24513, 131.4877949816156, 131.4877949816156, 'SEARCH'
11, 24514, 131.51541720104203, 131.51541720104203, 'SEARCH'
11, 24515, 131.51110131590062, 131.51110131590062, 'SEARCH'
11, 24516, 131.5273908727285, 131.5273908727285, 'SEARCH'
11, 24517, 131.5378268760879, 131.5378268760879, 'SEARCH'
11, 24518, 131.56451527897488, 131.56451527897488, 'SEARCH'
11, 24519, 131.58384218210963, 131.58384218210963, 'SEARCH'
11, 24520, 131.61008872864628, 131.61008872864628, 'SEARCH'
11, 24521, 131.63766533666296, 131.63766533666296, 'SEARCH'
11, 24522, 131.64348964687844, 131.64348964687844, 'SEARCH'
11, 24523, 131.66804715930041, 131.66804715930041, 'SEARCH'
11, 24524, 131.6783842076571, 131.6783842076571, 'SEARCH'
11, 24525, 131.69806707112684, 131.69806707112684, 'SEARCH'
11, 24526, 131.7127279248179, 131.7127279248179, 'SEARCH'
11, 24527, 131.73372806833484, 131.73372806833484, 'SEARCH'
11, 24528, 131.75262440850673, 131.75262440850673, 'SEARCH'
11, 24529, 131.778173320143, 131.778173320143, 'SEARCH'
11, 24530, 131.7791882911867, 131.7791882911867, 'SEARCH'
11, 24531, 131.7963392707395, 131.7963392707395, 'SEARCH'
11, 24532, 131.7925482805984, 131.7925482805984, 'SEARCH'
11, 24533, 131.80393106797754, 131.80393106797754, 'SEARCH'
11, 24534, 131.80452379130358, 131.80452379130358, 'SEARCH'
11, 24535, 131.82954483426246, 131.82954483426246, 'SEARCH'
11, 24536, 131.85009922797798, 131.85009922797798, 'SEARCH'
11, 24537, 131.85717259587318, 131.85717259587318, 'SEARCH'
11, 24538, 131.87583629035444, 131.87583629035444, 'SEARCH'
11, 24539, 131.88102289779587, 131.88102289779587, 'SEARCH'
11, 24540, 131.8852706489814, 131.8852706489814, 'SEARCH'
11, 24541, 131.9129497394377, 131.9129497394377, 'SEARCH'
11, 24542, 131.93992230230913, 131.93992230230913, 'SEARCH'
11, 24543, 131.95771129736562, 131.95771129736562, 'SEARCH'
11, 24544, 131.98383869135125, 131.98383869135125, 'SEARCH'
11, 24545, 131.99280834334527, 131.99280834334527, 'SEARCH'
11, 24546, 132.00798894969415, 132.00798894969415, 'SEARCH'
11, 24547, 132.03443050633626, 132.03443050633626, 'SEARCH'
11, 24548, 132.05852692200224, 132.05852692200224, 'SEARCH'
11, 24549, 132.08571596475753, 132.08571596475753, 'SEARCH'
11, 24550, 132.10035822642976, 132.10035822642976, 'SEARCH'
11, 24551, 132.12813300585907, 132.12813300585907, 'SEARCH'
11, 24552, 132.12660296540088, 132.12660296540088, 'SEARCH'
11, 24553, 132.1519550697739, 132.1519550697739, 'SEARCH'
11, 24554, 132.1779063476686, 132.1779063476686, 'SEARCH'
11, 24555, 132.18171549954815, 132.18171549954815, 'SEARCH'
11, 24556, 132.20525106113976, 132.20525106113976, 'SEARCH'
11, 24557, 132.22654971572393, 132.22654971572393, 'SEARCH'
11, 24558, 132.22941232445316, 132.22941232445316, 'SEARCH'
11, 24559, 132.25161107910793, 132.25161107910793, 'SEARCH'
11, 24560, 132.26243352302174, 132.26243352302174, 'SEARCH'
11, 24561, 132.26435345404013, 132.26435345404013, 'SEARCH'
11, 24562, 132.27652992283768, 132.27652992283768, 'SEARCH'
11, 24563, 132.30409879436283, 132.30409879436283, 'SEARCH'
11, 24564, 132.32711996159244, 132.32711996159244, 'SEARCH'
11, 24565, 132.35462803882504, 132.35462803882504, 'SEARCH'
11, 24566, 132.3789266828298, 132.3789266828298, 'SEARCH'
11, 24567, 132.40082598537202, 132.40082598537202, 'SEARCH'
11, 24568, 132.42044835049367, 132.42044835049367, 'SEARCH'
11, 24569, 132.43831562596498, 132.43831562596498, 'SEARCH'
11, 24570, 132.4576328211293, 132.4576328211293, 'SEARCH'
11, 24571, 132.45525392341716, 132.45525392341716, 'SEARCH'
11, 24572, 132.4596580177492, 132.4596580177492, 'SEARCH'
11, 24573, 132.4795863805258, 132.4795863805258, 'SEARCH'
11, 24574, 132.49883561654534, 132.49883561654534, 'SEARCH'
11, 24575, 132.49348335877974, 132.49348335877974, 'SEARCH'
11, 24576, 132.50481436646612, 132.50481436646612, 'SEARCH'
11, 24577, 132.5312486092219, 132.5312486092219, 'SEARCH'
11, 24578, 132.55737092051243, 132.55737092051243, 'SEARCH'
11, 24579, 132.55743529699163, 132.55743529699163, 'SEARCH'
11, 24580, 132.55348847423267, 132.55348847423267, 'SEARCH'
11, 24581, 132.56247105963152, 132.56247105963152, 'SEARCH'
11, 24582, 132.58991435537502, 132.58991435537502, 'SEARCH'
11, 24583, 132.58647791065206, 132.58647791065206, 'SEARCH'
11, 24584, 132.60398565963536, 132.60398565963536, 'SEARCH'
11, 24585, 132.63134975073172, 132.63134975073172, 'SEARCH'
11, 24586, 132.65493403211732, 132.65493403211732, 'SEARCH'
11, 24587, 132.67198724527768, 132.67198724527768, 'SEARCH'
11, 24588, 132.69956379972788, 132.69956379972788, 'SEARCH'
11, 24589, 132.7238834202423, 132.7238834202423, 'SEARCH'
11, 24590, 132.74796955270656, 132.74796955270656, 'SEARCH'
11, 24591, 132.77574180814472, 132.77574180814472, 'SEARCH'
11, 24592, 132.78346508132543, 132.78346508132543, 'SEARCH'
11, 24593, 132.79026884963096, 132.79026884963096, 'SEARCH'
11, 24594, 132.8050763908279, 132.8050763908279, 'SEARCH'
11, 24595, 132.83137912988806, 132.83137912988806, 'SEARCH'
11, 24596, 132.84076238116495, 132.84076238116495, 'SEARCH'
11, 24597, 132.8647641855385, 132.8647641855385, 'SEARCH'
11, 24598, 132.88862591439437, 132.88862591439437, 'SEARCH'
11, 24599, 132.91507789433004, 132.91507789433004, 'SEARCH'
11, 24600, 132.94069251593447, 132.94069251593447, 'SEARCH'
11, 24601, 132.96549840409725, 132.96549840409725, 'SEARCH'
11, 24602, 132.98132299677883, 132.98132299677883, 'SEARCH'
11, 24603, 132.98459136191983, 132.98459136191983, 'SEARCH'
11, 24604, 133.00464266396182, 133.00464266396182, 'SEARCH'
11, 24605, 133.0267587669362, 133.0267587669362, 'SEARCH'
11, 24606, 133.03243331317657, 133.03243331317657, 'SEARCH'
11, 24607, 133.0478950996021, 133.0478950996021, 'SEARCH'
11, 24608, 133.06184610621548, 133.06184610621548, 'SEARCH'
11, 24609, 133.06706065820268, 133.06706065820268, 'SEARCH'
11, 24610, 133.094775577389, 133.094775577389, 'SEARCH'
11, 24611, 133.10914386703317, 133.10914386703317, 'SEARCH'
11, 24612, 133.13582136501444, 133.13582136501444, 'SEARCH'
11, 24613, 133.15715371188836, 133.15715371188836, 'SEARCH'
11, 24614, 133.17316402673742, 133.17316402673742, 'SEARCH'
11, 24615, 133.17617661571114, 133.17617661571114, 'SEARCH'
11, 24616, 133.18064760003736, 133.18064760003736, 'SEARCH'
11, 24617, 133.2057613401546, 133.2057613401546, 'SEARCH'
11, 24618, 133.23174318621855, 133.23174318621855, 'SEARCH'
11, 24619, 133.25162408618394, 133.25162408618394, 'SEARCH'
11, 24620, 133.27372818951855, 133.27372818951855, 'SEARCH'
11, 24621, 133.29885128127052, 133.29885128127052, 'SEARCH'
11, 24622, 133.3128403887342, 133.3128403887342, 'SEARCH'
11, 24623, 133.33906170550753, 133.33906170550753, 'SEARCH'
11, 24624, 133.3637543004623, 133.3637543004623, 'SEARCH'
11, 24625, 133.37268543664482, 133.37268543664482, 'SEARCH'
11, 24626, 133.37977597713837, 133.37977597713837, 'SEARCH'
11, 24627, 133.3993573446047, 133.3993573446047, 'SEARCH'
11, 24628, 133.41799875090362, 133.41799875090362, 'SEARCH'
11, 24629, 133.4193657365617, 133.4193657365617, 'SEARCH'
11, 24630, 133.4468827389237, 133.4468827389237, 'SEARCH'
11, 24631, 133.44390722501157, 133.44390722501157, 'SEARCH'
11, 24632, 133.46172050551115, 133.46172050551115, 'SEARCH'
11, 24633, 133.46514698180462, 133.46514698180462, 'SEARCH'
11, 24634, 133.4927248572203, 133.4927248572203, 'SEARCH'
11, 24635, 133.5180758607902, 133.5180758607902, 'SEARCH'
11, 24636, 133.5136758446711, 133.5136758446711, 'SEARCH'
11, 24637, 133.5384431203767, 133.5384431203767, 'SEARCH'
11, 24638, 133.5659440840363, 133.5659440840363, 'SEARCH'
11, 24639, 133.59089106786797, 133.59089106786797, 'SEARCH'
11, 24640, 133.60474770675728, 133.60474770675728, 'SEARCH'
11, 24641, 133.63131819688525, 133.63131819688525, 'SEARCH'
11, 24642, 133.65757349080445, 133.65757349080445, 'SEARCH'
11, 24643, 133.67189959319407, 133.67189959319407, 'SEARCH'
11, 24644, 133.68858606740423, 133.68858606740423, 'SEARCH'
11, 24645, 133.6994171795379, 133.6994171795379, 'SEARCH'
11, 24646, 133.70612914804593, 133.70612914804593, 'SEARCH'
11, 24647, 133.73389030974656, 133.73389030974656, 'SEARCH'
11, 24648, 133.74428789750647, 133.74428789750647, 'SEARCH'
11, 24649, 133.76213700925294, 133.76213700925294, 'SEARCH'
11, 24650, 133.76838049286525, 133.76838049286525, 'SEARCH'
11, 24651, 133.79376172221814, 133.79376172221814, 'SEARCH'
11, 24652, 133.81471272386668, 133.81471272386668, 'SEARCH'
11, 24653, 133.8408122844007, 133.8408122844007, 'SEARCH'
11, 24654, 133.84985274081242, 133.84985274081242, 'SEARCH'
11, 24655, 133.87680863899422, 133.87680863899422, 'SEARCH'
11, 24656, 133.8816490585371, 133.8816490585371, 'SEARCH'
11, 24657, 133.8782294454987, 133.8782294454987, 'SEARCH'
11, 24658, 133.8854024884702, 133.8854024884702, 'SEARCH'
11, 24659, 133.90398980354843, 133.90398980354843, 'SEARCH'
11, 24660, 133.91304677248897, 133.91304677248897, 'SEARCH'
11, 24661, 133.9394553208401, 133.9394553208401, 'SEARCH'
11, 24662, 133.9657282963433, 133.9657282963433, 'SEARCH'
11, 24663, 133.98082965390788, 133.98082965390788, 'SEARCH'
11, 24664, 134.00489495979195, 134.00489495979195, 'SEARCH'
11, 24665, 134.01704712018957, 134.01704712018957, 'SEARCH'
11, 24666, 134.04179195878723, 134.04179195878723, 'SEARCH'
11, 24667, 134.0499173893867, 134.0499173893867, 'SEARCH'
11, 24668, 134.0774218326312, 134.0774218326312, 'SEARCH'
11, 24669, 134.1019389276129, 134.1019389276129, 'SEARCH'
11, 24670, 134.12015391175035, 134.12015391175035, 'SEARCH'
11, 24671, 134.12063730962663, 134.12063730962663, 'SEARCH'
11, 24672, 134.14281164170163, 134.14281164170163, 'SEARCH'
11, 24673, 134.16176062493088, 134.16176062493088, 'SEARCH'
11, 24674, 134.18424498348548, 134.18424498348548, 'SEARCH'
11, 24675, 134.20960864514603, 134.20960864514603, 'SEARCH'
11, 24676, 134.2357029340667, 134.2357029340667, 'SEARCH'
11, 24677, 134.25501238923368, 134.25501238923368, 'SEARCH'
11, 24678, 134.27929183872143, 134.27929183872143, 'SEARCH'
11, 24679, 134.30311430655888, 134.30311430655888, 'SEARCH'
11, 24680, 134.33073637531436, 134.33073637531436, 'SEARCH'
11, 24681, 134.32540431806973, 134.32540431806973, 'SEARCH'
11, 24682, 134.33213849640367, 134.33213849640367, 'SEARCH'
11, 24683, 134.35280296465993, 134.35280296465993, 'SEARCH'
11, 24684, 134.37964579684538, 134.37964579684538, 'SEARCH'
11, 24685, 134.38771932258177, 134.38771932258177, 'SEARCH'
11, 24686, 134.40446273053502, 134.40446273053502, 'SEARCH'
11, 24687, 134.40876090980433, 134.40876090980433, 'SEARCH'
11, 24688, 134.405887211078, 134.405887211078, 'SEARCH'
11, 24689, 134.413122943571, 134.413122943571, 'SEARCH'
11, 24690, 134.42989237235625, 134.42989237235625, 'SEARCH'
11, 24691, 134.45231769211347, 134.45231769211347, 'SEARCH'
11, 24692, 134.45943917835484, 134.45943917835484, 'SEARCH'
11, 24693, 134.4783448026643, 134.4783448026643, 'SEARCH'
11, 24694, 134.49801502587255, 134.49801502587255, 'SEARCH'
11, 24695, 134.51795954413848, 134.51795954413848, 'SEARCH'
11, 24696, 134.54521906099538, 134.54521906099538, 'SEARCH'
11, 24697, 134.5594927201043, 134.5594927201043, 'SEARCH'
11, 24698, 134.58306189300032, 134.58306189300032, 'SEARCH'
11, 24699, 134.61013521230547, 134.61013521230547, 'SEARCH'
11, 24700, 134.63625077961026, 134.63625077961026, 'SEARCH'
11, 24701, 134.66052397980695, 134.66052397980695, 'SEARCH'
11, 24702, 134.6882366223952, 134.6882366223952, 'SEARCH'
11, 24703, 134.71073193670895, 134.71073193670895, 'SEARCH'
11, 24704, 134.71750024687688, 134.71750024687688, 'SEARCH'
11, 24705, 134.73913010247384, 134.73913010247384, 'SEARCH'
11, 24706, 134.7584833150626, 134.7584833150626, 'SEARCH'
11, 24707, 134.78600356637727, 134.78600356637727, 'SEARCH'
11, 24708, 134.80812980425824, 134.80812980425824, 'SEARCH'
11, 24709, 134.82883003415043, 134.82883003415043, 'SEARCH'
11, 24710, 134.8342269492099, 134.8342269492099, 'SEARCH'
11, 24711, 134.8391652647581, 134.8391652647581, 'SEARCH'
11, 24712, 134.83833044096338, 134.83833044096338, 'SEARCH'
11, 24713, 134.86099660906456, 134.86099660906456, 'SEARCH'
11, 24714, 134.8860254466282, 134.8860254466282, 'SEARCH'
11, 24715, 134.91379593548646, 134.91379593548646, 'SEARCH'
11, 24716, 134.9236086708621, 134.9236086708621, 'SEARCH'
11, 24717, 134.92998877869172, 134.92998877869172, 'SEARCH'
11, 24718, 134.95645389118468, 134.95645389118468, 'SEARCH'
11, 24719, 134.9704804767367, 134.9704804767367, 'SEARCH'
11, 24720, 134.98955281931424, 134.98955281931424, 'SEARCH'
11, 24721, 135.01295178697427, 135.01295178697427, 'SEARCH'
11, 24722, 135.0079315491265, 135.0079315491265, 'SEARCH'
11, 24723, 135.03425453443793, 135.03425453443793, 'SEARCH'
11, 24724, 135.0435779868489, 135.0435779868489, 'SEARCH'
11, 24725, 135.05458901778044, 135.05458901778044, 'SEARCH'
11, 24726, 135.06299348204715, 135.06299348204715, 'SEARCH'
11, 24727, 135.06233763991955, 135.06233763991955, 'SEARCH'
11, 24728, 135.0760940702818, 135.0760940702818, 'SEARCH'
11, 24729, 135.09548853114148, 135.09548853114148, 'SEARCH'
11, 24730, 135.11322797185656, 135.11322797185656, 'SEARCH'
11, 24731, 135.13768962780387, 135.13768962780387, 'SEARCH'
11, 24732, 135.1383034242464, 135.1383034242464, 'SEARCH'
11, 24733, 135.16585579305016, 135.16585579305016, 'SEARCH'
11, 24734, 135.17082291176646, 135.17082291176646, 'SEARCH'
11, 24735, 135.1705021980714, 135.1705021980714, 'SEARCH'
11, 24736, 135.17739918161527, 135.17739918161527, 'SEARCH'
11, 24737, 135.19880653555137, 135.19880653555137, 'SEARCH'
11, 24738, 135.22247553754167, 135.22247553754167, 'SEARCH'
11, 24739, 135.25024429303514, 135.25024429303514, 'SEARCH'
11, 24740, 135.27073698125292, 135.27073698125292, 'SEARCH'
11, 24741, 135.29676641390535, 135.29676641390535, 'SEARCH'
11, 24742, 135.31967945345903, 135.31967945345903, 'SEARCH'
11, 24743, 135.331679855655, 135.331679855655, 'SEARCH'
11, 24744, 135.35858845671765, 135.35858845671765, 'SEARCH'
11, 24745, 135.3677981839937, 135.3677981839937, 'SEARCH'
11, 24746, 135.39470334190017, 135.39470334190017, 'SEARCH'
11, 24747, 135.4207403935706, 135.4207403935706, 'SEARCH'
11, 24748, 135.43807809021752, 135.43807809021752, 'SEARCH'
11, 24749, 135.43790802937374, 135.43790802937374, 'SEARCH'
11, 24750, 135.4537163511887, 135.4537163511887, 'SEARCH'
11, 24751, 135.45385305320997, 135.45385305320997, 'SEARCH'
11, 24752, 135.47195946374887, 135.47195946374887, 'SEARCH'
11, 24753, 135.47452155576354, 135.47452155576354, 'SEARCH'
11, 24754, 135.49559046939157, 135.49559046939157, 'SEARCH'
11, 24755, 135.49479383055296, 135.49479383055296, 'SEARCH'
11, 24756, 135.51359779358694, 135.51359779358694, 'SEARCH'
11, 24757, 135.51680604529597, 135.51680604529597, 'SEARCH'
11, 24758, 135.5420484257444, 135.5420484257444, 'SEARCH'
11, 24759, 135.56649526021516, 135.56649526021516, 'SEARCH'
11, 24760, 135.57305976309632, 135.57305976309632, 'SEARCH'
11, 24761, 135.59796355346725, 135.59796355346725, 'SEARCH'
11, 24762, 135.610885314827, 135.610885314827, 'SEARCH'
11, 24763, 135.63702821339083, 135.63702821339083, 'SEARCH'
11, 24764, 135.6558805731753, 135.6558805731753, 'SEARCH'
11, 24765, 135.67937771094157, 135.67937771094157, 'SEARCH'
11, 24766, 135.70149985098618, 135.70149985098618, 'SEARCH'
11, 24767, 135.7237396304753, 135.7237396304753, 'SEARCH'
11, 24768, 135.75151116545035, 135.75151116545035, 'SEARCH'
11, 24769, 135.77925614462643, 135.77925614462643, 'SEARCH'
11, 24770, 135.80623426780178, 135.80623426780178, 'SEARCH'
11, 24771, 135.80322010311332, 135.80322010311332, 'SEARCH'
11, 24772, 135.80458143991916, 135.80458143991916, 'SEARCH'
11, 24773, 135.80741149026713, 135.80741149026713, 'SEARCH'
11, 24774, 135.80590241645925, 135.80590241645925, 'SEARCH'
11, 24775, 135.83340473673897, 135.83340473673897, 'SEARCH'
11, 24776, 135.85237450049257, 135.85237450049257, 'SEARCH'
11, 24777, 135.8479808616092, 135.8479808616092, 'SEARCH'
11, 24778, 135.87334480676222, 135.87334480676222, 'SEARCH'
11, 24779, 135.89810552241912, 135.89810552241912, 'SEARCH'
11, 24780, 135.92001459247342, 135.92001459247342, 'SEARCH'
11, 24781, 135.9379037811324, 135.9379037811324, 'SEARCH'
11, 24782, 135.95184389110102, 135.95184389110102, 'SEARCH'
11, 24783, 135.97153924832932, 135.97153924832932, 'SEARCH'
11, 24784, 135.99111770750224, 135.99111770750224, 'SEARCH'
11, 24785, 136.01488832229728, 136.01488832229728, 'SEARCH'
11, 24786, 136.0128832456092, 136.0128832456092, 'SEARCH'
11, 24787, 136.03503818316312, 136.03503818316312, 'SEARCH'
11, 24788, 136.04226426977436, 136.04226426977436, 'SEARCH'
11, 24789, 136.05525539843305, 136.05525539843305, 'SEARCH'
11, 24790, 136.07344905052554, 136.07344905052554, 'SEARCH'
11, 24791, 136.1007114564136, 136.1007114564136, 'SEARCH'
11, 24792, 136.12002425763637, 136.12002425763637, 'SEARCH'
11, 24793, 136.12955985151586, 136.12955985151586, 'SEARCH'
11, 24794, 136.12853522170678, 136.12853522170678, 'SEARCH'
11, 24795, 136.1533018926725, 136.1533018926725, 'SEARCH'
11, 24796, 136.17757478311395, 136.17757478311395, 'SEARCH'
11, 24797, 136.17664227609666, 136.17664227609666, 'SEARCH'
11, 24798, 136.17610170925585, 136.17610170925585, 'SEARCH'
11, 24799, 136.18088892436907, 136.18088892436907, 'SEARCH'
11, 24800, 136.18899274035348, 136.18899274035348, 'SEARCH'
11, 24801, 136.21666476669017, 136.21666476669017, 'SEARCH'
11, 24802, 136.2438356231703, 136.2438356231703, 'SEARCH'
11, 24803, 136.2701012380981, 136.2701012380981, 'SEARCH'
11, 24804, 136.27204814823975, 136.27204814823975, 'SEARCH'
11, 24805, 136.28247992037475, 136.28247992037475, 'SEARCH'
11, 24806, 136.30469152444007, 136.30469152444007, 'SEARCH'
11, 24807, 136.31945918108605, 136.31945918108605, 'SEARCH'
11, 24808, 136.33411807566017, 136.33411807566017, 'SEARCH'
11, 24809, 136.33030717190928, 136.33030717190928, 'SEARCH'
11, 24810, 136.35486833804575, 136.35486833804575, 'SEARCH'
11, 24811, 136.37620043061136, 136.37620043061136, 'SEARCH'
11, 24812, 136.38254102809856, 136.38254102809856, 'SEARCH'
11, 24813, 136.38555670862556, 136.38555670862556, 'SEARCH'
11, 24814, 136.4086588383076, 136.4086588383076, 'SEARCH'
11, 24815, 136.42785277537362, 136.42785277537362, 'SEARCH'
11, 24816, 136.45559886531814, 136.45559886531814, 'SEARCH'
11, 24817, 136.4735518129983, 136.4735518129983, 'SEARCH'
11, 24818, 136.4709894168428, 136.4709894168428, 'SEARCH'
11, 24819, 136.49869067113542, 136.49869067113542, 'SEARCH'
11, 24820, 136.51626573725537, 136.51626573725537, 'SEARCH'
11, 24821, 136.54149790841265, 136.54149790841265, 'SEARCH'
11, 24822, 136.55508966781878, 136.55508966781878, 'SEARCH'
11, 24823, 136.55638436941413, 136.55638436941413, 'SEARCH'
11, 24824, 136.57788324997222, 136.57788324997222, 'SEARCH'
11, 24825, 136.60331117879562, 136.60331117879562, 'SEARCH'
11, 24826, 136.62893314183617, 136.62893314183617, 'SEARCH'
11, 24827, 136.65339262852868, 136.65339262852868, 'SEARCH'
11, 24828, 136.6801894013416, 136.6801894013416, 'SEARCH'
11, 24829, 136.69071235150264, 136.69071235150264, 'SEARCH'
11, 24830, 136.71517073421853, 136.71517073421853, 'SEARCH'
11, 24831, 136.7293619423595, 136.7293619423595, 'SEARCH'
11, 24832, 136.7453908840018, 136.7453908840018, 'SEARCH'
11, 24833, 136.77300227423845, 136.77300227423845, 'SEARCH'
11, 24834, 136.79583099734631, 136.79583099734631, 'SEARCH'
11, 24835, 136.80591695565914, 136.80591695565914, 'SEARCH'
11, 24836, 136.8277082455437, 136.8277082455437, 'SEARCH'
11, 24837, 136.8518372206861, 136.8518372206861, 'SEARCH'
11, 24838, 136.87468005797294, 136.87468005797294, 'SEARCH'
11, 24839, 136.8904768178555, 136.8904768178555, 'SEARCH'
11, 24840, 136.89874106030268, 136.89874106030268, 'SEARCH'
11, 24841, 136.9145361267593, 136.9145361267593, 'SEARCH'
11, 24842, 136.91614117720002, 136.91614117720002, 'SEARCH'
11, 24843, 136.94378410397357, 136.94378410397357, 'SEARCH'
11, 24844, 136.95174088617642, 136.95174088617642, 'SEARCH'
11, 24845, 136.96934096545985, 136.96934096545985, 'SEARCH'
11, 24846, 136.9690241131773, 136.9690241131773, 'SEARCH'
11, 24847, 136.96932170202032, 136.96932170202032, 'SEARCH'
11, 24848, 136.9959766333839, 136.9959766333839, 'SEARCH'
11, 24849, 137.0203497493165, 137.0203497493165, 'SEARCH'
11, 24850, 137.04456149887548, 137.04456149887548, 'SEARCH'
11, 24851, 137.06036218088954, 137.06036218088954, 'SEARCH'
11, 24852, 137.08673537023506, 137.08673537023506, 'SEARCH'
11, 24853, 137.08805130964578, 137.08805130964578, 'SEARCH'
11, 24854, 137.08551210265136, 137.08551210265136, 'SEARCH'
11, 24855, 137.11122976732602, 137.11122976732602, 'SEARCH'
11, 24856, 137.13524007452233, 137.13524007452233, 'SEARCH'
11, 24857, 137.16209229875653, 137.16209229875653, 'SEARCH'
11, 24858, 137.18799423499868, 137.18799423499868, 'SEARCH'
11, 24859, 137.19604087474468, 137.19604087474468, 'SEARCH'
11, 24860, 137.21394159877244, 137.21394159877244, 'SEARCH'
11, 24861, 137.22073330424408, 137.22073330424408, 'SEARCH'
11, 24862, 137.23865928126216, 137.23865928126216, 'SEARCH'
11, 24863, 137.2595531340921, 137.2595531340921, 'SEARCH'
11, 24864, 137.26158426118036, 137.26158426118036, 'SEARCH'
11, 24865, 137.2890374966591, 137.2890374966591, 'SEARCH'
11, 24866, 137.30260520598276, 137.30260520598276, 'SEARCH'
11, 24867, 137.33021670364812, 137.33021670364812, 'SEARCH'
11, 24868, 137.3557354835007, 137.3557354835007, 'SEARCH'
11, 24869, 137.3592408889589, 137.3592408889589, 'SEARCH'
11, 24870, 137.38648119297912, 137.38648119297912, 'SEARCH'
11, 24871, 137.41270103304836, 137.41270103304836, 'SEARCH'
11, 24872, 137.413541595898, 137.413541595898, 'SEARCH'
11, 24873, 137.43896218040067, 137.43896218040067, 'SEARCH'
11, 24874, 137.45189985209052, 137.45189985209052, 'SEARCH'
11, 24875, 137.46149359601458, 137.46149359601458, 'SEARCH'
11, 24876, 137.4701888979226, 137.4701888979226, 'SEARCH'
11, 24877, 137.47630529168347, 137.47630529168347, 'SEARCH'
11, 24878, 137.50398727641536, 137.50398727641536, 'SEARCH'
11, 24879, 137.53036896209562, 137.53036896209562, 'SEARCH'
11, 24880, 137.54112049577554, 137.54112049577554, 'SEARCH'
11, 24881, 137.56849219220362, 137.56849219220362, 'SEARCH'
11, 24882, 137.57100811658404, 137.57100811658404, 'SEARCH'
11, 24883, 137.5931232052434, 137.5931232052434, 'SEARCH'
11, 24884, 137.59350560016813, 137.59350560016813, 'SEARCH'
11, 24885, 137.59196910474145, 137.59196910474145, 'SEARCH'
11, 24886, 137.6087367339563, 137.6087367339563, 'SEARCH'
11, 24887, 137.61585024100597, 137.61585024100597, 'SEARCH'
11, 24888, 137.6188129565638, 137.6188129565638, 'SEARCH'
11, 24889, 137.6188918287128, 137.6188918287128, 'SEARCH'
11, 24890, 137.64650697325627, 137.64650697325627, 'SEARCH'
11, 24891, 137.64950571645664, 137.64950571645664, 'SEARCH'
11, 24892, 137.67483493578288, 137.67483493578288, 'SEARCH'
11, 24893, 137.6781144368706, 137.6781144368706, 'SEARCH'
11, 24894, 137.70573081673672, 137.70573081673672, 'SEARCH'
11, 24895, 137.73133320058602, 137.73133320058602, 'SEARCH'
11, 24896, 137.74091949911693, 137.74091949911693, 'SEARCH'
11, 24897, 137.76561977136097, 137.76561977136097, 'SEARCH'
11, 24898, 137.77857228606644, 137.77857228606644, 'SEARCH'
11, 24899, 137.8035025964632, 137.8035025964632, 'SEARCH'
11, 24900, 137.8268387176623, 137.8268387176623, 'SEARCH'
11, 24901, 137.8524406950604, 137.8524406950604, 'SEARCH'
11, 24902, 137.85428831431707, 137.85428831431707, 'SEARCH'
11, 24903, 137.88113776850005, 137.88113776850005, 'SEARCH'
11, 24904, 137.90786006220023, 137.90786006220023, 'SEARCH'
11, 24905, 137.91180497813446, 137.91180497813446, 'SEARCH'
11, 24906, 137.91936614662842, 137.91936614662842, 'SEARCH'
11, 24907, 137.9319055968169, 137.9319055968169, 'SEARCH'
11, 24908, 137.95322452546802, 137.95322452546802, 'SEARCH'
11, 24909, 137.9523293946947, 137.9523293946947, 'SEARCH'
11, 24910, 137.9702565824387, 137.9702565824387, 'SEARCH'
11, 24911, 137.99802102214505, 137.99802102214505, 'SEARCH'
11, 24912, 138.0239925950375, 138.0239925950375, 'SEARCH'
11, 24913, 138.024107813945, 138.024107813945, 'SEARCH'
11, 24914, 138.05187305367173, 138.05187305367173, 'SEARCH'
11, 24915, 138.0795922557059, 138.0795922557059, 'SEARCH'
11, 24916, 138.09145448533198, 138.09145448533198, 'SEARCH'
11, 24917, 138.0954722016892, 138.0954722016892, 'SEARCH'
11, 24918, 138.122772080897, 138.122772080897, 'SEARCH'
11, 24919, 138.14781522364933, 138.14781522364933, 'SEARCH'
11, 24920, 138.16467892925027, 138.16467892925027, 'SEARCH'
11, 24921, 138.17526935812668, 138.17526935812668, 'SEARCH'
11, 24922, 138.18636843393023, 138.18636843393023, 'SEARCH'
11, 24923, 138.2132505758026, 138.2132505758026, 'SEARCH'
11, 24924, 138.24072893567097, 138.24072893567097, 'SEARCH'
11, 24925, 138.2405287096336, 138.2405287096336, 'SEARCH'
11, 24926, 138.26743717269312, 138.26743717269312, 'SEARCH'
11, 24927, 138.27989197719486, 138.27989197719486, 'SEARCH'
11, 24928, 138.29686985403112, 138.29686985403112, 'SEARCH'
11, 24929, 138.3043911223727, 138.3043911223727, 'SEARCH'
11, 24930, 138.32981649536117, 138.32981649536117, 'SEARCH'
11, 24931, 138.33332956701364, 138.33332956701364, 'SEARCH'
11, 24932, 138.3591399385958, 138.3591399385958, 'SEARCH'
11, 24933, 138.3584998447397, 138.3584998447397, 'SEARCH'
11, 24934, 138.37532486883498, 138.37532486883498, 'SEARCH'
11, 24935, 138.40305627002516, 138.40305627002516, 'SEARCH'
11, 24936, 138.42849284410786, 138.42849284410786, 'SEARCH'
11, 24937, 138.431069873656, 138.431069873656, 'SEARCH'
11, 24938, 138.44118913324363, 138.44118913324363, 'SEARCH'
11, 24939, 138.46851038090452, 138.46851038090452, 'SEARCH'
11, 24940, 138.48723867409683, 138.48723867409683, 'SEARCH'
11, 24941, 138.49828088677242, 138.49828088677242, 'SEARCH'
11, 24942, 138.50044129283998, 138.50044129283998, 'SEARCH'
11, 24943, 138.5281925950741, 138.5281925950741, 'SEARCH'
11, 24944, 138.53700712995902, 138.53700712995902, 'SEARCH'
11, 24945, 138.55315381975964, 138.55315381975964, 'SEARCH'
11, 24946, 138.58017255892784, 138.58017255892784, 'SEARCH'
11, 24947, 138.58856511564545, 138.58856511564545, 'SEARCH'
11, 24948, 138.61026629757492, 138.61026629757492, 'SEARCH'
11, 24949, 138.6301129564887, 138.6301129564887, 'SEARCH'
11, 24950, 138.63618687451245, 138.63618687451245, 'SEARCH'
11, 24951, 138.65021362261044, 138.65021362261044, 'SEARCH'
11, 24952, 138.6547332695554, 138.6547332695554, 'SEARCH'
11, 24953, 138.66266682762932, 138.66266682762932, 'SEARCH'
11, 24954, 138.67468463414392, 138.67468463414392, 'SEARCH'
11, 24955, 138.68715411062786, 138.68715411062786, 'SEARCH'
11, 24956, 138.71414034137376, 138.71414034137376, 'SEARCH'
11, 24957, 138.7417806680218, 138.7417806680218, 'SEARCH'
11, 24958, 138.75249996599928, 138.75249996599928, 'SEARCH'
11, 24959, 138.75408051236195, 138.75408051236195, 'SEARCH'
11, 24960, 138.77348208530023, 138.77348208530023, 'SEARCH'
11, 24961, 138.78928256071558, 138.78928256071558, 'SEARCH'
11, 24962, 138.78555942623373, 138.78555942623373, 'SEARCH'
11, 24963, 138.78717716010658, 138.78717716010658, 'SEARCH'
11, 24964, 138.81428386121624, 138.81428386121624, 'SEARCH'
11, 24965, 138.83628839485453, 138.83628839485453, 'SEARCH'
11, 24966, 138.8639771875153, 138.8639771875153, 'SEARCH'
11, 24967, 138.88046682624247, 138.88046682624247, 'SEARCH'
11, 24968, 138.8977390501763, 138.8977390501763, 'SEARCH'
11, 24969, 138.91788155932238, 138.91788155932238, 'SEARCH'
11, 24970, 138.91715812747637, 138.91715812747637, 'SEARCH'
11, 24971, 138.93000572727, 138.93000572727, 'SEARCH'
11, 24972, 138.93069119515354, 138.93069119515354, 'SEARCH'
11, 24973, 138.93948489657026, 138.93948489657026, 'SEARCH'
11, 24974, 138.9548147779098, 138.9548147779098, 'SEARCH'
11, 24975, 138.95310386080422, 138.95310386080422, 'SEARCH'
11, 24976, 138.97838268072616, 138.97838268072616, 'SEARCH'
11, 24977, 138.9747440299563, 138.9747440299563, 'SEARCH'
11, 24978, 139.00251247133917, 139.00251247133917, 'SEARCH'
11, 24979, 139.01783733053497, 139.01783733053497, 'SEARCH'
11, 24980, 139.0404566278323, 139.0404566278323, 'SEARCH'
11, 24981, 139.04168819433437, 139.04168819433437, 'SEARCH'
11, 24982, 139.06012440159188, 139.06012440159188, 'SEARCH'
11, 24983, 139.08789116426794, 139.08789116426794, 'SEARCH'
11, 24984, 139.10194288644104, 139.10194288644104, 'SEARCH'
11, 24985, 139.12508637557167, 139.12508637557167, 'SEARCH'
11, 24986, 139.1477149311693, 139.1477149311693, 'SEARCH'
11, 24987, 139.14889068890665, 139.14889068890665, 'SEARCH'
11, 24988, 139.1741738352399, 139.1741738352399, 'SEARCH'
11, 24989, 139.19182452164097, 139.19182452164097, 'SEARCH'
11, 24990, 139.21646027474281, 139.21646027474281, 'SEARCH'
11, 24991, 139.21476693373597, 139.21476693373597, 'SEARCH'
11, 24992, 139.2396363829381, 139.2396363829381, 'SEARCH'
11, 24993, 139.24795843313512, 139.24795843313512, 'SEARCH'
11, 24994, 139.27342711226774, 139.27342711226774, 'SEARCH'
11, 24995, 139.30082304203597, 139.30082304203597, 'SEARCH'
11, 24996, 139.30106288905853, 139.30106288905853, 'SEARCH'
11, 24997, 139.32881500321008, 139.32881500321008, 'SEARCH'
11, 24998, 139.35635751426872, 139.35635751426872, 'SEARCH'
11, 24999, 139.38100611287464, 139.38100611287464, 'SEARCH'
11, 25000, 139.39975083624432, 139.39975083624432, 'SEARCH'
11, 25001, 139.39662011053304, 139.39662011053304, 'SEARCH'
11, 25002, 139.40212446165017, 139.40212446165017, 'SEARCH'
11, 25003, 139.41365657277848, 139.41365657277848, 'SEARCH'
11, 25004, 139.44130332614637, 139.44130332614637, 'SEARCH'
11, 25005, 139.45145593169548, 139.45145593169548, 'SEARCH'
11, 25006, 139.44830070074576, 139.44830070074576, 'SEARCH'
11, 25007, 139.44758313405282, 139.44758313405282, 'SEARCH'
11, 25008, 139.45075755814943, 139.45075755814943, 'SEARCH'
11, 25009, 139.46531448284344, 139.46531448284344, 'SEARCH'
11, 25010, 139.49263949123204, 139.49263949123204, 'SEARCH'
11, 25011, 139.5144237391533, 139.5144237391533, 'SEARCH'
11, 25012, 139.52497447328113, 139.52497447328113, 'SEARCH'
11, 25013, 139.5458231623102, 139.5458231623102, 'SEARCH'
11, 25014, 139.5590062551354, 139.5590062551354, 'SEARCH'
11, 25015, 139.5710219513683, 139.5710219513683, 'SEARCH'
11, 25016, 139.57836612043266, 139.57836612043266, 'SEARCH'
11, 25017, 139.59415098106075, 139.59415098106075, 'SEARCH'
11, 25018, 139.591892162125, 139.591892162125, 'SEARCH'
11, 25019, 139.59843417298637, 139.59843417298637, 'SEARCH'
11, 25020, 139.6161640801705, 139.6161640801705, 'SEARCH'
11, 25021, 139.63181879607342, 139.63181879607342, 'SEARCH'
11, 25022, 139.6584749492237, 139.6584749492237, 'SEARCH'
11, 25023, 139.65380630635147, 139.65380630635147, 'SEARCH'
11, 25024, 139.64915782530707, 139.64915782530707, 'SEARCH'
11, 25025, 139.6764623582514, 139.6764623582514, 'SEARCH'
11, 25026, 139.68431231162418, 139.68431231162418, 'SEARCH'
11, 25027, 139.70042553484427, 139.70042553484427, 'SEARCH'
11, 25028, 139.7278215530119, 139.7278215530119, 'SEARCH'
11, 25029, 139.75246166127232, 139.75246166127232, 'SEARCH'
11, 25030, 139.75703445275863, 139.75703445275863, 'SEARCH'
11, 25031, 139.75581450915595, 139.75581450915595, 'SEARCH'
11, 25032, 139.7823103601055, 139.7823103601055, 'SEARCH'
11, 25033, 139.80995841682486, 139.80995841682486, 'SEARCH'
11, 25034, 139.83412626368104, 139.83412626368104, 'SEARCH'
11, 25035, 139.8456527222719, 139.8456527222719, 'SEARCH'
11, 25036, 139.8711158251543, 139.8711158251543, 'SEARCH'
11, 25037, 139.8830918317455, 139.8830918317455, 'SEARCH'
11, 25038, 139.90752163515276, 139.90752163515276, 'SEARCH'
11, 25039, 139.91301197755257, 139.91301197755257, 'SEARCH'
11, 25040, 139.91810195687725, 139.91810195687725, 'SEARCH'
11, 25041, 139.916939165373, 139.916939165373, 'SEARCH'
11, 25042, 139.92581920760517, 139.92581920760517, 'SEARCH'
11, 25043, 139.93741988732785, 139.93741988732785, 'SEARCH'
11, 25044, 139.96456254032196, 139.96456254032196, 'SEARCH'
11, 25045, 139.96153104030475, 139.96153104030475, 'SEARCH'
11, 25046, 139.98886784195102, 139.98886784195102, 'SEARCH'
11, 25047, 140.00588770143838, 140.00588770143838, 'SEARCH'
11, 25048, 140.01346077158408, 140.01346077158408, 'SEARCH'
11, 25049, 140.0252605110739, 140.0252605110739, 'SEARCH'
11, 25050, 140.03529467352058, 140.03529467352058, 'SEARCH'
11, 25051, 140.0507411414768, 140.0507411414768, 'SEARCH'
11, 25052, 140.04696110486086, 140.04696110486086, 'SEARCH'
11, 25053, 140.0716623132216, 140.0716623132216, 'SEARCH'
11, 25054, 140.0895919811008, 140.0895919811008, 'SEARCH'
11, 25055, 140.09874218410394, 140.09874218410394, 'SEARCH'
11, 25056, 140.12157207867764, 140.12157207867764, 'SEARCH'
11, 25057, 140.14871259011358, 140.14871259011358, 'SEARCH'
11, 25058, 140.1519601351193, 140.1519601351193, 'SEARCH'
11, 25059, 140.1797248546632, 140.1797248546632, 'SEARCH'
11, 25060, 140.1997882054138, 140.1997882054138, 'SEARCH'
11, 25061, 140.2272030530018, 140.2272030530018, 'SEARCH'
11, 25062, 140.23379895566396, 140.23379895566396, 'SEARCH'
11, 25063, 140.25969307751492, 140.25969307751492, 'SEARCH'
11, 25064, 140.2866695531725, 140.2866695531725, 'SEARCH'
11, 25065, 140.30022693838154, 140.30022693838154, 'SEARCH'
11, 25066, 140.30180207249032, 140.30180207249032, 'SEARCH'
11, 25067, 140.3260276719285, 140.3260276719285, 'SEARCH'
11, 25068, 140.35363920945494, 140.35363920945494, 'SEARCH'
11, 25069, 140.35785743520566, 140.35785743520566, 'SEARCH'
11, 25070, 140.36791268733117, 140.36791268733117, 'SEARCH'
11, 25071, 140.38211011580705, 140.38211011580705, 'SEARCH'
11, 25072, 140.37787219075963, 140.37787219075963, 'SEARCH'
11, 25073, 140.40042086723975, 140.40042086723975, 'SEARCH'
11, 25074, 140.39525955593913, 140.39525955593913, 'SEARCH'
11, 25075, 140.3934837936386, 140.3934837936386, 'SEARCH'
11, 25076, 140.40794724521027, 140.40794724521027, 'SEARCH'
11, 25077, 140.4345693414715, 140.4345693414715, 'SEARCH'
11, 25078, 140.4442636600963, 140.4442636600963, 'SEARCH'
11, 25079, 140.45025989065567, 140.45025989065567, 'SEARCH'
11, 25080, 140.47368522269784, 140.47368522269784, 'SEARCH'
11, 25081, 140.49244594002056, 140.49244594002056, 'SEARCH'
11, 25082, 140.49413424764236, 140.49413424764236, 'SEARCH'
11, 25083, 140.4987054725494, 140.4987054725494, 'SEARCH'
11, 25084, 140.52186503332962, 140.52186503332962, 'SEARCH'
11, 25085, 140.54529526048697, 140.54529526048697, 'SEARCH'
11, 25086, 140.5644040069419, 140.5644040069419, 'SEARCH'
11, 25087, 140.5904233315695, 140.5904233315695, 'SEARCH'
11, 25088, 140.61411289955782, 140.61411289955782, 'SEARCH'
11, 25089, 140.64171452599524, 140.64171452599524, 'SEARCH'
11, 25090, 140.66402942173022, 140.66402942173022, 'SEARCH'
11, 25091, 140.68949847655077, 140.68949847655077, 'SEARCH'
11, 25092, 140.71497402780284, 140.71497402780284, 'SEARCH'
11, 25093, 140.71764949729854, 140.71764949729854, 'SEARCH'
11, 25094, 140.71647217108026, 140.71647217108026, 'SEARCH'
11, 25095, 140.72715357677023, 140.72715357677023, 'SEARCH'
11, 25096, 140.75175785442056, 140.75175785442056, 'SEARCH'
11, 25097, 140.74854767009185, 140.74854767009185, 'SEARCH'
11, 25098, 140.74971447214602, 140.74971447214602, 'SEARCH'
11, 25099, 140.77341127637976, 140.77341127637976, 'SEARCH'
11, 25100, 140.77071379984852, 140.77071379984852, 'SEARCH'
11, 25101, 140.7924441845096, 140.7924441845096, 'SEARCH'
11, 25102, 140.7994003463751, 140.7994003463751, 'SEARCH'
11, 25103, 140.79479403243494, 140.79479403243494, 'SEARCH'
11, 25104, 140.80804920129594, 140.80804920129594, 'SEARCH'
11, 25105, 140.83577394885887, 140.83577394885887, 'SEARCH'
11, 25106, 140.84686783277422, 140.84686783277422, 'SEARCH'
11, 25107, 140.86263337372108, 140.86263337372108, 'SEARCH'
11, 25108, 140.8762623502539, 140.8762623502539, 'SEARCH'
11, 25109, 140.90110444122485, 140.90110444122485, 'SEARCH'
11, 25110, 140.91559316553116, 140.91559316553116, 'SEARCH'
11, 25111, 140.93977538828074, 140.93977538828074, 'SEARCH'
11, 25112, 140.9675027222171, 140.9675027222171, 'SEARCH'
11, 25113, 140.98733233794982, 140.98733233794982, 'SEARCH'
11, 25114, 141.01493603545458, 141.01493603545458, 'SEARCH'
11, 25115, 141.02137900168952, 141.02137900168952, 'SEARCH'
11, 25116, 141.02736964076956, 141.02736964076956, 'SEARCH'
11, 25117, 141.05264687715442, 141.05264687715442, 'SEARCH'
11, 25118, 141.0792837942552, 141.0792837942552, 'SEARCH'
11, 25119, 141.10039492277673, 141.10039492277673, 'SEARCH'
11, 25120, 141.0972541736125, 141.0972541736125, 'SEARCH'
11, 25121, 141.12388092015695, 141.12388092015695, 'SEARCH'
11, 25122, 141.14828318691005, 141.14828318691005, 'SEARCH'
11, 25123, 141.15191858246774, 141.15191858246774, 'SEARCH'
11, 25124, 141.17938662379368, 141.17938662379368, 'SEARCH'
11, 25125, 141.19554047629484, 141.19554047629484, 'SEARCH'
11, 25126, 141.1996921631616, 141.1996921631616, 'SEARCH'
11, 25127, 141.2018040162256, 141.2018040162256, 'SEARCH'
11, 25128, 141.2187507970326, 141.2187507970326, 'SEARCH'
11, 25129, 141.23120222676138, 141.23120222676138, 'SEARCH'
11, 25130, 141.2468669945066, 141.2468669945066, 'SEARCH'
11, 25131, 141.27302941900552, 141.27302941900552, 'SEARCH'
11, 25132, 141.28989245502515, 141.28989245502515, 'SEARCH'
11, 25133, 141.28767075623432, 141.28767075623432, 'SEARCH'
11, 25134, 141.30813659443837, 141.30813659443837, 'SEARCH'
11, 25135, 141.32956636992515, 141.32956636992515, 'SEARCH'
11, 25136, 141.34868250810936, 141.34868250810936, 'SEARCH'
11, 25137, 141.3579460301787, 141.3579460301787, 'SEARCH'
11, 25138, 141.37484752180936, 141.37484752180936, 'SEARCH'
11, 25139, 141.3987850869748, 141.3987850869748, 'SEARCH'
11, 25140, 141.4145336094418, 141.4145336094418, 'SEARCH'
11, 25141, 141.43437161983906, 141.43437161983906, 'SEARCH'
11, 25142, 141.46214874505242, 141.46214874505242, 'SEARCH'
11, 25143, 141.4899155728913, 141.4899155728913, 'SEARCH'
11, 25144, 141.49785546127134, 141.49785546127134, 'SEARCH'
11, 25145, 141.52538587362343, 141.52538587362343, 'SEARCH'
11, 25146, 141.5493562126287, 141.5493562126287, 'SEARCH'
11, 25147, 141.55337992170155, 141.55337992170155, 'SEARCH'
11, 25148, 141.57173987377647, 141.57173987377647, 'SEARCH'
11, 25149, 141.58662634159845, 141.58662634159845, 'SEARCH'
11, 25150, 141.59213729742558, 141.59213729742558, 'SEARCH'
11, 25151, 141.5967156727611, 141.5967156727611, 'SEARCH'
11, 25152, 141.60412448648242, 141.60412448648242, 'SEARCH'
11, 25153, 141.61564931619284, 141.61564931619284, 'SEARCH'
11, 25154, 141.6154331017533, 141.6154331017533, 'SEARCH'
11, 25155, 141.62044802079143, 141.62044802079143, 'SEARCH'
11, 25156, 141.6479846646588, 141.6479846646588, 'SEARCH'
11, 25157, 141.6757370564357, 141.6757370564357, 'SEARCH'
11, 25158, 141.67885586290285, 141.67885586290285, 'SEARCH'
11, 25159, 141.69081835568042, 141.69081835568042, 'SEARCH'
11, 25160, 141.7125725422058, 141.7125725422058, 'SEARCH'
11, 25161, 141.74005083614952, 141.74005083614952, 'SEARCH'
11, 25162, 141.7541853581397, 141.7541853581397, 'SEARCH'
11, 25163, 141.76823087030158, 141.76823087030158, 'SEARCH'
11, 25164, 141.7880732500833, 141.7880732500833, 'SEARCH'
11, 25165, 141.80502958600403, 141.80502958600403, 'SEARCH'
11, 25166, 141.8014793521707, 141.8014793521707, 'SEARCH'
11, 25167, 141.79823769303707, 141.79823769303707, 'SEARCH'
11, 25168, 141.81099663005807, 141.81099663005807, 'SEARCH'
11, 25169, 141.83877378758027, 141.83877378758027, 'SEARCH'
11, 25170, 141.866503207547, 141.866503207547, 'SEARCH'
11, 25171, 141.86777425279675, 141.86777425279675, 'SEARCH'
11, 25172, 141.888843681625, 141.888843681625, 'SEARCH'
11, 25173, 141.89095572197488, 141.89095572197488, 'SEARCH'
11, 25174, 141.91354345435798, 141.91354345435798, 'SEARCH'
11, 25175, 141.93556067450697, 141.93556067450697, 'SEARCH'
11, 25176, 141.9528366919267, 141.9528366919267, 'SEARCH'
11, 25177, 141.9784986151734, 141.9784986151734, 'SEARCH'
11, 25178, 142.00609831336126, 142.00609831336126, 'SEARCH'
11, 25179, 142.0039250389802, 142.0039250389802, 'SEARCH'
11, 25180, 142.0027415381676, 142.0027415381676, 'SEARCH'
11, 25181, 142.02587728114122, 142.02587728114122, 'SEARCH'
11, 25182, 142.04983046689387, 142.04983046689387, 'SEARCH'
11, 25183, 142.06552417547363, 142.06552417547363, 'SEARCH'
11, 25184, 142.0863087799531, 142.0863087799531, 'SEARCH'
11, 25185, 142.08314966416157, 142.08314966416157, 'SEARCH'
11, 25186, 142.11079886765881, 142.11079886765881, 'SEARCH'
11, 25187, 142.12319831338567, 142.12319831338567, 'SEARCH'
11, 25188, 142.14230062341323, 142.14230062341323, 'SEARCH'
11, 25189, 142.16518732182135, 142.16518732182135, 'SEARCH'
11, 25190, 142.17536604443683, 142.17536604443683, 'SEARCH'
11, 25191, 142.19108404846128, 142.19108404846128, 'SEARCH'
11, 25192, 142.21220586531982, 142.21220586531982, 'SEARCH'
11, 25193, 142.23395311752066, 142.23395311752066, 'SEARCH'
11, 25194, 142.23707139251798, 142.23707139251798, 'SEARCH'
11, 25195, 142.26273636686636, 142.26273636686636, 'SEARCH'
11, 25196, 142.28354882776375, 142.28354882776375, 'SEARCH'
11, 25197, 142.2876809136633, 142.2876809136633, 'SEARCH'
11, 25198, 142.31478972012522, 142.31478972012522, 'SEARCH'
11, 25199, 142.34256678264958, 142.34256678264958, 'SEARCH'
11, 25200, 142.35499934599292, 142.35499934599292, 'SEARCH'
11, 25201, 142.36613284828837, 142.36613284828837, 'SEARCH'
11, 25202, 142.37713348345483, 142.37713348345483, 'SEARCH'
11, 25203, 142.3868034937414, 142.3868034937414, 'SEARCH'
11, 25204, 142.4102090894917, 142.4102090894917, 'SEARCH'
11, 25205, 142.4234386002114, 142.4234386002114, 'SEARCH'
11, 25206, 142.44711863406292, 142.44711863406292, 'SEARCH'
11, 25207, 142.4536068351374, 142.4536068351374, 'SEARCH'
11, 25208, 142.44804380278686, 142.44804380278686, 'SEARCH'
11, 25209, 142.47120926507625, 142.47120926507625, 'SEARCH'
11, 25210, 142.4835889898024, 142.4835889898024, 'SEARCH'
11, 25211, 142.5111885874775, 142.5111885874775, 'SEARCH'
11, 25212, 142.52182358201756, 142.52182358201756, 'SEARCH'
11, 25213, 142.546012794343, 142.546012794343, 'SEARCH'
11, 25214, 142.5724940081429, 142.5724940081429, 'SEARCH'
11, 25215, 142.57512756458473, 142.57512756458473, 'SEARCH'
11, 25216, 142.59687079139422, 142.59687079139422, 'SEARCH'
11, 25217, 142.62364366812895, 142.62364366812895, 'SEARCH'
11, 25218, 142.64410633962544, 142.64410633962544, 'SEARCH'
11, 25219, 142.66779597599242, 142.66779597599242, 'SEARCH'
11, 25220, 142.66656318225537, 142.66656318225537, 'SEARCH'
11, 25221, 142.6931967096352, 142.6931967096352, 'SEARCH'
11, 25222, 142.71904331751352, 142.71904331751352, 'SEARCH'
11, 25223, 142.74273417428606, 142.74273417428606, 'SEARCH'
11, 25224, 142.75338600139125, 142.75338600139125, 'SEARCH'
11, 25225, 142.74932380827968, 142.74932380827968, 'SEARCH'
11, 25226, 142.76918284438182, 142.76918284438182, 'SEARCH'
11, 25227, 142.7792872576033, 142.7792872576033, 'SEARCH'
11, 25228, 142.80343388457987, 142.80343388457987, 'SEARCH'
11, 25229, 142.82848455264963, 142.82848455264963, 'SEARCH'
11, 25230, 142.84655424575016, 142.84655424575016, 'SEARCH'
11, 25231, 142.8739601836721, 142.8739601836721, 'SEARCH'
11, 25232, 142.88640707984254, 142.88640707984254, 'SEARCH'
11, 25233, 142.90906699532323, 142.90906699532323, 'SEARCH'
11, 25234, 142.93295465722525, 142.93295465722525, 'SEARCH'
11, 25235, 142.960252725769, 142.960252725769, 'SEARCH'
11, 25236, 142.98556027951938, 142.98556027951938, 'SEARCH'
11, 25237, 143.00977782385107, 143.00977782385107, 'SEARCH'
11, 25238, 143.02503082317887, 143.02503082317887, 'SEARCH'
11, 25239, 143.0482355618322, 143.0482355618322, 'SEARCH'
11, 25240, 143.0746053359981, 143.0746053359981, 'SEARCH'
11, 25241, 143.0998430935462, 143.0998430935462, 'SEARCH'
11, 25242, 143.12599955775838, 143.12599955775838, 'SEARCH'
11, 25243, 143.13758741010093, 143.13758741010093, 'SEARCH'
11, 25244, 143.15160297971258, 143.15160297971258, 'SEARCH'
11, 25245, 143.1785954188413, 143.1785954188413, 'SEARCH'
11, 25246, 143.1963182693486, 143.1963182693486, 'SEARCH'
11, 25247, 143.19567839737772, 143.19567839737772, 'SEARCH'
11, 25248, 143.21850824371523, 143.21850824371523, 'SEARCH'
11, 25249, 143.24599503178376, 143.24599503178376, 'SEARCH'
11, 25250, 143.2732348200018, 143.2732348200018, 'SEARCH'
11, 25251, 143.28928112844142, 143.28928112844142, 'SEARCH'
11, 25252, 143.31034855606134, 143.31034855606134, 'SEARCH'
11, 25253, 143.30679140294333, 143.30679140294333, 'SEARCH'
11, 25254, 143.3150566263774, 143.3150566263774, 'SEARCH'
11, 25255, 143.31875165568462, 143.31875165568462, 'SEARCH'
11, 25256, 143.3459531873651, 143.3459531873651, 'SEARCH'
11, 25257, 143.3603924641796, 143.3603924641796, 'SEARCH'
11, 25258, 143.37327866536504, 143.37327866536504, 'SEARCH'
11, 25259, 143.38078631263636, 143.38078631263636, 'SEARCH'
11, 25260, 143.39620910699517, 143.39620910699517, 'SEARCH'
11, 25261, 143.41244404699427, 143.41244404699427, 'SEARCH'
11, 25262, 143.4402190999306, 143.4402190999306, 'SEARCH'
11, 25263, 143.43577837628425, 143.43577837628425, 'SEARCH'
11, 25264, 143.44162584460346, 143.44162584460346, 'SEARCH'
11, 25265, 143.46907653796836, 143.46907653796836, 'SEARCH'
11, 25266, 143.49010638293905, 143.49010638293905, 'SEARCH'
11, 25267, 143.51640824121642, 143.51640824121642, 'SEARCH'
11, 25268, 143.524183589824, 143.524183589824, 'SEARCH'
11, 25269, 143.54266188611928, 143.54266188611928, 'SEARCH'
11, 25270, 143.5620505500767, 143.5620505500767, 'SEARCH'
11, 25271, 143.5714138888796, 143.5714138888796, 'SEARCH'
11, 25272, 143.58823011103775, 143.58823011103775, 'SEARCH'
11, 25273, 143.5955575827545, 143.5955575827545, 'SEARCH'
11, 25274, 143.61054743634855, 143.61054743634855, 'SEARCH'
11, 25275, 143.61069371188282, 143.61069371188282, 'SEARCH'
11, 25276, 143.63389743546412, 143.63389743546412, 'SEARCH'
11, 25277, 143.6337403120035, 143.6337403120035, 'SEARCH'
11, 25278, 143.63795330537047, 143.63795330537047, 'SEARCH'
11, 25279, 143.64314432013117, 143.64314432013117, 'SEARCH'
11, 25280, 143.66250403205999, 143.66250403205999, 'SEARCH'
11, 25281, 143.66142913447501, 143.66142913447501, 'SEARCH'
11, 25282, 143.6618315315825, 143.6618315315825, 'SEARCH'
11, 25283, 143.66954508730325, 143.66954508730325, 'SEARCH'
11, 25284, 143.69712564321705, 143.69712564321705, 'SEARCH'
11, 25285, 143.71845910104392, 143.71845910104392, 'SEARCH'
11, 25286, 143.7430322408488, 143.7430322408488, 'SEARCH'
11, 25287, 143.7676106223383, 143.7676106223383, 'SEARCH'
11, 25288, 143.78304199828642, 143.78304199828642, 'SEARCH'
11, 25289, 143.80342785105915, 143.80342785105915, 'SEARCH'
11, 25290, 143.82789775853644, 143.82789775853644, 'SEARCH'
11, 25291, 143.85553456008765, 143.85553456008765, 'SEARCH'
11, 25292, 143.87420457288596, 143.87420457288596, 'SEARCH'
11, 25293, 143.88266508974428, 143.88266508974428, 'SEARCH'
11, 25294, 143.88304238099605, 143.88304238099605, 'SEARCH'
11, 25295, 143.898100531982, 143.898100531982, 'SEARCH'
11, 25296, 143.90901389420648, 143.90901389420648, 'SEARCH'
11, 25297, 143.93380323666625, 143.93380323666625, 'SEARCH'
11, 25298, 143.96033859452206, 143.96033859452206, 'SEARCH'
11, 25299, 143.97774887011627, 143.97774887011627, 'SEARCH'
11, 25300, 144.0045989815123, 144.0045989815123, 'SEARCH'
11, 25301, 144.03050314216154, 144.03050314216154, 'SEARCH'
11, 25302, 144.05784639124934, 144.05784639124934, 'SEARCH'
11, 25303, 144.06368813819114, 144.06368813819114, 'SEARCH'
11, 25304, 144.07235836338026, 144.07235836338026, 'SEARCH'
11, 25305, 144.07776980671335, 144.07776980671335, 'SEARCH'
11, 25306, 144.1046891439937, 144.1046891439937, 'SEARCH'
11, 25307, 144.1304930823725, 144.1304930823725, 'SEARCH'
11, 25308, 144.13545473945737, 144.13545473945737, 'SEARCH'
11, 25309, 144.1464586707766, 144.1464586707766, 'SEARCH'
11, 25310, 144.1443362439643, 144.1443362439643, 'SEARCH'
11, 25311, 144.169442655431, 144.169442655431, 'SEARCH'
11, 25312, 144.1788000145132, 144.1788000145132, 'SEARCH'
11, 25313, 144.17384818989112, 144.17384818989112, 'SEARCH'
11, 25314, 144.17972821741202, 144.17972821741202, 'SEARCH'
11, 25315, 144.1982182484289, 144.1982182484289, 'SEARCH'
11, 25316, 144.2187854057139, 144.2187854057139, 'SEARCH'
11, 25317, 144.2432657939765, 144.2432657939765, 'SEARCH'
11, 25318, 144.2621465985089, 144.2621465985089, 'SEARCH'
11, 25319, 144.26124700549684, 144.26124700549684, 'SEARCH'
11, 25320, 144.27350786750702, 144.27350786750702, 'SEARCH'
11, 25321, 144.29217996179392, 144.29217996179392, 'SEARCH'
11, 25322, 144.3091770073809, 144.3091770073809, 'SEARCH'
11, 25323, 144.3350686405328, 144.3350686405328, 'SEARCH'
11, 25324, 144.36078379315438, 144.36078379315438, 'SEARCH'
11, 25325, 144.3584601285414, 144.3584601285414, 'SEARCH'
11, 25326, 144.36387928986088, 144.36387928986088, 'SEARCH'
11, 25327, 144.3780618782889, 144.3780618782889, 'SEARCH'
11, 25328, 144.3735936398548, 144.3735936398548, 'SEARCH'
11, 25329, 144.40135078789058, 144.40135078789058, 'SEARCH'
11, 25330, 144.41361808935636, 144.41361808935636, 'SEARCH'
11, 25331, 144.42045649177908, 144.42045649177908, 'SEARCH'
11, 25332, 144.43950675908349, 144.43950675908349, 'SEARCH'
11, 25333, 144.44176561366413, 144.44176561366413, 'SEARCH'
11, 25334, 144.4649859379608, 144.4649859379608, 'SEARCH'
11, 25335, 144.46993411356334, 144.46993411356334, 'SEARCH'
11, 25336, 144.46496289272062, 144.46496289272062, 'SEARCH'
11, 25337, 144.46677426929844, 144.46677426929844, 'SEARCH'
11, 25338, 144.49445512852995, 144.49445512852995, 'SEARCH'
11, 25339, 144.51806773058567, 144.51806773058567, 'SEARCH'
11, 25340, 144.53545669124642, 144.53545669124642, 'SEARCH'
11, 25341, 144.56152482992275, 144.56152482992275, 'SEARCH'
11, 25342, 144.57065574324875, 144.57065574324875, 'SEARCH'
11, 25343, 144.59843106019053, 144.59843106019053, 'SEARCH'
11, 25344, 144.61199924018285, 144.61199924018285, 'SEARCH'
11, 25345, 144.61331626290942, 144.61331626290942, 'SEARCH'
11, 25346, 144.6220076213401, 144.6220076213401, 'SEARCH'
11, 25347, 144.6466957876129, 144.6466957876129, 'SEARCH'
11, 25348, 144.67446686108053, 144.67446686108053, 'SEARCH'
11, 25349, 144.67676281222145, 144.67676281222145, 'SEARCH'
11, 25350, 144.70133674276428, 144.70133674276428, 'SEARCH'
11, 25351, 144.71490269261636, 144.71490269261636, 'SEARCH'
11, 25352, 144.73800641959932, 144.73800641959932, 'SEARCH'
11, 25353, 144.75684219928186, 144.75684219928186, 'SEARCH'
11, 25354, 144.77459690667726, 144.77459690667726, 'SEARCH'
11, 25355, 144.77206349005945, 144.77206349005945, 'SEARCH'
11, 25356, 144.79339959786734, 144.79339959786734, 'SEARCH'
11, 25357, 144.81133489409214, 144.81133489409214, 'SEARCH'
11, 25358, 144.8354525849565, 144.8354525849565, 'SEARCH'
11, 25359, 144.86306368056358, 144.86306368056358, 'SEARCH'
11, 25360, 144.87223345111008, 144.87223345111008, 'SEARCH'
11, 25361, 144.8982821082904, 144.8982821082904, 'SEARCH'
11, 25362, 144.9209507696372, 144.9209507696372, 'SEARCH'
11, 25363, 144.9445790053837, 144.9445790053837, 'SEARCH'
11, 25364, 144.96117744167972, 144.96117744167972, 'SEARCH'
11, 25365, 144.98895491856175, 144.98895491856175, 'SEARCH'
11, 25366, 144.98352739739985, 144.98352739739985, 'SEARCH'
11, 25367, 144.99856726393355, 144.99856726393355, 'SEARCH'
11, 25368, 145.01082147696133, 145.01082147696133, 'SEARCH'
11, 25369, 145.02022061486718, 145.02022061486718, 'SEARCH'
11, 25370, 145.02560460588094, 145.02560460588094, 'SEARCH'
11, 25371, 145.05269477303113, 145.05269477303113, 'SEARCH'
11, 25372, 145.07716692623157, 145.07716692623157, 'SEARCH'
11, 25373, 145.09510165398945, 145.09510165398945, 'SEARCH'
11, 25374, 145.1176462822838, 145.1176462822838, 'SEARCH'
11, 25375, 145.13485598734957, 145.13485598734957, 'SEARCH'
11, 25376, 145.15694568049645, 145.15694568049645, 'SEARCH'
11, 25377, 145.174537246149, 145.174537246149, 'SEARCH'
11, 25378, 145.20231314250205, 145.20231314250205, 'SEARCH'
11, 25379, 145.22918597809496, 145.22918597809496, 'SEARCH'
11, 25380, 145.2533985635691, 145.2533985635691, 'SEARCH'
11, 25381, 145.25980070449236, 145.25980070449236, 'SEARCH'
11, 25382, 145.2818753740361, 145.2818753740361, 'SEARCH'
11, 25383, 145.28204249223876, 145.28204249223876, 'SEARCH'
11, 25384, 145.29967197112674, 145.29967197112674, 'SEARCH'
11, 25385, 145.30524112416586, 145.30524112416586, 'SEARCH'
11, 25386, 145.30408493487704, 145.30408493487704, 'SEARCH'
11, 25387, 145.31508803005767, 145.31508803005767, 'SEARCH'
11, 25388, 145.34229668472165, 145.34229668472165, 'SEARCH'
11, 25389, 145.35161790136183, 145.35161790136183, 'SEARCH'
11, 25390, 145.376863598796, 145.376863598796, 'SEARCH'
11, 25391, 145.4010715244178, 145.4010715244178, 'SEARCH'
11, 25392, 145.40715724161342, 145.40715724161342, 'SEARCH'
11, 25393, 145.4303752339378, 145.4303752339378, 'SEARCH'
11, 25394, 145.44437694493442, 145.44437694493442, 'SEARCH'
11, 25395, 145.47069038948104, 145.47069038948104, 'SEARCH'
11, 25396, 145.49673773626256, 145.49673773626256, 'SEARCH'
11, 25397, 145.5237689208892, 145.5237689208892, 'SEARCH'
11, 25398, 145.54671514320748, 145.54671514320748, 'SEARCH'
11, 25399, 145.57369985309126, 145.57369985309126, 'SEARCH'
11, 25400, 145.57501367397734, 145.57501367397734, 'SEARCH'
11, 25401, 145.58162146229085, 145.58162146229085, 'SEARCH'
11, 25402, 145.60662812379402, 145.60662812379402, 'SEARCH'
11, 25403, 145.60286430787173, 145.60286430787173, 'SEARCH'
11, 25404, 145.62946528239593, 145.62946528239593, 'SEARCH'
11, 25405, 145.65173055276657, 145.65173055276657, 'SEARCH'
11, 25406, 145.67091836721775, 145.67091836721775, 'SEARCH'
11, 25407, 145.66911307099886, 145.66911307099886, 'SEARCH'
11, 25408, 145.6726543162155, 145.6726543162155, 'SEARCH'
11, 25409, 145.69381607897492, 145.69381607897492, 'SEARCH'
11, 25410, 145.70526594203847, 145.70526594203847, 'SEARCH'
11, 25411, 145.7132065615247, 145.7132065615247, 'SEARCH'
11, 25412, 145.73296504764158, 145.73296504764158, 'SEARCH'
11, 25413, 145.75998908767613, 145.75998908767613, 'SEARCH'
11, 25414, 145.78759551746143, 145.78759551746143, 'SEARCH'
11, 25415, 145.78838914305027, 145.78838914305027, 'SEARCH'
11, 25416, 145.81530482136046, 145.81530482136046, 'SEARCH'
11, 25417, 145.82804526780552, 145.82804526780552, 'SEARCH'
11, 25418, 145.83539672242892, 145.83539672242892, 'SEARCH'
11, 25419, 145.85517380578239, 145.85517380578239, 'SEARCH'
11, 25420, 145.85351063802182, 145.85351063802182, 'SEARCH'
11, 25421, 145.8687942931973, 145.8687942931973, 'SEARCH'
11, 25422, 145.89193766510957, 145.89193766510957, 'SEARCH'
11, 25423, 145.9172235654636, 145.9172235654636, 'SEARCH'
11, 25424, 145.9392805614989, 145.9392805614989, 'SEARCH'
11, 25425, 145.94628056536027, 145.94628056536027, 'SEARCH'
11, 25426, 145.9628599370203, 145.9628599370203, 'SEARCH'
11, 25427, 145.9895192282915, 145.9895192282915, 'SEARCH'
11, 25428, 146.01725091280812, 146.01725091280812, 'SEARCH'
11, 25429, 146.0279708041611, 146.0279708041611, 'SEARCH'
11, 25430, 146.05220622556467, 146.05220622556467, 'SEARCH'
11, 25431, 146.05808977095148, 146.05808977095148, 'SEARCH'
11, 25432, 146.08064164306202, 146.08064164306202, 'SEARCH'
11, 25433, 146.10685677278596, 146.10685677278596, 'SEARCH'
11, 25434, 146.1320918626356, 146.1320918626356, 'SEARCH'
11, 25435, 146.1489312112588, 146.1489312112588, 'SEARCH'
11, 25436, 146.14910485041122, 146.14910485041122, 'SEARCH'
11, 25437, 146.17530391354214, 146.17530391354214, 'SEARCH'
11, 25438, 146.18687001363529, 146.18687001363529, 'SEARCH'
11, 25439, 146.19919812733804, 146.19919812733804, 'SEARCH'
11, 25440, 146.21931206611237, 146.21931206611237, 'SEARCH'
11, 25441, 146.24706192043442, 146.24706192043442, 'SEARCH'
11, 25442, 146.26788732597413, 146.26788732597413, 'SEARCH'
11, 25443, 146.29179708824753, 146.29179708824753, 'SEARCH'
11, 25444, 146.30715755876471, 146.30715755876471, 'SEARCH'
11, 25445, 146.30697039691046, 146.30697039691046, 'SEARCH'
11, 25446, 146.33333811288512, 146.33333811288512, 'SEARCH'
11, 25447, 146.36072031945218, 146.36072031945218, 'SEARCH'
11, 25448, 146.35942583142452, 146.35942583142452, 'SEARCH'
11, 25449, 146.38607607390367, 146.38607607390367, 'SEARCH'
11, 25450, 146.40953811597075, 146.40953811597075, 'SEARCH'
11, 25451, 146.43569669111085, 146.43569669111085, 'SEARCH'
11, 25452, 146.45739323965984, 146.45739323965984, 'SEARCH'
11, 25453, 146.48154411889334, 146.48154411889334, 'SEARCH'
11, 25454, 146.5089344736979, 146.5089344736979, 'SEARCH'
11, 25455, 146.5280306158002, 146.5280306158002, 'SEARCH'
11, 25456, 146.52874237544432, 146.52874237544432, 'SEARCH'
11, 25457, 146.53568776091893, 146.53568776091893, 'SEARCH'
11, 25458, 146.55481917031875, 146.55481917031875, 'SEARCH'
11, 25459, 146.55943570345744, 146.55943570345744, 'SEARCH'
11, 25460, 146.58621844500257, 146.58621844500257, 'SEARCH'
11, 25461, 146.59451095887147, 146.59451095887147, 'SEARCH'
11, 25462, 146.61916810866967, 146.61916810866967, 'SEARCH'
11, 25463, 146.6423592061892, 146.6423592061892, 'SEARCH'
11, 25464, 146.6441184195353, 146.6441184195353, 'SEARCH'
11, 25465, 146.67181739777735, 146.67181739777735, 'SEARCH'
11, 25466, 146.67838965491745, 146.67838965491745, 'SEARCH'
11, 25467, 146.70274627240832, 146.70274627240832, 'SEARCH'
11, 25468, 146.73050187531288, 146.73050187531288, 'SEARCH'
11, 25469, 146.75802844685506, 146.75802844685506, 'SEARCH'
11, 25470, 146.7667490113243, 146.7667490113243, 'SEARCH'
11, 25471, 146.7940480490014, 146.7940480490014, 'SEARCH'
11, 25472, 146.81991810966642, 146.81991810966642, 'SEARCH'
11, 25473, 146.82773306587683, 146.82773306587683, 'SEARCH'
11, 25474, 146.82512327140842, 146.82512327140842, 'SEARCH'
11, 25475, 146.846911060601, 146.846911060601, 'SEARCH'
11, 25476, 146.86538726328388, 146.86538726328388, 'SEARCH'
11, 25477, 146.89136634273697, 146.89136634273697, 'SEARCH'
11, 25478, 146.9172487919295, 146.9172487919295, 'SEARCH'
11, 25479, 146.92267736782387, 146.92267736782387, 'SEARCH'
11, 25480, 146.92525377363384, 146.92525377363384, 'SEARCH'
11, 25481, 146.92592015553745, 146.92592015553745, 'SEARCH'
11, 25482, 146.93243889908814, 146.93243889908814, 'SEARCH'
11, 25483, 146.95360014411563, 146.95360014411563, 'SEARCH'
11, 25484, 146.96505014298853, 146.96505014298853, 'SEARCH'
11, 25485, 146.98082682420647, 146.98082682420647, 'SEARCH'
11, 25486, 146.98307922159964, 146.98307922159964, 'SEARCH'
11, 25487, 146.98776126328, 146.98776126328, 'SEARCH'
11, 25488, 147.01245746472998, 147.01245746472998, 'SEARCH'
11, 25489, 147.03943584005435, 147.03943584005435, 'SEARCH'
11, 25490, 147.05662707385392, 147.05662707385392, 'SEARCH'
11, 25491, 147.07547298131587, 147.07547298131587, 'SEARCH'
11, 25492, 147.08946205539408, 147.08946205539408, 'SEARCH'
11, 25493, 147.1075812544352, 147.1075812544352, 'SEARCH'
11, 25494, 147.10455916356517, 147.10455916356517, 'SEARCH'
11, 25495, 147.1297737503982, 147.1297737503982, 'SEARCH'
11, 25496, 147.12628447887775, 147.12628447887775, 'SEARCH'
11, 25497, 147.12330222033907, 147.12330222033907, 'SEARCH'
11, 25498, 147.1466276723462, 147.1466276723462, 'SEARCH'
11, 25499, 147.17378424853044, 147.17378424853044, 'SEARCH'
11, 25500, 147.19303499875633, 147.19303499875633, 'SEARCH'
11, 25501, 147.2165682117568, 147.2165682117568, 'SEARCH'
11, 25502, 147.24133258042258, 147.24133258042258, 'SEARCH'
11, 25503, 147.24659016652004, 147.24659016652004, 'SEARCH'
11, 25504, 147.2465720732808, 147.2465720732808, 'SEARCH'
11, 25505, 147.27428273104033, 147.27428273104033, 'SEARCH'
11, 25506, 147.27719543957215, 147.27719543957215, 'SEARCH'
11, 25507, 147.2800642434191, 147.2800642434191, 'SEARCH'
11, 25508, 147.2917953971542, 147.2917953971542, 'SEARCH'
11, 25509, 147.31773342598936, 147.31773342598936, 'SEARCH'
11, 25510, 147.34414412284494, 147.34414412284494, 'SEARCH'
11, 25511, 147.34895117683675, 147.34895117683675, 'SEARCH'
11, 25512, 147.3695999630904, 147.3695999630904, 'SEARCH'
11, 25513, 147.39726977194834, 147.39726977194834, 'SEARCH'
11, 25514, 147.40019635125603, 147.40019635125603, 'SEARCH'
11, 25515, 147.41019675491236, 147.41019675491236, 'SEARCH'
11, 25516, 147.42008306224938, 147.42008306224938, 'SEARCH'
11, 25517, 147.43089188243857, 147.43089188243857, 'SEARCH'
11, 25518, 147.45151840355152, 147.45151840355152, 'SEARCH'
11, 25519, 147.46326385081926, 147.46326385081926, 'SEARCH'
11, 25520, 147.4593680734858, 147.4593680734858, 'SEARCH'
11, 25521, 147.45454880574573, 147.45454880574573, 'SEARCH'
11, 25522, 147.45215784937707, 147.45215784937707, 'SEARCH'
11, 25523, 147.45027623341974, 147.45027623341974, 'SEARCH'
11, 25524, 147.46237921227365, 147.46237921227365, 'SEARCH'
11, 25525, 147.4816330834141, 147.4816330834141, 'SEARCH'
11, 25526, 147.49245037072072, 147.49245037072072, 'SEARCH'
11, 25527, 147.5171936289306, 147.5171936289306, 'SEARCH'
11, 25528, 147.53717734348234, 147.53717734348234, 'SEARCH'
11, 25529, 147.5644407859715, 147.5644407859715, 'SEARCH'
11, 25530, 147.5898107951538, 147.5898107951538, 'SEARCH'
11, 25531, 147.59747150171145, 147.59747150171145, 'SEARCH'
11, 25532, 147.60790446779635, 147.60790446779635, 'SEARCH'
11, 25533, 147.6254271612073, 147.6254271612073, 'SEARCH'
11, 25534, 147.6490230007635, 147.6490230007635, 'SEARCH'
11, 25535, 147.65201326982773, 147.65201326982773, 'SEARCH'
11, 25536, 147.66297110206094, 147.66297110206094, 'SEARCH'
11, 25537, 147.68963464153467, 147.68963464153467, 'SEARCH'
11, 25538, 147.7140998459775, 147.7140998459775, 'SEARCH'
11, 25539, 147.74102399975433, 147.74102399975433, 'SEARCH'
11, 25540, 147.7668201183114, 147.7668201183114, 'SEARCH'
11, 25541, 147.78458364042817, 147.78458364042817, 'SEARCH'
11, 25542, 147.80483140616636, 147.80483140616636, 'SEARCH'
11, 25543, 147.80088569129074, 147.80088569129074, 'SEARCH'
11, 25544, 147.8126744576817, 147.8126744576817, 'SEARCH'
11, 25545, 147.8227021427697, 147.8227021427697, 'SEARCH'
11, 25546, 147.85036507093196, 147.85036507093196, 'SEARCH'
11, 25547, 147.8685133379038, 147.8685133379038, 'SEARCH'
11, 25548, 147.89532386734388, 147.89532386734388, 'SEARCH'
11, 25549, 147.89926148211708, 147.89926148211708, 'SEARCH'
11, 25550, 147.90081371341756, 147.90081371341756, 'SEARCH'
11, 25551, 147.91522736902093, 147.91522736902093, 'SEARCH'
11, 25552, 147.92639066088563, 147.92639066088563, 'SEARCH'
11, 25553, 147.93974978178608, 147.93974978178608, 'SEARCH'
11, 25554, 147.96187397235872, 147.96187397235872, 'SEARCH'
11, 25555, 147.98224608434495, 147.98224608434495, 'SEARCH'
11, 25556, 148.00953261797284, 148.00953261797284, 'SEARCH'
11, 25557, 148.03194300276587, 148.03194300276587, 'SEARCH'
11, 25558, 148.0328227810003, 148.0328227810003, 'SEARCH'
11, 25559, 148.05025484189528, 148.05025484189528, 'SEARCH'
11, 25560, 148.0763717740497, 148.0763717740497, 'SEARCH'
11, 25561, 148.10210782470932, 148.10210782470932, 'SEARCH'
11, 25562, 148.11553947616255, 148.11553947616255, 'SEARCH'
11, 25563, 148.14289233509496, 148.14289233509496, 'SEARCH'
11, 25564, 148.16845736416826, 148.16845736416826, 'SEARCH'
11, 25565, 148.19623092443842, 148.19623092443842, 'SEARCH'
11, 25566, 148.21654682057306, 148.21654682057306, 'SEARCH'
11, 25567, 148.24034739143073, 148.24034739143073, 'SEARCH'
11, 25568, 148.26509960423698, 148.26509960423698, 'SEARCH'
11, 25569, 148.29216178033352, 148.29216178033352, 'SEARCH'
11, 25570, 148.31343452803804, 148.31343452803804, 'SEARCH'
11, 25571, 148.33341070068894, 148.33341070068894, 'SEARCH'
11, 25572, 148.35127391945485, 148.35127391945485, 'SEARCH'
11, 25573, 148.3537255723566, 148.3537255723566, 'SEARCH'
11, 25574, 148.3737471775486, 148.3737471775486, 'SEARCH'
11, 25575, 148.38317633722286, 148.38317633722286, 'SEARCH'
11, 25576, 148.40744682881214, 148.40744682881214, 'SEARCH'
11, 25577, 148.4346098866407, 148.4346098866407, 'SEARCH'
11, 25578, 148.4605315915628, 148.4605315915628, 'SEARCH'
11, 25579, 148.48179725383125, 148.48179725383125, 'SEARCH'
11, 25580, 148.47889069023213, 148.47889069023213, 'SEARCH'
11, 25581, 148.48464269775067, 148.48464269775067, 'SEARCH'
11, 25582, 148.51120598016655, 148.51120598016655, 'SEARCH'
11, 25583, 148.53595350842315, 148.53595350842315, 'SEARCH'
11, 25584, 148.5587111952576, 148.5587111952576, 'SEARCH'
11, 25585, 148.58541874691525, 148.58541874691525, 'SEARCH'
11, 25586, 148.60132828859133, 148.60132828859133, 'SEARCH'
11, 25587, 148.62889831818225, 148.62889831818225, 'SEARCH'
11, 25588, 148.64236356519137, 148.64236356519137, 'SEARCH'
11, 25589, 148.6485906776983, 148.6485906776983, 'SEARCH'
11, 25590, 148.66987246096505, 148.66987246096505, 'SEARCH'
11, 25591, 148.69438870590994, 148.69438870590994, 'SEARCH'
11, 25592, 148.6914769474353, 148.6914769474353, 'SEARCH'
11, 25593, 148.69958038982233, 148.69958038982233, 'SEARCH'
11, 25594, 148.71087213199652, 148.71087213199652, 'SEARCH'
11, 25595, 148.737933914396, 148.737933914396, 'SEARCH'
11, 25596, 148.74513522735379, 148.74513522735379, 'SEARCH'
11, 25597, 148.7625861726112, 148.7625861726112, 'SEARCH'
11, 25598, 148.7688522324976, 148.7688522324976, 'SEARCH'
11, 25599, 148.789465268734, 148.789465268734, 'SEARCH'
11, 25600, 148.797147492705, 148.797147492705, 'SEARCH'
11, 25601, 148.80096083255503, 148.80096083255503, 'SEARCH'
11, 25602, 148.8254993819112, 148.8254993819112, 'SEARCH'
11, 25603, 148.83857498322567, 148.83857498322567, 'SEARCH'
11, 25604, 148.86266305660158, 148.86266305660158, 'SEARCH'
11, 25605, 148.86660607491623, 148.86660607491623, 'SEARCH'
11, 25606, 148.86428978731485, 148.86428978731485, 'SEARCH'
11, 25607, 148.88909977550284, 148.88909977550284, 'SEARCH'
11, 25608, 148.9160169299286, 148.9160169299286, 'SEARCH'
11, 25609, 148.935062792746, 148.935062792746, 'SEARCH'
11, 25610, 148.93877071569008, 148.93877071569008, 'SEARCH'
11, 25611, 148.94250554582547, 148.94250554582547, 'SEARCH'
11, 25612, 148.939224704004, 148.939224704004, 'SEARCH'
11, 25613, 148.96454682632583, 148.96454682632583, 'SEARCH'
11, 25614, 148.96104085672675, 148.96104085672675, 'SEARCH'
11, 25615, 148.95919724553605, 148.95919724553605, 'SEARCH'
11, 25616, 148.979595425556, 148.979595425556, 'SEARCH'
11, 25617, 149.0064627998198, 149.0064627998198, 'SEARCH'
11, 25618, 149.0024499675215, 149.0024499675215, 'SEARCH'
11, 25619, 149.00834365672196, 149.00834365672196, 'SEARCH'
11, 25620, 149.03118251288794, 149.03118251288794, 'SEARCH'
11, 25621, 149.0553205170383, 149.0553205170383, 'SEARCH'
11, 25622, 149.05452954244117, 149.05452954244117, 'SEARCH'
11, 25623, 149.0736241581709, 149.0736241581709, 'SEARCH'
11, 25624, 149.08773603159983, 149.08773603159983, 'SEARCH'
11, 25625, 149.11512635569795, 149.11512635569795, 'SEARCH'
11, 25626, 149.12298313421667, 149.12298313421667, 'SEARCH'
11, 25627, 149.12852818875965, 149.12852818875965, 'SEARCH'
11, 25628, 149.1450784972793, 149.1450784972793, 'SEARCH'
11, 25629, 149.16685242301398, 149.16685242301398, 'SEARCH'
11, 25630, 149.19462841390117, 149.19462841390117, 'SEARCH'
11, 25631, 149.19866330408135, 149.19866330408135, 'SEARCH'
11, 25632, 149.21975698458482, 149.21975698458482, 'SEARCH'
11, 25633, 149.23260602132552, 149.23260602132552, 'SEARCH'
11, 25634, 149.25272094236882, 149.25272094236882, 'SEARCH'
11, 25635, 149.27798509654463, 149.27798509654463, 'SEARCH'
11, 25636, 149.3057538215509, 149.3057538215509, 'SEARCH'
11, 25637, 149.3159511793006, 149.3159511793006, 'SEARCH'
11, 25638, 149.33678441764815, 149.33678441764815, 'SEARCH'
11, 25639, 149.36410821194175, 149.36410821194175, 'SEARCH'
11, 25640, 149.37467733521197, 149.37467733521197, 'SEARCH'
11, 25641, 149.38579027327137, 149.38579027327137, 'SEARCH'
11, 25642, 149.40460469589618, 149.40460469589618, 'SEARCH'
11, 25643, 149.43190165490415, 149.43190165490415, 'SEARCH'
11, 25644, 149.44436713790782, 149.44436713790782, 'SEARCH'
11, 25645, 149.47214457197072, 149.47214457197072, 'SEARCH'
11, 25646, 149.49746411454828, 149.49746411454828, 'SEARCH'
11, 25647, 149.49468759198012, 149.49468759198012, 'SEARCH'
11, 25648, 149.49307850050457, 149.49307850050457, 'SEARCH'
11, 25649, 149.52053394774788, 149.52053394774788, 'SEARCH'
11, 25650, 149.53635799104447, 149.53635799104447, 'SEARCH'
11, 25651, 149.56188451788748, 149.56188451788748, 'SEARCH'
11, 25652, 149.58145614381016, 149.58145614381016, 'SEARCH'
11, 25653, 149.60530724448827, 149.60530724448827, 'SEARCH'
11, 25654, 149.62131725711996, 149.62131725711996, 'SEARCH'
11, 25655, 149.62577904715303, 149.62577904715303, 'SEARCH'
11, 25656, 149.6349603240246, 149.6349603240246, 'SEARCH'
11, 25657, 149.65153924653512, 149.65153924653512, 'SEARCH'
11, 25658, 149.6784090440157, 149.6784090440157, 'SEARCH'
11, 25659, 149.6743865778327, 149.6743865778327, 'SEARCH'
11, 25660, 149.70216209122214, 149.70216209122214, 'SEARCH'
11, 25661, 149.71488962224993, 149.71488962224993, 'SEARCH'
11, 25662, 149.72947662724687, 149.72947662724687, 'SEARCH'
11, 25663, 149.75689132619024, 149.75689132619024, 'SEARCH'
11, 25664, 149.77371114311964, 149.77371114311964, 'SEARCH'
11, 25665, 149.78010758247135, 149.78010758247135, 'SEARCH'
11, 25666, 149.80763943628799, 149.80763943628799, 'SEARCH'
11, 25667, 149.82608929659588, 149.82608929659588, 'SEARCH'
11, 25668, 149.83983662917427, 149.83983662917427, 'SEARCH'
11, 25669, 149.86621163392886, 149.86621163392886, 'SEARCH'
11, 25670, 149.89191756256955, 149.89191756256955, 'SEARCH'
11, 25671, 149.8987543012311, 149.8987543012311, 'SEARCH'
11, 25672, 149.92604958629533, 149.92604958629533, 'SEARCH'
11, 25673, 149.94592397626678, 149.94592397626678, 'SEARCH'
11, 25674, 149.964249159194, 149.964249159194, 'SEARCH'
11, 25675, 149.96167240804678, 149.96167240804678, 'SEARCH'
11, 25676, 149.98710043591507, 149.98710043591507, 'SEARCH'
11, 25677, 150.01362318756364, 150.01362318756364, 'SEARCH'
11, 25678, 150.012521727893, 150.012521727893, 'SEARCH'
11, 25679, 150.0275636485433, 150.0275636485433, 'SEARCH'
11, 25680, 150.03230857282972, 150.03230857282972, 'SEARCH'
11, 25681, 150.03177204461338, 150.03177204461338, 'SEARCH'
11, 25682, 150.05651171143637, 150.05651171143637, 'SEARCH'
11, 25683, 150.07714753631987, 150.07714753631987, 'SEARCH'
11, 25684, 150.09679519638618, 150.09679519638618, 'SEARCH'
11, 25685, 150.12036698324712, 150.12036698324712, 'SEARCH'
11, 25686, 150.1355318181411, 150.1355318181411, 'SEARCH'
11, 25687, 150.16067876338758, 150.16067876338758, 'SEARCH'
11, 25688, 150.1578290259555, 150.1578290259555, 'SEARCH'
11, 25689, 150.18090402150176, 150.18090402150176, 'SEARCH'
11, 25690, 150.19554044075252, 150.19554044075252, 'SEARCH'
11, 25691, 150.20821695665694, 150.20821695665694, 'SEARCH'
11, 25692, 150.23222347556475, 150.23222347556475, 'SEARCH'
11, 25693, 150.25715289257187, 150.25715289257187, 'SEARCH'
11, 25694, 150.26794092646884, 150.26794092646884, 'SEARCH'
11, 25695, 150.2947836764129, 150.2947836764129, 'SEARCH'
11, 25696, 150.30192336997615, 150.30192336997615, 'SEARCH'
11, 25697, 150.32549266752451, 150.32549266752451, 'SEARCH'
11, 25698, 150.35141169862334, 150.35141169862334, 'SEARCH'
11, 25699, 150.37911988079588, 150.37911988079588, 'SEARCH'
11, 25700, 150.39945227060355, 150.39945227060355, 'SEARCH'
11, 25701, 150.4213141199475, 150.4213141199475, 'SEARCH'
11, 25702, 150.42085541919923, 150.42085541919923, 'SEARCH'
11, 25703, 150.44848673452648, 150.44848673452648, 'SEARCH'
11, 25704, 150.47564545626406, 150.47564545626406, 'SEARCH'
11, 25705, 150.50246345596585, 150.50246345596585, 'SEARCH'
11, 25706, 150.52496144673677, 150.52496144673677, 'SEARCH'
11, 25707, 150.54430048267673, 150.54430048267673, 'SEARCH'
11, 25708, 150.5518797403059, 150.5518797403059, 'SEARCH'
11, 25709, 150.54902813291832, 150.54902813291832, 'SEARCH'
11, 25710, 150.5664459987722, 150.5664459987722, 'SEARCH'
11, 25711, 150.5879966499556, 150.5879966499556, 'SEARCH'
11, 25712, 150.59514788385678, 150.59514788385678, 'SEARCH'
11, 25713, 150.60091227877072, 150.60091227877072, 'SEARCH'
11, 25714, 150.61481633181046, 150.61481633181046, 'SEARCH'
11, 25715, 150.6410666777044, 150.6410666777044, 'SEARCH'
11, 25716, 150.65857424185063, 150.65857424185063, 'SEARCH'
11, 25717, 150.67375097677348, 150.67375097677348, 'SEARCH'
11, 25718, 150.6907880163768, 150.6907880163768, 'SEARCH'
11, 25719, 150.7030181579105, 150.7030181579105, 'SEARCH'
11, 25720, 150.70648853163803, 150.70648853163803, 'SEARCH'
11, 25721, 150.71167590031996, 150.71167590031996, 'SEARCH'
11, 25722, 150.73925700433813, 150.73925700433813, 'SEARCH'
11, 25723, 150.7378934437703, 150.7378934437703, 'SEARCH'
11, 25724, 150.7608551529913, 150.7608551529913, 'SEARCH'
11, 25725, 150.78188714430144, 150.78188714430144, 'SEARCH'
11, 25726, 150.80647111511735, 150.80647111511735, 'SEARCH'
11, 25727, 150.805154755351, 150.805154755351, 'SEARCH'
11, 25728, 150.83287601408526, 150.83287601408526, 'SEARCH'
11, 25729, 150.84343874711732, 150.84343874711732, 'SEARCH'
11, 25730, 150.87112730096695, 150.87112730096695, 'SEARCH'
11, 25731, 150.8905668416821, 150.8905668416821, 'SEARCH'
11, 25732, 150.89078859745152, 150.89078859745152, 'SEARCH'
11, 25733, 150.91394718493876, 150.91394718493876, 'SEARCH'
11, 25734, 150.9208956208685, 150.9208956208685, 'SEARCH'
11, 25735, 150.9403810353994, 150.9403810353994, 'SEARCH'
11, 25736, 150.96563959031002, 150.96563959031002, 'SEARCH'
11, 25737, 150.99072521016248, 150.99072521016248, 'SEARCH'
11, 25738, 151.0068929268144, 151.0068929268144, 'SEARCH'
11, 25739, 151.02641261637763, 151.02641261637763, 'SEARCH'
11, 25740, 151.02898351829432, 151.02898351829432, 'SEARCH'
11, 25741, 151.0566273609946, 151.0566273609946, 'SEARCH'
11, 25742, 151.0724105565539, 151.0724105565539, 'SEARCH'
11, 25743, 151.07547033764322, 151.07547033764322, 'SEARCH'
11, 25744, 151.09383460323141, 151.09383460323141, 'SEARCH'
11, 25745, 151.1143375171137, 151.1143375171137, 'SEARCH'
11, 25746, 151.13278459718973, 151.13278459718973, 'SEARCH'
11, 25747, 151.14858198505257, 151.14858198505257, 'SEARCH'
11, 25748, 151.15496675985457, 151.15496675985457, 'SEARCH'
11, 25749, 151.1633900381853, 151.1633900381853, 'SEARCH'
11, 25750, 151.18687248073445, 151.18687248073445, 'SEARCH'
11, 25751, 151.2114564096397, 151.2114564096397, 'SEARCH'
11, 25752, 151.2113200796271, 151.2113200796271, 'SEARCH'
11, 25753, 151.2326673557309, 151.2326673557309, 'SEARCH'
11, 25754, 151.24020383882672, 151.24020383882672, 'SEARCH'
11, 25755, 151.24126902567966, 151.24126902567966, 'SEARCH'
11, 25756, 151.26166991774545, 151.26166991774545, 'SEARCH'
11, 25757, 151.28376646139853, 151.28376646139853, 'SEARCH'
11, 25758, 151.30956867951812, 151.30956867951812, 'SEARCH'
11, 25759, 151.33720824640298, 151.33720824640298, 'SEARCH'
11, 25760, 151.364908327922, 151.364908327922, 'SEARCH'
11, 25761, 151.36428787192088, 151.36428787192088, 'SEARCH'
11, 25762, 151.38611185617867, 151.38611185617867, 'SEARCH'
11, 25763, 151.38910123473295, 151.38910123473295, 'SEARCH'
11, 25764, 151.41507541053187, 151.41507541053187, 'SEARCH'
11, 25765, 151.43998645053614, 151.43998645053614, 'SEARCH'
11, 25766, 151.46223785310903, 151.46223785310903, 'SEARCH'
11, 25767, 151.4790578508659, 151.4790578508659, 'SEARCH'
11, 25768, 151.50654364808554, 151.50654364808554, 'SEARCH'
11, 25769, 151.51590563796262, 151.51590563796262, 'SEARCH'
11, 25770, 151.54276734660488, 151.54276734660488, 'SEARCH'
11, 25771, 151.55054435930495, 151.55054435930495, 'SEARCH'
11, 25772, 151.55664267914085, 151.55664267914085, 'SEARCH'
11, 25773, 151.56693295252413, 151.56693295252413, 'SEARCH'
11, 25774, 151.59227004726517, 151.59227004726517, 'SEARCH'
11, 25775, 151.61079552763852, 151.61079552763852, 'SEARCH'
11, 25776, 151.63855839192252, 151.63855839192252, 'SEARCH'
11, 25777, 151.6384990401568, 151.6384990401568, 'SEARCH'
11, 25778, 151.64094888498406, 151.64094888498406, 'SEARCH'
11, 25779, 151.6414928115944, 151.6414928115944, 'SEARCH'
11, 25780, 151.66920902469994, 151.66920902469994, 'SEARCH'
11, 25781, 151.676016931973, 151.676016931973, 'SEARCH'
11, 25782, 151.70163310471466, 151.70163310471466, 'SEARCH'
11, 25783, 151.71582745790593, 151.71582745790593, 'SEARCH'
11, 25784, 151.72291626914463, 151.72291626914463, 'SEARCH'
11, 25785, 151.7273351152211, 151.7273351152211, 'SEARCH'
11, 25786, 151.74396875875954, 151.74396875875954, 'SEARCH'
11, 25787, 151.7587559437222, 151.7587559437222, 'SEARCH'
11, 25788, 151.783101497789, 151.783101497789, 'SEARCH'
11, 25789, 151.79538490035648, 151.79538490035648, 'SEARCH'
11, 25790, 151.8230692810637, 151.8230692810637, 'SEARCH'
11, 25791, 151.84562815536867, 151.84562815536867, 'SEARCH'
11, 25792, 151.87107080115078, 151.87107080115078, 'SEARCH'
11, 25793, 151.88352475861512, 151.88352475861512, 'SEARCH'
11, 25794, 151.88125120498992, 151.88125120498992, 'SEARCH'
11, 25795, 151.88966494456065, 151.88966494456065, 'SEARCH'
11, 25796, 151.89338315306995, 151.89338315306995, 'SEARCH'
11, 25797, 151.90185412656282, 151.90185412656282, 'SEARCH'
11, 25798, 151.91566585160695, 151.91566585160695, 'SEARCH'
11, 25799, 151.9423504444862, 151.9423504444862, 'SEARCH'
11, 25800, 151.96061379297063, 151.96061379297063, 'SEARCH'
11, 25801, 151.9871558221499, 151.9871558221499, 'SEARCH'
11, 25802, 152.00223025469026, 152.00223025469026, 'SEARCH'
11, 25803, 152.0055773898799, 152.0055773898799, 'SEARCH'
11, 25804, 152.00558506211024, 152.00558506211024, 'SEARCH'
11, 25805, 152.00513877482493, 152.00513877482493, 'SEARCH'
11, 25806, 152.0291602826749, 152.0291602826749, 'SEARCH'
11, 25807, 152.03640087296634, 152.03640087296634, 'SEARCH'
11, 25808, 152.05381777638868, 152.05381777638868, 'SEARCH'
11, 25809, 152.06775673083905, 152.06775673083905, 'SEARCH'
11, 25810, 152.09135806880022, 152.09135806880022, 'SEARCH'
11, 25811, 152.11257294942624, 152.11257294942624, 'SEARCH'
11, 25812, 152.11362115170746, 152.11362115170746, 'SEARCH'
11, 25813, 152.107953212315, 152.107953212315, 'SEARCH'
11, 25814, 152.10732819924684, 152.10732819924684, 'SEARCH'
11, 25815, 152.1141542647393, 152.1141542647393, 'SEARCH'
11, 25816, 152.14020893423697, 152.14020893423697, 'SEARCH'
11, 25817, 152.1592463675346, 152.1592463675346, 'SEARCH'
11, 25818, 152.18191454896166, 152.18191454896166, 'SEARCH'
11, 25819, 152.20401994547532, 152.20401994547532, 'SEARCH'
11, 25820, 152.2113166781109, 152.2113166781109, 'SEARCH'
11, 25821, 152.2231836343186, 152.2231836343186, 'SEARCH'
11, 25822, 152.2380463655177, 152.2380463655177, 'SEARCH'
11, 25823, 152.24598162772935, 152.24598162772935, 'SEARCH'
11, 25824, 152.26715460795268, 152.26715460795268, 'SEARCH'
11, 25825, 152.27633373971665, 152.27633373971665, 'SEARCH'
11, 25826, 152.3019702790825, 152.3019702790825, 'SEARCH'
11, 25827, 152.30372453788814, 152.30372453788814, 'SEARCH'
11, 25828, 152.3278567438771, 152.3278567438771, 'SEARCH'
11, 25829, 152.3447071298179, 152.3447071298179, 'SEARCH'
11, 25830, 152.3661734243792, 152.3661734243792, 'SEARCH'
11, 25831, 152.37505507020688, 152.37505507020688, 'SEARCH'
11, 25832, 152.39624310359468, 152.39624310359468, 'SEARCH'
11, 25833, 152.420114958417, 152.420114958417, 'SEARCH'
11, 25834, 152.44543586883148, 152.44543586883148, 'SEARCH'
11, 25835, 152.46694653753136, 152.46694653753136, 'SEARCH'
11, 25836, 152.49044977528197, 152.49044977528197, 'SEARCH'
11, 25837, 152.51523768974906, 152.51523768974906, 'SEARCH'
11, 25838, 152.5095569591669, 152.5095569591669, 'SEARCH'
11, 25839, 152.53378979148835, 152.53378979148835, 'SEARCH'
11, 25840, 152.53535485337423, 152.53535485337423, 'SEARCH'
11, 25841, 152.5449895271549, 152.5449895271549, 'SEARCH'
11, 25842, 152.56792167116416, 152.56792167116416, 'SEARCH'
11, 25843, 152.57193957952106, 152.57193957952106, 'SEARCH'
11, 25844, 152.5687376546839, 152.5687376546839, 'SEARCH'
11, 25845, 152.58822611932132, 152.58822611932132, 'SEARCH'
11, 25846, 152.60738290174982, 152.60738290174982, 'SEARCH'
11, 25847, 152.63342702245282, 152.63342702245282, 'SEARCH'
11, 25848, 152.66080972418672, 152.66080972418672, 'SEARCH'
11, 25849, 152.68759860293162, 152.68759860293162, 'SEARCH'
11, 25850, 152.70300486046744, 152.70300486046744, 'SEARCH'
11, 25851, 152.73075087112295, 152.73075087112295, 'SEARCH'
11, 25852, 152.74304132509297, 152.74304132509297, 'SEARCH'
11, 25853, 152.76422071729175, 152.76422071729175, 'SEARCH'
11, 25854, 152.76241591138998, 152.76241591138998, 'SEARCH'
11, 25855, 152.77386466704567, 152.77386466704567, 'SEARCH'
11, 25856, 152.79825292455598, 152.79825292455598, 'SEARCH'
11, 25857, 152.8246061255733, 152.8246061255733, 'SEARCH'
11, 25858, 152.8512271184528, 152.8512271184528, 'SEARCH'
11, 25859, 152.86892448383136, 152.86892448383136, 'SEARCH'
11, 25860, 152.87994380012628, 152.87994380012628, 'SEARCH'
11, 25861, 152.8972618387554, 152.8972618387554, 'SEARCH'
11, 25862, 152.91984199161004, 152.91984199161004, 'SEARCH'
11, 25863, 152.9286172717886, 152.9286172717886, 'SEARCH'
11, 25864, 152.93321250789174, 152.93321250789174, 'SEARCH'
11, 25865, 152.95956827509025, 152.95956827509025, 'SEARCH'
11, 25866, 152.95975724263968, 152.95975724263968, 'SEARCH'
11, 25867, 152.98729457983706, 152.98729457983706, 'SEARCH'
11, 25868, 153.0150194408388, 153.0150194408388, 'SEARCH'
11, 25869, 153.04279630320224, 153.04279630320224, 'SEARCH'
11, 25870, 153.0664901607282, 153.0664901607282, 'SEARCH'
11, 25871, 153.07110989347473, 153.07110989347473, 'SEARCH'
11, 25872, 153.09655679870744, 153.09655679870744, 'SEARCH'
11, 25873, 153.09346731503166, 153.09346731503166, 'SEARCH'
11, 25874, 153.105939808052, 153.105939808052, 'SEARCH'
11, 25875, 153.1330841398054, 153.1330841398054, 'SEARCH'
11, 25876, 153.16066899656028, 153.16066899656028, 'SEARCH'
11, 25877, 153.16890588420205, 153.16890588420205, 'SEARCH'
11, 25878, 153.1690572915217, 153.1690572915217, 'SEARCH'
11, 25879, 153.19680601073273, 153.19680601073273, 'SEARCH'
11, 25880, 153.20658838131783, 153.20658838131783, 'SEARCH'
11, 25881, 153.2337267826371, 153.2337267826371, 'SEARCH'
11, 25882, 153.25312747553085, 153.25312747553085, 'SEARCH'
11, 25883, 153.2808578628609, 153.2808578628609, 'SEARCH'
11, 25884, 153.279085360207, 153.279085360207, 'SEARCH'
11, 25885, 153.29478228543357, 153.29478228543357, 'SEARCH'
11, 25886, 153.320051501136, 153.320051501136, 'SEARCH'
11, 25887, 153.33538751358444, 153.33538751358444, 'SEARCH'
11, 25888, 153.35930491506522, 153.35930491506522, 'SEARCH'
11, 25889, 153.3571084136956, 153.3571084136956, 'SEARCH'
11, 25890, 153.38237870677412, 153.38237870677412, 'SEARCH'
11, 25891, 153.3989024687771, 153.3989024687771, 'SEARCH'
11, 25892, 153.3976639624609, 153.3976639624609, 'SEARCH'
11, 25893, 153.42538957941568, 153.42538957941568, 'SEARCH'
11, 25894, 153.45298931529575, 153.45298931529575, 'SEARCH'
11, 25895, 153.45176853928044, 153.45176853928044, 'SEARCH'
11, 25896, 153.47811834710302, 153.47811834710302, 'SEARCH'
11, 25897, 153.50251407242297, 153.50251407242297, 'SEARCH'
11, 25898, 153.49842486251558, 153.49842486251558, 'SEARCH'
11, 25899, 153.52602962579726, 153.52602962579726, 'SEARCH'
11, 25900, 153.55379920301732, 153.55379920301732, 'SEARCH'
11, 25901, 153.5683575617981, 153.5683575617981, 'SEARCH'
11, 25902, 153.5828032741496, 153.5828032741496, 'SEARCH'
11, 25903, 153.59480821142648, 153.59480821142648, 'SEARCH'
11, 25904, 153.61290970916266, 153.61290970916266, 'SEARCH'
11, 25905, 153.6206981065365, 153.6206981065365, 'SEARCH'
11, 25906, 153.644594952331, 153.644594952331, 'SEARCH'
11, 25907, 153.6700465333567, 153.6700465333567, 'SEARCH'
11, 25908, 153.6853432027768, 153.6853432027768, 'SEARCH'
11, 25909, 153.70262448135344, 153.70262448135344, 'SEARCH'
11, 25910, 153.72244585885196, 153.72244585885196, 'SEARCH'
11, 25911, 153.74687483410642, 153.74687483410642, 'SEARCH'
11, 25912, 153.75151182496813, 153.75151182496813, 'SEARCH'
11, 25913, 153.77445277726477, 153.77445277726477, 'SEARCH'
11, 25914, 153.80131917287866, 153.80131917287866, 'SEARCH'
11, 25915, 153.82544733004374, 153.82544733004374, 'SEARCH'
11, 25916, 153.84713509269886, 153.84713509269886, 'SEARCH'
11, 25917, 153.85634876418015, 153.85634876418015, 'SEARCH'
11, 25918, 153.87549232765463, 153.87549232765463, 'SEARCH'
11, 25919, 153.8708524847015, 153.8708524847015, 'SEARCH'
11, 25920, 153.8754597643209, 153.8754597643209, 'SEARCH'
11, 25921, 153.89942226577492, 153.89942226577492, 'SEARCH'
11, 25922, 153.92402735539522, 153.92402735539522, 'SEARCH'
11, 25923, 153.94715822819984, 153.94715822819984, 'SEARCH'
11, 25924, 153.9679898838562, 153.9679898838562, 'SEARCH'
11, 25925, 153.97010537628734, 153.97010537628734, 'SEARCH'
11, 25926, 153.997319347653, 153.997319347653, 'SEARCH'
11, 25927, 154.00973608851135, 154.00973608851135, 'SEARCH'
11, 25928, 154.03412119511816, 154.03412119511816, 'SEARCH'
11, 25929, 154.04158316135627, 154.04158316135627, 'SEARCH'
11, 25930, 154.04513675606165, 154.04513675606165, 'SEARCH'
11, 25931, 154.0515828805482, 154.0515828805482, 'SEARCH'
11, 25932, 154.0613175030108, 154.0613175030108, 'SEARCH'
11, 25933, 154.0854748800835, 154.0854748800835, 'SEARCH'
11, 25934, 154.09874956778174, 154.09874956778174, 'SEARCH'
11, 25935, 154.12553121853026, 154.12553121853026, 'SEARCH'
11, 25936, 154.14918271758108, 154.14918271758108, 'SEARCH'
11, 25937, 154.14704922819334, 154.14704922819334, 'SEARCH'
11, 25938, 154.14672719479992, 154.14672719479992, 'SEARCH'
11, 25939, 154.1678793561218, 154.1678793561218, 'SEARCH'
11, 25940, 154.19225818668727, 154.19225818668727, 'SEARCH'
11, 25941, 154.20203592598503, 154.20203592598503, 'SEARCH'
11, 25942, 154.22617044096737, 154.22617044096737, 'SEARCH'
11, 25943, 154.24462834455272, 154.24462834455272, 'SEARCH'
11, 25944, 154.24911908732253, 154.24911908732253, 'SEARCH'
11, 25945, 154.27475865091517, 154.27475865091517, 'SEARCH'
11, 25946, 154.27408124728083, 154.27408124728083, 'SEARCH'
11, 25947, 154.29290922367773, 154.29290922367773, 'SEARCH'
11, 25948, 154.30207855742046, 154.30207855742046, 'SEARCH'
11, 25949, 154.32697235189096, 154.32697235189096, 'SEARCH'
11, 25950, 154.3423818345356, 154.3423818345356, 'SEARCH'
11, 25951, 154.3417770506801, 154.3417770506801, 'SEARCH'
11, 25952, 154.3471617221768, 154.3471617221768, 'SEARCH'
11, 25953, 154.34728092318008, 154.34728092318008, 'SEARCH'
11, 25954, 154.37271912305084, 154.37271912305084, 'SEARCH'
11, 25955, 154.38729806695324, 154.38729806695324, 'SEARCH'
11, 25956, 154.38501304297742, 154.38501304297742, 'SEARCH'
11, 25957, 154.38193994662157, 154.38193994662157, 'SEARCH'
11, 25958, 154.39467248606474, 154.39467248606474, 'SEARCH'
11, 25959, 154.42244976429166, 154.42244976429166, 'SEARCH'
11, 25960, 154.42213035747275, 154.42213035747275, 'SEARCH'
11, 25961, 154.4496093212973, 154.4496093212973, 'SEARCH'
11, 25962, 154.46239237512768, 154.46239237512768, 'SEARCH'
11, 25963, 154.47733326420328, 154.47733326420328, 'SEARCH'
11, 25964, 154.4991023588269, 154.4991023588269, 'SEARCH'
11, 25965, 154.5202702991886, 154.5202702991886, 'SEARCH'
11, 25966, 154.5228398936457, 154.5228398936457, 'SEARCH'
11, 25967, 154.544000643947, 154.544000643947, 'SEARCH'
11, 25968, 154.57165828882685, 154.57165828882685, 'SEARCH'
11, 25969, 154.575198421556, 154.575198421556, 'SEARCH'
11, 25970, 154.59778230485304, 154.59778230485304, 'SEARCH'
11, 25971, 154.62144944697891, 154.62144944697891, 'SEARCH'
11, 25972, 154.6440545547567, 154.6440545547567, 'SEARCH'
11, 25973, 154.6718227236211, 154.6718227236211, 'SEARCH'
11, 25974, 154.69356082543723, 154.69356082543723, 'SEARCH'
11, 25975, 154.7112137657727, 154.7112137657727, 'SEARCH'
11, 25976, 154.7338312905768, 154.7338312905768, 'SEARCH'
11, 25977, 154.7379617240775, 154.7379617240775, 'SEARCH'
11, 25978, 154.765684025333, 154.765684025333, 'SEARCH'
11, 25979, 154.7703238953757, 154.7703238953757, 'SEARCH'
11, 25980, 154.7884325027231, 154.7884325027231, 'SEARCH'
11, 25981, 154.81334327295062, 154.81334327295062, 'SEARCH'
11, 25982, 154.83684070370686, 154.83684070370686, 'SEARCH'
11, 25983, 154.85620421966553, 154.85620421966553, 'SEARCH'
11, 25984, 154.87321168244503, 154.87321168244503, 'SEARCH'
11, 25985, 154.88142134402477, 154.88142134402477, 'SEARCH'
11, 25986, 154.9043795667655, 154.9043795667655, 'SEARCH'
11, 25987, 154.91533145144362, 154.91533145144362, 'SEARCH'
11, 25988, 154.9174079674017, 154.9174079674017, 'SEARCH'
11, 25989, 154.9372683078664, 154.9372683078664, 'SEARCH'
11, 25990, 154.94753459610607, 154.94753459610607, 'SEARCH'
11, 25991, 154.9717721426812, 154.9717721426812, 'SEARCH'
11, 25992, 154.9957774444425, 154.9957774444425, 'SEARCH'
11, 25993, 155.0179107475302, 155.0179107475302, 'SEARCH'
11, 25994, 155.04013350789262, 155.04013350789262, 'SEARCH'
11, 25995, 155.05730258818164, 155.05730258818164, 'SEARCH'
11, 25996, 155.08416305825608, 155.08416305825608, 'SEARCH'
11, 25997, 155.0818649990279, 155.0818649990279, 'SEARCH'
11, 25998, 155.10228806465454, 155.10228806465454, 'SEARCH'
11, 25999, 155.11462912208012, 155.11462912208012, 'SEARCH'
11, 26000, 155.1178010885045, 155.1178010885045, 'SEARCH'
11, 26001, 155.14246908457645, 155.14246908457645, 'SEARCH'
11, 26002, 155.17007702286352, 155.17007702286352, 'SEARCH'
11, 26003, 155.19114666942988, 155.19114666942988, 'SEARCH'
11, 26004, 155.208859765401, 155.208859765401, 'SEARCH'
11, 26005, 155.21431530668974, 155.21431530668974, 'SEARCH'
11, 26006, 155.2130544550059, 155.2130544550059, 'SEARCH'
11, 26007, 155.23812026707284, 155.23812026707284, 'SEARCH'
11, 26008, 155.2658884695093, 155.2658884695093, 'SEARCH'
11, 26009, 155.29358044821942, 155.29358044821942, 'SEARCH'
11, 26010, 155.31372994203917, 155.31372994203917, 'SEARCH'
11, 26011, 155.3338617039037, 155.3338617039037, 'SEARCH'
11, 26012, 155.3412865598784, 155.3412865598784, 'SEARCH'
11, 26013, 155.36828836618537, 155.36828836618537, 'SEARCH'
11, 26014, 155.38199182927912, 155.38199182927912, 'SEARCH'
11, 26015, 155.402512424824, 155.402512424824, 'SEARCH'
11, 26016, 155.40749084667763, 155.40749084667763, 'SEARCH'
11, 26017, 155.41392667805212, 155.41392667805212, 'SEARCH'
11, 26018, 155.41708673250255, 155.41708673250255, 'SEARCH'
11, 26019, 155.41495838131777, 155.41495838131777, 'SEARCH'
11, 26020, 155.43570511759873, 155.43570511759873, 'SEARCH'
11, 26021, 155.441655057016, 155.441655057016, 'SEARCH'
11, 26022, 155.4518626719313, 155.4518626719313, 'SEARCH'
11, 26023, 155.45542623890134, 155.45542623890134, 'SEARCH'
11, 26024, 155.46991678051697, 155.46991678051697, 'SEARCH'
11, 26025, 155.49432706941812, 155.49432706941812, 'SEARCH'
11, 26026, 155.4998799753947, 155.4998799753947, 'SEARCH'
11, 26027, 155.50772081549349, 155.50772081549349, 'SEARCH'
11, 26028, 155.52613921604132, 155.52613921604132, 'SEARCH'
11, 26029, 155.5445782043868, 155.5445782043868, 'SEARCH'
11, 26030, 155.54923332915806, 155.54923332915806, 'SEARCH'
11, 26031, 155.5766476193831, 155.5766476193831, 'SEARCH'
11, 26032, 155.6035118553289, 155.6035118553289, 'SEARCH'
11, 26033, 155.60894610825702, 155.60894610825702, 'SEARCH'
11, 26034, 155.6297972119753, 155.6297972119753, 'SEARCH'
11, 26035, 155.64863376690226, 155.64863376690226, 'SEARCH'
11, 26036, 155.64512959820766, 155.64512959820766, 'SEARCH'
11, 26037, 155.64618313754158, 155.64618313754158, 'SEARCH'
11, 26038, 155.65557066294352, 155.65557066294352, 'SEARCH'
11, 26039, 155.6745777438774, 155.6745777438774, 'SEARCH'
11, 26040, 155.6732352293181, 155.6732352293181, 'SEARCH'
11, 26041, 155.67647397962048, 155.67647397962048, 'SEARCH'
11, 26042, 155.68811219970814, 155.68811219970814, 'SEARCH'
11, 26043, 155.68915979983439, 155.68915979983439, 'SEARCH'
11, 26044, 155.71438311782353, 155.71438311782353, 'SEARCH'
11, 26045, 155.72940406552937, 155.72940406552937, 'SEARCH'
11, 26046, 155.7264036470775, 155.7264036470775, 'SEARCH'
11, 26047, 155.75377003086368, 155.75377003086368, 'SEARCH'
11, 26048, 155.77531547234742, 155.77531547234742, 'SEARCH'
11, 26049, 155.80249508843366, 155.80249508843366, 'SEARCH'
11, 26050, 155.82031270882572, 155.82031270882572, 'SEARCH'
11, 26051, 155.814557284777, 155.814557284777, 'SEARCH'
11, 26052, 155.82308763043292, 155.82308763043292, 'SEARCH'
11, 26053, 155.8297871223051, 155.8297871223051, 'SEARCH'
11, 26054, 155.8355483212019, 155.8355483212019, 'SEARCH'
11, 26055, 155.86311649112102, 155.86311649112102, 'SEARCH'
11, 26056, 155.8890547262398, 155.8890547262398, 'SEARCH'
11, 26057, 155.91262596674684, 155.91262596674684, 'SEARCH'
11, 26058, 155.9141250632191, 155.9141250632191, 'SEARCH'
11, 26059, 155.93737680470656, 155.93737680470656, 'SEARCH'
11, 26060, 155.96508260830853, 155.96508260830853, 'SEARCH'
11, 26061, 155.97943803818697, 155.97943803818697, 'SEARCH'
11, 26062, 156.00369036391047, 156.00369036391047, 'SEARCH'
11, 26063, 156.003759202412, 156.003759202412, 'SEARCH'
11, 26064, 156.0229792041948, 156.0229792041948, 'SEARCH'
11, 26065, 156.04870490489415, 156.04870490489415, 'SEARCH'
11, 26066, 156.04828336268113, 156.04828336268113, 'SEARCH'
11, 26067, 156.05320543095203, 156.05320543095203, 'SEARCH'
11, 26068, 156.06283374433804, 156.06283374433804, 'SEARCH'
11, 26069, 156.07065382868106, 156.07065382868106, 'SEARCH'
11, 26070, 156.08041657864058, 156.08041657864058, 'SEARCH'
11, 26071, 156.0757609382422, 156.0757609382422, 'SEARCH'
11, 26072, 156.10308001870806, 156.10308001870806, 'SEARCH'
11, 26073, 156.1163723406645, 156.1163723406645, 'SEARCH'
11, 26074, 156.14161740427102, 156.14161740427102, 'SEARCH'
11, 26075, 156.1433746945487, 156.1433746945487, 'SEARCH'
11, 26076, 156.1459389403431, 156.1459389403431, 'SEARCH'
11, 26077, 156.1696556543624, 156.1696556543624, 'SEARCH'
11, 26078, 156.17653120711114, 156.17653120711114, 'SEARCH'
11, 26079, 156.20418551249836, 156.20418551249836, 'SEARCH'
11, 26080, 156.22066738767072, 156.22066738767072, 'SEARCH'
11, 26081, 156.23872410190546, 156.23872410190546, 'SEARCH'
11, 26082, 156.25202292790345, 156.25202292790345, 'SEARCH'
11, 26083, 156.26861298082423, 156.26861298082423, 'SEARCH'
11, 26084, 156.2902808455449, 156.2902808455449, 'SEARCH'
11, 26085, 156.31694063986163, 156.31694063986163, 'SEARCH'
11, 26086, 156.32332477006372, 156.32332477006372, 'SEARCH'
11, 26087, 156.349688352414, 156.349688352414, 'SEARCH'
11, 26088, 156.3765611967221, 156.3765611967221, 'SEARCH'
11, 26089, 156.4020064517797, 156.4020064517797, 'SEARCH'
11, 26090, 156.4291381885451, 156.4291381885451, 'SEARCH'
11, 26091, 156.4555015834294, 156.4555015834294, 'SEARCH'
11, 26092, 156.48288517462194, 156.48288517462194, 'SEARCH'
11, 26093, 156.48208381141364, 156.48208381141364, 'SEARCH'
11, 26094, 156.50828051239333, 156.50828051239333, 'SEARCH'
11, 26095, 156.53141628976084, 156.53141628976084, 'SEARCH'
11, 26096, 156.5587234098, 156.5587234098, 'SEARCH'
11, 26097, 156.58418760988755, 156.58418760988755, 'SEARCH'
11, 26098, 156.59827717221174, 156.59827717221174, 'SEARCH'
11, 26099, 156.5999510677312, 156.5999510677312, 'SEARCH'
11, 26100, 156.6148894217462, 156.6148894217462, 'SEARCH'
11, 26101, 156.61459873837612, 156.61459873837612, 'SEARCH'
11, 26102, 156.63946268723922, 156.63946268723922, 'SEARCH'
11, 26103, 156.6402180497339, 156.6402180497339, 'SEARCH'
11, 26104, 156.65519875999715, 156.65519875999715, 'SEARCH'
11, 26105, 156.6780351549418, 156.6780351549418, 'SEARCH'
11, 26106, 156.6882882233097, 156.6882882233097, 'SEARCH'
11, 26107, 156.6929849052805, 156.6929849052805, 'SEARCH'
11, 26108, 156.7179113035423, 156.7179113035423, 'SEARCH'
11, 26109, 156.74435210644805, 156.74435210644805, 'SEARCH'
11, 26110, 156.75099079965705, 156.75099079965705, 'SEARCH'
11, 26111, 156.7787651204113, 156.7787651204113, 'SEARCH'
11, 26112, 156.80121080431996, 156.80121080431996, 'SEARCH'
11, 26113, 156.79784777463112, 156.79784777463112, 'SEARCH'
11, 26114, 156.79645434282435, 156.79645434282435, 'SEARCH'
11, 26115, 156.8165043651149, 156.8165043651149, 'SEARCH'
11, 26116, 156.8311189044684, 156.8311189044684, 'SEARCH'
11, 26117, 156.8566527724547, 156.8566527724547, 'SEARCH'
11, 26118, 156.88346457165, 156.88346457165, 'SEARCH'
11, 26119, 156.90271479661777, 156.90271479661777, 'SEARCH'
11, 26120, 156.93034405586278, 156.93034405586278, 'SEARCH'
11, 26121, 156.943351526985, 156.943351526985, 'SEARCH'
11, 26122, 156.97102331729215, 156.97102331729215, 'SEARCH'
11, 26123, 156.97247566741592, 156.97247566741592, 'SEARCH'
11, 26124, 156.98102434214977, 156.98102434214977, 'SEARCH'
11, 26125, 157.0040531091469, 157.0040531091469, 'SEARCH'
11, 26126, 157.03156337880006, 157.03156337880006, 'SEARCH'
11, 26127, 157.0543315749872, 157.0543315749872, 'SEARCH'
11, 26128, 157.07532550924793, 157.07532550924793, 'SEARCH'
11, 26129, 157.10204637606765, 157.10204637606765, 'SEARCH'
11, 26130, 157.10245200665247, 157.10245200665247, 'SEARCH'
11, 26131, 157.09910686678623, 157.09910686678623, 'SEARCH'
11, 26132, 157.10305102383523, 157.10305102383523, 'SEARCH'
11, 26133, 157.1290255815722, 157.1290255815722, 'SEARCH'
11, 26134, 157.14622941073395, 157.14622941073395, 'SEARCH'
11, 26135, 157.16469746684285, 157.16469746684285, 'SEARCH'
11, 26136, 157.18318776175843, 157.18318776175843, 'SEARCH'
11, 26137, 157.20616051929028, 157.20616051929028, 'SEARCH'
11, 26138, 157.23116071876254, 157.23116071876254, 'SEARCH'
11, 26139, 157.24057387296725, 157.24057387296725, 'SEARCH'
11, 26140, 157.2681513488413, 157.2681513488413, 'SEARCH'
11, 26141, 157.29388420337446, 157.29388420337446, 'SEARCH'
11, 26142, 157.30773555143898, 157.30773555143898, 'SEARCH'
11, 26143, 157.31111212311563, 157.31111212311563, 'SEARCH'
11, 26144, 157.32064111448014, 157.32064111448014, 'SEARCH'
11, 26145, 157.34307405139913, 157.34307405139913, 'SEARCH'
11, 26146, 157.35864496307232, 157.35864496307232, 'SEARCH'
11, 26147, 157.38116393253898, 157.38116393253898, 'SEARCH'
11, 26148, 157.4010738521871, 157.4010738521871, 'SEARCH'
11, 26149, 157.39569827954676, 157.39569827954676, 'SEARCH'
11, 26150, 157.42320042501396, 157.42320042501396, 'SEARCH'
11, 26151, 157.4227494183681, 157.4227494183681, 'SEARCH'
11, 26152, 157.43585480995563, 157.43585480995563, 'SEARCH'
11, 26153, 157.46020223762434, 157.46020223762434, 'SEARCH'
11, 26154, 157.4716180776816, 157.4716180776816, 'SEARCH'
11, 26155, 157.48996649508894, 157.48996649508894, 'SEARCH'
11, 26156, 157.51658720929893, 157.51658720929893, 'SEARCH'
11, 26157, 157.51976487585773, 157.51976487585773, 'SEARCH'
11, 26158, 157.52201650294577, 157.52201650294577, 'SEARCH'
11, 26159, 157.53959898867072, 157.53959898867072, 'SEARCH'
11, 26160, 157.54833702193878, 157.54833702193878, 'SEARCH'
11, 26161, 157.55439022093216, 157.55439022093216, 'SEARCH'
11, 26162, 157.5631280653427, 157.5631280653427, 'SEARCH'
11, 26163, 157.58045311314692, 157.58045311314692, 'SEARCH'
11, 26164, 157.59817754378895, 157.59817754378895, 'SEARCH'
11, 26165, 157.6221631193837, 157.6221631193837, 'SEARCH'
11, 26166, 157.63858909006592, 157.63858909006592, 'SEARCH'
11, 26167, 157.64974547569534, 157.64974547569534, 'SEARCH'
11, 26168, 157.67672674133053, 157.67672674133053, 'SEARCH'
11, 26169, 157.67491903751892, 157.67491903751892, 'SEARCH'
11, 26170, 157.70264933331217, 157.70264933331217, 'SEARCH'
11, 26171, 157.7303973855413, 157.7303973855413, 'SEARCH'
11, 26172, 157.73216271201275, 157.73216271201275, 'SEARCH'
11, 26173, 157.74898577653147, 157.74898577653147, 'SEARCH'
11, 26174, 157.77676305981063, 157.77676305981063, 'SEARCH'
11, 26175, 157.80408931086006, 157.80408931086006, 'SEARCH'
11, 26176, 157.8205471048857, 157.8205471048857, 'SEARCH'
11, 26177, 157.82517862783018, 157.82517862783018, 'SEARCH'
11, 26178, 157.8224298041843, 157.8224298041843, 'SEARCH'
11, 26179, 157.8226251629423, 157.8226251629423, 'SEARCH'
11, 26180, 157.83004182729357, 157.83004182729357, 'SEARCH'
11, 26181, 157.85725549876034, 157.85725549876034, 'SEARCH'
11, 26182, 157.86919066169796, 157.86919066169796, 'SEARCH'
11, 26183, 157.89608125352126, 157.89608125352126, 'SEARCH'
11, 26184, 157.91688410419624, 157.91688410419624, 'SEARCH'
11, 26185, 157.92005168452164, 157.92005168452164, 'SEARCH'
11, 26186, 157.94270259158128, 157.94270259158128, 'SEARCH'
11, 26187, 157.95097429286037, 157.95097429286037, 'SEARCH'
11, 26188, 157.958819446034, 157.958819446034, 'SEARCH'
11, 26189, 157.9600243369636, 157.9600243369636, 'SEARCH'
11, 26190, 157.96880637155385, 157.96880637155385, 'SEARCH'
11, 26191, 157.9762257128074, 157.9762257128074, 'SEARCH'
11, 26192, 158.00370358359356, 158.00370358359356, 'SEARCH'
11, 26193, 158.01940152888665, 158.01940152888665, 'SEARCH'
11, 26194, 158.02303785707977, 158.02303785707977, 'SEARCH'
11, 26195, 158.05063123748462, 158.05063123748462, 'SEARCH'
11, 26196, 158.07592793850347, 158.07592793850347, 'SEARCH'
11, 26197, 158.10123227284203, 158.10123227284203, 'SEARCH'
11, 26198, 158.102044702589, 158.102044702589, 'SEARCH'
11, 26199, 158.12684746818644, 158.12684746818644, 'SEARCH'
11, 26200, 158.14895154381009, 158.14895154381009, 'SEARCH'
11, 26201, 158.17077491865305, 158.17077491865305, 'SEARCH'
11, 26202, 158.19179133020023, 158.19179133020023, 'SEARCH'
11, 26203, 158.19023269642102, 158.19023269642102, 'SEARCH'
11, 26204, 158.2147287817478, 158.2147287817478, 'SEARCH'
11, 26205, 158.2333477785107, 158.2333477785107, 'SEARCH'
11, 26206, 158.2579079020039, 158.2579079020039, 'SEARCH'
11, 26207, 158.28312083433264, 158.28312083433264, 'SEARCH'
11, 26208, 158.30635989742856, 158.30635989742856, 'SEARCH'
11, 26209, 158.33412345445282, 158.33412345445282, 'SEARCH'
11, 26210, 158.36140603269672, 158.36140603269672, 'SEARCH'
11, 26211, 158.37053065626955, 158.37053065626955, 'SEARCH'
11, 26212, 158.37991446884314, 158.37991446884314, 'SEARCH'
11, 26213, 158.40581683531957, 158.40581683531957, 'SEARCH'
11, 26214, 158.41976431376233, 158.41976431376233, 'SEARCH'
11, 26215, 158.44273566782715, 158.44273566782715, 'SEARCH'
11, 26216, 158.45541551518517, 158.45541551518517, 'SEARCH'
11, 26217, 158.44927750550605, 158.44927750550605, 'SEARCH'
11, 26218, 158.46625727666796, 158.46625727666796, 'SEARCH'
11, 26219, 158.47309403240519, 158.47309403240519, 'SEARCH'
11, 26220, 158.4822888432009, 158.4822888432009, 'SEARCH'
11, 26221, 158.50734181834144, 158.50734181834144, 'SEARCH'
11, 26222, 158.50273014160595, 158.50273014160595, 'SEARCH'
11, 26223, 158.49863813783858, 158.49863813783858, 'SEARCH'
11, 26224, 158.51401589334512, 158.51401589334512, 'SEARCH'
11, 26225, 158.5191656200567, 158.5191656200567, 'SEARCH'
11, 26226, 158.5262462078639, 158.5262462078639, 'SEARCH'
11, 26227, 158.55202845832167, 158.55202845832167, 'SEARCH'
11, 26228, 158.5649900723913, 158.5649900723913, 'SEARCH'
11, 26229, 158.57023782446407, 158.57023782446407, 'SEARCH'
11, 26230, 158.5929993308942, 158.5929993308942, 'SEARCH'
11, 26231, 158.61007114709602, 158.61007114709602, 'SEARCH'
11, 26232, 158.6338843318014, 158.6338843318014, 'SEARCH'
11, 26233, 158.64944121789935, 158.64944121789935, 'SEARCH'
11, 26234, 158.64455435553063, 158.64455435553063, 'SEARCH'
11, 26235, 158.65315973790766, 158.65315973790766, 'SEARCH'
11, 26236, 158.67870460008194, 158.67870460008194, 'SEARCH'
11, 26237, 158.68213750391953, 158.68213750391953, 'SEARCH'
11, 26238, 158.69916824875114, 158.69916824875114, 'SEARCH'
11, 26239, 158.70153179246034, 158.70153179246034, 'SEARCH'
11, 26240, 158.72763977734928, 158.72763977734928, 'SEARCH'
11, 26241, 158.74022242057418, 158.74022242057418, 'SEARCH'
11, 26242, 158.74926097683792, 158.74926097683792, 'SEARCH'
11, 26243, 158.77357297217299, 158.77357297217299, 'SEARCH'
11, 26244, 158.79760073220774, 158.79760073220774, 'SEARCH'
11, 26245, 158.79569997741675, 158.79569997741675, 'SEARCH'
11, 26246, 158.8195508421677, 158.8195508421677, 'SEARCH'
11, 26247, 158.8465934961204, 158.8465934961204, 'SEARCH'
11, 26248, 158.8743574781465, 158.8743574781465, 'SEARCH'
11, 26249, 158.89770662385033, 158.89770662385033, 'SEARCH'
11, 26250, 158.90524632407238, 158.90524632407238, 'SEARCH'
11, 26251, 158.93301833940728, 158.93301833940728, 'SEARCH'
11, 26252, 158.9355207568847, 158.9355207568847, 'SEARCH'
11, 26253, 158.9601052204211, 158.9601052204211, 'SEARCH'
11, 26254, 158.98190438222838, 158.98190438222838, 'SEARCH'
11, 26255, 159.00968189827063, 159.00968189827063, 'SEARCH'
11, 26256, 159.03437641690758, 159.03437641690758, 'SEARCH'
11, 26257, 159.0611065944708, 159.0611065944708, 'SEARCH'
11, 26258, 159.0646081751165, 159.0646081751165, 'SEARCH'
11, 26259, 159.07053995331603, 159.07053995331603, 'SEARCH'
11, 26260, 159.09793014275192, 159.09793014275192, 'SEARCH'
11, 26261, 159.10671469869396, 159.10671469869396, 'SEARCH'
11, 26262, 159.12082190346405, 159.12082190346405, 'SEARCH'
11, 26263, 159.11772547913313, 159.11772547913313, 'SEARCH'
11, 26264, 159.14335384268986, 159.14335384268986, 'SEARCH'
11, 26265, 159.14415717492582, 159.14415717492582, 'SEARCH'
11, 26266, 159.17046137551233, 159.17046137551233, 'SEARCH'
11, 26267, 159.1703264345352, 159.1703264345352, 'SEARCH'
11, 26268, 159.19751613426303, 159.19751613426303, 'SEARCH'
11, 26269, 159.2203267395157, 159.2203267395157, 'SEARCH'
11, 26270, 159.22479212283136, 159.22479212283136, 'SEARCH'
11, 26271, 159.22945415654485, 159.22945415654485, 'SEARCH'
11, 26272, 159.25643580551713, 159.25643580551713, 'SEARCH'
11, 26273, 159.282893673635, 159.282893673635, 'SEARCH'
11, 26274, 159.30920346369322, 159.30920346369322, 'SEARCH'
11, 26275, 159.33692379279384, 159.33692379279384, 'SEARCH'
11, 26276, 159.35976554460382, 159.35976554460382, 'SEARCH'
11, 26277, 159.36523880622448, 159.36523880622448, 'SEARCH'
11, 26278, 159.359677650719, 159.359677650719, 'SEARCH'
11, 26279, 159.38722032798069, 159.38722032798069, 'SEARCH'
11, 26280, 159.3936822205008, 159.3936822205008, 'SEARCH'
11, 26281, 159.41953434251064, 159.41953434251064, 'SEARCH'
11, 26282, 159.44718780289975, 159.44718780289975, 'SEARCH'
11, 26283, 159.4666885638957, 159.4666885638957, 'SEARCH'
11, 26284, 159.48467073957582, 159.48467073957582, 'SEARCH'
11, 26285, 159.50613275647498, 159.50613275647498, 'SEARCH'
11, 26286, 159.5072709268539, 159.5072709268539, 'SEARCH'
11, 26287, 159.51792840620755, 159.51792840620755, 'SEARCH'
11, 26288, 159.5393171413041, 159.5393171413041, 'SEARCH'
11, 26289, 159.5396040531588, 159.5396040531588, 'SEARCH'
11, 26290, 159.56659350183097, 159.56659350183097, 'SEARCH'
11, 26291, 159.57669943855612, 159.57669943855612, 'SEARCH'
11, 26292, 159.60417795229188, 159.60417795229188, 'SEARCH'
11, 26293, 159.6261861518208, 159.6261861518208, 'SEARCH'
11, 26294, 159.6538382203526, 159.6538382203526, 'SEARCH'
11, 26295, 159.6679115432029, 159.6679115432029, 'SEARCH'
11, 26296, 159.6873752982265, 159.6873752982265, 'SEARCH'
11, 26297, 159.71372546545464, 159.71372546545464, 'SEARCH'
11, 26298, 159.725281774499, 159.725281774499, 'SEARCH'
11, 26299, 159.74917414369574, 159.74917414369574, 'SEARCH'
11, 26300, 159.77605176418948, 159.77605176418948, 'SEARCH'
11, 26301, 159.80187765946886, 159.80187765946886, 'SEARCH'
11, 26302, 159.80215728982617, 159.80215728982617, 'SEARCH'
11, 26303, 159.82814712483238, 159.82814712483238, 'SEARCH'
11, 26304, 159.84931370770573, 159.84931370770573, 'SEARCH'
11, 26305, 159.8768665640859, 159.8768665640859, 'SEARCH'
11, 26306, 159.89369189776608, 159.89369189776608, 'SEARCH'
11, 26307, 159.9173385968709, 159.9173385968709, 'SEARCH'
11, 26308, 159.92977790434833, 159.92977790434833, 'SEARCH'
11, 26309, 159.9418190394954, 159.9418190394954, 'SEARCH'
11, 26310, 159.94434894600332, 159.94434894600332, 'SEARCH'
11, 26311, 159.97176020465346, 159.97176020465346, 'SEARCH'
11, 26312, 159.99023938924543, 159.99023938924543, 'SEARCH'
11, 26313, 159.99109940191138, 159.99109940191138, 'SEARCH'
11, 26314, 159.9901941110387, 159.9901941110387, 'SEARCH'
11, 26315, 159.99821078969237, 159.99821078969237, 'SEARCH'
11, 26316, 160.00580440112503, 160.00580440112503, 'SEARCH'
11, 26317, 160.01839625161765, 160.01839625161765, 'SEARCH'
11, 26318, 160.04433625002048, 160.04433625002048, 'SEARCH'
11, 26319, 160.0714107459994, 160.0714107459994, 'SEARCH'
11, 26320, 160.08319649110743, 160.08319649110743, 'SEARCH'
11, 26321, 160.1106467322562, 160.1106467322562, 'SEARCH'
11, 26322, 160.1160479264857, 160.1160479264857, 'SEARCH'
11, 26323, 160.14279006931378, 160.14279006931378, 'SEARCH'
11, 26324, 160.16723947962944, 160.16723947962944, 'SEARCH'
11, 26325, 160.18166897995323, 160.18166897995323, 'SEARCH'
11, 26326, 160.20936564745597, 160.20936564745597, 'SEARCH'
11, 26327, 160.22038771243209, 160.22038771243209, 'SEARCH'
11, 26328, 160.23844013679067, 160.23844013679067, 'SEARCH'
11, 26329, 160.2588868559318, 160.2588868559318, 'SEARCH'
11, 26330, 160.2562404117054, 160.2562404117054, 'SEARCH'
11, 26331, 160.26266471533984, 160.26266471533984, 'SEARCH'
11, 26332, 160.29005878150065, 160.29005878150065, 'SEARCH'
11, 26333, 160.2893253454674, 160.2893253454674, 'SEARCH'
11, 26334, 160.3170488658898, 160.3170488658898, 'SEARCH'
11, 26335, 160.34287925565468, 160.34287925565468, 'SEARCH'
11, 26336, 160.3431469793921, 160.3431469793921, 'SEARCH'
11, 26337, 160.3476611129676, 160.3476611129676, 'SEARCH'
11, 26338, 160.35510986247826, 160.35510986247826, 'SEARCH'
11, 26339, 160.37487206945153, 160.37487206945153, 'SEARCH'
11, 26340, 160.39257274847316, 160.39257274847316, 'SEARCH'
11, 26341, 160.4195645199648, 160.4195645199648, 'SEARCH'
11, 26342, 160.42611787284653, 160.42611787284653, 'SEARCH'
11, 26343, 160.41952006974947, 160.41952006974947, 'SEARCH'
11, 26344, 160.42369584452092, 160.42369584452092, 'SEARCH'
11, 26345, 160.4397310706876, 160.4397310706876, 'SEARCH'
11, 26346, 160.4602655549286, 160.4602655549286, 'SEARCH'
11, 26347, 160.4785858520007, 160.4785858520007, 'SEARCH'
11, 26348, 160.48929111964952, 160.48929111964952, 'SEARCH'
11, 26349, 160.51508978963778, 160.51508978963778, 'SEARCH'
11, 26350, 160.52992098044436, 160.52992098044436, 'SEARCH'
11, 26351, 160.55738272079677, 160.55738272079677, 'SEARCH'
11, 26352, 160.57317318179508, 160.57317318179508, 'SEARCH'
11, 26353, 160.60087369457474, 160.60087369457474, 'SEARCH'
11, 26354, 160.60003072300435, 160.60003072300435, 'SEARCH'
11, 26355, 160.59729971178623, 160.59729971178623, 'SEARCH'
11, 26356, 160.62124502979353, 160.62124502979353, 'SEARCH'
11, 26357, 160.633682641413, 160.633682641413, 'SEARCH'
11, 26358, 160.6585009080488, 160.6585009080488, 'SEARCH'
11, 26359, 160.65336683375995, 160.65336683375995, 'SEARCH'
11, 26360, 160.65503621573748, 160.65503621573748, 'SEARCH'
11, 26361, 160.68280499902033, 160.68280499902033, 'SEARCH'
11, 26362, 160.68451942023657, 160.68451942023657, 'SEARCH'
11, 26363, 160.70680974079207, 160.70680974079207, 'SEARCH'
11, 26364, 160.73382819724003, 160.73382819724003, 'SEARCH'
11, 26365, 160.73305771626536, 160.73305771626536, 'SEARCH'
11, 26366, 160.75833599616692, 160.75833599616692, 'SEARCH'
11, 26367, 160.76983152852935, 160.76983152852935, 'SEARCH'
11, 26368, 160.7859750538284, 160.7859750538284, 'SEARCH'
11, 26369, 160.80094450667806, 160.80094450667806, 'SEARCH'
11, 26370, 160.81891526624878, 160.81891526624878, 'SEARCH'
11, 26371, 160.8462375486004, 160.8462375486004, 'SEARCH'
11, 26372, 160.85499557903665, 160.85499557903665, 'SEARCH'
11, 26373, 160.86289729933014, 160.86289729933014, 'SEARCH'
11, 26374, 160.88098142966763, 160.88098142966763, 'SEARCH'
11, 26375, 160.90085843536178, 160.90085843536178, 'SEARCH'
11, 26376, 160.90436162173296, 160.90436162173296, 'SEARCH'
11, 26377, 160.92245943368846, 160.92245943368846, 'SEARCH'
11, 26378, 160.93850015644756, 160.93850015644756, 'SEARCH'
11, 26379, 160.9516933433195, 160.9516933433195, 'SEARCH'
11, 26380, 160.95773105443175, 160.95773105443175, 'SEARCH'
11, 26381, 160.97340494209791, 160.97340494209791, 'SEARCH'
11, 26382, 161.00118137354576, 161.00118137354576, 'SEARCH'
11, 26383, 161.02349422830582, 161.02349422830582, 'SEARCH'
11, 26384, 161.03138041641483, 161.03138041641483, 'SEARCH'
11, 26385, 161.05915747172682, 161.05915747172682, 'SEARCH'
11, 26386, 161.0628223928228, 161.0628223928228, 'SEARCH'
11, 26387, 161.08845230100468, 161.08845230100468, 'SEARCH'
11, 26388, 161.086822150367, 161.086822150367, 'SEARCH'
11, 26389, 161.1141553617375, 161.1141553617375, 'SEARCH'
11, 26390, 161.12687508055757, 161.12687508055757, 'SEARCH'
11, 26391, 161.14048753502362, 161.14048753502362, 'SEARCH'
11, 26392, 161.15241719826759, 161.15241719826759, 'SEARCH'
11, 26393, 161.1725754060668, 161.1725754060668, 'SEARCH'
11, 26394, 161.18952393340308, 161.18952393340308, 'SEARCH'
11, 26395, 161.19275680072514, 161.19275680072514, 'SEARCH'
11, 26396, 161.18755950718494, 161.18755950718494, 'SEARCH'
11, 26397, 161.21287308100463, 161.21287308100463, 'SEARCH'
11, 26398, 161.22770338333206, 161.22770338333206, 'SEARCH'
11, 26399, 161.2405941108456, 161.2405941108456, 'SEARCH'
11, 26400, 161.24859578694196, 161.24859578694196, 'SEARCH'
11, 26401, 161.24754888490943, 161.24754888490943, 'SEARCH'
11, 26402, 161.27112109053462, 161.27112109053462, 'SEARCH'
11, 26403, 161.2734903761926, 161.2734903761926, 'SEARCH'
11, 26404, 161.26677319867107, 161.26677319867107, 'SEARCH'
11, 26405, 161.28266395120997, 161.28266395120997, 'SEARCH'
11, 26406, 161.29352603456834, 161.29352603456834, 'SEARCH'
11, 26407, 161.30941539916458, 161.30941539916458, 'SEARCH'
11, 26408, 161.33708653153377, 161.33708653153377, 'SEARCH'
11, 26409, 161.33612020234892, 161.33612020234892, 'SEARCH'
11, 26410, 161.33655277877438, 161.33655277877438, 'SEARCH'
11, 26411, 161.3637228913636, 161.3637228913636, 'SEARCH'
11, 26412, 161.3675991323395, 161.3675991323395, 'SEARCH'
11, 26413, 161.37715561454004, 161.37715561454004, 'SEARCH'
11, 26414, 161.38899179196827, 161.38899179196827, 'SEARCH'
11, 26415, 161.4167575637008, 161.4167575637008, 'SEARCH'
11, 26416, 161.44297008545004, 161.44297008545004, 'SEARCH'
11, 26417, 161.4640292497789, 161.4640292497789, 'SEARCH'
11, 26418, 161.47981392341947, 161.47981392341947, 'SEARCH'
11, 26419, 161.49211813946815, 161.49211813946815, 'SEARCH'
11, 26420, 161.4927906291234, 161.4927906291234, 'SEARCH'
11, 26421, 161.51991107208602, 161.51991107208602, 'SEARCH'
11, 26422, 161.520650249236, 161.520650249236, 'SEARCH'
11, 26423, 161.54833750640043, 161.54833750640043, 'SEARCH'
11, 26424, 161.57498658553234, 161.57498658553234, 'SEARCH'
11, 26425, 161.60267363436077, 161.60267363436077, 'SEARCH'
11, 26426, 161.62414337881455, 161.62414337881455, 'SEARCH'
11, 26427, 161.62187929119972, 161.62187929119972, 'SEARCH'
11, 26428, 161.62602024504054, 161.62602024504054, 'SEARCH'
11, 26429, 161.650155172607, 161.650155172607, 'SEARCH'
11, 26430, 161.65420533259623, 161.65420533259623, 'SEARCH'
11, 26431, 161.6794794372646, 161.6794794372646, 'SEARCH'
11, 26432, 161.68408192293785, 161.68408192293785, 'SEARCH'
11, 26433, 161.68439242526355, 161.68439242526355, 'SEARCH'
11, 26434, 161.70735155406135, 161.70735155406135, 'SEARCH'
11, 26435, 161.7135099544328, 161.7135099544328, 'SEARCH'
11, 26436, 161.7235045434264, 161.7235045434264, 'SEARCH'
11, 26437, 161.73662306614332, 161.73662306614332, 'SEARCH'
11, 26438, 161.74645600823067, 161.74645600823067, 'SEARCH'
11, 26439, 161.7710206329022, 161.7710206329022, 'SEARCH'
11, 26440, 161.76946546402831, 161.76946546402831, 'SEARCH'
11, 26441, 161.76279544708282, 161.76279544708282, 'SEARCH'
11, 26442, 161.77444286839534, 161.77444286839534, 'SEARCH'
11, 26443, 161.79188203182738, 161.79188203182738, 'SEARCH'
11, 26444, 161.7933478360012, 161.7933478360012, 'SEARCH'
11, 26445, 161.82071432385035, 161.82071432385035, 'SEARCH'
11, 26446, 161.84679406905366, 161.84679406905366, 'SEARCH'
11, 26447, 161.8584925900843, 161.8584925900843, 'SEARCH'
11, 26448, 161.88505737700225, 161.88505737700225, 'SEARCH'
11, 26449, 161.89319953327598, 161.89319953327598, 'SEARCH'
11, 26450, 161.91722000079056, 161.91722000079056, 'SEARCH'
11, 26451, 161.91813956631285, 161.91813956631285, 'SEARCH'
11, 26452, 161.92579549348426, 161.92579549348426, 'SEARCH'
11, 26453, 161.94014438933726, 161.94014438933726, 'SEARCH'
11, 26454, 161.96295309265776, 161.96295309265776, 'SEARCH'
11, 26455, 161.98707312832033, 161.98707312832033, 'SEARCH'
11, 26456, 161.99221877305158, 161.99221877305158, 'SEARCH'
11, 26457, 162.01998319475393, 162.01998319475393, 'SEARCH'
11, 26458, 162.03582198878658, 162.03582198878658, 'SEARCH'
11, 26459, 162.03541229715992, 162.03541229715992, 'SEARCH'
11, 26460, 162.05863974416934, 162.05863974416934, 'SEARCH'
11, 26461, 162.08117225640405, 162.08117225640405, 'SEARCH'
11, 26462, 162.10480083658004, 162.10480083658004, 'SEARCH'
11, 26463, 162.09981304508423, 162.09981304508423, 'SEARCH'
11, 26464, 162.11188612241102, 162.11188612241102, 'SEARCH'
11, 26465, 162.12776039557167, 162.12776039557167, 'SEARCH'
11, 26466, 162.15252492831937, 162.15252492831937, 'SEARCH'
11, 26467, 162.1587159921391, 162.1587159921391, 'SEARCH'
11, 26468, 162.1820070467603, 162.1820070467603, 'SEARCH'
11, 26469, 162.20974751291587, 162.20974751291587, 'SEARCH'
11, 26470, 162.23193948553006, 162.23193948553006, 'SEARCH'
11, 26471, 162.25572890431243, 162.25572890431243, 'SEARCH'
11, 26472, 162.26834835922702, 162.26834835922702, 'SEARCH'
11, 26473, 162.29430042262783, 162.29430042262783, 'SEARCH'
11, 26474, 162.31145592254688, 162.31145592254688, 'SEARCH'
11, 26475, 162.33894832848995, 162.33894832848995, 'SEARCH'
11, 26476, 162.3661386503718, 162.3661386503718, 'SEARCH'
11, 26477, 162.39038440852528, 162.39038440852528, 'SEARCH'
11, 26478, 162.41801742879605, 162.41801742879605, 'SEARCH'
11, 26479, 162.44108683162813, 162.44108683162813, 'SEARCH'
11, 26480, 162.46864540358592, 162.46864540358592, 'SEARCH'
11, 26481, 162.49589603000499, 162.49589603000499, 'SEARCH'
11, 26482, 162.5094265067075, 162.5094265067075, 'SEARCH'
11, 26483, 162.51625973107917, 162.51625973107917, 'SEARCH'
11, 26484, 162.53825127870536, 162.53825127870536, 'SEARCH'
11, 26485, 162.55103633130088, 162.55103633130088, 'SEARCH'
11, 26486, 162.57589499873896, 162.57589499873896, 'SEARCH'
11, 26487, 162.58192535649383, 162.58192535649383, 'SEARCH'
11, 26488, 162.58369063248026, 162.58369063248026, 'SEARCH'
11, 26489, 162.60011487492432, 162.60011487492432, 'SEARCH'
11, 26490, 162.62493963666944, 162.62493963666944, 'SEARCH'
11, 26491, 162.64909172132667, 162.64909172132667, 'SEARCH'
11, 26492, 162.661503664417, 162.661503664417, 'SEARCH'
11, 26493, 162.6861730843662, 162.6861730843662, 'SEARCH'
11, 26494, 162.69581988477006, 162.69581988477006, 'SEARCH'
11, 26495, 162.72304695636964, 162.72304695636964, 'SEARCH'
11, 26496, 162.72615026383133, 162.72615026383133, 'SEARCH'
11, 26497, 162.74726461830403, 162.74726461830403, 'SEARCH'
11, 26498, 162.77438813515528, 162.77438813515528, 'SEARCH'
11, 26499, 162.79093259384078, 162.79093259384078, 'SEARCH'
11, 26500, 162.8165699113266, 162.8165699113266, 'SEARCH'
11, 26501, 162.817253938113, 162.817253938113, 'SEARCH'
11, 26502, 162.84494694997625, 162.84494694997625, 'SEARCH'
11, 26503, 162.85818418741636, 162.85818418741636, 'SEARCH'
11, 26504, 162.88020589095362, 162.88020589095362, 'SEARCH'
11, 26505, 162.90282622961698, 162.90282622961698, 'SEARCH'
11, 26506, 162.92090097961977, 162.92090097961977, 'SEARCH'
11, 26507, 162.9468881280938, 162.9468881280938, 'SEARCH'
11, 26508, 162.95847517428243, 162.95847517428243, 'SEARCH'
11, 26509, 162.97010896936857, 162.97010896936857, 'SEARCH'
11, 26510, 162.97689198577598, 162.97689198577598, 'SEARCH'
11, 26511, 162.99370216806508, 162.99370216806508, 'SEARCH'
11, 26512, 163.02083973916433, 163.02083973916433, 'SEARCH'
11, 26513, 163.04339529970622, 163.04339529970622, 'SEARCH'
11, 26514, 163.06517950389, 163.06517950389, 'SEARCH'
11, 26515, 163.08422038901242, 163.08422038901242, 'SEARCH'
11, 26516, 163.07908632987355, 163.07908632987355, 'SEARCH'
11, 26517, 163.1062017068072, 163.1062017068072, 'SEARCH'
11, 26518, 163.12764243099485, 163.12764243099485, 'SEARCH'
11, 26519, 163.14341634619888, 163.14341634619888, 'SEARCH'
11, 26520, 163.15946781492187, 163.15946781492187, 'SEARCH'
11, 26521, 163.17004748662544, 163.17004748662544, 'SEARCH'
11, 26522, 163.1755903829752, 163.1755903829752, 'SEARCH'
11, 26523, 163.19955503247604, 163.19955503247604, 'SEARCH'
11, 26524, 163.20085876670734, 163.20085876670734, 'SEARCH'
11, 26525, 163.21686879670366, 163.21686879670366, 'SEARCH'
11, 26526, 163.21818546363372, 163.21818546363372, 'SEARCH'
11, 26527, 163.2282161972812, 163.2282161972812, 'SEARCH'
11, 26528, 163.2551366893221, 163.2551366893221, 'SEARCH'
11, 26529, 163.26633114879843, 163.26633114879843, 'SEARCH'
11, 26530, 163.29390919115812, 163.29390919115812, 'SEARCH'
11, 26531, 163.2928772749241, 163.2928772749241, 'SEARCH'
11, 26532, 163.32014600577165, 163.32014600577165, 'SEARCH'
11, 26533, 163.34078039153516, 163.34078039153516, 'SEARCH'
11, 26534, 163.36735270616893, 163.36735270616893, 'SEARCH'
11, 26535, 163.37780435444222, 163.37780435444222, 'SEARCH'
11, 26536, 163.4047818598028, 163.4047818598028, 'SEARCH'
11, 26537, 163.41684917663716, 163.41684917663716, 'SEARCH'
11, 26538, 163.4431373805808, 163.4431373805808, 'SEARCH'
11, 26539, 163.47089470401613, 163.47089470401613, 'SEARCH'
11, 26540, 163.47244774374002, 163.47244774374002, 'SEARCH'
11, 26541, 163.49091835647727, 163.49091835647727, 'SEARCH'
11, 26542, 163.51820793129548, 163.51820793129548, 'SEARCH'
11, 26543, 163.544188116726, 163.544188116726, 'SEARCH'
11, 26544, 163.5579398498429, 163.5579398498429, 'SEARCH'
11, 26545, 163.5657033595547, 163.5657033595547, 'SEARCH'
11, 26546, 163.59345786861883, 163.59345786861883, 'SEARCH'
11, 26547, 163.61118219280795, 163.61118219280795, 'SEARCH'
11, 26548, 163.61565579270558, 163.61565579270558, 'SEARCH'
11, 26549, 163.62219415181443, 163.62219415181443, 'SEARCH'
11, 26550, 163.64514845216868, 163.64514845216868, 'SEARCH'
11, 26551, 163.6698508332049, 163.6698508332049, 'SEARCH'
11, 26552, 163.6948537406506, 163.6948537406506, 'SEARCH'
11, 26553, 163.71781915534882, 163.71781915534882, 'SEARCH'
11, 26554, 163.72509064287974, 163.72509064287974, 'SEARCH'
11, 26555, 163.72108415877, 163.72108415877, 'SEARCH'
11, 26556, 163.73773391601546, 163.73773391601546, 'SEARCH'
11, 26557, 163.76350440606467, 163.76350440606467, 'SEARCH'
11, 26558, 163.78093302053122, 163.78093302053122, 'SEARCH'
11, 26559, 163.80055671358457, 163.80055671358457, 'SEARCH'
11, 26560, 163.8184029138907, 163.8184029138907, 'SEARCH'
11, 26561, 163.81259237933685, 163.81259237933685, 'SEARCH'
11, 26562, 163.833885433975, 163.833885433975, 'SEARCH'
11, 26563, 163.8612315393826, 163.8612315393826, 'SEARCH'
11, 26564, 163.88124110826172, 163.88124110826172, 'SEARCH'
11, 26565, 163.90012905597752, 163.90012905597752, 'SEARCH'
11, 26566, 163.8967744131525, 163.8967744131525, 'SEARCH'
11, 26567, 163.92256290917388, 163.92256290917388, 'SEARCH'
11, 26568, 163.91976545587954, 163.91976545587954, 'SEARCH'
11, 26569, 163.94752004507185, 163.94752004507185, 'SEARCH'
11, 26570, 163.9602717191247, 163.9602717191247, 'SEARCH'
11, 26571, 163.985328833174, 163.985328833174, 'SEARCH'
11, 26572, 163.98458878042464, 163.98458878042464, 'SEARCH'
11, 26573, 163.98672223083696, 163.98672223083696, 'SEARCH'
11, 26574, 164.0117884446102, 164.0117884446102, 'SEARCH'
11, 26575, 164.02908695337763, 164.02908695337763, 'SEARCH'
11, 26576, 164.05559456237603, 164.05559456237603, 'SEARCH'
11, 26577, 164.0761183273378, 164.0761183273378, 'SEARCH'
11, 26578, 164.09838708511919, 164.09838708511919, 'SEARCH'
11, 26579, 164.11377075075785, 164.11377075075785, 'SEARCH'
11, 26580, 164.13316215905004, 164.13316215905004, 'SEARCH'
11, 26581, 164.15078175873242, 164.15078175873242, 'SEARCH'
11, 26582, 164.16489272069776, 164.16489272069776, 'SEARCH'
11, 26583, 164.19191782194054, 164.19191782194054, 'SEARCH'
11, 26584, 164.21853081807245, 164.21853081807245, 'SEARCH'
11, 26585, 164.23803731828406, 164.23803731828406, 'SEARCH'
11, 26586, 164.26533318871725, 164.26533318871725, 'SEARCH'
11, 26587, 164.28618750263658, 164.28618750263658, 'SEARCH'
11, 26588, 164.309930268257, 164.309930268257, 'SEARCH'
11, 26589, 164.31100252651578, 164.31100252651578, 'SEARCH'
11, 26590, 164.3329919921431, 164.3329919921431, 'SEARCH'
11, 26591, 164.3380917173916, 164.3380917173916, 'SEARCH'
11, 26592, 164.35252279762778, 164.35252279762778, 'SEARCH'
11, 26593, 164.36452003036155, 164.36452003036155, 'SEARCH'
11, 26594, 164.37062545030898, 164.37062545030898, 'SEARCH'
11, 26595, 164.39332872316453, 164.39332872316453, 'SEARCH'
11, 26596, 164.41554741112455, 164.41554741112455, 'SEARCH'
11, 26597, 164.41758214528312, 164.41758214528312, 'SEARCH'
11, 26598, 164.4287354485244, 164.4287354485244, 'SEARCH'
11, 26599, 164.44012898763728, 164.44012898763728, 'SEARCH'
11, 26600, 164.45735803758174, 164.45735803758174, 'SEARCH'
11, 26601, 164.48198355070062, 164.48198355070062, 'SEARCH'
11, 26602, 164.49481253892029, 164.49481253892029, 'SEARCH'
11, 26603, 164.52031013147888, 164.52031013147888, 'SEARCH'
11, 26604, 164.5393667870241, 164.5393667870241, 'SEARCH'
11, 26605, 164.56624791640255, 164.56624791640255, 'SEARCH'
11, 26606, 164.58426038968844, 164.58426038968844, 'SEARCH'
11, 26607, 164.60843332320965, 164.60843332320965, 'SEARCH'
11, 26608, 164.62921950050298, 164.62921950050298, 'SEARCH'
11, 26609, 164.65555863392638, 164.65555863392638, 'SEARCH'
11, 26610, 164.67728884591006, 164.67728884591006, 'SEARCH'
11, 26611, 164.69775484172496, 164.69775484172496, 'SEARCH'
11, 26612, 164.69700259782152, 164.69700259782152, 'SEARCH'
11, 26613, 164.7072179098501, 164.7072179098501, 'SEARCH'
11, 26614, 164.71171023708266, 164.71171023708266, 'SEARCH'
11, 26615, 164.73883631082995, 164.73883631082995, 'SEARCH'
11, 26616, 164.74000804453848, 164.74000804453848, 'SEARCH'
11, 26617, 164.7515479970782, 164.7515479970782, 'SEARCH'
11, 26618, 164.75284131203145, 164.75284131203145, 'SEARCH'
11, 26619, 164.751969742305, 164.751969742305, 'SEARCH'
11, 26620, 164.75035559323385, 164.75035559323385, 'SEARCH'
11, 26621, 164.75527608668895, 164.75527608668895, 'SEARCH'
11, 26622, 164.78288460859372, 164.78288460859372, 'SEARCH'
11, 26623, 164.79706491989307, 164.79706491989307, 'SEARCH'
11, 26624, 164.80434169964823, 164.80434169964823, 'SEARCH'
11, 26625, 164.83211907384378, 164.83211907384378, 'SEARCH'
11, 26626, 164.82743761574432, 164.82743761574432, 'SEARCH'
11, 26627, 164.85509086464094, 164.85509086464094, 'SEARCH'
11, 26628, 164.86872904321277, 164.86872904321277, 'SEARCH'
11, 26629, 164.87186727647716, 164.87186727647716, 'SEARCH'
11, 26630, 164.87687328395964, 164.87687328395964, 'SEARCH'
11, 26631, 164.896688778588, 164.896688778588, 'SEARCH'
11, 26632, 164.9021825625391, 164.9021825625391, 'SEARCH'
11, 26633, 164.9053092170848, 164.9053092170848, 'SEARCH'
11, 26634, 164.93284351557483, 164.93284351557483, 'SEARCH'
11, 26635, 164.95849488351334, 164.95849488351334, 'SEARCH'
11, 26636, 164.976533442329, 164.976533442329, 'SEARCH'
11, 26637, 165.00096863887057, 165.00096863887057, 'SEARCH'
11, 26638, 165.02353380301577, 165.02353380301577, 'SEARCH'
11, 26639, 165.02285804296622, 165.02285804296622, 'SEARCH'
11, 26640, 165.0409857441213, 165.0409857441213, 'SEARCH'
11, 26641, 165.0652442137943, 165.0652442137943, 'SEARCH'
11, 26642, 165.07657818971282, 165.07657818971282, 'SEARCH'
11, 26643, 165.09337146905798, 165.09337146905798, 'SEARCH'
11, 26644, 165.11504889338167, 165.11504889338167, 'SEARCH'
11, 26645, 165.11632317312151, 165.11632317312151, 'SEARCH'
11, 26646, 165.14330343348755, 165.14330343348755, 'SEARCH'
11, 26647, 165.1562336391157, 165.1562336391157, 'SEARCH'
11, 26648, 165.17777978459014, 165.17777978459014, 'SEARCH'
11, 26649, 165.20182590403593, 165.20182590403593, 'SEARCH'
11, 26650, 165.2295873517475, 165.2295873517475, 'SEARCH'
11, 26651, 165.2567528982195, 165.2567528982195, 'SEARCH'
11, 26652, 165.28449349606973, 165.28449349606973, 'SEARCH'
11, 26653, 165.3085628508636, 165.3085628508636, 'SEARCH'
11, 26654, 165.32609359502848, 165.32609359502848, 'SEARCH'
11, 26655, 165.33945678302464, 165.33945678302464, 'SEARCH'
11, 26656, 165.33504833958324, 165.33504833958324, 'SEARCH'
11, 26657, 165.34678945442235, 165.34678945442235, 'SEARCH'
11, 26658, 165.37445632193857, 165.37445632193857, 'SEARCH'
11, 26659, 165.39159547325931, 165.39159547325931, 'SEARCH'
11, 26660, 165.38734490603764, 165.38734490603764, 'SEARCH'
11, 26661, 165.4068718377244, 165.4068718377244, 'SEARCH'
11, 26662, 165.43455338639853, 165.43455338639853, 'SEARCH'
11, 26663, 165.43224323461294, 165.43224323461294, 'SEARCH'
11, 26664, 165.45988685510946, 165.45988685510946, 'SEARCH'
11, 26665, 165.48764089246538, 165.48764089246538, 'SEARCH'
11, 26666, 165.4935831279101, 165.4935831279101, 'SEARCH'
11, 26667, 165.5093230003747, 165.5093230003747, 'SEARCH'
11, 26668, 165.52918149945148, 165.52918149945148, 'SEARCH'
11, 26669, 165.55506882292767, 165.55506882292767, 'SEARCH'
11, 26670, 165.57498320798393, 165.57498320798393, 'SEARCH'
11, 26671, 165.57454430252275, 165.57454430252275, 'SEARCH'
11, 26672, 165.5980411044106, 165.5980411044106, 'SEARCH'
11, 26673, 165.62577692786635, 165.62577692786635, 'SEARCH'
11, 26674, 165.64903893940382, 165.64903893940382, 'SEARCH'
11, 26675, 165.65143866878248, 165.65143866878248, 'SEARCH'
11, 26676, 165.65716862018687, 165.65716862018687, 'SEARCH'
11, 26677, 165.68255237380856, 165.68255237380856, 'SEARCH'
11, 26678, 165.69555743679228, 165.69555743679228, 'SEARCH'
11, 26679, 165.69557947822005, 165.69557947822005, 'SEARCH'
11, 26680, 165.7172232413012, 165.7172232413012, 'SEARCH'
11, 26681, 165.73710944629906, 165.73710944629906, 'SEARCH'
11, 26682, 165.7647250568569, 165.7647250568569, 'SEARCH'
11, 26683, 165.76801805597603, 165.76801805597603, 'SEARCH'
11, 26684, 165.77518235708672, 165.77518235708672, 'SEARCH'
11, 26685, 165.80112886818063, 165.80112886818063, 'SEARCH'
11, 26686, 165.82562824657566, 165.82562824657566, 'SEARCH'
11, 26687, 165.85258569200477, 165.85258569200477, 'SEARCH'
11, 26688, 165.8574393857177, 165.8574393857177, 'SEARCH'
11, 26689, 165.8849601987877, 165.8849601987877, 'SEARCH'
11, 26690, 165.88582880862933, 165.88582880862933, 'SEARCH'
11, 26691, 165.91034018416514, 165.91034018416514, 'SEARCH'
11, 26692, 165.91227193062005, 165.91227193062005, 'SEARCH'
11, 26693, 165.92091519151137, 165.92091519151137, 'SEARCH'
11, 26694, 165.92845017570434, 165.92845017570434, 'SEARCH'
11, 26695, 165.94154246734416, 165.94154246734416, 'SEARCH'
11, 26696, 165.95873589046383, 165.95873589046383, 'SEARCH'
11, 26697, 165.98648386264946, 165.98648386264946, 'SEARCH'
11, 26698, 166.0133573884828, 166.0133573884828, 'SEARCH'
11, 26699, 166.0382456851848, 166.0382456851848, 'SEARCH'
11, 26700, 166.0657031925609, 166.0657031925609, 'SEARCH'
11, 26701, 166.09222415626624, 166.09222415626624, 'SEARCH'
11, 26702, 166.11882290040577, 166.11882290040577, 'SEARCH'
11, 26703, 166.122341418465, 166.122341418465, 'SEARCH'
11, 26704, 166.14405626938844, 166.14405626938844, 'SEARCH'
11, 26705, 166.16912837523978, 166.16912837523978, 'SEARCH'
11, 26706, 166.19515618760397, 166.19515618760397, 'SEARCH'
11, 26707, 166.2204138793962, 166.2204138793962, 'SEARCH'
11, 26708, 166.2225821709906, 166.2225821709906, 'SEARCH'
11, 26709, 166.22470157114833, 166.22470157114833, 'SEARCH'
11, 26710, 166.22350022326077, 166.22350022326077, 'SEARCH'
11, 26711, 166.21851844388055, 166.21851844388055, 'SEARCH'
11, 26712, 166.2363048045238, 166.2363048045238, 'SEARCH'
11, 26713, 166.24259077762443, 166.24259077762443, 'SEARCH'
11, 26714, 166.25442884633716, 166.25442884633716, 'SEARCH'
11, 26715, 166.27385099649706, 166.27385099649706, 'SEARCH'
11, 26716, 166.2745897816632, 166.2745897816632, 'SEARCH'
11, 26717, 166.28618450947872, 166.28618450947872, 'SEARCH'
11, 26718, 166.28676587140967, 166.28676587140967, 'SEARCH'
11, 26719, 166.30486237540487, 166.30486237540487, 'SEARCH'
11, 26720, 166.33028617588243, 166.33028617588243, 'SEARCH'
11, 26721, 166.3427620374664, 166.3427620374664, 'SEARCH'
11, 26722, 166.37034351544332, 166.37034351544332, 'SEARCH'
11, 26723, 166.39743238020722, 166.39743238020722, 'SEARCH'
11, 26724, 166.42117826040825, 166.42117826040825, 'SEARCH'
11, 26725, 166.44741276602676, 166.44741276602676, 'SEARCH'
11, 26726, 166.45513904894744, 166.45513904894744, 'SEARCH'
11, 26727, 166.46656859496696, 166.46656859496696, 'SEARCH'
11, 26728, 166.46581158906935, 166.46581158906935, 'SEARCH'
11, 26729, 166.49294013982671, 166.49294013982671, 'SEARCH'
11, 26730, 166.504517725882, 166.504517725882, 'SEARCH'
11, 26731, 166.51996002216566, 166.51996002216566, 'SEARCH'
11, 26732, 166.52145900343174, 166.52145900343174, 'SEARCH'
11, 26733, 166.54898261555752, 166.54898261555752, 'SEARCH'
11, 26734, 166.54332647297426, 166.54332647297426, 'SEARCH'
11, 26735, 166.56596840896015, 166.56596840896015, 'SEARCH'
11, 26736, 166.58605219355545, 166.58605219355545, 'SEARCH'
11, 26737, 166.59342872454062, 166.59342872454062, 'SEARCH'
11, 26738, 166.6142469284342, 166.6142469284342, 'SEARCH'
11, 26739, 166.6333202979536, 166.6333202979536, 'SEARCH'
11, 26740, 166.6509830651644, 166.6509830651644, 'SEARCH'
11, 26741, 166.6760776537377, 166.6760776537377, 'SEARCH'
11, 26742, 166.69404915295155, 166.69404915295155, 'SEARCH'
11, 26743, 166.6919071013338, 166.6919071013338, 'SEARCH'
11, 26744, 166.718284486396, 166.718284486396, 'SEARCH'
11, 26745, 166.74069706107602, 166.74069706107602, 'SEARCH'
11, 26746, 166.7640222138155, 166.7640222138155, 'SEARCH'
11, 26747, 166.7899864543068, 166.7899864543068, 'SEARCH'
11, 26748, 166.7963411399584, 166.7963411399584, 'SEARCH'
11, 26749, 166.82024383902535, 166.82024383902535, 'SEARCH'
11, 26750, 166.84700366351683, 166.84700366351683, 'SEARCH'
11, 26751, 166.84577776819316, 166.84577776819316, 'SEARCH'
11, 26752, 166.84608163084462, 166.84608163084462, 'SEARCH'
11, 26753, 166.87281221761566, 166.87281221761566, 'SEARCH'
11, 26754, 166.89772082240142, 166.89772082240142, 'SEARCH'
11, 26755, 166.92206553432814, 166.92206553432814, 'SEARCH'
11, 26756, 166.9437435553778, 166.9437435553778, 'SEARCH'
11, 26757, 166.9368328576156, 166.9368328576156, 'SEARCH'
11, 26758, 166.96369528288096, 166.96369528288096, 'SEARCH'
11, 26759, 166.97950788895733, 166.97950788895733, 'SEARCH'
11, 26760, 166.98297911545106, 166.98297911545106, 'SEARCH'
11, 26761, 166.97895152035528, 166.97895152035528, 'SEARCH'
11, 26762, 166.99899332905977, 166.99899332905977, 'SEARCH'
11, 26763, 167.02637372089305, 167.02637372089305, 'SEARCH'
11, 26764, 167.0319899366995, 167.0319899366995, 'SEARCH'
11, 26765, 167.05740200696013, 167.05740200696013, 'SEARCH'
11, 26766, 167.05582373112057, 167.05582373112057, 'SEARCH'
11, 26767, 167.07371515172198, 167.07371515172198, 'SEARCH'
11, 26768, 167.08240352316344, 167.08240352316344, 'SEARCH'
11, 26769, 167.0793157474418, 167.0793157474418, 'SEARCH'
11, 26770, 167.09688048999655, 167.09688048999655, 'SEARCH'
11, 26771, 167.10933837105495, 167.10933837105495, 'SEARCH'
11, 26772, 167.10847360327463, 167.10847360327463, 'SEARCH'
11, 26773, 167.12425679527573, 167.12425679527573, 'SEARCH'
11, 26774, 167.1520025990088, 167.1520025990088, 'SEARCH'
11, 26775, 167.15790603822336, 167.15790603822336, 'SEARCH'
11, 26776, 167.18538370022569, 167.18538370022569, 'SEARCH'
11, 26777, 167.20154642072615, 167.20154642072615, 'SEARCH'
11, 26778, 167.21555881452258, 167.21555881452258, 'SEARCH'
11, 26779, 167.2332053317597, 167.2332053317597, 'SEARCH'
11, 26780, 167.26020727615213, 167.26020727615213, 'SEARCH'
11, 26781, 167.26524652254275, 167.26524652254275, 'SEARCH'
11, 26782, 167.287316399433, 167.287316399433, 'SEARCH'
11, 26783, 167.30191222311674, 167.30191222311674, 'SEARCH'
11, 26784, 167.306655042859, 167.306655042859, 'SEARCH'
11, 26785, 167.33307175954357, 167.33307175954357, 'SEARCH'
11, 26786, 167.34859299986152, 167.34859299986152, 'SEARCH'
11, 26787, 167.36081912707238, 167.36081912707238, 'SEARCH'
11, 26788, 167.38218065419287, 167.38218065419287, 'SEARCH'
11, 26789, 167.39746374373195, 167.39746374373195, 'SEARCH'
11, 26790, 167.42209741467266, 167.42209741467266, 'SEARCH'
11, 26791, 167.44155324953707, 167.44155324953707, 'SEARCH'
11, 26792, 167.45303408746747, 167.45303408746747, 'SEARCH'
11, 26793, 167.4703040269374, 167.4703040269374, 'SEARCH'
11, 26794, 167.4908100386399, 167.4908100386399, 'SEARCH'
11, 26795, 167.51319742254807, 167.51319742254807, 'SEARCH'
11, 26796, 167.52094188043037, 167.52094188043037, 'SEARCH'
11, 26797, 167.54863982830156, 167.54863982830156, 'SEARCH'
11, 26798, 167.5730932550247, 167.5730932550247, 'SEARCH'
11, 26799, 167.60028668689506, 167.60028668689506, 'SEARCH'
11, 26800, 167.62475643946848, 167.62475643946848, 'SEARCH'
11, 26801, 167.63294989743622, 167.63294989743622, 'SEARCH'
11, 26802, 167.65248435930184, 167.65248435930184, 'SEARCH'
11, 26803, 167.6506349273934, 167.6506349273934, 'SEARCH'
11, 26804, 167.67588180887344, 167.67588180887344, 'SEARCH'
11, 26805, 167.68042356140433, 167.68042356140433, 'SEARCH'
11, 26806, 167.70795889511092, 167.70795889511092, 'SEARCH'
11, 26807, 167.71540086507554, 167.71540086507554, 'SEARCH'
11, 26808, 167.7344511563194, 167.7344511563194, 'SEARCH'
11, 26809, 167.7552771605315, 167.7552771605315, 'SEARCH'
11, 26810, 167.7748058507752, 167.7748058507752, 'SEARCH'
11, 26811, 167.79993657347705, 167.79993657347705, 'SEARCH'
11, 26812, 167.82236517310756, 167.82236517310756, 'SEARCH'
11, 26813, 167.82529901177892, 167.82529901177892, 'SEARCH'
11, 26814, 167.82760615982264, 167.82760615982264, 'SEARCH'
11, 26815, 167.84024496008487, 167.84024496008487, 'SEARCH'
11, 26816, 167.85980979321326, 167.85980979321326, 'SEARCH'
11, 26817, 167.88638939856565, 167.88638939856565, 'SEARCH'
11, 26818, 167.88388500302935, 167.88388500302935, 'SEARCH'
11, 26819, 167.88243191618062, 167.88243191618062, 'SEARCH'
11, 26820, 167.90882372589755, 167.90882372589755, 'SEARCH'
11, 26821, 167.93656058937913, 167.93656058937913, 'SEARCH'
11, 26822, 167.93466585267294, 167.93466585267294, 'SEARCH'
11, 26823, 167.936247418871, 167.936247418871, 'SEARCH'
11, 26824, 167.94690531004252, 167.94690531004252, 'SEARCH'
11, 26825, 167.9695836242887, 167.9695836242887, 'SEARCH'
11, 26826, 167.99492796118133, 167.99492796118133, 'SEARCH'
11, 26827, 168.02270214728006, 168.02270214728006, 'SEARCH'
11, 26828, 168.0469808197816, 168.0469808197816, 'SEARCH'
11, 26829, 168.06917308004762, 168.06917308004762, 'SEARCH'
11, 26830, 168.09642711031935, 168.09642711031935, 'SEARCH'
11, 26831, 168.1220197621248, 168.1220197621248, 'SEARCH'
11, 26832, 168.1496023251869, 168.1496023251869, 'SEARCH'
11, 26833, 168.14466541631845, 168.14466541631845, 'SEARCH'
11, 26834, 168.14759752543466, 168.14759752543466, 'SEARCH'
11, 26835, 168.14893587651767, 168.14893587651767, 'SEARCH'
11, 26836, 168.1678588640709, 168.1678588640709, 'SEARCH'
11, 26837, 168.19143173419448, 168.19143173419448, 'SEARCH'
11, 26838, 168.21136386276254, 168.21136386276254, 'SEARCH'
11, 26839, 168.2070245090522, 168.2070245090522, 'SEARCH'
11, 26840, 168.2168919693977, 168.2168919693977, 'SEARCH'
11, 26841, 168.22314990418923, 168.22314990418923, 'SEARCH'
11, 26842, 168.23118195086332, 168.23118195086332, 'SEARCH'
11, 26843, 168.2549962185167, 168.2549962185167, 'SEARCH'
11, 26844, 168.26024948113675, 168.26024948113675, 'SEARCH'
11, 26845, 168.28694026696266, 168.28694026696266, 'SEARCH'
11, 26846, 168.30727008753087, 168.30727008753087, 'SEARCH'
11, 26847, 168.3348865817091, 168.3348865817091, 'SEARCH'
11, 26848, 168.34385178606868, 168.34385178606868, 'SEARCH'
11, 26849, 168.36942098451667, 168.36942098451667, 'SEARCH'
11, 26850, 168.39584787970352, 168.39584787970352, 'SEARCH'
11, 26851, 168.41645749702423, 168.41645749702423, 'SEARCH'
11, 26852, 168.41550285332934, 168.41550285332934, 'SEARCH'
11, 26853, 168.43745588259947, 168.43745588259947, 'SEARCH'
11, 26854, 168.44148420749138, 168.44148420749138, 'SEARCH'
11, 26855, 168.43593511654524, 168.43593511654524, 'SEARCH'
11, 26856, 168.43803691769097, 168.43803691769097, 'SEARCH'
11, 26857, 168.43681328989132, 168.43681328989132, 'SEARCH'
11, 26858, 168.44524039951253, 168.44524039951253, 'SEARCH'
11, 26859, 168.4684924827874, 168.4684924827874, 'SEARCH'
11, 26860, 168.49385348655105, 168.49385348655105, 'SEARCH'
11, 26861, 168.51544497050418, 168.51544497050418, 'SEARCH'
11, 26862, 168.54262986987874, 168.54262986987874, 'SEARCH'
11, 26863, 168.56943680420068, 168.56943680420068, 'SEARCH'
11, 26864, 168.5854317057834, 168.5854317057834, 'SEARCH'
11, 26865, 168.58897017230802, 168.58897017230802, 'SEARCH'
11, 26866, 168.6121318277931, 168.6121318277931, 'SEARCH'
11, 26867, 168.61096127326488, 168.61096127326488, 'SEARCH'
11, 26868, 168.63693313874026, 168.63693313874026, 'SEARCH'
11, 26869, 168.66359354347819, 168.66359354347819, 'SEARCH'
11, 26870, 168.67366880626233, 168.67366880626233, 'SEARCH'
11, 26871, 168.7010697040767, 168.7010697040767, 'SEARCH'
11, 26872, 168.72807229481916, 168.72807229481916, 'SEARCH'
11, 26873, 168.726864743024, 168.726864743024, 'SEARCH'
11, 26874, 168.74146125123747, 168.74146125123747, 'SEARCH'
11, 26875, 168.76070692522032, 168.76070692522032, 'SEARCH'
11, 26876, 168.77331112685965, 168.77331112685965, 'SEARCH'
11, 26877, 168.76951726939242, 168.76951726939242, 'SEARCH'
11, 26878, 168.7972033251233, 168.7972033251233, 'SEARCH'
11, 26879, 168.80361527802816, 168.80361527802816, 'SEARCH'
11, 26880, 168.8296286296301, 168.8296286296301, 'SEARCH'
11, 26881, 168.83231406164148, 168.83231406164148, 'SEARCH'
11, 26882, 168.83437645434913, 168.83437645434913, 'SEARCH'
11, 26883, 168.8467922885412, 168.8467922885412, 'SEARCH'
11, 26884, 168.84934425560476, 168.84934425560476, 'SEARCH'
11, 26885, 168.85247132155368, 168.85247132155368, 'SEARCH'
11, 26886, 168.86982243854166, 168.86982243854166, 'SEARCH'
11, 26887, 168.88208603976966, 168.88208603976966, 'SEARCH'
11, 26888, 168.87899974049245, 168.87899974049245, 'SEARCH'
11, 26889, 168.88391098851062, 168.88391098851062, 'SEARCH'
11, 26890, 168.91164050285923, 168.91164050285923, 'SEARCH'
11, 26891, 168.9389638551571, 168.9389638551571, 'SEARCH'
11, 26892, 168.9603527750817, 168.9603527750817, 'SEARCH'
11, 26893, 168.98800319173918, 168.98800319173918, 'SEARCH'
11, 26894, 168.9944963507927, 168.9944963507927, 'SEARCH'
11, 26895, 169.021158694108, 169.021158694108, 'SEARCH'
11, 26896, 169.04886018785905, 169.04886018785905, 'SEARCH'
11, 26897, 169.06548274893402, 169.06548274893402, 'SEARCH'
11, 26898, 169.06358874431874, 169.06358874431874, 'SEARCH'
11, 26899, 169.07230570144156, 169.07230570144156, 'SEARCH'
11, 26900, 169.09995640417011, 169.09995640417011, 'SEARCH'
11, 26901, 169.103112710816, 169.103112710816, 'SEARCH'
11, 26902, 169.12909339287816, 169.12909339287816, 'SEARCH'
11, 26903, 169.1524842656356, 169.1524842656356, 'SEARCH'
11, 26904, 169.1570792035109, 169.1570792035109, 'SEARCH'
11, 26905, 169.18259522740485, 169.18259522740485, 'SEARCH'
11, 26906, 169.1955454497848, 169.1955454497848, 'SEARCH'
11, 26907, 169.21712153989532, 169.21712153989532, 'SEARCH'
11, 26908, 169.24475132670523, 169.24475132670523, 'SEARCH'
11, 26909, 169.2633044844285, 169.2633044844285, 'SEARCH'
11, 26910, 169.27507282269434, 169.27507282269434, 'SEARCH'
11, 26911, 169.2860408714155, 169.2860408714155, 'SEARCH'
11, 26912, 169.30015998571383, 169.30015998571383, 'SEARCH'
11, 26913, 169.32730230246352, 169.32730230246352, 'SEARCH'
11, 26914, 169.32188471843557, 169.32188471843557, 'SEARCH'
11, 26915, 169.33275695645085, 169.33275695645085, 'SEARCH'
11, 26916, 169.34696519842322, 169.34696519842322, 'SEARCH'
11, 26917, 169.3745940457722, 169.3745940457722, 'SEARCH'
11, 26918, 169.38894089165086, 169.38894089165086, 'SEARCH'
11, 26919, 169.40848611290562, 169.40848611290562, 'SEARCH'
11, 26920, 169.43620091396605, 169.43620091396605, 'SEARCH'
11, 26921, 169.44486155819, 169.44486155819, 'SEARCH'
11, 26922, 169.45175545423712, 169.45175545423712, 'SEARCH'
11, 26923, 169.46830808069404, 169.46830808069404, 'SEARCH'
11, 26924, 169.4955524256658, 169.4955524256658, 'SEARCH'
11, 26925, 169.50851105848133, 169.50851105848133, 'SEARCH'
11, 26926, 169.532566919974, 169.532566919974, 'SEARCH'
11, 26927, 169.54963362454637, 169.54963362454637, 'SEARCH'
11, 26928, 169.57690888716613, 169.57690888716613, 'SEARCH'
11, 26929, 169.60042962928227, 169.60042962928227, 'SEARCH'
11, 26930, 169.60903174041343, 169.60903174041343, 'SEARCH'
11, 26931, 169.62892966852655, 169.62892966852655, 'SEARCH'
11, 26932, 169.65387282250322, 169.65387282250322, 'SEARCH'
11, 26933, 169.6801417511702, 169.6801417511702, 'SEARCH'
11, 26934, 169.70605478440234, 169.70605478440234, 'SEARCH'
11, 26935, 169.7191169662774, 169.7191169662774, 'SEARCH'
11, 26936, 169.7462096938508, 169.7462096938508, 'SEARCH'
11, 26937, 169.7393425519727, 169.7393425519727, 'SEARCH'
11, 26938, 169.75191123103042, 169.75191123103042, 'SEARCH'
11, 26939, 169.76897845562274, 169.76897845562274, 'SEARCH'
11, 26940, 169.7785208253888, 169.7785208253888, 'SEARCH'
11, 26941, 169.78319962453904, 169.78319962453904, 'SEARCH'
11, 26942, 169.80445068257563, 169.80445068257563, 'SEARCH'
11, 26943, 169.8001244738769, 169.8001244738769, 'SEARCH'
11, 26944, 169.8004833120328, 169.8004833120328, 'SEARCH'
11, 26945, 169.80722198615703, 169.80722198615703, 'SEARCH'
11, 26946, 169.83213520806794, 169.83213520806794, 'SEARCH'
11, 26947, 169.84523546683425, 169.84523546683425, 'SEARCH'
11, 26948, 169.8436233644379, 169.8436233644379, 'SEARCH'
11, 26949, 169.84791759898715, 169.84791759898715, 'SEARCH'
11, 26950, 169.87091539500503, 169.87091539500503, 'SEARCH'
11, 26951, 169.89566493336673, 169.89566493336673, 'SEARCH'
11, 26952, 169.92191598669422, 169.92191598669422, 'SEARCH'
11, 26953, 169.94255994800324, 169.94255994800324, 'SEARCH'
11, 26954, 169.96681605057742, 169.96681605057742, 'SEARCH'
11, 26955, 169.97119479314372, 169.97119479314372, 'SEARCH'
11, 26956, 169.98236241864575, 169.98236241864575, 'SEARCH'
11, 26957, 169.98579330902288, 169.98579330902288, 'SEARCH'
11, 26958, 170.0063318336321, 170.0063318336321, 'SEARCH'
11, 26959, 170.0340956147004, 170.0340956147004, 'SEARCH'
11, 26960, 170.06185282718224, 170.06185282718224, 'SEARCH'
11, 26961, 170.05597660262436, 170.05597660262436, 'SEARCH'
11, 26962, 170.07526793786982, 170.07526793786982, 'SEARCH'
11, 26963, 170.07534649557877, 170.07534649557877, 'SEARCH'
11, 26964, 170.08188263000596, 170.08188263000596, 'SEARCH'
11, 26965, 170.10539511639905, 170.10539511639905, 'SEARCH'
11, 26966, 170.13208821719982, 170.13208821719982, 'SEARCH'
11, 26967, 170.15979887862568, 170.15979887862568, 'SEARCH'
11, 26968, 170.18535924884526, 170.18535924884526, 'SEARCH'
11, 26969, 170.18389226110773, 170.18389226110773, 'SEARCH'
11, 26970, 170.21141328752358, 170.21141328752358, 'SEARCH'
11, 26971, 170.22744607104434, 170.22744607104434, 'SEARCH'
11, 26972, 170.22964806871153, 170.22964806871153, 'SEARCH'
11, 26973, 170.2534027277897, 170.2534027277897, 'SEARCH'
11, 26974, 170.27525757341266, 170.27525757341266, 'SEARCH'
11, 26975, 170.28151429924418, 170.28151429924418, 'SEARCH'
11, 26976, 170.30880397029176, 170.30880397029176, 'SEARCH'
11, 26977, 170.31705146657538, 170.31705146657538, 'SEARCH'
11, 26978, 170.33994550432723, 170.33994550432723, 'SEARCH'
11, 26979, 170.36341276701214, 170.36341276701214, 'SEARCH'
11, 26980, 170.36593349525114, 170.36593349525114, 'SEARCH'
11, 26981, 170.36614828203565, 170.36614828203565, 'SEARCH'
11, 26982, 170.3928920844834, 170.3928920844834, 'SEARCH'
11, 26983, 170.3907627771891, 170.3907627771891, 'SEARCH'
11, 26984, 170.3951828235869, 170.3951828235869, 'SEARCH'
11, 26985, 170.40973999173147, 170.40973999173147, 'SEARCH'
11, 26986, 170.4340812900928, 170.4340812900928, 'SEARCH'
11, 26987, 170.4554615069752, 170.4554615069752, 'SEARCH'
11, 26988, 170.48235553960302, 170.48235553960302, 'SEARCH'
11, 26989, 170.50784007090056, 170.50784007090056, 'SEARCH'
11, 26990, 170.53474983096405, 170.53474983096405, 'SEARCH'
11, 26991, 170.53217707625546, 170.53217707625546, 'SEARCH'
11, 26992, 170.55042607434993, 170.55042607434993, 'SEARCH'
11, 26993, 170.5656616615377, 170.5656616615377, 'SEARCH'
11, 26994, 170.59094304690538, 170.59094304690538, 'SEARCH'
11, 26995, 170.61203008504185, 170.61203008504185, 'SEARCH'
11, 26996, 170.6382243628055, 170.6382243628055, 'SEARCH'
11, 26997, 170.6660003079972, 170.6660003079972, 'SEARCH'
11, 26998, 170.67193142631479, 170.67193142631479, 'SEARCH'
11, 26999, 170.69067276465367, 170.69067276465367, 'SEARCH'
11, 27000, 170.70471855767846, 170.70471855767846, 'SEARCH'
11, 27001, 170.6992202993021, 170.6992202993021, 'SEARCH'
11, 27002, 170.72683734757607, 170.72683734757607, 'SEARCH'
11, 27003, 170.7467672920907, 170.7467672920907, 'SEARCH'
11, 27004, 170.77287208634604, 170.77287208634604, 'SEARCH'
11, 27005, 170.78803672356867, 170.78803672356867, 'SEARCH'
11, 27006, 170.80034211635953, 170.80034211635953, 'SEARCH'
11, 27007, 170.8268314249142, 170.8268314249142, 'SEARCH'
11, 27008, 170.84005655675466, 170.84005655675466, 'SEARCH'
11, 27009, 170.8442355223227, 170.8442355223227, 'SEARCH'
11, 27010, 170.8645818854989, 170.8645818854989, 'SEARCH'
11, 27011, 170.8676190100139, 170.8676190100139, 'SEARCH'
11, 27012, 170.89308599156655, 170.89308599156655, 'SEARCH'
11, 27013, 170.9083942820075, 170.9083942820075, 'SEARCH'
11, 27014, 170.9358042811068, 170.9358042811068, 'SEARCH'
11, 27015, 170.9504092199054, 170.9504092199054, 'SEARCH'
11, 27016, 170.94465741252026, 170.94465741252026, 'SEARCH'
11, 27017, 170.94353832926262, 170.94353832926262, 'SEARCH'
11, 27018, 170.95214401527866, 170.95214401527866, 'SEARCH'
11, 27019, 170.97673667517267, 170.97673667517267, 'SEARCH'
11, 27020, 170.98136702583597, 170.98136702583597, 'SEARCH'
11, 27021, 170.98768285965232, 170.98768285965232, 'SEARCH'
11, 27022, 170.9922180089447, 170.9922180089447, 'SEARCH'
11, 27023, 170.9862793693588, 170.9862793693588, 'SEARCH'
11, 27024, 171.01345858874848, 171.01345858874848, 'SEARCH'
11, 27025, 171.02656295468822, 171.02656295468822, 'SEARCH'
11, 27026, 171.03900604555915, 171.03900604555915, 'SEARCH'
11, 27027, 171.06608861370043, 171.06608861370043, 'SEARCH'
11, 27028, 171.09130947155194, 171.09130947155194, 'SEARCH'
11, 27029, 171.0986607311976, 171.0986607311976, 'SEARCH'
11, 27030, 171.11738834924677, 171.11738834924677, 'SEARCH'
11, 27031, 171.13110168408255, 171.13110168408255, 'SEARCH'
11, 27032, 171.14005927269332, 171.14005927269332, 'SEARCH'
11, 27033, 171.16598058265777, 171.16598058265777, 'SEARCH'
11, 27034, 171.1937192560844, 171.1937192560844, 'SEARCH'
11, 27035, 171.19224816139337, 171.19224816139337, 'SEARCH'
11, 27036, 171.21390800698265, 171.21390800698265, 'SEARCH'
11, 27037, 171.23649514722476, 171.23649514722476, 'SEARCH'
11, 27038, 171.26284637064222, 171.26284637064222, 'SEARCH'
11, 27039, 171.2893586979984, 171.2893586979984, 'SEARCH'
11, 27040, 171.31309765041337, 171.31309765041337, 'SEARCH'
11, 27041, 171.3396820370896, 171.3396820370896, 'SEARCH'
11, 27042, 171.346979637739, 171.346979637739, 'SEARCH'
11, 27043, 171.3462545472955, 171.3462545472955, 'SEARCH'
11, 27044, 171.37158827626922, 171.37158827626922, 'SEARCH'
11, 27045, 171.38059015428792, 171.38059015428792, 'SEARCH'
11, 27046, 171.38454235128555, 171.38454235128555, 'SEARCH'
11, 27047, 171.3924496261982, 171.3924496261982, 'SEARCH'
11, 27048, 171.38753385197967, 171.38753385197967, 'SEARCH'
11, 27049, 171.38700666694277, 171.38700666694277, 'SEARCH'
11, 27050, 171.40123195811253, 171.40123195811253, 'SEARCH'
11, 27051, 171.4002418006831, 171.4002418006831, 'SEARCH'
11, 27052, 171.42801713819853, 171.42801713819853, 'SEARCH'
11, 27053, 171.45041680959437, 171.45041680959437, 'SEARCH'
11, 27054, 171.4603283699154, 171.4603283699154, 'SEARCH'
11, 27055, 171.48384170949566, 171.48384170949566, 'SEARCH'
11, 27056, 171.5060237304858, 171.5060237304858, 'SEARCH'
11, 27057, 171.5049698536227, 171.5049698536227, 'SEARCH'
11, 27058, 171.50308788247332, 171.50308788247332, 'SEARCH'
11, 27059, 171.52544476957522, 171.52544476957522, 'SEARCH'
11, 27060, 171.5379580967817, 171.5379580967817, 'SEARCH'
11, 27061, 171.54132488358607, 171.54132488358607, 'SEARCH'
11, 27062, 171.56896287142044, 171.56896287142044, 'SEARCH'
11, 27063, 171.58145699601536, 171.58145699601536, 'SEARCH'
11, 27064, 171.60177110586244, 171.60177110586244, 'SEARCH'
11, 27065, 171.6295054502626, 171.6295054502626, 'SEARCH'
11, 27066, 171.6500835805073, 171.6500835805073, 'SEARCH'
11, 27067, 171.67703720146983, 171.67703720146983, 'SEARCH'
11, 27068, 171.70154288004926, 171.70154288004926, 'SEARCH'
11, 27069, 171.71285929271787, 171.71285929271787, 'SEARCH'
11, 27070, 171.73923047478394, 171.73923047478394, 'SEARCH'
11, 27071, 171.7665685496777, 171.7665685496777, 'SEARCH'
11, 27072, 171.79432686623252, 171.79432686623252, 'SEARCH'
11, 27073, 171.8210120081148, 171.8210120081148, 'SEARCH'
11, 27074, 171.84844996393392, 171.84844996393392, 'SEARCH'
11, 27075, 171.86706078838583, 171.86706078838583, 'SEARCH'
11, 27076, 171.89196550608025, 171.89196550608025, 'SEARCH'
11, 27077, 171.8948001111647, 171.8948001111647, 'SEARCH'
11, 27078, 171.9028437350385, 171.9028437350385, 'SEARCH'
11, 27079, 171.92662208843296, 171.92662208843296, 'SEARCH'
11, 27080, 171.93383184301751, 171.93383184301751, 'SEARCH'
11, 27081, 171.95582487569706, 171.95582487569706, 'SEARCH'
11, 27082, 171.95265534819873, 171.95265534819873, 'SEARCH'
11, 27083, 171.96928030341763, 171.96928030341763, 'SEARCH'
11, 27084, 171.99203679102806, 171.99203679102806, 'SEARCH'
11, 27085, 172.0197809578935, 172.0197809578935, 'SEARCH'
11, 27086, 172.03498565922973, 172.03498565922973, 'SEARCH'
11, 27087, 172.05703823472703, 172.05703823472703, 'SEARCH'
11, 27088, 172.07018458075473, 172.07018458075473, 'SEARCH'
11, 27089, 172.07806173144652, 172.07806173144652, 'SEARCH'
11, 27090, 172.0911941130759, 172.0911941130759, 'SEARCH'
11, 27091, 172.11462026388264, 172.11462026388264, 'SEARCH'
11, 27092, 172.12865065198588, 172.12865065198588, 'SEARCH'
11, 27093, 172.1406631894072, 172.1406631894072, 'SEARCH'
11, 27094, 172.16792339559177, 172.16792339559177, 'SEARCH'
11, 27095, 172.19566301141649, 172.19566301141649, 'SEARCH'
11, 27096, 172.2192263678593, 172.2192263678593, 'SEARCH'
11, 27097, 172.24700395693293, 172.24700395693293, 'SEARCH'
11, 27098, 172.2744226338017, 172.2744226338017, 'SEARCH'
11, 27099, 172.28445955879758, 172.28445955879758, 'SEARCH'
11, 27100, 172.27939713836471, 172.27939713836471, 'SEARCH'
11, 27101, 172.27641304037599, 172.27641304037599, 'SEARCH'
11, 27102, 172.29078978098335, 172.29078978098335, 'SEARCH'
11, 27103, 172.31541827069117, 172.31541827069117, 'SEARCH'
11, 27104, 172.32913935417398, 172.32913935417398, 'SEARCH'
11, 27105, 172.3385912177533, 172.3385912177533, 'SEARCH'
11, 27106, 172.3657404423364, 172.3657404423364, 'SEARCH'
11, 27107, 172.36906091068576, 172.36906091068576, 'SEARCH'
11, 27108, 172.37426256824364, 172.37426256824364, 'SEARCH'
11, 27109, 172.39732641541625, 172.39732641541625, 'SEARCH'
11, 27110, 172.42354026626668, 172.42354026626668, 'SEARCH'
11, 27111, 172.4229591152443, 172.4229591152443, 'SEARCH'
11, 27112, 172.4441917326354, 172.4441917326354, 'SEARCH'
11, 27113, 172.46664412735382, 172.46664412735382, 'SEARCH'
11, 27114, 172.475292489823, 172.475292489823, 'SEARCH'
11, 27115, 172.494754006367, 172.494754006367, 'SEARCH'
11, 27116, 172.50853130657018, 172.50853130657018, 'SEARCH'
11, 27117, 172.52116256125814, 172.52116256125814, 'SEARCH'
11, 27118, 172.54159953791788, 172.54159953791788, 'SEARCH'
11, 27119, 172.56932185556886, 172.56932185556886, 'SEARCH'
11, 27120, 172.5804492944315, 172.5804492944315, 'SEARCH'
11, 27121, 172.6023531941416, 172.6023531941416, 'SEARCH'
11, 27122, 172.6238620571502, 172.6238620571502, 'SEARCH'
11, 27123, 172.64513681906226, 172.64513681906226, 'SEARCH'
11, 27124, 172.6406788237714, 172.6406788237714, 'SEARCH'
11, 27125, 172.655859459076, 172.655859459076, 'SEARCH'
11, 27126, 172.67569794147894, 172.67569794147894, 'SEARCH'
11, 27127, 172.68923041527046, 172.68923041527046, 'SEARCH'
11, 27128, 172.7093905531997, 172.7093905531997, 'SEARCH'
11, 27129, 172.73492190593478, 172.73492190593478, 'SEARCH'
11, 27130, 172.74071506120322, 172.74071506120322, 'SEARCH'
11, 27131, 172.7630737498142, 172.7630737498142, 'SEARCH'
11, 27132, 172.78897827934895, 172.78897827934895, 'SEARCH'
11, 27133, 172.79663885367157, 172.79663885367157, 'SEARCH'
11, 27134, 172.79778568186768, 172.79778568186768, 'SEARCH'
11, 27135, 172.824009287392, 172.824009287392, 'SEARCH'
11, 27136, 172.82248508899434, 172.82248508899434, 'SEARCH'
11, 27137, 172.84169893967496, 172.84169893967496, 'SEARCH'
11, 27138, 172.85117718557413, 172.85117718557413, 'SEARCH'
11, 27139, 172.87023000876277, 172.87023000876277, 'SEARCH'
11, 27140, 172.8780826016371, 172.8780826016371, 'SEARCH'
11, 27141, 172.89163688273604, 172.89163688273604, 'SEARCH'
11, 27142, 172.89044371347916, 172.89044371347916, 'SEARCH'
11, 27143, 172.91472112945803, 172.91472112945803, 'SEARCH'
11, 27144, 172.93397943155162, 172.93397943155162, 'SEARCH'
11, 27145, 172.96095284064577, 172.96095284064577, 'SEARCH'
11, 27146, 172.9668608707272, 172.9668608707272, 'SEARCH'
11, 27147, 172.9748278715759, 172.9748278715759, 'SEARCH'
11, 27148, 173.0025363210105, 173.0025363210105, 'SEARCH'
11, 27149, 173.02959833493605, 173.02959833493605, 'SEARCH'
11, 27150, 173.0481703574007, 173.0481703574007, 'SEARCH'
11, 27151, 173.05979238652537, 173.05979238652537, 'SEARCH'
11, 27152, 173.0798053009846, 173.0798053009846, 'SEARCH'
11, 27153, 173.08108261208173, 173.08108261208173, 'SEARCH'
11, 27154, 173.10875642813212, 173.10875642813212, 'SEARCH'
11, 27155, 173.1077428164322, 173.1077428164322, 'SEARCH'
11, 27156, 173.1330560735375, 173.1330560735375, 'SEARCH'
11, 27157, 173.15631618102483, 173.15631618102483, 'SEARCH'
11, 27158, 173.16494614176634, 173.16494614176634, 'SEARCH'
11, 27159, 173.16760788584472, 173.16760788584472, 'SEARCH'
11, 27160, 173.18195069265496, 173.18195069265496, 'SEARCH'
11, 27161, 173.20948652901393, 173.20948652901393, 'SEARCH'
11, 27162, 173.2223262378267, 173.2223262378267, 'SEARCH'
11, 27163, 173.2357560149253, 173.2357560149253, 'SEARCH'
11, 27164, 173.23395948420864, 173.23395948420864, 'SEARCH'
11, 27165, 173.2483862699893, 173.2483862699893, 'SEARCH'
11, 27166, 173.24565800787212, 173.24565800787212, 'SEARCH'
11, 27167, 173.25321260720887, 173.25321260720887, 'SEARCH'
11, 27168, 173.27746147186124, 173.27746147186124, 'SEARCH'
11, 27169, 173.27601515304372, 173.27601515304372, 'SEARCH'
11, 27170, 173.28340962494113, 173.28340962494113, 'SEARCH'
11, 27171, 173.31092662214584, 173.31092662214584, 'SEARCH'
11, 27172, 173.3376503163637, 173.3376503163637, 'SEARCH'
11, 27173, 173.3638753388901, 173.3638753388901, 'SEARCH'
11, 27174, 173.39094885072592, 173.39094885072592, 'SEARCH'
11, 27175, 173.4177635233312, 173.4177635233312, 'SEARCH'
11, 27176, 173.4427258485575, 173.4427258485575, 'SEARCH'
11, 27177, 173.44217314042945, 173.44217314042945, 'SEARCH'
11, 27178, 173.4561889978429, 173.4561889978429, 'SEARCH'
11, 27179, 173.48265065443155, 173.48265065443155, 'SEARCH'
11, 27180, 173.5034182335522, 173.5034182335522, 'SEARCH'
11, 27181, 173.51500456009413, 173.51500456009413, 'SEARCH'
11, 27182, 173.53720233766444, 173.53720233766444, 'SEARCH'
11, 27183, 173.5605747257503, 173.5605747257503, 'SEARCH'
11, 27184, 173.5864206282679, 173.5864206282679, 'SEARCH'
11, 27185, 173.58334420720058, 173.58334420720058, 'SEARCH'
11, 27186, 173.59891986062033, 173.59891986062033, 'SEARCH'
11, 27187, 173.62656853964646, 173.62656853964646, 'SEARCH'
11, 27188, 173.64890068212517, 173.64890068212517, 'SEARCH'
11, 27189, 173.65893936048448, 173.65893936048448, 'SEARCH'
11, 27190, 173.66262118135668, 173.66262118135668, 'SEARCH'
11, 27191, 173.6751956263377, 173.6751956263377, 'SEARCH'
11, 27192, 173.68633761047192, 173.68633761047192, 'SEARCH'
11, 27193, 173.71385009867092, 173.71385009867092, 'SEARCH'
11, 27194, 173.73387119922933, 173.73387119922933, 'SEARCH'
11, 27195, 173.74882210105324, 173.74882210105324, 'SEARCH'
11, 27196, 173.7764947343096, 173.7764947343096, 'SEARCH'
11, 27197, 173.78646317498038, 173.78646317498038, 'SEARCH'
11, 27198, 173.7862122643737, 173.7862122643737, 'SEARCH'
11, 27199, 173.8081082931571, 173.8081082931571, 'SEARCH'
11, 27200, 173.8339809954113, 173.8339809954113, 'SEARCH'
11, 27201, 173.83486339016946, 173.83486339016946, 'SEARCH'
11, 27202, 173.85875356469964, 173.85875356469964, 'SEARCH'
11, 27203, 173.87240357334574, 173.87240357334574, 'SEARCH'
11, 27204, 173.89996725331707, 173.89996725331707, 'SEARCH'
11, 27205, 173.9038514164667, 173.9038514164667, 'SEARCH'
11, 27206, 173.9298775643632, 173.9298775643632, 'SEARCH'
11, 27207, 173.92953199360923, 173.92953199360923, 'SEARCH'
11, 27208, 173.92865706612076, 173.92865706612076, 'SEARCH'
11, 27209, 173.94698567264737, 173.94698567264737, 'SEARCH'
11, 27210, 173.9714401742043, 173.9714401742043, 'SEARCH'
11, 27211, 173.99870283708537, 173.99870283708537, 'SEARCH'
11, 27212, 174.01726532699615, 174.01726532699615, 'SEARCH'
11, 27213, 174.03185525139602, 174.03185525139602, 'SEARCH'
11, 27214, 174.05339732982193, 174.05339732982193, 'SEARCH'
11, 27215, 174.05040861311306, 174.05040861311306, 'SEARCH'
11, 27216, 174.06242967843596, 174.06242967843596, 'SEARCH'
11, 27217, 174.0901067987219, 174.0901067987219, 'SEARCH'
11, 27218, 174.10874754920215, 174.10874754920215, 'SEARCH'
11, 27219, 174.125640151416, 174.125640151416, 'SEARCH'
11, 27220, 174.14524851675696, 174.14524851675696, 'SEARCH'
11, 27221, 174.1446135625238, 174.1446135625238, 'SEARCH'
11, 27222, 174.15354370046126, 174.15354370046126, 'SEARCH'
11, 27223, 174.17258963601702, 174.17258963601702, 'SEARCH'
11, 27224, 174.1791738388701, 174.1791738388701, 'SEARCH'
11, 27225, 174.17614284381838, 174.17614284381838, 'SEARCH'
11, 27226, 174.18757285707608, 174.18757285707608, 'SEARCH'
11, 27227, 174.21509351690463, 174.21509351690463, 'SEARCH'
11, 27228, 174.2292763344655, 174.2292763344655, 'SEARCH'
11, 27229, 174.2528803958185, 174.2528803958185, 'SEARCH'
11, 27230, 174.26860337299658, 174.26860337299658, 'SEARCH'
11, 27231, 174.29454570993482, 174.29454570993482, 'SEARCH'
11, 27232, 174.30915231626864, 174.30915231626864, 'SEARCH'
11, 27233, 174.33574741913597, 174.33574741913597, 'SEARCH'
11, 27234, 174.36250001984072, 174.36250001984072, 'SEARCH'
11, 27235, 174.38912818105086, 174.38912818105086, 'SEARCH'
11, 27236, 174.38881949585746, 174.38881949585746, 'SEARCH'
11, 27237, 174.38834789042124, 174.38834789042124, 'SEARCH'
11, 27238, 174.4161143385888, 174.4161143385888, 'SEARCH'
11, 27239, 174.42984579192353, 174.42984579192353, 'SEARCH'
11, 27240, 174.4551889702585, 174.4551889702585, 'SEARCH'
11, 27241, 174.46280962260147, 174.46280962260147, 'SEARCH'
11, 27242, 174.48992595131415, 174.48992595131415, 'SEARCH'
11, 27243, 174.50529484764587, 174.50529484764587, 'SEARCH'
11, 27244, 174.50825380314583, 174.50825380314583, 'SEARCH'
11, 27245, 174.53260758998698, 174.53260758998698, 'SEARCH'
11, 27246, 174.5483155778177, 174.5483155778177, 'SEARCH'
11, 27247, 174.57349736138823, 174.57349736138823, 'SEARCH'
11, 27248, 174.5912374555889, 174.5912374555889, 'SEARCH'
11, 27249, 174.61257769923048, 174.61257769923048, 'SEARCH'
11, 27250, 174.63980988305408, 174.63980988305408, 'SEARCH'
11, 27251, 174.63775883898572, 174.63775883898572, 'SEARCH'
11, 27252, 174.63893975593996, 174.63893975593996, 'SEARCH'
11, 27253, 174.65116468064716, 174.65116468064716, 'SEARCH'
11, 27254, 174.67840667216169, 174.67840667216169, 'SEARCH'
11, 27255, 174.6947755701085, 174.6947755701085, 'SEARCH'
11, 27256, 174.71394642919816, 174.71394642919816, 'SEARCH'
11, 27257, 174.71449201555086, 174.71449201555086, 'SEARCH'
11, 27258, 174.71748201754946, 174.71748201754946, 'SEARCH'
11, 27259, 174.73255943412573, 174.73255943412573, 'SEARCH'
11, 27260, 174.75131677371522, 174.75131677371522, 'SEARCH'
11, 27261, 174.77349639156733, 174.77349639156733, 'SEARCH'
11, 27262, 174.77561935309396, 174.77561935309396, 'SEARCH'
11, 27263, 174.80038996899734, 174.80038996899734, 'SEARCH'
11, 27264, 174.82057304440434, 174.82057304440434, 'SEARCH'
11, 27265, 174.84648538853787, 174.84648538853787, 'SEARCH'
11, 27266, 174.85871598482944, 174.85871598482944, 'SEARCH'
11, 27267, 174.8690224169856, 174.8690224169856, 'SEARCH'
11, 27268, 174.89269843382587, 174.89269843382587, 'SEARCH'
11, 27269, 174.8990152127913, 174.8990152127913, 'SEARCH'
11, 27270, 174.90520825317884, 174.90520825317884, 'SEARCH'
11, 27271, 174.9291115295178, 174.9291115295178, 'SEARCH'
11, 27272, 174.95681282631037, 174.95681282631037, 'SEARCH'
11, 27273, 174.96503247183117, 174.96503247183117, 'SEARCH'
11, 27274, 174.99159128970513, 174.99159128970513, 'SEARCH'
11, 27275, 175.00703543106172, 175.00703543106172, 'SEARCH'
11, 27276, 175.02647907960977, 175.02647907960977, 'SEARCH'
11, 27277, 175.04542885499006, 175.04542885499006, 'SEARCH'
11, 27278, 175.05655857071173, 175.05655857071173, 'SEARCH'
11, 27279, 175.08432830662423, 175.08432830662423, 'SEARCH'
11, 27280, 175.10341167966527, 175.10341167966527, 'SEARCH'
11, 27281, 175.13011682079906, 175.13011682079906, 'SEARCH'
11, 27282, 175.13045505937137, 175.13045505937137, 'SEARCH'
11, 27283, 175.1579244050634, 175.1579244050634, 'SEARCH'
11, 27284, 175.18547198126205, 175.18547198126205, 'SEARCH'
11, 27285, 175.21321728759548, 175.21321728759548, 'SEARCH'
11, 27286, 175.2361837475133, 175.2361837475133, 'SEARCH'
11, 27287, 175.2527794739036, 175.2527794739036, 'SEARCH'
11, 27288, 175.24718651664793, 175.24718651664793, 'SEARCH'
11, 27289, 175.26418076464472, 175.26418076464472, 'SEARCH'
11, 27290, 175.2730130009529, 175.2730130009529, 'SEARCH'
11, 27291, 175.29869489219467, 175.29869489219467, 'SEARCH'
11, 27292, 175.29773487071296, 175.29773487071296, 'SEARCH'
11, 27293, 175.31630534824632, 175.31630534824632, 'SEARCH'
11, 27294, 175.34212432700355, 175.34212432700355, 'SEARCH'
11, 27295, 175.36864747761823, 175.36864747761823, 'SEARCH'
11, 27296, 175.38794892363862, 175.38794892363862, 'SEARCH'
11, 27297, 175.39097918709675, 175.39097918709675, 'SEARCH'
11, 27298, 175.393034037521, 175.393034037521, 'SEARCH'
11, 27299, 175.39508244715282, 175.39508244715282, 'SEARCH'
11, 27300, 175.3964306362733, 175.3964306362733, 'SEARCH'
11, 27301, 175.41648890446425, 175.41648890446425, 'SEARCH'
11, 27302, 175.4294981149871, 175.4294981149871, 'SEARCH'
11, 27303, 175.45274915100384, 175.45274915100384, 'SEARCH'
11, 27304, 175.46811384548442, 175.46811384548442, 'SEARCH'
11, 27305, 175.47456174680093, 175.47456174680093, 'SEARCH'
11, 27306, 175.49330309558917, 175.49330309558917, 'SEARCH'
11, 27307, 175.51680780784292, 175.51680780784292, 'SEARCH'
11, 27308, 175.53219348110784, 175.53219348110784, 'SEARCH'
11, 27309, 175.55746357940072, 175.55746357940072, 'SEARCH'
11, 27310, 175.58489296117455, 175.58489296117455, 'SEARCH'
11, 27311, 175.6108097557505, 175.6108097557505, 'SEARCH'
11, 27312, 175.61673612269928, 175.61673612269928, 'SEARCH'
11, 27313, 175.6227217517853, 175.6227217517853, 'SEARCH'
11, 27314, 175.64284528620956, 175.64284528620956, 'SEARCH'
11, 27315, 175.6634258321211, 175.6634258321211, 'SEARCH'
11, 27316, 175.66470259463654, 175.66470259463654, 'SEARCH'
11, 27317, 175.66381855126966, 175.66381855126966, 'SEARCH'
11, 27318, 175.66060920959623, 175.66060920959623, 'SEARCH'
11, 27319, 175.66421065474222, 175.66421065474222, 'SEARCH'
11, 27320, 175.68292936663983, 175.68292936663983, 'SEARCH'
11, 27321, 175.69956082355765, 175.69956082355765, 'SEARCH'
11, 27322, 175.71961623954962, 175.71961623954962, 'SEARCH'
11, 27323, 175.74735506891753, 175.74735506891753, 'SEARCH'
11, 27324, 175.75817470396143, 175.75817470396143, 'SEARCH'
11, 27325, 175.78591654667903, 175.78591654667903, 'SEARCH'
11, 27326, 175.81319601900253, 175.81319601900253, 'SEARCH'
11, 27327, 175.83467194733205, 175.83467194733205, 'SEARCH'
11, 27328, 175.83152080302338, 175.83152080302338, 'SEARCH'
11, 27329, 175.8567280348145, 175.8567280348145, 'SEARCH'
11, 27330, 175.8549136983746, 175.8549136983746, 'SEARCH'
11, 27331, 175.87477475374476, 175.87477475374476, 'SEARCH'
11, 27332, 175.8977062968191, 175.8977062968191, 'SEARCH'
11, 27333, 175.8960060181863, 175.8960060181863, 'SEARCH'
11, 27334, 175.91075836011106, 175.91075836011106, 'SEARCH'
11, 27335, 175.93211804615134, 175.93211804615134, 'SEARCH'
11, 27336, 175.9264167595566, 175.9264167595566, 'SEARCH'
11, 27337, 175.92854003714714, 175.92854003714714, 'SEARCH'
11, 27338, 175.94707831349385, 175.94707831349385, 'SEARCH'
11, 27339, 175.96672750416545, 175.96672750416545, 'SEARCH'
11, 27340, 175.9681022989058, 175.9681022989058, 'SEARCH'
11, 27341, 175.99475451809883, 175.99475451809883, 'SEARCH'
11, 27342, 176.02053648783095, 176.02053648783095, 'SEARCH'
11, 27343, 176.02764794513027, 176.02764794513027, 'SEARCH'
11, 27344, 176.03688987233215, 176.03688987233215, 'SEARCH'
11, 27345, 176.04994140588656, 176.04994140588656, 'SEARCH'
11, 27346, 176.06400978897986, 176.06400978897986, 'SEARCH'
11, 27347, 176.08456795058953, 176.08456795058953, 'SEARCH'
11, 27348, 176.0842137064451, 176.0842137064451, 'SEARCH'
11, 27349, 176.10279267117474, 176.10279267117474, 'SEARCH'
11, 27350, 176.10877113951108, 176.10877113951108, 'SEARCH'
11, 27351, 176.12173554232663, 176.12173554232663, 'SEARCH'
11, 27352, 176.14939858313406, 176.14939858313406, 'SEARCH'
11, 27353, 176.15482588691881, 176.15482588691881, 'SEARCH'
11, 27354, 176.1674835112154, 176.1674835112154, 'SEARCH'
11, 27355, 176.17970354695092, 176.17970354695092, 'SEARCH'
11, 27356, 176.1994989408146, 176.1994989408146, 'SEARCH'
11, 27357, 176.22644368866207, 176.22644368866207, 'SEARCH'
11, 27358, 176.2169124785001, 176.2169124785001, 'SEARCH'
11, 27359, 176.2396918305431, 176.2396918305431, 'SEARCH'
11, 27360, 176.2569539963671, 176.2569539963671, 'SEARCH'
11, 27361, 176.25246969334174, 176.25246969334174, 'SEARCH'
11, 27362, 176.2668581517455, 176.2668581517455, 'SEARCH'
11, 27363, 176.29299021418066, 176.29299021418066, 'SEARCH'
11, 27364, 176.31849505068578, 176.31849505068578, 'SEARCH'
11, 27365, 176.34126478549265, 176.34126478549265, 'SEARCH'
11, 27366, 176.35872365267034, 176.35872365267034, 'SEARCH'
11, 27367, 176.3652192067395, 176.3652192067395, 'SEARCH'
11, 27368, 176.36906783110703, 176.36906783110703, 'SEARCH'
11, 27369, 176.35893798204927, 176.35893798204927, 'SEARCH'
11, 27370, 176.38082145840778, 176.38082145840778, 'SEARCH'
11, 27371, 176.40737291130395, 176.40737291130395, 'SEARCH'
11, 27372, 176.43512874139233, 176.43512874139233, 'SEARCH'
11, 27373, 176.44904706062565, 176.44904706062565, 'SEARCH'
11, 27374, 176.47094424364474, 176.47094424364474, 'SEARCH'
11, 27375, 176.47734441214877, 176.47734441214877, 'SEARCH'
11, 27376, 176.48871944594507, 176.48871944594507, 'SEARCH'
11, 27377, 176.47357739790945, 176.47357739790945, 'SEARCH'
11, 27378, 176.49539543722486, 176.49539543722486, 'SEARCH'
11, 27379, 176.4894694396354, 176.4894694396354, 'SEARCH'
11, 27380, 176.4849577331377, 176.4849577331377, 'SEARCH'
11, 27381, 176.50634914661757, 176.50634914661757, 'SEARCH'
11, 27382, 176.53283979423315, 176.53283979423315, 'SEARCH'
11, 27383, 176.5579038825608, 176.5579038825608, 'SEARCH'
11, 27384, 176.54679979915662, 176.54679979915662, 'SEARCH'
11, 27385, 176.5655478072288, 176.5655478072288, 'SEARCH'
11, 27386, 176.5906048810136, 176.5906048810136, 'SEARCH'
11, 27387, 176.56409879521863, 176.56409879521863, 'SEARCH'
11, 27388, 176.58388775424686, 176.58388775424686, 'SEARCH'
11, 27389, 176.56153263101444, 176.56153263101444, 'SEARCH'
11, 27390, 176.54421513307923, 176.54421513307923, 'SEARCH'
11, 27391, 176.55161516928226, 176.55161516928226, 'SEARCH'
11, 27392, 176.56086129814483, 176.56086129814483, 'SEARCH'
11, 27393, 176.53331693526093, 176.53331693526093, 'SEARCH'
11, 27394, 176.53596035408157, 176.53596035408157, 'SEARCH'
11, 27395, 176.5424250370596, 176.5424250370596, 'SEARCH'
11, 27396, 176.56788943961402, 176.56788943961402, 'SEARCH'
11, 27397, 176.5893003340302, 176.5893003340302, 'SEARCH'
11, 27398, 176.5861091861796, 176.5861091861796, 'SEARCH'
11, 27399, 176.5584135057417, 176.5584135057417, 'SEARCH'
11, 27400, 176.58588143523272, 176.58588143523272, 'SEARCH'
11, 27401, 176.56893538874215, 176.56893538874215, 'SEARCH'
11, 27402, 176.5474777305783, 176.5474777305783, 'SEARCH'
11, 27403, 176.57524527682835, 176.57524527682835, 'SEARCH'
11, 27404, 176.5590817729861, 176.5590817729861, 'SEARCH'
11, 27405, 176.5410168063123, 176.5410168063123, 'SEARCH'
11, 27406, 176.54317252703146, 176.54317252703146, 'SEARCH'
11, 27407, 176.51627329770167, 176.51627329770167, 'SEARCH'
11, 27408, 176.49233319091812, 176.49233319091812, 'SEARCH'
11, 27409, 176.48584856888536, 176.48584856888536, 'SEARCH'
11, 27410, 176.46191597317255, 176.46191597317255, 'SEARCH'
11, 27411, 176.44867455585498, 176.44867455585498, 'SEARCH'
11, 27412, 176.42887691629062, 176.42887691629062, 'SEARCH'
11, 27413, 176.45665334956075, 176.45665334956075, 'SEARCH'
11, 27414, 176.46455915590494, 176.46455915590494, 'SEARCH'
11, 27415, 176.44195250030322, 176.44195250030322, 'SEARCH'
11, 27416, 176.42664117423328, 176.42664117423328, 'SEARCH'
11, 27417, 176.40137765729085, 176.40137765729085, 'SEARCH'
11, 27418, 176.4074330011891, 176.4074330011891, 'SEARCH'
11, 27419, 176.43520933220802, 176.43520933220802, 'SEARCH'
11, 27420, 176.40767278407108, 176.40767278407108, 'SEARCH'
11, 27421, 176.3993589276377, 176.3993589276377, 'SEARCH'
11, 27422, 176.38700481821863, 176.38700481821863, 'SEARCH'
11, 27423, 176.3705229929078, 176.3705229929078, 'SEARCH'
11, 27424, 176.34661889149046, 176.34661889149046, 'SEARCH'
11, 27425, 176.32462451220195, 176.32462451220195, 'SEARCH'
11, 27426, 176.33879313769086, 176.33879313769086, 'SEARCH'
11, 27427, 176.3148969525884, 176.3148969525884, 'SEARCH'
11, 27428, 176.32649478671468, 176.32649478671468, 'SEARCH'
11, 27429, 176.29929083880668, 176.29929083880668, 'SEARCH'
11, 27430, 176.32167601872302, 176.32167601872302, 'SEARCH'
11, 27431, 176.3282412132078, 176.3282412132078, 'SEARCH'
11, 27432, 176.35489758954114, 176.35489758954114, 'SEARCH'
11, 27433, 176.32748989598014, 176.32748989598014, 'SEARCH'
11, 27434, 176.32394345026702, 176.32394345026702, 'SEARCH'
11, 27435, 176.30908737242618, 176.30908737242618, 'SEARCH'
11, 27436, 176.28345821933013, 176.28345821933013, 'SEARCH'
11, 27437, 176.2937333062536, 176.2937333062536, 'SEARCH'
11, 27438, 176.3207659388739, 176.3207659388739, 'SEARCH'
11, 27439, 176.31963723450124, 176.31963723450124, 'SEARCH'
11, 27440, 176.3449484494939, 176.3449484494939, 'SEARCH'
11, 27441, 176.37005069711725, 176.37005069711725, 'SEARCH'
11, 27442, 176.39656032594, 176.39656032594, 'SEARCH'
11, 27443, 176.4240945315372, 176.4240945315372, 'SEARCH'
11, 27444, 176.42339885051803, 176.42339885051803, 'SEARCH'
11, 27445, 176.4193243959287, 176.4193243959287, 'SEARCH'
11, 27446, 176.40783575213075, 176.40783575213075, 'SEARCH'
11, 27447, 176.42866607168415, 176.42866607168415, 'SEARCH'
11, 27448, 176.4410862359865, 176.4410862359865, 'SEARCH'
11, 27449, 176.43321852408283, 176.43321852408283, 'SEARCH'
11, 27450, 176.40549096149155, 176.40549096149155, 'SEARCH'
11, 27451, 176.4161581681841, 176.4161581681841, 'SEARCH'
11, 27452, 176.39069815998252, 176.39069815998252, 'SEARCH'
11, 27453, 176.36315187428627, 176.36315187428627, 'SEARCH'
11, 27454, 176.33585045480677, 176.33585045480677, 'SEARCH'
11, 27455, 176.36325952262206, 176.36325952262206, 'SEARCH'
11, 27456, 176.34315234357084, 176.34315234357084, 'SEARCH'
11, 27457, 176.36759776604484, 176.36759776604484, 'SEARCH'
11, 27458, 176.34084603532372, 176.34084603532372, 'SEARCH'
11, 27459, 176.31318931732667, 176.31318931732667, 'SEARCH'
11, 27460, 176.28570407631761, 176.28570407631761, 'SEARCH'
11, 27461, 176.26433363097172, 176.26433363097172, 'SEARCH'
11, 27462, 176.24869119487755, 176.24869119487755, 'SEARCH'
11, 27463, 176.22388483569782, 176.22388483569782, 'SEARCH'
11, 27464, 176.24127884055744, 176.24127884055744, 'SEARCH'
11, 27465, 176.26013481702242, 176.26013481702242, 'SEARCH'
11, 27466, 176.27933705977452, 176.27933705977452, 'SEARCH'
11, 27467, 176.25259715236842, 176.25259715236842, 'SEARCH'
11, 27468, 176.24669822299137, 176.24669822299137, 'SEARCH'
11, 27469, 176.2190371884994, 176.2190371884994, 'SEARCH'
11, 27470, 176.19542235954543, 176.19542235954543, 'SEARCH'
11, 27471, 176.1708502377832, 176.1708502377832, 'SEARCH'
11, 27472, 176.15330268049377, 176.15330268049377, 'SEARCH'
11, 27473, 176.14372995888505, 176.14372995888505, 'SEARCH'
11, 27474, 176.13931339073454, 176.13931339073454, 'SEARCH'
11, 27475, 176.16707659824277, 176.16707659824277, 'SEARCH'
11, 27476, 176.18949992523636, 176.18949992523636, 'SEARCH'
11, 27477, 176.16911981149698, 176.16911981149698, 'SEARCH'
11, 27478, 176.19689471047806, 176.19689471047806, 'SEARCH'
11, 27479, 176.2053844638223, 176.2053844638223, 'SEARCH'
11, 27480, 176.1849988779537, 176.1849988779537, 'SEARCH'
11, 27481, 176.1619182140658, 176.1619182140658, 'SEARCH'
11, 27482, 176.16618323153864, 176.16618323153864, 'SEARCH'
11, 27483, 176.1385664818858, 176.1385664818858, 'SEARCH'
11, 27484, 176.12720463645658, 176.12720463645658, 'SEARCH'
11, 27485, 176.14538016304724, 176.14538016304724, 'SEARCH'
11, 27486, 176.1186583788476, 176.1186583788476, 'SEARCH'
11, 27487, 176.11425400899554, 176.11425400899554, 'SEARCH'
11, 27488, 176.1418176657253, 176.1418176657253, 'SEARCH'
11, 27489, 176.12744989144124, 176.12744989144124, 'SEARCH'
11, 27490, 176.11478187440042, 176.11478187440042, 'SEARCH'
11, 27491, 176.08716237261115, 176.08716237261115, 'SEARCH'
11, 27492, 176.07582401994185, 176.07582401994185, 'SEARCH'
11, 27493, 176.0875287586873, 176.0875287586873, 'SEARCH'
11, 27494, 176.06503014249188, 176.06503014249188, 'SEARCH'
11, 27495, 176.09277154962163, 176.09277154962163, 'SEARCH'
11, 27496, 176.06506474149964, 176.06506474149964, 'SEARCH'
11, 27497, 176.0872292904433, 176.0872292904433, 'SEARCH'
11, 27498, 176.11439087034077, 176.11439087034077, 'SEARCH'
11, 27499, 176.1421653650609, 176.1421653650609, 'SEARCH'
11, 27500, 176.15339801753984, 176.15339801753984, 'SEARCH'
11, 27501, 176.13861240681035, 176.13861240681035, 'SEARCH'
11, 27502, 176.16542547140202, 176.16542547140202, 'SEARCH'
11, 27503, 176.1930062586703, 176.1930062586703, 'SEARCH'
11, 27504, 176.17364017104543, 176.17364017104543, 'SEARCH'
11, 27505, 176.16920811622614, 176.16920811622614, 'SEARCH'
11, 27506, 176.14143047021153, 176.14143047021153, 'SEARCH'
11, 27507, 176.11376471969223, 176.11376471969223, 'SEARCH'
11, 27508, 176.12229380084463, 176.12229380084463, 'SEARCH'
11, 27509, 176.15003020367527, 176.15003020367527, 'SEARCH'
11, 27510, 176.164685764846, 176.164685764846, 'SEARCH'
11, 27511, 176.15741587365133, 176.15741587365133, 'SEARCH'
11, 27512, 176.1492182482631, 176.1492182482631, 'SEARCH'
11, 27513, 176.14527748758283, 176.14527748758283, 'SEARCH'
11, 27514, 176.11898920281092, 176.11898920281092, 'SEARCH'
11, 27515, 176.09466502552414, 176.09466502552414, 'SEARCH'
11, 27516, 176.06690588581515, 176.06690588581515, 'SEARCH'
11, 27517, 176.09452792743667, 176.09452792743667, 'SEARCH'
11, 27518, 176.09690116761163, 176.09690116761163, 'SEARCH'
11, 27519, 176.0878111405379, 176.0878111405379, 'SEARCH'
11, 27520, 176.06023501793402, 176.06023501793402, 'SEARCH'
11, 27521, 176.03266058206472, 176.03266058206472, 'SEARCH'
11, 27522, 176.03167458258272, 176.03167458258272, 'SEARCH'
11, 27523, 176.04798893336041, 176.04798893336041, 'SEARCH'
11, 27524, 176.02368212988307, 176.02368212988307, 'SEARCH'
11, 27525, 176.0415281197653, 176.0415281197653, 'SEARCH'
11, 27526, 176.04916441522184, 176.04916441522184, 'SEARCH'
11, 27527, 176.03696496675815, 176.03696496675815, 'SEARCH'
11, 27528, 176.01836403023515, 176.01836403023515, 'SEARCH'
11, 27529, 175.99073940082013, 175.99073940082013, 'SEARCH'
11, 27530, 175.962999938643, 175.962999938643, 'SEARCH'
11, 27531, 175.93763134295273, 175.93763134295273, 'SEARCH'
11, 27532, 175.91226801347577, 175.91226801347577, 'SEARCH'
11, 27533, 175.9227151657688, 175.9227151657688, 'SEARCH'
11, 27534, 175.9486620413406, 175.9486620413406, 'SEARCH'
11, 27535, 175.97197268491922, 175.97197268491922, 'SEARCH'
11, 27536, 175.99971313828206, 175.99971313828206, 'SEARCH'
11, 27537, 175.97276051459647, 175.97276051459647, 'SEARCH'
11, 27538, 175.9646523602021, 175.9646523602021, 'SEARCH'
11, 27539, 175.94536926831412, 175.94536926831412, 'SEARCH'
11, 27540, 175.97314328792817, 175.97314328792817, 'SEARCH'
11, 27541, 175.95456651320652, 175.95456651320652, 'SEARCH'
11, 27542, 175.92864204403574, 175.92864204403574, 'SEARCH'
11, 27543, 175.93445300038766, 175.93445300038766, 'SEARCH'
11, 27544, 175.90950119503574, 175.90950119503574, 'SEARCH'
11, 27545, 175.92586594847512, 175.92586594847512, 'SEARCH'
11, 27546, 175.89851678308602, 175.89851678308602, 'SEARCH'
11, 27547, 175.91677976535468, 175.91677976535468, 'SEARCH'
11, 27548, 175.94420886290777, 175.94420886290777, 'SEARCH'
11, 27549, 175.91694689902513, 175.91694689902513, 'SEARCH'
11, 27550, 175.92783962533878, 175.92783962533878, 'SEARCH'
11, 27551, 175.9382795863232, 175.9382795863232, 'SEARCH'
11, 27552, 175.91187112973128, 175.91187112973128, 'SEARCH'
11, 27553, 175.93706538069424, 175.93706538069424, 'SEARCH'
11, 27554, 175.96204599254128, 175.96204599254128, 'SEARCH'
11, 27555, 175.96351918158618, 175.96351918158618, 'SEARCH'
11, 27556, 175.9544932997815, 175.9544932997815, 'SEARCH'
11, 27557, 175.95693753408864, 175.95693753408864, 'SEARCH'
11, 27558, 175.95023891663593, 175.95023891663593, 'SEARCH'
11, 27559, 175.92297637928505, 175.92297637928505, 'SEARCH'
11, 27560, 175.89521693078956, 175.89521693078956, 'SEARCH'
11, 27561, 175.88265402755698, 175.88265402755698, 'SEARCH'
11, 27562, 175.9084316470762, 175.9084316470762, 'SEARCH'
11, 27563, 175.9355080228772, 175.9355080228772, 'SEARCH'
11, 27564, 175.90799598565692, 175.90799598565692, 'SEARCH'
11, 27565, 175.8901770002214, 175.8901770002214, 'SEARCH'
11, 27566, 175.89553263279265, 175.89553263279265, 'SEARCH'
11, 27567, 175.90643569125132, 175.90643569125132, 'SEARCH'
11, 27568, 175.9342083567937, 175.9342083567937, 'SEARCH'
11, 27569, 175.92658429693694, 175.92658429693694, 'SEARCH'
11, 27570, 175.89914262521603, 175.89914262521603, 'SEARCH'
11, 27571, 175.875112353637, 175.875112353637, 'SEARCH'
11, 27572, 175.90262867189628, 175.90262867189628, 'SEARCH'
11, 27573, 175.91938575473063, 175.91938575473063, 'SEARCH'
11, 27574, 175.947006993105, 175.947006993105, 'SEARCH'
11, 27575, 175.9747189956056, 175.9747189956056, 'SEARCH'
11, 27576, 175.95408479647327, 175.95408479647327, 'SEARCH'
11, 27577, 175.92852446745826, 175.92852446745826, 'SEARCH'
11, 27578, 175.90696027255828, 175.90696027255828, 'SEARCH'
11, 27579, 175.8914669110635, 175.8914669110635, 'SEARCH'
11, 27580, 175.91924463247858, 175.91924463247858, 'SEARCH'
11, 27581, 175.93521139954905, 175.93521139954905, 'SEARCH'
11, 27582, 175.90786145138645, 175.90786145138645, 'SEARCH'
11, 27583, 175.88250455770267, 175.88250455770267, 'SEARCH'
11, 27584, 175.90501283129774, 175.90501283129774, 'SEARCH'
11, 27585, 175.88912033528763, 175.88912033528763, 'SEARCH'
11, 27586, 175.91162663272794, 175.91162663272794, 'SEARCH'
11, 27587, 175.90037010531745, 175.90037010531745, 'SEARCH'
11, 27588, 175.87943976130228, 175.87943976130228, 'SEARCH'
11, 27589, 175.85644584561138, 175.85644584561138, 'SEARCH'
11, 27590, 175.82929060820283, 175.82929060820283, 'SEARCH'
11, 27591, 175.8374964215582, 175.8374964215582, 'SEARCH'
11, 27592, 175.81300968204226, 175.81300968204226, 'SEARCH'
11, 27593, 175.84020040258298, 175.84020040258298, 'SEARCH'
11, 27594, 175.81548787771774, 175.81548787771774, 'SEARCH'
11, 27595, 175.83619458013004, 175.83619458013004, 'SEARCH'
11, 27596, 175.83870006502676, 175.83870006502676, 'SEARCH'
11, 27597, 175.81981687240173, 175.81981687240173, 'SEARCH'
11, 27598, 175.79768888204907, 175.79768888204907, 'SEARCH'
11, 27599, 175.76998628404857, 175.76998628404857, 'SEARCH'
11, 27600, 175.7852150265567, 175.7852150265567, 'SEARCH'
11, 27601, 175.8128965891618, 175.8128965891618, 'SEARCH'
11, 27602, 175.79332348438703, 175.79332348438703, 'SEARCH'
11, 27603, 175.7953681391764, 175.7953681391764, 'SEARCH'
11, 27604, 175.776148640464, 175.776148640464, 'SEARCH'
11, 27605, 175.79810921730373, 175.79810921730373, 'SEARCH'
11, 27606, 175.82332858430067, 175.82332858430067, 'SEARCH'
11, 27607, 175.82051634014158, 175.82051634014158, 'SEARCH'
11, 27608, 175.82060966117675, 175.82060966117675, 'SEARCH'
11, 27609, 175.7971023551704, 175.7971023551704, 'SEARCH'
11, 27610, 175.78372785995015, 175.78372785995015, 'SEARCH'
11, 27611, 175.75601012120703, 175.75601012120703, 'SEARCH'
11, 27612, 175.7306857852973, 175.7306857852973, 'SEARCH'
11, 27613, 175.73894121829534, 175.73894121829534, 'SEARCH'
11, 27614, 175.76524958461158, 175.76524958461158, 'SEARCH'
11, 27615, 175.79005505453907, 175.79005505453907, 'SEARCH'
11, 27616, 175.76253259411962, 175.76253259411962, 'SEARCH'
11, 27617, 175.75314841416466, 175.75314841416466, 'SEARCH'
11, 27618, 175.7254475768498, 175.7254475768498, 'SEARCH'
11, 27619, 175.69993426994307, 175.69993426994307, 'SEARCH'
11, 27620, 175.6746220574309, 175.6746220574309, 'SEARCH'
11, 27621, 175.65475866644564, 175.65475866644564, 'SEARCH'
11, 27622, 175.63055152190418, 175.63055152190418, 'SEARCH'
11, 27623, 175.6033215500148, 175.6033215500148, 'SEARCH'
11, 27624, 175.59046385734197, 175.59046385734197, 'SEARCH'
11, 27625, 175.5724019441717, 175.5724019441717, 'SEARCH'
11, 27626, 175.54621111690554, 175.54621111690554, 'SEARCH'
11, 27627, 175.5185185540409, 175.5185185540409, 'SEARCH'
11, 27628, 175.5245397349019, 175.5245397349019, 'SEARCH'
11, 27629, 175.55223139843338, 175.55223139843338, 'SEARCH'
11, 27630, 175.524479697352, 175.524479697352, 'SEARCH'
11, 27631, 175.49700611949802, 175.49700611949802, 'SEARCH'
11, 27632, 175.48049977760004, 175.48049977760004, 'SEARCH'
11, 27633, 175.45295583612554, 175.45295583612554, 'SEARCH'
11, 27634, 175.43065247875822, 175.43065247875822, 'SEARCH'
11, 27635, 175.40326485781472, 175.40326485781472, 'SEARCH'
11, 27636, 175.43074774693335, 175.43074774693335, 'SEARCH'
11, 27637, 175.43490836498745, 175.43490836498745, 'SEARCH'
11, 27638, 175.44820967439148, 175.44820967439148, 'SEARCH'
11, 27639, 175.42711755769182, 175.42711755769182, 'SEARCH'
11, 27640, 175.40398596619937, 175.40398596619937, 'SEARCH'
11, 27641, 175.42170870164284, 175.42170870164284, 'SEARCH'
11, 27642, 175.3985787954143, 175.3985787954143, 'SEARCH'
11, 27643, 175.4209514810019, 175.4209514810019, 'SEARCH'
11, 27644, 175.44818377363484, 175.44818377363484, 'SEARCH'
11, 27645, 175.47421889650616, 175.47421889650616, 'SEARCH'
11, 27646, 175.46636168329601, 175.46636168329601, 'SEARCH'
11, 27647, 175.4385944377644, 175.4385944377644, 'SEARCH'
11, 27648, 175.424541253907, 175.424541253907, 'SEARCH'
11, 27649, 175.42918491062696, 175.42918491062696, 'SEARCH'
11, 27650, 175.4314216966704, 175.4314216966704, 'SEARCH'
11, 27651, 175.43462239055293, 175.43462239055293, 'SEARCH'
11, 27652, 175.4227134170547, 175.4227134170547, 'SEARCH'
11, 27653, 175.44591075058614, 175.44591075058614, 'SEARCH'
11, 27654, 175.4664239429193, 175.4664239429193, 'SEARCH'
11, 27655, 175.47247382350943, 175.47247382350943, 'SEARCH'
11, 27656, 175.49949237516253, 175.49949237516253, 'SEARCH'
11, 27657, 175.47838385511352, 175.47838385511352, 'SEARCH'
11, 27658, 175.46188718540526, 175.46188718540526, 'SEARCH'
11, 27659, 175.46023269392103, 175.46023269392103, 'SEARCH'
11, 27660, 175.4730966376878, 175.4730966376878, 'SEARCH'
11, 27661, 175.46570779759196, 175.46570779759196, 'SEARCH'
11, 27662, 175.47770233693174, 175.47770233693174, 'SEARCH'
11, 27663, 175.47604006535818, 175.47604006535818, 'SEARCH'
11, 27664, 175.4603350915305, 175.4603350915305, 'SEARCH'
11, 27665, 175.43333489446636, 175.43333489446636, 'SEARCH'
11, 27666, 175.4611045955872, 175.4611045955872, 'SEARCH'
11, 27667, 175.48863912909678, 175.48863912909678, 'SEARCH'
11, 27668, 175.5144943406115, 175.5144943406115, 'SEARCH'
11, 27669, 175.54203635888803, 175.54203635888803, 'SEARCH'
11, 27670, 175.5408246118996, 175.5408246118996, 'SEARCH'
11, 27671, 175.51714051409968, 175.51714051409968, 'SEARCH'
11, 27672, 175.53367404271384, 175.53367404271384, 'SEARCH'
11, 27673, 175.54819183990432, 175.54819183990432, 'SEARCH'
11, 27674, 175.57161779406442, 175.57161779406442, 'SEARCH'
11, 27675, 175.55750632377786, 175.55750632377786, 'SEARCH'
11, 27676, 175.53460956130155, 175.53460956130155, 'SEARCH'
11, 27677, 175.56062981011647, 175.56062981011647, 'SEARCH'
11, 27678, 175.5811034809062, 175.5811034809062, 'SEARCH'
11, 27679, 175.55935189511715, 175.55935189511715, 'SEARCH'
11, 27680, 175.58420742570055, 175.58420742570055, 'SEARCH'
11, 27681, 175.55648015100385, 175.55648015100385, 'SEARCH'
11, 27682, 175.56057921310799, 175.56057921310799, 'SEARCH'
11, 27683, 175.58830463594416, 175.58830463594416, 'SEARCH'
11, 27684, 175.61414090571978, 175.61414090571978, 'SEARCH'
11, 27685, 175.62245826264044, 175.62245826264044, 'SEARCH'
11, 27686, 175.64559876009355, 175.64559876009355, 'SEARCH'
11, 27687, 175.6290326315339, 175.6290326315339, 'SEARCH'
11, 27688, 175.61247364541418, 175.61247364541418, 'SEARCH'
11, 27689, 175.6097753585199, 175.6097753585199, 'SEARCH'
11, 27690, 175.58218007012843, 175.58218007012843, 'SEARCH'
11, 27691, 175.60703049902193, 175.60703049902193, 'SEARCH'
11, 27692, 175.59290376395796, 175.59290376395796, 'SEARCH'
11, 27693, 175.58048665321917, 175.58048665321917, 'SEARCH'
11, 27694, 175.60632473520616, 175.60632473520616, 'SEARCH'
11, 27695, 175.58012944727284, 175.58012944727284, 'SEARCH'
11, 27696, 175.60578572005417, 175.60578572005417, 'SEARCH'
11, 27697, 175.5815934089294, 175.5815934089294, 'SEARCH'
11, 27698, 175.6091904609139, 175.6091904609139, 'SEARCH'
11, 27699, 175.5814134664712, 175.5814134664712, 'SEARCH'
11, 27700, 175.55506513030755, 175.55506513030755, 'SEARCH'
11, 27701, 175.5784900568703, 175.5784900568703, 'SEARCH'
11, 27702, 175.60609122867277, 175.60609122867277, 'SEARCH'
11, 27703, 175.63297617439434, 175.63297617439434, 'SEARCH'
11, 27704, 175.65688674133278, 175.65688674133278, 'SEARCH'
11, 27705, 175.67296922284535, 175.67296922284535, 'SEARCH'
11, 27706, 175.69841607413454, 175.69841607413454, 'SEARCH'
11, 27707, 175.70806796947411, 175.70806796947411, 'SEARCH'
11, 27708, 175.72848951450413, 175.72848951450413, 'SEARCH'
11, 27709, 175.70071888248688, 175.70071888248688, 'SEARCH'
11, 27710, 175.68051304628807, 175.68051304628807, 'SEARCH'
11, 27711, 175.66031467308815, 175.66031467308815, 'SEARCH'
11, 27712, 175.63308253985434, 175.63308253985434, 'SEARCH'
11, 27713, 175.60704781992942, 175.60704781992942, 'SEARCH'
11, 27714, 175.63096573377803, 175.63096573377803, 'SEARCH'
11, 27715, 175.6482228008027, 175.6482228008027, 'SEARCH'
11, 27716, 175.67591067050682, 175.67591067050682, 'SEARCH'
11, 27717, 175.65709368294327, 175.65709368294327, 'SEARCH'
11, 27718, 175.63724018234296, 175.63724018234296, 'SEARCH'
11, 27719, 175.64367826426914, 175.64367826426914, 'SEARCH'
11, 27720, 175.63620567317687, 175.63620567317687, 'SEARCH'
11, 27721, 175.61328665369723, 175.61328665369723, 'SEARCH'
11, 27722, 175.6049006307091, 175.6049006307091, 'SEARCH'
11, 27723, 175.59469205667355, 175.59469205667355, 'SEARCH'
11, 27724, 175.56714873588444, 175.56714873588444, 'SEARCH'
11, 27725, 175.56112708934734, 175.56112708934734, 'SEARCH'
11, 27726, 175.53343444738115, 175.53343444738115, 'SEARCH'
11, 27727, 175.50725283515104, 175.50725283515104, 'SEARCH'
11, 27728, 175.53389316552523, 175.53389316552523, 'SEARCH'
11, 27729, 175.51374968907672, 175.51374968907672, 'SEARCH'
11, 27730, 175.53217031075312, 175.53217031075312, 'SEARCH'
11, 27731, 175.5043936757701, 175.5043936757701, 'SEARCH'
11, 27732, 175.5027223621211, 175.5027223621211, 'SEARCH'
11, 27733, 175.51766890906086, 175.51766890906086, 'SEARCH'
11, 27734, 175.54057128573334, 175.54057128573334, 'SEARCH'
11, 27735, 175.519452380138, 175.519452380138, 'SEARCH'
11, 27736, 175.53229366621778, 175.53229366621778, 'SEARCH'
11, 27737, 175.5296412725682, 175.5296412725682, 'SEARCH'
11, 27738, 175.50571301996752, 175.50571301996752, 'SEARCH'
11, 27739, 175.49784729191018, 175.49784729191018, 'SEARCH'
11, 27740, 175.51360467814462, 175.51360467814462, 'SEARCH'
11, 27741, 175.53376813217264, 175.53376813217264, 'SEARCH'
11, 27742, 175.52095045709927, 175.52095045709927, 'SEARCH'
11, 27743, 175.51878782287082, 175.51878782287082, 'SEARCH'
11, 27744, 175.50817449584008, 175.50817449584008, 'SEARCH'
11, 27745, 175.51882678528494, 175.51882678528494, 'SEARCH'
11, 27746, 175.54501740319873, 175.54501740319873, 'SEARCH'
11, 27747, 175.56378692172387, 175.56378692172387, 'SEARCH'
11, 27748, 175.560155401714, 175.560155401714, 'SEARCH'
11, 27749, 175.53672584964843, 175.53672584964843, 'SEARCH'
11, 27750, 175.53697729379556, 175.53697729379556, 'SEARCH'
11, 27751, 175.53288041847284, 175.53288041847284, 'SEARCH'
11, 27752, 175.55631408282943, 175.55631408282943, 'SEARCH'
11, 27753, 175.53902102363313, 175.53902102363313, 'SEARCH'
11, 27754, 175.51921429114773, 175.51921429114773, 'SEARCH'
11, 27755, 175.54694141808403, 175.54694141808403, 'SEARCH'
11, 27756, 175.51962951843205, 175.51962951843205, 'SEARCH'
11, 27757, 175.53247265036094, 175.53247265036094, 'SEARCH'
11, 27758, 175.55124793396683, 175.55124793396683, 'SEARCH'
11, 27759, 175.56097773239492, 175.56097773239492, 'SEARCH'
11, 27760, 175.58857658395507, 175.58857658395507, 'SEARCH'
11, 27761, 175.61605193959113, 175.61605193959113, 'SEARCH'
11, 27762, 175.6104813696658, 175.6104813696658, 'SEARCH'
11, 27763, 175.5827572565837, 175.5827572565837, 'SEARCH'
11, 27764, 175.55521908243327, 175.55521908243327, 'SEARCH'
11, 27765, 175.5445889863327, 175.5445889863327, 'SEARCH'
11, 27766, 175.51809862878537, 175.51809862878537, 'SEARCH'
11, 27767, 175.52222462465687, 175.52222462465687, 'SEARCH'
11, 27768, 175.5493479120019, 175.5493479120019, 'SEARCH'
11, 27769, 175.52159641900337, 175.52159641900337, 'SEARCH'
11, 27770, 175.521372676583, 175.521372676583, 'SEARCH'
11, 27771, 175.53334839833994, 175.53334839833994, 'SEARCH'
11, 27772, 175.54618584731, 175.54618584731, 'SEARCH'
11, 27773, 175.52637727544828, 175.52637727544828, 'SEARCH'
11, 27774, 175.55397836186876, 175.55397836186876, 'SEARCH'
11, 27775, 175.52721124250607, 175.52721124250607, 'SEARCH'
11, 27776, 175.55370823018896, 175.55370823018896, 'SEARCH'
11, 27777, 175.57955378370744, 175.57955378370744, 'SEARCH'
11, 27778, 175.58927015563435, 175.58927015563435, 'SEARCH'
11, 27779, 175.59573763901653, 175.59573763901653, 'SEARCH'
11, 27780, 175.59789610563624, 175.59789610563624, 'SEARCH'
11, 27781, 175.60895221777128, 175.60895221777128, 'SEARCH'
11, 27782, 175.63616674658326, 175.63616674658326, 'SEARCH'
11, 27783, 175.65525654705334, 175.65525654705334, 'SEARCH'
11, 27784, 175.64547864213648, 175.64547864213648, 'SEARCH'
11, 27785, 175.6573940740162, 175.6573940740162, 'SEARCH'
11, 27786, 175.62973902811032, 175.62973902811032, 'SEARCH'
11, 27787, 175.6501925148068, 175.6501925148068, 'SEARCH'
11, 27788, 175.677672562176, 175.677672562176, 'SEARCH'
11, 27789, 175.65885802225668, 175.65885802225668, 'SEARCH'
11, 27790, 175.67533666285743, 175.67533666285743, 'SEARCH'
11, 27791, 175.68767379343973, 175.68767379343973, 'SEARCH'
11, 27792, 175.66278306883197, 175.66278306883197, 'SEARCH'
11, 27793, 175.6446996154173, 175.6446996154173, 'SEARCH'
11, 27794, 175.62074171700488, 175.62074171700488, 'SEARCH'
11, 27795, 175.64834472190591, 175.64834472190591, 'SEARCH'
11, 27796, 175.63811871050763, 175.63811871050763, 'SEARCH'
11, 27797, 175.61065245201087, 175.61065245201087, 'SEARCH'
11, 27798, 175.60508702236746, 175.60508702236746, 'SEARCH'
11, 27799, 175.60143669433464, 175.60143669433464, 'SEARCH'
11, 27800, 175.57724898564805, 175.57724898564805, 'SEARCH'
11, 27801, 175.58875979187033, 175.58875979187033, 'SEARCH'
11, 27802, 175.5611623348007, 175.5611623348007, 'SEARCH'
11, 27803, 175.55327272309253, 175.55327272309253, 'SEARCH'
11, 27804, 175.55545630294674, 175.55545630294674, 'SEARCH'
11, 27805, 175.57038390927195, 175.57038390927195, 'SEARCH'
11, 27806, 175.5509106202472, 175.5509106202472, 'SEARCH'
11, 27807, 175.5782221940799, 175.5782221940799, 'SEARCH'
11, 27808, 175.55110085086102, 175.55110085086102, 'SEARCH'
11, 27809, 175.52692712411917, 175.52692712411917, 'SEARCH'
11, 27810, 175.55470400479055, 175.55470400479055, 'SEARCH'
11, 27811, 175.5501230999986, 175.5501230999986, 'SEARCH'
11, 27812, 175.5225838104037, 175.5225838104037, 'SEARCH'
11, 27813, 175.49609821376012, 175.49609821376012, 'SEARCH'
11, 27814, 175.52386740237287, 175.52386740237287, 'SEARCH'
11, 27815, 175.52895020842075, 175.52895020842075, 'SEARCH'
11, 27816, 175.50141248002015, 175.50141248002015, 'SEARCH'
11, 27817, 175.5291798376221, 175.5291798376221, 'SEARCH'
11, 27818, 175.5015281971906, 175.5015281971906, 'SEARCH'
11, 27819, 175.5037410857849, 175.5037410857849, 'SEARCH'
11, 27820, 175.51072754688326, 175.51072754688326, 'SEARCH'
11, 27821, 175.52526592402674, 175.52526592402674, 'SEARCH'
11, 27822, 175.49908840313765, 175.49908840313765, 'SEARCH'
11, 27823, 175.47133863074953, 175.47133863074953, 'SEARCH'
11, 27824, 175.49217658698157, 175.49217658698157, 'SEARCH'
11, 27825, 175.51956688658538, 175.51956688658538, 'SEARCH'
11, 27826, 175.49754399301997, 175.49754399301997, 'SEARCH'
11, 27827, 175.47000863857974, 175.47000863857974, 'SEARCH'
11, 27828, 175.4884534744292, 175.4884534744292, 'SEARCH'
11, 27829, 175.49163936432248, 175.49163936432248, 'SEARCH'
11, 27830, 175.48194887182783, 175.48194887182783, 'SEARCH'
11, 27831, 175.49217182582538, 175.49217182582538, 'SEARCH'
11, 27832, 175.51852681804675, 175.51852681804675, 'SEARCH'
11, 27833, 175.54360955710752, 175.54360955710752, 'SEARCH'
11, 27834, 175.53210077711412, 175.53210077711412, 'SEARCH'
11, 27835, 175.55579465059978, 175.55579465059978, 'SEARCH'
11, 27836, 175.52825515954066, 175.52825515954066, 'SEARCH'
11, 27837, 175.55267641762902, 175.55267641762902, 'SEARCH'
11, 27838, 175.55002075540963, 175.55002075540963, 'SEARCH'
11, 27839, 175.5222690521324, 175.5222690521324, 'SEARCH'
11, 27840, 175.54958602067077, 175.54958602067077, 'SEARCH'
11, 27841, 175.52204476045154, 175.52204476045154, 'SEARCH'
11, 27842, 175.54548516578507, 175.54548516578507, 'SEARCH'
11, 27843, 175.52602329229518, 175.52602329229518, 'SEARCH'
11, 27844, 175.52386573343432, 175.52386573343432, 'SEARCH'
11, 27845, 175.55146230677977, 175.55146230677977, 'SEARCH'
11, 27846, 175.5319982149222, 175.5319982149222, 'SEARCH'
11, 27847, 175.52459307160595, 175.52459307160595, 'SEARCH'
11, 27848, 175.5334289969041, 175.5334289969041, 'SEARCH'
11, 27849, 175.5129614437565, 175.5129614437565, 'SEARCH'
11, 27850, 175.5327948646567, 175.5327948646567, 'SEARCH'
11, 27851, 175.50816439041108, 175.50816439041108, 'SEARCH'
11, 27852, 175.49206039111638, 175.49206039111638, 'SEARCH'
11, 27853, 175.51896382745454, 175.51896382745454, 'SEARCH'
11, 27854, 175.54661113773636, 175.54661113773636, 'SEARCH'
11, 27855, 175.5245804499937, 175.5245804499937, 'SEARCH'
11, 27856, 175.5105026392439, 175.5105026392439, 'SEARCH'
11, 27857, 175.484328776537, 175.484328776537, 'SEARCH'
11, 27858, 175.46355528313168, 175.46355528313168, 'SEARCH'
11, 27859, 175.4894215021703, 175.4894215021703, 'SEARCH'
11, 27860, 175.46550961811704, 175.46550961811704, 'SEARCH'
11, 27861, 175.4792378813491, 175.4792378813491, 'SEARCH'
11, 27862, 175.4780759187571, 175.4780759187571, 'SEARCH'
11, 27863, 175.50251158442978, 175.50251158442978, 'SEARCH'
11, 27864, 175.50997043201312, 175.50997043201312, 'SEARCH'
11, 27865, 175.48250264681596, 175.48250264681596, 'SEARCH'
11, 27866, 175.48473023688484, 175.48473023688484, 'SEARCH'
11, 27867, 175.50764935145205, 175.50764935145205, 'SEARCH'
11, 27868, 175.4798723521783, 175.4798723521783, 'SEARCH'
11, 27869, 175.45975755306006, 175.45975755306006, 'SEARCH'
11, 27870, 175.4829549262591, 175.4829549262591, 'SEARCH'
11, 27871, 175.5104203746716, 175.5104203746716, 'SEARCH'
11, 27872, 175.53719670031194, 175.53719670031194, 'SEARCH'
11, 27873, 175.5119274779559, 175.5119274779559, 'SEARCH'
11, 27874, 175.53947181121868, 175.53947181121868, 'SEARCH'
11, 27875, 175.55358459161957, 175.55358459161957, 'SEARCH'
11, 27876, 175.52872932142802, 175.52872932142802, 'SEARCH'
11, 27877, 175.50307483648226, 175.50307483648226, 'SEARCH'
11, 27878, 175.52513528383554, 175.52513528383554, 'SEARCH'
11, 27879, 175.49744116689658, 175.49744116689658, 'SEARCH'
11, 27880, 175.50765973858162, 175.50765973858162, 'SEARCH'
11, 27881, 175.48200991740646, 175.48200991740646, 'SEARCH'
11, 27882, 175.50978702706715, 175.50978702706715, 'SEARCH'
11, 27883, 175.51677501890376, 175.51677501890376, 'SEARCH'
11, 27884, 175.54437079174627, 175.54437079174627, 'SEARCH'
11, 27885, 175.5489699468061, 175.5489699468061, 'SEARCH'
11, 27886, 175.5281737391504, 175.5281737391504, 'SEARCH'
11, 27887, 175.51711947128973, 175.51711947128973, 'SEARCH'
11, 27888, 175.52077540953664, 175.52077540953664, 'SEARCH'
11, 27889, 175.49571590451052, 175.49571590451052, 'SEARCH'
11, 27890, 175.50727409154516, 175.50727409154516, 'SEARCH'
11, 27891, 175.5123719798763, 175.5123719798763, 'SEARCH'
11, 27892, 175.51651109739637, 175.51651109739637, 'SEARCH'
11, 27893, 175.54270607584235, 175.54270607584235, 'SEARCH'
11, 27894, 175.57047389285455, 175.57047389285455, 'SEARCH'
11, 27895, 175.54300108838538, 175.54300108838538, 'SEARCH'
11, 27896, 175.56617368705216, 175.56617368705216, 'SEARCH'
11, 27897, 175.58308646419403, 175.58308646419403, 'SEARCH'
11, 27898, 175.58622500917232, 175.58622500917232, 'SEARCH'
11, 27899, 175.5584569521018, 175.5584569521018, 'SEARCH'
11, 27900, 175.5625707537362, 175.5625707537362, 'SEARCH'
11, 27901, 175.56233422898896, 175.56233422898896, 'SEARCH'
11, 27902, 175.58314263218747, 175.58314263218747, 'SEARCH'
11, 27903, 175.5933180360497, 175.5933180360497, 'SEARCH'
11, 27904, 175.59451846433822, 175.59451846433822, 'SEARCH'
11, 27905, 175.57759907782625, 175.57759907782625, 'SEARCH'
11, 27906, 175.56434286432088, 175.56434286432088, 'SEARCH'
11, 27907, 175.5370312517091, 175.5370312517091, 'SEARCH'
11, 27908, 175.5099165123201, 175.5099165123201, 'SEARCH'
11, 27909, 175.51068029766287, 175.51068029766287, 'SEARCH'
11, 27910, 175.4839225314729, 175.4839225314729, 'SEARCH'
11, 27911, 175.4600146561162, 175.4600146561162, 'SEARCH'
11, 27912, 175.48733913240133, 175.48733913240133, 'SEARCH'
11, 27913, 175.47630849536887, 175.47630849536887, 'SEARCH'
11, 27914, 175.4488442084967, 175.4488442084967, 'SEARCH'
11, 27915, 175.4265577392104, 175.4265577392104, 'SEARCH'
11, 27916, 175.3995673853416, 175.3995673853416, 'SEARCH'
11, 27917, 175.41978554554842, 175.41978554554842, 'SEARCH'
11, 27918, 175.4461559228893, 175.4461559228893, 'SEARCH'
11, 27919, 175.45904772483976, 175.45904772483976, 'SEARCH'
11, 27920, 175.48555982387455, 175.48555982387455, 'SEARCH'
11, 27921, 175.49970249652972, 175.49970249652972, 'SEARCH'
11, 27922, 175.52718157019916, 175.52718157019916, 'SEARCH'
11, 27923, 175.54293807476336, 175.54293807476336, 'SEARCH'
11, 27924, 175.51675994765034, 175.51675994765034, 'SEARCH'
11, 27925, 175.52606445649457, 175.52606445649457, 'SEARCH'
11, 27926, 175.51413188797255, 175.51413188797255, 'SEARCH'
11, 27927, 175.48652863400076, 175.48652863400076, 'SEARCH'
11, 27928, 175.5125653464521, 175.5125653464521, 'SEARCH'
11, 27929, 175.48502043369314, 175.48502043369314, 'SEARCH'
11, 27930, 175.49789336723777, 175.49789336723777, 'SEARCH'
11, 27931, 175.50156401889993, 175.50156401889993, 'SEARCH'
11, 27932, 175.5289536487103, 175.5289536487103, 'SEARCH'
11, 27933, 175.5268017920816, 175.5268017920816, 'SEARCH'
11, 27934, 175.53834746378578, 175.53834746378578, 'SEARCH'
11, 27935, 175.54672190740888, 175.54672190740888, 'SEARCH'
11, 27936, 175.5272649679875, 175.5272649679875, 'SEARCH'
11, 27937, 175.5361066452036, 175.5361066452036, 'SEARCH'
11, 27938, 175.54938235044762, 175.54938235044762, 'SEARCH'
11, 27939, 175.56920659108118, 175.56920659108118, 'SEARCH'
11, 27940, 175.56606746015567, 175.56606746015567, 'SEARCH'
11, 27941, 175.55367968722362, 175.55367968722362, 'SEARCH'
11, 27942, 175.53288507155312, 175.53288507155312, 'SEARCH'
11, 27943, 175.5606375640557, 175.5606375640557, 'SEARCH'
11, 27944, 175.57037561086295, 175.57037561086295, 'SEARCH'
11, 27945, 175.5981437314835, 175.5981437314835, 'SEARCH'
11, 27946, 175.62545440808043, 175.62545440808043, 'SEARCH'
11, 27947, 175.6459164463937, 175.6459164463937, 'SEARCH'
11, 27948, 175.62327997617328, 175.62327997617328, 'SEARCH'
11, 27949, 175.60344991228632, 175.60344991228632, 'SEARCH'
11, 27950, 175.60849871681296, 175.60849871681296, 'SEARCH'
11, 27951, 175.58833820866028, 175.58833820866028, 'SEARCH'
11, 27952, 175.61066484860143, 175.61066484860143, 'SEARCH'
11, 27953, 175.5869713184465, 175.5869713184465, 'SEARCH'
11, 27954, 175.55919456697308, 175.55919456697308, 'SEARCH'
11, 27955, 175.5485759610466, 175.5485759610466, 'SEARCH'
11, 27956, 175.5281086819526, 175.5281086819526, 'SEARCH'
11, 27957, 175.510463509715, 175.510463509715, 'SEARCH'
11, 27958, 175.5366616513069, 175.5366616513069, 'SEARCH'
11, 27959, 175.56441410764333, 175.56441410764333, 'SEARCH'
11, 27960, 175.56224447633124, 175.56224447633124, 'SEARCH'
11, 27961, 175.53455145005722, 175.53455145005722, 'SEARCH'
11, 27962, 175.5594228859062, 175.5594228859062, 'SEARCH'
11, 27963, 175.5403112919852, 175.5403112919852, 'SEARCH'
11, 27964, 175.55185247126082, 175.55185247126082, 'SEARCH'
11, 27965, 175.57962026552818, 175.57962026552818, 'SEARCH'
11, 27966, 175.57455957683763, 175.57455957683763, 'SEARCH'
11, 27967, 175.5604651745418, 175.5604651745418, 'SEARCH'
11, 27968, 175.5836357410908, 175.5836357410908, 'SEARCH'
11, 27969, 175.61132784533626, 175.61132784533626, 'SEARCH'
11, 27970, 175.5858473262764, 175.5858473262764, 'SEARCH'
11, 27971, 175.55819726156304, 175.55819726156304, 'SEARCH'
11, 27972, 175.5848352012533, 175.5848352012533, 'SEARCH'
11, 27973, 175.55705849110782, 175.55705849110782, 'SEARCH'
11, 27974, 175.5455528888398, 175.5455528888398, 'SEARCH'
11, 27975, 175.54194880506643, 175.54194880506643, 'SEARCH'
11, 27976, 175.5637029015888, 175.5637029015888, 'SEARCH'
11, 27977, 175.55582462792148, 175.55582462792148, 'SEARCH'
11, 27978, 175.53097259245814, 175.53097259245814, 'SEARCH'
11, 27979, 175.55747397126117, 175.55747397126117, 'SEARCH'
11, 27980, 175.58234012484516, 175.58234012484516, 'SEARCH'
11, 27981, 175.60800381771304, 175.60800381771304, 'SEARCH'
11, 27982, 175.6186210423389, 175.6186210423389, 'SEARCH'
11, 27983, 175.64634822262343, 175.64634822262343, 'SEARCH'
11, 27984, 175.67310604536272, 175.67310604536272, 'SEARCH'
11, 27985, 175.70085507949088, 175.70085507949088, 'SEARCH'
11, 27986, 175.67313334261752, 175.67313334261752, 'SEARCH'
11, 27987, 175.65229475219328, 175.65229475219328, 'SEARCH'
11, 27988, 175.6293799889412, 175.6293799889412, 'SEARCH'
11, 27989, 175.65692351768902, 175.65692351768902, 'SEARCH'
11, 27990, 175.66098760955364, 175.66098760955364, 'SEARCH'
11, 27991, 175.64855346975915, 175.64855346975915, 'SEARCH'
11, 27992, 175.6676475210998, 175.6676475210998, 'SEARCH'
11, 27993, 175.65309264242296, 175.65309264242296, 'SEARCH'
11, 27994, 175.68049596262856, 175.68049596262856, 'SEARCH'
11, 27995, 175.65284079639235, 175.65284079639235, 'SEARCH'
11, 27996, 175.64217431156786, 175.64217431156786, 'SEARCH'
11, 27997, 175.6192632144562, 175.6192632144562, 'SEARCH'
11, 27998, 175.6426802333147, 175.6426802333147, 'SEARCH'
11, 27999, 175.6575772027388, 175.6575772027388, 'SEARCH'
11, 28000, 175.64302770239107, 175.64302770239107, 'SEARCH'
11, 28001, 175.66617285343574, 175.66617285343574, 'SEARCH'
11, 28002, 175.6564011362786, 175.6564011362786, 'SEARCH'
11, 28003, 175.6288065742064, 175.6288065742064, 'SEARCH'
11, 28004, 175.60562945738354, 175.60562945738354, 'SEARCH'
11, 28005, 175.6273617056643, 175.6273617056643, 'SEARCH'
11, 28006, 175.65483085567317, 175.65483085567317, 'SEARCH'
11, 28007, 175.6579358396256, 175.6579358396256, 'SEARCH'
11, 28008, 175.64862431035877, 175.64862431035877, 'SEARCH'
11, 28009, 175.66184713791674, 175.66184713791674, 'SEARCH'
11, 28010, 175.68939292894896, 175.68939292894896, 'SEARCH'
11, 28011, 175.67401151454365, 175.67401151454365, 'SEARCH'
11, 28012, 175.6971470074847, 175.6971470074847, 'SEARCH'
11, 28013, 175.71322532439527, 175.71322532439527, 'SEARCH'
11, 28014, 175.7007651233433, 175.7007651233433, 'SEARCH'
11, 28015, 175.67839647266112, 175.67839647266112, 'SEARCH'
11, 28016, 175.704563244169, 175.704563244169, 'SEARCH'
11, 28017, 175.69522647016555, 175.69522647016555, 'SEARCH'
11, 28018, 175.72291362794223, 175.72291362794223, 'SEARCH'
11, 28019, 175.69558670146367, 175.69558670146367, 'SEARCH'
11, 28020, 175.67351087987325, 175.67351087987325, 'SEARCH'
11, 28021, 175.68041765160393, 175.68041765160393, 'SEARCH'
11, 28022, 175.7081665936807, 175.7081665936807, 'SEARCH'
11, 28023, 175.72220439840163, 175.72220439840163, 'SEARCH'
11, 28024, 175.73320886892847, 175.73320886892847, 'SEARCH'
11, 28025, 175.7061789323115, 175.7061789323115, 'SEARCH'
11, 28026, 175.71259664118384, 175.71259664118384, 'SEARCH'
11, 28027, 175.70463787722022, 175.70463787722022, 'SEARCH'
11, 28028, 175.7324139245301, 175.7324139245301, 'SEARCH'
11, 28029, 175.7057562830727, 175.7057562830727, 'SEARCH'
11, 28030, 175.72103087683996, 175.72103087683996, 'SEARCH'
11, 28031, 175.7094413764214, 175.7094413764214, 'SEARCH'
11, 28032, 175.68195841211175, 175.68195841211175, 'SEARCH'
11, 28033, 175.6575211083509, 175.6575211083509, 'SEARCH'
11, 28034, 175.65194444827765, 175.65194444827765, 'SEARCH'
11, 28035, 175.63823466400234, 175.63823466400234, 'SEARCH'
11, 28036, 175.66588188042095, 175.66588188042095, 'SEARCH'
11, 28037, 175.69364894768103, 175.69364894768103, 'SEARCH'
11, 28038, 175.6904441562504, 175.6904441562504, 'SEARCH'
11, 28039, 175.68296437193877, 175.68296437193877, 'SEARCH'
11, 28040, 175.65676187750967, 175.65676187750967, 'SEARCH'
11, 28041, 175.67963244600156, 175.67963244600156, 'SEARCH'
11, 28042, 175.6879357606371, 175.6879357606371, 'SEARCH'
11, 28043, 175.70321990817502, 175.70321990817502, 'SEARCH'
11, 28044, 175.68056741443158, 175.68056741443158, 'SEARCH'
11, 28045, 175.7078895341975, 175.7078895341975, 'SEARCH'
11, 28046, 175.69500238871427, 175.69500238871427, 'SEARCH'
11, 28047, 175.72259465583653, 175.72259465583653, 'SEARCH'
11, 28048, 175.73662634111926, 175.73662634111926, 'SEARCH'
11, 28049, 175.7556851849044, 175.7556851849044, 'SEARCH'
11, 28050, 175.77290139712474, 175.77290139712474, 'SEARCH'
11, 28051, 175.80067697744076, 175.80067697744076, 'SEARCH'
11, 28052, 175.7729313019511, 175.7729313019511, 'SEARCH'
11, 28053, 175.78346244748897, 175.78346244748897, 'SEARCH'
11, 28054, 175.8111229643153, 175.8111229643153, 'SEARCH'
11, 28055, 175.82792989598076, 175.82792989598076, 'SEARCH'
11, 28056, 175.80068225598941, 175.80068225598941, 'SEARCH'
11, 28057, 175.78011914147993, 175.78011914147993, 'SEARCH'
11, 28058, 175.78790186161663, 175.78790186161663, 'SEARCH'
11, 28059, 175.78272606276212, 175.78272606276212, 'SEARCH'
11, 28060, 175.7681163994376, 175.7681163994376, 'SEARCH'
11, 28061, 175.79122249229133, 175.79122249229133, 'SEARCH'
11, 28062, 175.76826375718213, 175.76826375718213, 'SEARCH'
11, 28063, 175.78800344430616, 175.78800344430616, 'SEARCH'
11, 28064, 175.7602279718071, 175.7602279718071, 'SEARCH'
11, 28065, 175.73356618812483, 175.73356618812483, 'SEARCH'
11, 28066, 175.74717245548578, 175.74717245548578, 'SEARCH'
11, 28067, 175.74877749516818, 175.74877749516818, 'SEARCH'
11, 28068, 175.73218094803332, 175.73218094803332, 'SEARCH'
11, 28069, 175.72283150725744, 175.72283150725744, 'SEARCH'
11, 28070, 175.70703538016494, 175.70703538016494, 'SEARCH'
11, 28071, 175.67948664551602, 175.67948664551602, 'SEARCH'
11, 28072, 175.70636709010935, 175.70636709010935, 'SEARCH'
11, 28073, 175.701240065406, 175.701240065406, 'SEARCH'
11, 28074, 175.71090914240975, 175.71090914240975, 'SEARCH'
11, 28075, 175.73839185752215, 175.73839185752215, 'SEARCH'
11, 28076, 175.73135448776844, 175.73135448776844, 'SEARCH'
11, 28077, 175.74496254766947, 175.74496254766947, 'SEARCH'
11, 28078, 175.76062271367846, 175.76062271367846, 'SEARCH'
11, 28079, 175.76934350544374, 175.76934350544374, 'SEARCH'
11, 28080, 175.7953257783356, 175.7953257783356, 'SEARCH'
11, 28081, 175.7873223880473, 175.7873223880473, 'SEARCH'
11, 28082, 175.79179441797837, 175.79179441797837, 'SEARCH'
11, 28083, 175.78286973750753, 175.78286973750753, 'SEARCH'
11, 28084, 175.8039196627633, 175.8039196627633, 'SEARCH'
11, 28085, 175.83065377745578, 175.83065377745578, 'SEARCH'
11, 28086, 175.8076823173369, 175.8076823173369, 'SEARCH'
11, 28087, 175.8315521671512, 175.8315521671512, 'SEARCH'
11, 28088, 175.85258298312874, 175.85258298312874, 'SEARCH'
11, 28089, 175.8800778811641, 175.8800778811641, 'SEARCH'
11, 28090, 175.85417116617094, 175.85417116617094, 'SEARCH'
11, 28091, 175.88061652389038, 175.88061652389038, 'SEARCH'
11, 28092, 175.90829479938148, 175.90829479938148, 'SEARCH'
11, 28093, 175.93021809794658, 175.93021809794658, 'SEARCH'
11, 28094, 175.93219790236714, 175.93219790236714, 'SEARCH'
11, 28095, 175.95814537695534, 175.95814537695534, 'SEARCH'
11, 28096, 175.97780514884795, 175.97780514884795, 'SEARCH'
11, 28097, 175.97733380616654, 175.97733380616654, 'SEARCH'
11, 28098, 175.98908565564358, 175.98908565564358, 'SEARCH'
11, 28099, 176.01036892318209, 176.01036892318209, 'SEARCH'
11, 28100, 176.02784515452404, 176.02784515452404, 'SEARCH'
11, 28101, 176.00785175314292, 176.00785175314292, 'SEARCH'
11, 28102, 176.0015984658925, 176.0015984658925, 'SEARCH'
11, 28103, 176.00353517659624, 176.00353517659624, 'SEARCH'
11, 28104, 175.9832183298613, 175.9832183298613, 'SEARCH'
11, 28105, 175.95728920081456, 175.95728920081456, 'SEARCH'
11, 28106, 175.9672681256745, 175.9672681256745, 'SEARCH'
11, 28107, 175.99433843693504, 175.99433843693504, 'SEARCH'
11, 28108, 175.99192087856284, 175.99192087856284, 'SEARCH'
11, 28109, 175.97520772631546, 175.97520772631546, 'SEARCH'
11, 28110, 176.00096849124992, 176.00096849124992, 'SEARCH'
11, 28111, 175.97319495447482, 175.97319495447482, 'SEARCH'
11, 28112, 175.9891410189043, 175.9891410189043, 'SEARCH'
11, 28113, 175.97696999701924, 175.97696999701924, 'SEARCH'
11, 28114, 176.00027405476422, 176.00027405476422, 'SEARCH'
11, 28115, 176.00317745677086, 176.00317745677086, 'SEARCH'
11, 28116, 176.030887704628, 176.030887704628, 'SEARCH'
11, 28117, 176.0530606628257, 176.0530606628257, 'SEARCH'
11, 28118, 176.08011918472752, 176.08011918472752, 'SEARCH'
11, 28119, 176.05245142097849, 176.05245142097849, 'SEARCH'
11, 28120, 176.06589030675343, 176.06589030675343, 'SEARCH'
11, 28121, 176.04953035715317, 176.04953035715317, 'SEARCH'
11, 28122, 176.04563443041863, 176.04563443041863, 'SEARCH'
11, 28123, 176.0694302321727, 176.0694302321727, 'SEARCH'
11, 28124, 176.0420671099369, 176.0420671099369, 'SEARCH'
11, 28125, 176.06301435279028, 176.06301435279028, 'SEARCH'
11, 28126, 176.08262888771836, 176.08262888771836, 'SEARCH'
11, 28127, 176.10007061848097, 176.10007061848097, 'SEARCH'
11, 28128, 176.12034409509874, 176.12034409509874, 'SEARCH'
11, 28129, 176.1337464045643, 176.1337464045643, 'SEARCH'
11, 28130, 176.13705016035726, 176.13705016035726, 'SEARCH'
11, 28131, 176.1243643659037, 176.1243643659037, 'SEARCH'
11, 28132, 176.12380316023012, 176.12380316023012, 'SEARCH'
11, 28133, 176.096223259195, 176.096223259195, 'SEARCH'
11, 28134, 176.1121074274377, 176.1121074274377, 'SEARCH'
11, 28135, 176.116384685452, 176.116384685452, 'SEARCH'
11, 28136, 176.11679782883107, 176.11679782883107, 'SEARCH'
11, 28137, 176.08937338966678, 176.08937338966678, 'SEARCH'
11, 28138, 176.06578737050393, 176.06578737050393, 'SEARCH'
11, 28139, 176.0405950489843, 176.0405950489843, 'SEARCH'
11, 28140, 176.0137573110163, 176.0137573110163, 'SEARCH'
11, 28141, 175.98601715916288, 175.98601715916288, 'SEARCH'
11, 28142, 175.95975556196115, 175.95975556196115, 'SEARCH'
11, 28143, 175.98166001820954, 175.98166001820954, 'SEARCH'
11, 28144, 175.95398893152088, 175.95398893152088, 'SEARCH'
11, 28145, 175.92622709916924, 175.92622709916924, 'SEARCH'
11, 28146, 175.91497044680852, 175.91497044680852, 'SEARCH'
11, 28147, 175.94193575384924, 175.94193575384924, 'SEARCH'
11, 28148, 175.94631655324483, 175.94631655324483, 'SEARCH'
11, 28149, 175.95938669789675, 175.95938669789675, 'SEARCH'
11, 28150, 175.93222116071274, 175.93222116071274, 'SEARCH'
11, 28151, 175.95993416401112, 175.95993416401112, 'SEARCH'
11, 28152, 175.97889666740343, 175.97889666740343, 'SEARCH'
11, 28153, 175.97360922842043, 175.97360922842043, 'SEARCH'
11, 28154, 175.9475122452097, 175.9475122452097, 'SEARCH'
11, 28155, 175.91973815018184, 175.91973815018184, 'SEARCH'
11, 28156, 175.89333530570707, 175.89333530570707, 'SEARCH'
11, 28157, 175.91555929831696, 175.91555929831696, 'SEARCH'
11, 28158, 175.90936161768872, 175.90936161768872, 'SEARCH'
11, 28159, 175.93693913202728, 175.93693913202728, 'SEARCH'
11, 28160, 175.927932528384, 175.927932528384, 'SEARCH'
11, 28161, 175.90974241301663, 175.90974241301663, 'SEARCH'
11, 28162, 175.91509761129765, 175.91509761129765, 'SEARCH'
11, 28163, 175.88743017908357, 175.88743017908357, 'SEARCH'
11, 28164, 175.9145116469671, 175.9145116469671, 'SEARCH'
11, 28165, 175.93757010387506, 175.93757010387506, 'SEARCH'
11, 28166, 175.92810598597544, 175.92810598597544, 'SEARCH'
11, 28167, 175.95350038644548, 175.95350038644548, 'SEARCH'
11, 28168, 175.981208467881, 175.981208467881, 'SEARCH'
11, 28169, 175.99207286020308, 175.99207286020308, 'SEARCH'
11, 28170, 175.99690127540234, 175.99690127540234, 'SEARCH'
11, 28171, 176.0246112533387, 176.0246112533387, 'SEARCH'
11, 28172, 176.02941973195252, 176.02941973195252, 'SEARCH'
11, 28173, 176.05719750369107, 176.05719750369107, 'SEARCH'
11, 28174, 176.06246279182776, 176.06246279182776, 'SEARCH'
11, 28175, 176.0485402163468, 176.0485402163468, 'SEARCH'
11, 28176, 176.05981080916317, 176.05981080916317, 'SEARCH'
11, 28177, 176.05165370734298, 176.05165370734298, 'SEARCH'
11, 28178, 176.0624776703366, 176.0624776703366, 'SEARCH'
11, 28179, 176.0348090227816, 176.0348090227816, 'SEARCH'
11, 28180, 176.0610663437296, 176.0610663437296, 'SEARCH'
11, 28181, 176.04510244060666, 176.04510244060666, 'SEARCH'
11, 28182, 176.0621819324507, 176.0621819324507, 'SEARCH'
11, 28183, 176.03534062498045, 176.03534062498045, 'SEARCH'
11, 28184, 176.04436328967265, 176.04436328967265, 'SEARCH'
11, 28185, 176.03668002161808, 176.03668002161808, 'SEARCH'
11, 28186, 176.041002743699, 176.041002743699, 'SEARCH'
11, 28187, 176.0134988834491, 176.0134988834491, 'SEARCH'
11, 28188, 176.00399037971314, 176.00399037971314, 'SEARCH'
11, 28189, 175.9896816230668, 175.9896816230668, 'SEARCH'
11, 28190, 176.00754179011747, 176.00754179011747, 'SEARCH'
11, 28191, 175.99623922811662, 175.99623922811662, 'SEARCH'
11, 28192, 175.97268358754516, 175.97268358754516, 'SEARCH'
11, 28193, 175.94492213794814, 175.94492213794814, 'SEARCH'
11, 28194, 175.93321409273912, 175.93321409273912, 'SEARCH'
11, 28195, 175.94755665373603, 175.94755665373603, 'SEARCH'
11, 28196, 175.96351632404836, 175.96351632404836, 'SEARCH'
11, 28197, 175.9664427101118, 175.9664427101118, 'SEARCH'
11, 28198, 175.95880641821046, 175.95880641821046, 'SEARCH'
11, 28199, 175.98157550931185, 175.98157550931185, 'SEARCH'
11, 28200, 175.97486671799885, 175.97486671799885, 'SEARCH'
11, 28201, 175.9667604319029, 175.9667604319029, 'SEARCH'
11, 28202, 175.99173611559524, 175.99173611559524, 'SEARCH'
11, 28203, 175.98691768913187, 175.98691768913187, 'SEARCH'
11, 28204, 175.96660794130375, 175.96660794130375, 'SEARCH'
11, 28205, 175.9435909181949, 175.9435909181949, 'SEARCH'
11, 28206, 175.9663655622139, 175.9663655622139, 'SEARCH'
11, 28207, 175.94362353695485, 175.94362353695485, 'SEARCH'
11, 28208, 175.9159942260915, 175.9159942260915, 'SEARCH'
11, 28209, 175.9232349246091, 175.9232349246091, 'SEARCH'
11, 28210, 175.9016781268724, 175.9016781268724, 'SEARCH'
11, 28211, 175.87673896175656, 175.87673896175656, 'SEARCH'
11, 28212, 175.84896129354203, 175.84896129354203, 'SEARCH'
11, 28213, 175.87417676307882, 175.87417676307882, 'SEARCH'
11, 28214, 175.84763614199494, 175.84763614199494, 'SEARCH'
11, 28215, 175.8686634687136, 175.8686634687136, 'SEARCH'
11, 28216, 175.8408914982827, 175.8408914982827, 'SEARCH'
11, 28217, 175.85228174603103, 175.85228174603103, 'SEARCH'
11, 28218, 175.87614003900768, 175.87614003900768, 'SEARCH'
11, 28219, 175.85948574445698, 175.85948574445698, 'SEARCH'
11, 28220, 175.88382382837045, 175.88382382837045, 'SEARCH'
11, 28221, 175.90545753683446, 175.90545753683446, 'SEARCH'
11, 28222, 175.9332003225994, 175.9332003225994, 'SEARCH'
11, 28223, 175.92328526134284, 175.92328526134284, 'SEARCH'
11, 28224, 175.89554304425172, 175.89554304425172, 'SEARCH'
11, 28225, 175.87736931221346, 175.87736931221346, 'SEARCH'
11, 28226, 175.85677863076882, 175.85677863076882, 'SEARCH'
11, 28227, 175.87930472825525, 175.87930472825525, 'SEARCH'
11, 28228, 175.89367708891584, 175.89367708891584, 'SEARCH'
11, 28229, 175.89180691244593, 175.89180691244593, 'SEARCH'
11, 28230, 175.86854810306397, 175.86854810306397, 'SEARCH'
11, 28231, 175.84529741032821, 175.84529741032821, 'SEARCH'
11, 28232, 175.82105036471052, 175.82105036471052, 'SEARCH'
11, 28233, 175.84176942867006, 175.84176942867006, 'SEARCH'
11, 28234, 175.8645813780361, 175.8645813780361, 'SEARCH'
11, 28235, 175.85470741122327, 175.85470741122327, 'SEARCH'
11, 28236, 175.8408989169767, 175.8408989169767, 'SEARCH'
11, 28237, 175.8573083822371, 175.8573083822371, 'SEARCH'
11, 28238, 175.88375465252128, 175.88375465252128, 'SEARCH'
11, 28239, 175.86558692704764, 175.86558692704764, 'SEARCH'
11, 28240, 175.8925602498009, 175.8925602498009, 'SEARCH'
11, 28241, 175.9135694191619, 175.9135694191619, 'SEARCH'
11, 28242, 175.94128333416947, 175.94128333416947, 'SEARCH'
11, 28243, 175.95953553275794, 175.95953553275794, 'SEARCH'
11, 28244, 175.97953517877968, 175.97953517877968, 'SEARCH'
11, 28245, 175.9579560413057, 175.9579560413057, 'SEARCH'
11, 28246, 175.96136803517317, 175.96136803517317, 'SEARCH'
11, 28247, 175.94353180309642, 175.94353180309642, 'SEARCH'
11, 28248, 175.97024347743456, 175.97024347743456, 'SEARCH'
11, 28249, 175.94248329388952, 175.94248329388952, 'SEARCH'
11, 28250, 175.9663124799005, 175.9663124799005, 'SEARCH'
11, 28251, 175.96343041260837, 175.96343041260837, 'SEARCH'
11, 28252, 175.96248445139744, 175.96248445139744, 'SEARCH'
11, 28253, 175.93731943226263, 175.93731943226263, 'SEARCH'
11, 28254, 175.96063775440547, 175.96063775440547, 'SEARCH'
11, 28255, 175.98837612764743, 175.98837612764743, 'SEARCH'
11, 28256, 176.01494233271586, 176.01494233271586, 'SEARCH'
11, 28257, 176.02754461762908, 176.02754461762908, 'SEARCH'
11, 28258, 176.0000396434467, 176.0000396434467, 'SEARCH'
11, 28259, 175.98332253910064, 175.98332253910064, 'SEARCH'
11, 28260, 175.98863332668253, 175.98863332668253, 'SEARCH'
11, 28261, 175.9616824397617, 175.9616824397617, 'SEARCH'
11, 28262, 175.93405942270766, 175.93405942270766, 'SEARCH'
11, 28263, 175.9583749820844, 175.9583749820844, 'SEARCH'
11, 28264, 175.96464975750456, 175.96464975750456, 'SEARCH'
11, 28265, 175.97462570129034, 175.97462570129034, 'SEARCH'
11, 28266, 175.9901724084136, 175.9901724084136, 'SEARCH'
11, 28267, 176.01145549842056, 176.01145549842056, 'SEARCH'
11, 28268, 175.98488931520149, 175.98488931520149, 'SEARCH'
11, 28269, 175.99530410374751, 175.99530410374751, 'SEARCH'
11, 28270, 176.00296361462838, 176.00296361462838, 'SEARCH'
11, 28271, 175.97613184563915, 175.97613184563915, 'SEARCH'
11, 28272, 175.9610159348465, 175.9610159348465, 'SEARCH'
11, 28273, 175.96055637387724, 175.96055637387724, 'SEARCH'
11, 28274, 175.97231891735328, 175.97231891735328, 'SEARCH'
11, 28275, 175.9999894231116, 175.9999894231116, 'SEARCH'
11, 28276, 176.0167065125617, 176.0167065125617, 'SEARCH'
11, 28277, 176.04446698874906, 176.04446698874906, 'SEARCH'
11, 28278, 176.01710622629815, 176.01710622629815, 'SEARCH'
11, 28279, 176.04303503884498, 176.04303503884498, 'SEARCH'
11, 28280, 176.06754824498927, 176.06754824498927, 'SEARCH'
11, 28281, 176.03980627669318, 176.03980627669318, 'SEARCH'
11, 28282, 176.0271724239521, 176.0271724239521, 'SEARCH'
11, 28283, 176.05443647447387, 176.05443647447387, 'SEARCH'
11, 28284, 176.08187776829274, 176.08187776829274, 'SEARCH'
11, 28285, 176.08760109081203, 176.08760109081203, 'SEARCH'
11, 28286, 176.06003735717567, 176.06003735717567, 'SEARCH'
11, 28287, 176.08248710772176, 176.08248710772176, 'SEARCH'
11, 28288, 176.0914799719071, 176.0914799719071, 'SEARCH'
11, 28289, 176.06374343908846, 176.06374343908846, 'SEARCH'
11, 28290, 176.08081246966674, 176.08081246966674, 'SEARCH'
11, 28291, 176.05329775648715, 176.05329775648715, 'SEARCH'
11, 28292, 176.03231087018983, 176.03231087018983, 'SEARCH'
11, 28293, 176.05659566004178, 176.05659566004178, 'SEARCH'
11, 28294, 176.08417085261166, 176.08417085261166, 'SEARCH'
11, 28295, 176.07977133977917, 176.07977133977917, 'SEARCH'
11, 28296, 176.10744789522255, 176.10744789522255, 'SEARCH'
11, 28297, 176.11410001735436, 176.11410001735436, 'SEARCH'
11, 28298, 176.08712946360825, 176.08712946360825, 'SEARCH'
11, 28299, 176.06406892914126, 176.06406892914126, 'SEARCH'
11, 28300, 176.05920422819358, 176.05920422819358, 'SEARCH'
11, 28301, 176.0317745110369, 176.0317745110369, 'SEARCH'
11, 28302, 176.03513919216468, 176.03513919216468, 'SEARCH'
11, 28303, 176.06291696046824, 176.06291696046824, 'SEARCH'
11, 28304, 176.0354152611719, 176.0354152611719, 'SEARCH'
11, 28305, 176.03732987629158, 176.03732987629158, 'SEARCH'
11, 28306, 176.01062145106678, 176.01062145106678, 'SEARCH'
11, 28307, 176.02146870503708, 176.02146870503708, 'SEARCH'
11, 28308, 176.04110063286652, 176.04110063286652, 'SEARCH'
11, 28309, 176.0557978075677, 176.0557978075677, 'SEARCH'
11, 28310, 176.06295194736433, 176.06295194736433, 'SEARCH'
11, 28311, 176.09069378362125, 176.09069378362125, 'SEARCH'
11, 28312, 176.11847149791222, 176.11847149791222, 'SEARCH'
11, 28313, 176.09083788828235, 176.09083788828235, 'SEARCH'
11, 28314, 176.11861240987895, 176.11861240987895, 'SEARCH'
11, 28315, 176.1462460293448, 176.1462460293448, 'SEARCH'
11, 28316, 176.17394929695377, 176.17394929695377, 'SEARCH'
11, 28317, 176.20158657979312, 176.20158657979312, 'SEARCH'
11, 28318, 176.1738306436632, 176.1738306436632, 'SEARCH'
11, 28319, 176.1997224251922, 176.1997224251922, 'SEARCH'
11, 28320, 176.19381921593654, 176.19381921593654, 'SEARCH'
11, 28321, 176.20717491300485, 176.20717491300485, 'SEARCH'
11, 28322, 176.1915293354932, 176.1915293354932, 'SEARCH'
11, 28323, 176.18515831805692, 176.18515831805692, 'SEARCH'
11, 28324, 176.1581765091973, 176.1581765091973, 'SEARCH'
11, 28325, 176.1467834655456, 176.1467834655456, 'SEARCH'
11, 28326, 176.16975822031483, 176.16975822031483, 'SEARCH'
11, 28327, 176.17823584278239, 176.17823584278239, 'SEARCH'
11, 28328, 176.19744741597438, 176.19744741597438, 'SEARCH'
11, 28329, 176.1822097626089, 176.1822097626089, 'SEARCH'
11, 28330, 176.15884824235374, 176.15884824235374, 'SEARCH'
11, 28331, 176.14528990665312, 176.14528990665312, 'SEARCH'
11, 28332, 176.16905065840828, 176.16905065840828, 'SEARCH'
11, 28333, 176.19025787054352, 176.19025787054352, 'SEARCH'
11, 28334, 176.20009530036975, 176.20009530036975, 'SEARCH'
11, 28335, 176.18036030364038, 176.18036030364038, 'SEARCH'
11, 28336, 176.15390551539136, 176.15390551539136, 'SEARCH'
11, 28337, 176.17740839620066, 176.17740839620066, 'SEARCH'
11, 28338, 176.16917496742747, 176.16917496742747, 'SEARCH'
11, 28339, 176.19488797830755, 176.19488797830755, 'SEARCH'
11, 28340, 176.1720600975008, 176.1720600975008, 'SEARCH'
11, 28341, 176.18280889949062, 176.18280889949062, 'SEARCH'
11, 28342, 176.1667772722816, 176.1667772722816, 'SEARCH'
11, 28343, 176.15493788647498, 176.15493788647498, 'SEARCH'
11, 28344, 176.170786369635, 176.170786369635, 'SEARCH'
11, 28345, 176.1482473172912, 176.1482473172912, 'SEARCH'
11, 28346, 176.1760249211011, 176.1760249211011, 'SEARCH'
11, 28347, 176.15060140382727, 176.15060140382727, 'SEARCH'
11, 28348, 176.14472840144268, 176.14472840144268, 'SEARCH'
11, 28349, 176.13697951078655, 176.13697951078655, 'SEARCH'
11, 28350, 176.16449947146657, 176.16449947146657, 'SEARCH'
11, 28351, 176.18874131124838, 176.18874131124838, 'SEARCH'
11, 28352, 176.17079022957935, 176.17079022957935, 'SEARCH'
11, 28353, 176.14464904880086, 176.14464904880086, 'SEARCH'
11, 28354, 176.1246007048944, 176.1246007048944, 'SEARCH'
11, 28355, 176.1259717128828, 176.1259717128828, 'SEARCH'
11, 28356, 176.15204549069114, 176.15204549069114, 'SEARCH'
11, 28357, 176.12574830608835, 176.12574830608835, 'SEARCH'
11, 28358, 176.124695199287, 176.124695199287, 'SEARCH'
11, 28359, 176.09761079498773, 176.09761079498773, 'SEARCH'
11, 28360, 176.1033224764684, 176.1033224764684, 'SEARCH'
11, 28361, 176.09065027757075, 176.09065027757075, 'SEARCH'
11, 28362, 176.08529066587946, 176.08529066587946, 'SEARCH'
11, 28363, 176.10383526837506, 176.10383526837506, 'SEARCH'
11, 28364, 176.13159361739508, 176.13159361739508, 'SEARCH'
11, 28365, 176.1382283396602, 176.1382283396602, 'SEARCH'
11, 28366, 176.165477979807, 176.165477979807, 'SEARCH'
11, 28367, 176.1687534077059, 176.1687534077059, 'SEARCH'
11, 28368, 176.18254441274013, 176.18254441274013, 'SEARCH'
11, 28369, 176.17292912323688, 176.17292912323688, 'SEARCH'
11, 28370, 176.191429846326, 176.191429846326, 'SEARCH'
11, 28371, 176.2039262579947, 176.2039262579947, 'SEARCH'
11, 28372, 176.17732258024543, 176.17732258024543, 'SEARCH'
11, 28373, 176.1534513454532, 176.1534513454532, 'SEARCH'
11, 28374, 176.18122893245499, 176.18122893245499, 'SEARCH'
11, 28375, 176.15462961778175, 176.15462961778175, 'SEARCH'
11, 28376, 176.18215131289193, 176.18215131289193, 'SEARCH'
11, 28377, 176.17437731148433, 176.17437731148433, 'SEARCH'
11, 28378, 176.14777929665698, 176.14777929665698, 'SEARCH'
11, 28379, 176.1683556736415, 176.1683556736415, 'SEARCH'
11, 28380, 176.15966436892901, 176.15966436892901, 'SEARCH'
11, 28381, 176.148712004381, 176.148712004381, 'SEARCH'
11, 28382, 176.17384478087538, 176.17384478087538, 'SEARCH'
11, 28383, 176.20157812225523, 176.20157812225523, 'SEARCH'
11, 28384, 176.22556627673444, 176.22556627673444, 'SEARCH'
11, 28385, 176.209116317598, 176.209116317598, 'SEARCH'
11, 28386, 176.21569963105472, 176.21569963105472, 'SEARCH'
11, 28387, 176.24341950427825, 176.24341950427825, 'SEARCH'
11, 28388, 176.2398714881606, 176.2398714881606, 'SEARCH'
11, 28389, 176.24116370621576, 176.24116370621576, 'SEARCH'
11, 28390, 176.21679023504976, 176.21679023504976, 'SEARCH'
11, 28391, 176.2421066249079, 176.2421066249079, 'SEARCH'
11, 28392, 176.21925903231346, 176.21925903231346, 'SEARCH'
11, 28393, 176.24247444390952, 176.24247444390952, 'SEARCH'
11, 28394, 176.22412724504957, 176.22412724504957, 'SEARCH'
11, 28395, 176.2065286277318, 176.2065286277318, 'SEARCH'
11, 28396, 176.1937934676127, 176.1937934676127, 'SEARCH'
11, 28397, 176.16920584150657, 176.16920584150657, 'SEARCH'
11, 28398, 176.1758146814826, 176.1758146814826, 'SEARCH'
11, 28399, 176.2033384520038, 176.2033384520038, 'SEARCH'
11, 28400, 176.1826036246749, 176.1826036246749, 'SEARCH'
11, 28401, 176.1642865446553, 176.1642865446553, 'SEARCH'
11, 28402, 176.19180927340034, 176.19180927340034, 'SEARCH'
11, 28403, 176.21803105097086, 176.21803105097086, 'SEARCH'
11, 28404, 176.2458067850909, 176.2458067850909, 'SEARCH'
11, 28405, 176.26239044083079, 176.26239044083079, 'SEARCH'
11, 28406, 176.28917508358643, 176.28917508358643, 'SEARCH'
11, 28407, 176.31690382999, 176.31690382999, 'SEARCH'
11, 28408, 176.28915369628675, 176.28915369628675, 'SEARCH'
11, 28409, 176.2616075739646, 176.2616075739646, 'SEARCH'
11, 28410, 176.23440045088398, 176.23440045088398, 'SEARCH'
11, 28411, 176.26044818267889, 176.26044818267889, 'SEARCH'
11, 28412, 176.23481003514922, 176.23481003514922, 'SEARCH'
11, 28413, 176.26194720270394, 176.26194720270394, 'SEARCH'
11, 28414, 176.23426019004265, 176.23426019004265, 'SEARCH'
11, 28415, 176.24315316167713, 176.24315316167713, 'SEARCH'
11, 28416, 176.23769078730723, 176.23769078730723, 'SEARCH'
11, 28417, 176.26529903071363, 176.26529903071363, 'SEARCH'
11, 28418, 176.27903136211057, 176.27903136211057, 'SEARCH'
11, 28419, 176.258261871215, 176.258261871215, 'SEARCH'
11, 28420, 176.244220982136, 176.244220982136, 'SEARCH'
11, 28421, 176.27100871293626, 176.27100871293626, 'SEARCH'
11, 28422, 176.2812430116652, 176.2812430116652, 'SEARCH'
11, 28423, 176.30837326382417, 176.30837326382417, 'SEARCH'
11, 28424, 176.28421255314265, 176.28421255314265, 'SEARCH'
11, 28425, 176.2983526401184, 176.2983526401184, 'SEARCH'
11, 28426, 176.3053451705769, 176.3053451705769, 'SEARCH'
11, 28427, 176.31689523179347, 176.31689523179347, 'SEARCH'
11, 28428, 176.32664741330473, 176.32664741330473, 'SEARCH'
11, 28429, 176.30754026262147, 176.30754026262147, 'SEARCH'
11, 28430, 176.3353166850932, 176.3353166850932, 'SEARCH'
11, 28431, 176.36243882752458, 176.36243882752458, 'SEARCH'
11, 28432, 176.3866126163058, 176.3866126163058, 'SEARCH'
11, 28433, 176.36112986921478, 176.36112986921478, 'SEARCH'
11, 28434, 176.3652308838791, 176.3652308838791, 'SEARCH'
11, 28435, 176.392998936763, 176.392998936763, 'SEARCH'
11, 28436, 176.38145524207027, 176.38145524207027, 'SEARCH'
11, 28437, 176.40091130469276, 176.40091130469276, 'SEARCH'
11, 28438, 176.40641736456965, 176.40641736456965, 'SEARCH'
11, 28439, 176.37869365344426, 176.37869365344426, 'SEARCH'
11, 28440, 176.35635388315688, 176.35635388315688, 'SEARCH'
11, 28441, 176.35853102842287, 176.35853102842287, 'SEARCH'
11, 28442, 176.33163705104494, 176.33163705104494, 'SEARCH'
11, 28443, 176.3576607955412, 176.3576607955412, 'SEARCH'
11, 28444, 176.33961795024317, 176.33961795024317, 'SEARCH'
11, 28445, 176.36683984035432, 176.36683984035432, 'SEARCH'
11, 28446, 176.39373034395427, 176.39373034395427, 'SEARCH'
11, 28447, 176.39876445000598, 176.39876445000598, 'SEARCH'
11, 28448, 176.4224321033153, 176.4224321033153, 'SEARCH'
11, 28449, 176.44658472516878, 176.44658472516878, 'SEARCH'
11, 28450, 176.4576012208583, 176.4576012208583, 'SEARCH'
11, 28451, 176.47367234249754, 176.47367234249754, 'SEARCH'
11, 28452, 176.49756359128193, 176.49756359128193, 'SEARCH'
11, 28453, 176.49528360208737, 176.49528360208737, 'SEARCH'
11, 28454, 176.46762434311827, 176.46762434311827, 'SEARCH'
11, 28455, 176.4907433195189, 176.4907433195189, 'SEARCH'
11, 28456, 176.51082600844995, 176.51082600844995, 'SEARCH'
11, 28457, 176.4849407409874, 176.4849407409874, 'SEARCH'
11, 28458, 176.46575256487364, 176.46575256487364, 'SEARCH'
11, 28459, 176.49339470567435, 176.49339470567435, 'SEARCH'
11, 28460, 176.5207750399103, 176.5207750399103, 'SEARCH'
11, 28461, 176.52901553201409, 176.52901553201409, 'SEARCH'
11, 28462, 176.54464688343305, 176.54464688343305, 'SEARCH'
11, 28463, 176.51931457831853, 176.51931457831853, 'SEARCH'
11, 28464, 176.51653540011878, 176.51653540011878, 'SEARCH'
11, 28465, 176.5378956476813, 176.5378956476813, 'SEARCH'
11, 28466, 176.53175594627604, 176.53175594627604, 'SEARCH'
11, 28467, 176.51398956779468, 176.51398956779468, 'SEARCH'
11, 28468, 176.48665629630682, 176.48665629630682, 'SEARCH'
11, 28469, 176.50892867382322, 176.50892867382322, 'SEARCH'
11, 28470, 176.53622082977193, 176.53622082977193, 'SEARCH'
11, 28471, 176.50884579616582, 176.50884579616582, 'SEARCH'
11, 28472, 176.48106832859108, 176.48106832859108, 'SEARCH'
11, 28473, 176.46990780895175, 176.46990780895175, 'SEARCH'
11, 28474, 176.47864185407371, 176.47864185407371, 'SEARCH'
11, 28475, 176.47444647428642, 176.47444647428642, 'SEARCH'
11, 28476, 176.44669910733916, 176.44669910733916, 'SEARCH'
11, 28477, 176.4668011383516, 176.4668011383516, 'SEARCH'
11, 28478, 176.4945320315073, 176.4945320315073, 'SEARCH'
11, 28479, 176.47131238948626, 176.47131238948626, 'SEARCH'
11, 28480, 176.46664296875605, 176.46664296875605, 'SEARCH'
11, 28481, 176.48230805514322, 176.48230805514322, 'SEARCH'
11, 28482, 176.47858910227617, 176.47858910227617, 'SEARCH'
11, 28483, 176.50057075914702, 176.50057075914702, 'SEARCH'
11, 28484, 176.48137219534908, 176.48137219534908, 'SEARCH'
11, 28485, 176.49055600009302, 176.49055600009302, 'SEARCH'
11, 28486, 176.46283635587204, 176.46283635587204, 'SEARCH'
11, 28487, 176.45580277975486, 176.45580277975486, 'SEARCH'
11, 28488, 176.4281950072221, 176.4281950072221, 'SEARCH'
11, 28489, 176.4245125770313, 176.4245125770313, 'SEARCH'
11, 28490, 176.4393912944154, 176.4393912944154, 'SEARCH'
11, 28491, 176.46555386720135, 176.46555386720135, 'SEARCH'
11, 28492, 176.43950595489136, 176.43950595489136, 'SEARCH'
11, 28493, 176.4233219105651, 176.4233219105651, 'SEARCH'
11, 28494, 176.41399815833464, 176.41399815833464, 'SEARCH'
11, 28495, 176.38622190001288, 176.38622190001288, 'SEARCH'
11, 28496, 176.39125583311906, 176.39125583311906, 'SEARCH'
11, 28497, 176.4187332610376, 176.4187332610376, 'SEARCH'
11, 28498, 176.4344241915852, 176.4344241915852, 'SEARCH'
11, 28499, 176.42509258274717, 176.42509258274717, 'SEARCH'
11, 28500, 176.41396446073506, 176.41396446073506, 'SEARCH'
11, 28501, 176.44174071179296, 176.44174071179296, 'SEARCH'
11, 28502, 176.46884516488268, 176.46884516488268, 'SEARCH'
11, 28503, 176.4733435084647, 176.4733435084647, 'SEARCH'
11, 28504, 176.49274828188143, 176.49274828188143, 'SEARCH'
11, 28505, 176.491432018198, 176.491432018198, 'SEARCH'
11, 28506, 176.49205514728413, 176.49205514728413, 'SEARCH'
11, 28507, 176.51969480795228, 176.51969480795228, 'SEARCH'
11, 28508, 176.54009059032077, 176.54009059032077, 'SEARCH'
11, 28509, 176.5147566382125, 176.5147566382125, 'SEARCH'
11, 28510, 176.4907612892267, 176.4907612892267, 'SEARCH'
11, 28511, 176.4640979939766, 176.4640979939766, 'SEARCH'
11, 28512, 176.43632065958883, 176.43632065958883, 'SEARCH'
11, 28513, 176.4638521237341, 176.4638521237341, 'SEARCH'
11, 28514, 176.49162248511246, 176.49162248511246, 'SEARCH'
11, 28515, 176.46413450871515, 176.46413450871515, 'SEARCH'
11, 28516, 176.45209871301893, 176.45209871301893, 'SEARCH'
11, 28517, 176.42507050960887, 176.42507050960887, 'SEARCH'
11, 28518, 176.42331664433286, 176.42331664433286, 'SEARCH'
11, 28519, 176.41677648783957, 176.41677648783957, 'SEARCH'
11, 28520, 176.4217867284812, 176.4217867284812, 'SEARCH'
11, 28521, 176.4048319095746, 176.4048319095746, 'SEARCH'
11, 28522, 176.4232045692092, 176.4232045692092, 'SEARCH'
11, 28523, 176.39554919293045, 176.39554919293045, 'SEARCH'
11, 28524, 176.41921364922143, 176.41921364922143, 'SEARCH'
11, 28525, 176.44311977039115, 176.44311977039115, 'SEARCH'
11, 28526, 176.45412988601794, 176.45412988601794, 'SEARCH'
11, 28527, 176.4619422473271, 176.4619422473271, 'SEARCH'
11, 28528, 176.44861232420357, 176.44861232420357, 'SEARCH'
11, 28529, 176.44252523272286, 176.44252523272286, 'SEARCH'
11, 28530, 176.42517639308113, 176.42517639308113, 'SEARCH'
11, 28531, 176.45276870514024, 176.45276870514024, 'SEARCH'
11, 28532, 176.4728627671164, 176.4728627671164, 'SEARCH'
11, 28533, 176.50050343564806, 176.50050343564806, 'SEARCH'
11, 28534, 176.5105775862898, 176.5105775862898, 'SEARCH'
11, 28535, 176.52739089076007, 176.52739089076007, 'SEARCH'
11, 28536, 176.50618176748736, 176.50618176748736, 'SEARCH'
11, 28537, 176.52690707410977, 176.52690707410977, 'SEARCH'
11, 28538, 176.54794223109386, 176.54794223109386, 'SEARCH'
11, 28539, 176.5485202668265, 176.5485202668265, 'SEARCH'
11, 28540, 176.52136889748368, 176.52136889748368, 'SEARCH'
11, 28541, 176.51857666680735, 176.51857666680735, 'SEARCH'
11, 28542, 176.49433698178532, 176.49433698178532, 'SEARCH'
11, 28543, 176.52064370642626, 176.52064370642626, 'SEARCH'
11, 28544, 176.49288698314803, 176.49288698314803, 'SEARCH'
11, 28545, 176.51455709114302, 176.51455709114302, 'SEARCH'
11, 28546, 176.53323020443378, 176.53323020443378, 'SEARCH'
11, 28547, 176.53957874128162, 176.53957874128162, 'SEARCH'
11, 28548, 176.56695131649042, 176.56695131649042, 'SEARCH'
11, 28549, 176.58698712715895, 176.58698712715895, 'SEARCH'
11, 28550, 176.59700103335436, 176.59700103335436, 'SEARCH'
11, 28551, 176.59608758046804, 176.59608758046804, 'SEARCH'
11, 28552, 176.56927094930722, 176.56927094930722, 'SEARCH'
11, 28553, 176.5970145101759, 176.5970145101759, 'SEARCH'
11, 28554, 176.5871117684331, 176.5871117684331, 'SEARCH'
11, 28555, 176.56333378007434, 176.56333378007434, 'SEARCH'
11, 28556, 176.59109175255173, 176.59109175255173, 'SEARCH'
11, 28557, 176.59453598285936, 176.59453598285936, 'SEARCH'
11, 28558, 176.5667732076427, 176.5667732076427, 'SEARCH'
11, 28559, 176.55554502319663, 176.55554502319663, 'SEARCH'
11, 28560, 176.52780986240626, 176.52780986240626, 'SEARCH'
11, 28561, 176.5127686889753, 176.5127686889753, 'SEARCH'
11, 28562, 176.54052529222417, 176.54052529222417, 'SEARCH'
11, 28563, 176.52887210164485, 176.52887210164485, 'SEARCH'
11, 28564, 176.5546656880363, 176.5546656880363, 'SEARCH'
11, 28565, 176.53196002392409, 176.53196002392409, 'SEARCH'
11, 28566, 176.50440175131916, 176.50440175131916, 'SEARCH'
11, 28567, 176.5307051614807, 176.5307051614807, 'SEARCH'
11, 28568, 176.50296032597018, 176.50296032597018, 'SEARCH'
11, 28569, 176.51119790987445, 176.51119790987445, 'SEARCH'
11, 28570, 176.5198913285509, 176.5198913285509, 'SEARCH'
11, 28571, 176.49748275255422, 176.49748275255422, 'SEARCH'
11, 28572, 176.51788307066076, 176.51788307066076, 'SEARCH'
11, 28573, 176.4903259533752, 176.4903259533752, 'SEARCH'
11, 28574, 176.5097151890474, 176.5097151890474, 'SEARCH'
11, 28575, 176.49896803862322, 176.49896803862322, 'SEARCH'
11, 28576, 176.47216889742677, 176.47216889742677, 'SEARCH'
11, 28577, 176.4665330223034, 176.4665330223034, 'SEARCH'
11, 28578, 176.49196845174276, 176.49196845174276, 'SEARCH'
11, 28579, 176.4835062600692, 176.4835062600692, 'SEARCH'
11, 28580, 176.4966650134674, 176.4966650134674, 'SEARCH'
11, 28581, 176.46905262990617, 176.46905262990617, 'SEARCH'
11, 28582, 176.4677426007314, 176.4677426007314, 'SEARCH'
11, 28583, 176.45657664000365, 176.45657664000365, 'SEARCH'
11, 28584, 176.46107262724607, 176.46107262724607, 'SEARCH'
11, 28585, 176.4348571151595, 176.4348571151595, 'SEARCH'
11, 28586, 176.44313909101564, 176.44313909101564, 'SEARCH'
11, 28587, 176.47034303145333, 176.47034303145333, 'SEARCH'
11, 28588, 176.44767049177113, 176.44767049177113, 'SEARCH'
11, 28589, 176.4261830661326, 176.4261830661326, 'SEARCH'
11, 28590, 176.40221418185706, 176.40221418185706, 'SEARCH'
11, 28591, 176.41234710528656, 176.41234710528656, 'SEARCH'
11, 28592, 176.38969868277013, 176.38969868277013, 'SEARCH'
11, 28593, 176.36401917013373, 176.36401917013373, 'SEARCH'
11, 28594, 176.34559531490564, 176.34559531490564, 'SEARCH'
11, 28595, 176.37328827473937, 176.37328827473937, 'SEARCH'
11, 28596, 176.40076544511535, 176.40076544511535, 'SEARCH'
11, 28597, 176.38232141256017, 176.38232141256017, 'SEARCH'
11, 28598, 176.4100450747436, 176.4100450747436, 'SEARCH'
11, 28599, 176.3856060398274, 176.3856060398274, 'SEARCH'
11, 28600, 176.41338307909348, 176.41338307909348, 'SEARCH'
11, 28601, 176.38561646058625, 176.38561646058625, 'SEARCH'
11, 28602, 176.40953035293617, 176.40953035293617, 'SEARCH'
11, 28603, 176.43730751506317, 176.43730751506317, 'SEARCH'
11, 28604, 176.4095302249859, 176.4095302249859, 'SEARCH'
11, 28605, 176.4252163385353, 176.4252163385353, 'SEARCH'
11, 28606, 176.3974463556652, 176.3974463556652, 'SEARCH'
11, 28607, 176.36967686206404, 176.36967686206404, 'SEARCH'
11, 28608, 176.37471097462, 176.37471097462, 'SEARCH'
11, 28609, 176.35453943498894, 176.35453943498894, 'SEARCH'
11, 28610, 176.3508961724634, 176.3508961724634, 'SEARCH'
11, 28611, 176.37103499331567, 176.37103499331567, 'SEARCH'
11, 28612, 176.39588082549773, 176.39588082549773, 'SEARCH'
11, 28613, 176.3999387013037, 176.3999387013037, 'SEARCH'
11, 28614, 176.37975388606154, 176.37975388606154, 'SEARCH'
11, 28615, 176.354878127485, 176.354878127485, 'SEARCH'
11, 28616, 176.33757138474067, 176.33757138474067, 'SEARCH'
11, 28617, 176.3296761662718, 176.3296761662718, 'SEARCH'
11, 28618, 176.30190789375828, 176.30190789375828, 'SEARCH'
11, 28619, 176.32481157640626, 176.32481157640626, 'SEARCH'
11, 28620, 176.34714269685432, 176.34714269685432, 'SEARCH'
11, 28621, 176.37199590949106, 176.37199590949106, 'SEARCH'
11, 28622, 176.3717214800145, 176.3717214800145, 'SEARCH'
11, 28623, 176.36333800190957, 176.36333800190957, 'SEARCH'
11, 28624, 176.36885049308088, 176.36885049308088, 'SEARCH'
11, 28625, 176.38897891416931, 176.38897891416931, 'SEARCH'
11, 28626, 176.40045691242304, 176.40045691242304, 'SEARCH'
11, 28627, 176.42154418148843, 176.42154418148843, 'SEARCH'
11, 28628, 176.39395294868999, 176.39395294868999, 'SEARCH'
11, 28629, 176.36663136844365, 176.36663136844365, 'SEARCH'
11, 28630, 176.37541776555517, 176.37541776555517, 'SEARCH'
11, 28631, 176.349386569644, 176.349386569644, 'SEARCH'
11, 28632, 176.35632549795244, 176.35632549795244, 'SEARCH'
11, 28633, 176.36913238981003, 176.36913238981003, 'SEARCH'
11, 28634, 176.37079662723255, 176.37079662723255, 'SEARCH'
11, 28635, 176.37003644896146, 176.37003644896146, 'SEARCH'
11, 28636, 176.3873029250001, 176.3873029250001, 'SEARCH'
11, 28637, 176.39136354267904, 176.39136354267904, 'SEARCH'
11, 28638, 176.3978005476185, 176.3978005476185, 'SEARCH'
11, 28639, 176.3871206415587, 176.3871206415587, 'SEARCH'
11, 28640, 176.36693959350296, 176.36693959350296, 'SEARCH'
11, 28641, 176.35078350355843, 176.35078350355843, 'SEARCH'
11, 28642, 176.37741187273804, 176.37741187273804, 'SEARCH'
11, 28643, 176.36674546361482, 176.36674546361482, 'SEARCH'
11, 28644, 176.3944954092559, 176.3944954092559, 'SEARCH'
11, 28645, 176.40507718395858, 176.40507718395858, 'SEARCH'
11, 28646, 176.38087095427147, 176.38087095427147, 'SEARCH'
11, 28647, 176.3546723435622, 176.3546723435622, 'SEARCH'
11, 28648, 176.38220948257285, 176.38220948257285, 'SEARCH'
11, 28649, 176.4096756811757, 176.4096756811757, 'SEARCH'
11, 28650, 176.39050828630752, 176.39050828630752, 'SEARCH'
11, 28651, 176.41810181066108, 176.41810181066108, 'SEARCH'
11, 28652, 176.39038024261785, 176.39038024261785, 'SEARCH'
11, 28653, 176.36260313245413, 176.36260313245413, 'SEARCH'
11, 28654, 176.34025652008, 176.34025652008, 'SEARCH'
11, 28655, 176.3124799111136, 176.3124799111136, 'SEARCH'
11, 28656, 176.31224589437758, 176.31224589437758, 'SEARCH'
11, 28657, 176.33946769598654, 176.33946769598654, 'SEARCH'
11, 28658, 176.3440404650471, 176.3440404650471, 'SEARCH'
11, 28659, 176.3252625204093, 176.3252625204093, 'SEARCH'
11, 28660, 176.33361381937354, 176.33361381937354, 'SEARCH'
11, 28661, 176.36108527395922, 176.36108527395922, 'SEARCH'
11, 28662, 176.362752290606, 176.362752290606, 'SEARCH'
11, 28663, 176.35076632082783, 176.35076632082783, 'SEARCH'
11, 28664, 176.37854284540143, 176.37854284540143, 'SEARCH'
11, 28665, 176.3854568362435, 176.3854568362435, 'SEARCH'
11, 28666, 176.3928340884091, 176.3928340884091, 'SEARCH'
11, 28667, 176.36513779174922, 176.36513779174922, 'SEARCH'
11, 28668, 176.34368300163703, 176.34368300163703, 'SEARCH'
11, 28669, 176.31591431190841, 176.31591431190841, 'SEARCH'
11, 28670, 176.31470693927332, 176.31470693927332, 'SEARCH'
11, 28671, 176.29423039987253, 176.29423039987253, 'SEARCH'
11, 28672, 176.3204216698949, 176.3204216698949, 'SEARCH'
11, 28673, 176.34691396307466, 176.34691396307466, 'SEARCH'
11, 28674, 176.3451986672509, 176.3451986672509, 'SEARCH'
11, 28675, 176.33455153661873, 176.33455153661873, 'SEARCH'
11, 28676, 176.3069511235138, 176.3069511235138, 'SEARCH'
11, 28677, 176.2799432489148, 176.2799432489148, 'SEARCH'
11, 28678, 176.3004438782605, 176.3004438782605, 'SEARCH'
11, 28679, 176.29350344167995, 176.29350344167995, 'SEARCH'
11, 28680, 176.2908610984853, 176.2908610984853, 'SEARCH'
11, 28681, 176.31862877383742, 176.31862877383742, 'SEARCH'
11, 28682, 176.29315525241356, 176.29315525241356, 'SEARCH'
11, 28683, 176.32069274821856, 176.32069274821856, 'SEARCH'
11, 28684, 176.3330865173182, 176.3330865173182, 'SEARCH'
11, 28685, 176.3064497257575, 176.3064497257575, 'SEARCH'
11, 28686, 176.3287849712789, 176.3287849712789, 'SEARCH'
11, 28687, 176.30535358699663, 176.30535358699663, 'SEARCH'
11, 28688, 176.3146359290044, 176.3146359290044, 'SEARCH'
11, 28689, 176.34240427460375, 176.34240427460375, 'SEARCH'
11, 28690, 176.32095894670377, 176.32095894670377, 'SEARCH'
11, 28691, 176.29319072993536, 176.29319072993536, 'SEARCH'
11, 28692, 176.27869351320854, 176.27869351320854, 'SEARCH'
11, 28693, 176.30591968569644, 176.30591968569644, 'SEARCH'
11, 28694, 176.31918256632898, 176.31918256632898, 'SEARCH'
11, 28695, 176.34465621252227, 176.34465621252227, 'SEARCH'
11, 28696, 176.31700440003902, 176.31700440003902, 'SEARCH'
11, 28697, 176.307732886318, 176.307732886318, 'SEARCH'
11, 28698, 176.32685953788086, 176.32685953788086, 'SEARCH'
11, 28699, 176.3080880795148, 176.3080880795148, 'SEARCH'
11, 28700, 176.30303317336842, 176.30303317336842, 'SEARCH'
11, 28701, 176.325077459294, 176.325077459294, 'SEARCH'
11, 28702, 176.34555336442193, 176.34555336442193, 'SEARCH'
11, 28703, 176.3730228069986, 176.3730228069986, 'SEARCH'
11, 28704, 176.4005017573853, 176.4005017573853, 'SEARCH'
11, 28705, 176.41736119285903, 176.41736119285903, 'SEARCH'
11, 28706, 176.3918567718025, 176.3918567718025, 'SEARCH'
11, 28707, 176.3641343682145, 176.3641343682145, 'SEARCH'
11, 28708, 176.34837106407323, 176.34837106407323, 'SEARCH'
11, 28709, 176.367119549111, 176.367119549111, 'SEARCH'
11, 28710, 176.3393699287778, 176.3393699287778, 'SEARCH'
11, 28711, 176.36599882636045, 176.36599882636045, 'SEARCH'
11, 28712, 176.35714879398023, 176.35714879398023, 'SEARCH'
11, 28713, 176.35205582056932, 176.35205582056932, 'SEARCH'
11, 28714, 176.3387770705551, 176.3387770705551, 'SEARCH'
11, 28715, 176.36080388881666, 176.36080388881666, 'SEARCH'
11, 28716, 176.3882064220236, 176.3882064220236, 'SEARCH'
11, 28717, 176.38597143821977, 176.38597143821977, 'SEARCH'
11, 28718, 176.38470559109373, 176.38470559109373, 'SEARCH'
11, 28719, 176.41242823983254, 176.41242823983254, 'SEARCH'
11, 28720, 176.3887047712606, 176.3887047712606, 'SEARCH'
11, 28721, 176.39179294717053, 176.39179294717053, 'SEARCH'
11, 28722, 176.40281488232313, 176.40281488232313, 'SEARCH'
11, 28723, 176.3750665934806, 176.3750665934806, 'SEARCH'
11, 28724, 176.39035926528723, 176.39035926528723, 'SEARCH'
11, 28725, 176.36287799981156, 176.36287799981156, 'SEARCH'
11, 28726, 176.38749987218148, 176.38749987218148, 'SEARCH'
11, 28727, 176.382859451564, 176.382859451564, 'SEARCH'
11, 28728, 176.3777450586927, 176.3777450586927, 'SEARCH'
11, 28729, 176.40515000208904, 176.40515000208904, 'SEARCH'
11, 28730, 176.43146983844883, 176.43146983844883, 'SEARCH'
11, 28731, 176.45905860516933, 176.45905860516933, 'SEARCH'
11, 28732, 176.44968034799953, 176.44968034799953, 'SEARCH'
11, 28733, 176.45793273226587, 176.45793273226587, 'SEARCH'
11, 28734, 176.46144737393257, 176.46144737393257, 'SEARCH'
11, 28735, 176.44025047468887, 176.44025047468887, 'SEARCH'
11, 28736, 176.46362480122974, 176.46362480122974, 'SEARCH'
11, 28737, 176.4556233496249, 176.4556233496249, 'SEARCH'
11, 28738, 176.42784782104383, 176.42784782104383, 'SEARCH'
11, 28739, 176.45504995991365, 176.45504995991365, 'SEARCH'
11, 28740, 176.44940353519024, 176.44940353519024, 'SEARCH'
11, 28741, 176.42918103269037, 176.42918103269037, 'SEARCH'
11, 28742, 176.4133725720274, 176.4133725720274, 'SEARCH'
11, 28743, 176.44078231838884, 176.44078231838884, 'SEARCH'
11, 28744, 176.45722448666638, 176.45722448666638, 'SEARCH'
11, 28745, 176.42963831736472, 176.42963831736472, 'SEARCH'
11, 28746, 176.45716632535814, 176.45716632535814, 'SEARCH'
11, 28747, 176.45632602961473, 176.45632602961473, 'SEARCH'
11, 28748, 176.428607179546, 176.428607179546, 'SEARCH'
11, 28749, 176.4359425128085, 176.4359425128085, 'SEARCH'
11, 28750, 176.46240526031852, 176.46240526031852, 'SEARCH'
11, 28751, 176.46204496807334, 176.46204496807334, 'SEARCH'
11, 28752, 176.47562066638145, 176.47562066638145, 'SEARCH'
11, 28753, 176.45822803164856, 176.45822803164856, 'SEARCH'
11, 28754, 176.45835505772428, 176.45835505772428, 'SEARCH'
11, 28755, 176.43213215814745, 176.43213215814745, 'SEARCH'
11, 28756, 176.40435476959308, 176.40435476959308, 'SEARCH'
11, 28757, 176.4269262418598, 176.4269262418598, 'SEARCH'
11, 28758, 176.40739142457804, 176.40739142457804, 'SEARCH'
11, 28759, 176.42938245843973, 176.42938245843973, 'SEARCH'
11, 28760, 176.4371818778133, 176.4371818778133, 'SEARCH'
11, 28761, 176.4278151933801, 176.4278151933801, 'SEARCH'
11, 28762, 176.4184551836355, 176.4184551836355, 'SEARCH'
11, 28763, 176.43411783292373, 176.43411783292373, 'SEARCH'
11, 28764, 176.4545311558165, 176.4545311558165, 'SEARCH'
11, 28765, 176.43430314793477, 176.43430314793477, 'SEARCH'
11, 28766, 176.4144214371109, 176.4144214371109, 'SEARCH'
11, 28767, 176.4421987601446, 176.4421987601446, 'SEARCH'
11, 28768, 176.43420853860346, 176.43420853860346, 'SEARCH'
11, 28769, 176.42259901946102, 176.42259901946102, 'SEARCH'
11, 28770, 176.41602657974707, 176.41602657974707, 'SEARCH'
11, 28771, 176.3882716441469, 176.3882716441469, 'SEARCH'
11, 28772, 176.41604773650394, 176.41604773650394, 'SEARCH'
11, 28773, 176.38953001905352, 176.38953001905352, 'SEARCH'
11, 28774, 176.41265776391475, 176.41265776391475, 'SEARCH'
11, 28775, 176.39086705787102, 176.39086705787102, 'SEARCH'
11, 28776, 176.3645038670391, 176.3645038670391, 'SEARCH'
11, 28777, 176.3895561581016, 176.3895561581016, 'SEARCH'
11, 28778, 176.36351474351153, 176.36351474351153, 'SEARCH'
11, 28779, 176.39126799541827, 176.39126799541827, 'SEARCH'
11, 28780, 176.40654402179382, 176.40654402179382, 'SEARCH'
11, 28781, 176.4285335280789, 176.4285335280789, 'SEARCH'
11, 28782, 176.40798861003847, 176.40798861003847, 'SEARCH'
11, 28783, 176.41008795410582, 176.41008795410582, 'SEARCH'
11, 28784, 176.43784275882837, 176.43784275882837, 'SEARCH'
11, 28785, 176.45505317189782, 176.45505317189782, 'SEARCH'
11, 28786, 176.427277732612, 176.427277732612, 'SEARCH'
11, 28787, 176.45308731452317, 176.45308731452317, 'SEARCH'
11, 28788, 176.44370509145872, 176.44370509145872, 'SEARCH'
11, 28789, 176.47080053433655, 176.47080053433655, 'SEARCH'
11, 28790, 176.48220049917686, 176.48220049917686, 'SEARCH'
11, 28791, 176.50997207602222, 176.50997207602222, 'SEARCH'
11, 28792, 176.51863203031235, 176.51863203031235, 'SEARCH'
11, 28793, 176.5196743362449, 176.5196743362449, 'SEARCH'
11, 28794, 176.53445512921743, 176.53445512921743, 'SEARCH'
11, 28795, 176.50701006071478, 176.50701006071478, 'SEARCH'
11, 28796, 176.48517121186094, 176.48517121186094, 'SEARCH'
11, 28797, 176.47668141148293, 176.47668141148293, 'SEARCH'
11, 28798, 176.4534424984913, 176.4534424984913, 'SEARCH'
11, 28799, 176.4808194609187, 176.4808194609187, 'SEARCH'
11, 28800, 176.50561566464992, 176.50561566464992, 'SEARCH'
11, 28801, 176.52921582342015, 176.52921582342015, 'SEARCH'
11, 28802, 176.5052759384986, 176.5052759384986, 'SEARCH'
11, 28803, 176.48579307212353, 176.48579307212353, 'SEARCH'
11, 28804, 176.47700469429543, 176.47700469429543, 'SEARCH'
11, 28805, 176.45356681662116, 176.45356681662116, 'SEARCH'
11, 28806, 176.42753883362127, 176.42753883362127, 'SEARCH'
11, 28807, 176.43638371110478, 176.43638371110478, 'SEARCH'
11, 28808, 176.40860720052254, 176.40860720052254, 'SEARCH'
11, 28809, 176.38718956534163, 176.38718956534163, 'SEARCH'
11, 28810, 176.36456240117312, 176.36456240117312, 'SEARCH'
11, 28811, 176.3734046973638, 176.3734046973638, 'SEARCH'
11, 28812, 176.37943662110118, 176.37943662110118, 'SEARCH'
11, 28813, 176.35896385484696, 176.35896385484696, 'SEARCH'
11, 28814, 176.35533166018678, 176.35533166018678, 'SEARCH'
11, 28815, 176.3318955203563, 176.3318955203563, 'SEARCH'
11, 28816, 176.3326460453671, 176.3326460453671, 'SEARCH'
11, 28817, 176.32664762988537, 176.32664762988537, 'SEARCH'
11, 28818, 176.29887922012898, 176.29887922012898, 'SEARCH'
11, 28819, 176.29146452865157, 176.29146452865157, 'SEARCH'
11, 28820, 176.27695138838024, 176.27695138838024, 'SEARCH'
11, 28821, 176.26860369376266, 176.26860369376266, 'SEARCH'
11, 28822, 176.24353009411436, 176.24353009411436, 'SEARCH'
11, 28823, 176.22475578882916, 176.22475578882916, 'SEARCH'
11, 28824, 176.2021527860631, 176.2021527860631, 'SEARCH'
11, 28825, 176.1956842335392, 176.1956842335392, 'SEARCH'
11, 28826, 176.1828651730606, 176.1828651730606, 'SEARCH'
11, 28827, 176.19394280860897, 176.19394280860897, 'SEARCH'
11, 28828, 176.18332030664726, 176.18332030664726, 'SEARCH'
11, 28829, 176.1607068020722, 176.1607068020722, 'SEARCH'
11, 28830, 176.13958544147943, 176.13958544147943, 'SEARCH'
11, 28831, 176.1201110228102, 176.1201110228102, 'SEARCH'
11, 28832, 176.09333944518323, 176.09333944518323, 'SEARCH'
11, 28833, 176.0945715672603, 176.0945715672603, 'SEARCH'
11, 28834, 176.08620799301153, 176.08620799301153, 'SEARCH'
11, 28835, 176.07970315495652, 176.07970315495652, 'SEARCH'
11, 28836, 176.05200863300297, 176.05200863300297, 'SEARCH'
11, 28837, 176.0613131742174, 176.0613131742174, 'SEARCH'
11, 28838, 176.05438182324818, 176.05438182324818, 'SEARCH'
11, 28839, 176.0307058533792, 176.0307058533792, 'SEARCH'
11, 28840, 176.03289910881986, 176.03289910881986, 'SEARCH'
11, 28841, 176.0055015525928, 176.0055015525928, 'SEARCH'
11, 28842, 175.99853799030217, 175.99853799030217, 'SEARCH'
11, 28843, 175.97325361717816, 175.97325361717816, 'SEARCH'
11, 28844, 175.94594554623464, 175.94594554623464, 'SEARCH'
11, 28845, 175.92065800215872, 175.92065800215872, 'SEARCH'
11, 28846, 175.89699063189144, 175.89699063189144, 'SEARCH'
11, 28847, 175.8695135051978, 175.8695135051978, 'SEARCH'
11, 28848, 175.84442683234533, 175.84442683234533, 'SEARCH'
11, 28849, 175.82178862685873, 175.82178862685873, 'SEARCH'
11, 28850, 175.83422677309758, 175.83422677309758, 'SEARCH'
11, 28851, 175.81158963005961, 175.81158963005961, 'SEARCH'
11, 28852, 175.8023616192836, 175.8023616192836, 'SEARCH'
11, 28853, 175.797338207618, 175.797338207618, 'SEARCH'
11, 28854, 175.7976113807438, 175.7976113807438, 'SEARCH'
11, 28855, 175.78786327314032, 175.78786327314032, 'SEARCH'
11, 28856, 175.7609624928058, 175.7609624928058, 'SEARCH'
11, 28857, 175.74606815419008, 175.74606815419008, 'SEARCH'
11, 28858, 175.75582431026328, 175.75582431026328, 'SEARCH'
11, 28859, 175.7290622527193, 175.7290622527193, 'SEARCH'
11, 28860, 175.73880964510923, 175.73880964510923, 'SEARCH'
11, 28861, 175.74292636376106, 175.74292636376106, 'SEARCH'
11, 28862, 175.71629288761517, 175.71629288761517, 'SEARCH'
11, 28863, 175.69977131605802, 175.69977131605802, 'SEARCH'
11, 28864, 175.6844431667761, 175.6844431667761, 'SEARCH'
11, 28865, 175.67654883858089, 175.67654883858089, 'SEARCH'
11, 28866, 175.64942627329862, 175.64942627329862, 'SEARCH'
11, 28867, 175.62173257772739, 175.62173257772739, 'SEARCH'
11, 28868, 175.59624934251025, 175.59624934251025, 'SEARCH'
11, 28869, 175.5925940313706, 175.5925940313706, 'SEARCH'
11, 28870, 175.56673467610543, 175.56673467610543, 'SEARCH'
11, 28871, 175.5425805909401, 175.5425805909401, 'SEARCH'
11, 28872, 175.52494535792928, 175.52494535792928, 'SEARCH'
11, 28873, 175.5242564283088, 175.5242564283088, 'SEARCH'
11, 28874, 175.49652870576705, 175.49652870576705, 'SEARCH'
11, 28875, 175.4953495282144, 175.4953495282144, 'SEARCH'
11, 28876, 175.47140354485808, 175.47140354485808, 'SEARCH'
11, 28877, 175.4783881549933, 175.4783881549933, 'SEARCH'
11, 28878, 175.4691354031822, 175.4691354031822, 'SEARCH'
11, 28879, 175.45586951003918, 175.45586951003918, 'SEARCH'
11, 28880, 175.43673213403906, 175.43673213403906, 'SEARCH'
11, 28881, 175.4099730308874, 175.4099730308874, 'SEARCH'
11, 28882, 175.39502127858995, 175.39502127858995, 'SEARCH'
11, 28883, 175.3813070307131, 175.3813070307131, 'SEARCH'
11, 28884, 175.37487175818967, 175.37487175818967, 'SEARCH'
11, 28885, 175.3799754878361, 175.3799754878361, 'SEARCH'
11, 28886, 175.36421507564972, 175.36421507564972, 'SEARCH'
11, 28887, 175.3654686779283, 175.3654686779283, 'SEARCH'
11, 28888, 175.35525779543266, 175.35525779543266, 'SEARCH'
11, 28889, 175.32961069351458, 175.32961069351458, 'SEARCH'
11, 28890, 175.34116765715544, 175.34116765715544, 'SEARCH'
11, 28891, 175.33518645758437, 175.33518645758437, 'SEARCH'
11, 28892, 175.32324885365676, 175.32324885365676, 'SEARCH'
11, 28893, 175.31627820975658, 175.31627820975658, 'SEARCH'
11, 28894, 175.28906325736247, 175.28906325736247, 'SEARCH'
11, 28895, 175.26174572527827, 175.26174572527827, 'SEARCH'
11, 28896, 175.23472810791918, 175.23472810791918, 'SEARCH'
11, 28897, 175.20795084831346, 175.20795084831346, 'SEARCH'
11, 28898, 175.18654349956455, 175.18654349956455, 'SEARCH'
11, 28899, 175.1692813552381, 175.1692813552381, 'SEARCH'
11, 28900, 175.15817496686876, 175.15817496686876, 'SEARCH'
11, 28901, 175.15024492822823, 175.15024492822823, 'SEARCH'
11, 28902, 175.1251956607314, 175.1251956607314, 'SEARCH'
11, 28903, 175.1191337613388, 175.1191337613388, 'SEARCH'
11, 28904, 175.10188919993783, 175.10188919993783, 'SEARCH'
11, 28905, 175.0758512545287, 175.0758512545287, 'SEARCH'
11, 28906, 175.04854983944483, 175.04854983944483, 'SEARCH'
11, 28907, 175.0340892366735, 175.0340892366735, 'SEARCH'
11, 28908, 175.03040801978196, 175.03040801978196, 'SEARCH'
11, 28909, 175.00365812001712, 175.00365812001712, 'SEARCH'
11, 28910, 174.97718589458805, 174.97718589458805, 'SEARCH'
11, 28911, 174.9535359812882, 174.9535359812882, 'SEARCH'
11, 28912, 174.92849161230197, 174.92849161230197, 'SEARCH'
11, 28913, 174.93736462265548, 174.93736462265548, 'SEARCH'
11, 28914, 174.91751540566014, 174.91751540566014, 'SEARCH'
11, 28915, 174.89182877144654, 174.89182877144654, 'SEARCH'
11, 28916, 174.86566685970752, 174.86566685970752, 'SEARCH'
11, 28917, 174.87362044325167, 174.87362044325167, 'SEARCH'
11, 28918, 174.85989222777008, 174.85989222777008, 'SEARCH'
11, 28919, 174.83506283587187, 174.83506283587187, 'SEARCH'
11, 28920, 174.82804463197795, 174.82804463197795, 'SEARCH'
11, 28921, 174.804922680684, 174.804922680684, 'SEARCH'
11, 28922, 174.78226639102888, 174.78226639102888, 'SEARCH'
11, 28923, 174.77570378420518, 174.77570378420518, 'SEARCH'
11, 28924, 174.7479333135074, 174.7479333135074, 'SEARCH'
11, 28925, 174.7590951455387, 174.7590951455387, 'SEARCH'
11, 28926, 174.73700682876094, 174.73700682876094, 'SEARCH'
11, 28927, 174.70939739734553, 174.70939739734553, 'SEARCH'
11, 28928, 174.71455341142675, 174.71455341142675, 'SEARCH'
11, 28929, 174.70474512756928, 174.70474512756928, 'SEARCH'
11, 28930, 174.67706064459796, 174.67706064459796, 'SEARCH'
11, 28931, 174.65039914574885, 174.65039914574885, 'SEARCH'
11, 28932, 174.62537198883277, 174.62537198883277, 'SEARCH'
11, 28933, 174.5989106883468, 174.5989106883468, 'SEARCH'
11, 28934, 174.58556676745323, 174.58556676745323, 'SEARCH'
11, 28935, 174.5658326561579, 174.5658326561579, 'SEARCH'
11, 28936, 174.5783228427334, 174.5783228427334, 'SEARCH'
11, 28937, 174.58204513279324, 174.58204513279324, 'SEARCH'
11, 28938, 174.5747064025759, 174.5747064025759, 'SEARCH'
11, 28939, 174.5573522275798, 174.5573522275798, 'SEARCH'
11, 28940, 174.53203889264856, 174.53203889264856, 'SEARCH'
11, 28941, 174.5046265110972, 174.5046265110972, 'SEARCH'
11, 28942, 174.49061424120845, 174.49061424120845, 'SEARCH'
11, 28943, 174.4846929791599, 174.4846929791599, 'SEARCH'
11, 28944, 174.47642073980902, 174.47642073980902, 'SEARCH'
11, 28945, 174.47867640343722, 174.47867640343722, 'SEARCH'
11, 28946, 174.45610097967054, 174.45610097967054, 'SEARCH'
11, 28947, 174.4347076122591, 174.4347076122591, 'SEARCH'
11, 28948, 174.4311414943307, 174.4311414943307, 'SEARCH'
11, 28949, 174.4035481144156, 174.4035481144156, 'SEARCH'
11, 28950, 174.37704007390926, 174.37704007390926, 'SEARCH'
11, 28951, 174.37108520138568, 174.37108520138568, 'SEARCH'
11, 28952, 174.36222363617296, 174.36222363617296, 'SEARCH'
11, 28953, 174.3575797737523, 174.3575797737523, 'SEARCH'
11, 28954, 174.33025449762104, 174.33025449762104, 'SEARCH'
11, 28955, 174.30877318505455, 174.30877318505455, 'SEARCH'
11, 28956, 174.28698263748794, 174.28698263748794, 'SEARCH'
11, 28957, 174.2768867508255, 174.2768867508255, 'SEARCH'
11, 28958, 174.2534145660415, 174.2534145660415, 'SEARCH'
11, 28959, 174.22617646429498, 174.22617646429498, 'SEARCH'
11, 28960, 174.20019145172554, 174.20019145172554, 'SEARCH'
11, 28961, 174.21046051410372, 174.21046051410372, 'SEARCH'
11, 28962, 174.1827751867094, 174.1827751867094, 'SEARCH'
11, 28963, 174.15774116749367, 174.15774116749367, 'SEARCH'
11, 28964, 174.14674383546566, 174.14674383546566, 'SEARCH'
11, 28965, 174.12654049798618, 174.12654049798618, 'SEARCH'
11, 28966, 174.13451348976375, 174.13451348976375, 'SEARCH'
11, 28967, 174.1077667639804, 174.1077667639804, 'SEARCH'
11, 28968, 174.1016786775861, 174.1016786775861, 'SEARCH'
11, 28969, 174.0803005039621, 174.0803005039621, 'SEARCH'
11, 28970, 174.0608907374843, 174.0608907374843, 'SEARCH'
11, 28971, 174.03507495400908, 174.03507495400908, 'SEARCH'
11, 28972, 174.0173455714993, 174.0173455714993, 'SEARCH'
11, 28973, 174.00332297257074, 174.00332297257074, 'SEARCH'
11, 28974, 173.98345369057205, 173.98345369057205, 'SEARCH'
11, 28975, 173.95908512277512, 173.95908512277512, 'SEARCH'
11, 28976, 173.93866474561742, 173.93866474561742, 'SEARCH'
11, 28977, 173.92706929634934, 173.92706929634934, 'SEARCH'
11, 28978, 173.90823395592508, 173.90823395592508, 'SEARCH'
11, 28979, 173.88387152707782, 173.88387152707782, 'SEARCH'
11, 28980, 173.88421469916256, 173.88421469916256, 'SEARCH'
11, 28981, 173.87261246256355, 173.87261246256355, 'SEARCH'
11, 28982, 173.86622625251337, 173.86622625251337, 'SEARCH'
11, 28983, 173.84119444556745, 173.84119444556745, 'SEARCH'
11, 28984, 173.82144597600825, 173.82144597600825, 'SEARCH'
11, 28985, 173.80578399586756, 173.80578399586756, 'SEARCH'
11, 28986, 173.7891964476336, 173.7891964476336, 'SEARCH'
11, 28987, 173.76304213664054, 173.76304213664054, 'SEARCH'
11, 28988, 173.74124733414084, 173.74124733414084, 'SEARCH'
11, 28989, 173.73345193722162, 173.73345193722162, 'SEARCH'
11, 28990, 173.70981444575153, 173.70981444575153, 'SEARCH'
11, 28991, 173.6937548966336, 173.6937548966336, 'SEARCH'
11, 28992, 173.7057867935059, 173.7057867935059, 'SEARCH'
11, 28993, 173.69509082428613, 173.69509082428613, 'SEARCH'
11, 28994, 173.69686773589265, 173.69686773589265, 'SEARCH'
11, 28995, 173.67219556817975, 173.67219556817975, 'SEARCH'
11, 28996, 173.64460536444628, 173.64460536444628, 'SEARCH'
11, 28997, 173.61828871305474, 173.61828871305474, 'SEARCH'
11, 28998, 173.59516968200072, 173.59516968200072, 'SEARCH'
11, 28999, 173.57910230753046, 173.57910230753046, 'SEARCH'
11, 29000, 173.55834550559487, 173.55834550559487, 'SEARCH'
11, 29001, 173.54255637538165, 173.54255637538165, 'SEARCH'
11, 29002, 173.5327562021362, 173.5327562021362, 'SEARCH'
11, 29003, 173.52777976586822, 173.52777976586822, 'SEARCH'
11, 29004, 173.53291879939076, 173.53291879939076, 'SEARCH'
11, 29005, 173.50592455945127, 173.50592455945127, 'SEARCH'
11, 29006, 173.4864056758674, 173.4864056758674, 'SEARCH'
11, 29007, 173.46688045049015, 173.46688045049015, 'SEARCH'
11, 29008, 173.44163989626512, 173.44163989626512, 'SEARCH'
11, 29009, 173.42888957883707, 173.42888957883707, 'SEARCH'
11, 29010, 173.4013392986144, 173.4013392986144, 'SEARCH'
11, 29011, 173.40837443265536, 173.40837443265536, 'SEARCH'
11, 29012, 173.38472810273254, 173.38472810273254, 'SEARCH'
11, 29013, 173.35773434273534, 173.35773434273534, 'SEARCH'
11, 29014, 173.33927505857858, 173.33927505857858, 'SEARCH'
11, 29015, 173.32192026640658, 173.32192026640658, 'SEARCH'
11, 29016, 173.3066634738158, 173.3066634738158, 'SEARCH'
11, 29017, 173.28831981852508, 173.28831981852508, 'SEARCH'
11, 29018, 173.28035563641535, 173.28035563641535, 'SEARCH'
11, 29019, 173.2816553415229, 173.2816553415229, 'SEARCH'
11, 29020, 173.25417119193256, 173.25417119193256, 'SEARCH'
11, 29021, 173.2266419940146, 173.2266419940146, 'SEARCH'
11, 29022, 173.21331329988277, 173.21331329988277, 'SEARCH'
11, 29023, 173.18694115793144, 173.18694115793144, 'SEARCH'
11, 29024, 173.1603359530698, 173.1603359530698, 'SEARCH'
11, 29025, 173.1445196984442, 173.1445196984442, 'SEARCH'
11, 29026, 173.1520490635946, 173.1520490635946, 'SEARCH'
11, 29027, 173.1244613561053, 173.1244613561053, 'SEARCH'
11, 29028, 173.10296259369284, 173.10296259369284, 'SEARCH'
11, 29029, 173.0808579381836, 173.0808579381836, 'SEARCH'
11, 29030, 173.06707633179306, 173.06707633179306, 'SEARCH'
11, 29031, 173.0543641198248, 173.0543641198248, 'SEARCH'
11, 29032, 173.03126785663773, 173.03126785663773, 'SEARCH'
11, 29033, 173.0437682989622, 173.0437682989622, 'SEARCH'
11, 29034, 173.02852747518628, 173.02852747518628, 'SEARCH'
11, 29035, 173.00983667860064, 173.00983667860064, 'SEARCH'
11, 29036, 172.99009250719772, 172.99009250719772, 'SEARCH'
11, 29037, 172.97565782798114, 172.97565782798114, 'SEARCH'
11, 29038, 172.9493429662028, 172.9493429662028, 'SEARCH'
11, 29039, 172.95257290474513, 172.95257290474513, 'SEARCH'
11, 29040, 172.92481835081378, 172.92481835081378, 'SEARCH'
11, 29041, 172.89717619210106, 172.89717619210106, 'SEARCH'
11, 29042, 172.87043060823015, 172.87043060823015, 'SEARCH'
11, 29043, 172.85626174847292, 172.85626174847292, 'SEARCH'
11, 29044, 172.8479964138881, 172.8479964138881, 'SEARCH'
11, 29045, 172.8205115271347, 172.8205115271347, 'SEARCH'
11, 29046, 172.7930259997595, 172.7930259997595, 'SEARCH'
11, 29047, 172.77604275302897, 172.77604275302897, 'SEARCH'
11, 29048, 172.74982443365883, 172.74982443365883, 'SEARCH'
11, 29049, 172.72229859879775, 172.72229859879775, 'SEARCH'
11, 29050, 172.6977102638762, 172.6977102638762, 'SEARCH'
11, 29051, 172.67289933693888, 172.67289933693888, 'SEARCH'
11, 29052, 172.64610359144058, 172.64610359144058, 'SEARCH'
11, 29053, 172.64140861597826, 172.64140861597826, 'SEARCH'
11, 29054, 172.61753657677363, 172.61753657677363, 'SEARCH'
11, 29055, 172.5931823005561, 172.5931823005561, 'SEARCH'
11, 29056, 172.56542607614296, 172.56542607614296, 'SEARCH'
11, 29057, 172.5377648316546, 172.5377648316546, 'SEARCH'
11, 29058, 172.51056992263875, 172.51056992263875, 'SEARCH'
11, 29059, 172.4845073291816, 172.4845073291816, 'SEARCH'
11, 29060, 172.48391257785312, 172.48391257785312, 'SEARCH'
11, 29061, 172.46151037243334, 172.46151037243334, 'SEARCH'
11, 29062, 172.47270678479563, 172.47270678479563, 'SEARCH'
11, 29063, 172.4665765407038, 172.4665765407038, 'SEARCH'
11, 29064, 172.44043609426092, 172.44043609426092, 'SEARCH'
11, 29065, 172.4249956890353, 172.4249956890353, 'SEARCH'
11, 29066, 172.40365128726782, 172.40365128726782, 'SEARCH'
11, 29067, 172.39270037792656, 172.39270037792656, 'SEARCH'
11, 29068, 172.3892025791627, 172.3892025791627, 'SEARCH'
11, 29069, 172.3807354696911, 172.3807354696911, 'SEARCH'
11, 29070, 172.35381023846173, 172.35381023846173, 'SEARCH'
11, 29071, 172.32688368474572, 172.32688368474572, 'SEARCH'
11, 29072, 172.31793634229084, 172.31793634229084, 'SEARCH'
11, 29073, 172.30288433492217, 172.30288433492217, 'SEARCH'
11, 29074, 172.29166080581518, 172.29166080581518, 'SEARCH'
11, 29075, 172.2700284153527, 172.2700284153527, 'SEARCH'
11, 29076, 172.248393740329, 172.248393740329, 'SEARCH'
11, 29077, 172.23791488011153, 172.23791488011153, 'SEARCH'
11, 29078, 172.21700770699425, 172.21700770699425, 'SEARCH'
11, 29079, 172.18923290839098, 172.18923290839098, 'SEARCH'
11, 29080, 172.201342424971, 172.201342424971, 'SEARCH'
11, 29081, 172.18494630127333, 172.18494630127333, 'SEARCH'
11, 29082, 172.1882411583643, 172.1882411583643, 'SEARCH'
11, 29083, 172.1871707423057, 172.1871707423057, 'SEARCH'
11, 29084, 172.17015633883358, 172.17015633883358, 'SEARCH'
11, 29085, 172.1638092773785, 172.1638092773785, 'SEARCH'
11, 29086, 172.1440899495282, 172.1440899495282, 'SEARCH'
11, 29087, 172.11640813830306, 172.11640813830306, 'SEARCH'
11, 29088, 172.09569037700743, 172.09569037700743, 'SEARCH'
11, 29089, 172.07417634157702, 172.07417634157702, 'SEARCH'
11, 29090, 172.05176712535447, 172.05176712535447, 'SEARCH'
11, 29091, 172.06385463072073, 172.06385463072073, 'SEARCH'
11, 29092, 172.03648004844422, 172.03648004844422, 'SEARCH'
11, 29093, 172.04855974046905, 172.04855974046905, 'SEARCH'
11, 29094, 172.04602098345345, 172.04602098345345, 'SEARCH'
11, 29095, 172.01827488752548, 172.01827488752548, 'SEARCH'
11, 29096, 172.00145815551284, 172.00145815551284, 'SEARCH'
11, 29097, 171.97416607088516, 171.97416607088516, 'SEARCH'
11, 29098, 171.95773403586628, 171.95773403586628, 'SEARCH'
11, 29099, 171.93518190638142, 171.93518190638142, 'SEARCH'
11, 29100, 171.92117302436728, 171.92117302436728, 'SEARCH'
11, 29101, 171.8945118088124, 171.8945118088124, 'SEARCH'
11, 29102, 171.90612428353026, 171.90612428353026, 'SEARCH'
11, 29103, 171.87933223124747, 171.87933223124747, 'SEARCH'
11, 29104, 171.8701522084327, 171.8701522084327, 'SEARCH'
11, 29105, 171.87719409408962, 171.87719409408962, 'SEARCH'
11, 29106, 171.87606194047044, 171.87606194047044, 'SEARCH'
11, 29107, 171.854985050736, 171.854985050736, 'SEARCH'
11, 29108, 171.8480939243936, 171.8480939243936, 'SEARCH'
11, 29109, 171.82227003812693, 171.82227003812693, 'SEARCH'
11, 29110, 171.80579268366571, 171.80579268366571, 'SEARCH'
11, 29111, 171.78527864718254, 171.78527864718254, 'SEARCH'
11, 29112, 171.77123158260272, 171.77123158260272, 'SEARCH'
11, 29113, 171.76145439018438, 171.76145439018438, 'SEARCH'
11, 29114, 171.73467016647254, 171.73467016647254, 'SEARCH'
11, 29115, 171.74580919659223, 171.74580919659223, 'SEARCH'
11, 29116, 171.71860072431474, 171.71860072431474, 'SEARCH'
11, 29117, 171.72035565192527, 171.72035565192527, 'SEARCH'
11, 29118, 171.705389107938, 171.705389107938, 'SEARCH'
11, 29119, 171.68486922988038, 171.68486922988038, 'SEARCH'
11, 29120, 171.6932870810591, 171.6932870810591, 'SEARCH'
11, 29121, 171.67529087169015, 171.67529087169015, 'SEARCH'
11, 29122, 171.64754186694483, 171.64754186694483, 'SEARCH'
11, 29123, 171.63067553479695, 171.63067553479695, 'SEARCH'
11, 29124, 171.61056011847512, 171.61056011847512, 'SEARCH'
11, 29125, 171.58530196873681, 171.58530196873681, 'SEARCH'
11, 29126, 171.56953270911558, 171.56953270911558, 'SEARCH'
11, 29127, 171.5450957667798, 171.5450957667798, 'SEARCH'
11, 29128, 171.53308243262276, 171.53308243262276, 'SEARCH'
11, 29129, 171.51584582899744, 171.51584582899744, 'SEARCH'
11, 29130, 171.50801891280224, 171.50801891280224, 'SEARCH'
11, 29131, 171.48126656267647, 171.48126656267647, 'SEARCH'
11, 29132, 171.4534894043982, 171.4534894043982, 'SEARCH'
11, 29133, 171.42571222506172, 171.42571222506172, 'SEARCH'
11, 29134, 171.41240226330382, 171.41240226330382, 'SEARCH'
11, 29135, 171.38487179945216, 171.38487179945216, 'SEARCH'
11, 29136, 171.36534857053869, 171.36534857053869, 'SEARCH'
11, 29137, 171.34121365868677, 171.34121365868677, 'SEARCH'
11, 29138, 171.32046388018216, 171.32046388018216, 'SEARCH'
11, 29139, 171.299079556114, 171.299079556114, 'SEARCH'
11, 29140, 171.27242471628668, 171.27242471628668, 'SEARCH'
11, 29141, 171.25924057435586, 171.25924057435586, 'SEARCH'
11, 29142, 171.2486777068316, 171.2486777068316, 'SEARCH'
11, 29143, 171.2376608188989, 171.2376608188989, 'SEARCH'
11, 29144, 171.2174723163849, 171.2174723163849, 'SEARCH'
11, 29145, 171.21439342761732, 171.21439342761732, 'SEARCH'
11, 29146, 171.1956688215435, 171.1956688215435, 'SEARCH'
11, 29147, 171.20634644300486, 171.20634644300486, 'SEARCH'
11, 29148, 171.18370823967746, 171.18370823967746, 'SEARCH'
11, 29149, 171.19527245096936, 171.19527245096936, 'SEARCH'
11, 29150, 171.16780560482565, 171.16780560482565, 'SEARCH'
11, 29151, 171.14160753289485, 171.14160753289485, 'SEARCH'
11, 29152, 171.1500052909964, 171.1500052909964, 'SEARCH'
11, 29153, 171.15222126368317, 171.15222126368317, 'SEARCH'
11, 29154, 171.14430645339777, 171.14430645339777, 'SEARCH'
11, 29155, 171.12254436665023, 171.12254436665023, 'SEARCH'
11, 29156, 171.09507846672582, 171.09507846672582, 'SEARCH'
11, 29157, 171.0797862014501, 171.0797862014501, 'SEARCH'
11, 29158, 171.0657229203611, 171.0657229203611, 'SEARCH'
11, 29159, 171.04622920716244, 171.04622920716244, 'SEARCH'
11, 29160, 171.01932550560235, 171.01932550560235, 'SEARCH'
11, 29161, 170.99312490415096, 170.99312490415096, 'SEARCH'
11, 29162, 170.96999160708023, 170.96999160708023, 'SEARCH'
11, 29163, 170.9664172180371, 170.9664172180371, 'SEARCH'
11, 29164, 170.97294301458948, 170.97294301458948, 'SEARCH'
11, 29165, 170.94644125945862, 170.94644125945862, 'SEARCH'
11, 29166, 170.9315483238241, 170.9315483238241, 'SEARCH'
11, 29167, 170.9255055360406, 170.9255055360406, 'SEARCH'
11, 29168, 170.91673102896314, 170.91673102896314, 'SEARCH'
11, 29169, 170.91749141638752, 170.91749141638752, 'SEARCH'
11, 29170, 170.91145646929414, 170.91145646929414, 'SEARCH'
11, 29171, 170.90595142411064, 170.90595142411064, 'SEARCH'
11, 29172, 170.8940149450429, 170.8940149450429, 'SEARCH'
11, 29173, 170.86936792894457, 170.86936792894457, 'SEARCH'
11, 29174, 170.84923537531387, 170.84923537531387, 'SEARCH'
11, 29175, 170.82691776990794, 170.82691776990794, 'SEARCH'
11, 29176, 170.8357473062609, 170.8357473062609, 'SEARCH'
11, 29177, 170.81285829915998, 170.81285829915998, 'SEARCH'
11, 29178, 170.80732318264924, 170.80732318264924, 'SEARCH'
11, 29179, 170.79625245962123, 170.79625245962123, 'SEARCH'
11, 29180, 170.7785868513874, 170.7785868513874, 'SEARCH'
11, 29181, 170.75330953758504, 170.75330953758504, 'SEARCH'
11, 29182, 170.72988052369524, 170.72988052369524, 'SEARCH'
11, 29183, 170.71111813727094, 170.71111813727094, 'SEARCH'
11, 29184, 170.68399966880486, 170.68399966880486, 'SEARCH'
11, 29185, 170.6720454526352, 170.6720454526352, 'SEARCH'
11, 29186, 170.64503581049556, 170.64503581049556, 'SEARCH'
11, 29187, 170.61763855064322, 170.61763855064322, 'SEARCH'
11, 29188, 170.6183730681274, 170.6183730681274, 'SEARCH'
11, 29189, 170.62438270732187, 170.62438270732187, 'SEARCH'
11, 29190, 170.6102956363393, 170.6102956363393, 'SEARCH'
11, 29191, 170.58543507193588, 170.58543507193588, 'SEARCH'
11, 29192, 170.5587999148733, 170.5587999148733, 'SEARCH'
11, 29193, 170.56242136897887, 170.56242136897887, 'SEARCH'
11, 29194, 170.53488314113477, 170.53488314113477, 'SEARCH'
11, 29195, 170.52514563038747, 170.52514563038747, 'SEARCH'
11, 29196, 170.52923325153847, 170.52923325153847, 'SEARCH'
11, 29197, 170.51230044706412, 170.51230044706412, 'SEARCH'
11, 29198, 170.4886341441792, 170.4886341441792, 'SEARCH'
11, 29199, 170.48071912417825, 170.48071912417825, 'SEARCH'
11, 29200, 170.4737984720586, 170.4737984720586, 'SEARCH'
11, 29201, 170.44668456951484, 170.44668456951484, 'SEARCH'
11, 29202, 170.41893410150539, 170.41893410150539, 'SEARCH'
11, 29203, 170.4001796852239, 170.4001796852239, 'SEARCH'
11, 29204, 170.3734139821147, 170.3734139821147, 'SEARCH'
11, 29205, 170.35464679658313, 170.35464679658313, 'SEARCH'
11, 29206, 170.34583875583255, 170.34583875583255, 'SEARCH'
11, 29207, 170.33521250026286, 170.33521250026286, 'SEARCH'
11, 29208, 170.3131725583615, 170.3131725583615, 'SEARCH'
11, 29209, 170.31964991805674, 170.31964991805674, 'SEARCH'
11, 29210, 170.29399344565203, 170.29399344565203, 'SEARCH'
11, 29211, 170.26677109409158, 170.26677109409158, 'SEARCH'
11, 29212, 170.25024015660065, 170.25024015660065, 'SEARCH'
11, 29213, 170.2378312644465, 170.2378312644465, 'SEARCH'
11, 29214, 170.23804991624914, 170.23804991624914, 'SEARCH'
11, 29215, 170.21127339722355, 170.21127339722355, 'SEARCH'
11, 29216, 170.2227622438218, 170.2227622438218, 'SEARCH'
11, 29217, 170.2036095238462, 170.2036095238462, 'SEARCH'
11, 29218, 170.19717249046627, 170.19717249046627, 'SEARCH'
11, 29219, 170.16951893833277, 170.16951893833277, 'SEARCH'
11, 29220, 170.1629990946267, 170.1629990946267, 'SEARCH'
11, 29221, 170.14462689867423, 170.14462689867423, 'SEARCH'
11, 29222, 170.11812405846646, 170.11812405846646, 'SEARCH'
11, 29223, 170.09862893500588, 170.09862893500588, 'SEARCH'
11, 29224, 170.07548787070843, 170.07548787070843, 'SEARCH'
11, 29225, 170.05182038305603, 170.05182038305603, 'SEARCH'
11, 29226, 170.02739711535617, 170.02739711535617, 'SEARCH'
11, 29227, 169.99966954317551, 169.99966954317551, 'SEARCH'
11, 29228, 170.0116065521069, 170.0116065521069, 'SEARCH'
11, 29229, 169.99472379708973, 169.99472379708973, 'SEARCH'
11, 29230, 169.96741563488513, 169.96741563488513, 'SEARCH'
11, 29231, 169.9521003617234, 169.9521003617234, 'SEARCH'
11, 29232, 169.94752501748184, 169.94752501748184, 'SEARCH'
11, 29233, 169.9198327926497, 169.9198327926497, 'SEARCH'
11, 29234, 169.9291098429573, 169.9291098429573, 'SEARCH'
11, 29235, 169.91338094996726, 169.91338094996726, 'SEARCH'
11, 29236, 169.9059619669229, 169.9059619669229, 'SEARCH'
11, 29237, 169.89854288163195, 169.89854288163195, 'SEARCH'
11, 29238, 169.9087292018237, 169.9087292018237, 'SEARCH'
11, 29239, 169.89220285652596, 169.89220285652596, 'SEARCH'
11, 29240, 169.8682633697765, 169.8682633697765, 'SEARCH'
11, 29241, 169.8660710893274, 169.8660710893274, 'SEARCH'
11, 29242, 169.83917243226412, 169.83917243226412, 'SEARCH'
11, 29243, 169.81712138189377, 169.81712138189377, 'SEARCH'
11, 29244, 169.80427221954432, 169.80427221954432, 'SEARCH'
11, 29245, 169.77680448078152, 169.77680448078152, 'SEARCH'
11, 29246, 169.76395280719981, 169.76395280719981, 'SEARCH'
11, 29247, 169.76125457484065, 169.76125457484065, 'SEARCH'
11, 29248, 169.73811635323156, 169.73811635323156, 'SEARCH'
11, 29249, 169.7302630293067, 169.7302630293067, 'SEARCH'
11, 29250, 169.7299936522359, 169.7299936522359, 'SEARCH'
11, 29251, 169.7022166337948, 169.7022166337948, 'SEARCH'
11, 29252, 169.7081957173887, 169.7081957173887, 'SEARCH'
11, 29253, 169.68186753139574, 169.68186753139574, 'SEARCH'
11, 29254, 169.65414392550247, 169.65414392550247, 'SEARCH'
11, 29255, 169.6430359766601, 169.6430359766601, 'SEARCH'
11, 29256, 169.6394523206597, 169.6394523206597, 'SEARCH'
11, 29257, 169.6121455376515, 169.6121455376515, 'SEARCH'
11, 29258, 169.58449824951907, 169.58449824951907, 'SEARCH'
11, 29259, 169.56244671008218, 169.56244671008218, 'SEARCH'
11, 29260, 169.54916898101703, 169.54916898101703, 'SEARCH'
11, 29261, 169.5289963765614, 169.5289963765614, 'SEARCH'
11, 29262, 169.5157081130922, 169.5157081130922, 'SEARCH'
11, 29263, 169.49876168663832, 169.49876168663832, 'SEARCH'
11, 29264, 169.47995700814397, 169.47995700814397, 'SEARCH'
11, 29265, 169.47201279850412, 169.47201279850412, 'SEARCH'
11, 29266, 169.4750916900589, 169.4750916900589, 'SEARCH'
11, 29267, 169.4842919891476, 169.4842919891476, 'SEARCH'
11, 29268, 169.4920977915378, 169.4920977915378, 'SEARCH'
11, 29269, 169.49610699713693, 169.49610699713693, 'SEARCH'
11, 29270, 169.47048525078486, 169.47048525078486, 'SEARCH'
11, 29271, 169.45200338159654, 169.45200338159654, 'SEARCH'
11, 29272, 169.4344170644482, 169.4344170644482, 'SEARCH'
11, 29273, 169.40938713727178, 169.40938713727178, 'SEARCH'
11, 29274, 169.40585036290292, 169.40585036290292, 'SEARCH'
11, 29275, 169.3781521095071, 169.3781521095071, 'SEARCH'
11, 29276, 169.36656295486424, 169.36656295486424, 'SEARCH'
11, 29277, 169.35409277962145, 169.35409277962145, 'SEARCH'
11, 29278, 169.35762688301284, 169.35762688301284, 'SEARCH'
11, 29279, 169.35776643347882, 169.35776643347882, 'SEARCH'
11, 29280, 169.35259325499464, 169.35259325499464, 'SEARCH'
11, 29281, 169.3309305442354, 169.3309305442354, 'SEARCH'
11, 29282, 169.30378685295884, 169.30378685295884, 'SEARCH'
11, 29283, 169.27645391076052, 169.27645391076052, 'SEARCH'
11, 29284, 169.25056837132817, 169.25056837132817, 'SEARCH'
11, 29285, 169.25118343604464, 169.25118343604464, 'SEARCH'
11, 29286, 169.24671948105265, 169.24671948105265, 'SEARCH'
11, 29287, 169.2192635653549, 169.2192635653549, 'SEARCH'
11, 29288, 169.20022045725906, 169.20022045725906, 'SEARCH'
11, 29289, 169.18480761282342, 169.18480761282342, 'SEARCH'
11, 29290, 169.15703199827624, 169.15703199827624, 'SEARCH'
11, 29291, 169.16435793743568, 169.16435793743568, 'SEARCH'
11, 29292, 169.16206726085417, 169.16206726085417, 'SEARCH'
11, 29293, 169.13617804657463, 169.13617804657463, 'SEARCH'
11, 29294, 169.1415962039391, 169.1415962039391, 'SEARCH'
11, 29295, 169.1525506162903, 169.1525506162903, 'SEARCH'
11, 29296, 169.15507018102682, 169.15507018102682, 'SEARCH'
11, 29297, 169.14843606978584, 169.14843606978584, 'SEARCH'
11, 29298, 169.16024737735236, 169.16024737735236, 'SEARCH'
11, 29299, 169.143475365839, 169.143475365839, 'SEARCH'
11, 29300, 169.11962464283627, 169.11962464283627, 'SEARCH'
11, 29301, 169.13055811954885, 169.13055811954885, 'SEARCH'
11, 29302, 169.13449946302723, 169.13449946302723, 'SEARCH'
11, 29303, 169.1273734741223, 169.1273734741223, 'SEARCH'
11, 29304, 169.12012940060916, 169.12012940060916, 'SEARCH'
11, 29305, 169.0926126740981, 169.0926126740981, 'SEARCH'
11, 29306, 169.06516575114267, 169.06516575114267, 'SEARCH'
11, 29307, 169.0404503709988, 169.0404503709988, 'SEARCH'
11, 29308, 169.04910508962786, 169.04910508962786, 'SEARCH'
11, 29309, 169.0442185950766, 169.0442185950766, 'SEARCH'
11, 29310, 169.0233034028286, 169.0233034028286, 'SEARCH'
11, 29311, 169.00261360274496, 169.00261360274496, 'SEARCH'
11, 29312, 168.97901476874546, 168.97901476874546, 'SEARCH'
11, 29313, 168.96146581420632, 168.96146581420632, 'SEARCH'
11, 29314, 168.94851093329603, 168.94851093329603, 'SEARCH'
11, 29315, 168.92780807758166, 168.92780807758166, 'SEARCH'
11, 29316, 168.92005645273215, 168.92005645273215, 'SEARCH'
11, 29317, 168.892354201493, 168.892354201493, 'SEARCH'
11, 29318, 168.87404595272352, 168.87404595272352, 'SEARCH'
11, 29319, 168.8468020305157, 168.8468020305157, 'SEARCH'
11, 29320, 168.82057789596925, 168.82057789596925, 'SEARCH'
11, 29321, 168.81659067739093, 168.81659067739093, 'SEARCH'
11, 29322, 168.79310459062464, 168.79310459062464, 'SEARCH'
11, 29323, 168.80363105637946, 168.80363105637946, 'SEARCH'
11, 29324, 168.7924422381398, 168.7924422381398, 'SEARCH'
11, 29325, 168.76488533196522, 168.76488533196522, 'SEARCH'
11, 29326, 168.7635448502467, 168.7635448502467, 'SEARCH'
11, 29327, 168.7735959471824, 168.7735959471824, 'SEARCH'
11, 29328, 168.74705916929167, 168.74705916929167, 'SEARCH'
11, 29329, 168.72854118168803, 168.72854118168803, 'SEARCH'
11, 29330, 168.71214338824618, 168.71214338824618, 'SEARCH'
11, 29331, 168.7030078919068, 168.7030078919068, 'SEARCH'
11, 29332, 168.695714195382, 168.695714195382, 'SEARCH'
11, 29333, 168.677950102704, 168.677950102704, 'SEARCH'
11, 29334, 168.6667550858377, 168.6667550858377, 'SEARCH'
11, 29335, 168.6471874676861, 168.6471874676861, 'SEARCH'
11, 29336, 168.63039082887707, 168.63039082887707, 'SEARCH'
11, 29337, 168.60591626501505, 168.60591626501505, 'SEARCH'
11, 29338, 168.59069711695327, 168.59069711695327, 'SEARCH'
11, 29339, 168.56324310018317, 168.56324310018317, 'SEARCH'
11, 29340, 168.54334695815697, 168.54334695815697, 'SEARCH'
11, 29341, 168.53063113267743, 168.53063113267743, 'SEARCH'
11, 29342, 168.51705192288603, 168.51705192288603, 'SEARCH'
11, 29343, 168.50813995417363, 168.50813995417363, 'SEARCH'
11, 29344, 168.48741004674935, 168.48741004674935, 'SEARCH'
11, 29345, 168.48948693548374, 168.48948693548374, 'SEARCH'
11, 29346, 168.48336414485263, 168.48336414485263, 'SEARCH'
11, 29347, 168.46067883141788, 168.46067883141788, 'SEARCH'
11, 29348, 168.4720833507861, 168.4720833507861, 'SEARCH'
11, 29349, 168.44431900465005, 168.44431900465005, 'SEARCH'
11, 29350, 168.44034491057567, 168.44034491057567, 'SEARCH'
11, 29351, 168.431188065016, 168.431188065016, 'SEARCH'
11, 29352, 168.4045861357186, 168.4045861357186, 'SEARCH'
11, 29353, 168.37729296316806, 168.37729296316806, 'SEARCH'
11, 29354, 168.37165636034123, 168.37165636034123, 'SEARCH'
11, 29355, 168.37708643796867, 168.37708643796867, 'SEARCH'
11, 29356, 168.37024846059492, 168.37024846059492, 'SEARCH'
11, 29357, 168.3718344022631, 168.3718344022631, 'SEARCH'
11, 29358, 168.3695348743812, 168.3695348743812, 'SEARCH'
11, 29359, 168.35449999175512, 168.35449999175512, 'SEARCH'
11, 29360, 168.33039141210878, 168.33039141210878, 'SEARCH'
11, 29361, 168.3189901549691, 168.3189901549691, 'SEARCH'
11, 29362, 168.2913777370928, 168.2913777370928, 'SEARCH'
11, 29363, 168.27001818743153, 168.27001818743153, 'SEARCH'
11, 29364, 168.24292237324968, 168.24292237324968, 'SEARCH'
11, 29365, 168.22480446381857, 168.22480446381857, 'SEARCH'
11, 29366, 168.21452342197702, 168.21452342197702, 'SEARCH'
11, 29367, 168.21851403974043, 168.21851403974043, 'SEARCH'
11, 29368, 168.20711057041424, 168.20711057041424, 'SEARCH'
11, 29369, 168.17933307848259, 168.17933307848259, 'SEARCH'
11, 29370, 168.19162602627551, 168.19162602627551, 'SEARCH'
11, 29371, 168.18043614701426, 168.18043614701426, 'SEARCH'
11, 29372, 168.17764234229816, 168.17764234229816, 'SEARCH'
11, 29373, 168.1616275298125, 168.1616275298125, 'SEARCH'
11, 29374, 168.1493511745117, 168.1493511745117, 'SEARCH'
11, 29375, 168.12157366182865, 168.12157366182865, 'SEARCH'
11, 29376, 168.09645132251586, 168.09645132251586, 'SEARCH'
11, 29377, 168.08395020444473, 168.08395020444473, 'SEARCH'
11, 29378, 168.06473719196848, 168.06473719196848, 'SEARCH'
11, 29379, 168.03697271507883, 168.03697271507883, 'SEARCH'
11, 29380, 168.01794546272725, 168.01794546272725, 'SEARCH'
11, 29381, 167.9941989681707, 167.9941989681707, 'SEARCH'
11, 29382, 167.99961757127204, 167.99961757127204, 'SEARCH'
11, 29383, 167.97503987395615, 167.97503987395615, 'SEARCH'
11, 29384, 167.9606326661247, 167.9606326661247, 'SEARCH'
11, 29385, 167.9593067559769, 167.9593067559769, 'SEARCH'
11, 29386, 167.97158953376587, 167.97158953376587, 'SEARCH'
11, 29387, 167.96450364649024, 167.96450364649024, 'SEARCH'
11, 29388, 167.9600615471142, 167.9600615471142, 'SEARCH'
11, 29389, 167.93234406626723, 167.93234406626723, 'SEARCH'
11, 29390, 167.92715434893904, 167.92715434893904, 'SEARCH'
11, 29391, 167.91445183554802, 167.91445183554802, 'SEARCH'
11, 29392, 167.88692880065008, 167.88692880065008, 'SEARCH'
11, 29393, 167.8855931257201, 167.8855931257201, 'SEARCH'
11, 29394, 167.86802816635137, 167.86802816635137, 'SEARCH'
11, 29395, 167.84129413673983, 167.84129413673983, 'SEARCH'
11, 29396, 167.8220874843086, 167.8220874843086, 'SEARCH'
11, 29397, 167.8025297877984, 167.8025297877984, 'SEARCH'
11, 29398, 167.78496048059867, 167.78496048059867, 'SEARCH'
11, 29399, 167.77557629348993, 167.77557629348993, 'SEARCH'
11, 29400, 167.74784284376187, 167.74784284376187, 'SEARCH'
11, 29401, 167.7206967897198, 167.7206967897198, 'SEARCH'
11, 29402, 167.69903493826865, 167.69903493826865, 'SEARCH'
11, 29403, 167.68567980054402, 167.68567980054402, 'SEARCH'
11, 29404, 167.66371687831202, 167.66371687831202, 'SEARCH'
11, 29405, 167.63765871360567, 167.63765871360567, 'SEARCH'
11, 29406, 167.61007262815465, 167.61007262815465, 'SEARCH'
11, 29407, 167.58856911126017, 167.58856911126017, 'SEARCH'
11, 29408, 167.56164790046813, 167.56164790046813, 'SEARCH'
11, 29409, 167.53400906935866, 167.53400906935866, 'SEARCH'
11, 29410, 167.5142729512828, 167.5142729512828, 'SEARCH'
11, 29411, 167.50647874559863, 167.50647874559863, 'SEARCH'
11, 29412, 167.49728955045984, 167.49728955045984, 'SEARCH'
11, 29413, 167.47165592104068, 167.47165592104068, 'SEARCH'
11, 29414, 167.46666297203848, 167.46666297203848, 'SEARCH'
11, 29415, 167.44161682139557, 167.44161682139557, 'SEARCH'
11, 29416, 167.41652265218164, 167.41652265218164, 'SEARCH'
11, 29417, 167.39016338550357, 167.39016338550357, 'SEARCH'
11, 29418, 167.38659094631433, 167.38659094631433, 'SEARCH'
11, 29419, 167.36197163268406, 167.36197163268406, 'SEARCH'
11, 29420, 167.35312418958796, 167.35312418958796, 'SEARCH'
11, 29421, 167.3263684952403, 167.3263684952403, 'SEARCH'
11, 29422, 167.30591435674023, 167.30591435674023, 'SEARCH'
11, 29423, 167.2922608848818, 167.2922608848818, 'SEARCH'
11, 29424, 167.29586879442206, 167.29586879442206, 'SEARCH'
11, 29425, 167.2698602026369, 167.2698602026369, 'SEARCH'
11, 29426, 167.28135943032348, 167.28135943032348, 'SEARCH'
11, 29427, 167.26292871485498, 167.26292871485498, 'SEARCH'
11, 29428, 167.23630579470557, 167.23630579470557, 'SEARCH'
11, 29429, 167.22570562335468, 167.22570562335468, 'SEARCH'
11, 29430, 167.22302186691184, 167.22302186691184, 'SEARCH'
11, 29431, 167.2142377782275, 167.2142377782275, 'SEARCH'
11, 29432, 167.20586519018607, 167.20586519018607, 'SEARCH'
11, 29433, 167.2026912706727, 167.2026912706727, 'SEARCH'
11, 29434, 167.19624517588332, 167.19624517588332, 'SEARCH'
11, 29435, 167.17361422642995, 167.17361422642995, 'SEARCH'
11, 29436, 167.1579071387008, 167.1579071387008, 'SEARCH'
11, 29437, 167.13013023881686, 167.13013023881686, 'SEARCH'
11, 29438, 167.13277434776626, 167.13277434776626, 'SEARCH'
11, 29439, 167.1107544715063, 167.1107544715063, 'SEARCH'
11, 29440, 167.08472876778333, 167.08472876778333, 'SEARCH'
11, 29441, 167.08446569222926, 167.08446569222926, 'SEARCH'
11, 29442, 167.06131938194383, 167.06131938194383, 'SEARCH'
11, 29443, 167.0405300244929, 167.0405300244929, 'SEARCH'
11, 29444, 167.04027445271058, 167.04027445271058, 'SEARCH'
11, 29445, 167.03143804682205, 167.03143804682205, 'SEARCH'
11, 29446, 167.01300760898965, 167.01300760898965, 'SEARCH'
11, 29447, 166.98735891380446, 166.98735891380446, 'SEARCH'
11, 29448, 166.98853950200996, 166.98853950200996, 'SEARCH'
11, 29449, 166.98922494662153, 166.98922494662153, 'SEARCH'
11, 29450, 166.98411146072183, 166.98411146072183, 'SEARCH'
11, 29451, 166.95633535064286, 166.95633535064286, 'SEARCH'
11, 29452, 166.9650937958973, 166.9650937958973, 'SEARCH'
11, 29453, 166.94710653549876, 166.94710653549876, 'SEARCH'
11, 29454, 166.92418052002054, 166.92418052002054, 'SEARCH'
11, 29455, 166.91716486494832, 166.91716486494832, 'SEARCH'
11, 29456, 166.9055801274961, 166.9055801274961, 'SEARCH'
11, 29457, 166.87936898488124, 166.87936898488124, 'SEARCH'
11, 29458, 166.860662070107, 166.860662070107, 'SEARCH'
11, 29459, 166.83366835946114, 166.83366835946114, 'SEARCH'
11, 29460, 166.8125881847208, 166.8125881847208, 'SEARCH'
11, 29461, 166.78939406857407, 166.78939406857407, 'SEARCH'
11, 29462, 166.76450868786006, 166.76450868786006, 'SEARCH'
11, 29463, 166.77187382495364, 166.77187382495364, 'SEARCH'
11, 29464, 166.76086293148728, 166.76086293148728, 'SEARCH'
11, 29465, 166.74798305285213, 166.74798305285213, 'SEARCH'
11, 29466, 166.72989103705132, 166.72989103705132, 'SEARCH'
11, 29467, 166.73440266023505, 166.73440266023505, 'SEARCH'
11, 29468, 166.74267453047563, 166.74267453047563, 'SEARCH'
11, 29469, 166.71553458079018, 166.71553458079018, 'SEARCH'
11, 29470, 166.7209794172687, 166.7209794172687, 'SEARCH'
11, 29471, 166.70955671781388, 166.70955671781388, 'SEARCH'
11, 29472, 166.68661061601773, 166.68661061601773, 'SEARCH'
11, 29473, 166.65905782417522, 166.65905782417522, 'SEARCH'
11, 29474, 166.65968862098327, 166.65968862098327, 'SEARCH'
11, 29475, 166.65169677649152, 166.65169677649152, 'SEARCH'
11, 29476, 166.6292985203884, 166.6292985203884, 'SEARCH'
11, 29477, 166.6190065988273, 166.6190065988273, 'SEARCH'
11, 29478, 166.61815115649418, 166.61815115649418, 'SEARCH'
11, 29479, 166.6197083695676, 166.6197083695676, 'SEARCH'
11, 29480, 166.59255705981116, 166.59255705981116, 'SEARCH'
11, 29481, 166.5876411348326, 166.5876411348326, 'SEARCH'
11, 29482, 166.56026735971145, 166.56026735971145, 'SEARCH'
11, 29483, 166.53359612793983, 166.53359612793983, 'SEARCH'
11, 29484, 166.52676937271485, 166.52676937271485, 'SEARCH'
11, 29485, 166.5091943161807, 166.5091943161807, 'SEARCH'
11, 29486, 166.51697709175863, 166.51697709175863, 'SEARCH'
11, 29487, 166.49516216102754, 166.49516216102754, 'SEARCH'
11, 29488, 166.4773962034375, 166.4773962034375, 'SEARCH'
11, 29489, 166.47220423960343, 166.47220423960343, 'SEARCH'
11, 29490, 166.44454110309465, 166.44454110309465, 'SEARCH'
11, 29491, 166.43819235372263, 166.43819235372263, 'SEARCH'
11, 29492, 166.4111011349268, 166.4111011349268, 'SEARCH'
11, 29493, 166.4059181398262, 166.4059181398262, 'SEARCH'
11, 29494, 166.39883464369402, 166.39883464369402, 'SEARCH'
11, 29495, 166.37825890402075, 166.37825890402075, 'SEARCH'
11, 29496, 166.37883916920555, 166.37883916920555, 'SEARCH'
11, 29497, 166.3563167249696, 166.3563167249696, 'SEARCH'
11, 29498, 166.33110205694067, 166.33110205694067, 'SEARCH'
11, 29499, 166.3406975797616, 166.3406975797616, 'SEARCH'
11, 29500, 166.31402082143302, 166.31402082143302, 'SEARCH'
11, 29501, 166.28657106500998, 166.28657106500998, 'SEARCH'
11, 29502, 166.2852122638014, 166.2852122638014, 'SEARCH'
11, 29503, 166.2585340056865, 166.2585340056865, 'SEARCH'
11, 29504, 166.2321421094982, 166.2321421094982, 'SEARCH'
11, 29505, 166.20450778161577, 166.20450778161577, 'SEARCH'
11, 29506, 166.1893043581285, 166.1893043581285, 'SEARCH'
11, 29507, 166.16496118661564, 166.16496118661564, 'SEARCH'
11, 29508, 166.1477747278111, 166.1477747278111, 'SEARCH'
11, 29509, 166.13636868694243, 166.13636868694243, 'SEARCH'
11, 29510, 166.1173300221647, 166.1173300221647, 'SEARCH'
11, 29511, 166.08967042561022, 166.08967042561022, 'SEARCH'
11, 29512, 166.07425480413562, 166.07425480413562, 'SEARCH'
11, 29513, 166.0644258107713, 166.0644258107713, 'SEARCH'
11, 29514, 166.04878862462664, 166.04878862462664, 'SEARCH'
11, 29515, 166.03736594398237, 166.03736594398237, 'SEARCH'
11, 29516, 166.0460898507288, 166.0460898507288, 'SEARCH'
11, 29517, 166.02065846141352, 166.02065846141352, 'SEARCH'
11, 29518, 166.02466653722843, 166.02466653722843, 'SEARCH'
11, 29519, 166.00240267942348, 166.00240267942348, 'SEARCH'
11, 29520, 165.99963998679218, 165.99963998679218, 'SEARCH'
11, 29521, 165.98168436461734, 165.98168436461734, 'SEARCH'
11, 29522, 165.9698167738356, 165.9698167738356, 'SEARCH'
11, 29523, 165.94832579226176, 165.94832579226176, 'SEARCH'
11, 29524, 165.92140944089903, 165.92140944089903, 'SEARCH'
11, 29525, 165.89931515519, 165.89931515519, 'SEARCH'
11, 29526, 165.883263712513, 165.883263712513, 'SEARCH'
11, 29527, 165.86127889840398, 165.86127889840398, 'SEARCH'
11, 29528, 165.84221412867416, 165.84221412867416, 'SEARCH'
11, 29529, 165.8153380704707, 165.8153380704707, 'SEARCH'
11, 29530, 165.79523108270823, 165.79523108270823, 'SEARCH'
11, 29531, 165.78646600553236, 165.78646600553236, 'SEARCH'
11, 29532, 165.77955012832174, 165.77955012832174, 'SEARCH'
11, 29533, 165.78879498551134, 165.78879498551134, 'SEARCH'
11, 29534, 165.80115319106133, 165.80115319106133, 'SEARCH'
11, 29535, 165.77975194621996, 165.77975194621996, 'SEARCH'
11, 29536, 165.75469827583564, 165.75469827583564, 'SEARCH'
11, 29537, 165.73355353666767, 165.73355353666767, 'SEARCH'
11, 29538, 165.70809514879747, 165.70809514879747, 'SEARCH'
11, 29539, 165.6957289337994, 165.6957289337994, 'SEARCH'
11, 29540, 165.67087875540858, 165.67087875540858, 'SEARCH'
11, 29541, 165.6439889268054, 165.6439889268054, 'SEARCH'
11, 29542, 165.62255066582605, 165.62255066582605, 'SEARCH'
11, 29543, 165.61652783689618, 165.61652783689618, 'SEARCH'
11, 29544, 165.58941296741, 165.58941296741, 'SEARCH'
11, 29545, 165.562523731922, 165.562523731922, 'SEARCH'
11, 29546, 165.5532428065629, 165.5532428065629, 'SEARCH'
11, 29547, 165.5254740822237, 165.5254740822237, 'SEARCH'
11, 29548, 165.51266095212495, 165.51266095212495, 'SEARCH'
11, 29549, 165.48631984692796, 165.48631984692796, 'SEARCH'
11, 29550, 165.47936216954267, 165.47936216954267, 'SEARCH'
11, 29551, 165.46442538600854, 165.46442538600854, 'SEARCH'
11, 29552, 165.4690345409624, 165.4690345409624, 'SEARCH'
11, 29553, 165.46209281748742, 165.46209281748742, 'SEARCH'
11, 29554, 165.45190833912352, 165.45190833912352, 'SEARCH'
11, 29555, 165.45698557209806, 165.45698557209806, 'SEARCH'
11, 29556, 165.4486285938152, 165.4486285938152, 'SEARCH'
11, 29557, 165.43801279935883, 165.43801279935883, 'SEARCH'
11, 29558, 165.43826206624414, 165.43826206624414, 'SEARCH'
11, 29559, 165.41066328881033, 165.41066328881033, 'SEARCH'
11, 29560, 165.38804857132249, 165.38804857132249, 'SEARCH'
11, 29561, 165.40045160974464, 165.40045160974464, 'SEARCH'
11, 29562, 165.3775600324741, 165.3775600324741, 'SEARCH'
11, 29563, 165.35675078635208, 165.35675078635208, 'SEARCH'
11, 29564, 165.35170547995568, 165.35170547995568, 'SEARCH'
11, 29565, 165.3288090453291, 165.3288090453291, 'SEARCH'
11, 29566, 165.3130623472735, 165.3130623472735, 'SEARCH'
11, 29567, 165.2868689337828, 165.2868689337828, 'SEARCH'
11, 29568, 165.273585038398, 165.273585038398, 'SEARCH'
11, 29569, 165.28601934114155, 165.28601934114155, 'SEARCH'
11, 29570, 165.262837376, 165.262837376, 'SEARCH'
11, 29571, 165.25877335303016, 165.25877335303016, 'SEARCH'
11, 29572, 165.2415064301371, 165.2415064301371, 'SEARCH'
11, 29573, 165.22071921989706, 165.22071921989706, 'SEARCH'
11, 29574, 165.20660264541687, 165.20660264541687, 'SEARCH'
11, 29575, 165.18175775097131, 165.18175775097131, 'SEARCH'
11, 29576, 165.1738976412917, 165.1738976412917, 'SEARCH'
11, 29577, 165.16692221889824, 165.16692221889824, 'SEARCH'
11, 29578, 165.15406716554352, 165.15406716554352, 'SEARCH'
11, 29579, 165.12842051824452, 165.12842051824452, 'SEARCH'
11, 29580, 165.10069717877997, 165.10069717877997, 'SEARCH'
11, 29581, 165.0772453646418, 165.0772453646418, 'SEARCH'
11, 29582, 165.05843927148467, 165.05843927148467, 'SEARCH'
11, 29583, 165.04697840727587, 165.04697840727587, 'SEARCH'
11, 29584, 165.052095296313, 165.052095296313, 'SEARCH'
11, 29585, 165.05672384792965, 165.05672384792965, 'SEARCH'
11, 29586, 165.03562311156645, 165.03562311156645, 'SEARCH'
11, 29587, 165.0430742401374, 165.0430742401374, 'SEARCH'
11, 29588, 165.01938060486668, 165.01938060486668, 'SEARCH'
11, 29589, 164.9988830348682, 164.9988830348682, 'SEARCH'
11, 29590, 164.975970308576, 164.975970308576, 'SEARCH'
11, 29591, 164.95871335843054, 164.95871335843054, 'SEARCH'
11, 29592, 164.93322413269618, 164.93322413269618, 'SEARCH'
11, 29593, 164.90657723713477, 164.90657723713477, 'SEARCH'
11, 29594, 164.88924427500606, 164.88924427500606, 'SEARCH'
11, 29595, 164.87912220306853, 164.87912220306853, 'SEARCH'
11, 29596, 164.86591532406047, 164.86591532406047, 'SEARCH'
11, 29597, 164.86137622136215, 164.86137622136215, 'SEARCH'
11, 29598, 164.84263643992307, 164.84263643992307, 'SEARCH'
11, 29599, 164.818011303259, 164.818011303259, 'SEARCH'
11, 29600, 164.7959564138101, 164.7959564138101, 'SEARCH'
11, 29601, 164.7844715014567, 164.7844715014567, 'SEARCH'
11, 29602, 164.79601740672413, 164.79601740672413, 'SEARCH'
11, 29603, 164.76842023449973, 164.76842023449973, 'SEARCH'
11, 29604, 164.75691935267946, 164.75691935267946, 'SEARCH'
11, 29605, 164.7490187761279, 164.7490187761279, 'SEARCH'
11, 29606, 164.72373250082973, 164.72373250082973, 'SEARCH'
11, 29607, 164.70032147631963, 164.70032147631963, 'SEARCH'
11, 29608, 164.68666721962924, 164.68666721962924, 'SEARCH'
11, 29609, 164.66002766132044, 164.66002766132044, 'SEARCH'
11, 29610, 164.6379740228893, 164.6379740228893, 'SEARCH'
11, 29611, 164.648187816571, 164.648187816571, 'SEARCH'
11, 29612, 164.63848263996496, 164.63848263996496, 'SEARCH'
11, 29613, 164.62120260150314, 164.62120260150314, 'SEARCH'
11, 29614, 164.6039175781855, 164.6039175781855, 'SEARCH'
11, 29615, 164.57974232999854, 164.57974232999854, 'SEARCH'
11, 29616, 164.55355775453344, 164.55355775453344, 'SEARCH'
11, 29617, 164.53479661610027, 164.53479661610027, 'SEARCH'
11, 29618, 164.5175056596413, 164.5175056596413, 'SEARCH'
11, 29619, 164.5077823150047, 164.5077823150047, 'SEARCH'
11, 29620, 164.4924453624745, 164.4924453624745, 'SEARCH'
11, 29621, 164.47197719985135, 164.47197719985135, 'SEARCH'
11, 29622, 164.44508736311778, 164.44508736311778, 'SEARCH'
11, 29623, 164.42045426214696, 164.42045426214696, 'SEARCH'
11, 29624, 164.42835431263327, 164.42835431263327, 'SEARCH'
11, 29625, 164.4295657394247, 164.4295657394247, 'SEARCH'
11, 29626, 164.42122353718594, 164.42122353718594, 'SEARCH'
11, 29627, 164.42484942948857, 164.42484942948857, 'SEARCH'
11, 29628, 164.41467915361747, 164.41467915361747, 'SEARCH'
11, 29629, 164.3870799707498, 164.3870799707498, 'SEARCH'
11, 29630, 164.38154441549497, 164.38154441549497, 'SEARCH'
11, 29631, 164.3634984857684, 164.3634984857684, 'SEARCH'
11, 29632, 164.34333986278565, 164.34333986278565, 'SEARCH'
11, 29633, 164.32161231810403, 164.32161231810403, 'SEARCH'
11, 29634, 164.2965444208477, 164.2965444208477, 'SEARCH'
11, 29635, 164.2723685078678, 164.2723685078678, 'SEARCH'
11, 29636, 164.26128564754606, 164.26128564754606, 'SEARCH'
11, 29637, 164.23925930452705, 164.23925930452705, 'SEARCH'
11, 29638, 164.2264200460129, 164.2264200460129, 'SEARCH'
11, 29639, 164.19941581314208, 164.19941581314208, 'SEARCH'
11, 29640, 164.18330686617062, 164.18330686617062, 'SEARCH'
11, 29641, 164.16015426976477, 164.16015426976477, 'SEARCH'
11, 29642, 164.13352510046127, 164.13352510046127, 'SEARCH'
11, 29643, 164.12336012039748, 164.12336012039748, 'SEARCH'
11, 29644, 164.11781442310902, 164.11781442310902, 'SEARCH'
11, 29645, 164.09196243481261, 164.09196243481261, 'SEARCH'
11, 29646, 164.06690203805692, 164.06690203805692, 'SEARCH'
11, 29647, 164.06958919871542, 164.06958919871542, 'SEARCH'
11, 29648, 164.05193090273792, 164.05193090273792, 'SEARCH'
11, 29649, 164.04403448840836, 164.04403448840836, 'SEARCH'
11, 29650, 164.049115159438, 164.049115159438, 'SEARCH'
11, 29651, 164.0314405429343, 164.0314405429343, 'SEARCH'
11, 29652, 164.02779683001953, 164.02779683001953, 'SEARCH'
11, 29653, 164.01208760795595, 164.01208760795595, 'SEARCH'
11, 29654, 164.00010877011132, 164.00010877011132, 'SEARCH'
11, 29655, 163.9723848851103, 163.9723848851103, 'SEARCH'
11, 29656, 163.97120974581233, 163.97120974581233, 'SEARCH'
11, 29657, 163.94487559999288, 163.94487559999288, 'SEARCH'
11, 29658, 163.9379453261277, 163.9379453261277, 'SEARCH'
11, 29659, 163.93382390525068, 163.93382390525068, 'SEARCH'
11, 29660, 163.90617662558094, 163.90617662558094, 'SEARCH'
11, 29661, 163.90066757379944, 163.90066757379944, 'SEARCH'
11, 29662, 163.87581697783608, 163.87581697783608, 'SEARCH'
11, 29663, 163.8546831221389, 163.8546831221389, 'SEARCH'
11, 29664, 163.83266224120015, 163.83266224120015, 'SEARCH'
11, 29665, 163.81731107357703, 163.81731107357703, 'SEARCH'
11, 29666, 163.80938861545826, 163.80938861545826, 'SEARCH'
11, 29667, 163.78887757450207, 163.78887757450207, 'SEARCH'
11, 29668, 163.78328463140394, 163.78328463140394, 'SEARCH'
11, 29669, 163.75764723620338, 163.75764723620338, 'SEARCH'
11, 29670, 163.73367938880625, 163.73367938880625, 'SEARCH'
11, 29671, 163.72964787722555, 163.72964787722555, 'SEARCH'
11, 29672, 163.70817273655913, 163.70817273655913, 'SEARCH'
11, 29673, 163.70945873493787, 163.70945873493787, 'SEARCH'
11, 29674, 163.70577028329572, 163.70577028329572, 'SEARCH'
11, 29675, 163.68469644709305, 163.68469644709305, 'SEARCH'
11, 29676, 163.65965490514006, 163.65965490514006, 'SEARCH'
11, 29677, 163.63314224322673, 163.63314224322673, 'SEARCH'
11, 29678, 163.6189792558769, 163.6189792558769, 'SEARCH'
11, 29679, 163.59718645462192, 163.59718645462192, 'SEARCH'
11, 29680, 163.57710336305055, 163.57710336305055, 'SEARCH'
11, 29681, 163.58781740311775, 163.58781740311775, 'SEARCH'
11, 29682, 163.56017523226438, 163.56017523226438, 'SEARCH'
11, 29683, 163.53506830771283, 163.53506830771283, 'SEARCH'
11, 29684, 163.53733713960696, 163.53733713960696, 'SEARCH'
11, 29685, 163.51054877542845, 163.51054877542845, 'SEARCH'
11, 29686, 163.48285010826018, 163.48285010826018, 'SEARCH'
11, 29687, 163.46967404083827, 163.46967404083827, 'SEARCH'
11, 29688, 163.45014663339725, 163.45014663339725, 'SEARCH'
11, 29689, 163.42569159317125, 163.42569159317125, 'SEARCH'
11, 29690, 163.41789790484108, 163.41789790484108, 'SEARCH'
11, 29691, 163.39376583780893, 163.39376583780893, 'SEARCH'
11, 29692, 163.36987630431102, 163.36987630431102, 'SEARCH'
11, 29693, 163.34228684339587, 163.34228684339587, 'SEARCH'
11, 29694, 163.35025979055266, 163.35025979055266, 'SEARCH'
11, 29695, 163.33867172876722, 163.33867172876722, 'SEARCH'
11, 29696, 163.31106277738368, 163.31106277738368, 'SEARCH'
11, 29697, 163.2864661585443, 163.2864661585443, 'SEARCH'
11, 29698, 163.26437396201794, 163.26437396201794, 'SEARCH'
11, 29699, 163.23659828723393, 163.23659828723393, 'SEARCH'
11, 29700, 163.22651341598157, 163.22651341598157, 'SEARCH'
11, 29701, 163.19927474636503, 163.19927474636503, 'SEARCH'
11, 29702, 163.1742458884443, 163.1742458884443, 'SEARCH'
11, 29703, 163.15185850437845, 163.15185850437845, 'SEARCH'
11, 29704, 163.1350336392024, 163.1350336392024, 'SEARCH'
11, 29705, 163.1073337853823, 163.1073337853823, 'SEARCH'
11, 29706, 163.08627966643226, 163.08627966643226, 'SEARCH'
11, 29707, 163.06389077388275, 163.06389077388275, 'SEARCH'
11, 29708, 163.0709519860596, 163.0709519860596, 'SEARCH'
11, 29709, 163.05846986516792, 163.05846986516792, 'SEARCH'
11, 29710, 163.05256473749108, 163.05256473749108, 'SEARCH'
11, 29711, 163.0429300533808, 163.0429300533808, 'SEARCH'
11, 29712, 163.0374806217389, 163.0374806217389, 'SEARCH'
11, 29713, 163.01795383381423, 163.01795383381423, 'SEARCH'
11, 29714, 163.01441789506444, 163.01441789506444, 'SEARCH'
11, 29715, 162.98780683658015, 162.98780683658015, 'SEARCH'
11, 29716, 162.97906888555093, 162.97906888555093, 'SEARCH'
11, 29717, 162.95146175015654, 162.95146175015654, 'SEARCH'
11, 29718, 162.92732245977328, 162.92732245977328, 'SEARCH'
11, 29719, 162.92521587211004, 162.92521587211004, 'SEARCH'
11, 29720, 162.90983244837017, 162.90983244837017, 'SEARCH'
11, 29721, 162.89456216700555, 162.89456216700555, 'SEARCH'
11, 29722, 162.87109918242385, 162.87109918242385, 'SEARCH'
11, 29723, 162.8603997889011, 162.8603997889011, 'SEARCH'
11, 29724, 162.8337906613691, 162.8337906613691, 'SEARCH'
11, 29725, 162.82489427254094, 162.82489427254094, 'SEARCH'
11, 29726, 162.80467723757104, 162.80467723757104, 'SEARCH'
11, 29727, 162.79877133058162, 162.79877133058162, 'SEARCH'
11, 29728, 162.77888976241863, 162.77888976241863, 'SEARCH'
11, 29729, 162.77778705670212, 162.77778705670212, 'SEARCH'
11, 29730, 162.76952766799656, 162.76952766799656, 'SEARCH'
11, 29731, 162.74539479423603, 162.74539479423603, 'SEARCH'
11, 29732, 162.7552032895938, 162.7552032895938, 'SEARCH'
11, 29733, 162.7279980704051, 162.7279980704051, 'SEARCH'
11, 29734, 162.7228617253762, 162.7228617253762, 'SEARCH'
11, 29735, 162.70968398179102, 162.70968398179102, 'SEARCH'
11, 29736, 162.68464628858428, 162.68464628858428, 'SEARCH'
11, 29737, 162.6610023661794, 162.6610023661794, 'SEARCH'
11, 29738, 162.6414795627791, 162.6414795627791, 'SEARCH'
11, 29739, 162.62425409654227, 162.62425409654227, 'SEARCH'
11, 29740, 162.60578930907735, 162.60578930907735, 'SEARCH'
11, 29741, 162.60207519542237, 162.60207519542237, 'SEARCH'
11, 29742, 162.5745878242354, 162.5745878242354, 'SEARCH'
11, 29743, 162.58022953643345, 162.58022953643345, 'SEARCH'
11, 29744, 162.57318337903433, 162.57318337903433, 'SEARCH'
11, 29745, 162.5505077109181, 162.5505077109181, 'SEARCH'
11, 29746, 162.5309559311777, 162.5309559311777, 'SEARCH'
11, 29747, 162.52226128508337, 162.52226128508337, 'SEARCH'
11, 29748, 162.51333708033673, 162.51333708033673, 'SEARCH'
11, 29749, 162.5093579256156, 162.5093579256156, 'SEARCH'
11, 29750, 162.48895753624353, 162.48895753624353, 'SEARCH'
11, 29751, 162.47867236959814, 162.47867236959814, 'SEARCH'
11, 29752, 162.45585056362623, 162.45585056362623, 'SEARCH'
11, 29753, 162.44692208983642, 162.44692208983642, 'SEARCH'
11, 29754, 162.4327097579438, 162.4327097579438, 'SEARCH'
11, 29755, 162.41118442773282, 162.41118442773282, 'SEARCH'
11, 29756, 162.38489133563493, 162.38489133563493, 'SEARCH'
11, 29757, 162.36943183875874, 162.36943183875874, 'SEARCH'
11, 29758, 162.3571853348792, 162.3571853348792, 'SEARCH'
11, 29759, 162.33616493576736, 162.33616493576736, 'SEARCH'
11, 29760, 162.33125228797363, 162.33125228797363, 'SEARCH'
11, 29761, 162.33405549507162, 162.33405549507162, 'SEARCH'
11, 29762, 162.31043922012796, 162.31043922012796, 'SEARCH'
11, 29763, 162.2895508749753, 162.2895508749753, 'SEARCH'
11, 29764, 162.30163324000802, 162.30163324000802, 'SEARCH'
11, 29765, 162.29224256527644, 162.29224256527644, 'SEARCH'
11, 29766, 162.27910901950358, 162.27910901950358, 'SEARCH'
11, 29767, 162.2765752220102, 162.2765752220102, 'SEARCH'
11, 29768, 162.2645099238798, 162.2645099238798, 'SEARCH'
11, 29769, 162.239592913963, 162.239592913963, 'SEARCH'
11, 29770, 162.217059112129, 162.217059112129, 'SEARCH'
11, 29771, 162.20202084065755, 162.20202084065755, 'SEARCH'
11, 29772, 162.18067994537017, 162.18067994537017, 'SEARCH'
11, 29773, 162.168159082697, 162.168159082697, 'SEARCH'
11, 29774, 162.14651565336575, 162.14651565336575, 'SEARCH'
11, 29775, 162.11936447275883, 162.11936447275883, 'SEARCH'
11, 29776, 162.0957613030318, 162.0957613030318, 'SEARCH'
11, 29777, 162.07550769183658, 162.07550769183658, 'SEARCH'
11, 29778, 162.06839563994845, 162.06839563994845, 'SEARCH'
11, 29779, 162.077374642688, 162.077374642688, 'SEARCH'
11, 29780, 162.05983136058117, 162.05983136058117, 'SEARCH'
11, 29781, 162.03461969924615, 162.03461969924615, 'SEARCH'
11, 29782, 162.00764589385506, 162.00764589385506, 'SEARCH'
11, 29783, 161.98828723823397, 161.98828723823397, 'SEARCH'
11, 29784, 161.96113589747782, 161.96113589747782, 'SEARCH'
11, 29785, 161.9586284686151, 161.9586284686151, 'SEARCH'
11, 29786, 161.94741954526992, 161.94741954526992, 'SEARCH'
11, 29787, 161.9197850901756, 161.9197850901756, 'SEARCH'
11, 29788, 161.8945747269422, 161.8945747269422, 'SEARCH'
11, 29789, 161.87871165196765, 161.87871165196765, 'SEARCH'
11, 29790, 161.85336538508213, 161.85336538508213, 'SEARCH'
11, 29791, 161.84069613704193, 161.84069613704193, 'SEARCH'
11, 29792, 161.81528987298083, 161.81528987298083, 'SEARCH'
11, 29793, 161.80361869631903, 161.80361869631903, 'SEARCH'
11, 29794, 161.8021015799943, 161.8021015799943, 'SEARCH'
11, 29795, 161.80154227858995, 161.80154227858995, 'SEARCH'
11, 29796, 161.773982135546, 161.773982135546, 'SEARCH'
11, 29797, 161.7820263267293, 161.7820263267293, 'SEARCH'
11, 29798, 161.7684784538965, 161.7684784538965, 'SEARCH'
11, 29799, 161.74550611663102, 161.74550611663102, 'SEARCH'
11, 29800, 161.73654899210888, 161.73654899210888, 'SEARCH'
11, 29801, 161.73132677215207, 161.73132677215207, 'SEARCH'
11, 29802, 161.7170781973276, 161.7170781973276, 'SEARCH'
11, 29803, 161.69747602752153, 161.69747602752153, 'SEARCH'
11, 29804, 161.67719168010956, 161.67719168010956, 'SEARCH'
11, 29805, 161.6541432756624, 161.6541432756624, 'SEARCH'
11, 29806, 161.63986953571214, 161.63986953571214, 'SEARCH'
11, 29807, 161.6350196521995, 161.6350196521995, 'SEARCH'
11, 29808, 161.62068112367876, 161.62068112367876, 'SEARCH'
11, 29809, 161.63149326875626, 161.63149326875626, 'SEARCH'
11, 29810, 161.62709164200584, 161.62709164200584, 'SEARCH'
11, 29811, 161.61720007256383, 161.61720007256383, 'SEARCH'
11, 29812, 161.6166596407291, 161.6166596407291, 'SEARCH'
11, 29813, 161.59766635325616, 161.59766635325616, 'SEARCH'
11, 29814, 161.57231974823, 161.57231974823, 'SEARCH'
11, 29815, 161.54952846376895, 161.54952846376895, 'SEARCH'
11, 29816, 161.52959424568868, 161.52959424568868, 'SEARCH'
11, 29817, 161.52759903794274, 161.52759903794274, 'SEARCH'
11, 29818, 161.53611744149285, 161.53611744149285, 'SEARCH'
11, 29819, 161.51895223206236, 161.51895223206236, 'SEARCH'
11, 29820, 161.49416251549522, 161.49416251549522, 'SEARCH'
11, 29821, 161.47030648260255, 161.47030648260255, 'SEARCH'
11, 29822, 161.45327729521077, 161.45327729521077, 'SEARCH'
11, 29823, 161.4263052318229, 161.4263052318229, 'SEARCH'
11, 29824, 161.39962563657494, 161.39962563657494, 'SEARCH'
11, 29825, 161.3809843744145, 161.3809843744145, 'SEARCH'
11, 29826, 161.36758671170438, 161.36758671170438, 'SEARCH'
11, 29827, 161.34180643515703, 161.34180643515703, 'SEARCH'
11, 29828, 161.31436005768398, 161.31436005768398, 'SEARCH'
11, 29829, 161.3167149432571, 161.3167149432571, 'SEARCH'
11, 29830, 161.2897812664058, 161.2897812664058, 'SEARCH'
11, 29831, 161.28080550629292, 161.28080550629292, 'SEARCH'
11, 29832, 161.26728639477653, 161.26728639477653, 'SEARCH'
11, 29833, 161.2486490530319, 161.2486490530319, 'SEARCH'
11, 29834, 161.24905998759417, 161.24905998759417, 'SEARCH'
11, 29835, 161.24195302904087, 161.24195302904087, 'SEARCH'
11, 29836, 161.2292768644952, 161.2292768644952, 'SEARCH'
11, 29837, 161.2093521405957, 161.2093521405957, 'SEARCH'
11, 29838, 161.182539395481, 161.182539395481, 'SEARCH'
11, 29839, 161.17118207268715, 161.17118207268715, 'SEARCH'
11, 29840, 161.16738908061745, 161.16738908061745, 'SEARCH'
11, 29841, 161.14306418429751, 161.14306418429751, 'SEARCH'
11, 29842, 161.12798912021094, 161.12798912021094, 'SEARCH'
11, 29843, 161.1141457187696, 161.1141457187696, 'SEARCH'
11, 29844, 161.09487898309268, 161.09487898309268, 'SEARCH'
11, 29845, 161.0763142862724, 161.0763142862724, 'SEARCH'
11, 29846, 161.07678011164973, 161.07678011164973, 'SEARCH'
11, 29847, 161.0491107081556, 161.0491107081556, 'SEARCH'
11, 29848, 161.0275071168184, 161.0275071168184, 'SEARCH'
11, 29849, 161.00044806254363, 161.00044806254363, 'SEARCH'
11, 29850, 160.9904711112369, 160.9904711112369, 'SEARCH'
11, 29851, 160.9719088578, 160.9719088578, 'SEARCH'
11, 29852, 160.96427363759588, 160.96427363759588, 'SEARCH'
11, 29853, 160.93744500652838, 160.93744500652838, 'SEARCH'
11, 29854, 160.90977324918535, 160.90977324918535, 'SEARCH'
11, 29855, 160.88220239284695, 160.88220239284695, 'SEARCH'
11, 29856, 160.8618828118197, 160.8618828118197, 'SEARCH'
11, 29857, 160.83670054091866, 160.83670054091866, 'SEARCH'
11, 29858, 160.83672546845074, 160.83672546845074, 'SEARCH'
11, 29859, 160.80915310522295, 160.80915310522295, 'SEARCH'
11, 29860, 160.78882507379964, 160.78882507379964, 'SEARCH'
11, 29861, 160.76605416543097, 160.76605416543097, 'SEARCH'
11, 29862, 160.73861234284047, 160.73861234284047, 'SEARCH'
11, 29863, 160.73865657643736, 160.73865657643736, 'SEARCH'
11, 29864, 160.7116960137851, 160.7116960137851, 'SEARCH'
11, 29865, 160.69826333442202, 160.69826333442202, 'SEARCH'
11, 29866, 160.68006280991432, 160.68006280991432, 'SEARCH'
11, 29867, 160.65323793535313, 160.65323793535313, 'SEARCH'
11, 29868, 160.62617780577682, 160.62617780577682, 'SEARCH'
11, 29869, 160.59860387828599, 160.59860387828599, 'SEARCH'
11, 29870, 160.5708297995635, 160.5708297995635, 'SEARCH'
11, 29871, 160.54400771759526, 160.54400771759526, 'SEARCH'
11, 29872, 160.52503696131663, 160.52503696131663, 'SEARCH'
11, 29873, 160.49787601449327, 160.49787601449327, 'SEARCH'
11, 29874, 160.4743447593494, 160.4743447593494, 'SEARCH'
11, 29875, 160.47293629918343, 160.47293629918343, 'SEARCH'
11, 29876, 160.4469913258396, 160.4469913258396, 'SEARCH'
11, 29877, 160.41956209101875, 160.41956209101875, 'SEARCH'
11, 29878, 160.39178434743874, 160.39178434743874, 'SEARCH'
11, 29879, 160.37396542685877, 160.37396542685877, 'SEARCH'
11, 29880, 160.35839839786163, 160.35839839786163, 'SEARCH'
11, 29881, 160.33412894189937, 160.33412894189937, 'SEARCH'
11, 29882, 160.3065086328145, 160.3065086328145, 'SEARCH'
11, 29883, 160.29428423007522, 160.29428423007522, 'SEARCH'
11, 29884, 160.26651189015814, 160.26651189015814, 'SEARCH'
11, 29885, 160.25892106252357, 160.25892106252357, 'SEARCH'
11, 29886, 160.24679651505508, 160.24679651505508, 'SEARCH'
11, 29887, 160.23457502672565, 160.23457502672565, 'SEARCH'
11, 29888, 160.23512140666406, 160.23512140666406, 'SEARCH'
11, 29889, 160.20760705202787, 160.20760705202787, 'SEARCH'
11, 29890, 160.17983259490094, 160.17983259490094, 'SEARCH'
11, 29891, 160.15240614112489, 160.15240614112489, 'SEARCH'
11, 29892, 160.15101345588974, 160.15101345588974, 'SEARCH'
11, 29893, 160.13835826690533, 160.13835826690533, 'SEARCH'
11, 29894, 160.1340739467961, 160.1340739467961, 'SEARCH'
11, 29895, 160.11339696720958, 160.11339696720958, 'SEARCH'
11, 29896, 160.11732380822806, 160.11732380822806, 'SEARCH'
11, 29897, 160.12595469202287, 160.12595469202287, 'SEARCH'
11, 29898, 160.11203349923275, 160.11203349923275, 'SEARCH'
11, 29899, 160.09414058823558, 160.09414058823558, 'SEARCH'
11, 29900, 160.08973537817297, 160.08973537817297, 'SEARCH'
11, 29901, 160.06301373996575, 160.06301373996575, 'SEARCH'
11, 29902, 160.03976069761103, 160.03976069761103, 'SEARCH'
11, 29903, 160.0231045974575, 160.0231045974575, 'SEARCH'
11, 29904, 160.01739705116262, 160.01739705116262, 'SEARCH'
11, 29905, 159.98962459039996, 159.98962459039996, 'SEARCH'
11, 29906, 159.96484620294507, 159.96484620294507, 'SEARCH'
11, 29907, 159.97486703852502, 159.97486703852502, 'SEARCH'
11, 29908, 159.94713046340286, 159.94713046340286, 'SEARCH'
11, 29909, 159.9278789496677, 159.9278789496677, 'SEARCH'
11, 29910, 159.93180043818907, 159.93180043818907, 'SEARCH'
11, 29911, 159.92225847758715, 159.92225847758715, 'SEARCH'
11, 29912, 159.89554129978364, 159.89554129978364, 'SEARCH'
11, 29913, 159.89657383719464, 159.89657383719464, 'SEARCH'
11, 29914, 159.87629353096818, 159.87629353096818, 'SEARCH'
11, 29915, 159.87103864068786, 159.87103864068786, 'SEARCH'
11, 29916, 159.84776158173972, 159.84776158173972, 'SEARCH'
11, 29917, 159.83829139289472, 159.83829139289472, 'SEARCH'
11, 29918, 159.83831404449637, 159.83831404449637, 'SEARCH'
11, 29919, 159.83590399963256, 159.83590399963256, 'SEARCH'
11, 29920, 159.82871487118393, 159.82871487118393, 'SEARCH'
11, 29921, 159.81698630420095, 159.81698630420095, 'SEARCH'
11, 29922, 159.7980440815465, 159.7980440815465, 'SEARCH'
11, 29923, 159.78854072713818, 159.78854072713818, 'SEARCH'
11, 29924, 159.77259768960428, 159.77259768960428, 'SEARCH'
11, 29925, 159.75668142916385, 159.75668142916385, 'SEARCH'
11, 29926, 159.72961372971025, 159.72961372971025, 'SEARCH'
11, 29927, 159.70367835277617, 159.70367835277617, 'SEARCH'
11, 29928, 159.68855608785026, 159.68855608785026, 'SEARCH'
11, 29929, 159.68325190218442, 159.68325190218442, 'SEARCH'
11, 29930, 159.68951633715324, 159.68951633715324, 'SEARCH'
11, 29931, 159.699474703209, 159.699474703209, 'SEARCH'
11, 29932, 159.6927465853787, 159.6927465853787, 'SEARCH'
11, 29933, 159.66998161813783, 159.66998161813783, 'SEARCH'
11, 29934, 159.65870378744825, 159.65870378744825, 'SEARCH'
11, 29935, 159.63515225078248, 159.63515225078248, 'SEARCH'
11, 29936, 159.61418765258512, 159.61418765258512, 'SEARCH'
11, 29937, 159.6024432849371, 159.6024432849371, 'SEARCH'
11, 29938, 159.60339823228296, 159.60339823228296, 'SEARCH'
11, 29939, 159.61102951150997, 159.61102951150997, 'SEARCH'
11, 29940, 159.58604609612672, 159.58604609612672, 'SEARCH'
11, 29941, 159.569686098266, 159.569686098266, 'SEARCH'
11, 29942, 159.54373628882163, 159.54373628882163, 'SEARCH'
11, 29943, 159.51837968706354, 159.51837968706354, 'SEARCH'
11, 29944, 159.5159188586766, 159.5159188586766, 'SEARCH'
11, 29945, 159.51114587330827, 159.51114587330827, 'SEARCH'
11, 29946, 159.48787080362928, 159.48787080362928, 'SEARCH'
11, 29947, 159.4631340473343, 159.4631340473343, 'SEARCH'
11, 29948, 159.46408267866335, 159.46408267866335, 'SEARCH'
11, 29949, 159.44547144508996, 159.44547144508996, 'SEARCH'
11, 29950, 159.4283391367526, 159.4283391367526, 'SEARCH'
11, 29951, 159.40971819227676, 159.40971819227676, 'SEARCH'
11, 29952, 159.42141049187705, 159.42141049187705, 'SEARCH'
11, 29953, 159.40241918373803, 159.40241918373803, 'SEARCH'
11, 29954, 159.4140949163514, 159.4140949163514, 'SEARCH'
11, 29955, 159.39744377314088, 159.39744377314088, 'SEARCH'
11, 29956, 159.40999151103364, 159.40999151103364, 'SEARCH'
11, 29957, 159.39493232202074, 159.39493232202074, 'SEARCH'
11, 29958, 159.38549855965755, 159.38549855965755, 'SEARCH'
11, 29959, 159.38447047423156, 159.38447047423156, 'SEARCH'
11, 29960, 159.37971617551432, 159.37971617551432, 'SEARCH'
11, 29961, 159.38111196033395, 159.38111196033395, 'SEARCH'
11, 29962, 159.3791044423189, 159.3791044423189, 'SEARCH'
11, 29963, 159.36832585332536, 159.36832585332536, 'SEARCH'
11, 29964, 159.34700245130537, 159.34700245130537, 'SEARCH'
11, 29965, 159.3383484912652, 159.3383484912652, 'SEARCH'
11, 29966, 159.31064435129645, 159.31064435129645, 'SEARCH'
11, 29967, 159.2854357775107, 159.2854357775107, 'SEARCH'
11, 29968, 159.2694370747762, 159.2694370747762, 'SEARCH'
11, 29969, 159.2479052647763, 159.2479052647763, 'SEARCH'
11, 29970, 159.23667809186804, 159.23667809186804, 'SEARCH'
11, 29971, 159.21218254810594, 159.21218254810594, 'SEARCH'
11, 29972, 159.18473798006113, 159.18473798006113, 'SEARCH'
11, 29973, 159.17428168102225, 159.17428168102225, 'SEARCH'
11, 29974, 159.17663885144373, 159.17663885144373, 'SEARCH'
11, 29975, 159.14905894784908, 159.14905894784908, 'SEARCH'
11, 29976, 159.12346062903578, 159.12346062903578, 'SEARCH'
11, 29977, 159.1233857621944, 159.1233857621944, 'SEARCH'
11, 29978, 159.09817403455438, 159.09817403455438, 'SEARCH'
11, 29979, 159.079165227181, 159.079165227181, 'SEARCH'
11, 29980, 159.0523097209622, 159.0523097209622, 'SEARCH'
11, 29981, 159.02464595867397, 159.02464595867397, 'SEARCH'
11, 29982, 159.01568632440808, 159.01568632440808, 'SEARCH'
11, 29983, 158.99575771943407, 158.99575771943407, 'SEARCH'
11, 29984, 158.9801705084378, 158.9801705084378, 'SEARCH'
11, 29985, 158.95344878053908, 158.95344878053908, 'SEARCH'
11, 29986, 158.9480773713647, 158.9480773713647, 'SEARCH'
11, 29987, 158.922735148209, 158.922735148209, 'SEARCH'
11, 29988, 158.90686401919677, 158.90686401919677, 'SEARCH'
11, 29989, 158.8878734876652, 158.8878734876652, 'SEARCH'
11, 29990, 158.86068841949933, 158.86068841949933, 'SEARCH'
11, 29991, 158.8488875314198, 158.8488875314198, 'SEARCH'
11, 29992, 158.83035787529403, 158.83035787529403, 'SEARCH'
11, 29993, 158.80792380915625, 158.80792380915625, 'SEARCH'
11, 29994, 158.78016107102366, 158.78016107102366, 'SEARCH'
11, 29995, 158.78635896859387, 158.78635896859387, 'SEARCH'
11, 29996, 158.78580967936387, 158.78580967936387, 'SEARCH'
11, 29997, 158.76060230178413, 158.76060230178413, 'SEARCH'
11, 29998, 158.74513376572844, 158.74513376572844, 'SEARCH'
11, 29999, 158.757251539232, 158.757251539232, 'SEARCH'
11, 30000, 158.73117581933468, 158.73117581933468, 'SEARCH'
11, 30001, 158.71680881233152, 158.71680881233152, 'SEARCH'
11, 30002, 158.7120627933966, 158.7120627933966, 'SEARCH'
11, 30003, 158.68471861877282, 158.68471861877282, 'SEARCH'
11, 30004, 158.68948262983128, 158.68948262983128, 'SEARCH'
11, 30005, 158.66220140158805, 158.66220140158805, 'SEARCH'
11, 30006, 158.6720894480579, 158.6720894480579, 'SEARCH'
11, 30007, 158.6470863136762, 158.6470863136762, 'SEARCH'
11, 30008, 158.6433051486898, 158.6433051486898, 'SEARCH'
11, 30009, 158.6384094826451, 158.6384094826451, 'SEARCH'
11, 30010, 158.61096063501176, 158.61096063501176, 'SEARCH'
11, 30011, 158.60199496416644, 158.60199496416644, 'SEARCH'
11, 30012, 158.5910771007509, 158.5910771007509, 'SEARCH'
11, 30013, 158.5890603563099, 158.5890603563099, 'SEARCH'
11, 30014, 158.59893011423824, 158.59893011423824, 'SEARCH'
11, 30015, 158.57296044481635, 158.57296044481635, 'SEARCH'
11, 30016, 158.57285637644515, 158.57285637644515, 'SEARCH'
11, 30017, 158.5451108380616, 158.5451108380616, 'SEARCH'
11, 30018, 158.51740881896936, 158.51740881896936, 'SEARCH'
11, 30019, 158.49487278580648, 158.49487278580648, 'SEARCH'
11, 30020, 158.47383536862995, 158.47383536862995, 'SEARCH'
11, 30021, 158.4534404832227, 158.4534404832227, 'SEARCH'
11, 30022, 158.44921577242363, 158.44921577242363, 'SEARCH'
11, 30023, 158.43801786986313, 158.43801786986313, 'SEARCH'
11, 30024, 158.441306599667, 158.441306599667, 'SEARCH'
11, 30025, 158.4538197162396, 158.4538197162396, 'SEARCH'
11, 30026, 158.43624395676923, 158.43624395676923, 'SEARCH'
11, 30027, 158.40914942956366, 158.40914942956366, 'SEARCH'
11, 30028, 158.3879527556473, 158.3879527556473, 'SEARCH'
11, 30029, 158.3776556573437, 158.3776556573437, 'SEARCH'
11, 30030, 158.3671530851838, 158.3671530851838, 'SEARCH'
11, 30031, 158.3412614264776, 158.3412614264776, 'SEARCH'
11, 30032, 158.33303845547292, 158.33303845547292, 'SEARCH'
11, 30033, 158.32010060559853, 158.32010060559853, 'SEARCH'
11, 30034, 158.32765703112014, 158.32765703112014, 'SEARCH'
11, 30035, 158.3361297352879, 158.3361297352879, 'SEARCH'
11, 30036, 158.30926527822075, 158.30926527822075, 'SEARCH'
11, 30037, 158.28564045063365, 158.28564045063365, 'SEARCH'
11, 30038, 158.26695580521132, 158.26695580521132, 'SEARCH'
11, 30039, 158.24029246884348, 158.24029246884348, 'SEARCH'
11, 30040, 158.23276186570394, 158.23276186570394, 'SEARCH'
11, 30041, 158.2070513337116, 158.2070513337116, 'SEARCH'
11, 30042, 158.20500368442194, 158.20500368442194, 'SEARCH'
11, 30043, 158.1874279505651, 158.1874279505651, 'SEARCH'
11, 30044, 158.17964759213078, 158.17964759213078, 'SEARCH'
11, 30045, 158.18433389613995, 158.18433389613995, 'SEARCH'
11, 30046, 158.18900786743214, 158.18900786743214, 'SEARCH'
11, 30047, 158.16536430338448, 158.16536430338448, 'SEARCH'
11, 30048, 158.16181295912182, 158.16181295912182, 'SEARCH'
11, 30049, 158.16741322004657, 158.16741322004657, 'SEARCH'
11, 30050, 158.17673367157408, 158.17673367157408, 'SEARCH'
11, 30051, 158.14950592257497, 158.14950592257497, 'SEARCH'
11, 30052, 158.12367732327138, 158.12367732327138, 'SEARCH'
11, 30053, 158.12202504320297, 158.12202504320297, 'SEARCH'
11, 30054, 158.1092268868654, 158.1092268868654, 'SEARCH'
11, 30055, 158.08691111312325, 158.08691111312325, 'SEARCH'
11, 30056, 158.07119302114305, 158.07119302114305, 'SEARCH'
11, 30057, 158.06469783034194, 158.06469783034194, 'SEARCH'
11, 30058, 158.03982804865726, 158.03982804865726, 'SEARCH'
11, 30059, 158.01260148830525, 158.01260148830525, 'SEARCH'
11, 30060, 157.99980929124976, 157.99980929124976, 'SEARCH'
11, 30061, 157.98179152604646, 157.98179152604646, 'SEARCH'
11, 30062, 157.9554564448907, 157.9554564448907, 'SEARCH'
11, 30063, 157.94529686361415, 157.94529686361415, 'SEARCH'
11, 30064, 157.92416622488847, 157.92416622488847, 'SEARCH'
11, 30065, 157.90689253252327, 157.90689253252327, 'SEARCH'
11, 30066, 157.89114553461292, 157.89114553461292, 'SEARCH'
11, 30067, 157.87543554540034, 157.87543554540034, 'SEARCH'
11, 30068, 157.86349559038575, 157.86349559038575, 'SEARCH'
11, 30069, 157.86856889674021, 157.86856889674021, 'SEARCH'
11, 30070, 157.8477637612828, 157.8477637612828, 'SEARCH'
11, 30071, 157.82971867401554, 157.82971867401554, 'SEARCH'
11, 30072, 157.80199351274248, 157.80199351274248, 'SEARCH'
11, 30073, 157.81171346011737, 157.81171346011737, 'SEARCH'
11, 30074, 157.78522773329763, 157.78522773329763, 'SEARCH'
11, 30075, 157.79075202424153, 157.79075202424153, 'SEARCH'
11, 30076, 157.7856637198415, 157.7856637198415, 'SEARCH'
11, 30077, 157.75998591808377, 157.75998591808377, 'SEARCH'
11, 30078, 157.76309168441003, 157.76309168441003, 'SEARCH'
11, 30079, 157.765219730695, 157.765219730695, 'SEARCH'
11, 30080, 157.73744364228142, 157.73744364228142, 'SEARCH'
11, 30081, 157.7217596271631, 157.7217596271631, 'SEARCH'
11, 30082, 157.7190496589632, 157.7190496589632, 'SEARCH'
11, 30083, 157.69172623253033, 157.69172623253033, 'SEARCH'
11, 30084, 157.68997255301642, 157.68997255301642, 'SEARCH'
11, 30085, 157.66415332701462, 157.66415332701462, 'SEARCH'
11, 30086, 157.67605608698628, 157.67605608698628, 'SEARCH'
11, 30087, 157.6685610104817, 157.6685610104817, 'SEARCH'
11, 30088, 157.64100987934347, 157.64100987934347, 'SEARCH'
11, 30089, 157.63045653080275, 157.63045653080275, 'SEARCH'
11, 30090, 157.63256587170477, 157.63256587170477, 'SEARCH'
11, 30091, 157.60488033819058, 157.60488033819058, 'SEARCH'
11, 30092, 157.57719441506688, 157.57719441506688, 'SEARCH'
11, 30093, 157.55305397733372, 157.55305397733372, 'SEARCH'
11, 30094, 157.54569218983008, 157.54569218983008, 'SEARCH'
11, 30095, 157.5191847567673, 157.5191847567673, 'SEARCH'
11, 30096, 157.50718009083405, 157.50718009083405, 'SEARCH'
11, 30097, 157.48674100479434, 157.48674100479434, 'SEARCH'
11, 30098, 157.48077692144062, 157.48077692144062, 'SEARCH'
11, 30099, 157.47472905298088, 157.47472905298088, 'SEARCH'
11, 30100, 157.45976392149666, 157.45976392149666, 'SEARCH'
11, 30101, 157.46381448394368, 157.46381448394368, 'SEARCH'
11, 30102, 157.43606621759739, 157.43606621759739, 'SEARCH'
11, 30103, 157.426854283826, 157.426854283826, 'SEARCH'
11, 30104, 157.40223883244724, 157.40223883244724, 'SEARCH'
11, 30105, 157.38350360903215, 157.38350360903215, 'SEARCH'
11, 30106, 157.35577578978067, 157.35577578978067, 'SEARCH'
11, 30107, 157.3650222584804, 157.3650222584804, 'SEARCH'
11, 30108, 157.35353972552477, 157.35353972552477, 'SEARCH'
11, 30109, 157.3424380525055, 157.3424380525055, 'SEARCH'
11, 30110, 157.316606811843, 157.316606811843, 'SEARCH'
11, 30111, 157.3143982718184, 157.3143982718184, 'SEARCH'
11, 30112, 157.29389058652322, 157.29389058652322, 'SEARCH'
11, 30113, 157.2685946147644, 157.2685946147644, 'SEARCH'
11, 30114, 157.24847848055595, 157.24847848055595, 'SEARCH'
11, 30115, 157.2221244801393, 157.2221244801393, 'SEARCH'
11, 30116, 157.23044203133318, 157.23044203133318, 'SEARCH'
11, 30117, 157.21843831334476, 157.21843831334476, 'SEARCH'
11, 30118, 157.2048115899067, 157.2048115899067, 'SEARCH'
11, 30119, 157.18748292648675, 157.18748292648675, 'SEARCH'
11, 30120, 157.1632798412498, 157.1632798412498, 'SEARCH'
11, 30121, 157.16201158417658, 157.16201158417658, 'SEARCH'
11, 30122, 157.13811241793613, 157.13811241793613, 'SEARCH'
11, 30123, 157.12039794368394, 157.12039794368394, 'SEARCH'
11, 30124, 157.10053907671517, 157.10053907671517, 'SEARCH'
11, 30125, 157.0773358811188, 157.0773358811188, 'SEARCH'
11, 30126, 157.05086658342015, 157.05086658342015, 'SEARCH'
11, 30127, 157.03067039425642, 157.03067039425642, 'SEARCH'
11, 30128, 157.03035410961044, 157.03035410961044, 'SEARCH'
11, 30129, 157.02490057665057, 157.02490057665057, 'SEARCH'
11, 30130, 157.0372292971989, 157.0372292971989, 'SEARCH'
11, 30131, 157.02237697823645, 157.02237697823645, 'SEARCH'
11, 30132, 157.0127179717655, 157.0127179717655, 'SEARCH'
11, 30133, 156.9863949727929, 156.9863949727929, 'SEARCH'
11, 30134, 156.96056955239004, 156.96056955239004, 'SEARCH'
11, 30135, 156.9354784094511, 156.9354784094511, 'SEARCH'
11, 30136, 156.9478309149992, 156.9478309149992, 'SEARCH'
11, 30137, 156.9441461584683, 156.9441461584683, 'SEARCH'
11, 30138, 156.9391541522087, 156.9391541522087, 'SEARCH'
11, 30139, 156.91351324963765, 156.91351324963765, 'SEARCH'
11, 30140, 156.88630315480833, 156.88630315480833, 'SEARCH'
11, 30141, 156.85898256303574, 156.85898256303574, 'SEARCH'
11, 30142, 156.83125920862403, 156.83125920862403, 'SEARCH'
11, 30143, 156.80730599311423, 156.80730599311423, 'SEARCH'
11, 30144, 156.78647482944297, 156.78647482944297, 'SEARCH'
11, 30145, 156.7590856052693, 156.7590856052693, 'SEARCH'
11, 30146, 156.74453773273748, 156.74453773273748, 'SEARCH'
11, 30147, 156.72510260616644, 156.72510260616644, 'SEARCH'
11, 30148, 156.72869177570846, 156.72869177570846, 'SEARCH'
11, 30149, 156.7171273555302, 156.7171273555302, 'SEARCH'
11, 30150, 156.68939783184396, 156.68939783184396, 'SEARCH'
11, 30151, 156.67059007102216, 156.67059007102216, 'SEARCH'
11, 30152, 156.66001788930018, 156.66001788930018, 'SEARCH'
11, 30153, 156.63313738881442, 156.63313738881442, 'SEARCH'
11, 30154, 156.6053702837093, 156.6053702837093, 'SEARCH'
11, 30155, 156.59425854495092, 156.59425854495092, 'SEARCH'
11, 30156, 156.5682568645405, 156.5682568645405, 'SEARCH'
11, 30157, 156.54590350430684, 156.54590350430684, 'SEARCH'
11, 30158, 156.53750800993825, 156.53750800993825, 'SEARCH'
11, 30159, 156.51603886062227, 156.51603886062227, 'SEARCH'
11, 30160, 156.48865203551355, 156.48865203551355, 'SEARCH'
11, 30161, 156.4646903968276, 156.4646903968276, 'SEARCH'
11, 30162, 156.4451799401544, 156.4451799401544, 'SEARCH'
11, 30163, 156.43416167647996, 156.43416167647996, 'SEARCH'
11, 30164, 156.40641257866952, 156.40641257866952, 'SEARCH'
11, 30165, 156.38221347098136, 156.38221347098136, 'SEARCH'
11, 30166, 156.36176640829092, 156.36176640829092, 'SEARCH'
11, 30167, 156.35430719741865, 156.35430719741865, 'SEARCH'
11, 30168, 156.32901052753047, 156.32901052753047, 'SEARCH'
11, 30169, 156.3026840593665, 156.3026840593665, 'SEARCH'
11, 30170, 156.31416494813942, 156.31416494813942, 'SEARCH'
11, 30171, 156.30001918804803, 156.30001918804803, 'SEARCH'
11, 30172, 156.2732688175797, 156.2732688175797, 'SEARCH'
11, 30173, 156.26579085525873, 156.26579085525873, 'SEARCH'
11, 30174, 156.24769918231948, 156.24769918231948, 'SEARCH'
11, 30175, 156.234939111152, 156.234939111152, 'SEARCH'
11, 30176, 156.22303625502303, 156.22303625502303, 'SEARCH'
11, 30177, 156.2290008091517, 156.2290008091517, 'SEARCH'
11, 30178, 156.20992476173956, 156.20992476173956, 'SEARCH'
11, 30179, 156.18815450722175, 156.18815450722175, 'SEARCH'
11, 30180, 156.19962389883278, 156.19962389883278, 'SEARCH'
11, 30181, 156.17185394817076, 156.17185394817076, 'SEARCH'
11, 30182, 156.14464668305422, 156.14464668305422, 'SEARCH'
11, 30183, 156.13407001920126, 156.13407001920126, 'SEARCH'
11, 30184, 156.12521358188948, 156.12521358188948, 'SEARCH'
11, 30185, 156.11691345432186, 156.11691345432186, 'SEARCH'
11, 30186, 156.08978501038374, 156.08978501038374, 'SEARCH'
11, 30187, 156.0671945779904, 156.0671945779904, 'SEARCH'
11, 30188, 156.04431953381655, 156.04431953381655, 'SEARCH'
11, 30189, 156.02521327289864, 156.02521327289864, 'SEARCH'
11, 30190, 155.99799482831457, 155.99799482831457, 'SEARCH'
11, 30191, 155.9792269004138, 155.9792269004138, 'SEARCH'
11, 30192, 155.97228027824207, 155.97228027824207, 'SEARCH'
11, 30193, 155.95461489245207, 155.95461489245207, 'SEARCH'
11, 30194, 155.9457983255848, 155.9457983255848, 'SEARCH'
11, 30195, 155.9218574191478, 155.9218574191478, 'SEARCH'
11, 30196, 155.93157014053253, 155.93157014053253, 'SEARCH'
11, 30197, 155.92839636297046, 155.92839636297046, 'SEARCH'
11, 30198, 155.90334242672398, 155.90334242672398, 'SEARCH'
11, 30199, 155.91258421635186, 155.91258421635186, 'SEARCH'
11, 30200, 155.90058439689227, 155.90058439689227, 'SEARCH'
11, 30201, 155.88115415771995, 155.88115415771995, 'SEARCH'
11, 30202, 155.853508469873, 155.853508469873, 'SEARCH'
11, 30203, 155.82574124213835, 155.82574124213835, 'SEARCH'
11, 30204, 155.83633983357112, 155.83633983357112, 'SEARCH'
11, 30205, 155.80886022977677, 155.80886022977677, 'SEARCH'
11, 30206, 155.78163113092825, 155.78163113092825, 'SEARCH'
11, 30207, 155.77149129114548, 155.77149129114548, 'SEARCH'
11, 30208, 155.76598329828232, 155.76598329828232, 'SEARCH'
11, 30209, 155.74014478113895, 155.74014478113895, 'SEARCH'
11, 30210, 155.71350829354924, 155.71350829354924, 'SEARCH'
11, 30211, 155.6981841750062, 155.6981841750062, 'SEARCH'
11, 30212, 155.67706422232052, 155.67706422232052, 'SEARCH'
11, 30213, 155.65178693358678, 155.65178693358678, 'SEARCH'
11, 30214, 155.6309806026668, 155.6309806026668, 'SEARCH'
11, 30215, 155.60322963117693, 155.60322963117693, 'SEARCH'
11, 30216, 155.57646108177627, 155.57646108177627, 'SEARCH'
11, 30217, 155.5658278281593, 155.5658278281593, 'SEARCH'
11, 30218, 155.55795152068495, 155.55795152068495, 'SEARCH'
11, 30219, 155.5552888183409, 155.5552888183409, 'SEARCH'
11, 30220, 155.52788993301064, 155.52788993301064, 'SEARCH'
11, 30221, 155.53983894128575, 155.53983894128575, 'SEARCH'
11, 30222, 155.53957274207562, 155.53957274207562, 'SEARCH'
11, 30223, 155.51244555277768, 155.51244555277768, 'SEARCH'
11, 30224, 155.4943785415644, 155.4943785415644, 'SEARCH'
11, 30225, 155.47948922632193, 155.47948922632193, 'SEARCH'
11, 30226, 155.45965607543016, 155.45965607543016, 'SEARCH'
11, 30227, 155.46563363571136, 155.46563363571136, 'SEARCH'
11, 30228, 155.447927236177, 155.447927236177, 'SEARCH'
11, 30229, 155.45622680267604, 155.45622680267604, 'SEARCH'
11, 30230, 155.46723964793827, 155.46723964793827, 'SEARCH'
11, 30231, 155.44403075782805, 155.44403075782805, 'SEARCH'
11, 30232, 155.41625341985733, 155.41625341985733, 'SEARCH'
11, 30233, 155.4098487909057, 155.4098487909057, 'SEARCH'
11, 30234, 155.3831954089503, 155.3831954089503, 'SEARCH'
11, 30235, 155.36510298808253, 155.36510298808253, 'SEARCH'
11, 30236, 155.36107212024297, 155.36107212024297, 'SEARCH'
11, 30237, 155.36702317311048, 155.36702317311048, 'SEARCH'
11, 30238, 155.34115052705806, 155.34115052705806, 'SEARCH'
11, 30239, 155.31394581351998, 155.31394581351998, 'SEARCH'
11, 30240, 155.2908212232844, 155.2908212232844, 'SEARCH'
11, 30241, 155.27751411272772, 155.27751411272772, 'SEARCH'
11, 30242, 155.2848706389784, 155.2848706389784, 'SEARCH'
11, 30243, 155.25799844240368, 155.25799844240368, 'SEARCH'
11, 30244, 155.26058565240305, 155.26058565240305, 'SEARCH'
11, 30245, 155.24914702994172, 155.24914702994172, 'SEARCH'
11, 30246, 155.22621205988543, 155.22621205988543, 'SEARCH'
11, 30247, 155.20923924231946, 155.20923924231946, 'SEARCH'
11, 30248, 155.1877500753161, 155.1877500753161, 'SEARCH'
11, 30249, 155.1737310219992, 155.1737310219992, 'SEARCH'
11, 30250, 155.14694254230923, 155.14694254230923, 'SEARCH'
11, 30251, 155.1216984512851, 155.1216984512851, 'SEARCH'
11, 30252, 155.10435207536807, 155.10435207536807, 'SEARCH'
11, 30253, 155.08045706878636, 155.08045706878636, 'SEARCH'
11, 30254, 155.0526906442164, 155.0526906442164, 'SEARCH'
11, 30255, 155.0429040139339, 155.0429040139339, 'SEARCH'
11, 30256, 155.01685980310364, 155.01685980310364, 'SEARCH'
11, 30257, 154.99950996915877, 154.99950996915877, 'SEARCH'
11, 30258, 154.9842463073052, 154.9842463073052, 'SEARCH'
11, 30259, 154.9572201234956, 154.9572201234956, 'SEARCH'
11, 30260, 154.9462057520779, 154.9462057520779, 'SEARCH'
11, 30261, 154.9439722693637, 154.9439722693637, 'SEARCH'
11, 30262, 154.9295153011004, 154.9295153011004, 'SEARCH'
11, 30263, 154.91463559229388, 154.91463559229388, 'SEARCH'
11, 30264, 154.8871569422843, 154.8871569422843, 'SEARCH'
11, 30265, 154.86989509995448, 154.86989509995448, 'SEARCH'
11, 30266, 154.84242630444456, 154.84242630444456, 'SEARCH'
11, 30267, 154.82834542438655, 154.82834542438655, 'SEARCH'
11, 30268, 154.80518586000198, 154.80518586000198, 'SEARCH'
11, 30269, 154.7777136872349, 154.7777136872349, 'SEARCH'
11, 30270, 154.7779615066855, 154.7779615066855, 'SEARCH'
11, 30271, 154.76344132112342, 154.76344132112342, 'SEARCH'
11, 30272, 154.76318266821383, 154.76318266821383, 'SEARCH'
11, 30273, 154.75125023886986, 154.75125023886986, 'SEARCH'
11, 30274, 154.7343277289225, 154.7343277289225, 'SEARCH'
11, 30275, 154.73164202025075, 154.73164202025075, 'SEARCH'
11, 30276, 154.73378573104372, 154.73378573104372, 'SEARCH'
11, 30277, 154.72231101177502, 154.72231101177502, 'SEARCH'
11, 30278, 154.72638164427505, 154.72638164427505, 'SEARCH'
11, 30279, 154.70660340913923, 154.70660340913923, 'SEARCH'
11, 30280, 154.70826229103724, 154.70826229103724, 'SEARCH'
11, 30281, 154.70135574577097, 154.70135574577097, 'SEARCH'
11, 30282, 154.709673773894, 154.709673773894, 'SEARCH'
11, 30283, 154.7018324660744, 154.7018324660744, 'SEARCH'
11, 30284, 154.6929837473161, 154.6929837473161, 'SEARCH'
11, 30285, 154.68186384870214, 154.68186384870214, 'SEARCH'
11, 30286, 154.66490810550312, 154.66490810550312, 'SEARCH'
11, 30287, 154.64253991999135, 154.64253991999135, 'SEARCH'
11, 30288, 154.64319731003133, 154.64319731003133, 'SEARCH'
11, 30289, 154.61882530555548, 154.61882530555548, 'SEARCH'
11, 30290, 154.59107724735313, 154.59107724735313, 'SEARCH'
11, 30291, 154.57918039042798, 154.57918039042798, 'SEARCH'
11, 30292, 154.58975960283257, 154.58975960283257, 'SEARCH'
11, 30293, 154.5639398514243, 154.5639398514243, 'SEARCH'
11, 30294, 154.53616267255168, 154.53616267255168, 'SEARCH'
11, 30295, 154.53925150889862, 154.53925150889862, 'SEARCH'
11, 30296, 154.5140036265917, 154.5140036265917, 'SEARCH'
11, 30297, 154.51043765975263, 154.51043765975263, 'SEARCH'
11, 30298, 154.48960224342665, 154.48960224342665, 'SEARCH'
11, 30299, 154.46184866506667, 154.46184866506667, 'SEARCH'
11, 30300, 154.43409523295387, 154.43409523295387, 'SEARCH'
11, 30301, 154.40709560651118, 154.40709560651118, 'SEARCH'
11, 30302, 154.40584550168933, 154.40584550168933, 'SEARCH'
11, 30303, 154.39055664860558, 154.39055664860558, 'SEARCH'
11, 30304, 154.39221431170122, 154.39221431170122, 'SEARCH'
11, 30305, 154.3644915263154, 154.3644915263154, 'SEARCH'
11, 30306, 154.3449886992577, 154.3449886992577, 'SEARCH'
11, 30307, 154.3343098036198, 154.3343098036198, 'SEARCH'
11, 30308, 154.31065845062852, 154.31065845062852, 'SEARCH'
11, 30309, 154.30179419464997, 154.30179419464997, 'SEARCH'
11, 30310, 154.31146223850646, 154.31146223850646, 'SEARCH'
11, 30311, 154.28582867854564, 154.28582867854564, 'SEARCH'
11, 30312, 154.29318565945357, 154.29318565945357, 'SEARCH'
11, 30313, 154.28353484930904, 154.28353484930904, 'SEARCH'
11, 30314, 154.26991633625659, 154.26991633625659, 'SEARCH'
11, 30315, 154.25266775142362, 154.25266775142362, 'SEARCH'
11, 30316, 154.26280845585433, 154.26280845585433, 'SEARCH'
11, 30317, 154.25123790808036, 154.25123790808036, 'SEARCH'
11, 30318, 154.22400460132766, 154.22400460132766, 'SEARCH'
11, 30319, 154.21758328863723, 154.21758328863723, 'SEARCH'
11, 30320, 154.19270105864499, 154.19270105864499, 'SEARCH'
11, 30321, 154.18476032868867, 154.18476032868867, 'SEARCH'
11, 30322, 154.17588478269727, 154.17588478269727, 'SEARCH'
11, 30323, 154.1495666421449, 154.1495666421449, 'SEARCH'
11, 30324, 154.12233305365052, 154.12233305365052, 'SEARCH'
11, 30325, 154.10547581093854, 154.10547581093854, 'SEARCH'
11, 30326, 154.08978658893312, 154.08978658893312, 'SEARCH'
11, 30327, 154.06201025366036, 154.06201025366036, 'SEARCH'
11, 30328, 154.03460743491712, 154.03460743491712, 'SEARCH'
11, 30329, 154.0429273889442, 154.0429273889442, 'SEARCH'
11, 30330, 154.03005830128674, 154.03005830128674, 'SEARCH'
11, 30331, 154.0321800540463, 154.0321800540463, 'SEARCH'
11, 30332, 154.00552606029862, 154.00552606029862, 'SEARCH'
11, 30333, 154.01051844545816, 154.01051844545816, 'SEARCH'
11, 30334, 153.99634748439408, 153.99634748439408, 'SEARCH'
11, 30335, 153.97497309382777, 153.97497309382777, 'SEARCH'
11, 30336, 153.97658692889206, 153.97658692889206, 'SEARCH'
11, 30337, 153.95337094520397, 153.95337094520397, 'SEARCH'
11, 30338, 153.92973843173, 153.92973843173, 'SEARCH'
11, 30339, 153.91992732090125, 153.91992732090125, 'SEARCH'
11, 30340, 153.90332453342427, 153.90332453342427, 'SEARCH'
11, 30341, 153.8755687086046, 153.8755687086046, 'SEARCH'
11, 30342, 153.8800506964783, 153.8800506964783, 'SEARCH'
11, 30343, 153.85382718769935, 153.85382718769935, 'SEARCH'
11, 30344, 153.82637222687234, 153.82637222687234, 'SEARCH'
11, 30345, 153.83689868497208, 153.83689868497208, 'SEARCH'
11, 30346, 153.81569486569563, 153.81569486569563, 'SEARCH'
11, 30347, 153.79755517702407, 153.79755517702407, 'SEARCH'
11, 30348, 153.78233913505042, 153.78233913505042, 'SEARCH'
11, 30349, 153.76476705005857, 153.76476705005857, 'SEARCH'
11, 30350, 153.74040932087857, 153.74040932087857, 'SEARCH'
11, 30351, 153.71409972905545, 153.71409972905545, 'SEARCH'
11, 30352, 153.69456271738852, 153.69456271738852, 'SEARCH'
11, 30353, 153.67188991317005, 153.67188991317005, 'SEARCH'
11, 30354, 153.6462670398222, 153.6462670398222, 'SEARCH'
11, 30355, 153.62966680428713, 153.62966680428713, 'SEARCH'
11, 30356, 153.6109775583049, 153.6109775583049, 'SEARCH'
11, 30357, 153.60088262914607, 153.60088262914607, 'SEARCH'
11, 30358, 153.57690884116346, 153.57690884116346, 'SEARCH'
11, 30359, 153.56124247902073, 153.56124247902073, 'SEARCH'
11, 30360, 153.53976511992212, 153.53976511992212, 'SEARCH'
11, 30361, 153.53335191684587, 153.53335191684587, 'SEARCH'
11, 30362, 153.52587114255883, 153.52587114255883, 'SEARCH'
11, 30363, 153.49884433139, 153.49884433139, 'SEARCH'
11, 30364, 153.49371317323778, 153.49371317323778, 'SEARCH'
11, 30365, 153.47926965454187, 153.47926965454187, 'SEARCH'
11, 30366, 153.47098259416916, 153.47098259416916, 'SEARCH'
11, 30367, 153.4697157221033, 153.4697157221033, 'SEARCH'
11, 30368, 153.44320315027707, 153.44320315027707, 'SEARCH'
11, 30369, 153.41545487020286, 153.41545487020286, 'SEARCH'
11, 30370, 153.42557634718938, 153.42557634718938, 'SEARCH'
11, 30371, 153.42139413727273, 153.42139413727273, 'SEARCH'
11, 30372, 153.4332717988829, 153.4332717988829, 'SEARCH'
11, 30373, 153.43631366993216, 153.43631366993216, 'SEARCH'
11, 30374, 153.41591286176057, 153.41591286176057, 'SEARCH'
11, 30375, 153.39947444583262, 153.39947444583262, 'SEARCH'
11, 30376, 153.38787166978523, 153.38787166978523, 'SEARCH'
11, 30377, 153.3620643345642, 153.3620643345642, 'SEARCH'
11, 30378, 153.3487279004531, 153.3487279004531, 'SEARCH'
11, 30379, 153.33113866998812, 153.33113866998812, 'SEARCH'
11, 30380, 153.33371124684706, 153.33371124684706, 'SEARCH'
11, 30381, 153.32499564875843, 153.32499564875843, 'SEARCH'
11, 30382, 153.3101465642092, 153.3101465642092, 'SEARCH'
11, 30383, 153.2832345068993, 153.2832345068993, 'SEARCH'
11, 30384, 153.25951052091693, 153.25951052091693, 'SEARCH'
11, 30385, 153.23513681680254, 153.23513681680254, 'SEARCH'
11, 30386, 153.23014280743087, 153.23014280743087, 'SEARCH'
11, 30387, 153.2106335577806, 153.2106335577806, 'SEARCH'
11, 30388, 153.18750434001691, 153.18750434001691, 'SEARCH'
11, 30389, 153.1786417442611, 153.1786417442611, 'SEARCH'
11, 30390, 153.16206873510632, 153.16206873510632, 'SEARCH'
11, 30391, 153.164660847041, 153.164660847041, 'SEARCH'
11, 30392, 153.16336514447676, 153.16336514447676, 'SEARCH'
11, 30393, 153.1412685391947, 153.1412685391947, 'SEARCH'
11, 30394, 153.1137152886241, 153.1137152886241, 'SEARCH'
11, 30395, 153.11385820147564, 153.11385820147564, 'SEARCH'
11, 30396, 153.10288533694947, 153.10288533694947, 'SEARCH'
11, 30397, 153.08707037282764, 153.08707037282764, 'SEARCH'
11, 30398, 153.07433947825947, 153.07433947825947, 'SEARCH'
11, 30399, 153.06870955770762, 153.06870955770762, 'SEARCH'
11, 30400, 153.0449699064794, 153.0449699064794, 'SEARCH'
11, 30401, 153.01751361802414, 153.01751361802414, 'SEARCH'
11, 30402, 152.98987381060354, 152.98987381060354, 'SEARCH'
11, 30403, 152.98161421302373, 152.98161421302373, 'SEARCH'
11, 30404, 152.98322624048237, 152.98322624048237, 'SEARCH'
11, 30405, 152.9853085412501, 152.9853085412501, 'SEARCH'
11, 30406, 152.96028469513257, 152.96028469513257, 'SEARCH'
11, 30407, 152.9553223995385, 152.9553223995385, 'SEARCH'
11, 30408, 152.95034652009358, 152.95034652009358, 'SEARCH'
11, 30409, 152.96000529011076, 152.96000529011076, 'SEARCH'
11, 30410, 152.97010418906675, 152.97010418906675, 'SEARCH'
11, 30411, 152.94344162412904, 152.94344162412904, 'SEARCH'
11, 30412, 152.94455198505642, 152.94455198505642, 'SEARCH'
11, 30413, 152.91985998770647, 152.91985998770647, 'SEARCH'
11, 30414, 152.89717778871014, 152.89717778871014, 'SEARCH'
11, 30415, 152.86945950751277, 152.86945950751277, 'SEARCH'
11, 30416, 152.84175845883868, 152.84175845883868, 'SEARCH'
11, 30417, 152.83850126890368, 152.83850126890368, 'SEARCH'
11, 30418, 152.81714771663445, 152.81714771663445, 'SEARCH'
11, 30419, 152.7953375373244, 152.7953375373244, 'SEARCH'
11, 30420, 152.7845971788403, 152.7845971788403, 'SEARCH'
11, 30421, 152.75845642523967, 152.75845642523967, 'SEARCH'
11, 30422, 152.76482257628453, 152.76482257628453, 'SEARCH'
11, 30423, 152.77665861451555, 152.77665861451555, 'SEARCH'
11, 30424, 152.78013606004703, 152.78013606004703, 'SEARCH'
11, 30425, 152.7591200686739, 152.7591200686739, 'SEARCH'
11, 30426, 152.73183543144242, 152.73183543144242, 'SEARCH'
11, 30427, 152.7043845528121, 152.7043845528121, 'SEARCH'
11, 30428, 152.68399860217153, 152.68399860217153, 'SEARCH'
11, 30429, 152.656265194236, 152.656265194236, 'SEARCH'
11, 30430, 152.651559049856, 152.651559049856, 'SEARCH'
11, 30431, 152.6318418842943, 152.6318418842943, 'SEARCH'
11, 30432, 152.60431811898079, 152.60431811898079, 'SEARCH'
11, 30433, 152.5765852321072, 152.5765852321072, 'SEARCH'
11, 30434, 152.55845845651305, 152.55845845651305, 'SEARCH'
11, 30435, 152.5446744476942, 152.5446744476942, 'SEARCH'
11, 30436, 152.5176338869204, 152.5176338869204, 'SEARCH'
11, 30437, 152.490345247726, 152.490345247726, 'SEARCH'
11, 30438, 152.46258879753267, 152.46258879753267, 'SEARCH'
11, 30439, 152.4463607679747, 152.4463607679747, 'SEARCH'
11, 30440, 152.43472491350417, 152.43472491350417, 'SEARCH'
11, 30441, 152.40919602746547, 152.40919602746547, 'SEARCH'
11, 30442, 152.3978044808933, 152.3978044808933, 'SEARCH'
11, 30443, 152.40741413061866, 152.40741413061866, 'SEARCH'
11, 30444, 152.39139789525612, 152.39139789525612, 'SEARCH'
11, 30445, 152.39489777732672, 152.39489777732672, 'SEARCH'
11, 30446, 152.37265242609942, 152.37265242609942, 'SEARCH'
11, 30447, 152.38316289057073, 152.38316289057073, 'SEARCH'
11, 30448, 152.39184082075906, 152.39184082075906, 'SEARCH'
11, 30449, 152.36807448562794, 152.36807448562794, 'SEARCH'
11, 30450, 152.34031090284762, 152.34031090284762, 'SEARCH'
11, 30451, 152.33701115468702, 152.33701115468702, 'SEARCH'
11, 30452, 152.3365996238842, 152.3365996238842, 'SEARCH'
11, 30453, 152.31805719619138, 152.31805719619138, 'SEARCH'
11, 30454, 152.29650295434607, 152.29650295434607, 'SEARCH'
11, 30455, 152.30872244851443, 152.30872244851443, 'SEARCH'
11, 30456, 152.29242211135127, 152.29242211135127, 'SEARCH'
11, 30457, 152.26599618849343, 152.26599618849343, 'SEARCH'
11, 30458, 152.2542867110596, 152.2542867110596, 'SEARCH'
11, 30459, 152.23428941898717, 152.23428941898717, 'SEARCH'
11, 30460, 152.20651166308545, 152.20651166308545, 'SEARCH'
11, 30461, 152.17875219494113, 152.17875219494113, 'SEARCH'
11, 30462, 152.15420587855158, 152.15420587855158, 'SEARCH'
11, 30463, 152.14420207895495, 152.14420207895495, 'SEARCH'
11, 30464, 152.12205799755648, 152.12205799755648, 'SEARCH'
11, 30465, 152.10896248415565, 152.10896248415565, 'SEARCH'
11, 30466, 152.118077685534, 152.118077685534, 'SEARCH'
11, 30467, 152.10716730647027, 152.10716730647027, 'SEARCH'
11, 30468, 152.09090127159402, 152.09090127159402, 'SEARCH'
11, 30469, 152.06405267978775, 152.06405267978775, 'SEARCH'
11, 30470, 152.05194290778363, 152.05194290778363, 'SEARCH'
11, 30471, 152.02417987978447, 152.02417987978447, 'SEARCH'
11, 30472, 151.99668211791322, 151.99668211791322, 'SEARCH'
11, 30473, 151.98803063048416, 151.98803063048416, 'SEARCH'
11, 30474, 151.96212855813195, 151.96212855813195, 'SEARCH'
11, 30475, 151.96798639518252, 151.96798639518252, 'SEARCH'
11, 30476, 151.94614052722432, 151.94614052722432, 'SEARCH'
11, 30477, 151.94523622190002, 151.94523622190002, 'SEARCH'
11, 30478, 151.91911599872066, 151.91911599872066, 'SEARCH'
11, 30479, 151.89461803706777, 151.89461803706777, 'SEARCH'
11, 30480, 151.86685523106402, 151.86685523106402, 'SEARCH'
11, 30481, 151.8768679431111, 151.8768679431111, 'SEARCH'
11, 30482, 151.86741252330347, 151.86741252330347, 'SEARCH'
11, 30483, 151.840138129388, 151.840138129388, 'SEARCH'
11, 30484, 151.82018660163644, 151.82018660163644, 'SEARCH'
11, 30485, 151.79802449745563, 151.79802449745563, 'SEARCH'
11, 30486, 151.77304397995422, 151.77304397995422, 'SEARCH'
11, 30487, 151.75919124323673, 151.75919124323673, 'SEARCH'
11, 30488, 151.73309963499983, 151.73309963499983, 'SEARCH'
11, 30489, 151.72408563905927, 151.72408563905927, 'SEARCH'
11, 30490, 151.72020018998452, 151.72020018998452, 'SEARCH'
11, 30491, 151.70592256697756, 151.70592256697756, 'SEARCH'
11, 30492, 151.71679853860812, 151.71679853860812, 'SEARCH'
11, 30493, 151.7115081778753, 151.7115081778753, 'SEARCH'
11, 30494, 151.70292677446233, 151.70292677446233, 'SEARCH'
11, 30495, 151.69119802134128, 151.69119802134128, 'SEARCH'
11, 30496, 151.6646343318878, 151.6646343318878, 'SEARCH'
11, 30497, 151.65791317900926, 151.65791317900926, 'SEARCH'
11, 30498, 151.65599085804354, 151.65599085804354, 'SEARCH'
11, 30499, 151.63966182301488, 151.63966182301488, 'SEARCH'
11, 30500, 151.6128345837931, 151.6128345837931, 'SEARCH'
11, 30501, 151.5851611130821, 151.5851611130821, 'SEARCH'
11, 30502, 151.58518253801213, 151.58518253801213, 'SEARCH'
11, 30503, 151.5688614378504, 151.5688614378504, 'SEARCH'
11, 30504, 151.57605002071665, 151.57605002071665, 'SEARCH'
11, 30505, 151.58553632839897, 151.58553632839897, 'SEARCH'
11, 30506, 151.55857655886987, 151.55857655886987, 'SEARCH'
11, 30507, 151.54950586278198, 151.54950586278198, 'SEARCH'
11, 30508, 151.525429481623, 151.525429481623, 'SEARCH'
11, 30509, 151.5103371316167, 151.5103371316167, 'SEARCH'
11, 30510, 151.48846626565225, 151.48846626565225, 'SEARCH'
11, 30511, 151.4729182123702, 151.4729182123702, 'SEARCH'
11, 30512, 151.44697575138736, 151.44697575138736, 'SEARCH'
11, 30513, 151.44694772911504, 151.44694772911504, 'SEARCH'
11, 30514, 151.45908717189755, 151.45908717189755, 'SEARCH'
11, 30515, 151.45373204406675, 151.45373204406675, 'SEARCH'
11, 30516, 151.42630706994694, 151.42630706994694, 'SEARCH'
11, 30517, 151.42047082749966, 151.42047082749966, 'SEARCH'
11, 30518, 151.39285314404037, 151.39285314404037, 'SEARCH'
11, 30519, 151.371222248925, 151.371222248925, 'SEARCH'
11, 30520, 151.3437982346983, 151.3437982346983, 'SEARCH'
11, 30521, 151.32599541406478, 151.32599541406478, 'SEARCH'
11, 30522, 151.30327282743852, 151.30327282743852, 'SEARCH'
11, 30523, 151.2989706323469, 151.2989706323469, 'SEARCH'
11, 30524, 151.27125847826005, 151.27125847826005, 'SEARCH'
11, 30525, 151.26451295570283, 151.26451295570283, 'SEARCH'
11, 30526, 151.25237068084041, 151.25237068084041, 'SEARCH'
11, 30527, 151.23846069045354, 151.23846069045354, 'SEARCH'
11, 30528, 151.23456090943267, 151.23456090943267, 'SEARCH'
11, 30529, 151.21206047078496, 151.21206047078496, 'SEARCH'
11, 30530, 151.1949178555167, 151.1949178555167, 'SEARCH'
11, 30531, 151.20390445208474, 151.20390445208474, 'SEARCH'
11, 30532, 151.1872470360725, 151.1872470360725, 'SEARCH'
11, 30533, 151.16340543146114, 151.16340543146114, 'SEARCH'
11, 30534, 151.15216621242723, 151.15216621242723, 'SEARCH'
11, 30535, 151.12784689986506, 151.12784689986506, 'SEARCH'
11, 30536, 151.10357776866874, 151.10357776866874, 'SEARCH'
11, 30537, 151.08227123287884, 151.08227123287884, 'SEARCH'
11, 30538, 151.05618528973096, 151.05618528973096, 'SEARCH'
11, 30539, 151.05420790488336, 151.05420790488336, 'SEARCH'
11, 30540, 151.02881000782375, 151.02881000782375, 'SEARCH'
11, 30541, 151.0166825504766, 151.0166825504766, 'SEARCH'
11, 30542, 150.9936765556277, 150.9936765556277, 'SEARCH'
11, 30543, 150.96605404945888, 150.96605404945888, 'SEARCH'
11, 30544, 150.97820956826385, 150.97820956826385, 'SEARCH'
11, 30545, 150.9747864254101, 150.9747864254101, 'SEARCH'
11, 30546, 150.98559273296772, 150.98559273296772, 'SEARCH'
11, 30547, 150.9579150002882, 150.9579150002882, 'SEARCH'
11, 30548, 150.94124810810365, 150.94124810810365, 'SEARCH'
11, 30549, 150.92488098249615, 150.92488098249615, 'SEARCH'
11, 30550, 150.89848069548765, 150.89848069548765, 'SEARCH'
11, 30551, 150.8707181530697, 150.8707181530697, 'SEARCH'
11, 30552, 150.84443886498056, 150.84443886498056, 'SEARCH'
11, 30553, 150.81687382323645, 150.81687382323645, 'SEARCH'
11, 30554, 150.8034422578594, 150.8034422578594, 'SEARCH'
11, 30555, 150.79669677543671, 150.79669677543671, 'SEARCH'
11, 30556, 150.77808109614452, 150.77808109614452, 'SEARCH'
11, 30557, 150.7699155316647, 150.7699155316647, 'SEARCH'
11, 30558, 150.74347936425926, 150.74347936425926, 'SEARCH'
11, 30559, 150.71570485830188, 150.71570485830188, 'SEARCH'
11, 30560, 150.7010310869083, 150.7010310869083, 'SEARCH'
11, 30561, 150.68473641246976, 150.68473641246976, 'SEARCH'
11, 30562, 150.6885759682323, 150.6885759682323, 'SEARCH'
11, 30563, 150.67549889993796, 150.67549889993796, 'SEARCH'
11, 30564, 150.64941391988853, 150.64941391988853, 'SEARCH'
11, 30565, 150.62170087271457, 150.62170087271457, 'SEARCH'
11, 30566, 150.61835457943965, 150.61835457943965, 'SEARCH'
11, 30567, 150.59939198072215, 150.59939198072215, 'SEARCH'
11, 30568, 150.57782486496168, 150.57782486496168, 'SEARCH'
11, 30569, 150.56926017037244, 150.56926017037244, 'SEARCH'
11, 30570, 150.5445124873108, 150.5445124873108, 'SEARCH'
11, 30571, 150.52095313775723, 150.52095313775723, 'SEARCH'
11, 30572, 150.5013002124516, 150.5013002124516, 'SEARCH'
11, 30573, 150.48100431847368, 150.48100431847368, 'SEARCH'
11, 30574, 150.46465903508428, 150.46465903508428, 'SEARCH'
11, 30575, 150.4434031621366, 150.4434031621366, 'SEARCH'
11, 30576, 150.434330999129, 150.434330999129, 'SEARCH'
11, 30577, 150.4461110473632, 150.4461110473632, 'SEARCH'
11, 30578, 150.41953815666665, 150.41953815666665, 'SEARCH'
11, 30579, 150.43131249937028, 150.43131249937028, 'SEARCH'
11, 30580, 150.40724420399386, 150.40724420399386, 'SEARCH'
11, 30581, 150.38792312870058, 150.38792312870058, 'SEARCH'
11, 30582, 150.37449804731378, 150.37449804731378, 'SEARCH'
11, 30583, 150.36235492920724, 150.36235492920724, 'SEARCH'
11, 30584, 150.33958526091376, 150.33958526091376, 'SEARCH'
11, 30585, 150.31997064259272, 150.31997064259272, 'SEARCH'
11, 30586, 150.29806200813297, 150.29806200813297, 'SEARCH'
11, 30587, 150.2739839658805, 150.2739839658805, 'SEARCH'
11, 30588, 150.24862985758517, 150.24862985758517, 'SEARCH'
11, 30589, 150.2452967730275, 150.2452967730275, 'SEARCH'
11, 30590, 150.2525240002079, 150.2525240002079, 'SEARCH'
11, 30591, 150.2462515099459, 150.2462515099459, 'SEARCH'
11, 30592, 150.23239651639767, 150.23239651639767, 'SEARCH'
11, 30593, 150.22063074582235, 150.22063074582235, 'SEARCH'
11, 30594, 150.1928564712118, 150.1928564712118, 'SEARCH'
11, 30595, 150.17012992349234, 150.17012992349234, 'SEARCH'
11, 30596, 150.15503768698187, 150.15503768698187, 'SEARCH'
11, 30597, 150.13027200007932, 150.13027200007932, 'SEARCH'
11, 30598, 150.10777322777054, 150.10777322777054, 'SEARCH'
11, 30599, 150.0805908384639, 150.0805908384639, 'SEARCH'
11, 30600, 150.05285451444294, 150.05285451444294, 'SEARCH'
11, 30601, 150.028074046183, 150.028074046183, 'SEARCH'
11, 30602, 150.0315358259219, 150.0315358259219, 'SEARCH'
11, 30603, 150.0225514725021, 150.0225514725021, 'SEARCH'
11, 30604, 150.01911592981722, 150.01911592981722, 'SEARCH'
11, 30605, 149.99143824990273, 149.99143824990273, 'SEARCH'
11, 30606, 149.96499824866322, 149.96499824866322, 'SEARCH'
11, 30607, 149.96507742081556, 149.96507742081556, 'SEARCH'
11, 30608, 149.94505062034526, 149.94505062034526, 'SEARCH'
11, 30609, 149.92048779023597, 149.92048779023597, 'SEARCH'
11, 30610, 149.93186674119937, 149.93186674119937, 'SEARCH'
11, 30611, 149.91444299998295, 149.91444299998295, 'SEARCH'
11, 30612, 149.88677671025224, 149.88677671025224, 'SEARCH'
11, 30613, 149.8790542282836, 149.8790542282836, 'SEARCH'
11, 30614, 149.8630533482269, 149.8630533482269, 'SEARCH'
11, 30615, 149.84183707728917, 149.84183707728917, 'SEARCH'
11, 30616, 149.8146474083011, 149.8146474083011, 'SEARCH'
11, 30617, 149.7996015020916, 149.7996015020916, 'SEARCH'
11, 30618, 149.7786960313488, 149.7786960313488, 'SEARCH'
11, 30619, 149.75656191898, 149.75656191898, 'SEARCH'
11, 30620, 149.73376293589504, 149.73376293589504, 'SEARCH'
11, 30621, 149.72434687915936, 149.72434687915936, 'SEARCH'
11, 30622, 149.70333161331726, 149.70333161331726, 'SEARCH'
11, 30623, 149.6761421524558, 149.6761421524558, 'SEARCH'
11, 30624, 149.65480040561908, 149.65480040561908, 'SEARCH'
11, 30625, 149.627997878922, 149.627997878922, 'SEARCH'
11, 30626, 149.62568725252004, 149.62568725252004, 'SEARCH'
11, 30627, 149.62626902107613, 149.62626902107613, 'SEARCH'
11, 30628, 149.61245182916724, 149.61245182916724, 'SEARCH'
11, 30629, 149.59779345305523, 149.59779345305523, 'SEARCH'
11, 30630, 149.57183821404007, 149.57183821404007, 'SEARCH'
11, 30631, 149.54806516645283, 149.54806516645283, 'SEARCH'
11, 30632, 149.52613394292501, 149.52613394292501, 'SEARCH'
11, 30633, 149.53055891341566, 149.53055891341566, 'SEARCH'
11, 30634, 149.51417832779694, 149.51417832779694, 'SEARCH'
11, 30635, 149.48713058170696, 149.48713058170696, 'SEARCH'
11, 30636, 149.46489763656498, 149.46489763656498, 'SEARCH'
11, 30637, 149.4371200145047, 149.4371200145047, 'SEARCH'
11, 30638, 149.4263560679436, 149.4263560679436, 'SEARCH'
11, 30639, 149.4303070767413, 149.4303070767413, 'SEARCH'
11, 30640, 149.43941793895675, 149.43941793895675, 'SEARCH'
11, 30641, 149.4119027129585, 149.4119027129585, 'SEARCH'
11, 30642, 149.41961947310006, 149.41961947310006, 'SEARCH'
11, 30643, 149.40106798045838, 149.40106798045838, 'SEARCH'
11, 30644, 149.39525353448852, 149.39525353448852, 'SEARCH'
11, 30645, 149.3675167511955, 149.3675167511955, 'SEARCH'
11, 30646, 149.3419243757044, 149.3419243757044, 'SEARCH'
11, 30647, 149.31999333167317, 149.31999333167317, 'SEARCH'
11, 30648, 149.30399491084688, 149.30399491084688, 'SEARCH'
11, 30649, 149.27898710349237, 149.27898710349237, 'SEARCH'
11, 30650, 149.272368743265, 149.272368743265, 'SEARCH'
11, 30651, 149.2446339972781, 149.2446339972781, 'SEARCH'
11, 30652, 149.23522328527648, 149.23522328527648, 'SEARCH'
11, 30653, 149.22225627837705, 149.22225627837705, 'SEARCH'
11, 30654, 149.19612882679507, 149.19612882679507, 'SEARCH'
11, 30655, 149.19669562388538, 149.19669562388538, 'SEARCH'
11, 30656, 149.16898087683768, 149.16898087683768, 'SEARCH'
11, 30657, 149.14838687576872, 149.14838687576872, 'SEARCH'
11, 30658, 149.1436289657908, 149.1436289657908, 'SEARCH'
11, 30659, 149.1302086552281, 149.1302086552281, 'SEARCH'
11, 30660, 149.1027796039267, 149.1027796039267, 'SEARCH'
11, 30661, 149.07738509532896, 149.07738509532896, 'SEARCH'
11, 30662, 149.06303153817188, 149.06303153817188, 'SEARCH'
11, 30663, 149.0486654988825, 149.0486654988825, 'SEARCH'
11, 30664, 149.05959638109655, 149.05959638109655, 'SEARCH'
11, 30665, 149.05436389680372, 149.05436389680372, 'SEARCH'
11, 30666, 149.03009597904932, 149.03009597904932, 'SEARCH'
11, 30667, 149.0085417427422, 149.0085417427422, 'SEARCH'
11, 30668, 149.00376445488766, 149.00376445488766, 'SEARCH'
11, 30669, 148.98155994973627, 148.98155994973627, 'SEARCH'
11, 30670, 148.97812928658064, 148.97812928658064, 'SEARCH'
11, 30671, 148.9606011297232, 148.9606011297232, 'SEARCH'
11, 30672, 148.94160228525857, 148.94160228525857, 'SEARCH'
11, 30673, 148.92259356689902, 148.92259356689902, 'SEARCH'
11, 30674, 148.92317995422803, 148.92317995422803, 'SEARCH'
11, 30675, 148.9208457744189, 148.9208457744189, 'SEARCH'
11, 30676, 148.89777612281094, 148.89777612281094, 'SEARCH'
11, 30677, 148.87961640229503, 148.87961640229503, 'SEARCH'
11, 30678, 148.8767893064329, 148.8767893064329, 'SEARCH'
11, 30679, 148.87142723206784, 148.87142723206784, 'SEARCH'
11, 30680, 148.8647828874244, 148.8647828874244, 'SEARCH'
11, 30681, 148.84418356853263, 148.84418356853263, 'SEARCH'
11, 30682, 148.81655188786613, 148.81655188786613, 'SEARCH'
11, 30683, 148.81083975290872, 148.81083975290872, 'SEARCH'
11, 30684, 148.81089112404806, 148.81089112404806, 'SEARCH'
11, 30685, 148.80188248100737, 148.80188248100737, 'SEARCH'
11, 30686, 148.78122305570378, 148.78122305570378, 'SEARCH'
11, 30687, 148.7664711591633, 148.7664711591633, 'SEARCH'
11, 30688, 148.75747702699596, 148.75747702699596, 'SEARCH'
11, 30689, 148.74040687381623, 148.74040687381623, 'SEARCH'
11, 30690, 148.7443038260314, 148.7443038260314, 'SEARCH'
11, 30691, 148.72101635277525, 148.72101635277525, 'SEARCH'
11, 30692, 148.6949096039375, 148.6949096039375, 'SEARCH'
11, 30693, 148.66723939658957, 148.66723939658957, 'SEARCH'
11, 30694, 148.6648427976399, 148.6648427976399, 'SEARCH'
11, 30695, 148.64486838263468, 148.64486838263468, 'SEARCH'
11, 30696, 148.63313219752357, 148.63313219752357, 'SEARCH'
11, 30697, 148.60671635176035, 148.60671635176035, 'SEARCH'
11, 30698, 148.57894278769487, 148.57894278769487, 'SEARCH'
11, 30699, 148.5512027823698, 148.5512027823698, 'SEARCH'
11, 30700, 148.56161859391003, 148.56161859391003, 'SEARCH'
11, 30701, 148.5368703528958, 148.5368703528958, 'SEARCH'
11, 30702, 148.50910927789172, 148.50910927789172, 'SEARCH'
11, 30703, 148.514420559447, 148.514420559447, 'SEARCH'
11, 30704, 148.48724898457846, 148.48724898457846, 'SEARCH'
11, 30705, 148.4759484040136, 148.4759484040136, 'SEARCH'
11, 30706, 148.45922009989943, 148.45922009989943, 'SEARCH'
11, 30707, 148.43279476367806, 148.43279476367806, 'SEARCH'
11, 30708, 148.40951104107526, 148.40951104107526, 'SEARCH'
11, 30709, 148.3841300655943, 148.3841300655943, 'SEARCH'
11, 30710, 148.3566963857841, 148.3566963857841, 'SEARCH'
11, 30711, 148.33510474355575, 148.33510474355575, 'SEARCH'
11, 30712, 148.34727050085476, 148.34727050085476, 'SEARCH'
11, 30713, 148.3204321080942, 148.3204321080942, 'SEARCH'
11, 30714, 148.29433879134268, 148.29433879134268, 'SEARCH'
11, 30715, 148.26857701041052, 148.26857701041052, 'SEARCH'
11, 30716, 148.2408655677912, 148.2408655677912, 'SEARCH'
11, 30717, 148.21380327345463, 148.21380327345463, 'SEARCH'
11, 30718, 148.20849510395504, 148.20849510395504, 'SEARCH'
11, 30719, 148.21041124990458, 148.21041124990458, 'SEARCH'
11, 30720, 148.1826334961141, 148.1826334961141, 'SEARCH'
11, 30721, 148.1620120276526, 148.1620120276526, 'SEARCH'
11, 30722, 148.13684480073118, 148.13684480073118, 'SEARCH'
11, 30723, 148.12131882206302, 148.12131882206302, 'SEARCH'
11, 30724, 148.1045969224687, 148.1045969224687, 'SEARCH'
11, 30725, 148.08008020367234, 148.08008020367234, 'SEARCH'
11, 30726, 148.06578860528452, 148.06578860528452, 'SEARCH'
11, 30727, 148.04515054001877, 148.04515054001877, 'SEARCH'
11, 30728, 148.01744047993586, 148.01744047993586, 'SEARCH'
11, 30729, 148.0184141159014, 148.0184141159014, 'SEARCH'
11, 30730, 148.02698780442395, 148.02698780442395, 'SEARCH'
11, 30731, 148.00182358847275, 148.00182358847275, 'SEARCH'
11, 30732, 147.97775947349052, 147.97775947349052, 'SEARCH'
11, 30733, 147.9618110907118, 147.9618110907118, 'SEARCH'
11, 30734, 147.94836922232344, 147.94836922232344, 'SEARCH'
11, 30735, 147.93363771501015, 147.93363771501015, 'SEARCH'
11, 30736, 147.92366092999248, 147.92366092999248, 'SEARCH'
11, 30737, 147.9132219740725, 147.9132219740725, 'SEARCH'
11, 30738, 147.89577803333444, 147.89577803333444, 'SEARCH'
11, 30739, 147.86920423125585, 147.86920423125585, 'SEARCH'
11, 30740, 147.85743446383034, 147.85743446383034, 'SEARCH'
11, 30741, 147.84698703011293, 147.84698703011293, 'SEARCH'
11, 30742, 147.81931997922808, 147.81931997922808, 'SEARCH'
11, 30743, 147.7937304406774, 147.7937304406774, 'SEARCH'
11, 30744, 147.78073621400452, 147.78073621400452, 'SEARCH'
11, 30745, 147.7591251571097, 147.7591251571097, 'SEARCH'
11, 30746, 147.73756512866382, 147.73756512866382, 'SEARCH'
11, 30747, 147.71074179539832, 147.71074179539832, 'SEARCH'
11, 30748, 147.68300092197188, 147.68300092197188, 'SEARCH'
11, 30749, 147.65846583976906, 147.65846583976906, 'SEARCH'
11, 30750, 147.6454058719719, 147.6454058719719, 'SEARCH'
11, 30751, 147.64731104844807, 147.64731104844807, 'SEARCH'
11, 30752, 147.6225825494175, 147.6225825494175, 'SEARCH'
11, 30753, 147.6078938852217, 147.6078938852217, 'SEARCH'
11, 30754, 147.59356847341672, 147.59356847341672, 'SEARCH'
11, 30755, 147.5814205491275, 147.5814205491275, 'SEARCH'
11, 30756, 147.56627743726008, 147.56627743726008, 'SEARCH'
11, 30757, 147.55771928469042, 147.55771928469042, 'SEARCH'
11, 30758, 147.54641058229257, 147.54641058229257, 'SEARCH'
11, 30759, 147.51869886323223, 147.51869886323223, 'SEARCH'
11, 30760, 147.4997400795801, 147.4997400795801, 'SEARCH'
11, 30761, 147.4801176405503, 147.4801176405503, 'SEARCH'
11, 30762, 147.47480392257248, 147.47480392257248, 'SEARCH'
11, 30763, 147.44713425342294, 147.44713425342294, 'SEARCH'
11, 30764, 147.44086454784446, 147.44086454784446, 'SEARCH'
11, 30765, 147.42057311919004, 147.42057311919004, 'SEARCH'
11, 30766, 147.41430341728775, 147.41430341728775, 'SEARCH'
11, 30767, 147.39102614818194, 147.39102614818194, 'SEARCH'
11, 30768, 147.381049855587, 147.381049855587, 'SEARCH'
11, 30769, 147.3646938238728, 147.3646938238728, 'SEARCH'
11, 30770, 147.3516133843953, 147.3516133843953, 'SEARCH'
11, 30771, 147.33159296524875, 147.33159296524875, 'SEARCH'
11, 30772, 147.3273097347604, 147.3273097347604, 'SEARCH'
11, 30773, 147.30979173359987, 147.30979173359987, 'SEARCH'
11, 30774, 147.30254803127255, 147.30254803127255, 'SEARCH'
11, 30775, 147.28830099619066, 147.28830099619066, 'SEARCH'
11, 30776, 147.294496712354, 147.294496712354, 'SEARCH'
11, 30777, 147.27862132632595, 147.27862132632595, 'SEARCH'
11, 30778, 147.25249998416467, 147.25249998416467, 'SEARCH'
11, 30779, 147.22625381387022, 147.22625381387022, 'SEARCH'
11, 30780, 147.20217425814278, 147.20217425814278, 'SEARCH'
11, 30781, 147.18428063932356, 147.18428063932356, 'SEARCH'
11, 30782, 147.18470673809023, 147.18470673809023, 'SEARCH'
11, 30783, 147.18269550194478, 147.18269550194478, 'SEARCH'
11, 30784, 147.1784373913931, 147.1784373913931, 'SEARCH'
11, 30785, 147.16205113720082, 147.16205113720082, 'SEARCH'
11, 30786, 147.15588269631257, 147.15588269631257, 'SEARCH'
11, 30787, 147.14677613438937, 147.14677613438937, 'SEARCH'
11, 30788, 147.12244278037724, 147.12244278037724, 'SEARCH'
11, 30789, 147.0947385516301, 147.0947385516301, 'SEARCH'
11, 30790, 147.07250799442784, 147.07250799442784, 'SEARCH'
11, 30791, 147.05650793849605, 147.05650793849605, 'SEARCH'
11, 30792, 147.02884403379193, 147.02884403379193, 'SEARCH'
11, 30793, 147.0176245210982, 147.0176245210982, 'SEARCH'
11, 30794, 146.99090345281948, 146.99090345281948, 'SEARCH'
11, 30795, 146.96730940698322, 146.96730940698322, 'SEARCH'
11, 30796, 146.94274827937693, 146.94274827937693, 'SEARCH'
11, 30797, 146.93657500795206, 146.93657500795206, 'SEARCH'
11, 30798, 146.90939149384428, 146.90939149384428, 'SEARCH'
11, 30799, 146.88660275934836, 146.88660275934836, 'SEARCH'
11, 30800, 146.86001976971724, 146.86001976971724, 'SEARCH'
11, 30801, 146.84565737007486, 146.84565737007486, 'SEARCH'
11, 30802, 146.8232292408507, 146.8232292408507, 'SEARCH'
11, 30803, 146.80569913977752, 146.80569913977752, 'SEARCH'
11, 30804, 146.78385429458973, 146.78385429458973, 'SEARCH'
11, 30805, 146.77992998113305, 146.77992998113305, 'SEARCH'
11, 30806, 146.75472388133986, 146.75472388133986, 'SEARCH'
11, 30807, 146.72730000339985, 146.72730000339985, 'SEARCH'
11, 30808, 146.73535585596392, 146.73535585596392, 'SEARCH'
11, 30809, 146.74009631814064, 146.74009631814064, 'SEARCH'
11, 30810, 146.73613135324368, 146.73613135324368, 'SEARCH'
11, 30811, 146.7101577965082, 146.7101577965082, 'SEARCH'
11, 30812, 146.70076582951273, 146.70076582951273, 'SEARCH'
11, 30813, 146.6746975168617, 146.6746975168617, 'SEARCH'
11, 30814, 146.66556876137068, 146.66556876137068, 'SEARCH'
11, 30815, 146.66885180332122, 146.66885180332122, 'SEARCH'
11, 30816, 146.6639115350281, 146.6639115350281, 'SEARCH'
11, 30817, 146.63676866027978, 146.63676866027978, 'SEARCH'
11, 30818, 146.61808900787722, 146.61808900787722, 'SEARCH'
11, 30819, 146.59116886921163, 146.59116886921163, 'SEARCH'
11, 30820, 146.59634638425626, 146.59634638425626, 'SEARCH'
11, 30821, 146.57974192316112, 146.57974192316112, 'SEARCH'
11, 30822, 146.5676781797057, 146.5676781797057, 'SEARCH'
11, 30823, 146.54602162638423, 146.54602162638423, 'SEARCH'
11, 30824, 146.54735942840355, 146.54735942840355, 'SEARCH'
11, 30825, 146.5370757537176, 146.5370757537176, 'SEARCH'
11, 30826, 146.5102746612539, 146.5102746612539, 'SEARCH'
11, 30827, 146.4928770512528, 146.4928770512528, 'SEARCH'
11, 30828, 146.47165765470217, 146.47165765470217, 'SEARCH'
11, 30829, 146.4523046713781, 146.4523046713781, 'SEARCH'
11, 30830, 146.44226888736108, 146.44226888736108, 'SEARCH'
11, 30831, 146.4484205613566, 146.4484205613566, 'SEARCH'
11, 30832, 146.43505462506073, 146.43505462506073, 'SEARCH'
11, 30833, 146.44536777954858, 146.44536777954858, 'SEARCH'
11, 30834, 146.4180785308663, 146.4180785308663, 'SEARCH'
11, 30835, 146.39030098687746, 146.39030098687746, 'SEARCH'
11, 30836, 146.3699112144346, 146.3699112144346, 'SEARCH'
11, 30837, 146.35916471675674, 146.35916471675674, 'SEARCH'
11, 30838, 146.35348768237816, 146.35348768237816, 'SEARCH'
11, 30839, 146.35534098438794, 146.35534098438794, 'SEARCH'
11, 30840, 146.34574642153433, 146.34574642153433, 'SEARCH'
11, 30841, 146.32873376849813, 146.32873376849813, 'SEARCH'
11, 30842, 146.30205921875984, 146.30205921875984, 'SEARCH'
11, 30843, 146.27713197522425, 146.27713197522425, 'SEARCH'
11, 30844, 146.2494165057926, 146.2494165057926, 'SEARCH'
11, 30845, 146.22165314017033, 146.22165314017033, 'SEARCH'
11, 30846, 146.19605603886538, 146.19605603886538, 'SEARCH'
11, 30847, 146.18879678965357, 146.18879678965357, 'SEARCH'
11, 30848, 146.19209679256969, 146.19209679256969, 'SEARCH'
11, 30849, 146.16798987752733, 146.16798987752733, 'SEARCH'
11, 30850, 146.1403534681116, 146.1403534681116, 'SEARCH'
11, 30851, 146.11368009800825, 146.11368009800825, 'SEARCH'
11, 30852, 146.08596362354658, 146.08596362354658, 'SEARCH'
11, 30853, 146.06383348998185, 146.06383348998185, 'SEARCH'
11, 30854, 146.0718813794799, 146.0718813794799, 'SEARCH'
11, 30855, 146.07803945916305, 146.07803945916305, 'SEARCH'
11, 30856, 146.0515877734286, 146.0515877734286, 'SEARCH'
11, 30857, 146.0271128981177, 146.0271128981177, 'SEARCH'
11, 30858, 146.02604570063673, 146.02604570063673, 'SEARCH'
11, 30859, 146.0208564281194, 146.0208564281194, 'SEARCH'
11, 30860, 146.01517606491748, 146.01517606491748, 'SEARCH'
11, 30861, 146.00605590159867, 146.00605590159867, 'SEARCH'
11, 30862, 145.992085645026, 145.992085645026, 'SEARCH'
11, 30863, 145.99101128385826, 145.99101128385826, 'SEARCH'
11, 30864, 145.97894244894786, 145.97894244894786, 'SEARCH'
11, 30865, 145.95179356378688, 145.95179356378688, 'SEARCH'
11, 30866, 145.92618642183535, 145.92618642183535, 'SEARCH'
11, 30867, 145.92657301209567, 145.92657301209567, 'SEARCH'
11, 30868, 145.92403879793656, 145.92403879793656, 'SEARCH'
11, 30869, 145.9224566206312, 145.9224566206312, 'SEARCH'
11, 30870, 145.9165407985184, 145.9165407985184, 'SEARCH'
11, 30871, 145.90997396162254, 145.90997396162254, 'SEARCH'
11, 30872, 145.88238632276367, 145.88238632276367, 'SEARCH'
11, 30873, 145.8613312885361, 145.8613312885361, 'SEARCH'
11, 30874, 145.87337734389976, 145.87337734389976, 'SEARCH'
11, 30875, 145.86823561037642, 145.86823561037642, 'SEARCH'
11, 30876, 145.85086769989584, 145.85086769989584, 'SEARCH'
11, 30877, 145.82316699086024, 145.82316699086024, 'SEARCH'
11, 30878, 145.81869852052583, 145.81869852052583, 'SEARCH'
11, 30879, 145.80305022410394, 145.80305022410394, 'SEARCH'
11, 30880, 145.77625797990456, 145.77625797990456, 'SEARCH'
11, 30881, 145.75203153350722, 145.75203153350722, 'SEARCH'
11, 30882, 145.741506184276, 145.741506184276, 'SEARCH'
11, 30883, 145.72774017566266, 145.72774017566266, 'SEARCH'
11, 30884, 145.70121324804543, 145.70121324804543, 'SEARCH'
11, 30885, 145.67417394861343, 145.67417394861343, 'SEARCH'
11, 30886, 145.6466166942328, 145.6466166942328, 'SEARCH'
11, 30887, 145.6273942950755, 145.6273942950755, 'SEARCH'
11, 30888, 145.61617632429224, 145.61617632429224, 'SEARCH'
11, 30889, 145.5926575255071, 145.5926575255071, 'SEARCH'
11, 30890, 145.56730552732418, 145.56730552732418, 'SEARCH'
11, 30891, 145.53967485213695, 145.53967485213695, 'SEARCH'
11, 30892, 145.5129605530289, 145.5129605530289, 'SEARCH'
11, 30893, 145.50761563882008, 145.50761563882008, 'SEARCH'
11, 30894, 145.48836265842587, 145.48836265842587, 'SEARCH'
11, 30895, 145.46807824921186, 145.46807824921186, 'SEARCH'
11, 30896, 145.45292313491206, 145.45292313491206, 'SEARCH'
11, 30897, 145.4271836980818, 145.4271836980818, 'SEARCH'
11, 30898, 145.40000639391337, 145.40000639391337, 'SEARCH'
11, 30899, 145.38254868262496, 145.38254868262496, 'SEARCH'
11, 30900, 145.36743243035636, 145.36743243035636, 'SEARCH'
11, 30901, 145.34149942509728, 145.34149942509728, 'SEARCH'
11, 30902, 145.3255754467521, 145.3255754467521, 'SEARCH'
11, 30903, 145.31427666118893, 145.31427666118893, 'SEARCH'
11, 30904, 145.29875741962582, 145.29875741962582, 'SEARCH'
11, 30905, 145.29586032168598, 145.29586032168598, 'SEARCH'
11, 30906, 145.2868247904568, 145.2868247904568, 'SEARCH'
11, 30907, 145.28537879485688, 145.28537879485688, 'SEARCH'
11, 30908, 145.25927879542735, 145.25927879542735, 'SEARCH'
11, 30909, 145.26878150708635, 145.26878150708635, 'SEARCH'
11, 30910, 145.25659195813486, 145.25659195813486, 'SEARCH'
11, 30911, 145.25366261507602, 145.25366261507602, 'SEARCH'
11, 30912, 145.22599413781046, 145.22599413781046, 'SEARCH'
11, 30913, 145.20321996044015, 145.20321996044015, 'SEARCH'
11, 30914, 145.19740564651312, 145.19740564651312, 'SEARCH'
11, 30915, 145.18969701192628, 145.18969701192628, 'SEARCH'
11, 30916, 145.16198224854656, 145.16198224854656, 'SEARCH'
11, 30917, 145.1344194173166, 145.1344194173166, 'SEARCH'
11, 30918, 145.11063889392545, 145.11063889392545, 'SEARCH'
11, 30919, 145.0866053471005, 145.0866053471005, 'SEARCH'
11, 30920, 145.07759336548088, 145.07759336548088, 'SEARCH'
11, 30921, 145.0543062395634, 145.0543062395634, 'SEARCH'
11, 30922, 145.03127491224228, 145.03127491224228, 'SEARCH'
11, 30923, 145.02503530760706, 145.02503530760706, 'SEARCH'
11, 30924, 145.03316350862795, 145.03316350862795, 'SEARCH'
11, 30925, 145.0365395243954, 145.0365395243954, 'SEARCH'
11, 30926, 145.02660862557923, 145.02660862557923, 'SEARCH'
11, 30927, 145.02131731200782, 145.02131731200782, 'SEARCH'
11, 30928, 144.99425309640384, 144.99425309640384, 'SEARCH'
11, 30929, 144.9952308610557, 144.9952308610557, 'SEARCH'
11, 30930, 144.9813484700171, 144.9813484700171, 'SEARCH'
11, 30931, 144.95372197670642, 144.95372197670642, 'SEARCH'
11, 30932, 144.92676571869578, 144.92676571869578, 'SEARCH'
11, 30933, 144.9029434984578, 144.9029434984578, 'SEARCH'
11, 30934, 144.88397311053626, 144.88397311053626, 'SEARCH'
11, 30935, 144.87543718078587, 144.87543718078587, 'SEARCH'
11, 30936, 144.86821216444451, 144.86821216444451, 'SEARCH'
11, 30937, 144.8754530401833, 144.8754530401833, 'SEARCH'
11, 30938, 144.86783188621234, 144.86783188621234, 'SEARCH'
11, 30939, 144.85033284051437, 144.85033284051437, 'SEARCH'
11, 30940, 144.8398915828601, 144.8398915828601, 'SEARCH'
11, 30941, 144.83607984117063, 144.83607984117063, 'SEARCH'
11, 30942, 144.82222542885643, 144.82222542885643, 'SEARCH'
11, 30943, 144.80031866353642, 144.80031866353642, 'SEARCH'
11, 30944, 144.79450220898863, 144.79450220898863, 'SEARCH'
11, 30945, 144.76994849835842, 144.76994849835842, 'SEARCH'
11, 30946, 144.75612036227886, 144.75612036227886, 'SEARCH'
11, 30947, 144.72869384492685, 144.72869384492685, 'SEARCH'
11, 30948, 144.70654638472715, 144.70654638472715, 'SEARCH'
11, 30949, 144.70321623442962, 144.70321623442962, 'SEARCH'
11, 30950, 144.6983528497941, 144.6983528497941, 'SEARCH'
11, 30951, 144.70652860488252, 144.70652860488252, 'SEARCH'
11, 30952, 144.67881570893658, 144.67881570893658, 'SEARCH'
11, 30953, 144.6572574484626, 144.6572574484626, 'SEARCH'
11, 30954, 144.62998241328188, 144.62998241328188, 'SEARCH'
11, 30955, 144.63341511861788, 144.63341511861788, 'SEARCH'
11, 30956, 144.6167232278074, 144.6167232278074, 'SEARCH'
11, 30957, 144.59135584510045, 144.59135584510045, 'SEARCH'
11, 30958, 144.5754393869933, 144.5754393869933, 'SEARCH'
11, 30959, 144.56777355992662, 144.56777355992662, 'SEARCH'
11, 30960, 144.54082724045264, 144.54082724045264, 'SEARCH'
11, 30961, 144.54989634628313, 144.54989634628313, 'SEARCH'
11, 30962, 144.5537726348488, 144.5537726348488, 'SEARCH'
11, 30963, 144.54847816457897, 144.54847816457897, 'SEARCH'
11, 30964, 144.52191723980312, 144.52191723980312, 'SEARCH'
11, 30965, 144.50003456960096, 144.50003456960096, 'SEARCH'
11, 30966, 144.47259805667707, 144.47259805667707, 'SEARCH'
11, 30967, 144.46218127259223, 144.46218127259223, 'SEARCH'
11, 30968, 144.44027458618714, 144.44027458618714, 'SEARCH'
11, 30969, 144.41623937069002, 144.41623937069002, 'SEARCH'
11, 30970, 144.39032033149746, 144.39032033149746, 'SEARCH'
11, 30971, 144.36260765288435, 144.36260765288435, 'SEARCH'
11, 30972, 144.34792424164246, 144.34792424164246, 'SEARCH'
11, 30973, 144.32515157140043, 144.32515157140043, 'SEARCH'
11, 30974, 144.30359272001522, 144.30359272001522, 'SEARCH'
11, 30975, 144.30363178275545, 144.30363178275545, 'SEARCH'
11, 30976, 144.28172835678274, 144.28172835678274, 'SEARCH'
11, 30977, 144.27934400977537, 144.27934400977537, 'SEARCH'
11, 30978, 144.25278623476038, 144.25278623476038, 'SEARCH'
11, 30979, 144.25858242791017, 144.25858242791017, 'SEARCH'
11, 30980, 144.24640970167442, 144.24640970167442, 'SEARCH'
11, 30981, 144.23336223046806, 144.23336223046806, 'SEARCH'
11, 30982, 144.23576402856455, 144.23576402856455, 'SEARCH'
11, 30983, 144.22714638193523, 144.22714638193523, 'SEARCH'
11, 30984, 144.22661233677428, 144.22661233677428, 'SEARCH'
11, 30985, 144.1996439922232, 144.1996439922232, 'SEARCH'
11, 30986, 144.19861033448058, 144.19861033448058, 'SEARCH'
11, 30987, 144.17126858088906, 144.17126858088906, 'SEARCH'
11, 30988, 144.17410005835137, 144.17410005835137, 'SEARCH'
11, 30989, 144.16028822264008, 144.16028822264008, 'SEARCH'
11, 30990, 144.14718329085846, 144.14718329085846, 'SEARCH'
11, 30991, 144.13669932092205, 144.13669932092205, 'SEARCH'
11, 30992, 144.137571371515, 144.137571371515, 'SEARCH'
11, 30993, 144.14036193648312, 144.14036193648312, 'SEARCH'
11, 30994, 144.12512418414713, 144.12512418414713, 'SEARCH'
11, 30995, 144.103148592667, 144.103148592667, 'SEARCH'
11, 30996, 144.08165389388802, 144.08165389388802, 'SEARCH'
11, 30997, 144.0887148503099, 144.0887148503099, 'SEARCH'
11, 30998, 144.06327808318298, 144.06327808318298, 'SEARCH'
11, 30999, 144.06985083643406, 144.06985083643406, 'SEARCH'
11, 31000, 144.04261605912146, 144.04261605912146, 'SEARCH'
11, 31001, 144.05464850591233, 144.05464850591233, 'SEARCH'
11, 31002, 144.02817606354267, 144.02817606354267, 'SEARCH'
11, 31003, 144.0040315705109, 144.0040315705109, 'SEARCH'
11, 31004, 143.98631556537876, 143.98631556537876, 'SEARCH'
11, 31005, 143.9706452883179, 143.9706452883179, 'SEARCH'
11, 31006, 143.9529255181571, 143.9529255181571, 'SEARCH'
11, 31007, 143.92971711249788, 143.92971711249788, 'SEARCH'
11, 31008, 143.9159565647376, 143.9159565647376, 'SEARCH'
11, 31009, 143.89083723601726, 143.89083723601726, 'SEARCH'
11, 31010, 143.8630660491093, 143.8630660491093, 'SEARCH'
11, 31011, 143.83676439550874, 143.83676439550874, 'SEARCH'
11, 31012, 143.81790477287373, 143.81790477287373, 'SEARCH'
11, 31013, 143.794294757485, 143.794294757485, 'SEARCH'
11, 31014, 143.79709397398375, 143.79709397398375, 'SEARCH'
11, 31015, 143.76960369543048, 143.76960369543048, 'SEARCH'
11, 31016, 143.76159166473195, 143.76159166473195, 'SEARCH'
11, 31017, 143.73520370541405, 143.73520370541405, 'SEARCH'
11, 31018, 143.7080148266456, 143.7080148266456, 'SEARCH'
11, 31019, 143.68742975629226, 143.68742975629226, 'SEARCH'
11, 31020, 143.67606595702023, 143.67606595702023, 'SEARCH'
11, 31021, 143.6610080889481, 143.6610080889481, 'SEARCH'
11, 31022, 143.65202914408638, 143.65202914408638, 'SEARCH'
11, 31023, 143.64385856182335, 143.64385856182335, 'SEARCH'
11, 31024, 143.621066870818, 143.621066870818, 'SEARCH'
11, 31025, 143.61072668437575, 143.61072668437575, 'SEARCH'
11, 31026, 143.58719834593774, 143.58719834593774, 'SEARCH'
11, 31027, 143.5641924856653, 143.5641924856653, 'SEARCH'
11, 31028, 143.53736843407555, 143.53736843407555, 'SEARCH'
11, 31029, 143.51641666108137, 143.51641666108137, 'SEARCH'
11, 31030, 143.51931576879005, 143.51931576879005, 'SEARCH'
11, 31031, 143.49373793959003, 143.49373793959003, 'SEARCH'
11, 31032, 143.48110668650403, 143.48110668650403, 'SEARCH'
11, 31033, 143.4535402620344, 143.4535402620344, 'SEARCH'
11, 31034, 143.42578040455987, 143.42578040455987, 'SEARCH'
11, 31035, 143.4005956130936, 143.4005956130936, 'SEARCH'
11, 31036, 143.38887891878377, 143.38887891878377, 'SEARCH'
11, 31037, 143.38550179928725, 143.38550179928725, 'SEARCH'
11, 31038, 143.36916751746875, 143.36916751746875, 'SEARCH'
11, 31039, 143.35365480621593, 143.35365480621593, 'SEARCH'
11, 31040, 143.3406262217792, 143.3406262217792, 'SEARCH'
11, 31041, 143.3128652998716, 143.3128652998716, 'SEARCH'
11, 31042, 143.28579779486807, 143.28579779486807, 'SEARCH'
11, 31043, 143.26719898383786, 143.26719898383786, 'SEARCH'
11, 31044, 143.2475793449062, 143.2475793449062, 'SEARCH'
11, 31045, 143.22456361254163, 143.22456361254163, 'SEARCH'
11, 31046, 143.2211600884814, 143.2211600884814, 'SEARCH'
11, 31047, 143.19381045350795, 143.19381045350795, 'SEARCH'
11, 31048, 143.16609776475036, 143.16609776475036, 'SEARCH'
11, 31049, 143.15259287737243, 143.15259287737243, 'SEARCH'
11, 31050, 143.14687638003096, 143.14687638003096, 'SEARCH'
11, 31051, 143.11993468609413, 143.11993468609413, 'SEARCH'
11, 31052, 143.09299321013833, 143.09299321013833, 'SEARCH'
11, 31053, 143.0954609893547, 143.0954609893547, 'SEARCH'
11, 31054, 143.06795776594626, 143.06795776594626, 'SEARCH'
11, 31055, 143.08016430882788, 143.08016430882788, 'SEARCH'
11, 31056, 143.06053376433584, 143.06053376433584, 'SEARCH'
11, 31057, 143.04231590062497, 143.04231590062497, 'SEARCH'
11, 31058, 143.03845110807518, 143.03845110807518, 'SEARCH'
11, 31059, 143.03316636176893, 143.03316636176893, 'SEARCH'
11, 31060, 143.00589906462747, 143.00589906462747, 'SEARCH'
11, 31061, 142.98625547972225, 142.98625547972225, 'SEARCH'
11, 31062, 142.98189269547603, 142.98189269547603, 'SEARCH'
11, 31063, 142.95670287868654, 142.95670287868654, 'SEARCH'
11, 31064, 142.92893017405927, 142.92893017405927, 'SEARCH'
11, 31065, 142.90281026443708, 142.90281026443708, 'SEARCH'
11, 31066, 142.8955617871008, 142.8955617871008, 'SEARCH'
11, 31067, 142.89209878751294, 142.89209878751294, 'SEARCH'
11, 31068, 142.86688345999343, 142.86688345999343, 'SEARCH'
11, 31069, 142.8391119813784, 142.8391119813784, 'SEARCH'
11, 31070, 142.84640904959838, 142.84640904959838, 'SEARCH'
11, 31071, 142.8188886357455, 142.8188886357455, 'SEARCH'
11, 31072, 142.79136723485854, 142.79136723485854, 'SEARCH'
11, 31073, 142.76761328609686, 142.76761328609686, 'SEARCH'
11, 31074, 142.77443487989586, 142.77443487989586, 'SEARCH'
11, 31075, 142.76020333002063, 142.76020333002063, 'SEARCH'
11, 31076, 142.75340960705822, 142.75340960705822, 'SEARCH'
11, 31077, 142.73157790327397, 142.73157790327397, 'SEARCH'
11, 31078, 142.72064424218047, 142.72064424218047, 'SEARCH'
11, 31079, 142.71667521861974, 142.71667521861974, 'SEARCH'
11, 31080, 142.6896369013151, 142.6896369013151, 'SEARCH'
11, 31081, 142.66974045142675, 142.66974045142675, 'SEARCH'
11, 31082, 142.661728625456, 142.661728625456, 'SEARCH'
11, 31083, 142.65186759130714, 142.65186759130714, 'SEARCH'
11, 31084, 142.64138160587794, 142.64138160587794, 'SEARCH'
11, 31085, 142.61371877291668, 142.61371877291668, 'SEARCH'
11, 31086, 142.58870536933856, 142.58870536933856, 'SEARCH'
11, 31087, 142.58069801720043, 142.58069801720043, 'SEARCH'
11, 31088, 142.57019511996157, 142.57019511996157, 'SEARCH'
11, 31089, 142.54413456443228, 142.54413456443228, 'SEARCH'
11, 31090, 142.53098679298822, 142.53098679298822, 'SEARCH'
11, 31091, 142.5084331386419, 142.5084331386419, 'SEARCH'
11, 31092, 142.48071283477333, 142.48071283477333, 'SEARCH'
11, 31093, 142.46153092785, 142.46153092785, 'SEARCH'
11, 31094, 142.43740008999444, 142.43740008999444, 'SEARCH'
11, 31095, 142.41010211969362, 142.41010211969362, 'SEARCH'
11, 31096, 142.38348869258442, 142.38348869258442, 'SEARCH'
11, 31097, 142.35616482743058, 142.35616482743058, 'SEARCH'
11, 31098, 142.32847744106525, 142.32847744106525, 'SEARCH'
11, 31099, 142.30700952643576, 142.30700952643576, 'SEARCH'
11, 31100, 142.28170805327917, 142.28170805327917, 'SEARCH'
11, 31101, 142.26592349177432, 142.26592349177432, 'SEARCH'
11, 31102, 142.2510598902891, 142.2510598902891, 'SEARCH'
11, 31103, 142.24834187924472, 142.24834187924472, 'SEARCH'
11, 31104, 142.24851234660917, 142.24851234660917, 'SEARCH'
11, 31105, 142.2332547340057, 142.2332547340057, 'SEARCH'
11, 31106, 142.20552447385413, 142.20552447385413, 'SEARCH'
11, 31107, 142.2156421113553, 142.2156421113553, 'SEARCH'
11, 31108, 142.20493350503085, 142.20493350503085, 'SEARCH'
11, 31109, 142.1790526691244, 142.1790526691244, 'SEARCH'
11, 31110, 142.1667475217469, 142.1667475217469, 'SEARCH'
11, 31111, 142.17685142758856, 142.17685142758856, 'SEARCH'
11, 31112, 142.15141749434062, 142.15141749434062, 'SEARCH'
11, 31113, 142.13997867301435, 142.13997867301435, 'SEARCH'
11, 31114, 142.11712655918456, 142.11712655918456, 'SEARCH'
11, 31115, 142.11153251499738, 142.11153251499738, 'SEARCH'
11, 31116, 142.08383477268376, 142.08383477268376, 'SEARCH'
11, 31117, 142.06856041260278, 142.06856041260278, 'SEARCH'
11, 31118, 142.04145232492792, 142.04145232492792, 'SEARCH'
11, 31119, 142.0397136295687, 142.0397136295687, 'SEARCH'
11, 31120, 142.01426345762349, 142.01426345762349, 'SEARCH'
11, 31121, 141.9977021700154, 141.9977021700154, 'SEARCH'
11, 31122, 141.97010959464797, 141.97010959464797, 'SEARCH'
11, 31123, 141.94278770839065, 141.94278770839065, 'SEARCH'
11, 31124, 141.92163361367537, 141.92163361367537, 'SEARCH'
11, 31125, 141.8977278059898, 141.8977278059898, 'SEARCH'
11, 31126, 141.8713719721022, 141.8713719721022, 'SEARCH'
11, 31127, 141.8437179911013, 141.8437179911013, 'SEARCH'
11, 31128, 141.84585820492737, 141.84585820492737, 'SEARCH'
11, 31129, 141.81832549768285, 141.81832549768285, 'SEARCH'
11, 31130, 141.79268098007006, 141.79268098007006, 'SEARCH'
11, 31131, 141.78119604522945, 141.78119604522945, 'SEARCH'
11, 31132, 141.78813146698343, 141.78813146698343, 'SEARCH'
11, 31133, 141.767352217042, 141.767352217042, 'SEARCH'
11, 31134, 141.76278995931685, 141.76278995931685, 'SEARCH'
11, 31135, 141.73694310043504, 141.73694310043504, 'SEARCH'
11, 31136, 141.71461760275972, 141.71461760275972, 'SEARCH'
11, 31137, 141.68784801126856, 141.68784801126856, 'SEARCH'
11, 31138, 141.68040796171482, 141.68040796171482, 'SEARCH'
11, 31139, 141.66892059304467, 141.66892059304467, 'SEARCH'
11, 31140, 141.65738140059187, 141.65738140059187, 'SEARCH'
11, 31141, 141.66759867382396, 141.66759867382396, 'SEARCH'
11, 31142, 141.67076489070723, 141.67076489070723, 'SEARCH'
11, 31143, 141.64442114257122, 141.64442114257122, 'SEARCH'
11, 31144, 141.62749930417135, 141.62749930417135, 'SEARCH'
11, 31145, 141.62246816331316, 141.62246816331316, 'SEARCH'
11, 31146, 141.6083835544991, 141.6083835544991, 'SEARCH'
11, 31147, 141.6066917935287, 141.6066917935287, 'SEARCH'
11, 31148, 141.58556130576073, 141.58556130576073, 'SEARCH'
11, 31149, 141.56539867470218, 141.56539867470218, 'SEARCH'
11, 31150, 141.5492901516581, 141.5492901516581, 'SEARCH'
11, 31151, 141.52295110051713, 141.52295110051713, 'SEARCH'
11, 31152, 141.51367858504574, 141.51367858504574, 'SEARCH'
11, 31153, 141.48620329370345, 141.48620329370345, 'SEARCH'
11, 31154, 141.46710090717016, 141.46710090717016, 'SEARCH'
11, 31155, 141.4611052867908, 141.4611052867908, 'SEARCH'
11, 31156, 141.43849190877447, 141.43849190877447, 'SEARCH'
11, 31157, 141.43247592299903, 141.43247592299903, 'SEARCH'
11, 31158, 141.43799505528955, 141.43799505528955, 'SEARCH'
11, 31159, 141.4230389413325, 141.4230389413325, 'SEARCH'
11, 31160, 141.43539004015588, 141.43539004015588, 'SEARCH'
11, 31161, 141.40766817465314, 141.40766817465314, 'SEARCH'
11, 31162, 141.39879772599113, 141.39879772599113, 'SEARCH'
11, 31163, 141.3908375632103, 141.3908375632103, 'SEARCH'
11, 31164, 141.3651404396032, 141.3651404396032, 'SEARCH'
11, 31165, 141.36674616575453, 141.36674616575453, 'SEARCH'
11, 31166, 141.35232409093524, 141.35232409093524, 'SEARCH'
11, 31167, 141.32463916768594, 141.32463916768594, 'SEARCH'
11, 31168, 141.3196592398347, 141.3196592398347, 'SEARCH'
11, 31169, 141.29200311111777, 141.29200311111777, 'SEARCH'
11, 31170, 141.2879587699186, 141.2879587699186, 'SEARCH'
11, 31171, 141.27956336769572, 141.27956336769572, 'SEARCH'
11, 31172, 141.25203101547095, 141.25203101547095, 'SEARCH'
11, 31173, 141.25222181611207, 141.25222181611207, 'SEARCH'
11, 31174, 141.23202531530157, 141.23202531530157, 'SEARCH'
11, 31175, 141.24303147399516, 141.24303147399516, 'SEARCH'
11, 31176, 141.22469607292675, 141.22469607292675, 'SEARCH'
11, 31177, 141.19710578757193, 141.19710578757193, 'SEARCH'
11, 31178, 141.18552225316148, 141.18552225316148, 'SEARCH'
11, 31179, 141.17708926916413, 141.17708926916413, 'SEARCH'
11, 31180, 141.16143714142808, 141.16143714142808, 'SEARCH'
11, 31181, 141.1343002821022, 141.1343002821022, 'SEARCH'
11, 31182, 141.11109275453282, 141.11109275453282, 'SEARCH'
11, 31183, 141.10312208142602, 141.10312208142602, 'SEARCH'
11, 31184, 141.0891098319745, 141.0891098319745, 'SEARCH'
11, 31185, 141.09169029790806, 141.09169029790806, 'SEARCH'
11, 31186, 141.06400616034134, 141.06400616034134, 'SEARCH'
11, 31187, 141.06415546642444, 141.06415546642444, 'SEARCH'
11, 31188, 141.0538723704726, 141.0538723704726, 'SEARCH'
11, 31189, 141.03501458743568, 141.03501458743568, 'SEARCH'
11, 31190, 141.00988572312525, 141.00988572312525, 'SEARCH'
11, 31191, 140.98664761238152, 140.98664761238152, 'SEARCH'
11, 31192, 140.98820299956392, 140.98820299956392, 'SEARCH'
11, 31193, 140.96046783039796, 140.96046783039796, 'SEARCH'
11, 31194, 140.9649007808231, 140.9649007808231, 'SEARCH'
11, 31195, 140.95967008562195, 140.95967008562195, 'SEARCH'
11, 31196, 140.9606944230336, 140.9606944230336, 'SEARCH'
11, 31197, 140.95077482168915, 140.95077482168915, 'SEARCH'
11, 31198, 140.9459282643458, 140.9459282643458, 'SEARCH'
11, 31199, 140.91818642769329, 140.91818642769329, 'SEARCH'
11, 31200, 140.92209927673503, 140.92209927673503, 'SEARCH'
11, 31201, 140.90053052446802, 140.90053052446802, 'SEARCH'
11, 31202, 140.87325875458336, 140.87325875458336, 'SEARCH'
11, 31203, 140.8465656875902, 140.8465656875902, 'SEARCH'
11, 31204, 140.81880595292816, 140.81880595292816, 'SEARCH'
11, 31205, 140.80370754802496, 140.80370754802496, 'SEARCH'
11, 31206, 140.77654192325872, 140.77654192325872, 'SEARCH'
11, 31207, 140.7652676746361, 140.7652676746361, 'SEARCH'
11, 31208, 140.75053701342927, 140.75053701342927, 'SEARCH'
11, 31209, 140.72987398491142, 140.72987398491142, 'SEARCH'
11, 31210, 140.70210127113756, 140.70210127113756, 'SEARCH'
11, 31211, 140.67442483223897, 140.67442483223897, 'SEARCH'
11, 31212, 140.67786704578566, 140.67786704578566, 'SEARCH'
11, 31213, 140.66277135383126, 140.66277135383126, 'SEARCH'
11, 31214, 140.64210980254018, 140.64210980254018, 'SEARCH'
11, 31215, 140.63040977882915, 140.63040977882915, 'SEARCH'
11, 31216, 140.61869751986686, 140.61869751986686, 'SEARCH'
11, 31217, 140.6129061179728, 140.6129061179728, 'SEARCH'
11, 31218, 140.5858480713478, 140.5858480713478, 'SEARCH'
11, 31219, 140.56555712172505, 140.56555712172505, 'SEARCH'
11, 31220, 140.57370516436967, 140.57370516436967, 'SEARCH'
11, 31221, 140.548131819259, 140.548131819259, 'SEARCH'
11, 31222, 140.52686652806895, 140.52686652806895, 'SEARCH'
11, 31223, 140.51424300934892, 140.51424300934892, 'SEARCH'
11, 31224, 140.48929061993053, 140.48929061993053, 'SEARCH'
11, 31225, 140.47752467235318, 140.47752467235318, 'SEARCH'
11, 31226, 140.4620308104931, 140.4620308104931, 'SEARCH'
11, 31227, 140.43466883291686, 140.43466883291686, 'SEARCH'
11, 31228, 140.40740987075517, 140.40740987075517, 'SEARCH'
11, 31229, 140.38739623923658, 140.38739623923658, 'SEARCH'
11, 31230, 140.359897494562, 140.359897494562, 'SEARCH'
11, 31231, 140.34512252590375, 140.34512252590375, 'SEARCH'
11, 31232, 140.3299245072743, 140.3299245072743, 'SEARCH'
11, 31233, 140.3334091059795, 140.3334091059795, 'SEARCH'
11, 31234, 140.3354286843158, 140.3354286843158, 'SEARCH'
11, 31235, 140.31679399250973, 140.31679399250973, 'SEARCH'
11, 31236, 140.29925009887265, 140.29925009887265, 'SEARCH'
11, 31237, 140.2795391923165, 140.2795391923165, 'SEARCH'
11, 31238, 140.25495956629584, 140.25495956629584, 'SEARCH'
11, 31239, 140.22873675781253, 140.22873675781253, 'SEARCH'
11, 31240, 140.23557927401313, 140.23557927401313, 'SEARCH'
11, 31241, 140.22802654736975, 140.22802654736975, 'SEARCH'
11, 31242, 140.20077695079593, 140.20077695079593, 'SEARCH'
11, 31243, 140.17894609532834, 140.17894609532834, 'SEARCH'
11, 31244, 140.16334010976402, 140.16334010976402, 'SEARCH'
11, 31245, 140.13619147689136, 140.13619147689136, 'SEARCH'
11, 31246, 140.12017117279342, 140.12017117279342, 'SEARCH'
11, 31247, 140.0951503090758, 140.0951503090758, 'SEARCH'
11, 31248, 140.08809342143442, 140.08809342143442, 'SEARCH'
11, 31249, 140.06084944891515, 140.06084944891515, 'SEARCH'
11, 31250, 140.0428998465381, 140.0428998465381, 'SEARCH'
11, 31251, 140.01853710502093, 140.01853710502093, 'SEARCH'
11, 31252, 140.0078250417602, 140.0078250417602, 'SEARCH'
11, 31253, 139.98250584668358, 139.98250584668358, 'SEARCH'
11, 31254, 139.96261978771219, 139.96261978771219, 'SEARCH'
11, 31255, 139.9576693346528, 139.9576693346528, 'SEARCH'
11, 31256, 139.93215763073584, 139.93215763073584, 'SEARCH'
11, 31257, 139.94041788154104, 139.94041788154104, 'SEARCH'
11, 31258, 139.91271690470472, 139.91271690470472, 'SEARCH'
11, 31259, 139.90288462817344, 139.90288462817344, 'SEARCH'
11, 31260, 139.87532833248133, 139.87532833248133, 'SEARCH'
11, 31261, 139.87351001274803, 139.87351001274803, 'SEARCH'
11, 31262, 139.845775849829, 139.845775849829, 'SEARCH'
11, 31263, 139.81873425127083, 139.81873425127083, 'SEARCH'
11, 31264, 139.7967786503833, 139.7967786503833, 'SEARCH'
11, 31265, 139.77089030657808, 139.77089030657808, 'SEARCH'
11, 31266, 139.7564792420897, 139.7564792420897, 'SEARCH'
11, 31267, 139.73693663014734, 139.73693663014734, 'SEARCH'
11, 31268, 139.73512994528616, 139.73512994528616, 'SEARCH'
11, 31269, 139.729466156885, 139.729466156885, 'SEARCH'
11, 31270, 139.70649214020975, 139.70649214020975, 'SEARCH'
11, 31271, 139.67920725276764, 139.67920725276764, 'SEARCH'
11, 31272, 139.68365242664984, 139.68365242664984, 'SEARCH'
11, 31273, 139.66151794420128, 139.66151794420128, 'SEARCH'
11, 31274, 139.63673322107982, 139.63673322107982, 'SEARCH'
11, 31275, 139.61019541950066, 139.61019541950066, 'SEARCH'
11, 31276, 139.58562734248568, 139.58562734248568, 'SEARCH'
11, 31277, 139.5797519186023, 139.5797519186023, 'SEARCH'
11, 31278, 139.56125499645964, 139.56125499645964, 'SEARCH'
11, 31279, 139.5378981452307, 139.5378981452307, 'SEARCH'
11, 31280, 139.52919497042618, 139.52919497042618, 'SEARCH'
11, 31281, 139.5415014234424, 139.5415014234424, 'SEARCH'
11, 31282, 139.53465934428388, 139.53465934428388, 'SEARCH'
11, 31283, 139.5217461784989, 139.5217461784989, 'SEARCH'
11, 31284, 139.52042349757542, 139.52042349757542, 'SEARCH'
11, 31285, 139.49308770610335, 139.49308770610335, 'SEARCH'
11, 31286, 139.48347821516532, 139.48347821516532, 'SEARCH'
11, 31287, 139.48795655364827, 139.48795655364827, 'SEARCH'
11, 31288, 139.46526915858922, 139.46526915858922, 'SEARCH'
11, 31289, 139.43768519621332, 139.43768519621332, 'SEARCH'
11, 31290, 139.4459193977459, 139.4459193977459, 'SEARCH'
11, 31291, 139.4205029047179, 139.4205029047179, 'SEARCH'
11, 31292, 139.41819308064495, 139.41819308064495, 'SEARCH'
11, 31293, 139.41974095530588, 139.41974095530588, 'SEARCH'
11, 31294, 139.4145154155848, 139.4145154155848, 'SEARCH'
11, 31295, 139.39813989247185, 139.39813989247185, 'SEARCH'
11, 31296, 139.40994926703434, 139.40994926703434, 'SEARCH'
11, 31297, 139.38217475698812, 139.38217475698812, 'SEARCH'
11, 31298, 139.35501747792952, 139.35501747792952, 'SEARCH'
11, 31299, 139.3292376627951, 139.3292376627951, 'SEARCH'
11, 31300, 139.3154163346906, 139.3154163346906, 'SEARCH'
11, 31301, 139.3010539090945, 139.3010539090945, 'SEARCH'
11, 31302, 139.3030747364128, 139.3030747364128, 'SEARCH'
11, 31303, 139.28871237860798, 139.28871237860798, 'SEARCH'
11, 31304, 139.26392449766342, 139.26392449766342, 'SEARCH'
11, 31305, 139.2361799138111, 139.2361799138111, 'SEARCH'
11, 31306, 139.20868695587694, 139.20868695587694, 'SEARCH'
11, 31307, 139.18279223057266, 139.18279223057266, 'SEARCH'
11, 31308, 139.15559995393102, 139.15559995393102, 'SEARCH'
11, 31309, 139.14245896752143, 139.14245896752143, 'SEARCH'
11, 31310, 139.1164791724038, 139.1164791724038, 'SEARCH'
11, 31311, 139.1180763101791, 139.1180763101791, 'SEARCH'
11, 31312, 139.09994719894718, 139.09994719894718, 'SEARCH'
11, 31313, 139.08964846581242, 139.08964846581242, 'SEARCH'
11, 31314, 139.0787022375967, 139.0787022375967, 'SEARCH'
11, 31315, 139.0670711744931, 139.0670711744931, 'SEARCH'
11, 31316, 139.05412344790747, 139.05412344790747, 'SEARCH'
11, 31317, 139.02805250012992, 139.02805250012992, 'SEARCH'
11, 31318, 139.0116515523667, 139.0116515523667, 'SEARCH'
11, 31319, 138.9935100337302, 138.9935100337302, 'SEARCH'
11, 31320, 138.97846421496664, 138.97846421496664, 'SEARCH'
11, 31321, 138.95787944873948, 138.95787944873948, 'SEARCH'
11, 31322, 138.95265652243464, 138.95265652243464, 'SEARCH'
11, 31323, 138.944013739899, 138.944013739899, 'SEARCH'
11, 31324, 138.92130605114804, 138.92130605114804, 'SEARCH'
11, 31325, 138.89372627205722, 138.89372627205722, 'SEARCH'
11, 31326, 138.88118927239967, 138.88118927239967, 'SEARCH'
11, 31327, 138.8893768377135, 138.8893768377135, 'SEARCH'
11, 31328, 138.89892456694315, 138.89892456694315, 'SEARCH'
11, 31329, 138.88809972162838, 138.88809972162838, 'SEARCH'
11, 31330, 138.86036089367374, 138.86036089367374, 'SEARCH'
11, 31331, 138.84401626884275, 138.84401626884275, 'SEARCH'
11, 31332, 138.81974034940495, 138.81974034940495, 'SEARCH'
11, 31333, 138.79223784361204, 138.79223784361204, 'SEARCH'
11, 31334, 138.76552559451713, 138.76552559451713, 'SEARCH'
11, 31335, 138.73858475244597, 138.73858475244597, 'SEARCH'
11, 31336, 138.71189677271036, 138.71189677271036, 'SEARCH'
11, 31337, 138.6888400266352, 138.6888400266352, 'SEARCH'
11, 31338, 138.68031788779265, 138.68031788779265, 'SEARCH'
11, 31339, 138.6713208591448, 138.6713208591448, 'SEARCH'
11, 31340, 138.6517028949512, 138.6517028949512, 'SEARCH'
11, 31341, 138.64781241230935, 138.64781241230935, 'SEARCH'
11, 31342, 138.631843993424, 138.631843993424, 'SEARCH'
11, 31343, 138.6091252778494, 138.6091252778494, 'SEARCH'
11, 31344, 138.6195828303266, 138.6195828303266, 'SEARCH'
11, 31345, 138.59190756550436, 138.59190756550436, 'SEARCH'
11, 31346, 138.56713742225224, 138.56713742225224, 'SEARCH'
11, 31347, 138.56719474308622, 138.56719474308622, 'SEARCH'
11, 31348, 138.540015887978, 138.540015887978, 'SEARCH'
11, 31349, 138.53619781361607, 138.53619781361607, 'SEARCH'
11, 31350, 138.54707994945565, 138.54707994945565, 'SEARCH'
11, 31351, 138.5375681838103, 138.5375681838103, 'SEARCH'
11, 31352, 138.5118014647649, 138.5118014647649, 'SEARCH'
11, 31353, 138.48536994358352, 138.48536994358352, 'SEARCH'
11, 31354, 138.48976875483402, 138.48976875483402, 'SEARCH'
11, 31355, 138.47633253646782, 138.47633253646782, 'SEARCH'
11, 31356, 138.46246252050938, 138.46246252050938, 'SEARCH'
11, 31357, 138.45573402176416, 138.45573402176416, 'SEARCH'
11, 31358, 138.42962193312817, 138.42962193312817, 'SEARCH'
11, 31359, 138.44051184294221, 138.44051184294221, 'SEARCH'
11, 31360, 138.4127517034036, 138.4127517034036, 'SEARCH'
11, 31361, 138.4132617839194, 138.4132617839194, 'SEARCH'
11, 31362, 138.41133091929842, 138.41133091929842, 'SEARCH'
11, 31363, 138.40319886425388, 138.40319886425388, 'SEARCH'
11, 31364, 138.39418087433742, 138.39418087433742, 'SEARCH'
11, 31365, 138.38514471828637, 138.38514471828637, 'SEARCH'
11, 31366, 138.3584398702279, 138.3584398702279, 'SEARCH'
11, 31367, 138.36184681951798, 138.36184681951798, 'SEARCH'
11, 31368, 138.33937583671369, 138.33937583671369, 'SEARCH'
11, 31369, 138.32987212489752, 138.32987212489752, 'SEARCH'
11, 31370, 138.30448824880992, 138.30448824880992, 'SEARCH'
11, 31371, 138.2838312372685, 138.2838312372685, 'SEARCH'
11, 31372, 138.25675884206495, 138.25675884206495, 'SEARCH'
11, 31373, 138.22979945108173, 138.22979945108173, 'SEARCH'
11, 31374, 138.20424038370805, 138.20424038370805, 'SEARCH'
11, 31375, 138.1879013230393, 138.1879013230393, 'SEARCH'
11, 31376, 138.17116341204758, 138.17116341204758, 'SEARCH'
11, 31377, 138.1525486334161, 138.1525486334161, 'SEARCH'
11, 31378, 138.15827756507358, 138.15827756507358, 'SEARCH'
11, 31379, 138.130852290948, 138.130852290948, 'SEARCH'
11, 31380, 138.118189605527, 138.118189605527, 'SEARCH'
11, 31381, 138.1060775150198, 138.1060775150198, 'SEARCH'
11, 31382, 138.08052869481781, 138.08052869481781, 'SEARCH'
11, 31383, 138.06377924500046, 138.06377924500046, 'SEARCH'
11, 31384, 138.06855163651053, 138.06855163651053, 'SEARCH'
11, 31385, 138.04150190758745, 138.04150190758745, 'SEARCH'
11, 31386, 138.03437191023008, 138.03437191023008, 'SEARCH'
11, 31387, 138.01009735711543, 138.01009735711543, 'SEARCH'
11, 31388, 137.9930178264818, 137.9930178264818, 'SEARCH'
11, 31389, 137.96631887030838, 137.96631887030838, 'SEARCH'
11, 31390, 137.9430227853565, 137.9430227853565, 'SEARCH'
11, 31391, 137.91784555197913, 137.91784555197913, 'SEARCH'
11, 31392, 137.9015242377093, 137.9015242377093, 'SEARCH'
11, 31393, 137.8872269888636, 137.8872269888636, 'SEARCH'
11, 31394, 137.87592682234103, 137.87592682234103, 'SEARCH'
11, 31395, 137.851184279302, 137.851184279302, 'SEARCH'
11, 31396, 137.82600768033313, 137.82600768033313, 'SEARCH'
11, 31397, 137.8377416500065, 137.8377416500065, 'SEARCH'
11, 31398, 137.83194157645414, 137.83194157645414, 'SEARCH'
11, 31399, 137.80916307645424, 137.80916307645424, 'SEARCH'
11, 31400, 137.79090271046013, 137.79090271046013, 'SEARCH'
11, 31401, 137.77965817437, 137.77965817437, 'SEARCH'
11, 31402, 137.76538531751396, 137.76538531751396, 'SEARCH'
11, 31403, 137.74158562888113, 137.74158562888113, 'SEARCH'
11, 31404, 137.71777240249796, 137.71777240249796, 'SEARCH'
11, 31405, 137.6974642559817, 137.6974642559817, 'SEARCH'
11, 31406, 137.67029480927923, 137.67029480927923, 'SEARCH'
11, 31407, 137.65396092729387, 137.65396092729387, 'SEARCH'
11, 31408, 137.65253369091985, 137.65253369091985, 'SEARCH'
11, 31409, 137.63699378867287, 137.63699378867287, 'SEARCH'
11, 31410, 137.6094197962365, 137.6094197962365, 'SEARCH'
11, 31411, 137.6128396754474, 137.6128396754474, 'SEARCH'
11, 31412, 137.58506190203084, 137.58506190203084, 'SEARCH'
11, 31413, 137.57978256663148, 137.57978256663148, 'SEARCH'
11, 31414, 137.55548949882186, 137.55548949882186, 'SEARCH'
11, 31415, 137.52892544365105, 137.52892544365105, 'SEARCH'
11, 31416, 137.52505940843858, 137.52505940843858, 'SEARCH'
11, 31417, 137.49798954289076, 137.49798954289076, 'SEARCH'
11, 31418, 137.47522581988338, 137.47522581988338, 'SEARCH'
11, 31419, 137.45140395676447, 137.45140395676447, 'SEARCH'
11, 31420, 137.4576258739441, 137.4576258739441, 'SEARCH'
11, 31421, 137.43036747549766, 137.43036747549766, 'SEARCH'
11, 31422, 137.4104121088098, 137.4104121088098, 'SEARCH'
11, 31423, 137.39570957815053, 137.39570957815053, 'SEARCH'
11, 31424, 137.37118254692572, 137.37118254692572, 'SEARCH'
11, 31425, 137.3438258599123, 137.3438258599123, 'SEARCH'
11, 31426, 137.31631881317364, 137.31631881317364, 'SEARCH'
11, 31427, 137.3100755183021, 137.3100755183021, 'SEARCH'
11, 31428, 137.2891037261467, 137.2891037261467, 'SEARCH'
11, 31429, 137.26456816444835, 137.26456816444835, 'SEARCH'
11, 31430, 137.23720832718672, 137.23720832718672, 'SEARCH'
11, 31431, 137.22250620995112, 137.22250620995112, 'SEARCH'
11, 31432, 137.22153487143964, 137.22153487143964, 'SEARCH'
11, 31433, 137.19542524051639, 137.19542524051639, 'SEARCH'
11, 31434, 137.16931525515008, 137.16931525515008, 'SEARCH'
11, 31435, 137.14931780737732, 137.14931780737732, 'SEARCH'
11, 31436, 137.13582310779074, 137.13582310779074, 'SEARCH'
11, 31437, 137.1244832564376, 137.1244832564376, 'SEARCH'
11, 31438, 137.10930362663814, 137.10930362663814, 'SEARCH'
11, 31439, 137.10065007404344, 137.10065007404344, 'SEARCH'
11, 31440, 137.08464402004816, 137.08464402004816, 'SEARCH'
11, 31441, 137.09031959390623, 137.09031959390623, 'SEARCH'
11, 31442, 137.06328141445664, 137.06328141445664, 'SEARCH'
11, 31443, 137.03553607780762, 137.03553607780762, 'SEARCH'
11, 31444, 137.02049705930818, 137.02049705930818, 'SEARCH'
11, 31445, 136.99381968385714, 136.99381968385714, 'SEARCH'
11, 31446, 136.99083960641937, 136.99083960641937, 'SEARCH'
11, 31447, 136.98544581625293, 136.98544581625293, 'SEARCH'
11, 31448, 136.95767052738668, 136.95767052738668, 'SEARCH'
11, 31449, 136.95131723742423, 136.95131723742423, 'SEARCH'
11, 31450, 136.93450067828948, 136.93450067828948, 'SEARCH'
11, 31451, 136.90725963663027, 136.90725963663027, 'SEARCH'
11, 31452, 136.87948859911393, 136.87948859911393, 'SEARCH'
11, 31453, 136.85342763687427, 136.85342763687427, 'SEARCH'
11, 31454, 136.83117796562365, 136.83117796562365, 'SEARCH'
11, 31455, 136.82912484990393, 136.82912484990393, 'SEARCH'
11, 31456, 136.81995425530422, 136.81995425530422, 'SEARCH'
11, 31457, 136.81403160267303, 136.81403160267303, 'SEARCH'
11, 31458, 136.79174642338236, 136.79174642338236, 'SEARCH'
11, 31459, 136.7658769141888, 136.7658769141888, 'SEARCH'
11, 31460, 136.7421509493396, 136.7421509493396, 'SEARCH'
11, 31461, 136.72984129041495, 136.72984129041495, 'SEARCH'
11, 31462, 136.70433565564488, 136.70433565564488, 'SEARCH'
11, 31463, 136.71505144242448, 136.71505144242448, 'SEARCH'
11, 31464, 136.68730337334003, 136.68730337334003, 'SEARCH'
11, 31465, 136.67980527284826, 136.67980527284826, 'SEARCH'
11, 31466, 136.65490249582658, 136.65490249582658, 'SEARCH'
11, 31467, 136.627487481765, 136.627487481765, 'SEARCH'
11, 31468, 136.63266791922712, 136.63266791922712, 'SEARCH'
11, 31469, 136.62770451387817, 136.62770451387817, 'SEARCH'
11, 31470, 136.60015374993293, 136.60015374993293, 'SEARCH'
11, 31471, 136.60672637868228, 136.60672637868228, 'SEARCH'
11, 31472, 136.58379418021133, 136.58379418021133, 'SEARCH'
11, 31473, 136.56122997129134, 136.56122997129134, 'SEARCH'
11, 31474, 136.54919960126077, 136.54919960126077, 'SEARCH'
11, 31475, 136.54547525248515, 136.54547525248515, 'SEARCH'
11, 31476, 136.53747146518845, 136.53747146518845, 'SEARCH'
11, 31477, 136.5119421979982, 136.5119421979982, 'SEARCH'
11, 31478, 136.48426244775726, 136.48426244775726, 'SEARCH'
11, 31479, 136.45802600711107, 136.45802600711107, 'SEARCH'
11, 31480, 136.4339330276501, 136.4339330276501, 'SEARCH'
11, 31481, 136.43530874040562, 136.43530874040562, 'SEARCH'
11, 31482, 136.4082650815964, 136.4082650815964, 'SEARCH'
11, 31483, 136.38064877750912, 136.38064877750912, 'SEARCH'
11, 31484, 136.36627385435773, 136.36627385435773, 'SEARCH'
11, 31485, 136.35806319074692, 136.35806319074692, 'SEARCH'
11, 31486, 136.3378231247422, 136.3378231247422, 'SEARCH'
11, 31487, 136.32302470256175, 136.32302470256175, 'SEARCH'
11, 31488, 136.30904417033463, 136.30904417033463, 'SEARCH'
11, 31489, 136.28131098972648, 136.28131098972648, 'SEARCH'
11, 31490, 136.25696148728008, 136.25696148728008, 'SEARCH'
11, 31491, 136.22947058070775, 136.22947058070775, 'SEARCH'
11, 31492, 136.2029384757138, 136.2029384757138, 'SEARCH'
11, 31493, 136.17649040717203, 136.17649040717203, 'SEARCH'
11, 31494, 136.18857975117112, 136.18857975117112, 'SEARCH'
11, 31495, 136.18749281965037, 136.18749281965037, 'SEARCH'
11, 31496, 136.18158366660708, 136.18158366660708, 'SEARCH'
11, 31497, 136.1569041275641, 136.1569041275641, 'SEARCH'
11, 31498, 136.13231213128051, 136.13231213128051, 'SEARCH'
11, 31499, 136.10455669201997, 136.10455669201997, 'SEARCH'
11, 31500, 136.0790412691889, 136.0790412691889, 'SEARCH'
11, 31501, 136.05457370594388, 136.05457370594388, 'SEARCH'
11, 31502, 136.0456343610139, 136.0456343610139, 'SEARCH'
11, 31503, 136.01848237853554, 136.01848237853554, 'SEARCH'
11, 31504, 136.01215608167718, 136.01215608167718, 'SEARCH'
11, 31505, 135.98542766066493, 135.98542766066493, 'SEARCH'
11, 31506, 135.97021743013977, 135.97021743013977, 'SEARCH'
11, 31507, 135.95600550357784, 135.95600550357784, 'SEARCH'
11, 31508, 135.93047138218012, 135.93047138218012, 'SEARCH'
11, 31509, 135.9085347567023, 135.9085347567023, 'SEARCH'
11, 31510, 135.91470097532047, 135.91470097532047, 'SEARCH'
11, 31511, 135.90030439412462, 135.90030439412462, 'SEARCH'
11, 31512, 135.87990814392845, 135.87990814392845, 'SEARCH'
11, 31513, 135.8533070165383, 135.8533070165383, 'SEARCH'
11, 31514, 135.82650912514413, 135.82650912514413, 'SEARCH'
11, 31515, 135.79874443339241, 135.79874443339241, 'SEARCH'
11, 31516, 135.77524687545036, 135.77524687545036, 'SEARCH'
11, 31517, 135.76386097894706, 135.76386097894706, 'SEARCH'
11, 31518, 135.76229575103034, 135.76229575103034, 'SEARCH'
11, 31519, 135.7373869683667, 135.7373869683667, 'SEARCH'
11, 31520, 135.7251050012734, 135.7251050012734, 'SEARCH'
11, 31521, 135.73493626495107, 135.73493626495107, 'SEARCH'
11, 31522, 135.70847124273246, 135.70847124273246, 'SEARCH'
11, 31523, 135.6814402482128, 135.6814402482128, 'SEARCH'
11, 31524, 135.664997650016, 135.664997650016, 'SEARCH'
11, 31525, 135.64546582365193, 135.64546582365193, 'SEARCH'
11, 31526, 135.6198430770184, 135.6198430770184, 'SEARCH'
11, 31527, 135.6024702241124, 135.6024702241124, 'SEARCH'
11, 31528, 135.5837944121776, 135.5837944121776, 'SEARCH'
11, 31529, 135.55827610084606, 135.55827610084606, 'SEARCH'
11, 31530, 135.531894295065, 135.531894295065, 'SEARCH'
11, 31531, 135.54175066939, 135.54175066939, 'SEARCH'
11, 31532, 135.51422597744397, 135.51422597744397, 'SEARCH'
11, 31533, 135.48698223234447, 135.48698223234447, 'SEARCH'
11, 31534, 135.49683139741364, 135.49683139741364, 'SEARCH'
11, 31535, 135.4710265093972, 135.4710265093972, 'SEARCH'
11, 31536, 135.45872789089685, 135.45872789089685, 'SEARCH'
11, 31537, 135.43606046611194, 135.43606046611194, 'SEARCH'
11, 31538, 135.4166680098641, 135.4166680098641, 'SEARCH'
11, 31539, 135.39293251512666, 135.39293251512666, 'SEARCH'
11, 31540, 135.37810336924278, 135.37810336924278, 'SEARCH'
11, 31541, 135.36561976199474, 135.36561976199474, 'SEARCH'
11, 31542, 135.36043936441473, 135.36043936441473, 'SEARCH'
11, 31543, 135.33384591226343, 135.33384591226343, 'SEARCH'
11, 31544, 135.32308555892513, 135.32308555892513, 'SEARCH'
11, 31545, 135.2958981748244, 135.2958981748244, 'SEARCH'
11, 31546, 135.3053247893286, 135.3053247893286, 'SEARCH'
11, 31547, 135.29349525072976, 135.29349525072976, 'SEARCH'
11, 31548, 135.2670416728327, 135.2670416728327, 'SEARCH'
11, 31549, 135.2461534517875, 135.2461534517875, 'SEARCH'
11, 31550, 135.24508639333737, 135.24508639333737, 'SEARCH'
11, 31551, 135.23067917892197, 135.23067917892197, 'SEARCH'
11, 31552, 135.2065574131094, 135.2065574131094, 'SEARCH'
11, 31553, 135.21172383248037, 135.21172383248037, 'SEARCH'
11, 31554, 135.20237109467234, 135.20237109467234, 'SEARCH'
11, 31555, 135.17459365072284, 135.17459365072284, 'SEARCH'
11, 31556, 135.1469105451618, 135.1469105451618, 'SEARCH'
11, 31557, 135.12571253001101, 135.12571253001101, 'SEARCH'
11, 31558, 135.09890942064365, 135.09890942064365, 'SEARCH'
11, 31559, 135.10506362663492, 135.10506362663492, 'SEARCH'
11, 31560, 135.0800456773432, 135.0800456773432, 'SEARCH'
11, 31561, 135.0549219089432, 135.0549219089432, 'SEARCH'
11, 31562, 135.04486736092784, 135.04486736092784, 'SEARCH'
11, 31563, 135.01826744201443, 135.01826744201443, 'SEARCH'
11, 31564, 134.9930402048189, 134.9930402048189, 'SEARCH'
11, 31565, 134.9866682534866, 134.9866682534866, 'SEARCH'
11, 31566, 134.9645714475561, 134.9645714475561, 'SEARCH'
11, 31567, 134.96638160049025, 134.96638160049025, 'SEARCH'
11, 31568, 134.94500749403065, 134.94500749403065, 'SEARCH'
11, 31569, 134.9424304586066, 134.9424304586066, 'SEARCH'
11, 31570, 134.9288096056011, 134.9288096056011, 'SEARCH'
11, 31571, 134.93344495442534, 134.93344495442534, 'SEARCH'
11, 31572, 134.90644178998875, 134.90644178998875, 'SEARCH'
11, 31573, 134.8919010910623, 134.8919010910623, 'SEARCH'
11, 31574, 134.86435422066862, 134.86435422066862, 'SEARCH'
11, 31575, 134.84122422605682, 134.84122422605682, 'SEARCH'
11, 31576, 134.8400669185549, 134.8400669185549, 'SEARCH'
11, 31577, 134.81389390921646, 134.81389390921646, 'SEARCH'
11, 31578, 134.791544814426, 134.791544814426, 'SEARCH'
11, 31579, 134.80354873059798, 134.80354873059798, 'SEARCH'
11, 31580, 134.77825993619996, 134.77825993619996, 'SEARCH'
11, 31581, 134.75946175556768, 134.75946175556768, 'SEARCH'
11, 31582, 134.74338184586736, 134.74338184586736, 'SEARCH'
11, 31583, 134.7159019600458, 134.7159019600458, 'SEARCH'
11, 31584, 134.6922479506696, 134.6922479506696, 'SEARCH'
11, 31585, 134.68867442140717, 134.68867442140717, 'SEARCH'
11, 31586, 134.67668585389347, 134.67668585389347, 'SEARCH'
11, 31587, 134.6750441886254, 134.6750441886254, 'SEARCH'
11, 31588, 134.660559496721, 134.660559496721, 'SEARCH'
11, 31589, 134.6350776756739, 134.6350776756739, 'SEARCH'
11, 31590, 134.63004864761552, 134.63004864761552, 'SEARCH'
11, 31591, 134.60563009945653, 134.60563009945653, 'SEARCH'
11, 31592, 134.58688561953957, 134.58688561953957, 'SEARCH'
11, 31593, 134.56373244797348, 134.56373244797348, 'SEARCH'
11, 31594, 134.55539137157982, 134.55539137157982, 'SEARCH'
11, 31595, 134.53335054460422, 134.53335054460422, 'SEARCH'
11, 31596, 134.50686231675323, 134.50686231675323, 'SEARCH'
11, 31597, 134.49759084922414, 134.49759084922414, 'SEARCH'
11, 31598, 134.46993900616707, 134.46993900616707, 'SEARCH'
11, 31599, 134.44281352984083, 134.44281352984083, 'SEARCH'
11, 31600, 134.41752073921364, 134.41752073921364, 'SEARCH'
11, 31601, 134.4153941112469, 134.4153941112469, 'SEARCH'
11, 31602, 134.3914432925206, 134.3914432925206, 'SEARCH'
11, 31603, 134.3649365773057, 134.3649365773057, 'SEARCH'
11, 31604, 134.35089057567922, 134.35089057567922, 'SEARCH'
11, 31605, 134.3297980670777, 134.3297980670777, 'SEARCH'
11, 31606, 134.30934329191433, 134.30934329191433, 'SEARCH'
11, 31607, 134.29403485762307, 134.29403485762307, 'SEARCH'
11, 31608, 134.28079265243178, 134.28079265243178, 'SEARCH'
11, 31609, 134.26627997558674, 134.26627997558674, 'SEARCH'
11, 31610, 134.25386816532125, 134.25386816532125, 'SEARCH'
11, 31611, 134.24547638396294, 134.24547638396294, 'SEARCH'
11, 31612, 134.2208084786604, 134.2208084786604, 'SEARCH'
11, 31613, 134.20038087432386, 134.20038087432386, 'SEARCH'
11, 31614, 134.17698986112939, 134.17698986112939, 'SEARCH'
11, 31615, 134.17874742390106, 134.17874742390106, 'SEARCH'
11, 31616, 134.16219178294344, 134.16219178294344, 'SEARCH'
11, 31617, 134.13489035554088, 134.13489035554088, 'SEARCH'
11, 31618, 134.11169192320122, 134.11169192320122, 'SEARCH'
11, 31619, 134.09148764429523, 134.09148764429523, 'SEARCH'
11, 31620, 134.08747955088683, 134.08747955088683, 'SEARCH'
11, 31621, 134.06326413686602, 134.06326413686602, 'SEARCH'
11, 31622, 134.06002549377354, 134.06002549377354, 'SEARCH'
11, 31623, 134.04519855376535, 134.04519855376535, 'SEARCH'
11, 31624, 134.01764530846805, 134.01764530846805, 'SEARCH'
11, 31625, 134.01011540965226, 134.01011540965226, 'SEARCH'
11, 31626, 133.98661698955237, 133.98661698955237, 'SEARCH'
11, 31627, 133.96478554564504, 133.96478554564504, 'SEARCH'
11, 31628, 133.97421486121547, 133.97421486121547, 'SEARCH'
11, 31629, 133.95363731074517, 133.95363731074517, 'SEARCH'
11, 31630, 133.94590495595247, 133.94590495595247, 'SEARCH'
11, 31631, 133.94726176024497, 133.94726176024497, 'SEARCH'
11, 31632, 133.94089799202106, 133.94089799202106, 'SEARCH'
11, 31633, 133.94748496445598, 133.94748496445598, 'SEARCH'
11, 31634, 133.92491928912787, 133.92491928912787, 'SEARCH'
11, 31635, 133.904387759409, 133.904387759409, 'SEARCH'
11, 31636, 133.8871702788449, 133.8871702788449, 'SEARCH'
11, 31637, 133.87217563100182, 133.87217563100182, 'SEARCH'
11, 31638, 133.8500750970274, 133.8500750970274, 'SEARCH'
11, 31639, 133.82248987385668, 133.82248987385668, 'SEARCH'
11, 31640, 133.80808283404207, 133.80808283404207, 'SEARCH'
11, 31641, 133.78611266597642, 133.78611266597642, 'SEARCH'
11, 31642, 133.7698985838823, 133.7698985838823, 'SEARCH'
11, 31643, 133.78152994268228, 133.78152994268228, 'SEARCH'
11, 31644, 133.7641584287323, 133.7641584287323, 'SEARCH'
11, 31645, 133.7688633128678, 133.7688633128678, 'SEARCH'
11, 31646, 133.7412232044104, 133.7412232044104, 'SEARCH'
11, 31647, 133.7213376553427, 133.7213376553427, 'SEARCH'
11, 31648, 133.71783447192496, 133.71783447192496, 'SEARCH'
11, 31649, 133.69500088423547, 133.69500088423547, 'SEARCH'
11, 31650, 133.667670779597, 133.667670779597, 'SEARCH'
11, 31651, 133.64379098239755, 133.64379098239755, 'SEARCH'
11, 31652, 133.64703625899548, 133.64703625899548, 'SEARCH'
11, 31653, 133.63217861758665, 133.63217861758665, 'SEARCH'
11, 31654, 133.60477108384188, 133.60477108384188, 'SEARCH'
11, 31655, 133.593763542581, 133.593763542581, 'SEARCH'
11, 31656, 133.58971523808327, 133.58971523808327, 'SEARCH'
11, 31657, 133.56336082185612, 133.56336082185612, 'SEARCH'
11, 31658, 133.5457312296139, 133.5457312296139, 'SEARCH'
11, 31659, 133.53834504559464, 133.53834504559464, 'SEARCH'
11, 31660, 133.52954980060088, 133.52954980060088, 'SEARCH'
11, 31661, 133.51078213815404, 133.51078213815404, 'SEARCH'
11, 31662, 133.50017196305285, 133.50017196305285, 'SEARCH'
11, 31663, 133.49322121908193, 133.49322121908193, 'SEARCH'
11, 31664, 133.48769747053038, 133.48769747053038, 'SEARCH'
11, 31665, 133.46004829271376, 133.46004829271376, 'SEARCH'
11, 31666, 133.4323570637531, 133.4323570637531, 'SEARCH'
11, 31667, 133.40600957736783, 133.40600957736783, 'SEARCH'
11, 31668, 133.39908264121922, 133.39908264121922, 'SEARCH'
11, 31669, 133.37828494193374, 133.37828494193374, 'SEARCH'
11, 31670, 133.3765897788218, 133.3765897788218, 'SEARCH'
11, 31671, 133.36087292622975, 133.36087292622975, 'SEARCH'
11, 31672, 133.3572480790461, 133.3572480790461, 'SEARCH'
11, 31673, 133.3330619957715, 133.3330619957715, 'SEARCH'
11, 31674, 133.31392336399787, 133.31392336399787, 'SEARCH'
11, 31675, 133.29704148621602, 133.29704148621602, 'SEARCH'
11, 31676, 133.2924713624519, 133.2924713624519, 'SEARCH'
11, 31677, 133.26680524121264, 133.26680524121264, 'SEARCH'
11, 31678, 133.2400434323852, 133.2400434323852, 'SEARCH'
11, 31679, 133.23310944534256, 133.23310944534256, 'SEARCH'
11, 31680, 133.24238432837237, 133.24238432837237, 'SEARCH'
11, 31681, 133.22473062421497, 133.22473062421497, 'SEARCH'
11, 31682, 133.2182451673472, 133.2182451673472, 'SEARCH'
11, 31683, 133.21079959894712, 133.21079959894712, 'SEARCH'
11, 31684, 133.2086654289409, 133.2086654289409, 'SEARCH'
11, 31685, 133.19538941112754, 133.19538941112754, 'SEARCH'
11, 31686, 133.2069508581449, 133.2069508581449, 'SEARCH'
11, 31687, 133.20048992082693, 133.20048992082693, 'SEARCH'
11, 31688, 133.18723109187204, 133.18723109187204, 'SEARCH'
11, 31689, 133.16304134542122, 133.16304134542122, 'SEARCH'
11, 31690, 133.1593731208751, 133.1593731208751, 'SEARCH'
11, 31691, 133.14958438455926, 133.14958438455926, 'SEARCH'
11, 31692, 133.12611014364597, 133.12611014364597, 'SEARCH'
11, 31693, 133.12067406567556, 133.12067406567556, 'SEARCH'
11, 31694, 133.0998140009497, 133.0998140009497, 'SEARCH'
11, 31695, 133.09608598346213, 133.09608598346213, 'SEARCH'
11, 31696, 133.07086147739716, 133.07086147739716, 'SEARCH'
11, 31697, 133.06262510375421, 133.06262510375421, 'SEARCH'
11, 31698, 133.03559082947453, 133.03559082947453, 'SEARCH'
11, 31699, 133.0089245730563, 133.0089245730563, 'SEARCH'
11, 31700, 133.0023165749526, 133.0023165749526, 'SEARCH'
11, 31701, 133.0036773964212, 133.0036773964212, 'SEARCH'
11, 31702, 133.00210899436073, 133.00210899436073, 'SEARCH'
11, 31703, 132.9743334086769, 132.9743334086769, 'SEARCH'
11, 31704, 132.95529438895952, 132.95529438895952, 'SEARCH'
11, 31705, 132.92788099180788, 132.92788099180788, 'SEARCH'
11, 31706, 132.90142255722492, 132.90142255722492, 'SEARCH'
11, 31707, 132.8842174753507, 132.8842174753507, 'SEARCH'
11, 31708, 132.88745944762871, 132.88745944762871, 'SEARCH'
11, 31709, 132.8760093480383, 132.8760093480383, 'SEARCH'
11, 31710, 132.8493587753732, 132.8493587753732, 'SEARCH'
11, 31711, 132.83490571339368, 132.83490571339368, 'SEARCH'
11, 31712, 132.82127619624802, 132.82127619624802, 'SEARCH'
11, 31713, 132.81673150724632, 132.81673150724632, 'SEARCH'
11, 31714, 132.79254499044512, 132.79254499044512, 'SEARCH'
11, 31715, 132.7657677515876, 132.7657677515876, 'SEARCH'
11, 31716, 132.740511176162, 132.740511176162, 'SEARCH'
11, 31717, 132.7156721330615, 132.7156721330615, 'SEARCH'
11, 31718, 132.7100935991644, 132.7100935991644, 'SEARCH'
11, 31719, 132.68388785607235, 132.68388785607235, 'SEARCH'
11, 31720, 132.66821801852538, 132.66821801852538, 'SEARCH'
11, 31721, 132.6497648138396, 132.6497648138396, 'SEARCH'
11, 31722, 132.6450978649969, 132.6450978649969, 'SEARCH'
11, 31723, 132.61795580193566, 132.61795580193566, 'SEARCH'
11, 31724, 132.60000463644727, 132.60000463644727, 'SEARCH'
11, 31725, 132.59362176270383, 132.59362176270383, 'SEARCH'
11, 31726, 132.5665209366697, 132.5665209366697, 'SEARCH'
11, 31727, 132.57071229001653, 132.57071229001653, 'SEARCH'
11, 31728, 132.55225827198515, 132.55225827198515, 'SEARCH'
11, 31729, 132.53935693310245, 132.53935693310245, 'SEARCH'
11, 31730, 132.52837868652892, 132.52837868652892, 'SEARCH'
11, 31731, 132.50222421046607, 132.50222421046607, 'SEARCH'
11, 31732, 132.47659481242889, 132.47659481242889, 'SEARCH'
11, 31733, 132.4609321945086, 132.4609321945086, 'SEARCH'
11, 31734, 132.43827637517765, 132.43827637517765, 'SEARCH'
11, 31735, 132.4443759812402, 132.4443759812402, 'SEARCH'
11, 31736, 132.41662180750598, 132.41662180750598, 'SEARCH'
11, 31737, 132.39201698670288, 132.39201698670288, 'SEARCH'
11, 31738, 132.38359742191935, 132.38359742191935, 'SEARCH'
11, 31739, 132.36419395149406, 132.36419395149406, 'SEARCH'
11, 31740, 132.36693757988613, 132.36693757988613, 'SEARCH'
11, 31741, 132.33970570639363, 132.33970570639363, 'SEARCH'
11, 31742, 132.31420400675893, 132.31420400675893, 'SEARCH'
11, 31743, 132.28645648829817, 132.28645648829817, 'SEARCH'
11, 31744, 132.2597132172989, 132.2597132172989, 'SEARCH'
11, 31745, 132.2423503446531, 132.2423503446531, 'SEARCH'
11, 31746, 132.21744135872652, 132.21744135872652, 'SEARCH'
11, 31747, 132.18966381872514, 132.18966381872514, 'SEARCH'
11, 31748, 132.17714949522505, 132.17714949522505, 'SEARCH'
11, 31749, 132.17034639880606, 132.17034639880606, 'SEARCH'
11, 31750, 132.1774340508909, 132.1774340508909, 'SEARCH'
11, 31751, 132.17369517657727, 132.17369517657727, 'SEARCH'
11, 31752, 132.14797980421656, 132.14797980421656, 'SEARCH'
11, 31753, 132.12036386872774, 132.12036386872774, 'SEARCH'
11, 31754, 132.09272979627698, 132.09272979627698, 'SEARCH'
11, 31755, 132.07109356972262, 132.07109356972262, 'SEARCH'
11, 31756, 132.04811315532774, 132.04811315532774, 'SEARCH'
11, 31757, 132.02687821300674, 132.02687821300674, 'SEARCH'
11, 31758, 132.00906066309443, 132.00906066309443, 'SEARCH'
11, 31759, 131.99778791722932, 131.99778791722932, 'SEARCH'
11, 31760, 131.97503656813805, 131.97503656813805, 'SEARCH'
11, 31761, 131.9678344281663, 131.9678344281663, 'SEARCH'
11, 31762, 131.94047238913438, 131.94047238913438, 'SEARCH'
11, 31763, 131.9230275949436, 131.9230275949436, 'SEARCH'
11, 31764, 131.92596476869906, 131.92596476869906, 'SEARCH'
11, 31765, 131.91250755072122, 131.91250755072122, 'SEARCH'
11, 31766, 131.91588789169515, 131.91588789169515, 'SEARCH'
11, 31767, 131.8905229208254, 131.8905229208254, 'SEARCH'
11, 31768, 131.86723335312485, 131.86723335312485, 'SEARCH'
11, 31769, 131.84040073788802, 131.84040073788802, 'SEARCH'
11, 31770, 131.83042976838104, 131.83042976838104, 'SEARCH'
11, 31771, 131.813296100428, 131.813296100428, 'SEARCH'
11, 31772, 131.7865773034081, 131.7865773034081, 'SEARCH'
11, 31773, 131.77931560920032, 131.77931560920032, 'SEARCH'
11, 31774, 131.75334784930268, 131.75334784930268, 'SEARCH'
11, 31775, 131.7287689959838, 131.7287689959838, 'SEARCH'
11, 31776, 131.70102284675568, 131.70102284675568, 'SEARCH'
11, 31777, 131.6741565203165, 131.6741565203165, 'SEARCH'
11, 31778, 131.66141308033525, 131.66141308033525, 'SEARCH'
11, 31779, 131.67107501298332, 131.67107501298332, 'SEARCH'
11, 31780, 131.6736441008411, 131.6736441008411, 'SEARCH'
11, 31781, 131.66380711307053, 131.66380711307053, 'SEARCH'
11, 31782, 131.6456645934219, 131.6456645934219, 'SEARCH'
11, 31783, 131.6510583172853, 131.6510583172853, 'SEARCH'
11, 31784, 131.62390263009334, 131.62390263009334, 'SEARCH'
11, 31785, 131.59653408571725, 131.59653408571725, 'SEARCH'
11, 31786, 131.57489348696078, 131.57489348696078, 'SEARCH'
11, 31787, 131.57140496256847, 131.57140496256847, 'SEARCH'
11, 31788, 131.5440715395541, 131.5440715395541, 'SEARCH'
11, 31789, 131.53582597257306, 131.53582597257306, 'SEARCH'
11, 31790, 131.5085882079857, 131.5085882079857, 'SEARCH'
11, 31791, 131.49199573201972, 131.49199573201972, 'SEARCH'
11, 31792, 131.48401014622024, 131.48401014622024, 'SEARCH'
11, 31793, 131.48413268951936, 131.48413268951936, 'SEARCH'
11, 31794, 131.47798167829905, 131.47798167829905, 'SEARCH'
11, 31795, 131.48477920330052, 131.48477920330052, 'SEARCH'
11, 31796, 131.49656976625047, 131.49656976625047, 'SEARCH'
11, 31797, 131.49514923711973, 131.49514923711973, 'SEARCH'
11, 31798, 131.47325310727547, 131.47325310727547, 'SEARCH'
11, 31799, 131.4455118196024, 131.4455118196024, 'SEARCH'
11, 31800, 131.4280606344244, 131.4280606344244, 'SEARCH'
11, 31801, 131.4074347100196, 131.4074347100196, 'SEARCH'
11, 31802, 131.3797612930499, 131.3797612930499, 'SEARCH'
11, 31803, 131.3561915580586, 131.3561915580586, 'SEARCH'
11, 31804, 131.35720296730932, 131.35720296730932, 'SEARCH'
11, 31805, 131.3420579389562, 131.3420579389562, 'SEARCH'
11, 31806, 131.3294097720014, 131.3294097720014, 'SEARCH'
11, 31807, 131.30301171849055, 131.30301171849055, 'SEARCH'
11, 31808, 131.28376222320242, 131.28376222320242, 'SEARCH'
11, 31809, 131.25781040185908, 131.25781040185908, 'SEARCH'
11, 31810, 131.23099674691247, 131.23099674691247, 'SEARCH'
11, 31811, 131.2262407453722, 131.2262407453722, 'SEARCH'
11, 31812, 131.20589297065263, 131.20589297065263, 'SEARCH'
11, 31813, 131.18761783938749, 131.18761783938749, 'SEARCH'
11, 31814, 131.18128193026598, 131.18128193026598, 'SEARCH'
11, 31815, 131.1674911688266, 131.1674911688266, 'SEARCH'
11, 31816, 131.16209568843178, 131.16209568843178, 'SEARCH'
11, 31817, 131.1607623239156, 131.1607623239156, 'SEARCH'
11, 31818, 131.13299820968737, 131.13299820968737, 'SEARCH'
11, 31819, 131.14350219412634, 131.14350219412634, 'SEARCH'
11, 31820, 131.11829223887673, 131.11829223887673, 'SEARCH'
11, 31821, 131.09051714996812, 131.09051714996812, 'SEARCH'
11, 31822, 131.0920764078704, 131.0920764078704, 'SEARCH'
11, 31823, 131.08496683655437, 131.08496683655437, 'SEARCH'
11, 31824, 131.05725243349687, 131.05725243349687, 'SEARCH'
11, 31825, 131.0294747465116, 131.0294747465116, 'SEARCH'
11, 31826, 131.00433258004546, 131.00433258004546, 'SEARCH'
11, 31827, 130.9771463891385, 130.9771463891385, 'SEARCH'
11, 31828, 130.96036054666862, 130.96036054666862, 'SEARCH'
11, 31829, 130.95612240614304, 130.95612240614304, 'SEARCH'
11, 31830, 130.94670379818615, 130.94670379818615, 'SEARCH'
11, 31831, 130.9363612627098, 130.9363612627098, 'SEARCH'
11, 31832, 130.90891775898578, 130.90891775898578, 'SEARCH'
11, 31833, 130.8902862039915, 130.8902862039915, 'SEARCH'
11, 31834, 130.8844309944974, 130.8844309944974, 'SEARCH'
11, 31835, 130.8623103069454, 130.8623103069454, 'SEARCH'
11, 31836, 130.84206140910086, 130.84206140910086, 'SEARCH'
11, 31837, 130.85164350797655, 130.85164350797655, 'SEARCH'
11, 31838, 130.83536711253348, 130.83536711253348, 'SEARCH'
11, 31839, 130.8134480617403, 130.8134480617403, 'SEARCH'
11, 31840, 130.78577012942787, 130.78577012942787, 'SEARCH'
11, 31841, 130.77194809294937, 130.77194809294937, 'SEARCH'
11, 31842, 130.77730800312727, 130.77730800312727, 'SEARCH'
11, 31843, 130.75600525488264, 130.75600525488264, 'SEARCH'
11, 31844, 130.7370191617795, 130.7370191617795, 'SEARCH'
11, 31845, 130.7202393541129, 130.7202393541129, 'SEARCH'
11, 31846, 130.69315094061633, 130.69315094061633, 'SEARCH'
11, 31847, 130.67275854457563, 130.67275854457563, 'SEARCH'
11, 31848, 130.65235202883719, 130.65235202883719, 'SEARCH'
11, 31849, 130.62672236622183, 130.62672236622183, 'SEARCH'
11, 31850, 130.63360748038698, 130.63360748038698, 'SEARCH'
11, 31851, 130.6356910067394, 130.6356910067394, 'SEARCH'
11, 31852, 130.61286657433564, 130.61286657433564, 'SEARCH'
11, 31853, 130.58509586291177, 130.58509586291177, 'SEARCH'
11, 31854, 130.5876646526657, 130.5876646526657, 'SEARCH'
11, 31855, 130.58176728164554, 130.58176728164554, 'SEARCH'
11, 31856, 130.57949458627317, 130.57949458627317, 'SEARCH'
11, 31857, 130.55666804842522, 130.55666804842522, 'SEARCH'
11, 31858, 130.53818945901202, 130.53818945901202, 'SEARCH'
11, 31859, 130.515638812175, 130.515638812175, 'SEARCH'
11, 31860, 130.48872341234681, 130.48872341234681, 'SEARCH'
11, 31861, 130.47227202679449, 130.47227202679449, 'SEARCH'
11, 31862, 130.45284942057202, 130.45284942057202, 'SEARCH'
11, 31863, 130.4564311128354, 130.4564311128354, 'SEARCH'
11, 31864, 130.4439757105375, 130.4439757105375, 'SEARCH'
11, 31865, 130.4222900034372, 130.4222900034372, 'SEARCH'
11, 31866, 130.42440405875837, 130.42440405875837, 'SEARCH'
11, 31867, 130.40643171930645, 130.40643171930645, 'SEARCH'
11, 31868, 130.40515328017358, 130.40515328017358, 'SEARCH'
11, 31869, 130.37836195624567, 130.37836195624567, 'SEARCH'
11, 31870, 130.36826401789702, 130.36826401789702, 'SEARCH'
11, 31871, 130.35905251140989, 130.35905251140989, 'SEARCH'
11, 31872, 130.3332223944982, 130.3332223944982, 'SEARCH'
11, 31873, 130.30600727465946, 130.30600727465946, 'SEARCH'
11, 31874, 130.29234042326624, 130.29234042326624, 'SEARCH'
11, 31875, 130.26557570662797, 130.26557570662797, 'SEARCH'
11, 31876, 130.2438436297068, 130.2438436297068, 'SEARCH'
11, 31877, 130.24505786108932, 130.24505786108932, 'SEARCH'
11, 31878, 130.2190318690439, 130.2190318690439, 'SEARCH'
11, 31879, 130.19134147137206, 130.19134147137206, 'SEARCH'
11, 31880, 130.17642750365945, 130.17642750365945, 'SEARCH'
11, 31881, 130.15802924651206, 130.15802924651206, 'SEARCH'
11, 31882, 130.1327534077006, 130.1327534077006, 'SEARCH'
11, 31883, 130.10497656685664, 130.10497656685664, 'SEARCH'
11, 31884, 130.1138112645481, 130.1138112645481, 'SEARCH'
11, 31885, 130.10545582233416, 130.10545582233416, 'SEARCH'
11, 31886, 130.10373741916703, 130.10373741916703, 'SEARCH'
11, 31887, 130.07868522178848, 130.07868522178848, 'SEARCH'
11, 31888, 130.0510892781615, 130.0510892781615, 'SEARCH'
11, 31889, 130.04271837956085, 130.04271837956085, 'SEARCH'
11, 31890, 130.03167770761186, 130.03167770761186, 'SEARCH'
11, 31891, 130.00566412899326, 130.00566412899326, 'SEARCH'
11, 31892, 130.0015577526654, 130.0015577526654, 'SEARCH'
11, 31893, 129.97895783457332, 129.97895783457332, 'SEARCH'
11, 31894, 129.9560751877515, 129.9560751877515, 'SEARCH'
11, 31895, 129.94238803564008, 129.94238803564008, 'SEARCH'
11, 31896, 129.92259940426064, 129.92259940426064, 'SEARCH'
11, 31897, 129.89582578415659, 129.89582578415659, 'SEARCH'
11, 31898, 129.8781289582501, 129.8781289582501, 'SEARCH'
11, 31899, 129.8623467731753, 129.8623467731753, 'SEARCH'
11, 31900, 129.84316594244743, 129.84316594244743, 'SEARCH'
11, 31901, 129.84351313070331, 129.84351313070331, 'SEARCH'
11, 31902, 129.8157823235831, 129.8157823235831, 'SEARCH'
11, 31903, 129.80478861573687, 129.80478861573687, 'SEARCH'
11, 31904, 129.79033573439332, 129.79033573439332, 'SEARCH'
11, 31905, 129.79353515899606, 129.79353515899606, 'SEARCH'
11, 31906, 129.77038879665528, 129.77038879665528, 'SEARCH'
11, 31907, 129.778301315418, 129.778301315418, 'SEARCH'
11, 31908, 129.7746750867487, 129.7746750867487, 'SEARCH'
11, 31909, 129.74719904676076, 129.74719904676076, 'SEARCH'
11, 31910, 129.7267319889598, 129.7267319889598, 'SEARCH'
11, 31911, 129.70529644762235, 129.70529644762235, 'SEARCH'
11, 31912, 129.71413243435603, 129.71413243435603, 'SEARCH'
11, 31913, 129.6983976144923, 129.6983976144923, 'SEARCH'
11, 31914, 129.70765414025462, 129.70765414025462, 'SEARCH'
11, 31915, 129.67988700187044, 129.67988700187044, 'SEARCH'
11, 31916, 129.68774414831267, 129.68774414831267, 'SEARCH'
11, 31917, 129.68026465381797, 129.68026465381797, 'SEARCH'
11, 31918, 129.65251687979438, 129.65251687979438, 'SEARCH'
11, 31919, 129.63442298247608, 129.63442298247608, 'SEARCH'
11, 31920, 129.61104059297196, 129.61104059297196, 'SEARCH'
11, 31921, 129.61073340995182, 129.61073340995182, 'SEARCH'
11, 31922, 129.58492102252578, 129.58492102252578, 'SEARCH'
11, 31923, 129.55826656310524, 129.55826656310524, 'SEARCH'
11, 31924, 129.53461999219235, 129.53461999219235, 'SEARCH'
11, 31925, 129.51589309481705, 129.51589309481705, 'SEARCH'
11, 31926, 129.5001341155713, 129.5001341155713, 'SEARCH'
11, 31927, 129.51072143302696, 129.51072143302696, 'SEARCH'
11, 31928, 129.5032296088043, 129.5032296088043, 'SEARCH'
11, 31929, 129.49223775724903, 129.49223775724903, 'SEARCH'
11, 31930, 129.46524326104148, 129.46524326104148, 'SEARCH'
11, 31931, 129.46785150500742, 129.46785150500742, 'SEARCH'
11, 31932, 129.45368534995097, 129.45368534995097, 'SEARCH'
11, 31933, 129.44948503897407, 129.44948503897407, 'SEARCH'
11, 31934, 129.42219416352566, 129.42219416352566, 'SEARCH'
11, 31935, 129.41487336447568, 129.41487336447568, 'SEARCH'
11, 31936, 129.41889878097038, 129.41889878097038, 'SEARCH'
11, 31937, 129.39327621631426, 129.39327621631426, 'SEARCH'
11, 31938, 129.36905552584113, 129.36905552584113, 'SEARCH'
11, 31939, 129.3565760909743, 129.3565760909743, 'SEARCH'
11, 31940, 129.35045343974636, 129.35045343974636, 'SEARCH'
11, 31941, 129.3549049731442, 129.3549049731442, 'SEARCH'
11, 31942, 129.32818060482302, 129.32818060482302, 'SEARCH'
11, 31943, 129.30360921706514, 129.30360921706514, 'SEARCH'
11, 31944, 129.2813564237672, 129.2813564237672, 'SEARCH'
11, 31945, 129.28294444500816, 129.28294444500816, 'SEARCH'
11, 31946, 129.2619082709758, 129.2619082709758, 'SEARCH'
11, 31947, 129.23426923886143, 129.23426923886143, 'SEARCH'
11, 31948, 129.22373269196802, 129.22373269196802, 'SEARCH'
11, 31949, 129.20754018273104, 129.20754018273104, 'SEARCH'
11, 31950, 129.1825077892524, 129.1825077892524, 'SEARCH'
11, 31951, 129.15813161790138, 129.15813161790138, 'SEARCH'
11, 31952, 129.14408150033424, 129.14408150033424, 'SEARCH'
11, 31953, 129.12797632318015, 129.12797632318015, 'SEARCH'
11, 31954, 129.12197117216635, 129.12197117216635, 'SEARCH'
11, 31955, 129.11499880847472, 129.11499880847472, 'SEARCH'
11, 31956, 129.08913808732765, 129.08913808732765, 'SEARCH'
11, 31957, 129.09234130858684, 129.09234130858684, 'SEARCH'
11, 31958, 129.0670504210277, 129.0670504210277, 'SEARCH'
11, 31959, 129.06540571998647, 129.06540571998647, 'SEARCH'
11, 31960, 129.04014045727504, 129.04014045727504, 'SEARCH'
11, 31961, 129.02324983551486, 129.02324983551486, 'SEARCH'
11, 31962, 129.00091457551918, 129.00091457551918, 'SEARCH'
11, 31963, 128.9735227949981, 128.9735227949981, 'SEARCH'
11, 31964, 128.95368647978069, 128.95368647978069, 'SEARCH'
11, 31965, 128.93168327125542, 128.93168327125542, 'SEARCH'
11, 31966, 128.92609852613788, 128.92609852613788, 'SEARCH'
11, 31967, 128.91420580819147, 128.91420580819147, 'SEARCH'
11, 31968, 128.9014277277218, 128.9014277277218, 'SEARCH'
11, 31969, 128.88820531267527, 128.88820531267527, 'SEARCH'
11, 31970, 128.8701508720304, 128.8701508720304, 'SEARCH'
11, 31971, 128.84242236387877, 128.84242236387877, 'SEARCH'
11, 31972, 128.82264583648146, 128.82264583648146, 'SEARCH'
11, 31973, 128.82050600343493, 128.82050600343493, 'SEARCH'
11, 31974, 128.79277906243428, 128.79277906243428, 'SEARCH'
11, 31975, 128.7821256961493, 128.7821256961493, 'SEARCH'
11, 31976, 128.7579242486073, 128.7579242486073, 'SEARCH'
11, 31977, 128.760655651709, 128.760655651709, 'SEARCH'
11, 31978, 128.74488562862328, 128.74488562862328, 'SEARCH'
11, 31979, 128.72642804700004, 128.72642804700004, 'SEARCH'
11, 31980, 128.72918216445842, 128.72918216445842, 'SEARCH'
11, 31981, 128.73987425677802, 128.73987425677802, 'SEARCH'
11, 31982, 128.71276396690172, 128.71276396690172, 'SEARCH'
11, 31983, 128.686935147148, 128.686935147148, 'SEARCH'
11, 31984, 128.6595453026878, 128.6595453026878, 'SEARCH'
11, 31985, 128.63182216091639, 128.63182216091639, 'SEARCH'
11, 31986, 128.61163720104028, 128.61163720104028, 'SEARCH'
11, 31987, 128.5931754704058, 128.5931754704058, 'SEARCH'
11, 31988, 128.5838108925401, 128.5838108925401, 'SEARCH'
11, 31989, 128.5913531418582, 128.5913531418582, 'SEARCH'
11, 31990, 128.57338742330603, 128.57338742330603, 'SEARCH'
11, 31991, 128.55455903698626, 128.55455903698626, 'SEARCH'
11, 31992, 128.56255139189236, 128.56255139189236, 'SEARCH'
11, 31993, 128.55155008388314, 128.55155008388314, 'SEARCH'
11, 31994, 128.53102808466446, 128.53102808466446, 'SEARCH'
11, 31995, 128.52748631767756, 128.52748631767756, 'SEARCH'
11, 31996, 128.50541145817417, 128.50541145817417, 'SEARCH'
11, 31997, 128.481770184387, 128.481770184387, 'SEARCH'
11, 31998, 128.45626600956285, 128.45626600956285, 'SEARCH'
11, 31999, 128.4339921768739, 128.4339921768739, 'SEARCH'
11, 32000, 128.42884680348135, 128.42884680348135, 'SEARCH'
11, 32001, 128.40198166211252, 128.40198166211252, 'SEARCH'
11, 32002, 128.40904477885553, 128.40904477885553, 'SEARCH'
11, 32003, 128.39460423192875, 128.39460423192875, 'SEARCH'
11, 32004, 128.4039415640881, 128.4039415640881, 'SEARCH'
11, 32005, 128.3951683536036, 128.3951683536036, 'SEARCH'
11, 32006, 128.36795262935894, 128.36795262935894, 'SEARCH'
11, 32007, 128.35911512484014, 128.35911512484014, 'SEARCH'
11, 32008, 128.33472777095315, 128.33472777095315, 'SEARCH'
11, 32009, 128.30751679765527, 128.30751679765527, 'SEARCH'
11, 32010, 128.29174337556145, 128.29174337556145, 'SEARCH'
11, 32011, 128.28073428653482, 128.28073428653482, 'SEARCH'
11, 32012, 128.2552390343148, 128.2552390343148, 'SEARCH'
11, 32013, 128.2412017635921, 128.2412017635921, 'SEARCH'
11, 32014, 128.24914220544912, 128.24914220544912, 'SEARCH'
11, 32015, 128.25231386187733, 128.25231386187733, 'SEARCH'
11, 32016, 128.2270364418687, 128.2270364418687, 'SEARCH'
11, 32017, 128.22006288172057, 128.22006288172057, 'SEARCH'
11, 32018, 128.19344187299723, 128.19344187299723, 'SEARCH'
11, 32019, 128.1789669712617, 128.1789669712617, 'SEARCH'
11, 32020, 128.15605843072646, 128.15605843072646, 'SEARCH'
11, 32021, 128.14962160260757, 128.14962160260757, 'SEARCH'
11, 32022, 128.1257010270594, 128.1257010270594, 'SEARCH'
11, 32023, 128.12161580891143, 128.12161580891143, 'SEARCH'
11, 32024, 128.1308856820269, 128.1308856820269, 'SEARCH'
11, 32025, 128.10485692193257, 128.10485692193257, 'SEARCH'
11, 32026, 128.0903688458656, 128.0903688458656, 'SEARCH'
11, 32027, 128.08963691344587, 128.08963691344587, 'SEARCH'
11, 32028, 128.0619127680876, 128.0619127680876, 'SEARCH'
11, 32029, 128.0350248367575, 128.0350248367575, 'SEARCH'
11, 32030, 128.03912445762674, 128.03912445762674, 'SEARCH'
11, 32031, 128.01210668411343, 128.01210668411343, 'SEARCH'
11, 32032, 127.98726095913021, 127.98726095913021, 'SEARCH'
11, 32033, 127.96613071783526, 127.96613071783526, 'SEARCH'
11, 32034, 127.9716467838546, 127.9716467838546, 'SEARCH'
11, 32035, 127.95964433244752, 127.95964433244752, 'SEARCH'
11, 32036, 127.93285877494476, 127.93285877494476, 'SEARCH'
11, 32037, 127.9055340259017, 127.9055340259017, 'SEARCH'
11, 32038, 127.87789030820485, 127.87789030820485, 'SEARCH'
11, 32039, 127.850782575163, 127.850782575163, 'SEARCH'
11, 32040, 127.85580519177162, 127.85580519177162, 'SEARCH'
11, 32041, 127.83628819362568, 127.83628819362568, 'SEARCH'
11, 32042, 127.81893451173627, 127.81893451173627, 'SEARCH'
11, 32043, 127.82246740061838, 127.82246740061838, 'SEARCH'
11, 32044, 127.80126746875148, 127.80126746875148, 'SEARCH'
11, 32045, 127.7777703045558, 127.7777703045558, 'SEARCH'
11, 32046, 127.7697497974443, 127.7697497974443, 'SEARCH'
11, 32047, 127.74351268666571, 127.74351268666571, 'SEARCH'
11, 32048, 127.73577678116322, 127.73577678116322, 'SEARCH'
11, 32049, 127.71166614974172, 127.71166614974172, 'SEARCH'
11, 32050, 127.69873892236086, 127.69873892236086, 'SEARCH'
11, 32051, 127.67105749859392, 127.67105749859392, 'SEARCH'
11, 32052, 127.64432303360577, 127.64432303360577, 'SEARCH'
11, 32053, 127.65164202911802, 127.65164202911802, 'SEARCH'
11, 32054, 127.6310712696811, 127.6310712696811, 'SEARCH'
11, 32055, 127.60373238984064, 127.60373238984064, 'SEARCH'
11, 32056, 127.58732456569336, 127.58732456569336, 'SEARCH'
11, 32057, 127.58167140511601, 127.58167140511601, 'SEARCH'
11, 32058, 127.5642692502567, 127.5642692502567, 'SEARCH'
11, 32059, 127.53746049696464, 127.53746049696464, 'SEARCH'
11, 32060, 127.52849965885116, 127.52849965885116, 'SEARCH'
11, 32061, 127.50195494198762, 127.50195494198762, 'SEARCH'
11, 32062, 127.48843052095187, 127.48843052095187, 'SEARCH'
11, 32063, 127.46145575253776, 127.46145575253776, 'SEARCH'
11, 32064, 127.44389251650078, 127.44389251650078, 'SEARCH'
11, 32065, 127.41758584504228, 127.41758584504228, 'SEARCH'
11, 32066, 127.40217438755836, 127.40217438755836, 'SEARCH'
11, 32067, 127.38967914184832, 127.38967914184832, 'SEARCH'
11, 32068, 127.38306610082302, 127.38306610082302, 'SEARCH'
11, 32069, 127.3743994459683, 127.3743994459683, 'SEARCH'
11, 32070, 127.34662414220371, 127.34662414220371, 'SEARCH'
11, 32071, 127.34049482671014, 127.34049482671014, 'SEARCH'
11, 32072, 127.34010907977176, 127.34010907977176, 'SEARCH'
11, 32073, 127.35191496406263, 127.35191496406263, 'SEARCH'
11, 32074, 127.32495104400971, 127.32495104400971, 'SEARCH'
11, 32075, 127.31971029767732, 127.31971029767732, 'SEARCH'
11, 32076, 127.3025796328461, 127.3025796328461, 'SEARCH'
11, 32077, 127.2748739128368, 127.2748739128368, 'SEARCH'
11, 32078, 127.24731156375731, 127.24731156375731, 'SEARCH'
11, 32079, 127.23607983215206, 127.23607983215206, 'SEARCH'
11, 32080, 127.2133556615555, 127.2133556615555, 'SEARCH'
11, 32081, 127.18740715402583, 127.18740715402583, 'SEARCH'
11, 32082, 127.18015917117742, 127.18015917117742, 'SEARCH'
11, 32083, 127.18024692491464, 127.18024692491464, 'SEARCH'
11, 32084, 127.15862069237913, 127.15862069237913, 'SEARCH'
11, 32085, 127.14680493645656, 127.14680493645656, 'SEARCH'
11, 32086, 127.1248474645675, 127.1248474645675, 'SEARCH'
11, 32087, 127.12159469690104, 127.12159469690104, 'SEARCH'
11, 32088, 127.12700153360893, 127.12700153360893, 'SEARCH'
11, 32089, 127.13142750745345, 127.13142750745345, 'SEARCH'
11, 32090, 127.14188392396869, 127.14188392396869, 'SEARCH'
11, 32091, 127.12597386563101, 127.12597386563101, 'SEARCH'
11, 32092, 127.11468554701068, 127.11468554701068, 'SEARCH'
11, 32093, 127.09995735827208, 127.09995735827208, 'SEARCH'
11, 32094, 127.07221622076085, 127.07221622076085, 'SEARCH'
11, 32095, 127.05747847489292, 127.05747847489292, 'SEARCH'
11, 32096, 127.06274057971822, 127.06274057971822, 'SEARCH'
11, 32097, 127.04520822336451, 127.04520822336451, 'SEARCH'
11, 32098, 127.0255089928084, 127.0255089928084, 'SEARCH'
11, 32099, 127.00226396765713, 127.00226396765713, 'SEARCH'
11, 32100, 126.99059090052883, 126.99059090052883, 'SEARCH'
11, 32101, 126.96464164199995, 126.96464164199995, 'SEARCH'
11, 32102, 126.93686729921845, 126.93686729921845, 'SEARCH'
11, 32103, 126.9120987981125, 126.9120987981125, 'SEARCH'
11, 32104, 126.88856587639215, 126.88856587639215, 'SEARCH'
11, 32105, 126.88088577603878, 126.88088577603878, 'SEARCH'
11, 32106, 126.85332087763578, 126.85332087763578, 'SEARCH'
11, 32107, 126.82565199098671, 126.82565199098671, 'SEARCH'
11, 32108, 126.80046579629676, 126.80046579629676, 'SEARCH'
11, 32109, 126.77272454149175, 126.77272454149175, 'SEARCH'
11, 32110, 126.74509652129713, 126.74509652129713, 'SEARCH'
11, 32111, 126.72079285567045, 126.72079285567045, 'SEARCH'
11, 32112, 126.69540698510524, 126.69540698510524, 'SEARCH'
11, 32113, 126.69731771581779, 126.69731771581779, 'SEARCH'
11, 32114, 126.69726375519915, 126.69726375519915, 'SEARCH'
11, 32115, 126.68415193063171, 126.68415193063171, 'SEARCH'
11, 32116, 126.68259831053179, 126.68259831053179, 'SEARCH'
11, 32117, 126.69243523091433, 126.69243523091433, 'SEARCH'
11, 32118, 126.68446084057094, 126.68446084057094, 'SEARCH'
11, 32119, 126.68578883010753, 126.68578883010753, 'SEARCH'
11, 32120, 126.69694729234413, 126.69694729234413, 'SEARCH'
11, 32121, 126.66919873096707, 126.66919873096707, 'SEARCH'
11, 32122, 126.6560048296404, 126.6560048296404, 'SEARCH'
11, 32123, 126.64313486646904, 126.64313486646904, 'SEARCH'
11, 32124, 126.61824157138899, 126.61824157138899, 'SEARCH'
11, 32125, 126.59333987948602, 126.59333987948602, 'SEARCH'
11, 32126, 126.57672527337112, 126.57672527337112, 'SEARCH'
11, 32127, 126.54895013373152, 126.54895013373152, 'SEARCH'
11, 32128, 126.54691838895074, 126.54691838895074, 'SEARCH'
11, 32129, 126.5284209942835, 126.5284209942835, 'SEARCH'
11, 32130, 126.50078561195186, 126.50078561195186, 'SEARCH'
11, 32131, 126.47336400569986, 126.47336400569986, 'SEARCH'
11, 32132, 126.45366742130366, 126.45366742130366, 'SEARCH'
11, 32133, 126.43032178793841, 126.43032178793841, 'SEARCH'
11, 32134, 126.40273925214564, 126.40273925214564, 'SEARCH'
11, 32135, 126.39424438197598, 126.39424438197598, 'SEARCH'
11, 32136, 126.37065285211109, 126.37065285211109, 'SEARCH'
11, 32137, 126.36575767651179, 126.36575767651179, 'SEARCH'
11, 32138, 126.34127737333701, 126.34127737333701, 'SEARCH'
11, 32139, 126.34792183802777, 126.34792183802777, 'SEARCH'
11, 32140, 126.34036707326804, 126.34036707326804, 'SEARCH'
11, 32141, 126.32641082652222, 126.32641082652222, 'SEARCH'
11, 32142, 126.31120072513282, 126.31120072513282, 'SEARCH'
11, 32143, 126.28356333028965, 126.28356333028965, 'SEARCH'
11, 32144, 126.26453887671376, 126.26453887671376, 'SEARCH'
11, 32145, 126.24042098966373, 126.24042098966373, 'SEARCH'
11, 32146, 126.21705400267474, 126.21705400267474, 'SEARCH'
11, 32147, 126.19856970014592, 126.19856970014592, 'SEARCH'
11, 32148, 126.1815566065809, 126.1815566065809, 'SEARCH'
11, 32149, 126.17152175762472, 126.17152175762472, 'SEARCH'
11, 32150, 126.15128031172742, 126.15128031172742, 'SEARCH'
11, 32151, 126.14079699199982, 126.14079699199982, 'SEARCH'
11, 32152, 126.11327503596722, 126.11327503596722, 'SEARCH'
11, 32153, 126.10645677421225, 126.10645677421225, 'SEARCH'
11, 32154, 126.11258304573894, 126.11258304573894, 'SEARCH'
11, 32155, 126.08555221334056, 126.08555221334056, 'SEARCH'
11, 32156, 126.06357735992792, 126.06357735992792, 'SEARCH'
11, 32157, 126.03759127959131, 126.03759127959131, 'SEARCH'
11, 32158, 126.04694911253196, 126.04694911253196, 'SEARCH'
11, 32159, 126.0337495077546, 126.0337495077546, 'SEARCH'
11, 32160, 126.03885313153933, 126.03885313153933, 'SEARCH'
11, 32161, 126.0342822709231, 126.0342822709231, 'SEARCH'
11, 32162, 126.0148043268443, 126.0148043268443, 'SEARCH'
11, 32163, 125.98862831370364, 125.98862831370364, 'SEARCH'
11, 32164, 125.98451397638986, 125.98451397638986, 'SEARCH'
11, 32165, 125.95902637648027, 125.95902637648027, 'SEARCH'
11, 32166, 125.93459672669138, 125.93459672669138, 'SEARCH'
11, 32167, 125.92224159006255, 125.92224159006255, 'SEARCH'
11, 32168, 125.9253704983818, 125.9253704983818, 'SEARCH'
11, 32169, 125.89798094633203, 125.89798094633203, 'SEARCH'
11, 32170, 125.8733562319722, 125.8733562319722, 'SEARCH'
11, 32171, 125.85286857243995, 125.85286857243995, 'SEARCH'
11, 32172, 125.82556031953779, 125.82556031953779, 'SEARCH'
11, 32173, 125.81231556928141, 125.81231556928141, 'SEARCH'
11, 32174, 125.82251201120997, 125.82251201120997, 'SEARCH'
11, 32175, 125.7998910121076, 125.7998910121076, 'SEARCH'
11, 32176, 125.77526145352425, 125.77526145352425, 'SEARCH'
11, 32177, 125.76116394466668, 125.76116394466668, 'SEARCH'
11, 32178, 125.73356779068318, 125.73356779068318, 'SEARCH'
11, 32179, 125.71902671432306, 125.71902671432306, 'SEARCH'
11, 32180, 125.70066536614459, 125.70066536614459, 'SEARCH'
11, 32181, 125.68151217647996, 125.68151217647996, 'SEARCH'
11, 32182, 125.67081733845484, 125.67081733845484, 'SEARCH'
11, 32183, 125.64570317253448, 125.64570317253448, 'SEARCH'
11, 32184, 125.61794693542048, 125.61794693542048, 'SEARCH'
11, 32185, 125.59223512623075, 125.59223512623075, 'SEARCH'
11, 32186, 125.57252492199453, 125.57252492199453, 'SEARCH'
11, 32187, 125.56358581114762, 125.56358581114762, 'SEARCH'
11, 32188, 125.55773077363898, 125.55773077363898, 'SEARCH'
11, 32189, 125.54722608866747, 125.54722608866747, 'SEARCH'
11, 32190, 125.5434882309494, 125.5434882309494, 'SEARCH'
11, 32191, 125.51572404221656, 125.51572404221656, 'SEARCH'
11, 32192, 125.48816483200996, 125.48816483200996, 'SEARCH'
11, 32193, 125.48294454561187, 125.48294454561187, 'SEARCH'
11, 32194, 125.4555170396223, 125.4555170396223, 'SEARCH'
11, 32195, 125.430785002699, 125.430785002699, 'SEARCH'
11, 32196, 125.41048309649615, 125.41048309649615, 'SEARCH'
11, 32197, 125.38365322093021, 125.38365322093021, 'SEARCH'
11, 32198, 125.36811476970519, 125.36811476970519, 'SEARCH'
11, 32199, 125.3513703712032, 125.3513703712032, 'SEARCH'
11, 32200, 125.32497121945678, 125.32497121945678, 'SEARCH'
11, 32201, 125.30225206304367, 125.30225206304367, 'SEARCH'
11, 32202, 125.27822186156857, 125.27822186156857, 'SEARCH'
11, 32203, 125.25210377144114, 125.25210377144114, 'SEARCH'
11, 32204, 125.23207836691591, 125.23207836691591, 'SEARCH'
11, 32205, 125.22764548049945, 125.22764548049945, 'SEARCH'
11, 32206, 125.20134304856755, 125.20134304856755, 'SEARCH'
11, 32207, 125.2053423200899, 125.2053423200899, 'SEARCH'
11, 32208, 125.18892945385949, 125.18892945385949, 'SEARCH'
11, 32209, 125.17534592694616, 125.17534592694616, 'SEARCH'
11, 32210, 125.15558978269635, 125.15558978269635, 'SEARCH'
11, 32211, 125.1319338335212, 125.1319338335212, 'SEARCH'
11, 32212, 125.1093007424009, 125.1093007424009, 'SEARCH'
11, 32213, 125.08219040222433, 125.08219040222433, 'SEARCH'
11, 32214, 125.05802703275099, 125.05802703275099, 'SEARCH'
11, 32215, 125.064506512685, 125.064506512685, 'SEARCH'
11, 32216, 125.04433345163578, 125.04433345163578, 'SEARCH'
11, 32217, 125.01712281995233, 125.01712281995233, 'SEARCH'
11, 32218, 124.99874157107185, 124.99874157107185, 'SEARCH'
11, 32219, 124.97152269431015, 124.97152269431015, 'SEARCH'
11, 32220, 124.95103736461843, 124.95103736461843, 'SEARCH'
11, 32221, 124.9308650092756, 124.9308650092756, 'SEARCH'
11, 32222, 124.91548398603031, 124.91548398603031, 'SEARCH'
11, 32223, 124.89701228644137, 124.89701228644137, 'SEARCH'
11, 32224, 124.87418503174116, 124.87418503174116, 'SEARCH'
11, 32225, 124.86256938362536, 124.86256938362536, 'SEARCH'
11, 32226, 124.84442645074087, 124.84442645074087, 'SEARCH'
11, 32227, 124.83131513487663, 124.83131513487663, 'SEARCH'
11, 32228, 124.84207629572624, 124.84207629572624, 'SEARCH'
11, 32229, 124.81705313896859, 124.81705313896859, 'SEARCH'
11, 32230, 124.82364310840268, 124.82364310840268, 'SEARCH'
11, 32231, 124.80225934941201, 124.80225934941201, 'SEARCH'
11, 32232, 124.78647003935538, 124.78647003935538, 'SEARCH'
11, 32233, 124.7962880060734, 124.7962880060734, 'SEARCH'
11, 32234, 124.76869639676258, 124.76869639676258, 'SEARCH'
11, 32235, 124.76087631581636, 124.76087631581636, 'SEARCH'
11, 32236, 124.73312709128639, 124.73312709128639, 'SEARCH'
11, 32237, 124.72034977383332, 124.72034977383332, 'SEARCH'
11, 32238, 124.71430416899503, 124.71430416899503, 'SEARCH'
11, 32239, 124.68969452685187, 124.68969452685187, 'SEARCH'
11, 32240, 124.68047744673741, 124.68047744673741, 'SEARCH'
11, 32241, 124.65933242637816, 124.65933242637816, 'SEARCH'
11, 32242, 124.63155524641735, 124.63155524641735, 'SEARCH'
11, 32243, 124.60790712726738, 124.60790712726738, 'SEARCH'
11, 32244, 124.58208504129706, 124.58208504129706, 'SEARCH'
11, 32245, 124.56974444826423, 124.56974444826423, 'SEARCH'
11, 32246, 124.55998037759566, 124.55998037759566, 'SEARCH'
11, 32247, 124.53259493373588, 124.53259493373588, 'SEARCH'
11, 32248, 124.50643477423881, 124.50643477423881, 'SEARCH'
11, 32249, 124.51801911001944, 124.51801911001944, 'SEARCH'
11, 32250, 124.50114223897984, 124.50114223897984, 'SEARCH'
11, 32251, 124.49189298252965, 124.49189298252965, 'SEARCH'
11, 32252, 124.46555047933063, 124.46555047933063, 'SEARCH'
11, 32253, 124.4536083050308, 124.4536083050308, 'SEARCH'
11, 32254, 124.44712737570106, 124.44712737570106, 'SEARCH'
11, 32255, 124.43342610192208, 124.43342610192208, 'SEARCH'
11, 32256, 124.42055037760846, 124.42055037760846, 'SEARCH'
11, 32257, 124.393805797395, 124.393805797395, 'SEARCH'
11, 32258, 124.37059473169508, 124.37059473169508, 'SEARCH'
11, 32259, 124.350189164859, 124.350189164859, 'SEARCH'
11, 32260, 124.3224422289862, 124.3224422289862, 'SEARCH'
11, 32261, 124.29564687604616, 124.29564687604616, 'SEARCH'
11, 32262, 124.29987268641757, 124.29987268641757, 'SEARCH'
11, 32263, 124.28696525640443, 124.28696525640443, 'SEARCH'
11, 32264, 124.26624149444831, 124.26624149444831, 'SEARCH'
11, 32265, 124.23878514900468, 124.23878514900468, 'SEARCH'
11, 32266, 124.21263883909188, 124.21263883909188, 'SEARCH'
11, 32267, 124.18701883862114, 124.18701883862114, 'SEARCH'
11, 32268, 124.16022213956462, 124.16022213956462, 'SEARCH'
11, 32269, 124.15647096701905, 124.15647096701905, 'SEARCH'
11, 32270, 124.13295970488788, 124.13295970488788, 'SEARCH'
11, 32271, 124.13095959951971, 124.13095959951971, 'SEARCH'
11, 32272, 124.11354914275488, 124.11354914275488, 'SEARCH'
11, 32273, 124.08610366677316, 124.08610366677316, 'SEARCH'
11, 32274, 124.0620762611357, 124.0620762611357, 'SEARCH'
11, 32275, 124.0715439857388, 124.0715439857388, 'SEARCH'
11, 32276, 124.04380092932183, 124.04380092932183, 'SEARCH'
11, 32277, 124.05636049887028, 124.05636049887028, 'SEARCH'
11, 32278, 124.02991529929268, 124.02991529929268, 'SEARCH'
11, 32279, 124.03795284623986, 124.03795284623986, 'SEARCH'
11, 32280, 124.01115242057884, 124.01115242057884, 'SEARCH'
11, 32281, 124.00155647015504, 124.00155647015504, 'SEARCH'
11, 32282, 123.97732267182387, 123.97732267182387, 'SEARCH'
11, 32283, 123.97117472551359, 123.97117472551359, 'SEARCH'
11, 32284, 123.9473271221419, 123.9473271221419, 'SEARCH'
11, 32285, 123.9419486824178, 123.9419486824178, 'SEARCH'
11, 32286, 123.9225761369732, 123.9225761369732, 'SEARCH'
11, 32287, 123.92197043310163, 123.92197043310163, 'SEARCH'
11, 32288, 123.90059531734182, 123.90059531734182, 'SEARCH'
11, 32289, 123.87286453008652, 123.87286453008652, 'SEARCH'
11, 32290, 123.84514432715709, 123.84514432715709, 'SEARCH'
11, 32291, 123.8184823899979, 123.8184823899979, 'SEARCH'
11, 32292, 123.8100182871281, 123.8100182871281, 'SEARCH'
11, 32293, 123.78531134123203, 123.78531134123203, 'SEARCH'
11, 32294, 123.79785702902592, 123.79785702902592, 'SEARCH'
11, 32295, 123.78429960051646, 123.78429960051646, 'SEARCH'
11, 32296, 123.75655364697654, 123.75655364697654, 'SEARCH'
11, 32297, 123.76221482831589, 123.76221482831589, 'SEARCH'
11, 32298, 123.73475636784426, 123.73475636784426, 'SEARCH'
11, 32299, 123.72912056622229, 123.72912056622229, 'SEARCH'
11, 32300, 123.70822990630546, 123.70822990630546, 'SEARCH'
11, 32301, 123.70112282723666, 123.70112282723666, 'SEARCH'
11, 32302, 123.6770937465044, 123.6770937465044, 'SEARCH'
11, 32303, 123.65812652087729, 123.65812652087729, 'SEARCH'
11, 32304, 123.63086796647814, 123.63086796647814, 'SEARCH'
11, 32305, 123.60475473458817, 123.60475473458817, 'SEARCH'
11, 32306, 123.59431905611666, 123.59431905611666, 'SEARCH'
11, 32307, 123.59039755083968, 123.59039755083968, 'SEARCH'
11, 32308, 123.58097608806442, 123.58097608806442, 'SEARCH'
11, 32309, 123.57620473754088, 123.57620473754088, 'SEARCH'
11, 32310, 123.55460340133698, 123.55460340133698, 'SEARCH'
11, 32311, 123.53709637851404, 123.53709637851404, 'SEARCH'
11, 32312, 123.52401107993676, 123.52401107993676, 'SEARCH'
11, 32313, 123.5258769053604, 123.5258769053604, 'SEARCH'
11, 32314, 123.52722848676181, 123.52722848676181, 'SEARCH'
11, 32315, 123.50241843341018, 123.50241843341018, 'SEARCH'
11, 32316, 123.51490670907306, 123.51490670907306, 'SEARCH'
11, 32317, 123.49923435158696, 123.49923435158696, 'SEARCH'
11, 32318, 123.4753281000031, 123.4753281000031, 'SEARCH'
11, 32319, 123.45963402249163, 123.45963402249163, 'SEARCH'
11, 32320, 123.45223821043638, 123.45223821043638, 'SEARCH'
11, 32321, 123.42806274361962, 123.42806274361962, 'SEARCH'
11, 32322, 123.41232566274292, 123.41232566274292, 'SEARCH'
11, 32323, 123.40212303161212, 123.40212303161212, 'SEARCH'
11, 32324, 123.37534269304598, 123.37534269304598, 'SEARCH'
11, 32325, 123.34930758269059, 123.34930758269059, 'SEARCH'
11, 32326, 123.3256486136925, 123.3256486136925, 'SEARCH'
11, 32327, 123.30451007642506, 123.30451007642506, 'SEARCH'
11, 32328, 123.29619264497418, 123.29619264497418, 'SEARCH'
11, 32329, 123.2694266380621, 123.2694266380621, 'SEARCH'
11, 32330, 123.25451142491451, 123.25451142491451, 'SEARCH'
11, 32331, 123.22750319413278, 123.22750319413278, 'SEARCH'
11, 32332, 123.22484833999933, 123.22484833999933, 'SEARCH'
11, 32333, 123.21287019602005, 123.21287019602005, 'SEARCH'
11, 32334, 123.18518159951189, 123.18518159951189, 'SEARCH'
11, 32335, 123.15757867470379, 123.15757867470379, 'SEARCH'
11, 32336, 123.13497995642838, 123.13497995642838, 'SEARCH'
11, 32337, 123.10834648527202, 123.10834648527202, 'SEARCH'
11, 32338, 123.09860318054916, 123.09860318054916, 'SEARCH'
11, 32339, 123.10837625630273, 123.10837625630273, 'SEARCH'
11, 32340, 123.1032980716819, 123.1032980716819, 'SEARCH'
11, 32341, 123.10600818806213, 123.10600818806213, 'SEARCH'
11, 32342, 123.08182336650064, 123.08182336650064, 'SEARCH'
11, 32343, 123.062673324842, 123.062673324842, 'SEARCH'
11, 32344, 123.0561218761832, 123.0561218761832, 'SEARCH'
11, 32345, 123.04558477281655, 123.04558477281655, 'SEARCH'
11, 32346, 123.03902616909163, 123.03902616909163, 'SEARCH'
11, 32347, 123.02804889757299, 123.02804889757299, 'SEARCH'
11, 32348, 123.04008318236285, 123.04008318236285, 'SEARCH'
11, 32349, 123.02391002941863, 123.02391002941863, 'SEARCH'
11, 32350, 123.00974061029142, 123.00974061029142, 'SEARCH'
11, 32351, 122.99053730014995, 122.99053730014995, 'SEARCH'
11, 32352, 122.96800601041416, 122.96800601041416, 'SEARCH'
11, 32353, 122.97694566107266, 122.97694566107266, 'SEARCH'
11, 32354, 122.9839980100557, 122.9839980100557, 'SEARCH'
11, 32355, 122.96714248587865, 122.96714248587865, 'SEARCH'
11, 32356, 122.95874160517958, 122.95874160517958, 'SEARCH'
11, 32357, 122.93096572526642, 122.93096572526642, 'SEARCH'
11, 32358, 122.92177978272566, 122.92177978272566, 'SEARCH'
11, 32359, 122.90443606098411, 122.90443606098411, 'SEARCH'
11, 32360, 122.88524556456775, 122.88524556456775, 'SEARCH'
11, 32361, 122.89509042033629, 122.89509042033629, 'SEARCH'
11, 32362, 122.86737027476971, 122.86737027476971, 'SEARCH'
11, 32363, 122.84246626591433, 122.84246626591433, 'SEARCH'
11, 32364, 122.82080389513283, 122.82080389513283, 'SEARCH'
11, 32365, 122.79784858835188, 122.79784858835188, 'SEARCH'
11, 32366, 122.77223792820928, 122.77223792820928, 'SEARCH'
11, 32367, 122.74644240113723, 122.74644240113723, 'SEARCH'
11, 32368, 122.74391117171518, 122.74391117171518, 'SEARCH'
11, 32369, 122.72594861635889, 122.72594861635889, 'SEARCH'
11, 32370, 122.7329857196104, 122.7329857196104, 'SEARCH'
11, 32371, 122.72186120275659, 122.72186120275659, 'SEARCH'
11, 32372, 122.69696423361245, 122.69696423361245, 'SEARCH'
11, 32373, 122.6807464398577, 122.6807464398577, 'SEARCH'
11, 32374, 122.69150391084125, 122.69150391084125, 'SEARCH'
11, 32375, 122.67176565944887, 122.67176565944887, 'SEARCH'
11, 32376, 122.64497396537674, 122.64497396537674, 'SEARCH'
11, 32377, 122.61748544577324, 122.61748544577324, 'SEARCH'
11, 32378, 122.59044673400307, 122.59044673400307, 'SEARCH'
11, 32379, 122.56406041754872, 122.56406041754872, 'SEARCH'
11, 32380, 122.55725930142356, 122.55725930142356, 'SEARCH'
11, 32381, 122.529970880016, 122.529970880016, 'SEARCH'
11, 32382, 122.5164102640272, 122.5164102640272, 'SEARCH'
11, 32383, 122.51531143599398, 122.51531143599398, 'SEARCH'
11, 32384, 122.5032786226678, 122.5032786226678, 'SEARCH'
11, 32385, 122.47635717394003, 122.47635717394003, 'SEARCH'
11, 32386, 122.46033409948767, 122.46033409948767, 'SEARCH'
11, 32387, 122.43977853464136, 122.43977853464136, 'SEARCH'
11, 32388, 122.4155330812621, 122.4155330812621, 'SEARCH'
11, 32389, 122.39399478966048, 122.39399478966048, 'SEARCH'
11, 32390, 122.36972426292397, 122.36972426292397, 'SEARCH'
11, 32391, 122.34210142479415, 122.34210142479415, 'SEARCH'
11, 32392, 122.31503266378519, 122.31503266378519, 'SEARCH'
11, 32393, 122.32174286414858, 122.32174286414858, 'SEARCH'
11, 32394, 122.29403578190077, 122.29403578190077, 'SEARCH'
11, 32395, 122.29642625959016, 122.29642625959016, 'SEARCH'
11, 32396, 122.2997492550314, 122.2997492550314, 'SEARCH'
11, 32397, 122.27402990962172, 122.27402990962172, 'SEARCH'
11, 32398, 122.24953835257303, 122.24953835257303, 'SEARCH'
11, 32399, 122.232476173635, 122.232476173635, 'SEARCH'
11, 32400, 122.20541464224301, 122.20541464224301, 'SEARCH'
11, 32401, 122.18577425957562, 122.18577425957562, 'SEARCH'
11, 32402, 122.1735726799844, 122.1735726799844, 'SEARCH'
11, 32403, 122.14580024738623, 122.14580024738623, 'SEARCH'
11, 32404, 122.12045245931688, 122.12045245931688, 'SEARCH'
11, 32405, 122.101816246696, 122.101816246696, 'SEARCH'
11, 32406, 122.10815901543964, 122.10815901543964, 'SEARCH'
11, 32407, 122.08207826391055, 122.08207826391055, 'SEARCH'
11, 32408, 122.05579359622007, 122.05579359622007, 'SEARCH'
11, 32409, 122.04100376311061, 122.04100376311061, 'SEARCH'
11, 32410, 122.02286662761666, 122.02286662761666, 'SEARCH'
11, 32411, 121.99518621995773, 121.99518621995773, 'SEARCH'
11, 32412, 121.99675041822188, 121.99675041822188, 'SEARCH'
11, 32413, 121.97490957955036, 121.97490957955036, 'SEARCH'
11, 32414, 121.94785888976644, 121.94785888976644, 'SEARCH'
11, 32415, 121.94013513891993, 121.94013513891993, 'SEARCH'
11, 32416, 121.91602740622511, 121.91602740622511, 'SEARCH'
11, 32417, 121.910126821369, 121.910126821369, 'SEARCH'
11, 32418, 121.88234951230346, 121.88234951230346, 'SEARCH'
11, 32419, 121.86989189989363, 121.86989189989363, 'SEARCH'
11, 32420, 121.85463910923727, 121.85463910923727, 'SEARCH'
11, 32421, 121.82715734812174, 121.82715734812174, 'SEARCH'
11, 32422, 121.79951289604607, 121.79951289604607, 'SEARCH'
11, 32423, 121.77365240579434, 121.77365240579434, 'SEARCH'
11, 32424, 121.7512967310789, 121.7512967310789, 'SEARCH'
11, 32425, 121.72547189427932, 121.72547189427932, 'TRACK'
11, 32426, 121.7017702006674, 121.7017702006674, 'SEARCH'
11, 32427, 121.67465968892745, 121.67465968892745, 'TRACK'
11, 32428, 121.64776089142808, 121.64776089142808, 'TRACK'
11, 32429, 121.62249285281408, 121.62249285281408, 'SEARCH'
11, 32430, 121.6109715894199, 121.6109715894199, 'TRACK'
11, 32431, 121.60642231009656, 121.60642231009656, 'SEARCH'
11, 32432, 121.61925395061253, 121.61925395061253, 'SEARCH'
11, 32433, 121.60864924523408, 121.60864924523408, 'SEARCH'
11, 32434, 121.59581730564034, 121.59581730564034, 'SEARCH'
11, 32435, 121.57162120878463, 121.57162120878463, 'SEARCH'
11, 32436, 121.5535316539488, 121.5535316539488, 'SEARCH'
11, 32437, 121.54061989042121, 121.54061989042121, 'SEARCH'
11, 32438, 121.51309700900181, 121.51309700900181, 'SEARCH'
11, 32439, 121.51153734033716, 121.51153734033716, 'SEARCH'
11, 32440, 121.50994622356666, 121.50994622356666, 'SEARCH'
11, 32441, 121.48329160337634, 121.48329160337634, 'SEARCH'
11, 32442, 121.45570305150873, 121.45570305150873, 'SEARCH'
11, 32443, 121.42792738336502, 121.42792738336502, 'SEARCH'
11, 32444, 121.40280820492568, 121.40280820492568, 'SEARCH'
11, 32445, 121.39097082213385, 121.39097082213385, 'SEARCH'
11, 32446, 121.36709250027668, 121.36709250027668, 'SEARCH'
11, 32447, 121.34240614604943, 121.34240614604943, 'SEARCH'
11, 32448, 121.3290401500035, 121.3290401500035, 'SEARCH'
11, 32449, 121.32099674090698, 121.32099674090698, 'SEARCH'
11, 32450, 121.30032218347758, 121.30032218347758, 'SEARCH'
11, 32451, 121.28809065113022, 121.28809065113022, 'SEARCH'
11, 32452, 121.26136563585683, 121.26136563585683, 'SEARCH'
11, 32453, 121.23464111086598, 121.23464111086598, 'SEARCH'
11, 32454, 121.20686345233405, 121.20686345233405, 'SEARCH'
11, 32455, 121.18717203339573, 121.18717203339573, 'SEARCH'
11, 32456, 121.16224304000278, 121.16224304000278, 'SEARCH'
11, 32457, 121.17304059970061, 121.17304059970061, 'SEARCH'
11, 32458, 121.1454816511076, 121.1454816511076, 'SEARCH'
11, 32459, 121.1315233892885, 121.1315233892885, 'SEARCH'
11, 32460, 121.10791215657166, 121.10791215657166, 'SEARCH'
11, 32461, 121.09434856462826, 121.09434856462826, 'SEARCH'
11, 32462, 121.06668847369104, 121.06668847369104, 'SEARCH'
11, 32463, 121.06511516425502, 121.06511516425502, 'SEARCH'
11, 32464, 121.06544808719724, 121.06544808719724, 'SEARCH'
11, 32465, 121.04468191415017, 121.04468191415017, 'SEARCH'
11, 32466, 121.03862681917873, 121.03862681917873, 'SEARCH'
11, 32467, 121.01634423829533, 121.01634423829533, 'SEARCH'
11, 32468, 120.98859002658853, 120.98859002658853, 'SEARCH'
11, 32469, 120.9631482298037, 120.9631482298037, 'SEARCH'
11, 32470, 120.94373365281119, 120.94373365281119, 'SEARCH'
11, 32471, 120.91935139079227, 120.91935139079227, 'SEARCH'
11, 32472, 120.89446749449264, 120.89446749449264, 'SEARCH'
11, 32473, 120.87361024504459, 120.87361024504459, 'SEARCH'
11, 32474, 120.86961356756694, 120.86961356756694, 'SEARCH'
11, 32475, 120.84379773327265, 120.84379773327265, 'SEARCH'
11, 32476, 120.82533381806877, 120.82533381806877, 'SEARCH'
11, 32477, 120.80872301028423, 120.80872301028423, 'SEARCH'
11, 32478, 120.78293081452716, 120.78293081452716, 'SEARCH'
11, 32479, 120.75639658361379, 120.75639658361379, 'SEARCH'
11, 32480, 120.74093033871581, 120.74093033871581, 'SEARCH'
11, 32481, 120.72617085196694, 120.72617085196694, 'SEARCH'
11, 32482, 120.69859182770034, 120.69859182770034, 'SEARCH'
11, 32483, 120.67890657068618, 120.67890657068618, 'SEARCH'
11, 32484, 120.66303696899543, 120.66303696899543, 'SEARCH'
11, 32485, 120.64835344793362, 120.64835344793362, 'SEARCH'
11, 32486, 120.62099619547094, 120.62099619547094, 'SEARCH'
11, 32487, 120.5962446503744, 120.5962446503744, 'SEARCH'
11, 32488, 120.56897571568987, 120.56897571568987, 'SEARCH'
11, 32489, 120.55038652636581, 120.55038652636581, 'SEARCH'
11, 32490, 120.54321663555103, 120.54321663555103, 'SEARCH'
11, 32491, 120.51868317813822, 120.51868317813822, 'SEARCH'
11, 32492, 120.50079642731825, 120.50079642731825, 'SEARCH'
11, 32493, 120.47309160337541, 120.47309160337541, 'SEARCH'
11, 32494, 120.48446616803515, 120.48446616803515, 'SEARCH'
11, 32495, 120.4692969509651, 120.4692969509651, 'SEARCH'
11, 32496, 120.45290275556069, 120.45290275556069, 'SEARCH'
11, 32497, 120.42692835391969, 120.42692835391969, 'SEARCH'
11, 32498, 120.3996879275365, 120.3996879275365, 'SEARCH'
11, 32499, 120.39329843866327, 120.39329843866327, 'SEARCH'
11, 32500, 120.3658914081854, 120.3658914081854, 'SEARCH'
11, 32501, 120.3584141129079, 120.3584141129079, 'SEARCH'
11, 32502, 120.33086296636195, 120.33086296636195, 'SEARCH'
11, 32503, 120.31600374723479, 120.31600374723479, 'SEARCH'
11, 32504, 120.28924776067241, 120.28924776067241, 'SEARCH'
11, 32505, 120.26213329335789, 120.26213329335789, 'SEARCH'
11, 32506, 120.23473703557632, 120.23473703557632, 'SEARCH'
11, 32507, 120.24447813498662, 120.24447813498662, 'SEARCH'
11, 32508, 120.21670931060343, 120.21670931060343, 'SEARCH'
11, 32509, 120.19303051097525, 120.19303051097525, 'SEARCH'
11, 32510, 120.16613322517478, 120.16613322517478, 'SEARCH'
11, 32511, 120.14925282204256, 120.14925282204256, 'SEARCH'
11, 32512, 120.12155929226532, 120.12155929226532, 'SEARCH'
11, 32513, 120.10246183054569, 120.10246183054569, 'SEARCH'
11, 32514, 120.07902572192174, 120.07902572192174, 'SEARCH'
11, 32515, 120.05143157474895, 120.05143157474895, 'SEARCH'
11, 32516, 120.04349180373886, 120.04349180373886, 'SEARCH'
11, 32517, 120.01786261032657, 120.01786261032657, 'SEARCH'
11, 32518, 120.01082347783328, 120.01082347783328, 'SEARCH'
11, 32519, 119.99897605060644, 119.99897605060644, 'SEARCH'
11, 32520, 120.01188871951061, 120.01188871951061, 'SEARCH'
11, 32521, 120.01843303877199, 120.01843303877199, 'SEARCH'
11, 32522, 120.00562914943404, 120.00562914943404, 'SEARCH'
11, 32523, 119.98419546452149, 119.98419546452149, 'SEARCH'
11, 32524, 119.96689405693854, 119.96689405693854, 'SEARCH'
11, 32525, 119.93916620065504, 119.93916620065504, 'SEARCH'
11, 32526, 119.93125657699447, 119.93125657699447, 'SEARCH'
11, 32527, 119.90347946056549, 119.90347946056549, 'SEARCH'
11, 32528, 119.89148579039238, 119.89148579039238, 'SEARCH'
11, 32529, 119.87914934186492, 119.87914934186492, 'SEARCH'
11, 32530, 119.85901959321136, 119.85901959321136, 'SEARCH'
11, 32531, 119.86456176714064, 119.86456176714064, 'SEARCH'
11, 32532, 119.83807927351818, 119.83807927351818, 'SEARCH'
11, 32533, 119.82745836640214, 119.82745836640214, 'SEARCH'
11, 32534, 119.8083567652654, 119.8083567652654, 'SEARCH'
11, 32535, 119.8203244396026, 119.8203244396026, 'SEARCH'
11, 32536, 119.80542180697515, 119.80542180697515, 'SEARCH'
11, 32537, 119.7975413895147, 119.7975413895147, 'SEARCH'
11, 32538, 119.77312005126255, 119.77312005126255, 'SEARCH'
11, 32539, 119.7603169528224, 119.7603169528224, 'SEARCH'
11, 32540, 119.77050706748989, 119.77050706748989, 'SEARCH'
11, 32541, 119.75285871608885, 119.75285871608885, 'SEARCH'
11, 32542, 119.7379405225997, 119.7379405225997, 'SEARCH'
11, 32543, 119.71478510819537, 119.71478510819537, 'SEARCH'
11, 32544, 119.68843808441721, 119.68843808441721, 'SEARCH'
11, 32545, 119.69258104262377, 119.69258104262377, 'SEARCH'
11, 32546, 119.69330948128608, 119.69330948128608, 'SEARCH'
11, 32547, 119.66576494974119, 119.66576494974119, 'SEARCH'
11, 32548, 119.6434200494136, 119.6434200494136, 'SEARCH'
11, 32549, 119.64023877805226, 119.64023877805226, 'SEARCH'
11, 32550, 119.62967365927601, 119.62967365927601, 'SEARCH'
11, 32551, 119.60219609775476, 119.60219609775476, 'SEARCH'
11, 32552, 119.57480361069946, 119.57480361069946, 'SEARCH'
11, 32553, 119.54768250861729, 119.54768250861729, 'SEARCH'
11, 32554, 119.52014189847783, 119.52014189847783, 'SEARCH'
11, 32555, 119.49999543628157, 119.49999543628157, 'SEARCH'
11, 32556, 119.47221862181279, 119.47221862181279, 'SEARCH'
11, 32557, 119.48461398312743, 119.48461398312743, 'SEARCH'
11, 32558, 119.46654641862685, 119.46654641862685, 'SEARCH'
11, 32559, 119.44424962391511, 119.44424962391511, 'SEARCH'
11, 32560, 119.41937979270521, 119.41937979270521, 'SEARCH'
11, 32561, 119.39921109253424, 119.39921109253424, 'SEARCH'
11, 32562, 119.37258959098759, 119.37258959098759, 'SEARCH'
11, 32563, 119.35935399140374, 119.35935399140374, 'SEARCH'
11, 32564, 119.33790999152035, 119.33790999152035, 'SEARCH'
11, 32565, 119.31126253919155, 119.31126253919155, 'SEARCH'
11, 32566, 119.28947989179427, 119.28947989179427, 'SEARCH'
11, 32567, 119.27078880783792, 119.27078880783792, 'SEARCH'
11, 32568, 119.25356276867431, 119.25356276867431, 'SEARCH'
11, 32569, 119.26644609544145, 119.26644609544145, 'SEARCH'
11, 32570, 119.23967140638372, 119.23967140638372, 'SEARCH'
11, 32571, 119.22310953194848, 119.22310953194848, 'SEARCH'
11, 32572, 119.2073062819214, 119.2073062819214, 'SEARCH'
11, 32573, 119.21248753822992, 119.21248753822992, 'SEARCH'
11, 32574, 119.18704721257065, 119.18704721257065, 'SEARCH'
11, 32575, 119.1741488531064, 119.1741488531064, 'SEARCH'
11, 32576, 119.17885058904773, 119.17885058904773, 'SEARCH'
11, 32577, 119.15269340149617, 119.15269340149617, 'SEARCH'
11, 32578, 119.13936747616947, 119.13936747616947, 'SEARCH'
11, 32579, 119.14021348512573, 119.14021348512573, 'SEARCH'
11, 32580, 119.11283045326836, 119.11283045326836, 'SEARCH'
11, 32581, 119.08522125575107, 119.08522125575107, 'SEARCH'
11, 32582, 119.08556975446015, 119.08556975446015, 'SEARCH'
11, 32583, 119.06348955782984, 119.06348955782984, 'SEARCH'
11, 32584, 119.03837397721664, 119.03837397721664, 'SEARCH'
11, 32585, 119.03777582923577, 119.03777582923577, 'SEARCH'
11, 32586, 119.01090637697628, 119.01090637697628, 'SEARCH'
11, 32587, 118.98326592151238, 118.98326592151238, 'SEARCH'
11, 32588, 118.96099977085137, 118.96099977085137, 'SEARCH'
11, 32589, 118.94091584658861, 118.94091584658861, 'SEARCH'
11, 32590, 118.93263845989738, 118.93263845989738, 'SEARCH'
11, 32591, 118.9450762473583, 118.9450762473583, 'SEARCH'
11, 32592, 118.92739936931173, 118.92739936931173, 'SEARCH'
11, 32593, 118.89962993175214, 118.89962993175214, 'SEARCH'
11, 32594, 118.912937294129, 118.912937294129, 'SEARCH'
11, 32595, 118.89005754751325, 118.89005754751325, 'SEARCH'
11, 32596, 118.88837408418344, 118.88837408418344, 'SEARCH'
11, 32597, 118.86331222619015, 118.86331222619015, 'SEARCH'
11, 32598, 118.85872346841649, 118.85872346841649, 'SEARCH'
11, 32599, 118.83671154257993, 118.83671154257993, 'SEARCH'
11, 32600, 118.80970833148166, 118.80970833148166, 'SEARCH'
11, 32601, 118.7969123564479, 118.7969123564479, 'SEARCH'
11, 32602, 118.77578487357388, 118.77578487357388, 'SEARCH'
11, 32603, 118.76934052123723, 118.76934052123723, 'SEARCH'
11, 32604, 118.76284729269605, 118.76284729269605, 'SEARCH'
11, 32605, 118.73544268537074, 118.73544268537074, 'SEARCH'
11, 32606, 118.72842359850591, 118.72842359850591, 'SEARCH'
11, 32607, 118.7244215112792, 118.7244215112792, 'SEARCH'
11, 32608, 118.73376043083083, 118.73376043083083, 'SEARCH'
11, 32609, 118.73885376911757, 118.73885376911757, 'SEARCH'
11, 32610, 118.71623563777882, 118.71623563777882, 'SEARCH'
11, 32611, 118.693353034791, 118.693353034791, 'SEARCH'
11, 32612, 118.67253930666881, 118.67253930666881, 'SEARCH'
11, 32613, 118.661864657675, 118.661864657675, 'SEARCH'
11, 32614, 118.63919985811863, 118.63919985811863, 'SEARCH'
11, 32615, 118.62258146653089, 118.62258146653089, 'SEARCH'
11, 32616, 118.59482374821759, 118.59482374821759, 'SEARCH'
11, 32617, 118.58630794683415, 118.58630794683415, 'SEARCH'
11, 32618, 118.59299648941122, 118.59299648941122, 'SEARCH'
11, 32619, 118.56914964826292, 118.56914964826292, 'SEARCH'
11, 32620, 118.5430202470926, 118.5430202470926, 'SEARCH'
11, 32621, 118.5154029812621, 118.5154029812621, 'SEARCH'
11, 32622, 118.50360781526497, 118.50360781526497, 'SEARCH'
11, 32623, 118.4795963321171, 118.4795963321171, 'SEARCH'
11, 32624, 118.45231767118743, 118.45231767118743, 'SEARCH'
11, 32625, 118.45804106892245, 118.45804106892245, 'SEARCH'
11, 32626, 118.4429894666157, 118.4429894666157, 'SEARCH'
11, 32627, 118.44099823179748, 118.44099823179748, 'SEARCH'
11, 32628, 118.41395270459724, 118.41395270459724, 'SEARCH'
11, 32629, 118.41775109034333, 118.41775109034333, 'SEARCH'
11, 32630, 118.41764434350141, 118.41764434350141, 'SEARCH'
11, 32631, 118.39009151256235, 118.39009151256235, 'SEARCH'
11, 32632, 118.3728907848994, 118.3728907848994, 'SEARCH'
11, 32633, 118.3454324111344, 118.3454324111344, 'SEARCH'
11, 32634, 118.34074607394084, 118.34074607394084, 'SEARCH'
11, 32635, 118.32677041731219, 118.32677041731219, 'SEARCH'
11, 32636, 118.33839570892577, 118.33839570892577, 'SEARCH'
11, 32637, 118.31062957701708, 118.31062957701708, 'SEARCH'
11, 32638, 118.30423197323624, 118.30423197323624, 'SEARCH'
11, 32639, 118.27823300984097, 118.27823300984097, 'SEARCH'
11, 32640, 118.26166562888739, 118.26166562888739, 'SEARCH'
11, 32641, 118.24048265392393, 118.24048265392393, 'SEARCH'
11, 32642, 118.21991650317003, 118.21991650317003, 'SEARCH'
11, 32643, 118.23288732477364, 118.23288732477364, 'SEARCH'
11, 32644, 118.20699731855662, 118.20699731855662, 'SEARCH'
11, 32645, 118.18165884630422, 118.18165884630422, 'SEARCH'
11, 32646, 118.15472194667497, 118.15472194667497, 'SEARCH'
11, 32647, 118.15661723427294, 118.15661723427294, 'SEARCH'
11, 32648, 118.1323615768851, 118.1323615768851, 'SEARCH'
11, 32649, 118.14135716287792, 118.14135716287792, 'SEARCH'
11, 32650, 118.11512243728103, 118.11512243728103, 'SEARCH'
11, 32651, 118.11892346296698, 118.11892346296698, 'SEARCH'
11, 32652, 118.12412088230644, 118.12412088230644, 'SEARCH'
11, 32653, 118.09943654767473, 118.09943654767473, 'SEARCH'
11, 32654, 118.0780838214363, 118.0780838214363, 'SEARCH'
11, 32655, 118.06265755120215, 118.06265755120215, 'SEARCH'
11, 32656, 118.04640284322404, 118.04640284322404, 'SEARCH'
11, 32657, 118.05720946615239, 118.05720946615239, 'SEARCH'
11, 32658, 118.02957447314586, 118.02957447314586, 'SEARCH'
11, 32659, 118.00486138386407, 118.00486138386407, 'SEARCH'
11, 32660, 117.97804361531188, 117.97804361531188, 'SEARCH'
11, 32661, 117.95178861847918, 117.95178861847918, 'SEARCH'
11, 32662, 117.9308267168312, 117.9308267168312, 'SEARCH'
11, 32663, 117.90563802806963, 117.90563802806963, 'SEARCH'
11, 32664, 117.88023720637887, 117.88023720637887, 'SEARCH'
11, 32665, 117.85552740438095, 117.85552740438095, 'SEARCH'
11, 32666, 117.82962473575978, 117.82962473575978, 'SEARCH'
11, 32667, 117.82204797381796, 117.82204797381796, 'SEARCH'
11, 32668, 117.79851768047936, 117.79851768047936, 'SEARCH'
11, 32669, 117.77125823760062, 117.77125823760062, 'SEARCH'
11, 32670, 117.76125874368711, 117.76125874368711, 'SEARCH'
11, 32671, 117.73355496737301, 117.73355496737301, 'SEARCH'
11, 32672, 117.71916268041369, 117.71916268041369, 'SEARCH'
11, 32673, 117.70515259321402, 117.70515259321402, 'SEARCH'
11, 32674, 117.71436652017616, 117.71436652017616, 'SEARCH'
11, 32675, 117.70940560398115, 117.70940560398115, 'SEARCH'
11, 32676, 117.70298194099524, 117.70298194099524, 'SEARCH'
11, 32677, 117.68035478816289, 117.68035478816289, 'SEARCH'
11, 32678, 117.65489395231519, 117.65489395231519, 'SEARCH'
11, 32679, 117.63722839783702, 117.63722839783702, 'SEARCH'
11, 32680, 117.62753271020856, 117.62753271020856, 'SEARCH'
11, 32681, 117.61260474529453, 117.61260474529453, 'SEARCH'
11, 32682, 117.59351546639918, 117.59351546639918, 'SEARCH'
11, 32683, 117.56843262465301, 117.56843262465301, 'SEARCH'
11, 32684, 117.57449872764414, 117.57449872764414, 'SEARCH'
11, 32685, 117.55246996240342, 117.55246996240342, 'SEARCH'
11, 32686, 117.52499766289533, 117.52499766289533, 'SEARCH'
11, 32687, 117.50519288351262, 117.50519288351262, 'SEARCH'
11, 32688, 117.50012511858884, 117.50012511858884, 'SEARCH'
11, 32689, 117.48318242440918, 117.48318242440918, 'SEARCH'
11, 32690, 117.46005382102474, 117.46005382102474, 'SEARCH'
11, 32691, 117.46698015347997, 117.46698015347997, 'SEARCH'
11, 32692, 117.44377765836145, 117.44377765836145, 'SEARCH'
11, 32693, 117.42065848469517, 117.42065848469517, 'SEARCH'
11, 32694, 117.41043460596269, 117.41043460596269, 'SEARCH'
11, 32695, 117.3831361849959, 117.3831361849959, 'SEARCH'
11, 32696, 117.36627060219823, 117.36627060219823, 'SEARCH'
11, 32697, 117.34309817757102, 117.34309817757102, 'SEARCH'
11, 32698, 117.31783208725767, 117.31783208725767, 'SEARCH'
11, 32699, 117.29071190005732, 117.29071190005732, 'SEARCH'
11, 32700, 117.26305945908543, 117.26305945908543, 'SEARCH'
11, 32701, 117.25238776192727, 117.25238776192727, 'SEARCH'
11, 32702, 117.24836787297352, 117.24836787297352, 'SEARCH'
11, 32703, 117.22115780279299, 117.22115780279299, 'SEARCH'
11, 32704, 117.19375166327588, 117.19375166327588, 'SEARCH'
11, 32705, 117.17468720782905, 117.17468720782905, 'SEARCH'
11, 32706, 117.1476908516588, 117.1476908516588, 'SEARCH'
11, 32707, 117.14114356387358, 117.14114356387358, 'SEARCH'
11, 32708, 117.12073559168263, 117.12073559168263, 'SEARCH'
11, 32709, 117.09955454797762, 117.09955454797762, 'SEARCH'
11, 32710, 117.08704628705067, 117.08704628705067, 'SEARCH'
11, 32711, 117.06425024538899, 117.06425024538899, 'SEARCH'
11, 32712, 117.04466735883175, 117.04466735883175, 'SEARCH'
11, 32713, 117.01823536292257, 117.01823536292257, 'SEARCH'
11, 32714, 116.99249617668019, 116.99249617668019, 'SEARCH'
11, 32715, 116.99778317108212, 116.99778317108212, 'SEARCH'
11, 32716, 116.97887923178111, 116.97887923178111, 'SEARCH'
11, 32717, 116.96804024958716, 116.96804024958716, 'SEARCH'
11, 32718, 116.94287623897941, 116.94287623897941, 'SEARCH'
11, 32719, 116.9269242969826, 116.9269242969826, 'SEARCH'
11, 32720, 116.90689769123556, 116.90689769123556, 'SEARCH'
11, 32721, 116.91277405601836, 116.91277405601836, 'SEARCH'
11, 32722, 116.90658516567605, 116.90658516567605, 'SEARCH'
11, 32723, 116.88730780769231, 116.88730780769231, 'SEARCH'
11, 32724, 116.88199973469597, 116.88199973469597, 'SEARCH'
11, 32725, 116.89551034494654, 116.89551034494654, 'SEARCH'
11, 32726, 116.86909450305777, 116.86909450305777, 'SEARCH'
11, 32727, 116.87722548325513, 116.87722548325513, 'SEARCH'
11, 32728, 116.85561758395995, 116.85561758395995, 'SEARCH'
11, 32729, 116.82918522066127, 116.82918522066127, 'SEARCH'
11, 32730, 116.84303634247873, 116.84303634247873, 'SEARCH'
11, 32731, 116.82150310507771, 116.82150310507771, 'SEARCH'
11, 32732, 116.80057097894678, 116.80057097894678, 'SEARCH'
11, 32733, 116.80104486246542, 116.80104486246542, 'SEARCH'
11, 32734, 116.79297242723854, 116.79297242723854, 'SEARCH'
11, 32735, 116.77265129914109, 116.77265129914109, 'SEARCH'
11, 32736, 116.7784026345893, 116.7784026345893, 'SEARCH'
11, 32737, 116.78552734655247, 116.78552734655247, 'SEARCH'
11, 32738, 116.75843704286571, 116.75843704286571, 'SEARCH'
11, 32739, 116.76645923413301, 116.76645923413301, 'SEARCH'
11, 32740, 116.76149130335625, 116.76149130335625, 'SEARCH'
11, 32741, 116.75637139210677, 116.75637139210677, 'SEARCH'
11, 32742, 116.7310528793545, 116.7310528793545, 'SEARCH'
11, 32743, 116.7158313071334, 116.7158313071334, 'SEARCH'
11, 32744, 116.7103975561507, 116.7103975561507, 'SEARCH'
11, 32745, 116.71022484774403, 116.71022484774403, 'SEARCH'
11, 32746, 116.68359931254555, 116.68359931254555, 'SEARCH'
11, 32747, 116.68964310817202, 116.68964310817202, 'SEARCH'
11, 32748, 116.67234279198651, 116.67234279198651, 'SEARCH'
11, 32749, 116.6630394002979, 116.6630394002979, 'SEARCH'
11, 32750, 116.63652745318863, 116.63652745318863, 'SEARCH'
11, 32751, 116.62321696481519, 116.62321696481519, 'SEARCH'
11, 32752, 116.6177695523696, 116.6177695523696, 'SEARCH'
11, 32753, 116.5900026311018, 116.5900026311018, 'SEARCH'
11, 32754, 116.57121184709963, 116.57121184709963, 'SEARCH'
11, 32755, 116.5535022108453, 116.5535022108453, 'SEARCH'
11, 32756, 116.54074222442537, 116.54074222442537, 'SEARCH'
11, 32757, 116.51655024146329, 116.51655024146329, 'SEARCH'
11, 32758, 116.49035301999824, 116.49035301999824, 'SEARCH'
11, 32759, 116.4963286524249, 116.4963286524249, 'SEARCH'
11, 32760, 116.47063448395009, 116.47063448395009, 'SEARCH'
11, 32761, 116.45904027208529, 116.45904027208529, 'SEARCH'
11, 32762, 116.4350487105254, 116.4350487105254, 'SEARCH'
11, 32763, 116.44862154881389, 116.44862154881389, 'SEARCH'
11, 32764, 116.42528289548437, 116.42528289548437, 'SEARCH'
11, 32765, 116.40642125327356, 116.40642125327356, 'SEARCH'
11, 32766, 116.38344451087042, 116.38344451087042, 'SEARCH'
11, 32767, 116.35610313489303, 116.35610313489303, 'SEARCH'
11, 32768, 116.34384542436398, 116.34384542436398, 'SEARCH'
11, 32769, 116.33111538387543, 116.33111538387543, 'SEARCH'
11, 32770, 116.3153287599677, 116.3153287599677, 'SEARCH'
11, 32771, 116.29614265716329, 116.29614265716329, 'SEARCH'
11, 32772, 116.26890092406326, 116.26890092406326, 'SEARCH'
11, 32773, 116.24816462848375, 116.24816462848375, 'SEARCH'
11, 32774, 116.23288574237266, 116.23288574237266, 'SEARCH'
11, 32775, 116.24482655201594, 116.24482655201594, 'SEARCH'
11, 32776, 116.23248957779147, 116.23248957779147, 'SEARCH'
11, 32777, 116.20881549087973, 116.20881549087973, 'SEARCH'
11, 32778, 116.21004243515657, 116.21004243515657, 'SEARCH'
11, 32779, 116.19239452277142, 116.19239452277142, 'SEARCH'
11, 32780, 116.1719044089045, 116.1719044089045, 'SEARCH'
11, 32781, 116.14499773177357, 116.14499773177357, 'SEARCH'
11, 32782, 116.11776166166104, 116.11776166166104, 'SEARCH'
11, 32783, 116.09980083905725, 116.09980083905725, 'SEARCH'
11, 32784, 116.11183390266237, 116.11183390266237, 'SEARCH'
11, 32785, 116.09812254141652, 116.09812254141652, 'SEARCH'
11, 32786, 116.08014485836816, 116.08014485836816, 'SEARCH'
11, 32787, 116.05576213562313, 116.05576213562313, 'SEARCH'
11, 32788, 116.04007325217354, 116.04007325217354, 'SEARCH'
11, 32789, 116.01294781282277, 116.01294781282277, 'SEARCH'
11, 32790, 115.99964699028172, 115.99964699028172, 'SEARCH'
11, 32791, 115.98546476895098, 115.98546476895098, 'SEARCH'
11, 32792, 115.96237992535096, 115.96237992535096, 'SEARCH'
11, 32793, 115.95936636570195, 115.95936636570195, 'SEARCH'
11, 32794, 115.9378742737252, 115.9378742737252, 'SEARCH'
11, 32795, 115.91029015524393, 115.91029015524393, 'SEARCH'
11, 32796, 115.90922004264249, 115.90922004264249, 'SEARCH'
11, 32797, 115.88333866556314, 115.88333866556314, 'SEARCH'
11, 32798, 115.89497635339863, 115.89497635339863, 'SEARCH'
11, 32799, 115.86798604295187, 115.86798604295187, 'SEARCH'
11, 32800, 115.85638447201065, 115.85638447201065, 'SEARCH'
11, 32801, 115.83116443420556, 115.83116443420556, 'SEARCH'
11, 32802, 115.80387629831718, 115.80387629831718, 'SEARCH'
11, 32803, 115.79049844492539, 115.79049844492539, 'SEARCH'
11, 32804, 115.76671740997645, 115.76671740997645, 'SEARCH'
11, 32805, 115.7407772724388, 115.7407772724388, 'SEARCH'
11, 32806, 115.73545687751603, 115.73545687751603, 'SEARCH'
11, 32807, 115.71073370997439, 115.71073370997439, 'SEARCH'
11, 32808, 115.68430766861395, 115.68430766861395, 'SEARCH'
11, 32809, 115.66606653922277, 115.66606653922277, 'SEARCH'
11, 32810, 115.65213914019881, 115.65213914019881, 'SEARCH'
11, 32811, 115.62679285351616, 115.62679285351616, 'SEARCH'
11, 32812, 115.63109788730527, 115.63109788730527, 'SEARCH'
11, 32813, 115.6059591357141, 115.6059591357141, 'SEARCH'
11, 32814, 115.5785316529243, 115.5785316529243, 'SEARCH'
11, 32815, 115.55079040819109, 115.55079040819109, 'SEARCH'
11, 32816, 115.54219203178336, 115.54219203178336, 'SEARCH'
11, 32817, 115.51511468782759, 115.51511468782759, 'SEARCH'
11, 32818, 115.48902750634052, 115.48902750634052, 'SEARCH'
11, 32819, 115.46158947265869, 115.46158947265869, 'SEARCH'
11, 32820, 115.4419509388787, 115.4419509388787, 'SEARCH'
11, 32821, 115.41428219265093, 115.41428219265093, 'SEARCH'
11, 32822, 115.40034935922917, 115.40034935922917, 'SEARCH'
11, 32823, 115.37542549094698, 115.37542549094698, 'SEARCH'
11, 32824, 115.34769079481744, 115.34769079481744, 'SEARCH'
11, 32825, 115.34249592371096, 115.34249592371096, 'SEARCH'
11, 32826, 115.3154149773849, 115.3154149773849, 'SEARCH'
11, 32827, 115.29689782765936, 115.29689782765936, 'SEARCH'
11, 32828, 115.27947306202076, 115.27947306202076, 'SEARCH'
11, 32829, 115.25338724892939, 115.25338724892939, 'SEARCH'
11, 32830, 115.25343695649656, 115.25343695649656, 'SEARCH'
11, 32831, 115.26474033225674, 115.26474033225674, 'SEARCH'
11, 32832, 115.24722695403595, 115.24722695403595, 'SEARCH'
11, 32833, 115.24281719175438, 115.24281719175438, 'SEARCH'
11, 32834, 115.24271103013933, 115.24271103013933, 'SEARCH'
11, 32835, 115.21834349233532, 115.21834349233532, 'SEARCH'
11, 32836, 115.22109090025059, 115.22109090025059, 'SEARCH'
11, 32837, 115.19643345415876, 115.19643345415876, 'SEARCH'
11, 32838, 115.20061333304318, 115.20061333304318, 'SEARCH'
11, 32839, 115.18530544850043, 115.18530544850043, 'SEARCH'
11, 32840, 115.16002856644563, 115.16002856644563, 'SEARCH'
11, 32841, 115.1395717134011, 115.1395717134011, 'SEARCH'
11, 32842, 115.14654244491581, 115.14654244491581, 'SEARCH'
11, 32843, 115.11953947572083, 115.11953947572083, 'SEARCH'
11, 32844, 115.1306117183753, 115.1306117183753, 'SEARCH'
11, 32845, 115.1030066366087, 115.1030066366087, 'SEARCH'
11, 32846, 115.08690910543835, 115.08690910543835, 'SEARCH'
11, 32847, 115.07198886066612, 115.07198886066612, 'SEARCH'
11, 32848, 115.07414510822858, 115.07414510822858, 'SEARCH'
11, 32849, 115.04726957192217, 115.04726957192217, 'SEARCH'
11, 32850, 115.02004113673456, 115.02004113673456, 'SEARCH'
11, 32851, 114.9958477287549, 114.9958477287549, 'SEARCH'
11, 32852, 114.99218054137289, 114.99218054137289, 'SEARCH'
11, 32853, 114.98703544588572, 114.98703544588572, 'SEARCH'
11, 32854, 114.97926687006886, 114.97926687006886, 'SEARCH'
11, 32855, 114.95196849267833, 114.95196849267833, 'SEARCH'
11, 32856, 114.92534963972382, 114.92534963972382, 'SEARCH'
11, 32857, 114.89886460668431, 114.89886460668431, 'SEARCH'
11, 32858, 114.88735105465275, 114.88735105465275, 'SEARCH'
11, 32859, 114.8740719810527, 114.8740719810527, 'SEARCH'
11, 32860, 114.84642789956807, 114.84642789956807, 'SEARCH'
11, 32861, 114.82137273873686, 114.82137273873686, 'SEARCH'
11, 32862, 114.79460617388924, 114.79460617388924, 'SEARCH'
11, 32863, 114.7958429580283, 114.7958429580283, 'SEARCH'
11, 32864, 114.77381834515843, 114.77381834515843, 'SEARCH'
11, 32865, 114.74692031347345, 114.74692031347345, 'SEARCH'
11, 32866, 114.72030017782099, 114.72030017782099, 'SEARCH'
11, 32867, 114.70222068818507, 114.70222068818507, 'SEARCH'
11, 32868, 114.67555919164283, 114.67555919164283, 'SEARCH'
11, 32869, 114.65246625635218, 114.65246625635218, 'SEARCH'
11, 32870, 114.64656766091514, 114.64656766091514, 'SEARCH'
11, 32871, 114.61883721798431, 114.61883721798431, 'SEARCH'
11, 32872, 114.6215942077023, 114.6215942077023, 'SEARCH'
11, 32873, 114.59400038931652, 114.59400038931652, 'SEARCH'
11, 32874, 114.56979468810603, 114.56979468810603, 'SEARCH'
11, 32875, 114.56199868296946, 114.56199868296946, 'SEARCH'
11, 32876, 114.55509952146609, 114.55509952146609, 'SEARCH'
11, 32877, 114.53140619746173, 114.53140619746173, 'SEARCH'
11, 32878, 114.50882453443793, 114.50882453443793, 'SEARCH'
11, 32879, 114.49690496410821, 114.49690496410821, 'SEARCH'
11, 32880, 114.46930476869906, 114.46930476869906, 'SEARCH'
11, 32881, 114.44362948235705, 114.44362948235705, 'SEARCH'
11, 32882, 114.43673782554802, 114.43673782554802, 'SEARCH'
11, 32883, 114.41410933818281, 114.41410933818281, 'SEARCH'
11, 32884, 114.42612746608395, 114.42612746608395, 'SEARCH'
11, 32885, 114.43981986171714, 114.43981986171714, 'SEARCH'
11, 32886, 114.44860218821638, 114.44860218821638, 'SEARCH'
11, 32887, 114.44109851001302, 114.44109851001302, 'SEARCH'
11, 32888, 114.41760457010412, 114.41760457010412, 'SEARCH'
11, 32889, 114.39004720765598, 114.39004720765598, 'SEARCH'
11, 32890, 114.38822852182865, 114.38822852182865, 'SEARCH'
11, 32891, 114.38684792454751, 114.38684792454751, 'SEARCH'
11, 32892, 114.3859053774252, 114.3859053774252, 'SEARCH'
11, 32893, 114.35873874354513, 114.35873874354513, 'SEARCH'
11, 32894, 114.33099939687709, 114.33099939687709, 'SEARCH'
11, 32895, 114.3146895899863, 114.3146895899863, 'SEARCH'
11, 32896, 114.300806439894, 114.300806439894, 'SEARCH'
11, 32897, 114.31125229140129, 114.31125229140129, 'SEARCH'
11, 32898, 114.31559042190014, 114.31559042190014, 'SEARCH'
11, 32899, 114.28802671461051, 114.28802671461051, 'SEARCH'
11, 32900, 114.26208173539683, 114.26208173539683, 'SEARCH'
11, 32901, 114.27551808518965, 114.27551808518965, 'SEARCH'
11, 32902, 114.24991534450211, 114.24991534450211, 'SEARCH'
11, 32903, 114.25176538474645, 114.25176538474645, 'SEARCH'
11, 32904, 114.22484615624428, 114.22484615624428, 'SEARCH'
11, 32905, 114.2305155111426, 114.2305155111426, 'SEARCH'
11, 32906, 114.21892027579747, 114.21892027579747, 'SEARCH'
11, 32907, 114.19320581400018, 114.19320581400018, 'SEARCH'
11, 32908, 114.16595256358575, 114.16595256358575, 'SEARCH'
11, 32909, 114.14439502934991, 114.14439502934991, 'SEARCH'
11, 32910, 114.12616856705814, 114.12616856705814, 'SEARCH'
11, 32911, 114.12565544318842, 114.12565544318842, 'SEARCH'
11, 32912, 114.09846891373445, 114.09846891373445, 'SEARCH'
11, 32913, 114.10512185559942, 114.10512185559942, 'SEARCH'
11, 32914, 114.08376568548208, 114.08376568548208, 'SEARCH'
11, 32915, 114.07738267225392, 114.07738267225392, 'SEARCH'
11, 32916, 114.05117784705756, 114.05117784705756, 'SEARCH'
11, 32917, 114.04413221137048, 114.04413221137048, 'SEARCH'
11, 32918, 114.01956038296271, 114.01956038296271, 'SEARCH'
11, 32919, 114.01703534588538, 114.01703534588538, 'SEARCH'
11, 32920, 113.99355905114265, 113.99355905114265, 'SEARCH'
11, 32921, 113.96688801863256, 113.96688801863256, 'SEARCH'
11, 32922, 113.93932715576855, 113.93932715576855, 'SEARCH'
11, 32923, 113.95012889140348, 113.95012889140348, 'SEARCH'
11, 32924, 113.92787953793945, 113.92787953793945, 'SEARCH'
11, 32925, 113.90019696547503, 113.90019696547503, 'SEARCH'
11, 32926, 113.87477613326405, 113.87477613326405, 'SEARCH'
11, 32927, 113.87224187464274, 113.87224187464274, 'SEARCH'
11, 32928, 113.84903365157864, 113.84903365157864, 'SEARCH'
11, 32929, 113.82165741488866, 113.82165741488866, 'SEARCH'
11, 32930, 113.80044939775453, 113.80044939775453, 'SEARCH'
11, 32931, 113.77339817889992, 113.77339817889992, 'SEARCH'
11, 32932, 113.78148521513182, 113.78148521513182, 'SEARCH'
11, 32933, 113.76879551986295, 113.76879551986295, 'SEARCH'
11, 32934, 113.76432715746108, 113.76432715746108, 'SEARCH'
11, 32935, 113.73671991520989, 113.73671991520989, 'SEARCH'
11, 32936, 113.7320417106174, 113.7320417106174, 'SEARCH'
11, 32937, 113.70818247999348, 113.70818247999348, 'SEARCH'
11, 32938, 113.68622845387505, 113.68622845387505, 'SEARCH'
11, 32939, 113.68852791850163, 113.68852791850163, 'SEARCH'
11, 32940, 113.68980865635623, 113.68980865635623, 'SEARCH'
11, 32941, 113.66303624291804, 113.66303624291804, 'SEARCH'
11, 32942, 113.63641628409772, 113.63641628409772, 'SEARCH'
11, 32943, 113.61532748673889, 113.61532748673889, 'SEARCH'
11, 32944, 113.58856868550198, 113.58856868550198, 'SEARCH'
11, 32945, 113.59923227266175, 113.59923227266175, 'SEARCH'
11, 32946, 113.60984651061662, 113.60984651061662, 'SEARCH'
11, 32947, 113.58207649368184, 113.58207649368184, 'SEARCH'
11, 32948, 113.56559709342892, 113.56559709342892, 'SEARCH'
11, 32949, 113.55724677082014, 113.55724677082014, 'SEARCH'
11, 32950, 113.5381627199587, 113.5381627199587, 'SEARCH'
11, 32951, 113.51061914412615, 113.51061914412615, 'SEARCH'
11, 32952, 113.48978113841352, 113.48978113841352, 'SEARCH'
11, 32953, 113.46768403620953, 113.46768403620953, 'SEARCH'
11, 32954, 113.46059049910508, 113.46059049910508, 'SEARCH'
11, 32955, 113.45485970993778, 113.45485970993778, 'SEARCH'
11, 32956, 113.44356862945861, 113.44356862945861, 'SEARCH'
11, 32957, 113.41801116948052, 113.41801116948052, 'SEARCH'
11, 32958, 113.40328620865874, 113.40328620865874, 'SEARCH'
11, 32959, 113.38987068679918, 113.38987068679918, 'SEARCH'
11, 32960, 113.39939307442074, 113.39939307442074, 'SEARCH'
11, 32961, 113.38632492119545, 113.38632492119545, 'SEARCH'
11, 32962, 113.36254938670231, 113.36254938670231, 'SEARCH'
11, 32963, 113.33680365301423, 113.33680365301423, 'SEARCH'
11, 32964, 113.32375273068517, 113.32375273068517, 'SEARCH'
11, 32965, 113.30212435671618, 113.30212435671618, 'SEARCH'
11, 32966, 113.30942177979357, 113.30942177979357, 'SEARCH'
11, 32967, 113.29314108352067, 113.29314108352067, 'SEARCH'
11, 32968, 113.28639468476409, 113.28639468476409, 'SEARCH'
11, 32969, 113.26085700951288, 113.26085700951288, 'SEARCH'
11, 32970, 113.24918881689038, 113.24918881689038, 'SEARCH'
11, 32971, 113.24440449221652, 113.24440449221652, 'SEARCH'
11, 32972, 113.21713851773437, 113.21713851773437, 'SEARCH'
11, 32973, 113.20585916090599, 113.20585916090599, 'SEARCH'
11, 32974, 113.17842632695654, 113.17842632695654, 'SEARCH'
11, 32975, 113.1846825992043, 113.1846825992043, 'SEARCH'
11, 32976, 113.17211345481464, 113.17211345481464, 'SEARCH'
11, 32977, 113.15282303363263, 113.15282303363263, 'SEARCH'
11, 32978, 113.12586642980645, 113.12586642980645, 'SEARCH'
11, 32979, 113.10230394917116, 113.10230394917116, 'SEARCH'
11, 32980, 113.09098556053691, 113.09098556053691, 'SEARCH'
11, 32981, 113.06746154731684, 113.06746154731684, 'SEARCH'
11, 32982, 113.04925142426431, 113.04925142426431, 'SEARCH'
11, 32983, 113.0214736668705, 113.0214736668705, 'SEARCH'
11, 32984, 112.99569887064453, 112.99569887064453, 'SEARCH'
11, 32985, 112.97235358601971, 112.97235358601971, 'SEARCH'
11, 32986, 112.95653129532079, 112.95653129532079, 'SEARCH'
11, 32987, 112.94488485390553, 112.94488485390553, 'SEARCH'
11, 32988, 112.94881305367662, 112.94881305367662, 'SEARCH'
11, 32989, 112.92405917954636, 112.92405917954636, 'SEARCH'
11, 32990, 112.90220028035834, 112.90220028035834, 'SEARCH'
11, 32991, 112.89312667579217, 112.89312667579217, 'SEARCH'
11, 32992, 112.89993202789965, 112.89993202789965, 'SEARCH'
11, 32993, 112.8721940154832, 112.8721940154832, 'SEARCH'
11, 32994, 112.8586846586027, 112.8586846586027, 'SEARCH'
11, 32995, 112.83544513903696, 112.83544513903696, 'SEARCH'
11, 32996, 112.81958746035883, 112.81958746035883, 'SEARCH'
11, 32997, 112.80440912000871, 112.80440912000871, 'SEARCH'
11, 32998, 112.79104211921576, 112.79104211921576, 'SEARCH'
11, 32999, 112.79498425224143, 112.79498425224143, 'SEARCH'
11, 33000, 112.77224240379005, 112.77224240379005, 'SEARCH'
11, 33001, 112.76005925175677, 112.76005925175677, 'SEARCH'
11, 33002, 112.74664774841087, 112.74664774841087, 'SEARCH'
11, 33003, 112.72007612843632, 112.72007612843632, 'SEARCH'
11, 33004, 112.72543556599776, 112.72543556599776, 'SEARCH'
11, 33005, 112.71112549465735, 112.71112549465735, 'SEARCH'
11, 33006, 112.68338898939146, 112.68338898939146, 'SEARCH'
11, 33007, 112.66901670160439, 112.66901670160439, 'SEARCH'
11, 33008, 112.64633888799528, 112.64633888799528, 'SEARCH'
11, 33009, 112.63383324631624, 112.63383324631624, 'SEARCH'
11, 33010, 112.60759461746095, 112.60759461746095, 'SEARCH'
11, 33011, 112.58434179851862, 112.58434179851862, 'SEARCH'
11, 33012, 112.59701221796524, 112.59701221796524, 'SEARCH'
11, 33013, 112.5699441849586, 112.5699441849586, 'SEARCH'
11, 33014, 112.56460352015309, 112.56460352015309, 'SEARCH'
11, 33015, 112.55384024739072, 112.55384024739072, 'SEARCH'
11, 33016, 112.56201511596518, 112.56201511596518, 'SEARCH'
11, 33017, 112.53575128109314, 112.53575128109314, 'SEARCH'
11, 33018, 112.50867767629275, 112.50867767629275, 'SEARCH'
11, 33019, 112.48395760840961, 112.48395760840961, 'SEARCH'
11, 33020, 112.46960036648707, 112.46960036648707, 'SEARCH'
11, 33021, 112.4604471164281, 112.4604471164281, 'SEARCH'
11, 33022, 112.46544207704198, 112.46544207704198, 'SEARCH'
11, 33023, 112.44520663393472, 112.44520663393472, 'SEARCH'
11, 33024, 112.42169980190239, 112.42169980190239, 'SEARCH'
11, 33025, 112.40281552090188, 112.40281552090188, 'SEARCH'
11, 33026, 112.37782471068657, 112.37782471068657, 'SEARCH'
11, 33027, 112.37743755989544, 112.37743755989544, 'SEARCH'
11, 33028, 112.35918127337276, 112.35918127337276, 'SEARCH'
11, 33029, 112.33338972974913, 112.33338972974913, 'SEARCH'
11, 33030, 112.30815693862827, 112.30815693862827, 'SEARCH'
11, 33031, 112.3169103439266, 112.3169103439266, 'SEARCH'
11, 33032, 112.29279441842048, 112.29279441842048, 'SEARCH'
11, 33033, 112.30424306737524, 112.30424306737524, 'SEARCH'
11, 33034, 112.27863219534707, 112.27863219534707, 'SEARCH'
11, 33035, 112.28119895116471, 112.28119895116471, 'SEARCH'
11, 33036, 112.25709811770572, 112.25709811770572, 'SEARCH'
11, 33037, 112.2456770212082, 112.2456770212082, 'SEARCH'
11, 33038, 112.21821162324667, 112.21821162324667, 'SEARCH'
11, 33039, 112.22133610846534, 112.22133610846534, 'SEARCH'
11, 33040, 112.19651155068615, 112.19651155068615, 'SEARCH'
11, 33041, 112.19429797903575, 112.19429797903575, 'SEARCH'
11, 33042, 112.1761909009967, 112.1761909009967, 'SEARCH'
11, 33043, 112.16748778206995, 112.16748778206995, 'SEARCH'
11, 33044, 112.14116374429452, 112.14116374429452, 'SEARCH'
11, 33045, 112.11341154050291, 112.11341154050291, 'SEARCH'
11, 33046, 112.08609918513785, 112.08609918513785, 'SEARCH'
11, 33047, 112.07079199796198, 112.07079199796198, 'SEARCH'
11, 33048, 112.06061694572003, 112.06061694572003, 'SEARCH'
11, 33049, 112.0536097545199, 112.0536097545199, 'SEARCH'
11, 33050, 112.02587709250238, 112.02587709250238, 'SEARCH'
11, 33051, 111.99964691034752, 111.99964691034752, 'SEARCH'
11, 33052, 111.97187229095421, 111.97187229095421, 'SEARCH'
11, 33053, 111.96988939326354, 111.96988939326354, 'SEARCH'
11, 33054, 111.95122827657018, 111.95122827657018, 'SEARCH'
11, 33055, 111.92534140111373, 111.92534140111373, 'SEARCH'
11, 33056, 111.90085599260597, 111.90085599260597, 'SEARCH'
11, 33057, 111.8731803586314, 111.8731803586314, 'SEARCH'
11, 33058, 111.84544193998286, 111.84544193998286, 'SEARCH'
11, 33059, 111.81950905027819, 111.81950905027819, 'SEARCH'
11, 33060, 111.79342054148765, 111.79342054148765, 'SEARCH'
11, 33061, 111.79055884827429, 111.79055884827429, 'SEARCH'
11, 33062, 111.76649641760237, 111.76649641760237, 'SEARCH'
11, 33063, 111.75134917354067, 111.75134917354067, 'SEARCH'
11, 33064, 111.72390437545805, 111.72390437545805, 'SEARCH'
11, 33065, 111.72240546199494, 111.72240546199494, 'SEARCH'
11, 33066, 111.73492586166033, 111.73492586166033, 'SEARCH'
11, 33067, 111.70778936736723, 111.70778936736723, 'SEARCH'
11, 33068, 111.68156725479102, 111.68156725479102, 'SEARCH'
11, 33069, 111.69052628942742, 111.69052628942742, 'SEARCH'
11, 33070, 111.66332451850353, 111.66332451850353, 'SEARCH'
11, 33071, 111.67666762947574, 111.67666762947574, 'SEARCH'
11, 33072, 111.67212220424435, 111.67212220424435, 'SEARCH'
11, 33073, 111.66147930219269, 111.66147930219269, 'SEARCH'
11, 33074, 111.63370955592066, 111.63370955592066, 'SEARCH'
11, 33075, 111.60737962978253, 111.60737962978253, 'SEARCH'
11, 33076, 111.59810740089847, 111.59810740089847, 'SEARCH'
11, 33077, 111.58438758433331, 111.58438758433331, 'SEARCH'
11, 33078, 111.5845422683562, 111.5845422683562, 'SEARCH'
11, 33079, 111.57933623126539, 111.57933623126539, 'SEARCH'
11, 33080, 111.5832440346206, 111.5832440346206, 'SEARCH'
11, 33081, 111.55872661191478, 111.55872661191478, 'SEARCH'
11, 33082, 111.53627018467846, 111.53627018467846, 'SEARCH'
11, 33083, 111.5085299364413, 111.5085299364413, 'SEARCH'
11, 33084, 111.48495454799287, 111.48495454799287, 'SEARCH'
11, 33085, 111.46679464452845, 111.46679464452845, 'SEARCH'
11, 33086, 111.44039314477884, 111.44039314477884, 'SEARCH'
11, 33087, 111.41630882773752, 111.41630882773752, 'SEARCH'
11, 33088, 111.39349465783833, 111.39349465783833, 'SEARCH'
11, 33089, 111.38834842858779, 111.38834842858779, 'SEARCH'
11, 33090, 111.3817276997066, 111.3817276997066, 'SEARCH'
11, 33091, 111.36281956093238, 111.36281956093238, 'SEARCH'
11, 33092, 111.33587188718609, 111.33587188718609, 'SEARCH'
11, 33093, 111.31156369106978, 111.31156369106978, 'SEARCH'
11, 33094, 111.28380557555923, 111.28380557555923, 'SEARCH'
11, 33095, 111.29014715397979, 111.29014715397979, 'SEARCH'
11, 33096, 111.2688477764367, 111.2688477764367, 'SEARCH'
11, 33097, 111.24533729658806, 111.24533729658806, 'SEARCH'
11, 33098, 111.22370343434275, 111.22370343434275, 'SEARCH'
11, 33099, 111.21710886520442, 111.21710886520442, 'SEARCH'
11, 33100, 111.21331793818736, 111.21331793818736, 'SEARCH'
11, 33101, 111.2186364805854, 111.2186364805854, 'SEARCH'
11, 33102, 111.20520912966288, 111.20520912966288, 'SEARCH'
11, 33103, 111.19433831375197, 111.19433831375197, 'SEARCH'
11, 33104, 111.17082565483403, 111.17082565483403, 'SEARCH'
11, 33105, 111.17138021991587, 111.17138021991587, 'SEARCH'
11, 33106, 111.17041921104506, 111.17041921104506, 'SEARCH'
11, 33107, 111.14370326635384, 111.14370326635384, 'SEARCH'
11, 33108, 111.13370449821483, 111.13370449821483, 'SEARCH'
11, 33109, 111.12429464567236, 111.12429464567236, 'SEARCH'
11, 33110, 111.1000148252017, 111.1000148252017, 'SEARCH'
11, 33111, 111.08490108374104, 111.08490108374104, 'SEARCH'
11, 33112, 111.0571233141686, 111.0571233141686, 'SEARCH'
11, 33113, 111.04365543833441, 111.04365543833441, 'SEARCH'
11, 33114, 111.0301309332585, 111.0301309332585, 'SEARCH'
11, 33115, 111.0075816750088, 111.0075816750088, 'SEARCH'
11, 33116, 110.99974726870987, 110.99974726870987, 'SEARCH'
11, 33117, 110.97235181561965, 110.97235181561965, 'SEARCH'
11, 33118, 110.94480896645781, 110.94480896645781, 'SEARCH'
11, 33119, 110.94123463480214, 110.94123463480214, 'SEARCH'
11, 33120, 110.91376293294168, 110.91376293294168, 'SEARCH'
11, 33121, 110.90401097749728, 110.90401097749728, 'SEARCH'
11, 33122, 110.89041251650139, 110.89041251650139, 'SEARCH'
11, 33123, 110.86287884224765, 110.86287884224765, 'SEARCH'
11, 33124, 110.83867078477546, 110.83867078477546, 'SEARCH'
11, 33125, 110.81981967409507, 110.81981967409507, 'SEARCH'
11, 33126, 110.80726722175017, 110.80726722175017, 'SEARCH'
11, 33127, 110.78370991151114, 110.78370991151114, 'SEARCH'
11, 33128, 110.75702316014124, 110.75702316014124, 'SEARCH'
11, 33129, 110.7688168447607, 110.7688168447607, 'SEARCH'
11, 33130, 110.77876515651474, 110.77876515651474, 'SEARCH'
11, 33131, 110.75577763086599, 110.75577763086599, 'SEARCH'
11, 33132, 110.73301261331316, 110.73301261331316, 'SEARCH'
11, 33133, 110.70850277647264, 110.70850277647264, 'SEARCH'
11, 33134, 110.71142194372888, 110.71142194372888, 'SEARCH'
11, 33135, 110.6837542107954, 110.6837542107954, 'SEARCH'
11, 33136, 110.65732987682338, 110.65732987682338, 'SEARCH'
11, 33137, 110.65585990779523, 110.65585990779523, 'SEARCH'
11, 33138, 110.6433186432088, 110.6433186432088, 'SEARCH'
11, 33139, 110.61856359798051, 110.61856359798051, 'SEARCH'
11, 33140, 110.60728163120665, 110.60728163120665, 'SEARCH'
11, 33141, 110.60155518465805, 110.60155518465805, 'SEARCH'
11, 33142, 110.58332601697415, 110.58332601697415, 'SEARCH'
11, 33143, 110.5747793139078, 110.5747793139078, 'SEARCH'
11, 33144, 110.5495918567761, 110.5495918567761, 'SEARCH'
11, 33145, 110.52222263855987, 110.52222263855987, 'SEARCH'
11, 33146, 110.51561254327171, 110.51561254327171, 'SEARCH'
11, 33147, 110.49083644807598, 110.49083644807598, 'SEARCH'
11, 33148, 110.47403312051094, 110.47403312051094, 'SEARCH'
11, 33149, 110.45327412033089, 110.45327412033089, 'SEARCH'
11, 33150, 110.4515712316202, 110.4515712316202, 'SEARCH'
11, 33151, 110.4639034464142, 110.4639034464142, 'SEARCH'
11, 33152, 110.44014723447205, 110.44014723447205, 'SEARCH'
11, 33153, 110.44120913888456, 110.44120913888456, 'SEARCH'
11, 33154, 110.41404406708892, 110.41404406708892, 'SEARCH'
11, 33155, 110.39248070364015, 110.39248070364015, 'SEARCH'
11, 33156, 110.3802886943426, 110.3802886943426, 'SEARCH'
11, 33157, 110.37650773675684, 110.37650773675684, 'SEARCH'
11, 33158, 110.36523241461394, 110.36523241461394, 'SEARCH'
11, 33159, 110.34303361358427, 110.34303361358427, 'SEARCH'
11, 33160, 110.3169162680763, 110.3169162680763, 'SEARCH'
11, 33161, 110.3249974671973, 110.3249974671973, 'SEARCH'
11, 33162, 110.30475847851845, 110.30475847851845, 'SEARCH'
11, 33163, 110.27835539329564, 110.27835539329564, 'SEARCH'
11, 33164, 110.26662033823317, 110.26662033823317, 'SEARCH'
11, 33165, 110.26233928738978, 110.26233928738978, 'SEARCH'
11, 33166, 110.2510370690997, 110.2510370690997, 'SEARCH'
11, 33167, 110.23168751232032, 110.23168751232032, 'SEARCH'
11, 33168, 110.22343311848508, 110.22343311848508, 'SEARCH'
11, 33169, 110.19612654870858, 110.19612654870858, 'SEARCH'
11, 33170, 110.19011836652358, 110.19011836652358, 'SEARCH'
11, 33171, 110.19841947854256, 110.19841947854256, 'SEARCH'
11, 33172, 110.17089589379377, 110.17089589379377, 'SEARCH'
11, 33173, 110.15278701918031, 110.15278701918031, 'SEARCH'
11, 33174, 110.1543593635398, 110.1543593635398, 'SEARCH'
11, 33175, 110.13878370462932, 110.13878370462932, 'SEARCH'
11, 33176, 110.11280799836109, 110.11280799836109, 'SEARCH'
11, 33177, 110.09519664539278, 110.09519664539278, 'SEARCH'
11, 33178, 110.090127883079, 110.090127883079, 'SEARCH'
11, 33179, 110.07444978245633, 110.07444978245633, 'SEARCH'
11, 33180, 110.04667304275682, 110.04667304275682, 'SEARCH'
11, 33181, 110.03012687204645, 110.03012687204645, 'SEARCH'
11, 33182, 110.04129308934533, 110.04129308934533, 'SEARCH'
11, 33183, 110.03068760224954, 110.03068760224954, 'SEARCH'
11, 33184, 110.0246996757394, 110.0246996757394, 'SEARCH'
11, 33185, 110.02256593289954, 110.02256593289954, 'SEARCH'
11, 33186, 110.02808572018525, 110.02808572018525, 'SEARCH'
11, 33187, 110.03495435065287, 110.03495435065287, 'SEARCH'
11, 33188, 110.0079070939833, 110.0079070939833, 'SEARCH'
11, 33189, 109.98466096137372, 109.98466096137372, 'SEARCH'
11, 33190, 109.97343318503681, 109.97343318503681, 'SEARCH'
11, 33191, 109.94648683516135, 109.94648683516135, 'SEARCH'
11, 33192, 109.92320943081829, 109.92320943081829, 'SEARCH'
11, 33193, 109.89940941306381, 109.89940941306381, 'SEARCH'
11, 33194, 109.88767647828814, 109.88767647828814, 'SEARCH'
11, 33195, 109.86834913764561, 109.86834913764561, 'SEARCH'
11, 33196, 109.85196164433519, 109.85196164433519, 'SEARCH'
11, 33197, 109.82582020758689, 109.82582020758689, 'SEARCH'
11, 33198, 109.81486264251522, 109.81486264251522, 'SEARCH'
11, 33199, 109.82466223999504, 109.82466223999504, 'SEARCH'
11, 33200, 109.80262643395251, 109.80262643395251, 'SEARCH'
11, 33201, 109.77643573618236, 109.77643573618236, 'SEARCH'
11, 33202, 109.75328181424656, 109.75328181424656, 'SEARCH'
11, 33203, 109.72932608842925, 109.72932608842925, 'SEARCH'
11, 33204, 109.70752471926393, 109.70752471926393, 'SEARCH'
11, 33205, 109.68852298479247, 109.68852298479247, 'SEARCH'
11, 33206, 109.66686582517092, 109.66686582517092, 'SEARCH'
11, 33207, 109.64679116537275, 109.64679116537275, 'SEARCH'
11, 33208, 109.63851355725089, 109.63851355725089, 'SEARCH'
11, 33209, 109.6257048424, 109.6257048424, 'SEARCH'
11, 33210, 109.59870167589905, 109.59870167589905, 'SEARCH'
11, 33211, 109.57822966596365, 109.57822966596365, 'SEARCH'
11, 33212, 109.5529461018903, 109.5529461018903, 'SEARCH'
11, 33213, 109.54881868872752, 109.54881868872752, 'SEARCH'
11, 33214, 109.52560667653673, 109.52560667653673, 'SEARCH'
11, 33215, 109.5155240457158, 109.5155240457158, 'SEARCH'
11, 33216, 109.51476768437318, 109.51476768437318, 'SEARCH'
11, 33217, 109.50117616450576, 109.50117616450576, 'SEARCH'
11, 33218, 109.49566227496182, 109.49566227496182, 'SEARCH'
11, 33219, 109.47988715612344, 109.47988715612344, 'SEARCH'
11, 33220, 109.4550836129131, 109.4550836129131, 'SEARCH'
11, 33221, 109.43659048614695, 109.43659048614695, 'SEARCH'
11, 33222, 109.411438431581, 109.411438431581, 'SEARCH'
11, 33223, 109.39358293800309, 109.39358293800309, 'SEARCH'
11, 33224, 109.3788012684511, 109.3788012684511, 'SEARCH'
11, 33225, 109.38040286435289, 109.38040286435289, 'SEARCH'
11, 33226, 109.35525947203708, 109.35525947203708, 'SEARCH'
11, 33227, 109.34847179316337, 109.34847179316337, 'SEARCH'
11, 33228, 109.32225529855853, 109.32225529855853, 'SEARCH'
11, 33229, 109.29461453931899, 109.29461453931899, 'SEARCH'
11, 33230, 109.27040920189388, 109.27040920189388, 'SEARCH'
11, 33231, 109.24353366310024, 109.24353366310024, 'SEARCH'
11, 33232, 109.25761152743397, 109.25761152743397, 'SEARCH'
11, 33233, 109.23000112392738, 109.23000112392738, 'SEARCH'
11, 33234, 109.21639259124923, 109.21639259124923, 'SEARCH'
11, 33235, 109.18917307980485, 109.18917307980485, 'SEARCH'
11, 33236, 109.17347207741466, 109.17347207741466, 'SEARCH'
11, 33237, 109.1459313757728, 109.1459313757728, 'SEARCH'
11, 33238, 109.1220046673043, 109.1220046673043, 'SEARCH'
11, 33239, 109.09911359362694, 109.09911359362694, 'SEARCH'
11, 33240, 109.10368303888187, 109.10368303888187, 'SEARCH'
11, 33241, 109.0803054145141, 109.0803054145141, 'SEARCH'
11, 33242, 109.07379294707079, 109.07379294707079, 'SEARCH'
11, 33243, 109.0526099126514, 109.0526099126514, 'SEARCH'
11, 33244, 109.02557200670329, 109.02557200670329, 'SEARCH'
11, 33245, 109.02619083424706, 109.02619083424706, 'SEARCH'
11, 33246, 109.00875570616633, 109.00875570616633, 'SEARCH'
11, 33247, 108.98658292363982, 108.98658292363982, 'SEARCH'
11, 33248, 108.99235537865808, 108.99235537865808, 'SEARCH'
11, 33249, 108.96516765196932, 108.96516765196932, 'SEARCH'
11, 33250, 108.94457135157671, 108.94457135157671, 'SEARCH'
11, 33251, 108.95269488450742, 108.95269488450742, 'SEARCH'
11, 33252, 108.92661914742337, 108.92661914742337, 'SEARCH'
11, 33253, 108.91801137927884, 108.91801137927884, 'SEARCH'
11, 33254, 108.89698956370725, 108.89698956370725, 'SEARCH'
11, 33255, 108.88342147827949, 108.88342147827949, 'SEARCH'
11, 33256, 108.85676656802576, 108.85676656802576, 'SEARCH'
11, 33257, 108.85182585831822, 108.85182585831822, 'SEARCH'
11, 33258, 108.83735762584476, 108.83735762584476, 'SEARCH'
11, 33259, 108.82808815477443, 108.82808815477443, 'SEARCH'
11, 33260, 108.8206074085286, 108.8206074085286, 'SEARCH'
11, 33261, 108.81471831603552, 108.81471831603552, 'SEARCH'
11, 33262, 108.79862417315849, 108.79862417315849, 'SEARCH'
11, 33263, 108.77200011212304, 108.77200011212304, 'SEARCH'
11, 33264, 108.757867159174, 108.757867159174, 'SEARCH'
11, 33265, 108.75340226890063, 108.75340226890063, 'SEARCH'
11, 33266, 108.72562515797291, 108.72562515797291, 'SEARCH'
11, 33267, 108.70519908040255, 108.70519908040255, 'SEARCH'
11, 33268, 108.6774761169241, 108.6774761169241, 'SEARCH'
11, 33269, 108.65100597022096, 108.65100597022096, 'SEARCH'
11, 33270, 108.66475153731457, 108.66475153731457, 'SEARCH'
11, 33271, 108.64010994924817, 108.64010994924817, 'SEARCH'
11, 33272, 108.61362244401981, 108.61362244401981, 'SEARCH'
11, 33273, 108.60623408572641, 108.60623408572641, 'SEARCH'
11, 33274, 108.61501801021612, 108.61501801021612, 'SEARCH'
11, 33275, 108.59032561017602, 108.59032561017602, 'SEARCH'
11, 33276, 108.58466422802239, 108.58466422802239, 'SEARCH'
11, 33277, 108.55692220753807, 108.55692220753807, 'SEARCH'
11, 33278, 108.5300708714033, 108.5300708714033, 'SEARCH'
11, 33279, 108.51504834168368, 108.51504834168368, 'SEARCH'
11, 33280, 108.4873435912591, 108.4873435912591, 'SEARCH'
11, 33281, 108.48598861016444, 108.48598861016444, 'SEARCH'
11, 33282, 108.4598791041196, 108.4598791041196, 'SEARCH'
11, 33283, 108.44940356018951, 108.44940356018951, 'SEARCH'
11, 33284, 108.42567662997433, 108.42567662997433, 'SEARCH'
11, 33285, 108.40868903571811, 108.40868903571811, 'SEARCH'
11, 33286, 108.39228177233672, 108.39228177233672, 'SEARCH'
11, 33287, 108.3741954567387, 108.3741954567387, 'SEARCH'
11, 33288, 108.34720930998594, 108.34720930998594, 'SEARCH'
11, 33289, 108.33608333833682, 108.33608333833682, 'SEARCH'
11, 33290, 108.3470526908941, 108.3470526908941, 'SEARCH'
11, 33291, 108.34418803317378, 108.34418803317378, 'SEARCH'
11, 33292, 108.35589205466444, 108.35589205466444, 'SEARCH'
11, 33293, 108.34426661388652, 108.34426661388652, 'SEARCH'
11, 33294, 108.32713419409754, 108.32713419409754, 'SEARCH'
11, 33295, 108.30934432500247, 108.30934432500247, 'SEARCH'
11, 33296, 108.28264349011042, 108.28264349011042, 'SEARCH'
11, 33297, 108.26203288482296, 108.26203288482296, 'SEARCH'
11, 33298, 108.24043583003619, 108.24043583003619, 'SEARCH'
11, 33299, 108.21522241738157, 108.21522241738157, 'SEARCH'
11, 33300, 108.21489059245306, 108.21489059245306, 'SEARCH'
11, 33301, 108.20191214392082, 108.20191214392082, 'SEARCH'
11, 33302, 108.20578946354674, 108.20578946354674, 'SEARCH'
11, 33303, 108.1989966610622, 108.1989966610622, 'SEARCH'
11, 33304, 108.19739465022005, 108.19739465022005, 'SEARCH'
11, 33305, 108.17628024270313, 108.17628024270313, 'SEARCH'
11, 33306, 108.16053058477722, 108.16053058477722, 'SEARCH'
11, 33307, 108.13508550537176, 108.13508550537176, 'SEARCH'
11, 33308, 108.1104514220984, 108.1104514220984, 'SEARCH'
11, 33309, 108.08297075833283, 108.08297075833283, 'SEARCH'
11, 33310, 108.05617757117314, 108.05617757117314, 'SEARCH'
11, 33311, 108.0284025420237, 108.0284025420237, 'SEARCH'
11, 33312, 108.00837605171799, 108.00837605171799, 'SEARCH'
11, 33313, 108.0217541339798, 108.0217541339798, 'SEARCH'
11, 33314, 108.00770017844378, 108.00770017844378, 'SEARCH'
11, 33315, 107.98000748457136, 107.98000748457136, 'SEARCH'
11, 33316, 107.96308426326642, 107.96308426326642, 'SEARCH'
11, 33317, 107.95764760123424, 107.95764760123424, 'SEARCH'
11, 33318, 107.9448434767805, 107.9448434767805, 'SEARCH'
11, 33319, 107.92113949987244, 107.92113949987244, 'SEARCH'
11, 33320, 107.89452172604652, 107.89452172604652, 'SEARCH'
11, 33321, 107.88042140138782, 107.88042140138782, 'SEARCH'
11, 33322, 107.85377005097224, 107.85377005097224, 'SEARCH'
11, 33323, 107.83759313366251, 107.83759313366251, 'SEARCH'
11, 33324, 107.82686131832847, 107.82686131832847, 'SEARCH'
11, 33325, 107.833171326349, 107.833171326349, 'SEARCH'
11, 33326, 107.82369864696783, 107.82369864696783, 'SEARCH'
11, 33327, 107.80435695383368, 107.80435695383368, 'SEARCH'
11, 33328, 107.8054743460455, 107.8054743460455, 'SEARCH'
11, 33329, 107.78163393953454, 107.78163393953454, 'SEARCH'
11, 33330, 107.76350873061136, 107.76350873061136, 'SEARCH'
11, 33331, 107.74969222842472, 107.74969222842472, 'SEARCH'
11, 33332, 107.7272323353175, 107.7272323353175, 'SEARCH'
11, 33333, 107.72528883040965, 107.72528883040965, 'SEARCH'
11, 33334, 107.71302845093216, 107.71302845093216, 'SEARCH'
11, 33335, 107.68592709773652, 107.68592709773652, 'SEARCH'
11, 33336, 107.65878790228795, 107.65878790228795, 'SEARCH'
11, 33337, 107.631205070249, 107.631205070249, 'SEARCH'
11, 33338, 107.64287107262614, 107.64287107262614, 'SEARCH'
11, 33339, 107.62789017476982, 107.62789017476982, 'SEARCH'
11, 33340, 107.6373125405017, 107.6373125405017, 'SEARCH'
11, 33341, 107.61167359444698, 107.61167359444698, 'SEARCH'
11, 33342, 107.618683586781, 107.618683586781, 'SEARCH'
11, 33343, 107.61453916373003, 107.61453916373003, 'SEARCH'
11, 33344, 107.59622669859358, 107.59622669859358, 'SEARCH'
11, 33345, 107.57544629814134, 107.57544629814134, 'SEARCH'
11, 33346, 107.55178671463169, 107.55178671463169, 'SEARCH'
11, 33347, 107.53413773927902, 107.53413773927902, 'SEARCH'
11, 33348, 107.50796186000468, 107.50796186000468, 'SEARCH'
11, 33349, 107.4826993715987, 107.4826993715987, 'SEARCH'
11, 33350, 107.45827633778595, 107.45827633778595, 'SEARCH'
11, 33351, 107.4472877844268, 107.4472877844268, 'SEARCH'
11, 33352, 107.42336516115016, 107.42336516115016, 'SEARCH'
11, 33353, 107.42747314268166, 107.42747314268166, 'SEARCH'
11, 33354, 107.40060408131934, 107.40060408131934, 'SEARCH'
11, 33355, 107.38860838852679, 107.38860838852679, 'SEARCH'
11, 33356, 107.38680041920765, 107.38680041920765, 'SEARCH'
11, 33357, 107.36684512953921, 107.36684512953921, 'SEARCH'
11, 33358, 107.34091439549455, 107.34091439549455, 'SEARCH'
11, 33359, 107.32878879656657, 107.32878879656657, 'SEARCH'
11, 33360, 107.3128439089817, 107.3128439089817, 'SEARCH'
11, 33361, 107.311314889272, 107.311314889272, 'SEARCH'
11, 33362, 107.31501314538589, 107.31501314538589, 'SEARCH'
11, 33363, 107.28728877408825, 107.28728877408825, 'SEARCH'
11, 33364, 107.26027610737184, 107.26027610737184, 'SEARCH'
11, 33365, 107.24958837285784, 107.24958837285784, 'SEARCH'
11, 33366, 107.2466061927438, 107.2466061927438, 'SEARCH'
11, 33367, 107.21912317539595, 107.21912317539595, 'SEARCH'
11, 33368, 107.20928729576272, 107.20928729576272, 'SEARCH'
11, 33369, 107.19068143401802, 107.19068143401802, 'SEARCH'
11, 33370, 107.17144048247191, 107.17144048247191, 'SEARCH'
11, 33371, 107.15284205048398, 107.15284205048398, 'SEARCH'
11, 33372, 107.13346769414103, 107.13346769414103, 'SEARCH'
11, 33373, 107.1123186229188, 107.1123186229188, 'SEARCH'
11, 33374, 107.08456392124067, 107.08456392124067, 'SEARCH'
11, 33375, 107.06060382644549, 107.06060382644549, 'SEARCH'
11, 33376, 107.03336927958885, 107.03336927958885, 'SEARCH'
11, 33377, 107.02600391324097, 107.02600391324097, 'SEARCH'
11, 33378, 107.01236367061925, 107.01236367061925, 'SEARCH'
11, 33379, 107.02341619785851, 107.02341619785851, 'SEARCH'
11, 33380, 106.9963758849831, 106.9963758849831, 'SEARCH'
11, 33381, 106.97682020173629, 106.97682020173629, 'SEARCH'
11, 33382, 106.95256111791177, 106.95256111791177, 'SEARCH'
11, 33383, 106.93322641511212, 106.93322641511212, 'SEARCH'
11, 33384, 106.91863277373491, 106.91863277373491, 'SEARCH'
11, 33385, 106.89478115249143, 106.89478115249143, 'SEARCH'
11, 33386, 106.90488575825778, 106.90488575825778, 'SEARCH'
11, 33387, 106.87819917991298, 106.87819917991298, 'SEARCH'
11, 33388, 106.86864372240488, 106.86864372240488, 'SEARCH'
11, 33389, 106.84339921447624, 106.84339921447624, 'SEARCH'
11, 33390, 106.84266760843875, 106.84266760843875, 'SEARCH'
11, 33391, 106.8219330625292, 106.8219330625292, 'SEARCH'
11, 33392, 106.79461820933768, 106.79461820933768, 'SEARCH'
11, 33393, 106.78766049054754, 106.78766049054754, 'SEARCH'
11, 33394, 106.77624160682568, 106.77624160682568, 'SEARCH'
11, 33395, 106.74883964252827, 106.74883964252827, 'SEARCH'
11, 33396, 106.72590084026668, 106.72590084026668, 'SEARCH'
11, 33397, 106.7025644385328, 106.7025644385328, 'SEARCH'
11, 33398, 106.67583534680965, 106.67583534680965, 'SEARCH'
11, 33399, 106.66038041768, 106.66038041768, 'SEARCH'
11, 33400, 106.63321205759593, 106.63321205759593, 'SEARCH'
11, 33401, 106.60678611749931, 106.60678611749931, 'SEARCH'
11, 33402, 106.60445613467314, 106.60445613467314, 'SEARCH'
11, 33403, 106.58891505466093, 106.58891505466093, 'SEARCH'
11, 33404, 106.57858008319644, 106.57858008319644, 'SEARCH'
11, 33405, 106.57331362363028, 106.57331362363028, 'SEARCH'
11, 33406, 106.55371549823587, 106.55371549823587, 'SEARCH'
11, 33407, 106.53093936677702, 106.53093936677702, 'SEARCH'
11, 33408, 106.5131827543924, 106.5131827543924, 'SEARCH'
11, 33409, 106.51179970785635, 106.51179970785635, 'SEARCH'
11, 33410, 106.52394692555877, 106.52394692555877, 'SEARCH'
11, 33411, 106.49742544985902, 106.49742544985902, 'SEARCH'
11, 33412, 106.47098314396726, 106.47098314396726, 'SEARCH'
11, 33413, 106.45661121753743, 106.45661121753743, 'SEARCH'
11, 33414, 106.4530780934395, 106.4530780934395, 'SEARCH'
11, 33415, 106.43654836987665, 106.43654836987665, 'SEARCH'
11, 33416, 106.44800042233997, 106.44800042233997, 'SEARCH'
11, 33417, 106.42300964769413, 106.42300964769413, 'SEARCH'
11, 33418, 106.39913033651862, 106.39913033651862, 'SEARCH'
11, 33419, 106.38763051923029, 106.38763051923029, 'SEARCH'
11, 33420, 106.36340858620188, 106.36340858620188, 'SEARCH'
11, 33421, 106.36237450150841, 106.36237450150841, 'SEARCH'
11, 33422, 106.35079119201905, 106.35079119201905, 'SEARCH'
11, 33423, 106.32857222849502, 106.32857222849502, 'SEARCH'
11, 33424, 106.32241454153086, 106.32241454153086, 'SEARCH'
11, 33425, 106.30084064111865, 106.30084064111865, 'SEARCH'
11, 33426, 106.29413823913079, 106.29413823913079, 'SEARCH'
11, 33427, 106.27696008721952, 106.27696008721952, 'SEARCH'
11, 33428, 106.2555487662515, 106.2555487662515, 'SEARCH'
11, 33429, 106.24959898649813, 106.24959898649813, 'SEARCH'
11, 33430, 106.24261028969269, 106.24261028969269, 'SEARCH'
11, 33431, 106.21689690927496, 106.21689690927496, 'SEARCH'
11, 33432, 106.18921590511333, 106.18921590511333, 'SEARCH'
11, 33433, 106.1626076805401, 106.1626076805401, 'SEARCH'
11, 33434, 106.13529132415252, 106.13529132415252, 'SEARCH'
11, 33435, 106.12833447665776, 106.12833447665776, 'SEARCH'
11, 33436, 106.1337740262151, 106.1337740262151, 'SEARCH'
11, 33437, 106.1304128154747, 106.1304128154747, 'SEARCH'
11, 33438, 106.10445045223189, 106.10445045223189, 'SEARCH'
11, 33439, 106.08043781922021, 106.08043781922021, 'SEARCH'
11, 33440, 106.05741097203281, 106.05741097203281, 'SEARCH'
11, 33441, 106.03884457022666, 106.03884457022666, 'SEARCH'
11, 33442, 106.03650671062844, 106.03650671062844, 'SEARCH'
11, 33443, 106.04822162412096, 106.04822162412096, 'SEARCH'
11, 33444, 106.02642336217305, 106.02642336217305, 'SEARCH'
11, 33445, 106.0133422395085, 106.0133422395085, 'SEARCH'
11, 33446, 106.00041493896595, 106.00041493896595, 'SEARCH'
11, 33447, 105.98076716385134, 105.98076716385134, 'SEARCH'
11, 33448, 105.96259005562506, 105.96259005562506, 'SEARCH'
11, 33449, 105.95781720732478, 105.95781720732478, 'SEARCH'
11, 33450, 105.95969932919702, 105.95969932919702, 'SEARCH'
11, 33451, 105.93959706018853, 105.93959706018853, 'SEARCH'
11, 33452, 105.9493401814876, 105.9493401814876, 'SEARCH'
11, 33453, 105.94802173004405, 105.94802173004405, 'SEARCH'
11, 33454, 105.92028309270813, 105.92028309270813, 'SEARCH'
11, 33455, 105.89473403404747, 105.89473403404747, 'SEARCH'
11, 33456, 105.8952603734887, 105.8952603734887, 'SEARCH'
11, 33457, 105.87092785951437, 105.87092785951437, 'SEARCH'
11, 33458, 105.86106799047107, 105.86106799047107, 'SEARCH'
11, 33459, 105.84178885806, 105.84178885806, 'SEARCH'
11, 33460, 105.83416636549629, 105.83416636549629, 'SEARCH'
11, 33461, 105.81791197995585, 105.81791197995585, 'SEARCH'
11, 33462, 105.79601295823558, 105.79601295823558, 'SEARCH'
11, 33463, 105.79903663258982, 105.79903663258982, 'SEARCH'
11, 33464, 105.77168034278483, 105.77168034278483, 'SEARCH'
11, 33465, 105.74651134377825, 105.74651134377825, 'SEARCH'
11, 33466, 105.72756631589435, 105.72756631589435, 'SEARCH'
11, 33467, 105.70059847991065, 105.70059847991065, 'SEARCH'
11, 33468, 105.67874260168223, 105.67874260168223, 'SEARCH'
11, 33469, 105.65846342478528, 105.65846342478528, 'SEARCH'
11, 33470, 105.64672564150496, 105.64672564150496, 'SEARCH'
11, 33471, 105.62160436819337, 105.62160436819337, 'SEARCH'
11, 33472, 105.62220026590838, 105.62220026590838, 'SEARCH'
11, 33473, 105.60625635624979, 105.60625635624979, 'SEARCH'
11, 33474, 105.57849242335246, 105.57849242335246, 'SEARCH'
11, 33475, 105.5552267241602, 105.5552267241602, 'SEARCH'
11, 33476, 105.55381920093322, 105.55381920093322, 'SEARCH'
11, 33477, 105.53074732509008, 105.53074732509008, 'SEARCH'
11, 33478, 105.52869616528415, 105.52869616528415, 'SEARCH'
11, 33479, 105.51941882456885, 105.51941882456885, 'SEARCH'
11, 33480, 105.49164365514159, 105.49164365514159, 'SEARCH'
11, 33481, 105.48439142971476, 105.48439142971476, 'SEARCH'
11, 33482, 105.46099883165505, 105.46099883165505, 'SEARCH'
11, 33483, 105.47254542485177, 105.47254542485177, 'SEARCH'
11, 33484, 105.4636332451714, 105.4636332451714, 'SEARCH'
11, 33485, 105.43612993470336, 105.43612993470336, 'SEARCH'
11, 33486, 105.42356439621513, 105.42356439621513, 'SEARCH'
11, 33487, 105.39650919319809, 105.39650919319809, 'SEARCH'
11, 33488, 105.36893588388568, 105.36893588388568, 'SEARCH'
11, 33489, 105.3431519890325, 105.3431519890325, 'SEARCH'
11, 33490, 105.35325946053082, 105.35325946053082, 'SEARCH'
11, 33491, 105.36000512600286, 105.36000512600286, 'SEARCH'
11, 33492, 105.33420855251237, 105.33420855251237, 'SEARCH'
11, 33493, 105.31482396990438, 105.31482396990438, 'SEARCH'
11, 33494, 105.30110061579475, 105.30110061579475, 'SEARCH'
11, 33495, 105.30153035633634, 105.30153035633634, 'SEARCH'
11, 33496, 105.27384243961237, 105.27384243961237, 'SEARCH'
11, 33497, 105.24645934167896, 105.24645934167896, 'SEARCH'
11, 33498, 105.22122410146316, 105.22122410146316, 'SEARCH'
11, 33499, 105.19346939213405, 105.19346939213405, 'SEARCH'
11, 33500, 105.17645940428015, 105.17645940428015, 'SEARCH'
11, 33501, 105.1873285557017, 105.1873285557017, 'SEARCH'
11, 33502, 105.16046524992542, 105.16046524992542, 'SEARCH'
11, 33503, 105.13588290628235, 105.13588290628235, 'SEARCH'
11, 33504, 105.12383846921345, 105.12383846921345, 'SEARCH'
11, 33505, 105.09621338693965, 105.09621338693965, 'SEARCH'
11, 33506, 105.06843898854716, 105.06843898854716, 'SEARCH'
11, 33507, 105.04098827775735, 105.04098827775735, 'SEARCH'
11, 33508, 105.01321799558993, 105.01321799558993, 'SEARCH'
11, 33509, 105.01632137428427, 105.01632137428427, 'SEARCH'
11, 33510, 104.99072970020029, 104.99072970020029, 'SEARCH'
11, 33511, 104.97629338717314, 104.97629338717314, 'SEARCH'
11, 33512, 104.96385199122977, 104.96385199122977, 'SEARCH'
11, 33513, 104.94633688412452, 104.94633688412452, 'SEARCH'
11, 33514, 104.92913710102508, 104.92913710102508, 'SEARCH'
11, 33515, 104.90384620414784, 104.90384620414784, 'SEARCH'
11, 33516, 104.91278770094158, 104.91278770094158, 'SEARCH'
11, 33517, 104.88519021442018, 104.88519021442018, 'SEARCH'
11, 33518, 104.8745176561117, 104.8745176561117, 'SEARCH'
11, 33519, 104.88166226988061, 104.88166226988061, 'SEARCH'
11, 33520, 104.87760152797199, 104.87760152797199, 'SEARCH'
11, 33521, 104.85448792369962, 104.85448792369962, 'SEARCH'
11, 33522, 104.83503791714058, 104.83503791714058, 'SEARCH'
11, 33523, 104.81332615051672, 104.81332615051672, 'SEARCH'
11, 33524, 104.81941911418086, 104.81941911418086, 'SEARCH'
11, 33525, 104.80169670815964, 104.80169670815964, 'SEARCH'
11, 33526, 104.77597518688458, 104.77597518688458, 'SEARCH'
11, 33527, 104.75893331097176, 104.75893331097176, 'SEARCH'
11, 33528, 104.74809172950357, 104.74809172950357, 'SEARCH'
11, 33529, 104.73535522358684, 104.73535522358684, 'SEARCH'
11, 33530, 104.70971175558333, 104.70971175558333, 'SEARCH'
11, 33531, 104.70612385316751, 104.70612385316751, 'SEARCH'
11, 33532, 104.6806915047877, 104.6806915047877, 'SEARCH'
11, 33533, 104.65368109120068, 104.65368109120068, 'SEARCH'
11, 33534, 104.66520984540988, 104.66520984540988, 'SEARCH'
11, 33535, 104.66124886230865, 104.66124886230865, 'SEARCH'
11, 33536, 104.64177236483698, 104.64177236483698, 'SEARCH'
11, 33537, 104.61468601311218, 104.61468601311218, 'SEARCH'
11, 33538, 104.59868951115409, 104.59868951115409, 'SEARCH'
11, 33539, 104.5985152926584, 104.5985152926584, 'SEARCH'
11, 33540, 104.57270132139878, 104.57270132139878, 'SEARCH'
11, 33541, 104.54558569497712, 104.54558569497712, 'SEARCH'
11, 33542, 104.51847313336408, 104.51847313336408, 'SEARCH'
11, 33543, 104.49171778802655, 104.49171778802655, 'SEARCH'
11, 33544, 104.46394156097507, 104.46394156097507, 'SEARCH'
11, 33545, 104.43619472802644, 104.43619472802644, 'SEARCH'
11, 33546, 104.42614650011403, 104.42614650011403, 'SEARCH'
11, 33547, 104.43855245209762, 104.43855245209762, 'SEARCH'
11, 33548, 104.44298800712203, 104.44298800712203, 'SEARCH'
11, 33549, 104.43681080526365, 104.43681080526365, 'SEARCH'
11, 33550, 104.41744834954403, 104.41744834954403, 'SEARCH'
11, 33551, 104.39797973998891, 104.39797973998891, 'SEARCH'
11, 33552, 104.40919103495521, 104.40919103495521, 'SEARCH'
11, 33553, 104.39813183793225, 104.39813183793225, 'SEARCH'
11, 33554, 104.40889796949546, 104.40889796949546, 'SEARCH'
11, 33555, 104.39960773820076, 104.39960773820076, 'SEARCH'
11, 33556, 104.38205700574983, 104.38205700574983, 'SEARCH'
11, 33557, 104.3544581253785, 104.3544581253785, 'SEARCH'
11, 33558, 104.36644854307053, 104.36644854307053, 'SEARCH'
11, 33559, 104.3440409653491, 104.3440409653491, 'SEARCH'
11, 33560, 104.32045486207869, 104.32045486207869, 'SEARCH'
11, 33561, 104.30001454455032, 104.30001454455032, 'SEARCH'
11, 33562, 104.28060877814077, 104.28060877814077, 'SEARCH'
11, 33563, 104.25574556611336, 104.25574556611336, 'SEARCH'
11, 33564, 104.24523452446067, 104.24523452446067, 'SEARCH'
11, 33565, 104.25124277469524, 104.25124277469524, 'SEARCH'
11, 33566, 104.23032169176554, 104.23032169176554, 'SEARCH'
11, 33567, 104.21685004652436, 104.21685004652436, 'SEARCH'
11, 33568, 104.22758656886285, 104.22758656886285, 'SEARCH'
11, 33569, 104.2216318323668, 104.2216318323668, 'SEARCH'
11, 33570, 104.19525301013262, 104.19525301013262, 'SEARCH'
11, 33571, 104.17049115114742, 104.17049115114742, 'SEARCH'
11, 33572, 104.15372898789121, 104.15372898789121, 'SEARCH'
11, 33573, 104.13599747775457, 104.13599747775457, 'SEARCH'
11, 33574, 104.1260457346788, 104.1260457346788, 'SEARCH'
11, 33575, 104.09999068547931, 104.09999068547931, 'SEARCH'
11, 33576, 104.07998843076089, 104.07998843076089, 'SEARCH'
11, 33577, 104.05758167372633, 104.05758167372633, 'SEARCH'
11, 33578, 104.03350877313574, 104.03350877313574, 'SEARCH'
11, 33579, 104.00806510079624, 104.00806510079624, 'SEARCH'
11, 33580, 104.00013279679624, 104.00013279679624, 'SEARCH'
11, 33581, 104.00916302046092, 104.00916302046092, 'SEARCH'
11, 33582, 103.98801151866068, 103.98801151866068, 'SEARCH'
11, 33583, 103.97087719933941, 103.97087719933941, 'SEARCH'
11, 33584, 103.95900661700884, 103.95900661700884, 'SEARCH'
11, 33585, 103.9312393930313, 103.9312393930313, 'SEARCH'
11, 33586, 103.92063000290796, 103.92063000290796, 'SEARCH'
11, 33587, 103.89286519228826, 103.89286519228826, 'SEARCH'
11, 33588, 103.87639059810837, 103.87639059810837, 'SEARCH'
11, 33589, 103.88299110073143, 103.88299110073143, 'SEARCH'
11, 33590, 103.85523679840267, 103.85523679840267, 'SEARCH'
11, 33591, 103.8354386784956, 103.8354386784956, 'SEARCH'
11, 33592, 103.80782303386202, 103.80782303386202, 'SEARCH'
11, 33593, 103.79070918395709, 103.79070918395709, 'SEARCH'
11, 33594, 103.77167441610906, 103.77167441610906, 'SEARCH'
11, 33595, 103.7454819221973, 103.7454819221973, 'SEARCH'
11, 33596, 103.75488813322835, 103.75488813322835, 'SEARCH'
11, 33597, 103.7407434169346, 103.7407434169346, 'SEARCH'
11, 33598, 103.71741624358452, 103.71741624358452, 'SEARCH'
11, 33599, 103.70211312461774, 103.70211312461774, 'SEARCH'
11, 33600, 103.71421293346744, 103.71421293346744, 'SEARCH'
11, 33601, 103.69512077232868, 103.69512077232868, 'SEARCH'
11, 33602, 103.69984250105527, 103.69984250105527, 'SEARCH'
11, 33603, 103.68960791746183, 103.68960791746183, 'SEARCH'
11, 33604, 103.66404967446182, 103.66404967446182, 'SEARCH'
11, 33605, 103.64732625911995, 103.64732625911995, 'SEARCH'
11, 33606, 103.62473797600506, 103.62473797600506, 'SEARCH'
11, 33607, 103.61813954067978, 103.61813954067978, 'SEARCH'
11, 33608, 103.59145911930193, 103.59145911930193, 'SEARCH'
11, 33609, 103.58624135112383, 103.58624135112383, 'SEARCH'
11, 33610, 103.59333880098228, 103.59333880098228, 'SEARCH'
11, 33611, 103.58632823479017, 103.58632823479017, 'SEARCH'
11, 33612, 103.57866152018052, 103.57866152018052, 'SEARCH'
11, 33613, 103.5741027188645, 103.5741027188645, 'SEARCH'
11, 33614, 103.54814665674766, 103.54814665674766, 'SEARCH'
11, 33615, 103.53917496463633, 103.53917496463633, 'SEARCH'
11, 33616, 103.53071586635495, 103.53071586635495, 'SEARCH'
11, 33617, 103.51288916697031, 103.51288916697031, 'SEARCH'
11, 33618, 103.4874498000772, 103.4874498000772, 'SEARCH'
11, 33619, 103.4610903815796, 103.4610903815796, 'SEARCH'
11, 33620, 103.4404886188442, 103.4404886188442, 'SEARCH'
11, 33621, 103.414032400671, 103.414032400671, 'SEARCH'
11, 33622, 103.38681417604292, 103.38681417604292, 'SEARCH'
11, 33623, 103.37151548530494, 103.37151548530494, 'SEARCH'
11, 33624, 103.36684154101442, 103.36684154101442, 'SEARCH'
11, 33625, 103.37810527423825, 103.37810527423825, 'SEARCH'
11, 33626, 103.36238097530895, 103.36238097530895, 'SEARCH'
11, 33627, 103.33880032836483, 103.33880032836483, 'SEARCH'
11, 33628, 103.31108381092537, 103.31108381092537, 'SEARCH'
11, 33629, 103.28552872836724, 103.28552872836724, 'SEARCH'
11, 33630, 103.29780567354386, 103.29780567354386, 'SEARCH'
11, 33631, 103.28840718081187, 103.28840718081187, 'SEARCH'
11, 33632, 103.27589709996698, 103.27589709996698, 'SEARCH'
11, 33633, 103.2543360487497, 103.2543360487497, 'SEARCH'
11, 33634, 103.22700635834205, 103.22700635834205, 'SEARCH'
11, 33635, 103.23248636837157, 103.23248636837157, 'SEARCH'
11, 33636, 103.23631230427462, 103.23631230427462, 'SEARCH'
11, 33637, 103.21261742841652, 103.21261742841652, 'SEARCH'
11, 33638, 103.196151900651, 103.196151900651, 'SEARCH'
11, 33639, 103.17167093727404, 103.17167093727404, 'SEARCH'
11, 33640, 103.14612948945322, 103.14612948945322, 'SEARCH'
11, 33641, 103.12907164020132, 103.12907164020132, 'SEARCH'
11, 33642, 103.13093800219703, 103.13093800219703, 'SEARCH'
11, 33643, 103.10431978706966, 103.10431978706966, 'SEARCH'
11, 33644, 103.07862592329468, 103.07862592329468, 'SEARCH'
11, 33645, 103.07619812791724, 103.07619812791724, 'SEARCH'
11, 33646, 103.05203060735576, 103.05203060735576, 'SEARCH'
11, 33647, 103.03292956184156, 103.03292956184156, 'SEARCH'
11, 33648, 103.00842755211283, 103.00842755211283, 'SEARCH'
11, 33649, 103.01984022302213, 103.01984022302213, 'SEARCH'
11, 33650, 102.99208364269906, 102.99208364269906, 'SEARCH'
11, 33651, 102.96430961745591, 102.96430961745591, 'SEARCH'
11, 33652, 102.96677821524119, 102.96677821524119, 'SEARCH'
11, 33653, 102.95399714744946, 102.95399714744946, 'SEARCH'
11, 33654, 102.93938001400741, 102.93938001400741, 'SEARCH'
11, 33655, 102.9166031901876, 102.9166031901876, 'SEARCH'
11, 33656, 102.88894120211216, 102.88894120211216, 'SEARCH'
11, 33657, 102.88315234663428, 102.88315234663428, 'SEARCH'
11, 33658, 102.85593071246346, 102.85593071246346, 'SEARCH'
11, 33659, 102.84791465507709, 102.84791465507709, 'SEARCH'
11, 33660, 102.82803543450314, 102.82803543450314, 'SEARCH'
11, 33661, 102.80036628692154, 102.80036628692154, 'SEARCH'
11, 33662, 102.77783949717802, 102.77783949717802, 'SEARCH'
11, 33663, 102.76464029868481, 102.76464029868481, 'SEARCH'
11, 33664, 102.77736188612995, 102.77736188612995, 'SEARCH'
11, 33665, 102.7726732616102, 102.7726732616102, 'SEARCH'
11, 33666, 102.74499059281892, 102.74499059281892, 'SEARCH'
11, 33667, 102.73755431624315, 102.73755431624315, 'SEARCH'
11, 33668, 102.71011957905282, 102.71011957905282, 'SEARCH'
11, 33669, 102.68761809370602, 102.68761809370602, 'SEARCH'
11, 33670, 102.66620115291973, 102.66620115291973, 'SEARCH'
11, 33671, 102.64412004083323, 102.64412004083323, 'SEARCH'
11, 33672, 102.61641566199818, 102.61641566199818, 'SEARCH'
11, 33673, 102.5956738387007, 102.5956738387007, 'SEARCH'
11, 33674, 102.57206787229325, 102.57206787229325, 'SEARCH'
11, 33675, 102.57433263693272, 102.57433263693272, 'SEARCH'
11, 33676, 102.55681144698423, 102.55681144698423, 'SEARCH'
11, 33677, 102.5619483793926, 102.5619483793926, 'SEARCH'
11, 33678, 102.54033898501466, 102.54033898501466, 'SEARCH'
11, 33679, 102.51571554435729, 102.51571554435729, 'SEARCH'
11, 33680, 102.51016633637312, 102.51016633637312, 'SEARCH'
11, 33681, 102.5011438479956, 102.5011438479956, 'SEARCH'
11, 33682, 102.51312751430926, 102.51312751430926, 'SEARCH'
11, 33683, 102.50689812828163, 102.50689812828163, 'SEARCH'
11, 33684, 102.5066842391483, 102.5066842391483, 'SEARCH'
11, 33685, 102.49035209425251, 102.49035209425251, 'SEARCH'
11, 33686, 102.47349202865212, 102.47349202865212, 'SEARCH'
11, 33687, 102.45727365508064, 102.45727365508064, 'SEARCH'
11, 33688, 102.4524957197941, 102.4524957197941, 'SEARCH'
11, 33689, 102.46131833701021, 102.46131833701021, 'SEARCH'
11, 33690, 102.44038599272393, 102.44038599272393, 'SEARCH'
11, 33691, 102.4420468355657, 102.4420468355657, 'SEARCH'
11, 33692, 102.41711818628278, 102.41711818628278, 'SEARCH'
11, 33693, 102.3920985119423, 102.3920985119423, 'SEARCH'
11, 33694, 102.38856107479965, 102.38856107479965, 'SEARCH'
11, 33695, 102.36198200950754, 102.36198200950754, 'SEARCH'
11, 33696, 102.3342570575105, 102.3342570575105, 'SEARCH'
11, 33697, 102.32976742318498, 102.32976742318498, 'SEARCH'
11, 33698, 102.30845201437378, 102.30845201437378, 'SEARCH'
11, 33699, 102.29685874179572, 102.29685874179572, 'SEARCH'
11, 33700, 102.27141961829594, 102.27141961829594, 'SEARCH'
11, 33701, 102.2459971769578, 102.2459971769578, 'SEARCH'
11, 33702, 102.25490595668579, 102.25490595668579, 'SEARCH'
11, 33703, 102.23630635915505, 102.23630635915505, 'SEARCH'
11, 33704, 102.24744986686466, 102.24744986686466, 'SEARCH'
11, 33705, 102.22586855740742, 102.22586855740742, 'SEARCH'
11, 33706, 102.19839938785286, 102.19839938785286, 'SEARCH'
11, 33707, 102.17071373771165, 102.17071373771165, 'SEARCH'
11, 33708, 102.14661772091556, 102.14661772091556, 'SEARCH'
11, 33709, 102.1213006466264, 102.1213006466264, 'SEARCH'
11, 33710, 102.10059787348922, 102.10059787348922, 'SEARCH'
11, 33711, 102.07835775499676, 102.07835775499676, 'SEARCH'
11, 33712, 102.05885439783985, 102.05885439783985, 'SEARCH'
11, 33713, 102.07070559073948, 102.07070559073948, 'SEARCH'
11, 33714, 102.05159626319607, 102.05159626319607, 'SEARCH'
11, 33715, 102.03088844448911, 102.03088844448911, 'SEARCH'
11, 33716, 102.00703967401854, 102.00703967401854, 'SEARCH'
11, 33717, 101.98005251357506, 101.98005251357506, 'SEARCH'
11, 33718, 101.96420660319295, 101.96420660319295, 'SEARCH'
11, 33719, 101.93648019780876, 101.93648019780876, 'SEARCH'
11, 33720, 101.92437852963964, 101.92437852963964, 'SEARCH'
11, 33721, 101.92176122477485, 101.92176122477485, 'SEARCH'
11, 33722, 101.89772825693386, 101.89772825693386, 'SEARCH'
11, 33723, 101.88533839670824, 101.88533839670824, 'SEARCH'
11, 33724, 101.86081594177168, 101.86081594177168, 'SEARCH'
11, 33725, 101.85964462346992, 101.85964462346992, 'SEARCH'
11, 33726, 101.84753191082213, 101.84753191082213, 'SEARCH'
11, 33727, 101.82388560780818, 101.82388560780818, 'SEARCH'
11, 33728, 101.83316226636028, 101.83316226636028, 'SEARCH'
11, 33729, 101.8057814179277, 101.8057814179277, 'SEARCH'
11, 33730, 101.79993723078718, 101.79993723078718, 'SEARCH'
11, 33731, 101.79759283873915, 101.79759283873915, 'SEARCH'
11, 33732, 101.7934398967115, 101.7934398967115, 'SEARCH'
11, 33733, 101.76665184635638, 101.76665184635638, 'SEARCH'
11, 33734, 101.73980367633285, 101.73980367633285, 'SEARCH'
11, 33735, 101.72402341038666, 101.72402341038666, 'SEARCH'
11, 33736, 101.69767380930116, 101.69767380930116, 'SEARCH'
11, 33737, 101.70272793869674, 101.70272793869674, 'SEARCH'
11, 33738, 101.69525039361301, 101.69525039361301, 'SEARCH'
11, 33739, 101.67992144932458, 101.67992144932458, 'SEARCH'
11, 33740, 101.65884533637659, 101.65884533637659, 'SEARCH'
11, 33741, 101.63525307152295, 101.63525307152295, 'SEARCH'
11, 33742, 101.64001144847244, 101.64001144847244, 'SEARCH'
11, 33743, 101.6178232379668, 101.6178232379668, 'SEARCH'
11, 33744, 101.60912432290985, 101.60912432290985, 'SEARCH'
11, 33745, 101.58458821940654, 101.58458821940654, 'SEARCH'
11, 33746, 101.56503325381031, 101.56503325381031, 'SEARCH'
11, 33747, 101.54363359400587, 101.54363359400587, 'SEARCH'
11, 33748, 101.53131196339892, 101.53131196339892, 'SEARCH'
11, 33749, 101.51509651834304, 101.51509651834304, 'SEARCH'
11, 33750, 101.52889547390167, 101.52889547390167, 'SEARCH'
11, 33751, 101.505553452186, 101.505553452186, 'SEARCH'
11, 33752, 101.47991606024745, 101.47991606024745, 'SEARCH'
11, 33753, 101.48455899187287, 101.48455899187287, 'SEARCH'
11, 33754, 101.45925411492118, 101.45925411492118, 'SEARCH'
11, 33755, 101.43304685461592, 101.43304685461592, 'SEARCH'
11, 33756, 101.42113423655688, 101.42113423655688, 'SEARCH'
11, 33757, 101.39366678299021, 101.39366678299021, 'SEARCH'
11, 33758, 101.38882849553032, 101.38882849553032, 'SEARCH'
11, 33759, 101.37094414434641, 101.37094414434641, 'SEARCH'
11, 33760, 101.35659841452708, 101.35659841452708, 'SEARCH'
11, 33761, 101.32922975339983, 101.32922975339983, 'SEARCH'
11, 33762, 101.30149631430601, 101.30149631430601, 'SEARCH'
11, 33763, 101.31202842324909, 101.31202842324909, 'SEARCH'
11, 33764, 101.31259862460236, 101.31259862460236, 'SEARCH'
11, 33765, 101.28687082873117, 101.28687082873117, 'SEARCH'
11, 33766, 101.27976092977978, 101.27976092977978, 'SEARCH'
11, 33767, 101.26353679303605, 101.26353679303605, 'SEARCH'
11, 33768, 101.2672309158882, 101.2672309158882, 'SEARCH'
11, 33769, 101.2544042220807, 101.2544042220807, 'SEARCH'
11, 33770, 101.23128663630709, 101.23128663630709, 'SEARCH'
11, 33771, 101.23913922121923, 101.23913922121923, 'SEARCH'
11, 33772, 101.23299467316308, 101.23299467316308, 'SEARCH'
11, 33773, 101.22250006152434, 101.22250006152434, 'SEARCH'
11, 33774, 101.19602014461753, 101.19602014461753, 'SEARCH'
11, 33775, 101.17678705701996, 101.17678705701996, 'SEARCH'
11, 33776, 101.17371259058115, 101.17371259058115, 'SEARCH'
11, 33777, 101.1542406383045, 101.1542406383045, 'SEARCH'
11, 33778, 101.14596901664783, 101.14596901664783, 'SEARCH'
11, 33779, 101.12751030535264, 101.12751030535264, 'SEARCH'
11, 33780, 101.1001434976288, 101.1001434976288, 'SEARCH'
11, 33781, 101.08045865721704, 101.08045865721704, 'SEARCH'
11, 33782, 101.06558684673205, 101.06558684673205, 'SEARCH'
11, 33783, 101.07675953534444, 101.07675953534444, 'SEARCH'
11, 33784, 101.06068829705585, 101.06068829705585, 'SEARCH'
11, 33785, 101.07486529669501, 101.07486529669501, 'SEARCH'
11, 33786, 101.04795167188301, 101.04795167188301, 'SEARCH'
11, 33787, 101.02562931407691, 101.02562931407691, 'SEARCH'
11, 33788, 100.99877600598111, 100.99877600598111, 'SEARCH'
11, 33789, 100.99255525385186, 100.99255525385186, 'SEARCH'
11, 33790, 100.99345439073318, 100.99345439073318, 'SEARCH'
11, 33791, 100.98329898274096, 100.98329898274096, 'SEARCH'
11, 33792, 100.97566782540667, 100.97566782540667, 'SEARCH'
11, 33793, 100.9483610303564, 100.9483610303564, 'SEARCH'
11, 33794, 100.92916616969957, 100.92916616969957, 'SEARCH'
11, 33795, 100.91711923180357, 100.91711923180357, 'SEARCH'
11, 33796, 100.93195026100025, 100.93195026100025, 'SEARCH'
11, 33797, 100.90449345188567, 100.90449345188567, 'SEARCH'
11, 33798, 100.90985748938904, 100.90985748938904, 'SEARCH'
11, 33799, 100.88698155419861, 100.88698155419861, 'SEARCH'
11, 33800, 100.87829889914416, 100.87829889914416, 'SEARCH'
11, 33801, 100.85186093078562, 100.85186093078562, 'SEARCH'
11, 33802, 100.82490286550802, 100.82490286550802, 'SEARCH'
11, 33803, 100.7980869257381, 100.7980869257381, 'SEARCH'
11, 33804, 100.77033699076394, 100.77033699076394, 'SEARCH'
11, 33805, 100.7855892422526, 100.7855892422526, 'SEARCH'
11, 33806, 100.76140637567521, 100.76140637567521, 'SEARCH'
11, 33807, 100.74380965308987, 100.74380965308987, 'SEARCH'
11, 33808, 100.7228973872243, 100.7228973872243, 'SEARCH'
11, 33809, 100.73223795064997, 100.73223795064997, 'SEARCH'
11, 33810, 100.7424947289861, 100.7424947289861, 'SEARCH'
11, 33811, 100.74088503079633, 100.74088503079633, 'SEARCH'
11, 33812, 100.71639377703482, 100.71639377703482, 'SEARCH'
11, 33813, 100.70492579713424, 100.70492579713424, 'SEARCH'
11, 33814, 100.6965947440819, 100.6965947440819, 'SEARCH'
11, 33815, 100.69201196969068, 100.69201196969068, 'SEARCH'
11, 33816, 100.6721046623904, 100.6721046623904, 'SEARCH'
11, 33817, 100.65707454314247, 100.65707454314247, 'SEARCH'
11, 33818, 100.63063883060886, 100.63063883060886, 'SEARCH'
11, 33819, 100.60287372950692, 100.60287372950692, 'SEARCH'
11, 33820, 100.58177693079027, 100.58177693079027, 'SEARCH'
11, 33821, 100.55447394285463, 100.55447394285463, 'SEARCH'
11, 33822, 100.55035684197901, 100.55035684197901, 'SEARCH'
11, 33823, 100.52360200104023, 100.52360200104023, 'SEARCH'
11, 33824, 100.51560580997717, 100.51560580997717, 'SEARCH'
